PC1 PC2 PC3 
 0.0989902512 -1.2825832152 -0.7570494697  1.0000000000
 0.1425453399 -1.4335209976 -0.7092497207  1.0000000000
 0.1861004287 -1.5844587800 -0.6614499716  1.0000000000
 0.0293733280 -1.1309894534 -0.7790303053  1.0000000000
 0.1310018674 -1.4831776091 -0.6674975585  1.0000000000
 0.1600385942 -1.5838028006 -0.6356310581  1.0000000000
-0.0257252332 -1.0297082826 -0.7850778921  1.0000000000
-0.0112068713 -1.0800208735 -0.7691446435  1.0000000000
 0.0178298555 -1.1806460649 -0.7372781431  1.0000000000
 0.1049400329 -1.4825216297 -0.6416786450  1.0000000000
 0.1194583949 -1.5328342206 -0.6257453963  1.0000000000
-0.0372687058 -1.0793648941 -0.7433257299  1.0000000000
-0.0227503410 -1.1296774946 -0.7273924782  1.0000000000
-0.0082319790 -1.1799900856 -0.7114592296  1.0000000000
 0.0933965604 -1.5321782412 -0.5999264828  1.0000000000
-0.1068856290 -0.9277711323 -0.7653065655  1.0000000000
-0.0342938135 -1.1793341062 -0.6856403160  1.0000000000
 0.0237796372 -1.3805844795 -0.6219073183  1.0000000000
 0.0818530907 -1.5818348624 -0.5581743175  1.0000000000
 0.1544449033 -1.8333978266 -0.4785080712  1.0000000000
-0.0893923748 -1.0780529353 -0.6916879029  1.0000000000
 0.1138647069 -1.7824292564 -0.4686224063  1.0000000000
 0.0442477836 -1.6308354946 -0.4906032418  1.0000000000
 0.0732845104 -1.7314606861 -0.4587367414  1.0000000000
-0.1705527677 -0.9761157947 -0.6719165732  1.0000000000
-0.0398875016 -1.4289291419 -0.5285173260  1.0000000000
-0.0253691396 -1.4792417328 -0.5125840774  1.0000000000
-0.1966146022 -0.9754598153 -0.6460976597  1.0000000000
-0.1820962402 -1.0257724063 -0.6301644110  1.0000000000
-0.0949860628 -1.3276479710 -0.5345649129  1.0000000000
-0.2662315254 -0.8238660536 -0.6680784952  1.0000000000
-0.2226764367 -0.9748038360 -0.6202787461  1.0000000000
-0.1500846240 -1.2263668002 -0.5406124998  1.0000000000
-0.0774928086 -1.4779297740 -0.4609462503  1.0000000000
 0.0096173689 -1.7798053388 -0.3653467522  1.0000000000
 0.0386540956 -1.8804305303 -0.3334802518  1.0000000000
-0.2342199092 -1.0244604475 -0.5785265840  1.0000000000
-0.2197015473 -1.0747730384 -0.5625933353  1.0000000000
-0.3183551944 -0.8225540948 -0.6164406681  1.0000000000
-0.2893184705 -0.9231792766 -0.5845741708  1.0000000000
-0.1876899283 -1.2753674420 -0.4730414210  1.0000000000
-0.1150981156 -1.5269304062 -0.3933751746  1.0000000000
-0.1005797508 -1.5772430068 -0.3774419229  1.0000000000
-0.0860613889 -1.6275555977 -0.3615086742  1.0000000000
-0.0425063001 -1.7784933801 -0.3137089252  1.0000000000
-0.0279879382 -1.8288059710 -0.2977756765  1.0000000000
 0.0010487886 -1.9294311624 -0.2659091761  1.0000000000
 0.0155671506 -1.9797437534 -0.2499759274  1.0000000000
-0.3008619402 -0.9728358978 -0.5428220056  1.0000000000
-0.2718252163 -1.0734610796 -0.5109555082  1.0000000000
-0.2137517628 -1.2747114626 -0.4472225075  1.0000000000
-0.1701966741 -1.4256492450 -0.3994227584  1.0000000000
-0.1556783121 -1.4759618359 -0.3834895097  1.0000000000
-0.0830864966 -1.7275248098 -0.3038232603  1.0000000000
-0.0685681346 -1.7778374007 -0.2878900116  1.0000000000
-0.3269237747 -0.9721799184 -0.5170030921  1.0000000000
-0.2833686860 -1.1231177008 -0.4692033430  1.0000000000
-0.2688503240 -1.1734302917 -0.4532700943  1.0000000000
-0.2107768733 -1.3746806650 -0.3895370966  1.0000000000
-0.1962585086 -1.4249932656 -0.3736038449  1.0000000000
-0.0946299691 -1.7771814213 -0.2620710981  1.0000000000
-0.3529856092 -0.9715239391 -0.4911841785  1.0000000000
-0.3384672472 -1.0218365300 -0.4752509299  1.0000000000
-0.3239488853 -1.0721491209 -0.4593176812  1.0000000000
-0.2078019811 -1.4746498771 -0.3318516827  1.0000000000
-0.1061734417 -1.8268380328 -0.2203189359  1.0000000000
-0.3354923550 -1.1218057421 -0.4175655160  1.0000000000
-0.2629005423 -1.3733687063 -0.3378992696  1.0000000000
-0.2483821776 -1.4236813068 -0.3219660178  1.0000000000
-0.2193454536 -1.5243064887 -0.2900995205  1.0000000000
-0.1177169114 -1.8764946540 -0.1785667707  1.0000000000
-0.1031985494 -1.9268072449 -0.1626335220  1.0000000000
-0.3615541895 -1.1211497627 -0.3917466024  1.0000000000
-0.3470358275 -1.1714623536 -0.3758133538  1.0000000000
-0.3034807388 -1.3224001360 -0.3280136047  1.0000000000
-0.2599256501 -1.4733379184 -0.2802138557  1.0000000000
-0.2308889233 -1.5739631098 -0.2483473553  1.0000000000
-0.2163705614 -1.6242757008 -0.2324141066  1.0000000000
-0.4456894775 -0.9192434003 -0.4296606897  1.0000000000
-0.4166527507 -1.0198685918 -0.3977941893  1.0000000000
-0.3876160240 -1.1204937833 -0.3659276889  1.0000000000
-0.3585793000 -1.2211189651 -0.3340611916  1.0000000000
-0.3005058466 -1.4223693481 -0.2703281908  1.0000000000
-0.2714691226 -1.5229945299 -0.2384616935  1.0000000000
-0.2424323958 -1.6236197214 -0.2065951931  1.0000000000
-0.2279140339 -1.6739323123 -0.1906619444  1.0000000000
-0.2133956691 -1.7242449129 -0.1747286927  1.0000000000
-0.1408038564 -1.9758078771 -0.0950624463  1.0000000000
-0.3846411345 -1.2204629857 -0.3082422781  1.0000000000
-0.3701227698 -1.2707755863 -0.2923090263  1.0000000000
-0.3410860458 -1.3714007681 -0.2604425290  1.0000000000
-0.3120493191 -1.4720259596 -0.2285760286  1.0000000000
-0.2975309571 -1.5223385505 -0.2126427799  1.0000000000
-0.2684942303 -1.6229637420 -0.1807762796  1.0000000000
-0.2394575036 -1.7235889335 -0.1489097792  1.0000000000
-0.2249391416 -1.7739015244 -0.1329765305  1.0000000000
-0.1813840529 -1.9248393068 -0.0851767815  1.0000000000
-0.1668656909 -1.9751518977 -0.0692435328  1.0000000000
-0.3961846043 -1.2701196069 -0.2664901128  1.0000000000
-0.3526295156 -1.4210573893 -0.2186903638  1.0000000000
-0.3381111536 -1.4713699802 -0.2027571151  1.0000000000
-0.2510009761 -1.7732455450 -0.1071576170  1.0000000000
-0.1929275254 -1.9744959183 -0.0434246193  1.0000000000
-0.5093566162 -0.9675880628 -0.3362706974  1.0000000000
-0.4658015275 -1.1185258451 -0.2884709483  1.0000000000
-0.4367648035 -1.2191510270 -0.2566044510  1.0000000000
-0.4222464388 -1.2694636275 -0.2406711993  1.0000000000
-0.4077280768 -1.3197762184 -0.2247379506  1.0000000000
-0.3786913500 -1.4204014099 -0.1928714502  1.0000000000
-0.3496546261 -1.5210265917 -0.1610049529  1.0000000000
-0.5354184507 -0.9669320834 -0.3104517839  1.0000000000
-0.4918633620 -1.1178698658 -0.2626520348  1.0000000000
-0.4337899113 -1.3191202391 -0.1989190371  1.0000000000
-0.4192715493 -1.3694328300 -0.1829857884  1.0000000000
-0.4047531845 -1.4197454305 -0.1670525367  1.0000000000
-0.3611980958 -1.5706832129 -0.1192527877  1.0000000000
-0.3466797338 -1.6209958038 -0.1033195390  1.0000000000
-0.3321613719 -1.6713083948 -0.0873862903  1.0000000000
-0.3176430071 -1.7216209953 -0.0714530386  1.0000000000
-0.5469619232 -1.0165886949 -0.2686996217  1.0000000000
-0.4743701078 -1.2681516688 -0.1890333722  1.0000000000
-0.4017782951 -1.5197146330 -0.1093671259  1.0000000000
-0.3291864796 -1.7712776069 -0.0297008764  1.0000000000
-0.2856313909 -1.9222153892  0.0180988726  1.0000000000
-0.2420763022 -2.0731531716  0.0658986217  1.0000000000
-0.5730237577 -1.0159327155 -0.2428807082  1.0000000000
-0.5439870310 -1.1165579070 -0.2110142078  1.0000000000
-0.4859135803 -1.3178082803 -0.1472812101  1.0000000000
-0.4568768535 -1.4184334718 -0.1154147097  1.0000000000
-0.3988034028 -1.6196838451 -0.0516817119  1.0000000000
-0.3842850409 -1.6699964360 -0.0357484633  1.0000000000
-0.3697666761 -1.7203090366 -0.0198152116  1.0000000000
-0.2971748634 -1.9718720008  0.0598510348  1.0000000000
-0.6136039542 -0.9649641452 -0.2329950433  1.0000000000
-0.5700488655 -1.1159019276 -0.1851952943  1.0000000000
-0.5410121415 -1.2165271094 -0.1533287969  1.0000000000
-0.5264937768 -1.2668397100 -0.1373955452  1.0000000000
-0.4974570528 -1.3674648918 -0.1055290479  1.0000000000
-0.4393835993 -1.5687152748 -0.0417960471  1.0000000000
-0.3958285106 -1.7196530572  0.0060037020  1.0000000000
-0.6251474267 -1.0146207568 -0.1912428811  1.0000000000
-0.6106290648 -1.0649333477 -0.1753096325  1.0000000000
-0.5525556113 -1.2661837306 -0.1115766317  1.0000000000
-0.5235188873 -1.3668089124 -0.0797101343  1.0000000000
-0.5090005225 -1.4171215130 -0.0637768826  1.0000000000
-0.4944821606 -1.4674341039 -0.0478436340  1.0000000000
-0.4799637986 -1.5177466948 -0.0319103853  1.0000000000
-0.4218903451 -1.7189970778  0.0318226155  1.0000000000
-0.3347801677 -2.0208726426  0.1274221136  1.0000000000
-0.6802459880 -0.9133395859 -0.1972904680  1.0000000000
-0.6512092612 -1.0139647774 -0.1654239676  1.0000000000
-0.6221725345 -1.1145899689 -0.1335574672  1.0000000000
-0.5786174458 -1.2655277512 -0.0857577182  1.0000000000
-0.5350623570 -1.4164655336 -0.0379579691  1.0000000000
-0.5205439951 -1.4667781245 -0.0220247204  1.0000000000
-0.4769889063 -1.6177159069  0.0257750286  1.0000000000
-0.4624705444 -1.6680284978  0.0417082773  1.0000000000
-0.3753603669 -1.9699040626  0.1373077754  1.0000000000
-0.6917894577 -0.9629962071 -0.1555383027  1.0000000000
-0.6337160070 -1.1642465804 -0.0918053050  1.0000000000
-0.6191976450 -1.2145591713 -0.0758720564  1.0000000000
-0.6046792803 -1.2648717719 -0.0599388046  1.0000000000
-0.5901609183 -1.3151843628 -0.0440055560  1.0000000000
-0.4885323789 -1.6673725185  0.0675271908  1.0000000000
-0.4740140141 -1.7176851190  0.0834604425  1.0000000000
-0.7468880190 -0.8617150362 -0.1615858896  1.0000000000
-0.6888145683 -1.0629654095 -0.0978528919  1.0000000000
-0.6742962035 -1.1132780101 -0.0819196402  1.0000000000
-0.6452594795 -1.2139031919 -0.0500531428  1.0000000000
-0.5871860260 -1.4151535749  0.0136798579  1.0000000000
-0.5000758486 -1.7170291396  0.1092793560  1.0000000000
-0.4855574866 -1.7673417306  0.1252126047  1.0000000000
-0.4420023979 -1.9182795129  0.1730123538  1.0000000000
-0.7003580380 -1.1126220307 -0.0561007266  1.0000000000
-0.6858396760 -1.1629346216 -0.0401674780  1.0000000000
-0.6568029493 -1.2635598131 -0.0083009776  1.0000000000
-0.5987294986 -1.4648101864  0.0554320201  1.0000000000
-0.4971009591 -1.8169983421  0.1669647669  1.0000000000
-0.4825825944 -1.8673109427  0.1828980186  1.0000000000
-0.8280484147 -0.7597778860 -0.1418145630  1.0000000000
-0.8135300499 -0.8100904865 -0.1258813112  1.0000000000
-0.7554565992 -1.0113408598 -0.0621483135  1.0000000000
-0.7409382373 -1.0616534508 -0.0462150648  1.0000000000
-0.7119015105 -1.1622786422 -0.0143485645  1.0000000000
-0.6393096950 -1.4138416161  0.0653176850  1.0000000000
-0.5667178824 -1.6654045803  0.1449839314  1.0000000000
-0.5521995176 -1.7157171809  0.1609171831  1.0000000000
-0.5231627936 -1.8163423627  0.1927836804  1.0000000000
-0.5086444289 -1.8666549633  0.2087169321  1.0000000000
-0.8686286112 -0.7088093157 -0.1319288981  1.0000000000
-0.8395918844 -0.8094345072 -0.1000623977  1.0000000000
-0.6798898943 -1.3628730361  0.0752033468  1.0000000000
-0.6653715295 -1.4131856367  0.0911365985  1.0000000000
-0.6508531676 -1.4634982276  0.1070698472  1.0000000000
-0.6363348056 -1.5138108185  0.1230030958  1.0000000000
-0.8656537189 -0.8087785278 -0.0742434842  1.0000000000
-0.7204700908 -1.3119044659  0.0850890116  1.0000000000
-0.6914333640 -1.4125296573  0.1169555120  1.0000000000
-0.6623966401 -1.5131548392  0.1488220094  1.0000000000
-0.6188415514 -1.6640926215  0.1966217584  1.0000000000
-0.8917155534 -0.8081225484 -0.0484245707  1.0000000000
-0.8046053760 -1.1099981132  0.0471749274  1.0000000000
-0.7320135633 -1.3615610774  0.1268411738  1.0000000000
-0.6739401098 -1.5628114603  0.1905741746  1.0000000000
-1.6146587991  1.6075379202 -0.7874016328  1.0000000000
-1.6001404455  1.5572253583 -0.7714683933  1.0000000000
-1.5711037104  1.4566001379 -0.7396018838  1.0000000000
-0.9322957527 -0.7571539684 -0.0385389089  1.0000000000
-0.9177773879 -0.8074665690 -0.0226056571  1.0000000000
-0.8887406640 -0.9080917508  0.0092608402  1.0000000000
-0.8597039372 -1.0087169423  0.0411273406  1.0000000000
-0.8451855753 -1.0590295332  0.0570605892  1.0000000000
-0.8161488485 -1.1596547247  0.0889270896  1.0000000000
-0.7580753978 -1.3609050980  0.1526600874  1.0000000000
-0.7435570330 -1.4112176986  0.1685933391  1.0000000000
-0.6274101316 -1.8137184452  0.2960593345  1.0000000000
-1.5536104562  1.3063183349 -0.6659832212  1.0000000000
-1.5390921026  1.2560057729 -0.6500499817  1.0000000000
-0.7551005056 -1.4608743101  0.2103455013  1.0000000000
-0.6825086901 -1.7124372840  0.2900117507  1.0000000000
-1.6667824681  1.6088498790 -0.7357638058  1.0000000000
-1.0424928724 -0.5545916364 -0.0506340795  1.0000000000
-0.9699010569 -0.8061546102  0.0290321699  1.0000000000
-0.9263459682 -0.9570923926  0.0768319190  1.0000000000
-0.8973092443 -1.0577175745  0.1086984163  1.0000000000
-0.7956807020 -1.4099057398  0.2202311661  1.0000000000
-0.6940521626 -1.7620938955  0.3317639129  1.0000000000
-0.6795338006 -1.8124064864  0.3476971616  1.0000000000
-1.7073626841  1.6598185169 -0.7258781623  1.0000000000
-1.6928443026  1.6095058584 -0.7099448923  1.0000000000
-1.1266281576 -0.3526852837 -0.0885481637  1.0000000000
-1.0685547069 -0.5539356570 -0.0248151660  1.0000000000
-0.9378894407 -1.0067490042  0.1185840811  1.0000000000
-0.9233710788 -1.0570615951  0.1345173298  1.0000000000
-0.9088527140 -1.1073741956  0.1504505815  1.0000000000
-0.8798159900 -1.2079993775  0.1823170789  1.0000000000
-0.7491507239 -1.6608127246  0.3257163260  1.0000000000
-1.7479428722  1.7107870582 -0.7159924883  1.0000000000
-1.6753510484  1.4592240554 -0.6363262297  1.0000000000
-1.6608326948  1.4089114935 -0.6203929902  1.0000000000
-1.6172776061  1.2579737111 -0.5725932411  1.0000000000
-1.5882408710  1.1573484906 -0.5407267316  1.0000000000
-1.5446857822  1.0064107082 -0.4929269825  1.0000000000
-1.5301674286  0.9560981463 -0.4769937430  1.0000000000
-1.5156490750  0.9057855844 -0.4610605035  1.0000000000
-1.2543185427  0.0001588900 -0.1742620092  1.0000000000
-1.2398001612 -0.0501537685 -0.1583287391  1.0000000000
-1.0946165414 -0.5532796776  0.0010037475  1.0000000000
-1.0510614527 -0.7042174600  0.0488034966  1.0000000000
-1.0365430907 -0.7545300509  0.0647367452  1.0000000000
-0.9639512752 -1.0060930248  0.1444029947  1.0000000000
-0.9058778245 -1.2073433981  0.2081359924  1.0000000000
-0.8913594598 -1.2576559987  0.2240692441  1.0000000000
-0.8623227358 -1.3582811805  0.2559357414  1.0000000000
-0.8478043710 -1.4085937810  0.2718689932  1.0000000000
-0.8042492823 -1.5595315634  0.3196687422  1.0000000000
-1.7159312644  1.5101926933 -0.6264405862  1.0000000000
-1.3239354659  0.1517526518 -0.1962428448  1.0000000000
-1.2803803772  0.0008148694 -0.1484430957  1.0000000000
-1.2513436421 -0.0998103511 -0.1165765861  1.0000000000
-1.1787518266 -0.3513733249 -0.0369103367  1.0000000000
-1.0626049252 -0.7538740715  0.0905556587  1.0000000000
-0.9900131097 -1.0054370454  0.1702219082  1.0000000000
-0.9754947478 -1.0557496363  0.1861551569  1.0000000000
-0.8448294816 -1.5085629835  0.3295544040  1.0000000000
-1.8145848949  1.7624115789 -0.6802879007  1.0000000000
-1.7710298061  1.6114737965 -0.6324881517  1.0000000000
-1.6984380102  1.3599108903 -0.5528219237  1.0000000000
-1.6839196287  1.3095982318 -0.5368886536  1.0000000000
-1.6694012751  1.2592856698 -0.5209554141  1.0000000000
-1.6258461863  1.1083478874 -0.4731556650  1.0000000000
-1.5822910976  0.9574101051 -0.4253559160  1.0000000000
-1.5532543625  0.8567848846 -0.3934894064  1.0000000000
-1.4371074778  0.4542841960 -0.2660234293  1.0000000000
-1.4225890964  0.4039715374 -0.2500901593  1.0000000000
-1.3064422117  0.0014708488 -0.1226241822  1.0000000000
-1.2774054766 -0.0991543717 -0.0907576726  1.0000000000
-1.2628871230 -0.1494669336 -0.0748244331  1.0000000000
-1.2193320342 -0.3004047160 -0.0270246841  1.0000000000
-1.1902952991 -0.4010299365  0.0048418255  1.0000000000
-1.1757769371 -0.4513425274  0.0207750742  1.0000000000
-1.1177034837 -0.6525929103  0.0845080749  1.0000000000
-1.0886667597 -0.7532180921  0.1163745723  1.0000000000
-1.0596300330 -0.8538432836  0.1482410727  1.0000000000
-1.0451116710 -0.9041558745  0.1641743213  1.0000000000
-0.9870382175 -1.1054062575  0.2279073221  1.0000000000
-0.9580014935 -1.2060314393  0.2597738194  1.0000000000
-0.9144464048 -1.3569692217  0.3075735685  1.0000000000
-0.8854096781 -1.4575944132  0.3394400689  1.0000000000
-0.8563729513 -1.5582196047  0.3713065693  1.0000000000
-1.7099814632  1.3102542111 -0.5110697401  1.0000000000
-1.6954631096  1.2599416492 -0.4951365006  1.0000000000
-1.6664263745  1.1593164288 -0.4632699910  1.0000000000
-1.6228712857  1.0083786464 -0.4154702420  1.0000000000
-1.5357611083  0.7065030816 -0.3198707438  1.0000000000
-1.5212427547  0.6561905197 -0.3039375044  1.0000000000
-1.4050958421  0.2536897344 -0.1764714967  1.0000000000
-1.3760591349  0.1530646106 -0.1446050177  1.0000000000
-1.3325040462  0.0021268282 -0.0968052687  1.0000000000
-1.2599122223 -0.2494361747 -0.0171390100  1.0000000000
-1.2453938687 -0.2997487366 -0.0012057705  1.0000000000
-1.1873204069 -0.5009991486  0.0625272394  1.0000000000
-1.1437653182 -0.6519369309  0.1103269885  1.0000000000
-1.1292469562 -0.7022495219  0.1262602371  1.0000000000
-1.0276184168 -1.0544376775  0.2377929839  1.0000000000
-1.0131000520 -1.1047502781  0.2537262356  1.0000000000
-0.9840633280 -1.2053754599  0.2855927330  1.0000000000
-0.8824347858 -1.5575636253  0.3971254828  1.0000000000
-1.7505616792  1.3612228491 -0.5011840966  1.0000000000
-1.7360432977  1.3109101905 -0.4852508265  1.0000000000
-1.6924882090  1.1599724081 -0.4374510775  1.0000000000
-1.6489331202  1.0090346258 -0.3896513284  1.0000000000
-1.6344147666  0.9587220638 -0.3737180889  1.0000000000
-1.5908596779  0.8077842814 -0.3259183399  1.0000000000
-1.5618229428  0.7071590610 -0.2940518303  1.0000000000
-1.5182678541  0.5562212786 -0.2462520813  1.0000000000
-1.4311576766  0.2543457138 -0.1506525832  1.0000000000
-1.3150107920 -0.1481549748 -0.0231866061  1.0000000000
-1.2859740568 -0.2487801953  0.0086799035  1.0000000000
-1.1988638794 -0.5506557601  0.1042794016  1.0000000000
-1.1843455174 -0.6009683510  0.1202126503  1.0000000000
-1.1407904287 -0.7519061334  0.1680123993  1.0000000000
-1.0827169752 -0.9531565163  0.2317454001  1.0000000000
-1.0681986132 -1.0034691073  0.2476786488  1.0000000000
-1.0246435245 -1.1544068896  0.2954783978  1.0000000000
-1.0101251625 -1.2047194806  0.3114116465  1.0000000000
-0.9956067978 -1.2550320811  0.3273448982  1.0000000000
-0.9665700738 -1.3556572629  0.3592113955  1.0000000000
-1.8492153096  1.6134417347 -0.5550314111  1.0000000000
-1.7911418673  1.4121913904 -0.4912984226  1.0000000000
-1.7330684250  1.2109410461 -0.4275654340  1.0000000000
-1.7185500435  1.1606283875 -0.4116321640  1.0000000000
-1.6749949547  1.0096906051 -0.3638324149  1.0000000000
-1.6604766011  0.9593780432 -0.3478991754  1.0000000000
-1.6459582475  0.9090654813 -0.3319659359  1.0000000000
-1.6169215124  0.8084402608 -0.3000994264  1.0000000000
-1.6024031588  0.7581276989 -0.2841661869  1.0000000000
-1.5298113350  0.5065646960 -0.2044999283  1.0000000000
-1.5152929813  0.4562521341 -0.1885666888  1.0000000000
-1.4281828039  0.1543765693 -0.0929671907  1.0000000000
-1.3701093337 -0.0468738716 -0.0292341715  1.0000000000
-1.3265542450 -0.1978116540  0.0185655775  1.0000000000
-1.2975175377 -0.2984367778  0.0504320565  1.0000000000
-1.2829991646 -0.3487494074  0.0663653174  1.0000000000
-1.2394440759 -0.4996871898  0.1141650665  1.0000000000
-1.2249257139 -0.5499997807  0.1300983151  1.0000000000
-1.0942604477 -1.0028131279  0.2734975623  1.0000000000
-1.0797420858 -1.0531257188  0.2894308109  1.0000000000
-1.0507053590 -1.1537509103  0.3212973113  1.0000000000
-1.0216686323 -1.2543761017  0.3531638117  1.0000000000
-1.0071502703 -1.3046886926  0.3690970604  1.0000000000
-0.9926319083 -1.3550012836  0.3850303091  1.0000000000
-1.9478689680  1.8656607169 -0.6088787562  1.0000000000
-1.9333506143  1.8153481550 -0.5929455167  1.0000000000
-1.8462404369  1.5134725902 -0.4973460186  1.0000000000
-1.7300935243  1.1109718050 -0.3698800110  1.0000000000
-1.7155751707  1.0606592430 -0.3539467715  1.0000000000
-1.7010567892  1.0103465845 -0.3380135014  1.0000000000
-1.6429833469  0.8090962402 -0.2742805128  1.0000000000
-1.6139466118  0.7084710197 -0.2424140033  1.0000000000
-1.5994282582  0.6581584578 -0.2264807638  1.0000000000
-1.5558731695  0.5072206754 -0.1786810147  1.0000000000
-1.5413548158  0.4569081135 -0.1627477752  1.0000000000
-1.4252079033  0.0544073282 -0.0352817676  1.0000000000
-1.3961711682 -0.0462178922 -0.0034152580  1.0000000000
-1.2945426371 -0.3984060189  0.1081174796  1.0000000000
-1.2800242751 -0.4487186098  0.1240507283  1.0000000000
-1.2655059104 -0.4990312104  0.1399839800  1.0000000000
-1.2364691864 -0.5996563922  0.1718504773  1.0000000000
-1.1638773710 -0.8512193661  0.2515167267  1.0000000000
-1.1203222822 -1.0021571485  0.2993164758  1.0000000000
-1.1058039203 -1.0524697394  0.3152497245  1.0000000000
-1.0622488315 -1.2034075218  0.3630494735  1.0000000000
-1.0041753780 -1.4046579047  0.4267824743  1.0000000000
-0.9751386541 -1.5052830866  0.4586489716  1.0000000000
-1.9013389786  1.6147536935 -0.5033935841  1.0000000000
-1.7706737125  1.1619403463 -0.3599943369  1.0000000000
-1.7561553588  1.1116277844 -0.3440610974  1.0000000000
-1.5238615616  0.3066263105 -0.0891291127  1.0000000000
-1.4512697378  0.0550633076 -0.0094628541  1.0000000000
-1.3931962955 -0.1461870367  0.0542701345  1.0000000000
-1.3786779140 -0.1964996952  0.0702034046  1.0000000000
-1.3206044716 -0.3977500395  0.1339363931  1.0000000000
-1.2915677449 -0.4983752310  0.1658028935  1.0000000000
-1.2770493829 -0.5486878219  0.1817361422  1.0000000000
-1.2480126562 -0.6493130134  0.2136026426  1.0000000000
-1.2334942942 -0.6996256043  0.2295358912  1.0000000000
-1.2189759322 -0.7499381952  0.2454691399  1.0000000000
-1.1899392055 -0.8505633867  0.2773356403  1.0000000000
-1.1173473900 -1.1021263606  0.3570018897  1.0000000000
-1.1028290280 -1.1524389515  0.3729351384  1.0000000000
-1.0737923013 -1.2530641430  0.4048016388  1.0000000000
-1.0302372125 -1.4040019254  0.4526013878  1.0000000000
-1.9709559019  1.7663474552 -0.5253744196  1.0000000000
-1.9564375482  1.7160348933 -0.5094411801  1.0000000000
-1.8112539285  1.2129089842 -0.3501086935  1.0000000000
-1.7967355470  1.1625963257 -0.3341754234  1.0000000000
-1.7822171933  1.1122837637 -0.3182421839  1.0000000000
-1.7531804582  1.0116585433 -0.2863756743  1.0000000000
-1.6805886623  0.7600956370 -0.2067094463  1.0000000000
-1.5354050146  0.2569696313 -0.0473769291  1.0000000000
-1.5063683074  0.1563445075 -0.0155104501  1.0000000000
-1.4628132187  0.0054067251  0.0322892990  1.0000000000
-1.4337764836 -0.0952184954  0.0641558085  1.0000000000
-1.3757030412 -0.2964688397  0.1278887971  1.0000000000
-1.3031112174 -0.5480318425  0.2075550557  1.0000000000
-1.2885928554 -0.5983444335  0.2234883043  1.0000000000
-1.2740744907 -0.6486570340  0.2394215561  1.0000000000
-1.2305194019 -0.7995948164  0.2872213051  1.0000000000
-1.1724459512 -1.0008451897  0.3509543028  1.0000000000
-1.1579275893 -1.0511577806  0.3668875515  1.0000000000
-1.1143725005 -1.2020955630  0.4146873006  1.0000000000
-1.9824993827  1.7166908727 -0.4836222666  1.0000000000
-1.8953892053  1.4148153079 -0.3880227685  1.0000000000
-1.8518341166  1.2638775255 -0.3402230194  1.0000000000
-1.8373157630  1.2135649636 -0.3242897800  1.0000000000
-1.7937606742  1.0626271812 -0.2764900309  1.0000000000
-1.7211688504  0.8110641783 -0.1968237723  1.0000000000
-1.7066504968  0.7607516164 -0.1808905328  1.0000000000
-1.6921321153  0.7104389579 -0.1649572627  1.0000000000
-1.6630954081  0.6098138340 -0.1330907837  1.0000000000
-1.6485770266  0.5595011755 -0.1171575137  1.0000000000
-1.6340586730  0.5091886136 -0.1012242742  1.0000000000
-1.6195403193  0.4588760516 -0.0852910347  1.0000000000
-1.5469484955  0.2073130488 -0.0056247761  1.0000000000
-1.5033934068  0.0563752664  0.0421749730  1.0000000000
-1.4162832293 -0.2455002984  0.1377744711  1.0000000000
-1.3727281406 -0.3964380808  0.1855742202  1.0000000000
-1.3582097786 -0.4467506717  0.2015074688  1.0000000000
-1.3146546899 -0.5976884541  0.2493072179  1.0000000000
-1.2710996012 -0.7486262365  0.2971069669  1.0000000000
-1.2420628745 -0.8492514279  0.3289734673  1.0000000000
-1.1985077857 -1.0001892103  0.3767732164  1.0000000000
-1.1404343350 -1.2014395836  0.4405062141  1.0000000000
-2.0085612172  1.7173468521 -0.4578033531  1.0000000000
-1.9214510398  1.4154712873 -0.3622038550  1.0000000000
-1.8778959511  1.2645335049 -0.3144041059  1.0000000000
-1.8633775975  1.2142209430 -0.2984708664  1.0000000000
-1.8488592160  1.1639082844 -0.2825375963  1.0000000000
-1.7617490385  0.8620327197 -0.1869380982  1.0000000000
-1.7327123313  0.7614075958 -0.1550716193  1.0000000000
-1.6891572426  0.6104698134 -0.1072718702  1.0000000000
-1.6456021538  0.4595320310 -0.0594721212  1.0000000000
-1.6310837723  0.4092193725 -0.0435388511  1.0000000000
-1.6165654187  0.3589068106 -0.0276056116  1.0000000000
-1.5439735949  0.1073438077  0.0520606470  1.0000000000
-1.5004185062 -0.0435939747  0.0998603961  1.0000000000
-1.4713817989 -0.1442190985  0.1317268751  1.0000000000
-1.4423450638 -0.2448443190  0.1635933846  1.0000000000
-1.3407165244 -0.5970324747  0.2751261314  1.0000000000
-1.3116797977 -0.6976576662  0.3069926318  1.0000000000
-1.2971614357 -0.7479702571  0.3229258804  1.0000000000
-1.2826430709 -0.7982828577  0.3388591322  1.0000000000
-1.2100512583 -1.0498458219  0.4185253786  1.0000000000
-2.0491414054  1.7683153934 -0.4479176790  1.0000000000
-1.9475128743  1.4161272667 -0.3363849414  1.0000000000
-1.9184761392  1.3155020462 -0.3045184319  1.0000000000
-1.9039577856  1.2651894843 -0.2885851924  1.0000000000
-1.8749210505  1.1645642638 -0.2567186828  1.0000000000
-1.8604026968  1.1142517019 -0.2407854433  1.0000000000
-1.8313659617  1.0136264814 -0.2089189338  1.0000000000
-1.8168476081  0.9633139195 -0.1929856943  1.0000000000
-1.7732925194  0.8123761371 -0.1451859452  1.0000000000
-1.7587741658  0.7620635752 -0.1292527057  1.0000000000
-1.6571456068  0.4098753519 -0.0177199376  1.0000000000
-1.6281088996  0.3092502280  0.0141465414  1.0000000000
-1.6135905181  0.2589375695  0.0300798115  1.0000000000
-1.5555170758  0.0576872252  0.0938128000  1.0000000000
-1.5119619871 -0.0932505572  0.1416125491  1.0000000000
-1.4684068983 -0.2441883396  0.1894122981  1.0000000000
-1.2651498167 -0.9485646607  0.4124777947  1.0000000000
-1.2215947280 -1.0995024431  0.4602775438  1.0000000000
-2.0606848862  1.7186588108 -0.4061655260  1.0000000000
-1.9880930624  1.4670958080 -0.3264992674  1.0000000000
-1.9590563552  1.3664706841 -0.2946327884  1.0000000000
-1.9445379737  1.3161580256 -0.2786995184  1.0000000000
-1.9009828850  1.1652202432 -0.2308997693  1.0000000000
-1.8864645313  1.1149076813 -0.2149665298  1.0000000000
-1.8719461777  1.0645951193 -0.1990332903  1.0000000000
-1.7122441765  0.5111565517 -0.0237675336  1.0000000000
-1.6832074413  0.4105313313  0.0080989760  1.0000000000
-1.6541707341  0.3099062074  0.0399654549  1.0000000000
-1.6396523526  0.2595935489  0.0558987250  1.0000000000
-1.5960972639  0.1086557665  0.1036984741  1.0000000000
-1.5670605567  0.0080306426  0.1355649530  1.0000000000
-1.5380238216 -0.0925945778  0.1674314626  1.0000000000
-1.4799503792 -0.2938449222  0.2311644512  1.0000000000
-1.3638034667 -0.6963457074  0.3586304588  1.0000000000
-1.3057300160 -0.8975960807  0.4223634565  1.0000000000
-1.2766932892 -0.9982212722  0.4542299569  1.0000000000
-1.2621749273 -1.0485338631  0.4701632056  1.0000000000
-1.2476565625 -1.0988464637  0.4860964573  1.0000000000
-2.0141548969  1.4677517874 -0.3006803539  1.0000000000
-1.9125263658  1.1155636607 -0.1891476163  1.0000000000
-1.8689712771  0.9646258783 -0.1413478672  1.0000000000
-1.8544529235  0.9143133163 -0.1254146278  1.0000000000
-1.8254161884  0.8136880959 -0.0935481182  1.0000000000
-1.8108978348  0.7633755339 -0.0776148787  1.0000000000
-1.7963794533  0.7130628754 -0.0616816086  1.0000000000
-1.7383060110  0.5118125311  0.0020513799  1.0000000000
-1.7237876573  0.4614999692  0.0179846194  1.0000000000
-1.7092692758  0.4111873106  0.0339178895  1.0000000000
-1.6802325686  0.3105621868  0.0657843685  1.0000000000
-1.6366774799  0.1596244044  0.1135841175  1.0000000000
-1.6076407448  0.0589991839  0.1454506271  1.0000000000
-1.5786040097 -0.0416260365  0.1773171366  1.0000000000
-1.5495673024 -0.1422511604  0.2091836156  1.0000000000
-1.5350489210 -0.1925638189  0.2251168857  1.0000000000
-1.5060122137 -0.2931889428  0.2569833647  1.0000000000
-1.4914938406 -0.3435015723  0.2729166256  1.0000000000
-1.4769754786 -0.3938141632  0.2888498742  1.0000000000
-1.4624571166 -0.4441267542  0.3047831229  1.0000000000
-1.4334203899 -0.5447519456  0.3366496233  1.0000000000
-1.4189020279 -0.5950645365  0.3525828720  1.0000000000
-1.3753469392 -0.7460023189  0.4003826210  1.0000000000
-1.2156449463 -1.2994408576  0.5756483686  1.0000000000
-1.9966616427  1.3174699844 -0.2270616913  1.0000000000
-1.9821432891  1.2671574224 -0.2111284518  1.0000000000
-1.9385882003  1.1162196400 -0.1633287028  1.0000000000
-1.7788861991  0.5627810724  0.0119370540  1.0000000000
-1.7498494918  0.4621559485  0.0438035329  1.0000000000
-1.7208127567  0.3615307281  0.0756700425  1.0000000000
-1.6772576680  0.2105929457  0.1234697915  1.0000000000
-1.6191842257  0.0093426014  0.1872027801  1.0000000000
-1.5175556751 -0.3428455930  0.2987355391  1.0000000000
-1.4885189511 -0.4434707748  0.3306020364  1.0000000000
-1.4740005864 -0.4937833753  0.3465352882  1.0000000000
-1.3288169582 -0.9969093134  0.5058677840  1.0000000000
-2.0517602123  1.4187511842 -0.2331092874  1.0000000000
-1.9791683885  1.1671881813 -0.1534430287  1.0000000000
-1.9646500348  1.1168756194 -0.1375097893  1.0000000000
-1.9501316812  1.0665630575 -0.1215765498  1.0000000000
-1.9210949461  0.9659378370 -0.0897100402  1.0000000000
-1.8775398574  0.8150000546 -0.0419102911  1.0000000000
-1.8485031223  0.7143748342 -0.0100437816  1.0000000000
-1.7613929448  0.4124992694  0.0855557165  1.0000000000
-1.6307276787 -0.0403140778  0.2289549637  1.0000000000
-1.5871725900 -0.1912518602  0.2767547127  1.0000000000
-1.5436175096 -0.3421896136  0.3245544526  1.0000000000
-1.5145807856 -0.4428147954  0.3564209500  1.0000000000
-1.5000624209 -0.4931273960  0.3723542017  1.0000000000
-1.3548787927 -0.9962533340  0.5316866975  1.0000000000
-1.3113237040 -1.1471911164  0.5794864466  1.0000000000
-2.1504138706  1.6709701664 -0.2869566325  1.0000000000
-2.1358954891  1.6206575079 -0.2710233624  1.0000000000
-2.1213771355  1.5703449460 -0.2550901229  1.0000000000
-2.0633036932  1.3690946017 -0.1913571343  1.0000000000
-2.0197486044  1.2181568193 -0.1435573853  1.0000000000
-2.0052302230  1.1678441607 -0.1276241152  1.0000000000
-1.8600466032  0.6647182516  0.0317083714  1.0000000000
-1.8455282496  0.6144056897  0.0476416109  1.0000000000
-1.8310098681  0.5640930312  0.0635748810  1.0000000000
-1.8164915145  0.5137804692  0.0795081205  1.0000000000
-1.7874547793  0.4131552488  0.1113746301  1.0000000000
-1.7438996906  0.2622174664  0.1591743791  1.0000000000
-1.7293813370  0.2119049045  0.1751076186  1.0000000000
-1.7003446019  0.1112796840  0.2069741282  1.0000000000
-1.6567895132 -0.0396580984  0.2547738772  1.0000000000
-1.5841977172 -0.2912210046  0.3344401052  1.0000000000
-1.5261242554 -0.4924714166  0.3981731152  1.0000000000
-1.5116058934 -0.5427840075  0.4141063639  1.0000000000
-1.4825691667 -0.6434091990  0.4459728643  1.0000000000
-1.3664222653 -1.0459099456  0.5734388597  1.0000000000
-2.0893655277  1.3697505810 -0.1655382208  1.0000000000
-2.0603287926  1.2691253606 -0.1336717113  1.0000000000
-1.9732186151  0.9672497958 -0.0380722132  1.0000000000
-1.9587002615  0.9169372339 -0.0221389737  1.0000000000
-1.9441818800  0.8666245753 -0.0062057036  1.0000000000
-1.9296635264  0.8163120134  0.0097275359  1.0000000000
-1.8715900841  0.6150616691  0.0734605244  1.0000000000
-1.8280349953  0.4641238867  0.1212602735  1.0000000000
-1.8135166138  0.4138112282  0.1371935436  1.0000000000
-1.6973697292  0.0113105395  0.2646595207  1.0000000000
-1.6828513477 -0.0390021190  0.2805927907  1.0000000000
-1.5957411786 -0.3408776548  0.3761922797  1.0000000000
-1.5376677279 -0.5421280281  0.4399252774  1.0000000000
-1.5231493659 -0.5924406190  0.4558585260  1.0000000000
-1.4360391885 -0.8943161838  0.5514580242  1.0000000000
-1.3924840998 -1.0452539662  0.5992577732  1.0000000000
-2.1299457158  1.4207191223 -0.1556525468  1.0000000000
-2.0863906271  1.2697813400 -0.1078527977  1.0000000000
-2.0573538920  1.1691561195 -0.0759862882  1.0000000000
-2.0283171847  1.0685309956 -0.0441198092  1.0000000000
-1.9847620960  0.9175932132  0.0036799399  1.0000000000
-1.9121702722  0.6660302104  0.0833461985  1.0000000000
-1.8831335371  0.5654049899  0.1152127080  1.0000000000
-1.8540968298  0.4647798661  0.1470791870  1.0000000000
-1.8395784483  0.4144672075  0.1630124571  1.0000000000
-1.7815050060  0.2132168632  0.2267454456  1.0000000000
-1.7669866524  0.1629043013  0.2426786851  1.0000000000
-1.7524682709  0.1125916428  0.2586119552  1.0000000000
-1.7234315637  0.0119665189  0.2904784342  1.0000000000
-1.5927662891 -0.4408468572  0.4338776905  1.0000000000
-1.5782479244 -0.4911594578  0.4498109422  1.0000000000
-1.4621010230 -0.8936602044  0.5772769377  1.0000000000
-2.0834157265  1.1698120989 -0.0501673747  1.0000000000
-1.9817871954  0.8176239722  0.0613653629  1.0000000000
-1.9382321067  0.6666861898  0.1091651120  1.0000000000
-1.9237137531  0.6163736278  0.1250983515  1.0000000000
-1.9091953716  0.5660609693  0.1410316216  1.0000000000
-1.8220851941  0.2641854045  0.2366311197  1.0000000000
-1.7930484869  0.1635602807  0.2684975986  1.0000000000
-1.7785301054  0.1132476221  0.2844308687  1.0000000000
-1.7349750167 -0.0376901602  0.3322306178  1.0000000000
-1.7204566631 -0.0880027222  0.3481638573  1.0000000000
-1.7059383094 -0.1383152841  0.3640970968  1.0000000000
-1.6769015743 -0.2389405046  0.3959636063  1.0000000000
-2.0804408537  1.0698429544  0.0075180178  1.0000000000
-2.0514041186  0.9692177339  0.0393845274  1.0000000000
-1.8481470286  0.2648413839  0.2624500332  1.0000000000
-1.9177639518  0.4164351457  0.2404691977  1.0000000000
-1.8887272446  0.3158100218  0.2723356766  1.0000000000
-1.8451721559  0.1648722394  0.3201354257  1.0000000000
-1.8306537744  0.1145595809  0.3360686958  1.0000000000
-1.8161354208  0.0642470190  0.3520019353  1.0000000000
-1.7580619784 -0.1370033253  0.4157349238  1.0000000000
-2.1616012300  1.1717800370  0.0272893659  1.0000000000
-2.1035277876  0.9705296927  0.0910223545  1.0000000000
-2.0309359638  0.7189666899  0.1706886131  1.0000000000
-2.0164176102  0.6686541279  0.1866218526  1.0000000000
-1.9583441678  0.4674037836  0.2503548411  1.0000000000
-2.1005528870  0.8705604516  0.1487077775  1.0000000000
-2.0715161798  0.7699353278  0.1805742565  1.0000000000
-1.9698876208  0.4177471045  0.2921070247  1.0000000000
 2.2192932747 -0.2648400545 -0.4155041137  2.0000000000
 2.2222681670 -0.3648092666 -0.3578186997  2.0000000000
 2.0074676128  0.2899104429 -0.5391320342  2.0000000000
 2.1236145170 -0.1125903133 -0.4116660357  2.0000000000
 2.1381328790 -0.1629029042 -0.3957327870  2.0000000000
 2.1962063325 -0.3641532872 -0.3319997862  2.0000000000
 2.2978348719 -0.7163414429 -0.2204670395  2.0000000000
 2.3704266873 -0.9679044168 -0.1408007900  2.0000000000
 2.4575368648 -1.2697799815 -0.0452012919  2.0000000000
 1.9378506812  0.4415042337 -0.5611128789  2.0000000000
 2.0249608670  0.1396286399 -0.4655133716  2.0000000000
 2.0685159557 -0.0113091425 -0.4177136225  2.0000000000
 2.2427363106 -0.6150602720 -0.2265146263  2.0000000000
 2.3008097641 -0.8163106550 -0.1627816255  2.0000000000
 2.3443648528 -0.9672484374 -0.1149818765  2.0000000000
 2.4459933923 -1.3194365931 -0.0034491297  2.0000000000
 1.8972704931  0.4924727750 -0.5512272048  2.0000000000
 1.9117888467  0.4421602131 -0.5352939654  2.0000000000
 1.9553439438  0.2912224017 -0.4874942071  2.0000000000
 2.0134173973  0.0899720187 -0.4237612063  2.0000000000
 2.0424541212 -0.0106531631 -0.3918947090  2.0000000000
 2.0860092100 -0.1615909455 -0.3440949600  2.0000000000
 2.1005275747 -0.2119035460 -0.3281617082  2.0000000000
 2.2311928409 -0.6647168932 -0.1847624611  2.0000000000
 2.3908948310 -1.2181554222 -0.0094967166  2.0000000000
 1.9002453853  0.3925035629 -0.4935417909  2.0000000000
 1.9292821093  0.2918783811 -0.4616752936  2.0000000000
 1.9583188360  0.1912531896 -0.4298087932  2.0000000000
 2.0163922867 -0.0099971837 -0.3660757955  2.0000000000
 2.0454290135 -0.1106223752 -0.3342092951  2.0000000000
 2.1760942797 -0.5634357224 -0.1908100479  2.0000000000
 2.2196493684 -0.7143735047 -0.1430102989  2.0000000000
 2.3793513613 -1.2678120434  0.0322554487  2.0000000000
 2.4229064500 -1.4187498258  0.0800551977  2.0000000000
 1.8887019128  0.3428469514 -0.4517896287  2.0000000000
 1.9467753635  0.1415965781 -0.3880566310  2.0000000000
 2.0484039057 -0.2105915873 -0.2765238812  2.0000000000
 2.1355140832 -0.5124671521 -0.1809243831  2.0000000000
 2.1645508071 -0.6130923339 -0.1490578858  2.0000000000
 2.1790691719 -0.6634049344 -0.1331246340  2.0000000000
 2.2226242606 -0.8143427168 -0.0853248850  2.0000000000
 2.2371426226 -0.8646553077 -0.0693916363  2.0000000000
 2.3242528000 -1.1665308725  0.0262078618  2.0000000000
 1.7755299009  0.6453784955 -0.5215702133  2.0000000000
 1.8190849896  0.4944407131 -0.4737704643  2.0000000000
 1.9207135290  0.1422525575 -0.3622377175  2.0000000000
 1.9642686177 -0.0086852249 -0.3144379684  2.0000000000
 2.0078237065 -0.1596230073 -0.2666382194  2.0000000000
 2.1530073374 -0.6627489551 -0.1073057205  2.0000000000
 2.2546358768 -1.0149371108  0.0042270263  2.0000000000
 2.3127093275 -1.2161874841  0.0679600240  2.0000000000
 2.3853011430 -1.4677504579  0.1476262734  2.0000000000
 1.8656149706  0.2435337187 -0.3682853013  2.0000000000
 1.9091700593  0.0925959363 -0.3204855523  2.0000000000
 1.9382067832 -0.0080292456 -0.2886190549  2.0000000000
 2.0688720494 -0.4608425927 -0.1452198078  2.0000000000
 2.0979087762 -0.5614677842 -0.1133533074  2.0000000000
 2.1269455029 -0.6620929757 -0.0814868070  2.0000000000
 2.2721291310 -1.1652189138  0.0778456888  2.0000000000
 1.7669613206  0.4957526719 -0.4221326372  2.0000000000
 1.8105164093  0.3448148895 -0.3743328882  2.0000000000
 1.8395531361  0.2441896980 -0.3424663878  2.0000000000
 1.9121449487 -0.0073732662 -0.2628001414  2.0000000000
 1.9266633135 -0.0576858667 -0.2468668897  2.0000000000
 1.9702184022 -0.2086236491 -0.1990671406  2.0000000000
 2.0863653036 -0.6111243957 -0.0716011452  2.0000000000
 2.1444387571 -0.8123747787 -0.0078681444  2.0000000000
 2.2605856585 -1.2148755253  0.1195978510  2.0000000000
 1.6537893087  0.7982842161 -0.4919132218  2.0000000000
 1.6683076623  0.7479716541 -0.4759799823  2.0000000000
 1.8280096635  0.1945330865 -0.3007142256  2.0000000000
 1.9006014790 -0.0570298874 -0.2210479762  2.0000000000
 2.0167483804 -0.4595306340 -0.0935819807  2.0000000000
 2.1328952846 -0.8620313902  0.0338840178  2.0000000000
 2.2490421888 -1.2645321465  0.1613500163  2.0000000000
 2.2780789127 -1.3651573283  0.1932165136  2.0000000000
 1.6567642093  0.6983149750 -0.4342277987  2.0000000000
 1.7003192980  0.5473771926 -0.3864280497  2.0000000000
 1.7148376516  0.4970646307 -0.3704948102  2.0000000000
 1.7293560052  0.4467520687 -0.3545615707  2.0000000000
 1.7874294671  0.2455016568 -0.2908285607  2.0000000000
 1.8309845558  0.0945638744 -0.2430288117  2.0000000000
 1.8455029178  0.0442512835 -0.2270955630  2.0000000000
 1.9035763685 -0.1569990898 -0.1633625653  2.0000000000
 1.9326130952 -0.2576242813 -0.1314960649  2.0000000000
 1.9471314572 -0.3079368722 -0.1155628163  2.0000000000
 2.1358701768 -0.9620006023  0.0915694317  2.0000000000
 2.1939436275 -1.1632509756  0.1553024294  2.0000000000
 2.2084619895 -1.2135635665  0.1712356781  2.0000000000
 1.5581105509  0.9505339572 -0.4880751438  2.0000000000
 1.5871472860  0.8499087368 -0.4562086343  2.0000000000
 1.6161839933  0.7492836129 -0.4243421553  2.0000000000
 1.6597390820  0.5983458305 -0.3765424062  2.0000000000
 1.6742574635  0.5480331720 -0.3606091361  2.0000000000
 1.7032941707  0.4474080481 -0.3287426572  2.0000000000
 1.7904043565  0.1455324544 -0.2331431499  2.0000000000
 1.8049227213  0.0952198538 -0.2172098982  2.0000000000
 1.8484778100 -0.0557179286 -0.1694101491  2.0000000000
 1.8775145340 -0.1563431104 -0.1375436518  2.0000000000
 1.8920328987 -0.2066557110 -0.1216104001  2.0000000000
 2.0226981649 -0.6594690582  0.0217888471  2.0000000000
 2.0517348889 -0.7600942400  0.0536553444  2.0000000000
 2.0807716156 -0.8607194315  0.0855218448  2.0000000000
 2.1388450663 -1.0619698048  0.1492548425  2.0000000000
 2.1533634311 -1.1122824053  0.1651880943  2.0000000000
 1.5175303628  1.0015024985 -0.4781894698  2.0000000000
 1.5610854515  0.8505647161 -0.4303897207  2.0000000000
 1.5756038052  0.8002521542 -0.4144564812  2.0000000000
 1.6046405403  0.6996269338 -0.3825899717  2.0000000000
 1.6917507093  0.3977513980 -0.2869904828  2.0000000000
 1.7207874333  0.2971262161 -0.2551239854  2.0000000000
 1.7353057981  0.2468136156 -0.2391907337  2.0000000000
 1.7643425220  0.1461884337 -0.2073242364  2.0000000000
 1.7788608868  0.0958758332 -0.1913909846  2.0000000000
 1.7933792488  0.0455632423 -0.1754577360  2.0000000000
 1.8078976107 -0.0047493486 -0.1595244873  2.0000000000
 1.8514526995 -0.1556871310 -0.1117247383  2.0000000000
 1.8659710642 -0.2059997316 -0.0957914865  2.0000000000
 1.9530812417 -0.5078752964 -0.0001919884  2.0000000000
 1.9675996037 -0.5581878873  0.0157412602  2.0000000000
 2.0111546924 -0.7091256697  0.0635410093  2.0000000000
 2.1273015966 -1.1116264259  0.1910070078  2.0000000000
 2.1853750473 -1.3128767992  0.2547400055  2.0000000000
 1.4769501468  1.0524711365 -0.4683038263  2.0000000000
 1.5785787058  0.7002829131 -0.3567710582  2.0000000000
 1.5930970594  0.6499703512 -0.3408378187  2.0000000000
 1.6076154130  0.5996577893 -0.3249045792  2.0000000000
 1.6511705017  0.4487200069 -0.2771048301  2.0000000000
 1.6802072368  0.3480947864 -0.2452383206  2.0000000000
 1.6947255988  0.2977821955 -0.2293050719  2.0000000000
 1.7237623255  0.1971570040 -0.1974385715  2.0000000000
 1.8108725030 -0.1047185607 -0.1018390734  2.0000000000
 1.8253908650 -0.1550311516 -0.0859058247  2.0000000000
 1.8399092297 -0.2053437522 -0.0699725730  2.0000000000
 1.8544275917 -0.2556563431 -0.0540393243  2.0000000000
 1.9270194072 -0.5072193170  0.0256269251  2.0000000000
 2.0141295846 -0.8090948818  0.1212264232  2.0000000000
 2.2319050366 -1.5637838227  0.3602251776  2.0000000000
 1.5815535785  0.6003137687 -0.2990856657  2.0000000000
 1.5960719600  0.5500011101 -0.2831523956  2.0000000000
 1.6105903136  0.4996885482 -0.2672191561  2.0000000000
 1.6686637643  0.2984381749 -0.2034861584  2.0000000000
 1.6831821291  0.2481255743 -0.1875529067  2.0000000000
 1.7267372178  0.0971877919 -0.1397531576  2.0000000000
 1.7412555798  0.0468752010 -0.1238199089  2.0000000000
 1.7557739417 -0.0034373899 -0.1078866603  2.0000000000
 1.8428841192 -0.3053129547 -0.0122871622  2.0000000000
 1.9299942966 -0.6071885194  0.0833123359  2.0000000000
 2.1187330163 -1.2612522496  0.2904445839  2.0000000000
 1.3812713891  1.2047208776 -0.4644657484  2.0000000000
 1.5264550368  0.7015948719 -0.3051332311  2.0000000000
 1.5554917440  0.6009697480 -0.2732667521  2.0000000000
 1.5990468327  0.4500319657 -0.2254670031  2.0000000000
 1.6135652058  0.3997193361 -0.2095337422  2.0000000000
 1.6280835678  0.3494067452 -0.1936004935  2.0000000000
 1.6861570185  0.1481563719 -0.1298674958  2.0000000000
 1.7151937453  0.0475311804 -0.0980009954  2.0000000000
 1.7442304720 -0.0530940111 -0.0661344950  2.0000000000
 1.8023039227 -0.2543443844 -0.0024014973  2.0000000000
 1.8603773734 -0.4555947577  0.0613315004  2.0000000000
 1.9039324621 -0.6065325401  0.1091312495  2.0000000000
 1.9184508269 -0.6568451406  0.1250645012  2.0000000000
 1.9329691889 -0.7071577315  0.1409977499  2.0000000000
 1.9910426396 -0.9084081048  0.2047307476  2.0000000000
 2.0055610043 -0.9587207054  0.2206639993  2.0000000000
 2.0926711818 -1.2605962702  0.3162634974  2.0000000000
 1.3697279361  1.1550641985 -0.4227135648  2.0000000000
 1.3842462897  1.1047516365 -0.4067803253  2.0000000000
 1.3987646433  1.0544390746 -0.3908470858  2.0000000000
 1.4278013784  0.9538138541 -0.3589805762  2.0000000000
 1.4568381135  0.8531886337 -0.3271140666  2.0000000000
 1.5439482910  0.5513130689 -0.2315145685  2.0000000000
 1.5584666446  0.5010005070 -0.2155813291  2.0000000000
 1.6165400953  0.2997501337 -0.1518483313  2.0000000000
 1.6310584601  0.2494375331 -0.1359150796  2.0000000000
 1.6600951840  0.1488123513 -0.1040485823  2.0000000000
 1.7036502727 -0.0021254311 -0.0562488332  2.0000000000
 1.7326869995 -0.1027506226 -0.0243823328  2.0000000000
 1.7472053615 -0.1530632135 -0.0084490842  2.0000000000
 1.8052788150 -0.3543135965  0.0552839166  2.0000000000
 1.8488339037 -0.5052513789  0.1030836657  2.0000000000
 1.9214257164 -0.7568143431  0.1827499120  2.0000000000
 1.3581844552  1.1054076159 -0.3809614117  2.0000000000
 1.4452946327  0.8035320511 -0.2853619136  2.0000000000
 1.4598129863  0.7532194892 -0.2694286741  2.0000000000
 1.4743313678  0.7029068307 -0.2534954041  2.0000000000
 1.5469231637  0.4513439244 -0.1738291760  2.0000000000
 1.5759598988  0.3507187040 -0.1419626665  2.0000000000
 1.6049966256  0.2500935125 -0.1100961661  2.0000000000
 1.6195149875  0.1997809216 -0.0941629174  2.0000000000
 1.6340333495  0.1494683307 -0.0782296688  2.0000000000
 1.8227720692 -0.5045953995  0.1289025792  2.0000000000
 1.8372904312 -0.5549079904  0.1448358278  2.0000000000
 1.8663271579 -0.6555331819  0.1767023282  2.0000000000
 1.8953638819 -0.7561583637  0.2085688256  2.0000000000
 1.9244006086 -0.8567835552  0.2404353260  2.0000000000
 1.9824740593 -1.0580339285  0.3041683237  2.0000000000
 2.0841026015 -1.4102220938  0.4157010735  2.0000000000
 1.3176042671  1.1563761572 -0.3710757377  2.0000000000
 1.3611593558  1.0054383748 -0.3232759887  2.0000000000
 1.4627878869  0.6532502481 -0.2117432511  2.0000000000
 1.4918246220  0.5526250277 -0.1798767415  2.0000000000
 1.5208613292  0.4519999038 -0.1480102625  2.0000000000
 1.5353797023  0.4016872743 -0.1320770016  2.0000000000
 1.5644164263  0.3010620924 -0.1002105043  2.0000000000
 1.6079715150  0.1501243100 -0.0524107552  2.0000000000
 1.6224898798  0.0998117095 -0.0364775035  2.0000000000
 1.6805633305 -0.1014386638  0.0272554942  2.0000000000
 1.6950816925 -0.1517512547  0.0431887429  2.0000000000
 1.7096000572 -0.2020638553  0.0591219946  2.0000000000
 1.7821918699 -0.4536268195  0.1387882410  2.0000000000
 1.7967102347 -0.5039394201  0.1547214927  2.0000000000
 1.8547836854 -0.7051897934  0.2184544904  2.0000000000
 1.8983387741 -0.8561275758  0.2662542395  2.0000000000
 1.9418938628 -1.0070653582  0.3140539885  2.0000000000
 1.9709305896 -1.1076905496  0.3459204889  2.0000000000
 1.2625056975  1.2576573571 -0.3771233338  2.0000000000
 1.3205791398  1.0564070127 -0.3133903452  2.0000000000
 1.3931709637  0.8048440099 -0.2337240866  2.0000000000
 1.4367260524  0.6539062275 -0.1859243375  2.0000000000
 1.4657627875  0.5532810070 -0.1540578280  2.0000000000
 1.4802811411  0.5029684451 -0.1381245885  2.0000000000
 1.4947994947  0.4526558832 -0.1221913490  2.0000000000
 1.5093178678  0.4023432536 -0.1062580881  2.0000000000
 1.5383545918  0.3017180718 -0.0743915908  2.0000000000
 1.5673913185  0.2010928803 -0.0425250904  2.0000000000
 1.5819096805  0.1507802894 -0.0265918417  2.0000000000
 1.6545014960 -0.1007826844  0.0530744077  2.0000000000
 1.6690198580 -0.1510952754  0.0690076564  2.0000000000
 1.7996851241 -0.6039086225  0.2124069036  2.0000000000
 1.8142034889 -0.6542212231  0.2283401553  2.0000000000
 1.8722769396 -0.8554715964  0.2920731530  2.0000000000
 1.8867953016 -0.9057841873  0.3080064017  2.0000000000
 1.9739054790 -1.2076597521  0.4036058998  2.0000000000
 1.9884238438 -1.2579723527  0.4195391515  2.0000000000
 1.2219255094  1.3086258984 -0.3672376597  2.0000000000
 1.2945173053  1.0570629921 -0.2875714317  2.0000000000
 1.3235540404  0.9564377717 -0.2557049221  2.0000000000
 1.3380723941  0.9061252097 -0.2397716826  2.0000000000
 1.3525907755  0.8558125512 -0.2238384126  2.0000000000
 1.3816274828  0.7551874273 -0.1919719336  2.0000000000
 1.4106642179  0.6545622069 -0.1601054240  2.0000000000
 1.4251825715  0.6042496450 -0.1441721845  2.0000000000
 1.4542193066  0.5036244245 -0.1123056750  2.0000000000
 1.4832560333  0.4029992330 -0.0804391746  2.0000000000
 1.4977743953  0.3526866421 -0.0645059259  2.0000000000
 1.5122927573  0.3023740512 -0.0485726772  2.0000000000
 1.5268111221  0.2520614506 -0.0326394255  2.0000000000
 1.5994029347  0.0004984864  0.0470268209  2.0000000000
 1.6139212995 -0.0498141142  0.0629600726  2.0000000000
 1.7010314770 -0.3516896789  0.1585595707  2.0000000000
 1.7445865657 -0.5026274613  0.2063593197  2.0000000000
 1.7881416544 -0.6535652437  0.2541590688  2.0000000000
 1.9042885558 -1.0560659903  0.3816250642  2.0000000000
 1.9478436445 -1.2070037727  0.4294248133  2.0000000000
 1.2539371172  1.1080315334 -0.2776857577  2.0000000000
 1.2684554708  1.0577189715 -0.2617525182  2.0000000000
 1.3120105596  0.9067811891 -0.2139527691  2.0000000000
 1.3265289410  0.8564685306 -0.1980194990  2.0000000000
 1.3410472947  0.8061559687 -0.1820862595  2.0000000000
 1.3555656483  0.7558434067 -0.1661530201  2.0000000000
 1.3846023834  0.6552181863 -0.1342865105  2.0000000000
 1.4281574721  0.5042804039 -0.0864867614  2.0000000000
 1.4717125608  0.3533426215 -0.0386870124  2.0000000000
 1.4862309228  0.3030300306 -0.0227537637  2.0000000000
 1.5007492876  0.2527174300 -0.0068205120  2.0000000000
 1.5297860115  0.1520922482  0.0250459853  2.0000000000
 1.6023778270 -0.0994707257  0.1047122348  2.0000000000
 1.6314145537 -0.2000959172  0.1365787352  2.0000000000
 1.7040063664 -0.4516588814  0.2162449815  2.0000000000
 1.8056349086 -0.8038470467  0.3277777314  2.0000000000
 1.8637083593 -1.0050974200  0.3915107291  2.0000000000
 1.2278752827  1.1086875128 -0.2518668441  2.0000000000
 1.2859487251  0.9074371685 -0.1881338556  2.0000000000
 1.3585405489  0.6558741657 -0.1084675970  2.0000000000
 1.4166139912  0.4546238213 -0.0447346084  2.0000000000
 1.4746874531  0.2533734094  0.0189984015  2.0000000000
 1.4892058150  0.2030608185  0.0349316502  2.0000000000
 1.5037241770  0.1527482276  0.0508648989  2.0000000000
 1.5182425418  0.1024356270  0.0667981506  2.0000000000
 1.6198710812 -0.2497525287  0.1783308974  2.0000000000
 1.6779445319 -0.4510029020  0.2420638951  2.0000000000
 1.7795730741 -0.8031910673  0.3535966449  2.0000000000
 1.8231281628 -0.9541288497  0.4013963940  2.0000000000
 1.8666832516 -1.1050666321  0.4491961430  2.0000000000
 1.8957199755 -1.2056918139  0.4810626403  2.0000000000
 1.1872950946  1.1596560541 -0.2419811701  2.0000000000
 1.2453685369  0.9584057098 -0.1782481816  2.0000000000
 1.2598868906  0.9080931479 -0.1623149421  2.0000000000
 1.2744052720  0.8577804894 -0.1463816720  2.0000000000
 1.3324787144  0.6565301450 -0.0826486834  2.0000000000
 1.3905521567  0.4552798007 -0.0189156949  2.0000000000
 1.4195888918  0.3546545803  0.0129508147  2.0000000000
 1.4486256186  0.2540293888  0.0448173150  2.0000000000
 1.4631439805  0.2037167979  0.0607505637  2.0000000000
 1.4776623425  0.1534042070  0.0766838124  2.0000000000
 1.5938092467 -0.2490965493  0.2041498109  2.0000000000
 1.8115846903 -1.0037854613  0.4431485561  2.0000000000
 1.1612332601  1.1603120335 -0.2161622566  2.0000000000
 1.1757516137  1.1099994716 -0.2002290171  2.0000000000
 1.1902699673  1.0596869097 -0.1842957776  2.0000000000
 1.2047883488  1.0093742511 -0.1683625075  2.0000000000
 1.2773801448  0.7578113449 -0.0886962795  2.0000000000
 1.3790086953  0.4056231505  0.0228364795  2.0000000000
 1.3935270573  0.3553105596  0.0387697282  2.0000000000
 1.0335428667  1.5131562362 -0.3018761112  2.0000000000
 1.0770979554  1.3622184538 -0.2540763622  2.0000000000
 1.1061346905  1.2615932334 -0.2222098526  2.0000000000
 1.1206530441  1.2112806714 -0.2062766131  2.0000000000
 1.1642081328  1.0603428890 -0.1584768641  2.0000000000
 1.2077632216  0.9094051067 -0.1106771150  2.0000000000
 1.2222816030  0.8590924481 -0.0947438449  2.0000000000
 1.2658366918  0.7081546657 -0.0469440959  2.0000000000
 1.3093917805  0.5572168833  0.0008556532  2.0000000000
 1.0219994137  1.4634995571 -0.2601239276  2.0000000000
 1.0510361209  1.3628744332 -0.2282574487  2.0000000000
 1.1091095911  1.1616239923 -0.1645244295  2.0000000000
 1.1236279447  1.1113114304 -0.1485911900  2.0000000000
 1.1817013871  0.9100610860 -0.0848582015  2.0000000000
 1.2252564758  0.7591233036 -0.0370584524  2.0000000000
 1.2542932109  0.6584980832 -0.0051919429  2.0000000000
 1.2833299460  0.5578728627  0.0266745667  2.0000000000
 1.2978482996  0.5075603008  0.0426078062  2.0000000000
 1.3704401151  0.2559973269  0.1222740556  2.0000000000
 1.0685293751  1.2125926302 -0.1546387861  2.0000000000
 1.0830477566  1.1622799717 -0.1387055160  2.0000000000
 1.1556395526  0.9107170654 -0.0590392880  2.0000000000
 1.1701579340  0.8604044069 -0.0431060179  2.0000000000
 1.2282313764  0.6591540626  0.0206269706  2.0000000000
 1.2572681115  0.5585288421  0.0524934802  2.0000000000
 1.2717864651  0.5082162802  0.0684267197  2.0000000000
 0.9408390095  1.5654367363 -0.2403526102  2.0000000000
 0.9843940983  1.4144989539 -0.1925528611  2.0000000000
 1.0715042757  1.1126233891 -0.0969533630  2.0000000000
 1.0860226293  1.0623108272 -0.0810201235  2.0000000000
 1.2312062770  0.5591848215  0.0783123937  2.0000000000
 0.9438139102  1.4654674952 -0.1826671871  2.0000000000
 1.0454424412  1.1132793685 -0.0711344495  2.0000000000
 1.0744791763  1.0126541480 -0.0392679399  2.0000000000
 1.1615893538  0.7107785833  0.0563315582  2.0000000000
 1.2051444425  0.5598408009  0.1041313073  2.0000000000
 0.8596786054  1.6673739155 -0.2205812927  2.0000000000
 0.9032336942  1.5164361331 -0.1727815436  2.0000000000
 0.9177520757  1.4661234746 -0.1568482735  2.0000000000
 0.9322704293  1.4158109127 -0.1409150341  2.0000000000
 0.9613071644  1.3151856922 -0.1090485245  2.0000000000
 1.0193806067  1.1139353479 -0.0453155360  2.0000000000
 1.0338989603  1.0636227860 -0.0293822965  2.0000000000
 1.0774540491  0.9126850036  0.0184174526  2.0000000000
 1.1064907842  0.8120597831  0.0502839622  2.0000000000
 1.1355275193  0.7114345626  0.0821504717  2.0000000000
 1.1645642265  0.6108094388  0.1140169507  2.0000000000
 1.1790826080  0.5604967803  0.1299502208  2.0000000000
 1.1936009616  0.5101842183  0.1458834603  2.0000000000
 1.2081193152  0.4598716564  0.1618166997  2.0000000000
 0.9207269484  1.3661543301 -0.0991628811  2.0000000000
 0.9788004186  1.1649038892 -0.0354298619  2.0000000000
 1.0078371258  1.0642787653 -0.0035633829  2.0000000000
 1.0223555073  1.0139661068  0.0123698871  2.0000000000
 1.0949473033  0.7624032006  0.0920361152  2.0000000000
 1.1094656848  0.7120905420  0.1079693852  2.0000000000
 1.1239840384  0.6617779801  0.1239026247  2.0000000000
 0.8946651139  1.3668103095 -0.0733439675  2.0000000000
 0.9527385841  1.1655598686 -0.0096109484  2.0000000000
 0.9672569377  1.1152473066  0.0063222911  2.0000000000
 0.9817752913  1.0649347447  0.0222555306  2.0000000000
 1.0108120264  0.9643095243  0.0541220401  2.0000000000
 1.0398487615  0.8636843038  0.0859885497  2.0000000000
 1.0979222039  0.6624339595  0.1497215383  2.0000000000
 1.1124405575  0.6121213975  0.1656547777  2.0000000000
 1.1414772926  0.5114961771  0.1975212873  2.0000000000
 0.8250481907  1.5184040713 -0.0953248031  2.0000000000
 0.9121583681  1.2165285065  0.0002746950  2.0000000000
 0.9557134568  1.0655907241  0.0480744441  2.0000000000
 1.0283052807  0.8140277213  0.1277407027  2.0000000000
 1.0428236343  0.7637151593  0.1436739422  2.0000000000
 1.1154154581  0.5121521565  0.2233402008  2.0000000000
 0.8280230913  1.4184348302 -0.0376393800  2.0000000000
 0.9006149151  1.1668718273  0.0420268786  2.0000000000
 0.9586883574  0.9656214830  0.1057598672  2.0000000000
 0.9877250925  0.8649962626  0.1376263768  2.0000000000
 0.7874429032  1.4694033715 -0.0277537059  2.0000000000
 0.8600346991  1.2178404653  0.0519125221  2.0000000000
 0.8745530806  1.1675278067  0.0678457922  2.0000000000
 0.9326265229  0.9662774624  0.1315787807  2.0000000000
 0.9471448766  0.9159649005  0.1475120202  2.0000000000
 0.9616632580  0.8656522419  0.1634452903  2.0000000000
 0.9761816117  0.8153396800  0.1793785298  2.0000000000
 0.7468626872  1.5203720094 -0.0178680625  2.0000000000
 0.7613810687  1.4700593509 -0.0019347924  2.0000000000
 0.7758994223  1.4197467890  0.0139984471  2.0000000000
 0.8339728646  1.2184964446  0.0777314356  2.0000000000
 0.8630095997  1.1178712242  0.1095979452  2.0000000000
 0.8920463348  1.0172460037  0.1414644547  2.0000000000
 0.9356014235  0.8663082213  0.1892642038  2.0000000000
 1.0227116010  0.5644326565  0.2848637019  2.0000000000
 0.7643559414  1.3700902064  0.0557506001  2.0000000000
 0.7933926765  1.2694649860  0.0876171096  2.0000000000
 0.8659845003  1.0179019831  0.1672833683  2.0000000000
 0.8950212076  0.9172768592  0.1991498472  2.0000000000
 0.9095395890  0.8669642007  0.2150831173  2.0000000000
 0.9676130314  0.6657138564  0.2788161059  2.0000000000
 0.9821313850  0.6154012945  0.2947493453  2.0000000000
 0.7092573997  1.4713713097  0.0497030346  2.0000000000
 0.7237757533  1.4210587477  0.0656362741  2.0000000000
 0.7382941069  1.3707461858  0.0815695136  2.0000000000
 0.7673308420  1.2701209653  0.1134360232  2.0000000000
 0.8108859307  1.1191831829  0.1612357722  2.0000000000
 0.8544410194  0.9682454006  0.2090355213  2.0000000000
 0.8689593731  0.9179328386  0.2249687608  2.0000000000
 0.6686771837  1.5223399476  0.0595886781  2.0000000000
 0.7122322724  1.3714021652  0.1073884271  2.0000000000
 0.7412690075  1.2707769447  0.1392549367  2.0000000000
 0.8283791849  0.9689013799  0.2348544348  2.0000000000
 0.8574159200  0.8682761595  0.2667209444  2.0000000000
 0.9154893624  0.6670258152  0.3304539329  2.0000000000
 0.7152071730  1.2714329241  0.1650738502  2.0000000000
 0.7732806153  1.0701825798  0.2288068388  2.0000000000
 0.8023173504  0.9695573593  0.2606733483  2.0000000000
 0.8313540855  0.8689321389  0.2925398579  2.0000000000
 0.8603907928  0.7683070150  0.3244063369  2.0000000000
 0.6455902498  1.4230266859  0.1430930147  2.0000000000
 0.7036636921  1.2217763416  0.2068260032  2.0000000000
 0.7181820736  1.1714636830  0.2227592733  2.0000000000
 0.8052922510  0.8695881182  0.3183587714  2.0000000000
 0.8198106047  0.8192755563  0.3342920109  2.0000000000
 0.5759733266  1.5746204476  0.1211121792  2.0000000000
 0.6340467689  1.3733701033  0.1848451677  2.0000000000
 0.8808589476  0.5180559709  0.4557104225  2.0000000000
 0.5499114921  1.5752764270  0.1469310927  2.0000000000
 0.6079849344  1.3740260827  0.2106640812  2.0000000000
 0.6660584046  1.1727756418  0.2743971003  2.0000000000
 0.7822052893  0.7702749531  0.4018630774  2.0000000000
 0.8402787595  0.5690245122  0.4655960966  2.0000000000
 0.8693154667  0.4683993884  0.4974625755  2.0000000000
 0.6254781886  1.2237442797  0.2842827438  2.0000000000
 0.6690332773  1.0728064973  0.3320824928  2.0000000000
 0.5848980005  1.2747128210  0.2941684178  2.0000000000
 0.6284530892  1.1237750386  0.3419681669  2.0000000000
 0.6720081779  0.9728372562  0.3897679159  2.0000000000
 0.8026734441  0.5200239091  0.5331671631  2.0000000000
 0.4862443422  1.5269318032  0.2403210727  2.0000000000
 0.5297994309  1.3759940209  0.2881208218  2.0000000000
 0.5588361660  1.2753688004  0.3199873313  2.0000000000
 0.6023912547  1.1244310180  0.3677870804  2.0000000000
 0.6314279898  1.0238057975  0.3996535900  2.0000000000
 0.6749830785  0.8728680152  0.4474533390  2.0000000000
 0.6895014322  0.8225554532  0.4633865785  2.0000000000
 0.7040197858  0.7722428913  0.4793198180  2.0000000000
 0.7766116096  0.5206798884  0.5589860766  2.0000000000
 0.5327743315  1.2760247798  0.3458062449  2.0000000000
 0.5472926851  1.2257122178  0.3617394844  2.0000000000
 0.5763294202  1.1250869974  0.3936059939  2.0000000000
 0.6489212440  0.8735239945  0.4732722525  2.0000000000
 0.6779579513  0.7728988707  0.5051387315  2.0000000000
 0.7650681287  0.4710233059  0.6007382296  2.0000000000
 0.5212308506  1.2263681972  0.3875583979  2.0000000000
 0.6664144983  0.7232421915  0.5468909151  2.0000000000
 0.4370955738  1.4282745209  0.3496443229  2.0000000000
 0.4516139274  1.3779619590  0.3655775623  2.0000000000
 0.4951690161  1.2270241766  0.4133773114  2.0000000000
 0.5822791936  0.9251486118  0.5089768095  2.0000000000
 0.4110337393  1.4289305003  0.3754632364  2.0000000000
 0.5126622703  1.0767423736  0.4869959740  2.0000000000
 0.5271806518  1.0264297151  0.5029292441  2.0000000000
 0.5416990054  0.9761171531  0.5188624835  2.0000000000
 0.5707357405  0.8754919327  0.5507289931  2.0000000000
 0.5852540942  0.8251793708  0.5666622326  2.0000000000
 0.5997724478  0.7748668088  0.5825954721  2.0000000000
 0.6288091829  0.6742415884  0.6144619816  2.0000000000
 0.6578459180  0.5736163679  0.6463284912  2.0000000000
 0.4140086399  1.3289612592  0.4331486595  2.0000000000
 0.4285269935  1.2786486973  0.4490818990  2.0000000000
 0.4575637286  1.1780234768  0.4809484085  2.0000000000
 0.5882289948  0.7252101297  0.6243476557  2.0000000000
 0.6027473484  0.6748975677  0.6402808952  2.0000000000
 0.6172657020  0.6245850058  0.6562141347  2.0000000000
 0.4895753364  0.9774291119  0.5705003106  2.0000000000
 0.5331304252  0.8264913295  0.6183000596  2.0000000000
 0.5476487788  0.7761787676  0.6342332991  2.0000000000
 0.5621671603  0.7258661091  0.6501665692  2.0000000000
 0.5766855139  0.6755535471  0.6660998087  2.0000000000
 0.6202406026  0.5246157647  0.7138995577  2.0000000000
 0.3618849709  1.3302732180  0.4847864865  2.0000000000
 0.3764033245  1.2799606561  0.5007197260  2.0000000000
 0.4344767668  1.0787103118  0.5644527145  2.0000000000
 0.5361053258  0.7265220884  0.6759854827  2.0000000000
 0.5506236794  0.6762095265  0.6919187222  2.0000000000
 0.6232154949  0.4246465526  0.7715849717  2.0000000000
 0.3067864013  1.4315544178  0.4787388905  2.0000000000
 0.3503414900  1.2806166355  0.5265386395  2.0000000000
 0.3938965787  1.1296788531  0.5743383886  2.0000000000
 0.5535985800  0.5762402854  0.7496041453  2.0000000000
 0.2662062132  1.4825229592  0.4886245645  2.0000000000
 0.3242796555  1.2812726148  0.5523575530  2.0000000000
 0.4113898329  0.9793970501  0.6479570512  2.0000000000
 0.5275367455  0.5768962648  0.7754230588  2.0000000000
 0.5565734527  0.4762711410  0.8072895378  2.0000000000
 0.2691810859  1.3825538147  0.5463099570  2.0000000000
 0.3127361746  1.2316160323  0.5941097061  2.0000000000
 0.3998463521  0.9297404675  0.6897092042  2.0000000000
 0.5014749110  0.5775522442  0.8012419723  2.0000000000
 0.3447478103  1.0310215708  0.6836616387  2.0000000000
 0.4608946950  0.6285208821  0.8111276158  2.0000000000
 0.3041675943  1.0819902087  0.6935472822  2.0000000000
 0.3477226831  0.9310524263  0.7413470312  2.0000000000
 0.4493512420  0.5788642030  0.8528797994  2.0000000000
 0.4783879492  0.4782390791  0.8847462784  2.0000000000
 0.2200323175  1.2838965324  0.6556332071  2.0000000000
 0.1213786592  1.5361155146  0.6017858620  2.0000000000
 0.2520439253  1.0833021674  0.7451851092  2.0000000000
 0.2665623068  1.0329895089  0.7611183793  2.0000000000
 0.4117459266  0.5298635998  0.9204508659  2.0000000000
 0.4407826534  0.4292384083  0.9523173663  2.0000000000
 0.1388719134  1.3858337116  0.6754045246  2.0000000000
 0.2695371796  0.9330203644  0.8188037718  2.0000000000
 0.1999202563  1.0846141262  0.7968229362  2.0000000000
 0.2289569914  0.9839889057  0.8286894458  2.0000000000
 0.2434753451  0.9336763438  0.8446226853  2.0000000000
 0.2725120802  0.8330511233  0.8764891949  2.0000000000
 0.1012666259  1.3368330118  0.7429756217  2.0000000000
 0.1157849795  1.2865204499  0.7589088612  2.0000000000
 0.1593400682  1.1355826675  0.8067086103  2.0000000000
 0.2464502457  0.8337071027  0.9023081084  2.0000000000
 0.2754869808  0.7330818823  0.9341746180  2.0000000000
 0.2900053344  0.6827693203  0.9501078574  2.0000000000
 0.3480787767  0.4815189760  1.0138408460  2.0000000000
 0.0461680563  1.4381142117  0.7369280257  2.0000000000
 0.0491429569  1.3381449706  0.7946134488  2.0000000000
 0.0636613105  1.2878324087  0.8105466883  2.0000000000
 0.1217347528  1.0865820643  0.8742796768  2.0000000000
 0.2088449303  0.7847064996  0.9698791749  2.0000000000
 0.2524000190  0.6337687172  1.0176789240  2.0000000000
 0.0375994760  1.2884883880  0.8363656018  2.0000000000
 0.0521178296  1.2381758261  0.8522988413  2.0000000000
 0.0666362111  1.1878631676  0.8682321114  2.0000000000
 0.0956729183  1.0872380437  0.9000985903  2.0000000000
 0.1392280071  0.9363002613  0.9478983394  2.0000000000
 0.1682647422  0.8356750409  0.9797648490  2.0000000000
 0.0115376415  1.2891443674  0.8621845153  2.0000000000
 0.1422029077  0.8363310203  1.0055837625  2.0000000000
