-0.0471203943 -0.0946869671 -0.0850403240 -0.0845571158 -0.0873995338 -0.1153073159  0.0952929269 -0.1129103942 -0.1587140379  0.1103175354 -0.1153769310 -0.1041510531 -0.0053130877  1.0000000000
-0.0507504120 -0.1027625900 -0.0998192917  0.2035081463 -0.0650717625 -0.0996718604  0.0857762601 -0.1031655606 -0.1485680446  0.1042463896 -0.1093250399 -0.0990060178 -0.0049695461  1.0000000000
-0.0471185143 -0.0946830700 -0.0850362042 -0.0845521198 -0.0873935835 -0.1152981192  0.0952841731 -0.1128989814 -0.1586922670  0.1102978478 -0.1153537664 -0.1041257255 -0.0053115282  1.0000000000
-0.0471184862 -0.0946830117 -0.0850361426 -0.0845520451 -0.0873934945 -0.1152979816  0.0952840422 -0.1128988107 -0.1586919414  0.1102975533 -0.1153534199 -0.1041253467 -0.0053115049  1.0000000000
-0.0471184862 -0.0946830117 -0.0850361426 -0.0845520451 -0.0873934945 -0.1152979816  0.0952840422 -0.1128988107 -0.1586919414  0.1102975533 -0.1153534199 -0.1041253467 -0.0053115049  1.0000000000
-0.0471184862 -0.0946830117 -0.0850361426 -0.0845520451 -0.0873934945 -0.1152979816  0.0952840422 -0.1128988107 -0.1586919414  0.1102975533 -0.1153534199 -0.1041253467 -0.0053115049  1.0000000000
-0.0493736164 -0.0993830820 -0.0901641515 -0.0910705424 -0.0954809810 -0.1284997432  0.1086114686 -0.1311015423 -0.2010943917  0.1609510952 -0.1870601546 -0.2301345190 -0.0314197085  1.0000000000
-0.0471184862 -0.0946830117 -0.0850361426 -0.0845520451 -0.0873934945 -0.1152979817  0.0952840422 -0.1128988107 -0.1586919414  0.1102975534 -0.1153534200 -0.1041253468 -0.0053115049  1.0000000000
-0.1503705901 -0.3242658269 -0.5039754110  8.0494815971  0.5411475751  0.3232199884 -0.1706624933  0.1587115551  0.1214260490 -0.0556599186  0.0492270531  0.0344296760  0.0018896086  1.0000000000
-0.1499006374 -0.3232965993 -0.5029428017  8.0471490642  0.5419472726  0.3245336287 -0.1718597695  0.1602045790  0.1238062977 -0.0574551721  0.0511638377  0.0362594544  0.0020793192  1.0000000000
-0.0526642127 -0.1062217770 -0.0975031415 -0.1001733551 -0.1065372485 -0.1460405632  0.1257796883 -0.1539764419 -0.2487476705  0.2085102846 -0.2453823896 -0.2907184979 -0.0235769261  1.0000000000
-0.0537932145 -0.1085942243 -0.1002136920 -0.1038445671 -0.1113291557 -0.1543686807  0.1347254600 -0.1667670536 -0.2841642538  0.2601698935 -0.3275053768 -0.4768965587 -0.0825371057  1.0000000000
-0.0471184862 -0.0946830117 -0.0850361426 -0.0845520451 -0.0873934945 -0.1152979816  0.0952840422 -0.1128988107 -0.1586919414  0.1102975533 -0.1153534199 -0.1041253467 -0.0053115049  1.0000000000
-0.2813093343 -0.6705282729  7.8382290567  0.3631272875  0.2077881724  0.1735850021 -0.1039343868  0.1017945712  0.0852188782 -0.0404943952  0.0361690808  0.0255573684  0.0010364501  1.0000000000
-0.0471184862 -0.0946830117 -0.0850361426 -0.0845520451 -0.0873934945 -0.1152979816  0.0952840422 -0.1128988107 -0.1586919414  0.1102975533 -0.1153534199 -0.1041253467 -0.0053115049  1.0000000000
-0.0471184862 -0.0946830117 -0.0850361426 -0.0845520451 -0.0873934945 -0.1152979816  0.0952840422 -0.1128988107 -0.1586919414  0.1102975533 -0.1153534199 -0.1041253467 -0.0053115049  1.0000000000
-0.0471184874 -0.0946830143 -0.0850361453 -0.0845520483 -0.0873934983 -0.1152979876  0.0952840478 -0.1128988181 -0.1586919555  0.1102975661 -0.1153534350 -0.1041253631 -0.0053115059  1.0000000000
-0.0471217353 -0.0946897469 -0.0850432626 -0.0845606795 -0.0874037783 -0.1153138762  0.0952991714 -0.1129185356 -0.1587295693  0.1103315816 -0.1153934585 -0.1041691253 -0.0053142006  1.0000000000
-0.0471184862 -0.0946830117 -0.0850361426 -0.0845520451 -0.0873934945 -0.1152979816  0.0952840422 -0.1128988107 -0.1586919414  0.1102975533 -0.1153534199 -0.1041253467 -0.0053115049  1.0000000000
-0.0471290261 -0.0947049478 -0.0850598825 -0.0845818676 -0.0874301261 -0.1153569970  0.0953427961 -0.1129781888 -0.1588684261  0.1104944633 -0.1156186220 -0.1045253843 -0.0053563749  1.0000000000
-0.0471184862 -0.0946830117 -0.0850361426 -0.0845520451 -0.0873934945 -0.1152979816  0.0952840422 -0.1128988107 -0.1586919414  0.1102975533 -0.1153534199 -0.1041253467 -0.0053115049  1.0000000000
-0.0471184862 -0.0946830117 -0.0850361426 -0.0845520451 -0.0873934945 -0.1152979816  0.0952840422 -0.1128988107 -0.1586919414  0.1102975533 -0.1153534199 -0.1041253467 -0.0053115049  1.0000000000
-0.0545741511 -0.1102206511 -0.1019869919 -0.1056862967 -0.1140618923 -0.1588947686  0.1393779007 -0.1732396763 -0.3011567046  0.2862295021 -0.3726730134 -0.6235285810 -6.6509501025  1.0000000000
-0.0487982896 -0.0981690434 -0.0887455176 -0.0890938002 -0.0928473835 -0.1238184442  0.1034860490 -0.1236853021 -0.1799939875  0.1303715656 -0.1395219519 -0.1317731765 -0.0071128546  1.0000000000
-0.0471184862 -0.0946830117 -0.0850361426 -0.0845520451 -0.0873934945 -0.1152979816  0.0952840422 -0.1128988107 -0.1586919414  0.1102975533 -0.1153534199 -0.1041253467 -0.0053115049  1.0000000000
-0.0471189169 -0.0946839081 -0.0850371127 -0.0845532639 -0.0873949917 -0.1153003940  0.0952864441 -0.1129020560 -0.1586991593  0.1103056101 -0.1153642737 -0.1041417266 -0.0053133432  1.0000000000
-0.0471184890 -0.0946830175 -0.0850361486 -0.0845520524 -0.0873935032 -0.1152979952  0.0952840550 -0.1128988274 -0.1586919734  0.1102975822 -0.1153534540 -0.1041253839 -0.0053115072  1.0000000000
-0.0555878714 -0.1123081346 -0.1041036130 -0.1085059050 -0.1168335998 -0.1628004792  0.1426987826 -0.1771309907 -0.3040716512  0.2792128901 -0.3513527851 -0.5097819650 -0.0875119091  1.0000000000
-0.0471653158 -0.0947800890 -0.0851387847 -0.0846765490 -0.0875418132 -0.1155272828  0.0955023636 -0.1131835118 -0.1592355009  0.1107895862 -0.1159326584 -0.1047593194 -0.0053505889  1.0000000000
-0.0551554727 -0.1114230318 -0.1032483565 -0.1065610291 -0.1157170176 -0.1614272570  0.1417423196 -0.1762763157 -0.3066649792  0.2910747123 -0.3784198173 -0.6306334546 -6.6848025975  1.0000000000
-0.0471681435 -0.0947862612 -0.0851472656 -0.0846905280 -0.0875624674 -0.1155679191  0.0955505306 -0.1132566454 -0.1594715172  0.1111587674 -0.1165208131 -0.1060086831 -0.0056617030  1.0000000000
-0.0526642127 -0.1062217770 -0.0975031415 -0.1001733551 -0.1065372485 -0.1460405632  0.1257796883 -0.1539764419 -0.2487476705  0.2085102846 -0.2453823896 -0.2907184979 -0.0235769261  1.0000000000
-0.0485633583 -0.0976810269 -0.0882233071 -0.0884490996 -0.0920677335 -0.1225891424  0.1022912265 -0.1221023063 -0.1767740312  0.1272294581 -0.1356649270 -0.1271904477 -0.0067999203  1.0000000000
-0.0471184862 -0.0946830117 -0.0850361426 -0.0845520451 -0.0873934945 -0.1152979816  0.0952840422 -0.1128988107 -0.1586919414  0.1102975533 -0.1153534199 -0.1041253467 -0.0053115049  1.0000000000
-0.0471222958 -0.0946909088 -0.0850444909 -0.0845621691 -0.0874055525 -0.1153166185  0.0953017817 -0.1129219390 -0.1587360626  0.1103374546 -0.1154003693 -0.1041766828 -0.0053146661  1.0000000000
-0.0471653158 -0.0947800890 -0.0851387847 -0.0846765490 -0.0875418132 -0.1155272828  0.0955023636 -0.1131835118 -0.1592355009  0.1107895862 -0.1159326584 -0.1047593194 -0.0053505889  1.0000000000
-0.0492887395 -0.0991890082 -0.0898441439 -0.0904630129 -0.0945163104 -0.1264765859  0.1060963980 -0.1271706167 -0.1872973295  0.1377388308 -0.1487276435 -0.1430879960 -0.0079179771  1.0000000000
-0.0471188999 -0.0946838692 -0.0850370491 -0.0845531443 -0.0873948038 -0.1153000053  0.0952859683 -0.1129013220 -0.1586967321  0.1103018858 -0.1153585177 -0.1041309208 -0.0053118481  1.0000000000
-0.0487982896 -0.0981690434 -0.0887455176 -0.0890938002 -0.0928473836 -0.1238184443  0.1034860491 -0.1236853022 -0.1799939877  0.1303715659 -0.1395219523 -0.1317731773 -0.0071128645  1.0000000000
-0.0471184869 -0.0946830132 -0.0850361441 -0.0845520469 -0.0873934967 -0.1152979851  0.0952840455 -0.1128988150 -0.1586919496  0.1102975607 -0.1153534287 -0.1041253562 -0.0053115055  1.0000000000
-0.0471184862 -0.0946830117 -0.0850361426 -0.0845520451 -0.0873934945 -0.1152979816  0.0952840422 -0.1128988107 -0.1586919414  0.1102975533 -0.1153534199 -0.1041253467 -0.0053115049  1.0000000000
-0.0478691280 -0.0962473196 -0.0867423447 -0.0866991690 -0.0900807776 -0.1196897334  0.0997254630 -0.1189765279 -0.1730406403  0.1280166366 -0.1412693820 -0.1564368706 -0.6746245460  1.0000000000
-0.0471227094 -0.0946917661 -0.0850453972 -0.0845632681 -0.0874068614 -0.1153186414  0.0953037072 -0.1129244493 -0.1587408505  0.1103417838 -0.1154054628 -0.1041822513 -0.0053150089  1.0000000000
-0.0704685235 -0.1437563322 -0.1414242608 -0.1628421187 -0.1936127298 -0.3154854948  0.3416481976 -0.5259480287  6.6864560634 -0.3993923610  0.2816583067  0.1490149043  0.0022162535  1.0000000000
-0.0495321395 -0.0996929844 -0.0903734421 -0.0910988685 -0.0952677166 -0.1276263861  0.1071797629 -0.1285723724 -0.1898958780  0.1400181199 -0.1513682450 -0.1458968748 -0.0080859561  1.0000000000
-0.0471184862 -0.0946830117 -0.0850361426 -0.0845520451 -0.0873934945 -0.1152979817  0.0952840422 -0.1128988107 -0.1586919414  0.1102975534 -0.1153534200 -0.1041253468 -0.0053115049  1.0000000000
-0.0491106003 -0.0988180365 -0.0894414719 -0.0899557307 -0.0938925925 -0.1254724403  0.1050998379 -0.1258297671 -0.1844096401  0.1347460750 -0.1449388358 -0.1383248114 -0.0075708557  1.0000000000
-0.0485633583 -0.0976810269 -0.0882233071 -0.0884490996 -0.0920677335 -0.1225891424  0.1022912265 -0.1221023063 -0.1767740312  0.1272294581 -0.1356649270 -0.1271904477 -0.0067999203  1.0000000000
-0.0491106034 -0.0988180429 -0.0894414792 -0.0899557127 -0.0938925990 -0.1254724520  0.1050998493 -0.1258297821 -0.1844096684  0.1347460999 -0.1449388646 -0.1383248419 -0.0075708575  1.0000000000
-0.0471185299 -0.0946831024 -0.0850362384 -0.0845521612 -0.0873936329 -0.1152981955  0.0952842458 -0.1128990761 -0.1586924479  0.1102980114 -0.1153539590 -0.1041259362 -0.0053115412  1.0000000000
-0.2813093343 -0.6705282729  7.8382290567  0.3631272875  0.2077881724  0.1735850021 -0.1039343868  0.1017945712  0.0852188782 -0.0404943952  0.0361690808  0.0255573684  0.0010364501  1.0000000000
-0.0471291603 -0.0947051385 -0.0850595345 -0.0845804135 -0.0874272833 -0.1153502075  0.0953337557 -0.1129636279 -0.1588156065  0.1104094069 -0.1154850415 -0.1042692889 -0.0053203707  1.0000000000
-0.0471185116 -0.0946830643 -0.0850361982 -0.0845521125 -0.0873935748 -0.1152981057  0.0952841603 -0.1128989646 -0.1586922350  0.1102978189 -0.1153537324 -0.1041256883 -0.0053115259  1.0000000000
-0.0471184862 -0.0946830117 -0.0850361426 -0.0845520451 -0.0873934945 -0.1152979816  0.0952840422 -0.1128988107 -0.1586919414  0.1102975533 -0.1153534199 -0.1041253467 -0.0053115049  1.0000000000
-0.0471203943 -0.0946869672 -0.0850403240 -0.0845571158 -0.0873995339 -0.1153073159  0.0952929269 -0.1129103942 -0.1587140380  0.1103175355 -0.1153769311 -0.1041510533 -0.0053130878  1.0000000000
-0.0471217353 -0.0946897469 -0.0850432626 -0.0845606795 -0.0874037783 -0.1153138762  0.0952991714 -0.1129185356 -0.1587295693  0.1103315816 -0.1153934585 -0.1041691253 -0.0053142006  1.0000000000
-0.0471184862 -0.0946830117 -0.0850361426 -0.0845520451 -0.0873934945 -0.1152979816  0.0952840422 -0.1128988107 -0.1586919414  0.1102975533 -0.1153534199 -0.1041253467 -0.0053115049  1.0000000000
-0.0471292298 -0.0947052828 -0.0850596886 -0.0845806033 -0.0874275126 -0.1153505692  0.0953341078 -0.1129640956 -0.1588165805  0.1104104218 -0.1154863691 -0.1042712695 -0.0053206977  1.0000000000
-0.0471385933 -0.0947246937 -0.0850802155 -0.0846055087 -0.0874571892 -0.1153964655  0.0953778248 -0.1130211251 -0.1589256656  0.1105095172 -0.1156033889 -0.1044008196 -0.0053292703  1.0000000000
-0.0471173914 -0.0946887020 -0.0850436299 -0.0845613492 -0.0874046611 -0.1153153469  0.0953006503 -0.1129205325 -0.1587338469  0.1103359464 -0.1153989381 -0.1041759212 -0.0053146907  2.0000000000
-0.0726202456 -0.1483119840 -0.1468795476 -0.1708588294 -0.2049987399 -0.3382157910  0.3713138418 -0.5779641439  7.7236097460 -0.4990526620  0.3739211277  0.2419149231  0.0116483672  2.0000000000
-0.0785314584 -0.1612001964 -0.1653426442 -0.2074198182 -0.2753170669 -0.5754266095  1.2058084087  8.4360761406  0.4229214410 -0.1397560024  0.1138860189  0.0724066143  0.0027339081  2.0000000000
-0.0483333916 -0.0972034718 -0.0877132154 -0.0878210461 -0.0913099617 -0.1213979595  0.1011371625 -0.1205771061 -0.1737028195  0.1242692362 -0.1320566599 -0.1229636333 -0.0065165378  2.0000000000
-0.0497849631 -0.1002214498 -0.0909593576 -0.0918595153 -0.0962263835 -0.1292190477  0.1088118712 -0.1308222138 -0.1952320804  0.1462859069 -0.1600021077 -0.1599194476  0.0608973579  2.0000000000
-0.0471187699 -0.0946835998 -0.0850367642 -0.0845527989 -0.0873943923 -0.1152993693  0.0952853630 -0.1129005327 -0.1586952262  0.1103005237 -0.1153569148 -0.1041291678 -0.0053117402  2.0000000000
-0.0679283914 -0.1383824190 -0.1350242343 -0.1535462900 -0.1805906935 -0.2901047709  0.3096024667 -0.4715105887  5.7932357140 -0.3458843792  0.2531425871  0.1702252902  0.0120443209  2.0000000000
-0.0482645750 -0.0914512514 -0.0848134321 -0.0844458108 -0.0873142369 -0.1152207096  0.0952350127 -0.1128513047 -0.1586825631  0.1096260048 -0.1152643018 -0.1040940875 -0.0053110591  2.0000000000
-2.6169617677  7.2088445992  0.4421850829  0.1863658723  0.1295536264  0.1199807204 -0.0757678355  0.0761162570  0.0670926744 -0.0327180121  0.0294783818  0.0210750527  0.0008628381  2.0000000000
-0.0471203627 -0.0946870002 -0.0850410839 -0.0845600457 -0.0874067929 -0.1153402162  0.0948541716 -0.1128422236 -0.1586680634  0.1102861349 -0.1153427113 -0.1041168975 -0.0053111139  2.0000000000
-0.0471184862 -0.0946830117 -0.0850361426 -0.0845520451 -0.0873934945 -0.1152979816  0.0952840422 -0.1128988107 -0.1586919414  0.1102975533 -0.1153534199 -0.1041253467 -0.0053115049  2.0000000000
-0.0471184875 -0.0946830144 -0.0850361454 -0.0845520485 -0.0873934987 -0.1152979882  0.0952840485 -0.1128988190 -0.1586919579  0.1102975690 -0.1153534389 -0.1041253687 -0.0053115063  2.0000000000
-0.0512201342 -0.1032367158 -0.0944016100 -0.0965195597 -0.1023094118 -0.1397966570  0.1201838308 -0.1470943344 -0.2404219299  0.2123905135 -0.2655033729 -0.4106952524  3.1511090668  2.0000000000
-0.0472410242 -0.0949370398 -0.0853047810 -0.0848779872 -0.0877818688 -0.1158985839  0.0958560582 -0.1136449175 -0.1601177189  0.1115895145 -0.1168752238 -0.1057927466 -0.0054144313  2.0000000000
-0.0471184862 -0.0946830117 -0.0850361426 -0.0845520451 -0.0873934945 -0.1152979816  0.0952840422 -0.1128988107 -0.1586919414  0.1102975533 -0.1153534199 -0.1041253467 -0.0053115049  2.0000000000
-0.0473848336 -0.0952360142 -0.0856261941 -0.0852774292 -0.0882675678 -0.1166697048  0.0966107687 -0.1146499734 -0.1622014228  0.1136637551 -0.1194471128 -0.1089038595 -0.0056311199  2.0000000000
-0.0471187598 -0.0946835789 -0.0850367422 -0.0845527724 -0.0873943609 -0.1152993210  0.0952853174 -0.1129004735 -0.1586951159  0.1103004269 -0.1153568031 -0.1041290505 -0.0053117182  2.0000000000
-0.0471226328 -0.0946916558 -0.0850456618 -0.0845648925 -0.0874126180 -0.1152203300  0.0952908947 -0.1129126163 -0.1587266008  0.1103308275 -0.1153931511 -0.1041695072 -0.0053142283  2.0000000000
-0.0471184865 -0.0946830123 -0.0850361431 -0.0845520457 -0.0873934953 -0.1152979829  0.0952840433 -0.1128988122 -0.1586919443  0.1102975559 -0.1153534231 -0.1041253501 -0.0053115051  2.0000000000
-0.0471184869 -0.0946830132 -0.0850361441 -0.0845520469 -0.0873934967 -0.1152979851  0.0952840455 -0.1128988150 -0.1586919496  0.1102975607 -0.1153534287 -0.1041253562 -0.0053115055  2.0000000000
-0.0471188150 -0.0946836932 -0.0850368631 -0.0845529191 -0.0873945358 -0.1152995921  0.0952855788 -0.1129007608 -0.1586957465  0.1103009970 -0.1153574729 -0.1041297801 -0.0053117780  2.0000000000
-0.0471185068 -0.0946830544 -0.0850361877 -0.0845520997 -0.0873935596 -0.1152980823  0.0952841380 -0.1128989356 -0.1586921797  0.1102977688 -0.1153536735 -0.1041256239 -0.0053115219  2.0000000000
-0.0472210643 -0.0948956951 -0.0852612620 -0.0848255462 -0.0877197475 -0.1158032488  0.0957659847 -0.1135281509 -0.1598999898  0.1113978586 -0.1166530720 -0.1055568794 -0.0054004278  2.0000000000
-0.0471303604 -0.0947076262 -0.0850621647 -0.0845836035 -0.0874310833 -0.1153560818  0.0953393482 -0.1129709203 -0.1588295261  0.1104220040 -0.1154998697 -0.1042855151 -0.0053213705  2.0000000000
 0.3572041292  0.0660807769 -0.0568639519 -0.0690065411 -0.0746730261 -0.1012675044  0.0849541595 -0.1013919385 -0.1445844537  0.1011317656 -0.1059511603 -0.0958048145 -0.0048900962  2.0000000000
-0.0415913342 -0.0932970929 -0.0854278777 -0.0853018681 -0.0883845821 -0.1169443620  0.0969303859 -0.1151106964 -0.1633276584  0.1149030841 -0.1210511433 -0.1109963893 -0.0057907362  2.0000000000
-0.0785314683 -0.1612002168 -0.1653426647 -0.2074198414 -0.2753170930 -0.5754266473  1.2058084424  8.4360760987  0.4229213733 -0.1397559502  0.1138859621  0.0724065599  0.0027339052  2.0000000000
-0.0611879528 -0.1241428087 -0.1180970613 -0.1285399584 -0.1443998826 -0.2146056180  0.2039308052 -0.2725090894 -0.7525173482 -8.6736378475  0.8938988214  0.3051645611  0.0091910688  2.0000000000
-0.0483725060 -0.0974079180 -0.0890301093 -0.0956388388  0.0629435618 -0.1016598704  0.0887065632 -0.1066620348 -0.1529335736  0.1070569333 -0.1115593625 -0.1013842172 -0.0051801161  2.0000000000
-0.0472260021 -0.0949059300 -0.0852720965 -0.0848388001 -0.0877357875 -0.1158290147  0.0957924184 -0.1135662153 -0.1596076727  0.1113945541 -0.1166540958 -0.1055540455 -0.0053984543  2.0000000000
-0.0471302844 -0.0947074686 -0.0850619980 -0.0845834012 -0.0874308421 -0.1153557085  0.0953389925 -0.1129704561 -0.1588286369  0.1104211955 -0.1154989153 -0.1042844642 -0.0053213051  2.0000000000
-0.0471305040 -0.0947079324 -0.0850625433 -0.0845841735 -0.0874318921 -0.1153576439  0.0953412238 -0.1129738549 -0.1588428402  0.1101906583 -0.1154714633 -0.1042728295 -0.0053208864  2.0000000000
-0.0471184873 -0.0946830140 -0.0850361453 -0.0845520492 -0.0873935009 -0.1152979973  0.0952840800 -0.1128985195 -0.1586919216  0.1102975448 -0.1153534121 -0.1041253407 -0.0053115046  2.0000000000
-0.0494821212 -0.0996295396 -0.0905744996 -0.0918956754 -0.0968832638 -0.1317687869  0.1132357692 -0.1391959353 -0.2554516450 -1.3031381164  0.0459528827 -0.0395454372 -0.0030580747  2.0000000000
-0.0471185068 -0.0946830544 -0.0850361877 -0.0845520997 -0.0873935596 -0.1152980823  0.0952841380 -0.1128989356 -0.1586921797  0.1102977688 -0.1153536735 -0.1041256239 -0.0053115219  2.0000000000
-0.0471189820 -0.0946840396 -0.0850372291 -0.0845533627 -0.0873950638 -0.1153004071  0.0952863508 -0.1129018206 -0.1586976828  0.1103027452 -0.1153595287 -0.1041320256 -0.0053119161  2.0000000000
-0.0471184862 -0.0946830117 -0.0850361426 -0.0845520451 -0.0873934945 -0.1152979816  0.0952840422 -0.1128988107 -0.1586919414  0.1102975533 -0.1153534199 -0.1041253467 -0.0053115049  2.0000000000
-0.0471184869 -0.0946830132 -0.0850361441 -0.0845520469 -0.0873934967 -0.1152979851  0.0952840454 -0.1128988149 -0.1586919495  0.1102975606 -0.1153534286 -0.1041253561 -0.0053115055  2.0000000000
-0.0472184196 -0.0948902871 -0.0852560090 -0.0848200331 -0.0877140860 -0.1157964052  0.0957614635 -0.1135243404 -0.1599101939  0.1114294144 -0.1167075349 -0.1056653492 -0.0050943468  2.0000000000
-0.0473971828 -0.0952608422 -0.0856476782 -0.0852948654 -0.0882794430 -0.1166697601  0.0965922144 -0.1146067981 -0.1619684628  0.1132797935 -0.1188746905 -0.1080013452 -0.0055520888  2.0000000000
-0.0538536716 -0.1087309215 -0.1004307310 -0.1042487236 -0.1119688971 -0.1557173563  0.1364236743 -0.1694583592 -0.2944615218  0.2807908745 -0.3668694123 -0.6209471954  5.3632920011  2.0000000000
-0.0471185640 -0.0946831729 -0.0850363131 -0.0845522519 -0.0873937410 -0.1152983628  0.0952844052 -0.1128992843 -0.1586928466  0.1102983738 -0.1153543866 -0.1041264062 -0.0053115703  2.0000000000
-0.1162103559 -0.2447923086 -0.3048630721 -0.6940114557  8.1685497041  0.6327203162 -0.2650395002  0.2284721536  0.1558189602 -0.0683969732  0.0597184216  0.0411213818  0.0016405525  2.0000000000
-0.0471192178 -0.0946845294 -0.0850377557 -0.0845540233 -0.0873958863 -0.1153018230  0.0952882682 -0.1128958685 -0.1586996343  0.1103047515 -0.1153619494 -0.1041347461 -0.0053120866  2.0000000000
-0.0501311595 -0.1009401434 -0.0917259510 -0.0928028107 -0.0973655317 -0.1310156436  0.1105633536 -0.1331529461 -0.2001615245  0.1516419706 -0.1673029596 -0.1727829355  0.1711233490  2.0000000000
-0.0472214149 -0.0948963911 -0.0852618103 -0.0848258804 -0.0877198145 -0.1158026969  0.0957648314 -0.1135260592 -0.1598830280  0.1113829807 -0.1166323147 -0.1055270343 -0.0053980164  2.0000000000
-0.0564979217 -0.1142488298 -0.1065049861 -0.1121142932 -0.1219345174 -0.1725632587  0.1542326149 -0.1948374315 -0.3696456846  0.4282783577 -0.7002368120  8.9215698994  0.0240241363  2.0000000000
-2.6166979156  7.2088966035  0.4421419173  0.1863081621  0.1294874744  0.1198856930 -0.0756843489  0.0760137167  0.0669344214 -0.0326010760  0.0293533158  0.0209585375  0.0008567411  2.0000000000
-0.0475652103 -0.0956164135 -0.0860708898 -0.0859044849 -0.0891200531 -0.1182476304  0.0984463268 -0.1174729804 -0.1746926566 -0.1096628767 -0.0911014490 -0.0950679939 -0.0050229065  2.0000000000
-0.0564961004 -0.1142450711 -0.1065011129 -0.1121097631 -0.1219292792 -0.1725554579  0.1542254602 -0.1948283551 -0.3696300238  0.4282655868 -0.7002225375  8.9215837831  0.0240249280  2.0000000000
-0.0543616103 -0.1099048276 -0.1025202418 -0.1088052626 -0.1202677183 -0.1771783183  0.1713637416 -0.2404145336  1.9691307139 -0.0551126951  0.0208633435  0.0067392947  0.0041164511  2.0000000000
-0.0471257406 -0.0946980527 -0.0850520638 -0.0845713939 -0.0874165873 -0.1153337862  0.0953182584 -0.1129435847 -0.1587794859  0.1103875622 -0.1152971718 -0.1042115429 -0.0053171066  2.0000000000
-0.0471210335 -0.0946883256 -0.0850419733 -0.0845595308 -0.0874028758 -0.1153135350  0.0953000530 -0.1129210660 -0.1587492405  0.1103839260 -0.1155122935 -0.1016736069 -0.0053035359  2.0000000000
-0.0472461951 -0.0949477649 -0.0853161576 -0.0848918520 -0.0877984512 -0.1159243523  0.0958807229 -0.1136772108 -0.1601803441  0.1116472146 -0.1169437908 -0.1058691356 -0.0054192394  2.0000000000
-0.0471884095 -0.0948279672 -0.0851894397 -0.0847380512 -0.0876151390 -0.1156407665  0.0956105364 -0.1133246987 -0.1595060396  0.1110355930 -0.1162230414 -0.1050789770 -0.0053670245  2.0000000000
-0.0514584883 -0.1039867061 -0.0972857382 -0.1076520149 -0.1390495200  0.4817002411  0.0369723867 -0.0676566411 -0.1251312110  0.0923296693 -0.0979945294 -0.0899212512 -0.0046355986  2.0000000000
-0.0570061963 -0.1152638789 -0.1073296809 -0.1126207058 -0.1219672570 -0.1712728067  0.1513896152 -0.1891863501 -0.3348519790  0.3234130526 -0.4242386576 -0.7201835157  6.2027794969  2.0000000000
-0.0628172720 -0.1275069372 -0.1215775235 -0.1326464483 -0.1491981965 -0.2218862435  0.2107919601 -0.2814569677 -0.7718869383 -8.7792683742  0.8968071524  0.3003773575  0.0088217299  2.0000000000
-0.0471190894 -0.0946842621 -0.0850374644 -0.0845536480 -0.0873954036 -0.1153009323  0.0952868507 -0.1129024722 -0.1586989259  0.1103038693 -0.1153608512 -0.1041334716 -0.0053120051  2.0000000000
-0.0471408704 -0.0947310129 -0.0850994643 -0.0846717876 -0.0876618846 -0.1121868853  0.0949792366 -0.1126617759 -0.1585145440  0.1102016378 -0.1152602718 -0.1040483853 -0.0053078015  2.0000000000
-0.1161865668 -0.2447434648 -0.3048138295 -0.6939523692  8.1685080287  0.6327932363 -0.2651072218  0.2285568650  0.1559548837 -0.0685007544  0.0598191931  0.0412256926  0.0016461027  2.0000000000
-0.0483332996 -0.0972032812 -0.0877130149 -0.0878208047 -0.0913096758 -0.1213975210  0.1011367483 -0.1205765693 -0.1737018187  0.1242683542 -0.1320556364 -0.1229625433 -0.0065164727  2.0000000000
-0.0471184862 -0.0946830117 -0.0850361426 -0.0845520451 -0.0873934945 -0.1152979816  0.0952840422 -0.1128988107 -0.1586919414  0.1102975533 -0.1153534199 -0.1041253467 -0.0053115049  2.0000000000
-0.0471184895 -0.0946830185 -0.0850361497 -0.0845520537 -0.0873935048 -0.1152979975  0.0952840573 -0.1128988304 -0.1586919790  0.1102975873 -0.1153534600 -0.1041253904 -0.0053115076  2.0000000000
-0.0970166172 -0.2016329374 -0.2257186553 -0.3494750779 -0.6790917696  6.7120304612 -0.5704344296  0.4029285991  0.2219244537 -0.0922101726  0.0796225443  0.0543731126  0.0021718438  2.0000000000
-0.0963965694 -0.2002797964 -0.2237624333 -0.3453458357 -0.6690996164  6.5861977304 -0.5571993825  0.3921501438  0.2126885850 -0.0866935706  0.0740529539  0.0495108915  0.0019273878  2.0000000000
-0.0983735568 -0.2045250092 -0.2294038467 -0.3561152111 -0.6934069244  6.8701765046 -0.5852134925  0.4140334108  0.2292733600 -0.0957258895  0.0828392560  0.0567704490  0.0022753653  2.0000000000
-0.0471192515 -0.0946845982 -0.0850378197 -0.0845540788 -0.0873959167 -0.1153017254  0.0952876056 -0.1129034565 -0.1587008034  0.1103055672 -0.1153628490 -0.1041356559 -0.0053121396  2.0000000000
-0.0471358116 -0.0947189288 -0.0850741293 -0.0845981417 -0.0874484277 -0.1153829473  0.0953649776 -0.1130043922 -0.1588938056  0.1104805779 -0.1155690717 -0.1043617699 -0.0053261091  2.0000000000
-0.0471192700 -0.0946846364 -0.0850378601 -0.0845541278 -0.0873959751 -0.1153018156  0.0952876914 -0.1129035684 -0.1587010170  0.1103057602 -0.1153630761 -0.1041359043 -0.0053121549  2.0000000000
-0.0471372510 -0.0947219102 -0.0850772663 -0.0846019199 -0.0874529012 -0.1153898086  0.0953714563 -0.1130127869 -0.1589094306  0.1104943039 -0.1155849641 -0.1043786088 -0.0053271065  2.0000000000
-0.0471184883 -0.0946830161 -0.0850361472 -0.0845520506 -0.0873935011 -0.1152979919  0.0952840519 -0.1128988234 -0.1586919656  0.1102975752 -0.1153534457 -0.1041253748 -0.0053115066  3.0000000000
-0.0471184934 -0.0946830272 -0.0850361593 -0.0845520657 -0.0873935195 -0.1152980210  0.0952840805 -0.1128988614 -0.1586920449  0.1102976547 -0.1153535449 -0.1041254965 -0.0053115153  3.0000000000
-0.0589961698 -0.1195021364 -0.1125501912 -0.1204700741 -0.1331145491 -0.1929531597  0.1776138451 -0.2304242692 -0.5154896801  1.1085826131  8.8232965577  0.4585912830  0.0110407060  3.0000000000
-0.0472466457 -0.0949486990 -0.0853171447 -0.0848930481 -0.0877998750 -0.1159265512  0.0958828142 -0.1136799359 -0.1601855303  0.1116518921 -0.1169492865 -0.1058751282 -0.0054196072  3.0000000000
-0.0471549609 -0.0947586232 -0.0851160864 -0.0846490128 -0.0875090066 -0.1154765569  0.0954540599 -0.1131205149 -0.1591151761  0.1106806166 -0.1158043434 -0.1046188128 -0.0053419219  3.0000000000
-0.0471185213 -0.0946830844 -0.0850362195 -0.0845521383 -0.0873936055 -0.1152981532  0.0952842055 -0.1128990236 -0.1586923474  0.1102979206 -0.1153538521 -0.1041258192 -0.0053115340  3.0000000000
-0.0474466122 -0.0953632783 -0.0857558002 -0.0854256867 -0.0884349552 -0.1169095157  0.0968198312 -0.1149029668 -0.1625290224  0.1137821372 -0.1194628321 -0.1086383187 -0.0055908627  3.0000000000
-0.0491786680 -0.1004503862 -0.0914811660 -0.0925433440 -0.0970657520 -0.1305537101  0.1101132270 -0.1325464795 -0.1986817734  0.1494177803 -0.1634920634 -0.1617457313 -0.0093050029  3.0000000000
-0.0471372510 -0.0947219102 -0.0850772663 -0.0846019199 -0.0874529012 -0.1153898086  0.0953714563 -0.1130127869 -0.1589094306  0.1104943039 -0.1155849641 -0.1043786088 -0.0053271065  3.0000000000
-0.0471187695 -0.0946835990 -0.0850367636 -0.0845527984 -0.0873943921 -0.1152993696  0.0952853638 -0.1129005344 -0.1586952340  0.1103005355 -0.1153569317 -0.1041291926 -0.0053117421  3.0000000000
-0.0471247466 -0.0946959900 -0.0850498690 -0.0845687025 -0.0874133456 -0.1153286865  0.0953132916 -0.1129369680 -0.1587649031  0.1103637138 -0.1154313799 -0.1042108270 -0.0053167860  3.0000000000
-0.0471184862 -0.0946830117 -0.0850361426 -0.0845520451 -0.0873934945 -0.1152979816  0.0952840422 -0.1128988107 -0.1586919414  0.1102975533 -0.1153534199 -0.1041253467 -0.0053115049  3.0000000000
-0.0477164721 -0.1002858613 -0.0918296564 -0.0930332480 -0.0976661982 -0.1314925095  0.1110079001 -0.1337102776 -0.2008613803  0.1513395754 -0.1657236726 -0.1641316943 -0.0094489577  3.0000000000
-0.0471185114 -0.0946830646 -0.0850362036 -0.0845521387 -0.0873932199 -0.1152980941  0.0952841802 -0.1128990152 -0.1586925938  0.1102994087 -0.1153367324 -0.1041242906 -0.0053114741  3.0000000000
-0.0471185203 -0.0946830823 -0.0850362172 -0.0845521356 -0.0873936023 -0.1152981483  0.0952842008 -0.1128990176 -0.1586923362  0.1102979106 -0.1153538405 -0.1041258072 -0.0053115334  3.0000000000
-0.0471184862 -0.0946830117 -0.0850361426 -0.0845520451 -0.0873934945 -0.1152979816  0.0952840422 -0.1128988107 -0.1586919414  0.1102975533 -0.1153534199 -0.1041253467 -0.0053115049  3.0000000000
-0.0472619177 -0.0949809375 -0.0853548272 -0.0849453205 -0.0878689881 -0.1160476482  0.0960128187 -0.1138646963 -0.1606639969  0.1122446068 -0.1177738566 -0.1071728555 -0.0011913212  3.0000000000
-0.0472859044 -0.0950307384 -0.0854079523 -0.0850105897 -0.0879475699 -0.1161707691  0.0961316034 -0.1140210747 -0.1609714597  0.1125227550 -0.1180884352 -0.1073915477 -0.0055371877  3.0000000000
-0.0471569335 -0.0947627129 -0.0851204141 -0.0846542686 -0.0875152740 -0.1154862592  0.0954633103 -0.1131325905 -0.1591383262  0.1107016718 -0.1158291943 -0.1046461462 -0.0053436169  3.0000000000
-0.0471184862 -0.0946830117 -0.0850361426 -0.0845520451 -0.0873934945 -0.1152979817  0.0952840422 -0.1128988107 -0.1586919414  0.1102975533 -0.1153534200 -0.1041253467 -0.0053115049  3.0000000000
-0.0471184865 -0.0946830123 -0.0850361431 -0.0845520457 -0.0873934953 -0.1152979829  0.0952840433 -0.1128988122 -0.1586919443  0.1102975559 -0.1153534231 -0.1041253501 -0.0053115051  3.0000000000
-0.0471184862 -0.0946830117 -0.0850361426 -0.0845520451 -0.0873934945 -0.1152979816  0.0952840422 -0.1128988107 -0.1586919414  0.1102975533 -0.1153534199 -0.1041253467 -0.0053115049  3.0000000000
-0.0471184862 -0.0946830117 -0.0850361426 -0.0845520451 -0.0873934945 -0.1152979816  0.0952840422 -0.1128988107 -0.1586919414  0.1102975533 -0.1153534199 -0.1041253467 -0.0053115049  3.0000000000
-0.0477420077 -0.0959932341 -0.0865401411 -0.0866363547 -0.0902163402 -0.1206054985  0.1018012259 -0.1238108842  0.0225149813  0.0963222809 -0.1039114580 -0.0949505807 -0.0045488009  3.0000000000
-0.0471184864 -0.0946830121 -0.0850361430 -0.0845520455 -0.0873934950 -0.1152979825  0.0952840430 -0.1128988117 -0.1586919434  0.1102975552 -0.1153534222 -0.1041253492 -0.0053115050  3.0000000000
-0.0473450830 -0.0951528329 -0.0855334357 -0.0851562154 -0.0881141957 -0.1164141311  0.0963486688 -0.1142890450 -0.1613605747  0.1127281900 -0.1182244332 -0.1072877097 -0.0055079436  3.0000000000
-0.0471205544 -0.0946872992 -0.0850406767 -0.0845575466 -0.0874000502 -0.1153081208  0.0952937005 -0.1129114110 -0.1587160696  0.1103175478 -0.1153788302 -0.1041533161 -0.0053132327  3.0000000000
-0.0471192131 -0.0946845187 -0.0850377374 -0.0845539822 -0.0873958049 -0.1153015592  0.0952874542 -0.1129032661 -0.1587004954  0.1103053521 -0.1153626401 -0.1041355286 -0.0053121404  3.0000000000
-0.0471307224 -0.0947083814 -0.0850629922 -0.0845846587 -0.0874323923 -0.1153582101  0.0953414780 -0.1129738007 -0.1588357994  0.1104284915 -0.1155080253 -0.1042955278 -0.0053220681  3.0000000000
-0.0500635792 -0.1007988887 -0.0915690838 -0.0925975417 -0.0971037761 -0.1305711591  0.1100937531 -0.1324869044 -0.1983169453  0.1488143412 -0.1625939612 -0.1603286556 -0.0091792827  3.0000000000
 7.2066144360  2.5164764508  0.3951824476  0.1795586913  0.1278130821  0.1206800115 -0.0773658794  0.0784943901  0.0715239991 -0.0360650787  0.0330535329  0.0243799078  0.0010341082  3.0000000000
-0.0584804810 -0.1184863511 -0.1118776269 -0.1207473924 -0.1352191827 -0.2021475705  0.1977236834 -0.2786437536  2.1384281107 -0.0082410818 -0.0542614641 -0.1308592421 -0.0175833996  3.0000000000
-0.0471255550 -0.0946976649 -0.0850516338 -0.0845708326 -0.0874158727 -0.1153325727  0.0953169719 -0.1129417484 -0.1587739117  0.1103719686 -0.1154367862 -0.1042203307 -0.0053173619  3.0000000000
-0.0551684786 -0.1115367167 -0.1039631349 -0.1098944704 -0.1206403310 -0.1750039752  0.1647114235 -0.2237642863  1.2558058777  0.0554222375 -0.1028866264 -0.1599625247 -0.0180697084  3.0000000000
-0.0499148429 -0.1004910469 -0.0912465385 -0.0922113772 -0.0966487245 -0.1298773459  0.1094424198 -0.1316464587 -0.1967750073  0.1474768761 -0.1610533683 -0.1587068286 -0.0090833890  3.0000000000
 7.2098442869  2.5170895787  0.3946259286  0.1788219541  0.1269705921  0.1194717308 -0.0763053827  0.0771925138  0.0695166047 -0.0345821546  0.0314666664  0.0229000507  0.0009565268  3.0000000000
-0.0471184862 -0.0946830117 -0.0850361426 -0.0845520451 -0.0873934945 -0.1152979816  0.0952840422 -0.1128988107 -0.1586919413  0.1102975533 -0.1153534199 -0.1041253467 -0.0053115049  3.0000000000
-0.0471208317 -0.0946878757 -0.0850412977 -0.0845583248 -0.0874010098 -0.1153096942  0.0952953375 -0.1129137747 -0.1587011994  0.1103203035 -0.1153806730 -0.1041553952 -0.0053132927  3.0000000000
-0.0840325667 -0.1731442645 -0.1822417412 -0.2419398396 -0.3489991145 -0.9461292075 -8.3610300973  1.0002649538  0.3110241657 -0.1143179088  0.0952983078  0.0620778704  0.0023801286  3.0000000000
-0.0471184876 -0.0946830147 -0.0850361457 -0.0845520488 -0.0873934990 -0.1152979886  0.0952840488 -0.1128988193 -0.1586919578  0.1102975681 -0.1153534374 -0.1041253658 -0.0053115061  3.0000000000
-0.0472258003 -0.0949103039 -0.0852800002 -0.0848529258 -0.0877571322 -0.1158709316  0.0958405953 -0.1136359375 -0.1601911521  0.1117641503 -0.1171585791 -0.1062880134 -0.0054616417  3.0000000000
-0.0472245706 -0.0949029347 -0.0852687395 -0.0848343022 -0.0877298611 -0.1158182465  0.0957796332 -0.1135453209 -0.1599280512  0.1114183292 -0.1166740125 -0.1055731786 -0.0054009429  3.0000000000
-0.0474112086 -0.0952899116 -0.0856783775 -0.0853320391 -0.0883236626 -0.1167379946  0.0966570545 -0.1146912269 -0.1621287231  0.1134239061 -0.1190437427 -0.1081851306 -0.0055633295  3.0000000000
-0.0471185076 -0.0946830571 -0.0850361988 -0.0845521361 -0.0873936458 -0.1152984622  0.0952791515 -0.1128981669 -0.1586916698  0.1102974235 -0.1153532982 -0.1041252506 -0.0053115004  3.0000000000
-0.0840322044 -0.1731435207 -0.1822409960 -0.2419390000 -0.3489981711 -0.9461278490 -8.3610312987  1.0002664511  0.3110265705 -0.1143197500  0.0953003085  0.0620797800  0.0023802308  3.0000000000
-0.0530909092 -0.1071132028 -0.0984894866 -0.1014542224 -0.1081566589 -0.1487523877  0.1285942955 -0.1579060654 -0.2587947882  0.2220321771 -0.2658735280 -0.3312707456 -0.0308020724  3.0000000000
-0.0530989460 -0.1071298096 -0.0985067258 -0.1014745919 -0.1081804045 -0.1487881052  0.1286273746 -0.1579483239 -0.2588695143  0.2220945605 -0.2659440168 -0.3313424618 -0.0308061646  3.0000000000
-0.0589958599 -0.1195014918 -0.1125494807 -0.1204689840 -0.1331199791 -0.1929526356  0.1776131267 -0.2304232764 -0.5154877911  1.1085810361  8.8232983207  0.4585930513  0.0110408045  3.0000000000
