-7.544751e-02  0.000000e+00  0.000000e+00  0.000000e+00  0.000000e+00  0.000000e+00  2.590104e-11  0.000000e+00  1.772923e-08  0.000000e+00 -1.054635e-01  0.000000e+00  0.000000e+00  1.000000e+00
-7.546026e-02  4.289079e-02 -3.436179e-02  5.510013e-02 -4.738877e-02 -2.965714e-01  1.696679e-01  1.394084e-02  4.063205e-03  4.742348e-03  2.019428e+00  3.013006e-02  7.131056e-03  1.000000e+00
-7.547382e-02  1.630376e-01 -2.251254e-01  8.642520e-02 -5.545123e-02 -2.277828e-01  2.349645e+00  8.336816e-04  5.511263e-01 -6.573466e-02 -8.952236e-01  1.073464e-01 -3.515750e-02  1.000000e+00
-7.548712e-02 -1.746110e+00  1.498781e+00 -4.107866e-01  7.224594e-02 -9.457806e-02 -1.070951e+00 -1.431058e-01  2.446650e+00 -1.908336e-01  1.338431e+00 -2.147742e+00 -7.122991e-02  1.000000e+00
-7.544839e-02 -3.681503e-02 -1.417617e-01  3.578780e-01  4.622712e-01 -1.683781e-02  3.681400e-02 -1.450608e-01 -4.932447e-01  3.071062e-02 -3.692723e+00  2.215439e-01  9.625281e-02  1.000000e+00
-7.544842e-02  1.171541e-01 -6.553358e-02 -1.985197e-01 -1.685818e-01  1.815866e-01 -2.702218e-01  6.689919e-02  1.689366e-02  1.139096e-01  9.939341e+00  1.673090e-01 -3.457551e-02  1.000000e+00
-7.544839e-02  7.536374e-01  1.147365e-01  1.198846e+00  3.237737e-01 -1.167608e-02  2.582711e+00 -2.328473e-01  3.952205e-01 -2.186759e-03  1.240564e+00  8.745746e-02 -8.920670e-02  1.000000e+00
-7.544849e-02  2.856453e-01 -1.749966e-01 -7.133146e-04  2.513094e-02  1.213454e+00 -2.247629e-01 -1.140903e-01 -2.473872e-01 -1.419807e-01 -1.722277e+00  4.115711e-01 -1.627075e-01  1.000000e+00
-7.544849e-02  2.303356e-01 -1.061444e-01  1.302471e-01 -1.419675e-02  4.672093e-01 -3.106138e-01  1.265546e-01 -1.882455e-01 -1.972229e-01  1.543536e+00  8.217132e-02  6.954667e-02  1.000000e+00
-7.544849e-02 -1.829179e-01 -2.036032e-01 -6.383323e-01 -5.180320e-01 -9.089085e-01  3.153755e-01 -2.304800e-01  6.178968e-01  1.780255e-01  6.863748e-01 -2.604502e-02  9.850067e-01  1.000000e+00
-7.544846e-02  9.038228e-02 -9.542323e-02  1.964061e-01 -5.341387e-01 -2.732295e-01 -9.193879e-01  1.539378e-01 -5.054127e-01  1.019853e-01  5.443048e-01  8.284285e-02  2.702878e-01  1.000000e+00
-7.544849e-02 -1.140721e-01 -1.532384e-01 -3.054156e-02 -4.869371e-01  4.530475e-02 -2.083377e-01 -3.238850e-03 -2.151629e-01  7.096751e-02  4.184817e-01  1.001440e-01  3.157399e-01  1.000000e+00
-7.544847e-02  3.029371e-02  7.330310e-01  2.352169e-01 -1.813557e-01 -1.216513e-01 -2.031949e-01  4.407553e-02  1.688724e-01 -6.058230e-01  6.044234e-01  1.396150e-01 -6.146792e-01  1.000000e+00
-7.544859e-02 -1.881484e-01 -1.553343e-01 -3.816522e-01 -6.745263e-02 -7.210056e-02  6.822626e-02  1.579357e-01 -1.406507e+00  4.121987e-02  2.058895e-01  5.850522e-02  2.598648e-01  1.000000e+00
-7.544856e-02  4.136854e-01 -1.368700e-02 -8.271698e-01  1.801262e-01  1.477448e+00  1.216650e-01  2.063049e-01  9.440158e-01 -4.349813e-01  3.107861e-01 -5.942759e-01 -4.120931e-01  1.000000e+00
-7.544845e-02  4.211407e-01  1.227394e-01  1.869508e-01  6.701307e-01 -1.325797e-01  7.242559e-01 -1.006190e-01  2.006388e+00  4.430513e-01  2.996230e-01 -5.655091e-01 -2.316904e-01  1.000000e+00
-7.544853e-02  4.435731e-01  4.523725e-01 -7.313003e-01  3.885988e-01  1.632740e+00  7.884634e-02 -2.941346e-01  4.696814e-02  3.827243e-01  3.002061e-01 -4.434371e-01  6.306272e-01  1.000000e+00
-7.544849e-02 -1.213940e-01  9.108600e-03 -8.281851e-02  2.145629e-01 -6.496427e-02 -1.196115e+00 -2.657166e-01 -8.242382e-01 -7.163606e-02  5.867499e-01  1.763046e-01  1.666260e-01  1.000000e+00
-7.544849e-02 -8.435870e-02  7.822218e-02  9.556139e-01 -4.818952e-01  7.014529e-01  2.102057e-01 -2.405276e-01 -6.191409e-01  2.003992e-01  7.776012e-01  1.436380e-01  1.121294e-01  1.000000e+00
-7.544845e-02 -1.192677e-02  2.678340e-01 -1.006524e+00 -2.849465e-01 -6.179575e-01 -2.785049e-01  8.671844e-02 -4.533644e+00 -8.883491e-01  4.325289e-02 -6.519872e-01 -4.467188e-01  1.000000e+00
-7.544855e-02  2.018612e-01 -1.760912e-01 -3.210638e-02  1.194875e-01 -4.882615e-01  1.892973e+00 -9.384191e-02  9.474593e+00  9.457417e-02  2.216414e-02  2.417613e-01 -1.877744e-01  1.000000e+00
-7.544845e-02  1.767111e-01 -6.676668e-01  5.924980e-01  8.666479e-01  3.511945e-01 -2.312873e-01 -3.752444e-01 -1.391214e+00 -9.375703e-02  1.606951e-01  4.932668e-01 -5.978172e-01  1.000000e+00
-7.544843e-02  2.997227e-01 -2.972967e-01 -5.594233e-01 -4.706018e-01 -1.130671e+00  5.045786e+00  7.186101e-02  4.950430e-02 -1.761136e-01  9.709166e-02 -2.647555e-02 -6.992150e-02  1.000000e+00
-7.544846e-02  7.419310e-01 -3.824936e-01  1.249869e-01 -3.267049e-01 -7.540560e-05 -6.450795e+00 -2.358745e-01  9.075882e-01 -3.351680e-01  7.536466e-02  4.956508e-01 -8.144094e-02  1.000000e+00
-7.544846e-02  2.387506e-01 -1.219588e-01 -3.828774e-02 -1.977167e-01 -4.052413e-01 -8.793574e+00 -4.929421e-02  1.677937e+00  6.156169e-02  9.330471e-02  3.404321e-01 -2.484663e-01  1.000000e+00
-7.544839e-02  5.166712e-01 -9.991736e-01 -1.113838e+00 -8.594606e-02  1.882410e+00  4.675101e-01 -8.641860e-01 -5.801263e-01  1.541876e+00 -2.571136e-03  9.924208e-01 -1.610158e+00  1.000000e+00
-7.544838e-02 -1.130844e+00  9.175175e-02 -3.341957e-01  7.583770e-01 -5.982141e-01  2.399007e-01  5.407299e-01  3.777360e-01  2.711798e-01 -1.032759e-01 -4.921255e-01 -5.563210e-01  1.000000e+00
-7.544838e-02  8.057261e-01  3.644525e-01  2.095383e-02 -3.927269e-01 -9.974993e-01  7.612553e-02 -6.976453e-02 -8.775890e-02 -6.432835e-01 -1.164750e-02 -1.186354e+00 -4.183117e-01  1.000000e+00
-7.544843e-02  3.848087e-01 -3.671652e-01 -6.393466e-01  5.368671e-01  2.308427e-01  2.279902e-01  1.289689e-01  2.982791e-01 -8.466118e-02 -1.337885e-04  7.293248e-01 -3.067036e-01  1.000000e+00
-7.544851e-02 -7.023164e-01  1.675412e-01 -3.031680e-01 -1.040325e-01  4.292417e-01  6.759431e-02  1.606891e-01 -2.251734e-01  3.073660e-01  1.331270e-02  7.352662e-02  4.254505e-01  1.000000e+00
-7.544843e-02  5.529997e-01 -2.180942e-01  1.692410e-01  1.532197e-01 -2.368595e-01 -5.273090e-02 -1.934908e-01  1.549064e-01  1.004740e-01 -3.411488e-02  1.510674e-01 -2.490291e-01  1.000000e+00
-7.544845e-02  1.281330e-01 -1.713563e-02  1.337143e-01  2.070939e-01 -2.280017e-01  5.065179e-01 -1.305719e-01  4.280625e-02  2.578686e-01 -1.903858e-01  1.831241e-01 -8.666884e-02  1.000000e+00
-7.544845e-02  3.191205e-02  2.706107e-03 -4.092765e-01  1.977361e-01  1.470312e-01 -3.908479e-02  3.971956e-01  1.796411e-01  6.939246e-02  2.157248e-01  5.773788e-02 -1.191770e-01  1.000000e+00
-7.544841e-02  1.214999e-01  9.734834e-02  1.126084e-01  1.212203e-01  9.788970e-03  4.982729e-02 -1.003825e-01 -2.847401e-02 -2.861901e-01 -1.876194e-01  3.223630e-02 -1.773970e-01  1.000000e+00
-7.544836e-02 -4.848394e-01  6.208731e-01  8.193350e-01  1.223386e+00 -3.191268e-01  2.614728e-01  5.330833e-03 -7.128997e-02  4.799857e-01 -1.295947e-01 -1.651285e-01 -1.120710e+00  1.000000e+00
-7.544834e-02 -5.664167e-01 -3.356246e-01 -3.465966e-02  4.804940e-01 -6.334446e-01  1.056597e-01  1.388373e-01  3.593266e-01 -2.405171e-01 -8.814972e-02 -2.260097e-01 -1.837809e-01  1.000000e+00
-7.544832e-02 -6.223461e-01 -5.840325e+00 -2.120840e-01  4.991271e-01 -4.235657e-01  2.323696e-01  3.978097e-02 -9.591595e-02 -4.271099e-01 -8.843487e-02 -7.662738e-01  2.245061e-02  1.000000e+00
-7.544831e-02  1.377925e-01  1.074315e+01 -1.009251e-01 -1.368762e-01  2.837375e-02  1.381552e-01 -6.868375e-02  1.686922e-01  4.073307e-02 -2.743647e-01  1.759929e-01 -2.745803e-01  1.000000e+00
-7.544838e-02  2.754861e-01 -4.311747e+00  6.991818e-02 -5.063465e-01  1.334120e-01  8.567810e-02 -8.270301e-02  1.006173e-02  3.523908e-01 -2.443381e-01  2.023527e-01  8.659865e-02  1.000000e+00
-7.544836e-02 -5.316695e-01 -2.313234e-01  2.724840e-01 -3.328701e+00 -6.602035e-01 -2.446326e-01  3.352741e-01  3.227399e-01 -2.534486e-01 -3.781166e-01  8.792623e-01 -4.822529e-01  1.000000e+00
-7.544836e-02  2.938257e-01 -1.857420e-01 -1.911643e-01 -8.987160e+00  6.171875e-02  1.197581e-01 -4.481324e-02  3.475132e-02  3.491347e-01 -4.097607e-01  2.593419e-01  1.989075e-01  1.000000e+00
-7.544834e-02 -4.059211e-01  3.502803e-02  2.732452e-01 -6.674844e+00 -4.320410e-01  2.927095e-01  8.698612e-02  2.940067e-01 -5.635591e-01 -2.680747e-01 -7.996957e-02 -1.441714e-01  1.000000e+00
-7.544834e-02  3.956198e-01 -5.359617e-01  2.152086e-01 -2.776903e+00 -6.702112e-01  1.687384e-01  6.903601e-01  6.865182e-01  1.277179e+00 -2.736736e-01  2.667977e-02 -1.105849e-01  1.000000e+00
-7.544834e-02  1.017221e-01 -1.746196e-01  1.929636e-01  1.070464e+00  5.625714e-01  2.337556e-01  1.202228e-01  2.153427e-01  6.354464e-01 -2.682059e-01  8.226561e-02 -1.952533e-01  1.000000e+00
-7.544832e-02 -3.267342e-03 -1.166125e-02  2.041298e-01  5.229718e-01 -5.549682e-01  1.931927e-01  6.772381e-02  1.401042e-01  2.757682e-02  7.760853e-03 -8.822214e-02 -2.440800e-01  1.000000e+00
-7.544841e-02 -4.100759e-01 -9.841266e-02 -9.788849e-01  3.238724e-01  1.188649e+00 -7.733457e-02  3.132069e-01  3.291963e-01  4.355725e-01 -2.445492e-01  2.649023e-01  1.341213e+00  1.000000e+00
-7.544832e-02  1.112803e+00 -1.291296e-01  8.740020e-01  8.848820e-01 -8.146170e-02 -2.398483e-01  8.939319e-02  9.922787e-01 -6.685979e-01 -3.034016e-02  1.178922e-02 -7.787002e-02  1.000000e+00
-7.544842e-02  1.943391e-01  9.474543e-02 -6.842944e-01 -9.580205e-02 -3.504375e-02 -1.609395e-01 -3.294138e-02 -1.842763e+00 -1.755657e-01  2.693121e-02  6.391063e-02 -2.810480e-01  1.000000e+00
-7.544845e-02 -7.602115e-01 -6.725937e-02  1.675719e-01  7.572284e-01 -1.645994e-01 -1.742353e-02  5.973740e-02  1.952091e-01 -9.783207e-01  3.902718e-02 -1.828499e-01 -3.973867e-01  1.000000e+00
-7.544835e-02 -8.013093e-01 -9.345701e-04  8.080750e-01  1.431298e-01 -4.947072e-01 -3.257829e-02 -1.039537e-01 -4.813930e-01 -5.611247e-01 -8.813106e-02  2.952321e-01  1.127582e-01  1.000000e+00
-7.544842e-02  1.670414e+00 -1.559691e-01  1.914025e-02  6.854589e-01  4.133093e-01 -4.842920e-02  3.912213e-01 -6.834198e-02  2.915923e+00 -9.845969e-02  3.453667e-02 -2.741903e-01  1.000000e+00
-7.544840e-02 -2.332078e-01 -2.174977e-01  6.511928e-01  2.464551e-01 -2.072935e-01  9.922288e-03 -7.085845e-01  4.853149e-01  9.922270e-01 -1.796852e-02 -1.375015e+00 -4.143366e-01  1.000000e+00
-7.544854e-02 -9.287840e-01 -4.260161e-02 -9.466942e-01 -2.119287e-01 -2.659960e-01  2.081243e-02  3.020449e-01  5.833203e-01 -9.691493e-01 -4.617984e-01 -4.330184e-01  1.317916e-01  1.000000e+00
-7.544854e-02 -4.540179e-01  5.380531e-02 -7.808899e-01 -3.114159e-02 -5.359948e-01 -1.606188e-01  4.119979e-01 -5.342227e-03 -3.165196e-01 -1.463563e-01  1.515570e-01  4.640220e-01  1.000000e+00
-7.544851e-02 -9.885236e-01 -1.310666e-01 -2.337076e-01  2.778356e-01  1.059570e+00 -1.397862e-01 -2.741600e-01  1.964912e-01  9.152220e-01 -3.456303e-01  3.481427e+00 -5.065041e-01  1.000000e+00
-7.544852e-02  1.864041e-01  1.762551e-02  2.694245e-02  3.537634e-02 -4.209393e-01 -2.425061e-01  1.291716e-01 -6.285177e-02  9.150802e-01 -5.536124e-01 -5.998825e+00  4.415750e-01  1.000000e+00
-7.544852e-02  1.067080e-01 -4.214836e-03 -2.579233e-02  2.768723e-01 -8.327234e-02  1.611311e-01  3.512747e-01  2.355281e-01 -1.527819e-01 -4.948600e-01  9.993544e+00  4.542311e-01  1.000000e+00
-7.544837e-02  7.064334e-01 -2.616846e-01  3.268311e-01  1.944060e-01  2.703185e-01 -2.030851e-01  4.663567e-01  1.008483e-01 -2.923711e-01 -3.966262e-01 -2.022571e-01  5.214789e-01  1.000000e+00
-7.544847e-02 -1.064373e+00  4.087962e-01 -5.652169e-01  1.929691e-01 -8.673592e-02  4.153329e-01  9.080680e-02 -4.655953e-02 -1.595309e+00 -5.221562e-01  4.106264e-01 -7.493029e-02  1.000000e+00
-7.544840e-02 -1.065747e+00  1.687999e-01 -3.128078e-01 -3.179679e-02  3.884826e-01 -8.692731e-01 -2.317527e-02 -4.370987e-01  2.133758e-01 -6.643492e-01 -3.566509e-01  1.409428e+00  2.000000e+00
-7.544846e-02  7.174379e-01  1.205625e-01 -6.223985e-02  1.575084e-01  3.274730e-01 -7.462583e-01  2.241794e-01 -1.041632e+00 -4.051702e-01 -5.665148e-01 -2.429578e-01  1.144555e-01  2.000000e+00
-7.544841e-02 -7.329831e-01  1.596532e-01 -2.760779e-01 -6.921367e-02  1.451819e-01  2.133278e-04 -1.493362e-01 -4.390593e-01 -1.453687e-01 -4.373769e-01  9.190393e-02  1.026484e+00  2.000000e+00
-7.544834e-02 -1.285446e-02 -1.697827e-01 -1.477857e-01 -3.356991e-01  1.785829e-01 -8.725096e-02  3.219992e-02  3.076561e-02  1.242827e-02 -5.495499e-01  3.601817e-02  1.917608e-03  2.000000e+00
-7.544832e-02  5.026508e-01 -8.186935e-02 -1.415802e-01  1.037788e-02  4.370693e-02 -8.505821e-02  4.647176e-01 -8.184440e-02  1.549212e-01 -5.598419e-01 -1.034925e-01 -6.479222e-02  2.000000e+00
-7.544828e-02  7.872018e-01 -1.978636e-01 -2.778396e-01  5.198094e-02  2.707163e-01  6.341095e-02  4.103113e-01 -9.716934e-01  2.523615e-01 -4.858695e-01 -1.124742e-01  7.495640e-02  2.000000e+00
-7.544837e-02 -4.620512e-01  2.445897e-02 -1.222817e-01  5.703106e-02 -2.038843e-01 -2.157419e-01  2.757084e-01  4.545435e-01 -4.000073e-01 -4.724702e-01  5.209528e-01  6.424326e-01  2.000000e+00
-7.544836e-02  1.042564e-01 -8.060889e-02  3.714555e-02  1.807232e-01  2.261101e-03 -2.214094e-01 -5.796651e-02  7.473578e-02  6.417403e-03 -8.079070e-01 -5.235167e-03 -2.460658e-01  2.000000e+00
-7.544852e-02  9.349706e-01  5.664959e-02 -4.467203e-03  4.576379e-02  5.712065e-01  8.271653e-02  3.399842e-01 -1.790585e-02  2.943078e-02 -8.003248e-01 -1.397265e-01 -5.217730e-01  2.000000e+00
-7.544847e-02 -7.366971e-01 -3.066286e-01  8.892877e-03  7.325521e-01 -3.128181e-02  3.081454e-02  1.121987e-01 -5.450575e-01  1.963840e-01 -6.641578e-01 -8.136971e-02  1.035423e-01  2.000000e+00
-7.544852e-02 -7.173232e+00 -8.858392e-02 -9.290876e-02  1.202394e-01  8.345574e-01  3.005864e-02  3.773570e-02  2.010605e-01  6.578899e-01 -6.848188e-01 -5.983594e-01 -2.638278e-01  2.000000e+00
-7.544852e-02  9.546086e+00  1.760918e-01 -4.790398e-02  1.138277e-01  1.339616e-01  4.763979e-02 -2.544835e-01 -2.602182e-01 -2.511662e-01 -6.833529e-01 -2.876371e-01  1.190462e-01  2.000000e+00
-7.544852e-02 -7.924393e-01  5.916824e-02  6.401713e-02 -1.324549e-01 -4.287465e-01 -3.986831e-02 -1.348678e-01 -2.153431e-01 -5.251950e-01 -6.833529e-01 -3.713632e-01 -3.837508e-01  2.000000e+00
-7.544847e-02 -2.249391e-02  2.623870e-02  2.598146e-02  7.487260e-02  3.290653e-01 -5.248821e-02  2.202284e-01 -7.239417e-03 -2.767146e-01 -6.634605e-01 -1.091409e-01 -7.617096e-01  2.000000e+00
-7.544847e-02 -4.764581e-01  7.435317e-03  5.739797e-01  5.114381e-01 -6.798334e-01 -6.188750e-02  4.848514e-01  1.832279e-01  2.341220e-01 -5.894385e-01  5.264597e-02  1.053101e-01  2.000000e+00
-7.544852e-02  1.487894e-01  4.254242e-02  1.952863e-01  1.896255e-01 -6.512003e-01 -1.801553e-03  3.669084e-01  3.531975e-02 -1.232453e-01 -7.301510e-01 -1.473958e-01 -3.434311e-01  2.000000e+00
-7.544840e-02 -2.622757e-01  1.937411e-02  7.761538e-01  1.950240e+00 -1.756889e+00 -5.203371e-01  4.559614e-01  4.505054e-01  4.038668e-01 -8.385957e-01  1.557647e+00 -1.079335e+00  2.000000e+00
-7.544840e-02 -1.272709e-01 -4.672373e-02 -9.842656e-02  3.142385e-02 -4.493285e-01 -3.321286e-01  1.189140e-01  1.161941e-01  9.640977e-02 -9.029195e-01 -2.396227e-01  9.937234e-01  2.000000e+00
-7.544840e-02  1.144011e-01  4.380588e-02  3.126074e+00 -1.042357e-01  1.274663e+00 -1.151429e-01 -7.193747e-01  8.177913e-02  9.081571e-02 -6.345719e-01 -1.799266e-01 -7.956979e-01  2.000000e+00
-7.544833e-02  2.647060e-01  5.741788e-02  3.215377e-01  2.061630e-01  6.932926e-02 -1.168527e-01 -3.905716e-01  1.466577e-01  3.697662e-02 -7.692047e-01  2.186174e-01  4.427523e-01  2.000000e+00
-7.544833e-02 -2.617822e-01  4.362913e-01 -2.520989e-01  6.979505e-01 -9.916655e-01 -8.568614e-03  5.670611e-01 -9.441237e-02 -9.026959e-01 -7.452376e-01  3.982383e-01  7.503982e-01  2.000000e+00
 1.330404e+01 -4.714071e-06  3.872600e-06 -1.008612e-06  1.603514e-07 -8.911487e-07  1.458645e-06 -4.003843e-07  8.201311e-06 -6.779254e-07  3.959403e-06 -5.970339e-06 -2.835815e-07  2.000000e+00
-7.544857e-02 -7.494950e-02 -1.112675e-02  7.365592e-01  2.668951e-01 -2.381634e-01  1.592714e-01 -1.230695e-01  3.408191e-01  2.727965e-01 -5.292079e-01 -9.812936e-02  2.030472e-02  2.000000e+00
-7.544852e-02 -1.994231e-01  1.288832e-01  7.513743e-02  5.451031e-01 -7.532118e-02  7.801381e-02 -3.111489e-01  1.081871e-01  2.354319e-01 -5.347340e-01  9.248787e-02  4.014949e-01  2.000000e+00
-7.544852e-02 -9.792498e-02  1.406461e-01 -5.841356e-01 -2.988597e-01 -4.661659e-01  6.893482e-02  2.532305e-01 -8.457093e-02  1.823327e-01 -3.285242e-01 -5.206014e-03  2.183965e-01  2.000000e+00
-7.544852e-02  1.229518e-01 -3.949200e-03 -1.461699e-01  3.050184e-01  5.477332e-01 -3.885386e-01 -2.311916e-01  7.792887e-01 -5.714744e+00 -4.384668e-01 -3.982233e-01 -4.382108e-01  2.000000e+00
-7.544852e-02 -5.668783e-01  4.548110e-01  4.705913e-01 -2.323137e-02 -7.365828e-01 -4.018300e-01 -3.890325e-02  2.508497e-01  9.772991e+00 -5.457954e-01  2.155449e-02 -3.083690e-01  2.000000e+00
-7.544852e-02  2.553960e-02  2.235654e-02  1.078520e-01  9.248558e-03 -1.125991e-02  9.490165e-03  5.387211e-02  1.355628e-01 -2.702925e+00 -3.256717e-01 -1.918353e-01 -1.210285e+00  2.000000e+00
-7.544847e-02  2.867007e-01  4.943982e-02  2.559406e-01 -2.279140e-01 -7.292878e-01 -8.753685e-02 -2.157554e-01  9.851430e-01 -5.126503e-01 -5.645758e-01 -6.548852e-01  9.751593e-01  2.000000e+00
-7.544847e-02 -1.021768e-01  9.426138e-02  3.284760e-01  2.013206e-01 -4.102997e-02 -1.334406e-01 -2.971513e-01  3.306337e-01 -3.735435e-01 -3.134090e-01 -1.177416e-01  7.023463e-01  2.000000e+00
-7.544847e-02 -1.674477e-01  1.560760e-01  6.147359e-02  2.074395e-02 -3.389702e-01  2.429946e-01 -5.495706e-02 -5.136530e-02 -1.653658e-01 -3.056073e-01 -3.377306e-01  1.395313e+00  2.000000e+00
-7.544847e-02  3.163892e-02 -4.642718e-01  2.407403e-01  2.111054e-01 -3.007916e-01  1.308117e-01 -2.435801e-01  5.073194e-01  5.395029e-01 -5.781475e-01 -7.424994e-02  9.938382e-02  2.000000e+00
-7.544847e-02 -1.787294e-01  1.402647e-01  1.263726e-01  4.457883e-01  3.133957e-01  2.348219e-02  1.591635e-02 -4.200000e-01 -1.345996e-01 -5.676938e-01 -1.939668e-01  1.045790e+00  2.000000e+00
-7.544847e-02  1.795695e-01  8.785690e-02 -4.880306e-01  1.238063e+00  8.435904e-01  2.989148e-02 -1.614735e-01 -4.090314e-01  1.089730e-02 -5.676938e-01 -2.306824e-01  7.358967e-01  2.000000e+00
-7.544847e-02  9.707112e-02 -2.181074e-02  3.845483e-01  1.196358e-01 -6.686175e-03  2.374976e-01 -9.684340e-02 -2.678819e-01  1.303551e-01 -6.166162e-01 -3.251320e-02  7.386541e-01  2.000000e+00
-7.544842e-02 -1.278280e-01 -1.971534e-01 -2.940390e+00 -6.461109e-01  1.079753e+00 -2.530410e-01 -6.111201e-02 -8.593220e-01 -2.410595e-02 -5.831126e-01 -4.532822e-02 -5.817052e+00  2.000000e+00
-7.544842e-02 -4.323140e-01  2.145669e-01 -1.138595e+00  2.421819e-01  4.192173e-01  2.607825e-01 -8.429660e-01  1.241047e-02 -1.256772e+00 -5.826826e-01 -3.697785e-01 -4.139329e-01  2.000000e+00
-7.544842e-02 -3.578232e-01  4.155388e-01 -1.457918e+00 -1.362598e-01  5.163326e-01  4.085555e-02 -4.946927e-01 -8.307522e-01  4.146734e-01 -8.059017e-01 -2.873906e-01 -2.024935e+00  2.000000e+00
-2.503987e-02  1.585541e-06 -1.511955e-06  4.995929e-07 -1.426393e-07 -2.700173e-07  4.855569e-06  1.106714e-07 -8.043641e-07  6.929493e-09 -2.852332e-06  1.757389e-06 -3.562753e-08  2.000000e+00
-7.544848e-02 -1.950890e-01  8.154103e-02 -1.418727e-02 -1.614342e+00  1.433918e+00 -2.594767e-02 -1.224239e+00  2.104122e-02 -4.983672e-01 -7.808666e-01 -2.746511e-01  2.321733e+00  2.000000e+00
-7.544848e-02  9.987591e-02 -6.424551e-02  1.405906e+00  1.233155e-01 -7.366813e-01  1.330611e-01  4.128687e-01  6.971915e-02 -4.690506e-02 -7.801327e-01  5.281063e-01  1.178394e-01  2.000000e+00
-7.544846e-02  1.694550e-01 -1.449688e-01  1.714280e-01  6.265881e-02  2.927610e+00  9.753864e-02 -3.337952e-02  8.968639e-01  8.006012e-02 -4.616351e-01 -2.406039e-02  2.794742e-01  2.000000e+00
-7.544851e-02 -7.133108e-02  6.058207e-02  1.372246e-01  1.081707e-01 -2.047381e-01  3.578605e-02  3.431288e-02 -1.564575e-02  1.023067e-01 -5.534545e-01 -2.169919e-01  4.102186e-01  2.000000e+00
-7.544847e-02  5.761011e-02 -9.371705e-02  1.223425e+00  2.058504e-01  2.725687e+00  1.720287e-01  9.397268e-01  6.896550e-01 -5.526199e-02 -6.429428e-01 -1.235934e-01  1.557318e+00  2.000000e+00
-7.544838e-02 -2.097479e-01 -1.339578e-01 -4.083065e-01  7.640735e-01 -1.099813e+00 -5.209876e-02 -2.774656e-01 -3.151135e-01  1.227606e-01 -6.437979e-01 -5.646608e-01 -1.597567e-01  2.000000e+00
-7.544842e-02 -3.983892e-01  9.514998e-02 -1.154932e+00  1.108702e-01  1.310801e+00  1.776886e-01 -2.155990e-01  3.751414e-02 -4.766673e-01 -5.480794e-01  3.003003e-01  1.945599e+00  2.000000e+00
-7.544844e-02  5.343224e-03  1.079143e-02  1.894736e+00  1.375575e-01  5.036073e-01 -1.465395e-02 -4.172639e-01 -1.112452e+00  1.573101e-01 -5.733020e-01 -3.021549e-01  1.480814e+00  2.000000e+00
-7.544844e-02 -1.498464e-01 -3.691226e-02 -3.911990e-01 -5.791887e-01  4.165411e-01  8.047966e-03  6.695442e-01  7.583189e-01  2.600169e-01 -5.221017e-01  1.730006e-01  2.818507e-01  2.000000e+00
-7.544853e-02 -4.990517e-02  1.554102e-01  5.180607e-01 -1.375077e-01  1.378304e+00  4.531183e-01 -4.751205e-01 -2.275540e-01 -4.029340e-01 -4.427647e-01 -1.782381e-01 -2.792107e+00  2.000000e+00
-7.544852e-02 -1.067540e-01  3.808430e-02 -7.950288e-02  1.205868e-01  3.061215e-01  2.319425e-01 -2.880646e-01 -1.858590e-01 -1.838213e-01 -4.572464e-01 -2.956253e-01 -8.033315e+00  2.000000e+00
-7.544847e-02  7.301827e-03  2.758711e-02 -4.806875e-01  5.046431e-02  1.755317e+00  3.244638e-01 -5.326284e-01 -5.097757e-01  2.831891e-01 -3.293040e-01 -2.403257e-01  1.387742e+00  2.000000e+00
-7.544842e-02  1.352257e-01  1.149154e-01 -1.365133e-01  8.355687e-02  9.878590e-01  1.936558e-01 -5.769388e-02 -1.533584e-01 -6.927564e-02 -3.895474e-01 -2.083282e-01  9.479488e-01  2.000000e+00
-7.544844e-02  2.809086e-01  8.679738e-02 -3.920052e-01  1.075477e-01 -6.121772e+00 -2.246135e-01 -5.488655e-01 -3.465131e-02  2.055084e-02 -5.242547e-01  1.631195e-01 -8.948336e-02  2.000000e+00
-7.544844e-02  8.901400e-03 -4.520689e-02  4.710919e-01  3.474115e-01  1.821370e+00  4.914243e-02  1.060897e+00  1.981664e-01 -7.145088e-01 -4.858945e-01 -5.667959e-01  1.208262e+00  2.000000e+00
-7.544845e-02  2.653670e-01 -3.393932e-02  1.078568e+00  2.658520e-01  2.006922e+00  1.590629e-02  3.852036e-01  1.663857e-01  8.965890e-02 -2.935635e-01  1.044780e-01 -8.593605e-01  2.000000e+00
-7.544843e-02 -1.266295e-01 -2.310164e-01  7.049522e-01  5.167979e-02  2.365081e+00  4.094703e-02 -8.651174e-02 -5.105676e-02 -3.611704e-01 -5.821703e-01 -2.258571e-01  1.255712e-01  2.000000e+00
-7.544847e-02  1.421511e-01  6.002661e-02 -2.559776e-01  5.189101e-02 -2.336111e+00 -4.170541e-03  1.069676e-01 -1.750177e-01 -7.292071e-02 -6.027528e-01  1.587284e-01  1.581026e-01  2.000000e+00
-7.544849e-02  3.788778e-01 -1.307395e-01 -1.161125e-01  3.567564e-01 -1.531224e+00  5.609677e-02 -1.938106e-01  6.528161e-01 -3.576705e-02 -5.991168e-01 -4.665357e-01 -9.919758e-01  2.000000e+00
-7.544846e-02 -3.614576e-02 -1.141404e-01  6.317728e-02  1.865352e-01  1.077600e+00  1.623699e-01 -2.796966e-01 -6.741086e-01  8.458048e-02 -1.932453e-01 -4.390082e-01  6.731244e-01  2.000000e+00
-7.544848e-02 -2.150967e-01 -1.026075e-02 -1.796867e+00  9.588760e-01  1.178934e+00 -6.011864e-02 -4.067736e-01  2.500756e-01 -6.964259e-01 -3.337882e-01  2.174335e-01 -4.101590e-01  2.000000e+00
-7.544851e-02 -4.467773e-02  1.430564e-01  8.667701e-01  1.310912e-02 -5.106263e-01 -3.587721e-01  3.184238e-01 -8.958921e-01  1.151576e-01 -5.313291e-01 -2.339078e-01  6.309941e-01  2.000000e+00
-7.544844e-02 -3.108966e-01  1.504217e-01  2.854023e-02  2.568568e-01  1.378127e+00  4.895205e-01 -1.240044e+00 -1.463637e+00  2.529365e-01 -2.263206e-01 -4.291059e-02  2.069214e-01  2.000000e+00
-7.544846e-02  4.243762e-01  3.309297e-02 -1.830483e+00  4.186957e-02 -1.230270e+00 -3.927726e-02  2.943949e-03  2.603044e-01 -2.829471e-01 -3.729264e-01  3.698106e-01  1.046949e+00  2.000000e+00
-7.544846e-02 -1.138580e-02  1.208655e-02 -1.732267e+00  1.930631e-01 -5.440443e-01  1.936171e-02  1.131471e-01  3.470131e-02 -1.446774e-01 -3.728793e-01 -1.684875e-01  2.505718e-01  2.000000e+00
-7.544840e-02 -1.826592e-01  4.266559e-02  6.144155e-01 -2.573601e-01  1.047768e+00  9.510837e-02 -1.909137e-01  8.157561e-02 -2.619178e-01 -2.586187e-01 -2.709884e-01  2.551551e-01  2.000000e+00
-7.544845e-02 -1.258118e+00  1.949171e-01  2.142256e+00 -6.156239e-01 -1.363514e+00  2.830094e-01 -1.813877e-01 -6.523331e-01 -1.050914e+00 -1.950433e-01 -1.194419e-01  4.651482e-01  2.000000e+00
-7.544840e-02  2.631977e-01  2.668709e-02 -3.430092e+00 -1.383225e-02  8.536909e-02  2.947690e-01 -4.815425e-01  1.981240e-01 -5.343200e-03 -3.591925e-01 -2.785469e-01  1.638284e-01  2.000000e+00
-7.544843e-02  3.308805e-01  3.283350e-01  3.032131e+00 -1.923782e-01  1.445575e+00  2.904853e-01 -3.904865e-01 -1.080270e+00  7.153387e-01 -2.231516e-01 -1.618474e-01  7.578816e-01  2.000000e+00
-7.544844e-02  1.512382e-01  1.396090e-01 -7.605241e+00  2.292274e-01  4.707355e-01 -3.564462e-02 -1.839170e-02 -1.492667e-01  1.411524e+00 -2.063192e-01  3.923370e-02  1.498676e+00  2.000000e+00
-7.544842e-02  1.300618e+00 -2.685033e-01 -8.989849e-01 -4.951756e-02 -1.336202e+00 -1.292775e-01 -9.357898e-03  4.794163e-01  1.003226e+00 -2.153664e-01 -1.262043e+00 -2.138260e-01  2.000000e+00
-7.544839e-02 -3.571673e-02  4.633265e-02 -9.881118e-02 -2.999245e-02 -4.022536e+00  8.285281e-02  5.435297e-01 -2.896103e-02 -2.129398e-01 -5.458072e-02 -1.124518e-01  1.287954e-04  2.000000e+00
-7.544847e-02  2.275102e-01 -8.456916e-02  1.690329e+00  1.612345e-01  2.690598e-01 -9.811607e-02 -2.449847e-02  3.384562e-01  2.900084e-01 -8.502966e-02 -9.602704e-01 -1.089479e-01  3.000000e+00
-7.544841e-02 -4.366689e-01  5.641094e-02 -4.370766e-01  4.823490e-01 -2.947634e-01  1.403928e-01 -2.006315e-01  5.842894e-02 -4.312163e-01 -1.031073e-01 -3.442558e-02  3.478920e-01  3.000000e+00
-7.544847e-02  6.869129e-01 -2.268575e-01  1.056110e+00  1.528642e+00  4.291517e-02 -3.494291e-01 -4.639974e-01  7.478795e-01  2.233346e-01 -2.747724e-01 -5.940881e-01  3.486316e-01  3.000000e+00
-7.544845e-02 -6.605341e-01  4.658407e-01  8.057210e-01  2.213654e-01 -2.857440e+00  2.033825e-01  1.329381e-01 -2.411800e+00 -1.090590e+00 -2.251212e-01  7.551052e-02  1.408721e+00  3.000000e+00
-7.544844e-02  1.894222e-01 -8.314815e-02  7.898809e-01  7.920617e-02 -2.536352e+00  2.444901e-01 -1.156532e+00 -1.466284e+00  5.657478e-01 -1.993224e-01 -1.185660e-01 -2.518556e-01  3.000000e+00
-7.544843e-02 -1.965490e-01  1.224569e-01 -6.021105e-03  4.685595e-02  4.272927e-01  1.093756e-01 -2.354522e-01  2.158475e+00 -1.003265e+00 -3.903473e-02  1.841643e-02 -4.712677e-01  3.000000e+00
-7.544846e-02 -1.284879e-01  2.574310e-01 -2.224596e-02  1.486248e-01 -4.438584e-01  3.458152e-02 -2.685939e-01 -4.467641e-01 -1.617112e-01 -2.312135e-01 -1.750934e-01  2.280043e-01  3.000000e+00
-7.544844e-02  1.351482e-01 -4.452599e-02  7.833100e-02  9.588531e-02  6.303600e-03  1.962669e-01  6.850485e-01  1.002902e-01  2.167230e-01  2.545400e-01 -2.150037e-02  3.566782e-01  3.000000e+00
-7.544840e-02 -3.521509e-02 -7.952483e-03  1.650042e+00 -1.009774e-01 -9.803330e-01  4.412575e-01 -3.406137e-01 -5.251398e-02  3.545755e-02  2.451363e-01  1.378438e+00 -5.562986e-01  3.000000e+00
-7.544841e-02  9.738125e-02  5.884598e-03  1.668008e+00  2.445376e-01  2.374228e-01  2.825005e-01  6.436905e-01 -1.077389e-02  2.565180e-01  2.189916e-01 -1.093464e-01  4.541423e-01  3.000000e+00
-7.544840e-02  6.421241e-02 -2.440120e-01  3.339280e-01 -1.285492e-01  4.658089e-02 -1.836674e-02  1.586349e-01 -5.787525e-02 -8.139749e-02  3.863264e-02  7.518794e-02 -7.209144e-03  3.000000e+00
-7.544845e-02  5.375949e-01  4.636719e-01 -3.646145e-01 -1.528844e+00  1.502554e+00  2.839802e-01  1.325177e+00 -4.238196e-01  1.264238e-01  2.823946e-01 -3.326980e-01 -6.176733e-02  3.000000e+00
-7.544847e-02  5.815794e-02  2.124243e-02  7.091859e-01  3.178664e-01  1.717144e-01  1.775404e-01  9.693336e+00 -1.148385e-01  1.923912e-02  8.620912e-02 -1.996005e-01 -4.294687e-01  3.000000e+00
-7.544846e-02 -6.195500e-02 -7.298789e-02  2.734761e-01  1.305623e-01 -2.039744e-01  1.899674e-01 -7.567415e+00  3.589101e-01  4.065277e-02  2.705340e-01  3.790978e-01  5.994532e-01  3.000000e+00
-7.544842e-02  2.654312e-02 -5.965606e-02 -3.342497e-01  2.212216e-01 -3.755957e-01  2.076559e-01  1.487573e-01  1.229323e-01 -3.528757e-02  3.899436e-01 -3.632304e-02 -5.784391e-01  3.000000e+00
-7.544841e-02  3.493068e-03 -8.280697e-04 -5.613404e-01  8.999280e-02  4.950789e-01  7.876529e-02 -1.255092e-02 -1.123183e-01 -4.686210e-02  2.978674e-01  6.181003e-02  5.605519e-01  3.000000e+00
-7.544840e-02  5.501181e-02 -2.690189e-02  1.026364e-01  1.074133e-01  2.705973e-01  2.826399e-01 -1.063480e-01 -1.136595e-01 -2.923646e-01  3.153743e-01  1.229888e-01 -1.280012e-01  3.000000e+00
-7.544835e-02 -7.667639e-02  2.571054e-02  5.275347e-01  2.019565e-01 -1.444304e-01  1.336646e-01  1.669609e-01 -4.325260e-01 -5.742305e-02  5.422103e-01  1.494880e-01 -1.581257e-01  3.000000e+00
-7.544845e-02  2.007657e-01 -5.793971e-02  4.509015e-01 -6.474383e-02  5.010909e-01  6.105086e-02  4.831516e-02 -7.210339e-02  2.675338e-01  3.279628e-01 -2.409943e-01  4.009212e-01  3.000000e+00
-7.544845e-02  1.043428e-01 -1.663910e-01 -1.558635e+00  9.876864e-02 -1.087928e-01  3.549952e-01  8.749703e-01  4.989183e-01 -1.685748e-01  4.257240e-01  1.487628e-01  7.873677e-01  3.000000e+00
-7.544837e-02 -3.264352e-03 -2.608108e-01  2.909964e-01  4.772175e-02 -1.745931e-01  2.104089e-01 -2.092068e-01  1.171207e-01  1.359680e-01  4.078462e-01 -1.231223e-01 -1.795163e-01  3.000000e+00
-7.544836e-02  1.131933e-01 -1.426812e-01  8.128695e-01 -6.395955e-02 -2.421071e-01 -4.218782e-02 -7.587737e-02 -2.417599e-01 -1.522724e-02  2.915813e-01 -1.868822e-01 -2.903502e-01  3.000000e+00
-7.544841e-02 -4.495133e-01 -2.669608e-01 -9.241879e-02  7.334600e-01 -1.330858e+00 -4.028638e-02  2.252418e-01  4.826882e-01 -8.172910e-02  4.122271e-01  2.236539e-01  5.320564e-01  3.000000e+00
-7.544842e-02  2.461004e-01 -1.391433e-01  2.004209e+00  2.348760e-01 -7.898754e-02  1.939994e-01 -4.196342e-01  7.789462e-02  2.284406e-01  4.548491e-01  2.629918e-01 -2.091230e+00  3.000000e+00
-7.544841e-02  1.537752e-01 -1.615579e-01 -2.174072e-01  1.932358e-01 -1.610064e-01  1.228358e-01  2.984972e-01  8.503955e-02  4.507276e-01  4.769397e-01  1.702401e-01  2.466982e-01  3.000000e+00
-7.544846e-02  3.098751e-01 -1.238713e-01  6.680729e-02  8.182297e-02  5.363031e-01 -4.200337e-02  1.778589e-02 -2.593185e-01  3.225359e-01  6.676176e-01  1.141102e-01  3.339297e-01  3.000000e+00
-7.544842e-02 -6.054973e-01 -1.466226e-01  6.404359e-01 -2.271586e-02  3.007047e-01 -2.287635e+00  3.014788e-01 -1.908140e-01 -2.010312e-01  6.062446e-01 -4.047599e-01 -1.478187e-01  3.000000e+00
-7.544847e-02  2.060804e-01 -7.123546e-02  2.201166e-01  1.833640e-01 -1.003071e+00  1.202541e-01 -1.465012e-01 -1.581038e-01  1.016825e-01  5.681552e-01  5.515391e-01  7.615866e-01  3.000000e+00
-7.544844e-02  2.806431e-01  4.247697e-02  1.016507e+00  2.864942e-01  6.774498e-01  1.051316e-01 -1.829640e-01 -2.905439e-01  1.471386e-01  6.211732e-01 -1.229280e-01 -4.160384e-01  3.000000e+00
-7.544840e-02 -2.435516e-01  2.318850e-02 -1.208323e-01  1.393041e-02  4.396823e-01  2.100519e-01  2.912919e-01 -4.276200e-01 -1.472294e-01  1.015049e+00  1.614913e-01  3.112474e-01  3.000000e+00
-7.544849e-02  2.731102e-01 -3.223621e-02 -9.723924e-01 -2.301590e-01  2.274690e-01 -2.291302e-02  4.484909e-01 -2.574492e-01  1.543863e-01  6.827040e-01  2.012135e-02  1.134536e-01  3.000000e+00
-7.544840e-02  3.759474e-02  3.058986e-01 -4.079364e-02 -1.738632e-02  9.076032e-01  9.114968e-02 -9.347110e-01  2.842149e-01  3.428637e-02  1.609299e+00 -5.301901e-02  1.083386e-01  3.000000e+00
-7.544842e-02  3.931746e-01  5.951494e-02  7.548932e-01 -2.629952e-01  1.682007e-01 -2.543502e-01 -1.282314e-01 -2.924415e-02  2.788088e-02  8.408911e-01  1.236853e-01  9.183212e-01  3.000000e+00
-7.544842e-02  1.720144e-01 -5.229538e-01 -2.780908e-01  2.684831e-01 -4.389246e-01  2.805025e-01 -6.798011e-01  2.761456e-01 -2.283634e-02  9.879907e-01 -1.242404e+00 -4.633101e-01  3.000000e+00
-7.544838e-02 -8.753956e-02 -4.956366e-02 -1.029180e-02 -2.430408e-02  6.942392e-02  2.296164e-01  6.449265e-02 -3.343513e-01 -3.289962e-01  1.069095e+00  1.244079e-01 -5.431171e-02  3.000000e+00
-7.544848e-02 -3.840131e-01  4.535685e-02  9.502928e-01 -2.434197e-02 -5.834353e-01  5.907526e-02  1.587374e-01 -5.799361e-03 -4.068812e-01  1.028614e+00  5.058943e-02  1.719369e-01  3.000000e+00
-7.544839e-02 -2.089862e-01 -1.806036e-01 -1.387586e+00  7.069380e-01 -6.701373e-01  1.518057e-01 -2.088755e-01 -3.867438e-02 -6.586537e-01  9.996950e-01 -1.260125e-02  1.197565e-02  3.000000e+00
-7.544847e-02  5.096250e-03  5.826219e-02 -1.050739e+00  4.422524e-01  5.915458e-01  2.989821e-01  1.088799e-01  1.655884e-01  9.947380e-02  1.182528e+00  2.433085e-01  5.791556e-01  3.000000e+00
-7.544854e-02 -6.897963e-02 -4.868163e-02  2.957711e-02 -2.211355e-02  2.063489e-01  1.434778e-02 -2.055563e-01 -4.431880e-02 -1.806001e-01  4.174082e-01 -2.585784e-02  6.915459e-02  3.000000e+00
-7.544849e-02 -7.947019e-01 -1.160666e-02  2.376510e-01  5.397792e-02 -7.155508e-02  2.224762e-01  3.297319e-01 -1.807949e-01  4.012046e-01  1.215997e+00  1.672994e-01 -1.644431e-01  3.000000e+00
-7.544845e-02  1.901929e-01 -1.016285e-02 -8.580382e-01  7.111372e-02 -8.882645e-01  2.439357e-01  3.418650e-01  5.351510e-01 -2.574829e-01  8.900799e-01  4.102296e-01 -1.558062e-01  3.000000e+00
-7.544843e-02 -8.770213e-02  1.185740e-01  3.368810e-01  6.823649e-01  4.680003e-01  5.180007e-01  3.302558e-01 -2.171847e-01  1.154301e-01  1.130578e+00  6.976957e-02  7.414024e-01  3.000000e+00
-7.544848e-02  2.578975e-02  2.013202e-02  7.370126e-01 -5.022008e-03 -1.189694e-01  5.778739e-01  1.768640e-01 -1.627546e-01  1.287358e-01  1.136923e+00 -1.151930e-01  7.445768e-02  3.000000e+00
-7.544849e-02  8.597257e-01  1.169346e-01 -5.476966e-01 -1.328191e-01 -9.133273e-01  6.356271e-02  4.341564e-01 -2.908105e-01 -5.927732e-01  1.047873e+00  3.889027e-01 -6.032230e-02  3.000000e+00
-7.544842e-02 -1.930239e-01 -1.010499e-01 -9.129920e-01  7.003164e-01  1.374668e-01 -1.895088e-02  7.870083e-01 -2.009196e+00  3.314511e-01  1.389444e+00  3.724846e-01  5.768996e-02  3.000000e+00
-7.544847e-02 -5.285540e-01  4.929278e-02  1.482916e+00 -7.264319e-01  2.727549e-01  1.130507e-02 -9.458048e-01 -1.692225e-01 -2.408876e-01  1.231373e+00  3.704928e-01 -1.123256e+00  3.000000e+00
-7.544842e-02 -1.676520e-01  2.233783e-01  2.972269e-01  8.966892e-01  1.856056e-01 -1.385485e-01 -8.702003e-01 -1.039394e+00  3.562340e-01  7.907303e-01  1.706262e-01 -4.070639e-02  3.000000e+00
-7.544842e-02 -8.511157e-02  6.796672e-02 -8.204126e-02 -4.318547e-01  2.294119e-01  7.506253e-01 -4.263575e-01 -1.296437e+00  7.364040e-02  1.324436e+00  1.691936e-01 -1.759279e-01  3.000000e+00
