-0.0574826726 -0.0845177780 -0.0627292748  0.0829822127 -0.0136467393  0.0751616024 -0.0986286383  0.1759043609 -0.1268134710  0.0450162033  0.0987661573 -0.0092165801  0.0078469976  1.0000000000
-0.1270398689 -0.2503664384 -0.2912147282  0.6520108038  2.0622954836 -1.2303009880  0.5338170754 -0.4914512299  0.1593055956 -0.0473003729 -0.0836369824  0.0059095167 -0.0049029927  1.0000000000
-0.0574918485 -0.0840908387 -0.0617409284  0.0801591652 -0.0240993428  0.0814049709 -0.1009376200  0.1764836650 -0.1235393125  0.0434221381  0.0938864346 -0.0085596661  0.0072704677  1.0000000000
-0.0503163540 -0.0719895761 -0.0516995091  0.0661086270 -0.0194414553  0.0651061063 -0.0792127547  0.1350726542 -0.0894132629  0.0308931527  0.0653143136 -0.0057812095  0.0048974928  1.0000000000
-0.0519708173 -0.0749708505 -0.0543661070  0.0700611687 -0.0208809373  0.0703528411 -0.0869327906  0.1522653901 -0.1133578932  0.0422665123  0.1083114268 -0.0479691137  0.2128007338  1.0000000000
-0.0503149519 -0.0719871154 -0.0516973791  0.0661055540 -0.0194403878  0.0651022985 -0.0792074517  0.1350618968 -0.0894028565  0.0308891096  0.0653043189 -0.0057801134  0.0048965458  1.0000000000
-0.1089927801 -0.1934102666 -0.1820150520  0.2943916552 -0.1384627066  0.6016217186 -2.0139400095 -2.8277252913  0.4006534980 -0.1139160375 -0.1981403190  0.0144979542 -0.0121073768  1.0000000000
-0.0549917996 -0.0805424925 -0.0596831864  0.0786657594 -0.0249183426  0.0879197653 -0.1467664181  0.0610455060 -0.0877467950  0.0313345161  0.0683043395 -0.0062279099  0.0052880674  1.0000000000
-0.1612006566 -0.3293917391 -0.3971629175  0.9114667537  2.9887461265 -1.8086011290  0.8100470801 -0.7789193917  0.2817623449 -0.0870770326 -0.1635840453  0.0128221046 -0.0107596597  1.0000000000
-0.1583469515 -0.3229736412 -0.3887828801  0.8912962701  2.9184247745 -1.7651022032  0.7896700239 -0.7582428390  0.2734629096 -0.0844375037 -0.1584455820  0.0124014649 -0.0104053857  1.0000000000
-0.0667947036 -0.1009078200 -0.0767314772  0.1022229989 -0.0319871765  0.1098558761 -0.1415348362  0.2614987089 -0.2117178720  0.0784103726  0.1827814525 -0.0186630799  0.0160285496  1.0000000000
-0.1201557252 -0.2148239065 -0.2031770556  0.3292593196 -0.1549655169  0.6730328888 -2.2477332344 -3.1370792164  0.4332851241 -0.1218175095 -0.2082754238  0.0148334219 -0.0123545311  1.0000000000
-0.0503458678 -0.0720398273 -0.0517421476  0.0661700787 -0.0194637691  0.0651899425 -0.0793857311  0.1350593242 -0.0894962866  0.0309247278  0.0653875296 -0.0057882949  0.0049035353  1.0000000000
-0.0722285431 -0.1111661814 -0.0863344284  0.1168929398 -0.0375546356  0.1304556156 -0.1727619485  0.3331355151 -0.3087499629  0.1212652118  0.3115051371 -0.0382432329  0.0335489814  1.0000000000
-0.0503134189 -0.0719846058 -0.0516953623  0.0661027973 -0.0194395067  0.0650992617 -0.0792035445  0.1350548251 -0.0893978205  0.0308873640  0.0653006781 -0.0057798102  0.0048962911  1.0000000000
-0.0512553003 -0.0736207325 -0.0531192082  0.0682017269 -0.0202388134  0.0681871650 -0.0863076074  0.1321956926 -0.0917793059  0.0318405596  0.0676158487 -0.0060150873  0.0050977745  1.0000000000
-0.0580895472 -0.0867948227 -0.0662090923  0.0898608378 -0.0305653182  0.1130239839 -0.2344112757 -0.0669858288 -0.0690815007  0.0260651141  0.0593261579 -0.0056015283  0.0047678176  1.0000000000
-0.0570945600 -0.0835090409 -0.0613326383  0.0796604932 -0.0239693083  0.0809993534 -0.1005421673  0.1761027708 -0.1239385091  0.0436523066  0.0946672380 -0.0086696899  0.0073671188  1.0000000000
-0.0503130071 -0.0719838831 -0.0516947367  0.0661018949 -0.0194391932  0.0650981434 -0.0792019871  0.1350516658 -0.0893947642  0.0308861766  0.0652977428 -0.0057794883  0.0048960129  1.0000000000
-0.0713103605 -0.1099839177 -0.0857815017  0.1166718572 -0.0378438476  0.1321109872 -0.1773886973  0.3513032810 -0.3694624084  0.1568080720  0.4768335041 -0.0449193845  0.0855875392  1.0000000000
-0.0513896631 -0.0737817311 -0.0531715241  0.0681537518 -0.0201123942  0.0674442071 -0.0823011250  0.1408897008 -0.0940902408  0.0326008741  0.0692056763 -0.0062558455  0.0057662840  1.0000000000
-0.0521548704 -0.0751882437 -0.0544550593  0.0700827974 -0.0208292507  0.0700778600 -0.0862444662  0.1498776586 -0.1072802869  0.0389685775  0.0938033473 -0.0310950370  0.1284956054  1.0000000000
-0.1339694456 -0.2657705713 -0.3110492411  0.6992965944  2.2252935128 -1.3308445158  0.5808758924 -0.5399559841  0.1820664301 -0.0552681292 -0.1019815106  0.0079389419 -0.0066673287  1.0000000000
-0.0690710530 -0.1083046784 -0.0898897711  0.1405244010  0.1399501887 -0.0069075747 -0.0749757855  0.1751028694 -0.1532296939  0.0565894700  0.1302053258 -0.0128736280  0.0110146784  1.0000000000
-0.0522007317 -0.0752163059 -0.0544285616  0.0699883320 -0.0207641326  0.0697945620 -0.0856721980  0.1481039680 -0.1028384542  0.0364564121  0.0815166650 -0.0051908426  0.0070917070  1.0000000000
-0.0632496098 -0.0957132245 -0.0732687628  0.0984050948 -0.0313535797  0.1087058725 -0.1438271821  0.2795320821 -0.2827665984  0.1186856323  0.3557505090 -0.0415038349  0.0645709128  1.0000000000
-0.0541680556 -0.0785286662 -0.0571605783  0.0737830111 -0.0220010461  0.0740833907 -0.0912382762  0.1581412484 -0.1086782733  0.0379933961  0.0815856819 -0.0073733160  0.0062579854  1.0000000000
-0.1257418965 -0.2269943364 -0.2169498615  0.3542953647 -0.1687450582  0.7364859688 -2.4875339320 -3.5278305752  0.5074969243 -0.1446916671 -0.2522475898  0.0184720547 -0.0154254624  1.0000000000
-0.0595330238 -0.0877759607 -0.0650094823  0.0849431448 -0.0257903762  0.0874710168 -0.1094713226  0.1939382109 -0.1403506487  0.0499025409  0.1097065505 -0.0088853693  0.0084492556  1.0000000000
-0.1479469218 -0.2964425171 -0.3500131256  0.7911842447  2.5356302195 -1.5203151513  0.6670250463 -0.6238253305  0.2126851818 -0.0647457717 -0.1198744715  0.0093688761 -0.0078708099  1.0000000000
-0.1099332945 -0.1938559607 -0.1808880322  0.2904911196 -0.1349779395  0.5833574818 -1.9279041025 -2.6552200106  0.3571171814 -0.0996917316 -0.1690215834  0.0119273553 -0.0099270695  1.0000000000
-0.0667941586 -0.1009069423 -0.0767307811  0.1022220543 -0.0319868767  0.1098548446 -0.1415335107  0.2614962994 -0.2117160800  0.0784097346  0.1827800538 -0.0186629507  0.0160284398  1.0000000000
-0.0643796173 -0.0964678801 -0.0726993876  0.0962110705 -0.0296724027  0.1017362414 -0.1297405478  0.2359849843 -0.1827817427  0.0665534345  0.1512406162 -0.0148262965  0.0126808403  1.0000000000
-0.0503131061 -0.0719840551 -0.0516948856  0.0661021125 -0.0194392738  0.0650984485 -0.0792026226  0.1350516448 -0.0893951222  0.0308863161  0.0652980787 -0.0057795227  0.0048960425  1.0000000000
-0.0614476682 -0.0911695879 -0.0679843165  0.0893093850 -0.0267037477  0.0923574257 -0.1165889676  0.2084903672 -0.1542004670  0.0552158925  0.1224954795 -0.0115832659  0.0098724705  1.0000000000
-0.0595271370 -0.0877653504 -0.0649999848  0.0849290559 -0.0257852366  0.0874522686 -0.1094436750  0.1938763839 -0.1402627348  0.0498601210  0.1095378102 -0.0095833001  0.0085694143  1.0000000000
-0.0797483248 -0.1259677976 -0.1008387750  0.1398312988 -0.0467666545  0.1653948636 -0.2290580268  0.4758385725 -0.5913706143  0.2755907054  1.0513851319  4.1380474332 -0.7094226137  1.0000000000
-0.0583022539 -0.0858078942 -0.0634722331  0.0828940585 -0.0250808538  0.0852591820 -0.1067657302  0.1893497935 -0.1377176584  0.0490744190  0.1081956543 -0.0101495823  0.0086444133  1.0000000000
-0.0763645129 -0.1246513895 -0.1110839500  0.1911904116  0.3143659457 -0.1141726146 -0.0254372661  0.1259074173 -0.1345086112  0.0507242451  0.1189597108 -0.0119566201  0.0102414900  1.0000000000
-0.0535360024 -0.0774143049 -0.0562005087  0.0724106991 -0.0215354742  0.0724443471 -0.0890407985  0.1540120392 -0.1061241882  0.0373606374  0.0823759862 -0.0128022027  0.0352013449  1.0000000000
-0.0511081049 -0.0733099815 -0.0527826359  0.0676120315 -0.0199339490  0.0668213027 -0.0814750578  0.1393243682 -0.0928052958  0.0321261061  0.0680909170 -0.0060543925  0.0051674911  1.0000000000
-0.1111698998 -0.2133964991 -0.2415233811  0.5304837491  1.6315109428 -0.9627103346  0.4079624057 -0.3647143759  0.1131622218 -0.0335847930 -0.0604387329  0.0046133770 -0.0038717797  1.0000000000
-0.0639095294 -0.0953236521 -0.0714315243  0.0941167087 -0.0285917710  0.0982286628 -0.1243248508  0.2233181839 -0.1667523399  0.0598736927  0.1332839443 -0.0126569199  0.0107914713  1.0000000000
 2.7754983239  0.5188301287  0.2118030107 -0.2155606561  0.0509444891 -0.1606057093  0.1779770873 -0.2893395780  0.2423596321 -0.1435804292  0.3970749475 -0.0010894584 -0.0004416812  1.0000000000
-0.0862492167 -0.1376041456 -0.1111867019  0.1551158690 -0.0523091323  0.1855675056 -0.2586636299  0.5416446893 -0.6837905466  0.3200300156  1.2274115022  4.8631867664 -0.8342580991  1.0000000000
-0.0546013996 -0.0796159267 -0.0586033575  0.0770791634 -0.0127056572  0.0691609948 -0.0900916168  0.1592816572 -0.1127327771  0.0397998993  0.0867055926 -0.0080156289  0.0068186875  1.0000000000
-0.0757450959 -0.1229871886 -0.1083146826  0.1831345988  0.2768227864 -0.0881005005 -0.0411786063  0.1481501105 -0.1527826788  0.0579497652  0.1377424395 -0.0142503244  0.0122472616  1.0000000000
-0.0644111509 -0.0965162805 -0.0727342087  0.0962500007 -0.0297503784  0.1018332372 -0.1298329330  0.2361342513 -0.1828771844  0.0665858878  0.1513071764 -0.0148318366  0.0126855011  1.0000000000
-0.0840615258 -0.1417547257 -0.1328205895  0.2420055914  0.4809000592 -0.2139358760  0.0172468966  0.0898015260 -0.1305940604  0.0510498298  0.1247672116 -0.0132474147  0.0114076351  1.0000000000
-0.0589805251 -0.0881480549 -0.0670479262  0.0904984787 -0.0301947445  0.1099990860 -0.2119454415 -0.0062827218 -0.0910275545  0.0338310409  0.0767969832 -0.0073276885  0.0062460225  1.0000000000
-0.0722288946 -0.1111667571 -0.0863348930  0.1168935781 -0.0375548419  0.1304563307 -0.1727628829  0.3331372521 -0.3087513246  0.1212657048  0.3115062424 -0.0382433382  0.0335490712  1.0000000000
-0.0681786149 -0.1063189350 -0.0855762648  0.1217350792 -0.0455204126  0.1773311320 -0.4404822475 -0.3259650448 -0.0503688915  0.0230183524  0.0601194624 -0.0063668603  0.0054655320  1.0000000000
-0.0549947180 -0.0799312209 -0.0583311471  0.0754272430 -0.0225490636  0.0760049389 -0.0938107406  0.1630720370 -0.1127885323  0.0395074016  0.0850527088 -0.0077122271  0.0065475680  1.0000000000
-0.0503130071 -0.0719838831 -0.0516947367  0.0661018949 -0.0194391932  0.0650981434 -0.0792019871  0.1350516658 -0.0893947642  0.0308861766  0.0652977428 -0.0057794883  0.0048960129  1.0000000000
-0.0617245159 -0.0927835629 -0.0715777749  0.1006662880  0.0276923588  0.0549284147 -0.0950276303  0.1810066543 -0.1382920751  0.0497524208  0.1110479114 -0.0106091665  0.0090526531  1.0000000000
-0.0571796498 -0.0836523118 -0.0614514794  0.0798268884 -0.0240240785  0.0811924178 -0.1008003970  0.1765974138 -0.1243523722  0.0438050932  0.0950181772 -0.0087040555  0.0073964772  1.0000000000
-0.0504906685 -0.0722929001 -0.0519596325  0.0664813283 -0.0195692203  0.0655604765 -0.0798388142  0.1363223633 -0.0905685973  0.0313342966  0.0663769009 -0.0058930029  0.0049936865  1.0000000000
-0.0803141528 -0.1299486622 -0.1093962803  0.1616568948 -0.0650050349  0.2628624394 -0.7310398799 -0.7356410427  0.0048939724  0.0077881719  0.0349947531 -0.0046914407  0.0040799124  1.0000000000
-0.0888024331 -0.1495744600 -0.1327729415  0.2055016745 -0.0901412378  0.3803274684 -1.1885649733 -1.5086814027  0.1623645389 -0.0416984216 -0.0624761029  0.0036247108 -0.0029575540  1.0000000000
-0.2639971034  0.9790084398  0.1404168586 -0.1280332021  0.1500653832  0.1089944966 -0.0196394292  0.0217610123 -0.0425098555 -0.1281895048 -0.0021131124 -0.0003949684  0.0009905903  2.0000000000
 2.6917660299  0.4992165194  0.2017394494 -0.2035605241  0.0473736067 -0.1482851042  0.1613411660 -0.2542320297  0.1907811928 -0.1059148907  0.2550477485  0.0002218256 -0.0009224053  2.0000000000
-0.0847701716 -0.1369058109 -0.1160482626  0.1147280817 -0.0568329412  0.1597222407 -0.2363825598  0.5034040306 -0.6725902051  0.0227486400  1.0499767245 -2.1437697085 -2.2982460666  2.0000000000
-0.0886917638 -0.1455026879 -0.1220033092  0.1762444080 -0.0637927279  0.2348244563 -0.3642860194  0.9751839124  2.7876388080 -0.3896897621 -0.4056611633  0.0268599832 -0.0223206826  2.0000000000
-0.1780149637 -0.4325619723 -0.6470866992 -2.3075713798  0.1181133013 -0.2914677570  0.2130150407 -0.2041283980 -0.0228059582  0.0057055152  0.1859435109 -0.5322752866 -0.5841000130  2.0000000000
-0.0658630769 -0.0992523519 -0.0720165431  0.0984737142 -0.0305757326  0.1046527348 -0.1336882953  0.2437177776 -0.1896653683  0.0691682037  0.1575943205 -0.0155992832  0.0132042845  2.0000000000
 2.7398545967  0.4983882023  0.1958417327 -0.1926605042  0.0427314470 -0.1306597907  0.1334410559 -0.1863231722  0.0742128300 -0.0152435297 -0.1166335534  0.0049219950 -0.0038363241  2.0000000000
-0.2115641132  0.4167021983 -0.0729566381  0.2556732426 -1.1129260844 -1.2579743854  0.4443979943 -0.4657847930  0.5935821062  2.5304683962  0.3237436978 -0.1687926542 -0.1618805872  2.0000000000
-0.3452196121  1.1517304879  0.0897003745  0.0494864987 -0.7149277860 -0.9184364896  0.3856349681 -0.4716099240  0.8720390657  4.3645406825  0.7102247297 -0.5181326899 -0.5116143086  2.0000000000
-0.0683312487 -0.1050431355 -0.0817985076  0.1112694119 -0.0361784550  0.1265254577 -0.1709279685  0.3432973394 -0.3918680645  0.1763874628  0.6245243700 -0.5664177095  2.7730673803  2.0000000000
-0.0503130833 -0.0719840109 -0.0516948422  0.0661020418 -0.0194392416  0.0650983127 -0.0792022119  0.1350520924 -0.0893951168  0.0308863074  0.0652980531 -0.0057795505  0.0048962127  2.0000000000
-0.0618027097 -0.0928155471 -0.0704444010  0.0940142098 -0.0296698859  0.1024835138 -0.1345312406  0.2593044797 -0.2672802880  0.1168076408  0.4070064493  1.3932102767 -0.2352335384  2.0000000000
-0.1967828821 -0.5025841593 -0.7463436242 -2.9635129180  0.1694029239 -0.4391577947  0.3706838063 -0.4766943744  0.2676265412 -0.0771975709 -0.2753203573  0.3833857947  0.3987839749  2.0000000000
-0.1030689668 -0.1436189149 -0.1496558913  0.2547313059 -0.5026575767 -0.3444779340 -0.0530811131  0.3115877545 -0.7359358572 -1.6653989798  0.3899265553 -0.9939434415 -1.0407925609  2.0000000000
-0.0503159598 -0.0719887956 -0.0516987571  0.0661074667 -0.0194410145  0.0651044818 -0.0792103335  0.1350673204 -0.0894072070  0.0308906946  0.0653078993 -0.0057804577  0.0048968395  2.0000000000
-0.0798414634 -0.1258528244 -0.1004811921  0.1390404059 -0.0463401365  0.1636415524 -0.2258335371  0.4667373452 -0.5724414834  0.2655755856  1.0070012561  3.9309995969 -0.6734627940  2.0000000000
-0.0886474230 -0.1659176468 -0.1923066806 -0.3519761073 -0.0067000733  0.0434926341 -0.0931181333  0.2277405268 -0.3088783993  0.0788562681  0.4969911726 -0.9720325162 -1.0405844733  2.0000000000
-0.1194518910 -0.3203967968  0.8982290894 -0.3590388014  0.0304753479 -0.0769104609  0.0563042400 -0.0552432461  0.0186947306 -0.0035702715 -0.0281879539  0.0773684266  0.0856303333  2.0000000000
-0.0573886072 -0.0566039239 -0.0523267274  0.0689357915 -0.0230400098  0.0662935844 -0.0841722428  0.1465030434 -0.1048732902 -0.0032647277  0.0655456261  0.0010327445  0.0132686011  2.0000000000
-0.0531142228 -0.0766916468 -0.0555877583  0.0715368570 -0.0212354457  0.0713768387 -0.0875542566  0.1509496808 -0.1026290153  0.0358119089  0.0770651194 -0.0082804529  0.0132142538  2.0000000000
-0.0682087639 -0.1036087652 -0.0837371004  0.1121996692 -0.0817277641  0.0619531398 -0.1369511260  0.2918057444 -0.3827236087 -0.2825962339  0.4054309377 -0.7679593486 -0.8086008065  2.0000000000
-0.0541989322 -0.0785293777 -0.0571189718  0.0736847405 -0.0219495569  0.0738777673 -0.0908913357  0.1573041679 -0.1077112168  0.0376153968  0.0806804693 -0.0072877419  0.0061857196  2.0000000000
-0.0697883034 -0.1093562077 -0.0848497630  0.1147306306 -0.0367712006  0.1275971244 -0.1685407171  0.3237597345 -0.2980796220  0.1178319733  0.2966452540 -0.0680911358  0.2114043836  2.0000000000
-0.0708237869 -0.1101614432 -0.0872112963  0.1206424592 -0.0407432342  0.1456098323 -0.2106949792  0.5075220982  1.0782202286 -0.1384034595 -0.0860377086  0.0053143496 -0.0043273368  2.0000000000
-0.5836827946  2.4764249404  0.3870991218 -0.3356162261  0.0942670160 -0.1751792709  0.2000355035 -0.3074563732  0.3887575083  1.5438812409  0.2213780227 -0.2315826869 -0.2408713409  2.0000000000
-0.5013767013  2.1462202064  0.3603452182 -0.3660283481  0.4675068174  0.3221429193 -0.0275318497  0.0003291581 -0.2250897671 -1.5047890801 -0.2808652173  0.1776401874  0.1699148691  2.0000000000
-0.0873485933 -0.1415692147 -0.1206900787  0.1156223235 -0.0593806048  0.1639322344 -0.2440516173  0.5207203775 -0.6970571255  0.0182764645  1.0852210396 -2.2145904918 -2.3738857169  2.0000000000
-0.1852699538  0.0512312754 -0.2240584531  0.5320552593 -2.0003764852 -2.1914037987  0.7269714675 -0.6698945774  0.1361144883 -1.1485300679 -0.4804288020  0.4480083652  0.4396009276  2.0000000000
-0.1276354791 -0.2388298593 -0.2447568884  0.4367078619 -0.2858507464  1.7887311610  2.6152470076 -1.1953679677  0.3268109831 -0.0974472685 -0.1805914019  0.0139228753 -0.0118925117  2.0000000000
 0.4899865688  0.0108109890 -0.0304816353  0.0567006385 -0.0226978544  0.0836117486 -0.1234080786  0.2728122366 -0.3875013846  0.2725411214 -0.9658088875  0.0076267477 -0.0029882875  2.0000000000
-0.0617538127 -0.0929000897 -0.0708020630  0.0950327273 -0.0304806647  0.1064060670 -0.1450655173  0.3147812591  0.4178578080 -0.0407258859  0.0137601750 -0.0019509310  0.0017296453  2.0000000000
-0.1149024127 -0.1064973740 -0.1678582580  0.3288853637 -0.9422690531 -0.9040282393  0.1975374027 -0.0227536439 -0.4264589067 -1.5879425819  0.0243301621 -0.3896922768 -0.4180445270  2.0000000000
-0.0633940252 -0.0972459977 -0.0788842948  0.0686519935 -0.0371287621  0.0894778784 -0.1298978579  0.2592116147 -0.2949663369 -0.0062752864  0.3972563957 -0.7315997748 -0.7764677253  2.0000000000
-0.2094388157  0.1149087795 -0.2294930004  0.5612369819 -2.1499930921 -2.3678637663  0.7945343563 -0.7489696630  0.2982567292 -0.2650648879 -0.3186053767  0.3148891269  0.3072090458  2.0000000000
-0.0543821332 -0.0788548807 -0.0574050165  0.0741025485 -0.0220977722  0.0744114155 -0.0916519653  0.1589058449 -0.1094650769  0.0383355940  0.0826333731 -0.0075433783  0.0064111133  2.0000000000
-0.0690365664 -0.1046264458 -0.0784284398  0.1057184509 -0.0330481685  0.1134148070 -0.1457464405  0.2678396032 -0.2122940687  0.0778779716  0.1788785723 -0.0178987761  0.0152199462  2.0000000000
-0.0503130071 -0.0719838831 -0.0516947367  0.0661018949 -0.0194391932  0.0650981434 -0.0792019871  0.1350516658 -0.0893947642  0.0308861766  0.0652977428 -0.0057794883  0.0048960129  2.0000000000
-0.0532499459 -0.0769643225 -0.0558516448  0.0719445731 -0.0213910150  0.0719526893 -0.0884301154  0.1530488291 -0.1003206506  0.0357558806  0.0754117462 -0.0068593627  0.0058195342  2.0000000000
-0.1186785592 -0.2514488040 -0.3375939584 -0.9291930777  0.0274628644 -0.0449923292 -0.0189581831  0.1379365222 -0.2810457290  0.0766735903  0.5090813416 -1.0633753323 -1.1446077602  2.0000000000
 0.0157809758 -0.1176310159 -0.1044287178  0.1509672926 -0.0532657444  0.1924923755 -0.2810693298  0.6415397506 -0.9769566177  0.8285778485 -3.8127617857  0.0710767304 -0.0575273403  2.0000000000
-0.1812790356 -0.4603814070 -0.6152877892 -2.6219726285  0.1502493249 -0.3895908558  0.3297203493 -0.4279782612  0.2552244094 -0.0733829533 -0.2871843863  0.4477473062  0.4713504192  2.0000000000
-0.0557710998 -0.0923887334 -0.0702882877  0.0935441965 -0.0292597458  0.1005392250 -0.1299113407  0.2422107529 -0.2081867438  0.0810233626  0.1864722733 -0.0389274451  0.1123319109  2.0000000000
-0.1366139298 -0.2578167539 -0.2664076682  0.4779765354 -0.3153546131  1.9795214290  2.9141453251 -1.3444661583  0.3762705454 -0.1130804686 -0.2118631764  0.0166041145 -0.0142050408  2.0000000000
-0.0824014067 -0.1393561134 -0.1347149929 -0.0464940393 -0.0330106368  0.1130339349 -0.1706283017  0.3657878489 -0.4669192550  0.0798098543  0.7326884787 -1.4475667238 -1.5496962299  2.0000000000
-0.2180677403 -0.5559942943 -0.8456798307 -3.2519118953  0.1816724737 -0.4660524800  0.3811476004 -0.4612042935  0.1934666316 -0.0560022534 -0.1140447890  0.0097341709 -0.0067748782  2.0000000000
 0.4000644426 -0.0119243945 -0.0431126964  0.0726408498 -0.0278686160  0.1020992733 -0.1505387976  0.3378515104 -0.5008185956  0.3806942356 -1.5330955880  0.0207044434 -0.0145271274  2.0000000000
-0.0765206930 -0.1186936508 -0.0928620935  0.1263627094 -0.0408789970  0.1423786752 -0.1896190719  0.3682766784 -0.3464006682  0.1366082022  0.3525954240 -0.0434833931  0.0381447418  2.0000000000
-0.3835864334  1.3267974474  0.1181358943  0.0251155965 -0.7141861752 -0.9401774910  0.4044020650 -0.4977636708  0.8818029701  4.3329508621  0.6953571441 -0.5120477946 -0.5069066001  2.0000000000
-0.1834707764 -0.0412012246 -0.2601255495  0.5860189198 -2.0913612240 -2.2433823833  0.7049419665 -0.5839600670 -0.0818224622 -1.7421140114 -0.4008061143  0.1877641247  0.1655372805  2.0000000000
-0.0732890623 -0.1132123106 -0.0882627385  0.1198463819 -0.0386671798  0.1345499826 -0.1788671247  0.3467058921 -0.3251546460  0.1281600309  0.3306306669 -0.0407636022  0.0357592847  2.0000000000
 1.9015244216  0.3149222753  0.1096292843 -0.0967339436  0.0171495753 -0.0462952430  0.0306242791  0.0020170731 -0.1283823080  0.1138571901 -0.5098259193  0.0061447421 -0.0030117798  2.0000000000
-0.0809426537 -0.1345109977 -0.1197531388  0.1907872284 -0.1025293209  0.5855050320  0.6725923893 -0.1929376980 -0.0212478141  0.0135010342  0.0429774360 -0.0052156774  0.0046110008  2.0000000000
-0.0637375615 -0.0960745707 -0.0730212276  0.0974821298 -0.0306617195  0.1056260891 -0.1373280551  0.2583644012 -0.2262333870  0.0872503397  0.2186311066 -0.0259078990  0.0226394990  2.0000000000
-0.0767691607 -0.1203810000 -0.0957249824  0.1322826498 -0.0442399762  0.1573149609 -0.2144777642  0.4715276683  0.2455435226  0.0332825527  0.2615441365 -0.0347723321  0.0309348271  2.0000000000
-0.0968473865 -0.1828220389 -0.2135835735 -0.3806414677 -0.0097304839  0.0547784639 -0.1142845053  0.2801942420 -0.3905451942  0.0946745700  0.6395134320 -1.2725097289 -1.3641468336  2.0000000000
-0.2202799907 -0.7015380130  2.9107207792 -0.4329437959  0.0787823397 -0.2208785827  0.1974390776 -0.2492167966  0.1052949239 -0.0328063875 -0.0628365012  0.0100960714  0.0020363539  2.0000000000
-0.2041276802 -0.5250928575 -0.7436201194 -3.0859117830  0.1781285019 -0.4632717242  0.3941502598 -0.5134552247  0.3023110678 -0.0873725909 -0.3295656998  0.4921651482  0.5157589678  2.0000000000
-0.2203728052  0.0863116550 -0.2633852656  0.6374797031 -2.4386287593 -2.6864996223  0.9013792278 -0.8441016399  0.2371829679 -1.0072407859 -0.5103554003  0.4757444655  0.4648104389  2.0000000000
-0.0634865099 -0.0951065829 -0.0709837283  0.0945777695 -0.0292847362  0.1001391643 -0.1277179959  0.2325120559 -0.1807864359  0.0659480960  0.1503530513 -0.0148745263  0.0126563617  2.0000000000
-0.1386662271 -0.4042870248  1.5585002676 -0.1733021844  0.0325667682 -0.0873701734  0.0697949795 -0.0737778447  0.0165170605 -0.0041252179 -0.0006703275 -0.0130984530 -0.0146412800  2.0000000000
-0.1311582580 -0.2465209952 -0.2538230237  0.4544593158 -0.2991105203  1.8760150002  2.7579769089 -1.2710389136  0.3563550741 -0.1071051760 -0.2012494762  0.0158270031 -0.0135765060  2.0000000000
-0.0910890824 -0.1499641005 -0.1264396743  0.1833971025 -0.0667996585  0.2465376744 -0.3846292757  1.0385363573  3.0542224109 -0.4392315146 -0.3827665229  0.0280658535 -0.0233068085  2.0000000000
-0.0512992484 -0.0736820999 -0.0531915093  0.0682224899 -0.0207937869  0.0668366801 -0.0824246886  0.1420572947 -0.0986690538  0.0259273120  0.0757336069 -0.0242992306 -0.0144834323  2.0000000000
-0.0561096760 -0.0847413877 -0.0344544414  0.0722343744 -0.0219884604  0.0746334440 -0.0932667284  0.1645044937 -0.1180618668  0.0419321536  0.0922689185 -0.0088936711  0.0070964607  2.0000000000
-0.2449275256 -0.7954867643  3.4008346242 -0.4638783327  0.0916467453 -0.2591270856  0.2350605311 -0.3013957207  0.1291710364 -0.0408643433 -0.0726254484 -0.0085812520 -0.0212401157  2.0000000000
-0.2508316067 -0.8156671234  3.4902885697 -0.4756476959  0.0940659005 -0.2659722452  0.2412389053 -0.3091820567  0.1322494158 -0.0418160862 -0.0741259525 -0.0091944247 -0.0221679623  2.0000000000
-0.2494021899 -0.8103517447  3.4678173671 -0.4680521297  0.0930312520 -0.2629874315  0.2383347458 -0.3050297115  0.1298136291 -0.0410256902 -0.0719671915 -0.0111411880 -0.0240586250  2.0000000000
-0.0611594152 -0.0918449782 -0.0582463668  0.0870056617 -0.0267736030  0.0913174574 -0.1156719361  0.2084065653 -0.1580341092  0.0572025646  0.1291931375 -0.0127648690  0.0106054101  2.0000000000
-0.0792620360 -0.1192352026 -0.1048765764  0.1585371706 -0.2021063913 -0.0465478218 -0.1222016915  0.3176786375 -0.5308925938 -0.8521345170  0.3894064815 -0.8129080433 -0.8483434364  2.0000000000
-0.0630821413 -0.0943479025 -0.0693135419  0.0930850889 -0.0287362570  0.0981466209 -0.1248370800  0.2264537903 -0.1749990387  0.0637993541  0.1456385591 -0.0145492101  0.0123536628  2.0000000000
-0.0631374992 -0.0963126578 -0.0757906995  0.1068606030 -0.0428408033  0.2010749944  0.0793457118  0.0938598091 -0.0982413230  0.0372931647  0.0862794994 -0.0084345348  0.0071863690  2.0000000000
-0.0563516897 -0.0822468950 -0.0602891592  0.0782292800 -0.0235288680  0.0795390858 -0.0989845025  0.1754679513 -0.0924286663  0.0383891912  0.0756779947 -0.0074610494  0.0063411445  3.0000000000
-0.1206613025  0.2779210236  0.0151192413 -0.0072387417  0.0843859745  0.1412108159 -0.0822393673  0.1326394666 -0.1647954867 -0.5089163887 -0.0431716830  0.0686109178  0.0764970602  3.0000000000
-0.1294369822 -0.2386900623 -0.2398469237  0.4206994813 -0.2671333571  1.6488145909  2.3286229784 -1.0062677825  0.2286810043 -0.0632864539 -0.1027105067  0.0063076096 -0.0051508450  3.0000000000
-0.0785350691 -0.1230787463 -0.0976567094  0.1346015363 -0.0447835272  0.1590842036 -0.2113635944  0.4540618008  0.0660202553  0.0673491110  0.3102060853 -0.0401392821  0.0355943574  3.0000000000
-0.0542430024 -0.1184667916 -0.0974397423  0.1371336967 -0.0470489484  0.1684964629 -0.2418226865  0.5422979581 -0.7405588065  0.6483571071 -2.9899478531  0.0560130938 -0.0456114788  3.0000000000
 0.1831272117 -0.0339505414 -0.0400073687  0.0578181954 -0.0190358020  0.0660660151 -0.0863996261  0.1621070859 -0.1464607817  0.0693360309 -0.0388961527 -0.0089589615  0.0162769172  3.0000000000
-0.0775362880 -0.1215597935 -0.0953589624  0.1299199931 -0.0420889046  0.1466532681 -0.1954427086  0.3797881372 -0.3588062828  0.1429490257  0.3689052709 -0.0925816999  0.3053518093  3.0000000000
-0.4885628742  2.0923361317  0.3515443732 -0.3571876801  0.4561802915  0.3144799305 -0.0277810807  0.0045464604 -0.2659491013 -1.7846821028 -0.3414248629  0.2315123144  0.2236077276  3.0000000000
-0.0664293101 -0.1028014130 -0.0825580221  0.1188393601 -0.0503392613  0.2465810299  0.1394233536  0.0728676364 -0.0896274379  0.0366012647  0.0894225885 -0.0091184643  0.0078058818  3.0000000000
-0.0664936970 -0.1014180052 -0.0783618788  0.1061987987 -0.0348507260  0.1256742302 -0.1395097750  0.3029732783 -0.0383195111  0.0578325391  0.2107072307 -0.0259521074  0.0228914558  3.0000000000
-0.0765448376 -0.1196746853 -0.0948170917  0.1306587066 -0.0435511788  0.1551243687 -0.2050572384  0.4476824770  0.1614096936  0.0455966405  0.2691565121 -0.0350756375  0.0311415972  3.0000000000
-0.0513466566 -0.0737150333 -0.0531221002  0.0680914135 -0.0200957178  0.0673923376 -0.0822544729  0.1408774719 -0.0943828543  0.0327882464  0.0701615935 -0.0075271937  0.0121816963  3.0000000000
-0.5040466722  2.1711205376  0.3691801293 -0.3817817934  0.5217968903  0.3832299114 -0.0507520562  0.0315113060 -0.3188323931 -2.0403192908 -0.3799151113  0.2579256867  0.2497468027  3.0000000000
-0.0840569000 -0.1434190808 -0.1349650712  0.2256806489 -0.1334490230  0.8033065122  1.0678588159 -0.4259825876  0.0801047443 -0.0228727714 -0.0320512763  0.0020268539 -0.0011512538  3.0000000000
-0.0584329392 -0.0865443930 -0.0646346127  0.0851753673 -0.0263157052  0.0900434194 -0.1154555308  0.2140506372 -0.1895231952  0.0757141406  0.2121376085  0.0277772876  0.0230560298  3.0000000000
-0.0526160177 -0.0760150560 -0.0551877613  0.0711584518 -0.0212132099  0.0714629176 -0.0882237035  0.1540361872 -0.1114192350  0.0404335093  0.0949644175 -0.0090938761  0.0104350659  3.0000000000
-0.1596795887 -0.3914956233 -0.5844556861 -2.1723608203  0.1178727128 -0.2992265853  0.2399186995 -0.2843827272  0.1182651464 -0.0328049651 -0.0756780863  0.0305751783  0.0234345042  3.0000000000
-0.0990226741 -0.1650202428 -0.1408712478  0.2060772813 -0.0759962651  0.2818541047 -0.4445117066  1.2180911930  3.7280444675 -0.5499135566 -0.4234269950  0.0341592978 -0.0283888641  3.0000000000
-0.0532817996 -0.1285884606 -0.1071862902  0.1519228426 -0.0525962845  0.1889833034 -0.2731012672  0.6180250256 -0.8261412450  0.7402315528 -3.4429311949  0.0649453278 -0.0529193991  3.0000000000
-0.0555426978 -0.0812778920 -0.0624051228  0.0855605680 -0.0318625930  0.1445479863  0.0316913949  0.0892513087 -0.0826634327  0.0264865339  0.0640773750 -0.0055174675  0.0055490981  3.0000000000
-0.0530727294 -0.0749924679 -0.0549678083  0.0707799571 -0.0211583716  0.0703227098 -0.0863518993  0.1487136498 -0.1011095377  0.0303236684  0.0734021438 -0.0056699380  0.0066390082  3.0000000000
-0.0514158584 -0.0736284635 -0.0533465330  0.0687161563 -0.0228987403  0.0642867596 -0.0813294322  0.1405500221 -0.0973410278  0.0216190779  0.0713626646 -0.0154823228 -0.0049808336  3.0000000000
-0.0507074284 -0.0728202503 -0.0527516751  0.0643772579 -0.0195437743  0.0655754633 -0.0801435253  0.1374529472 -0.0932183040  0.0317474241  0.0720852079 -0.0201344906 -0.0105679557  3.0000000000
 1.8803279048  0.3225019564  0.1190683316 -0.1117882334  0.0229342637 -0.0676584255  0.0627340907 -0.0711378313 -0.0138001017  0.0383764826 -0.2824708754  0.0070422640 -0.0058873557  3.0000000000
-0.0599514404 -0.0924260164 -0.0707875998  0.0953541990 -0.0307680623  0.1076824296 -0.1475930382  0.3207529761  0.2456888039  0.0471959374 -0.3655365477  0.0058070266 -0.0046517732  3.0000000000
-0.0700289934 -0.1078529641 -0.0835396718  0.1129081490 -0.0361877371  0.1255992583 -0.1660516477  0.3197055558 -0.2981995245  0.1187659054  0.3117194737 -0.0917404310  0.3340156040  3.0000000000
-0.1066968098 -0.1178174872 -0.1552699474  0.2898245954 -0.7468555751 -0.6670003888  0.1000869721  0.0964130738 -0.5203979497 -1.5890819014  0.1367225526 -0.5622693315 -0.5944389159  3.0000000000
-0.0647344351 -0.0982168227 -0.0753807205  0.1014374937 -0.0324295279  0.1126225470 -0.1497122616  0.2939143023 -0.3185773430  0.1418939235  0.5088635447  1.8370557452 -0.3124311439  3.0000000000
 0.0248151200 -0.0909817123 -0.0793154897  0.1126493575 -0.0386798205  0.1382851100 -0.1972339572  0.4367160483 -0.6300892300  0.5242711543 -2.3696792920  0.0436244182 -0.0355042109  3.0000000000
-0.1000070005 -0.1674783897 -0.1438578886  0.2114636288 -0.0785911740  0.2924493928 -0.4645483179  1.2868909994  4.0456535196 -0.6043154015 -0.4392187079  0.0367250179 -0.0304770729  3.0000000000
-0.6247878895  2.7581398858  0.4679710016 -0.4629893007  0.4652050254  0.2161782259  0.0686571584 -0.1558080663  0.0177891420 -0.4769088216 -0.1257725527  0.0127225905 -0.0019224057  3.0000000000
 2.2165745276  0.4077099151  0.1652056049 -0.1682357650  0.0401614384 -0.1275181494  0.1445234723 -0.2459031879  0.2428534479 -0.1580446947  0.5176874641 -0.0037061649  0.0012333945  3.0000000000
-0.0756820950 -0.1238849862 -0.1082005546  0.1695988643 -0.0883165203  0.4959391217  0.5409802233 -0.1331201153 -0.0344861153  0.0176928479  0.0504092617 -0.0057917865  0.0050419261  3.0000000000
 2.2676550830  0.4174976512  0.1689937507 -0.1717210975  0.0407620899 -0.1290189674  0.1449150725 -0.2423800023  0.2266806668 -0.1416024840  0.4292803514 -0.0018363080 -0.0003347361  3.0000000000
-0.0922432271 -0.1528039422 -0.1299085159  0.1896593793 -0.0698151665  0.2588665327 -0.4074637248  1.1166298697  3.4130425453 -0.5057744217 -0.3416635563  0.0280638030 -0.0231337126  3.0000000000
-0.6309758197  2.7919742851  0.4749332180 -0.4708823155  0.4758988956  0.2229950061  0.0689386390 -0.1577682190  0.0132594334 -0.5199379635 -0.1352666725  0.0181427320  0.0030397448  3.0000000000
 0.0486643013 -0.0520368277 -0.0430768989  0.0570485560 -0.0172116898  0.0579686469 -0.0710209979  0.1209637623 -0.0746667955  0.0205313046  0.1056828001 -0.0065197653  0.0061170738  3.0000000000
 0.5376248152  0.0294294565 -0.0174418260  0.0385929009 -0.0163353926  0.0604738275 -0.0889381331  0.1918610923 -0.2490326164  0.1602416543 -0.4715080104 -0.0004816042  0.0040627287  3.0000000000
-0.0840995496 -0.1337070865 -0.1076614437  0.1498329939 -0.0503434353  0.1783267954 -0.2477015865  0.5158974903 -0.6372157343  0.2936259787  1.0710760889 -1.0085182478  4.9533254227  3.0000000000
-0.0571987347 -0.0842041090 -0.0624028638  0.0817935745 -0.0251079574  0.0857916325 -0.1102271773  0.2112483091  0.0366001159  0.0230994827  0.0237196364 -0.0050694261  0.0043459206  3.0000000000
-0.3639167431  1.4462932030  0.2200625729 -0.2027053680  0.1967843380  0.1058633831  0.0057655360 -0.0088506833 -0.1671323003 -1.1181348200 -0.2190412456  0.1689331775  0.1665831267  3.0000000000
-0.0912274649 -0.1297847069 -0.1292843809  0.2154340365 -0.3997567071 -0.2545138088 -0.0628628371  0.2859111081 -0.6350173623 -1.4108582646  0.3369579312 -0.8401568156 -0.8779646496  3.0000000000
 0.0315623707 -0.1233798646 -0.1115619511  0.1624051149 -0.0577395848  0.2091929508 -0.3070140644  0.7050999283 -1.0795973380  0.9226937374 -4.2756454692  0.0806499171 -0.0655161731  3.0000000000
-0.0620598712 -0.0935075950 -0.0712380520  0.0953529517 -0.0302326527  0.1046267862 -0.1379250143  0.2672122811 -0.2752572476  0.1189084588  0.3933726984 -0.3156524151  1.5234934281  3.0000000000
-0.0850984458 -0.1353785719 -0.1090472950  0.1517806135 -0.0509986484  0.1806399598 -0.2508685261  0.5222728934 -0.6440209434  0.2965462078  1.0804325313 -1.0152497678  4.9852595336  3.0000000000
-0.0819519165 -0.1294550051 -0.1034456650  0.1430861214 -0.0475702158  0.1676902863 -0.2300586820  0.4689210734 -0.5266208092  0.2281305138  0.7124617354 -0.0828981302  0.1359648850  3.0000000000
-0.0846494303 -0.1341750502 -0.1075398915  0.1490220556 -0.0496598102  0.1752000753 -0.2407513609  0.4915930877 -0.5535709752  0.2399303644  0.7497268936 -0.0848693245  0.1425954051  3.0000000000
-0.1228649468 -0.2259957051 -0.2268071838  0.3977758793 -0.2527907642  1.5613210265  2.2097599902 -0.9590592289  0.2217553698 -0.0619025742 -0.1020278354  0.0064637925 -0.0053059130  3.0000000000
