-0.0488072825 -0.2624246341 -0.3742380955  0.1341673751  0.4346377451  0.2385328259  0.1341614803 -0.0285711838 -0.1231483897  0.5604357081  0.8350257819 -0.2632731426  0.1730539076  1.0000000000
-0.0509269300 -0.2718760389 -0.3884407284  0.1100814824  0.4830701024  0.1959935578 -0.1343173101 -0.2624243109 -0.2730516547  0.5899333147  0.5137729109  0.5715735943  0.4623635480  1.0000000000
-0.0368672079 -0.1951441509 -0.2054691624  0.2384326436 -0.3215660728  0.2315328542  0.8212576251  1.0875729557  0.3472410469 -1.1697188898 -1.6690971265  0.7501968362 -0.1521768699  1.0000000000
-0.0215438065 -0.0997212239 -0.0250240097  0.0279105507 -0.1272159017 -0.1122085207  0.0720428044 -1.0834660334  2.4472755840  0.2579488598 -0.1319737155 -0.4293265466  0.0207671850  1.0000000000
-0.2436265603  0.0195689141  0.2973991290 -0.1904348323  0.0123468228  0.5535065541  0.2581210411 -0.4751175460 -0.2880731006  0.0077460032 -0.7612694885 -0.5577092117 -0.8628097180  1.0000000000
-0.0218810356 -0.1019426500 -0.0286623307  0.0392996590 -0.1628989141 -0.1023752901  0.0117357242 -1.0045350519  2.0834860250  0.3479951713  0.2748222674 -2.0802617962 -1.3181188080  1.0000000000
-0.0335901999 -0.1730385287 -0.1208407263  0.2652692621 -0.8108072896  0.0527603800 -0.4236974900 -0.2124483391 -0.4040581255  0.3910054169  0.4857060611 -0.2926123834  0.0892237147  1.0000000000
-0.0330105281 -0.1695274230 -0.1157855255  0.2561213253 -0.7906932201  0.0440214045 -0.4379207665 -0.2612746067 -0.3748537320  0.4425771227  0.6004130206 -0.5531934548 -0.0941482607  1.0000000000
-0.0510458863 -0.2712120368 -0.3848168374  0.0980314713  0.4856934197  0.1725382820 -0.2224978961 -0.3290699328 -0.3065018944  0.5499056749  0.3578966644  0.7441452198  0.4724456630  1.0000000000
-0.0511101246 -0.2715595034 -0.3854241361  0.0980346156  0.4865436209  0.1726378134 -0.2231409556 -0.3285339872 -0.3068625151  0.5475726099  0.3554423465  0.7269720147  0.4616628024  1.0000000000
-0.0212710775 -0.0980777836 -0.0231610671  0.0223512884 -0.1089108037 -0.1144217951  0.1014736399 -1.0756652781  2.5220774613  0.1776364309 -0.3977559678  1.0135497168  1.0970298076  1.0000000000
-0.0341104672 -0.1762745711 -0.1269407959  0.2723030001 -0.8149072613  0.0662077320 -0.3597188835 -0.1025296624 -0.4061914535  0.2321577639  0.1576600317  0.3328398782  0.4133104244  1.0000000000
-0.0309863230 -0.1572534467 -0.0983371897  0.2227677103 -0.7136597087  0.0128011649 -0.4854681752 -0.4590176650 -0.2288489024  0.6877277790  1.2122221653 -2.2197793735 -1.1368219521  1.0000000000
-0.0396593238 -0.2126666251 -0.2606734290  0.2155305651 -0.0360049821  0.2921628983  1.0220660096  1.1190955241  0.4708291175 -0.8251613853 -0.6953695350 -0.7978501698 -0.6613179183  1.0000000000
-0.0206816870 -0.0948599994 -0.0214071213  0.0185078032 -0.0940571945 -0.1073677980  0.1081725476 -0.9230453232  2.1870904152  0.0733390264 -0.4980381448  1.9862046196  1.5143374258  1.0000000000
-0.0321622405 -0.1643125806 -0.1073869157  0.2424177073 -0.7657990518  0.0267137982 -0.4901523961 -0.3945990485 -0.3131834733  0.6245209345  1.0193171713 -1.6111757446 -0.7256117660  1.0000000000
-0.0338930874 -0.1749773075 -0.1253679761  0.2687300943 -0.8048746558  0.0642157341 -0.3538003182 -0.1037259727 -0.3932725496  0.2194204359  0.1262365796  0.4143136777  0.4323239120  1.0000000000
-0.0424034552 -0.2292092868 -0.3022289539  0.2076699459  0.1168118280  0.3212721531  0.9883403307  0.9805750829  0.4134770829 -0.4030655516  0.1068083307 -1.3780626865 -0.5817137841  1.0000000000
-0.0187474388 -0.0845549885 -0.0174388259  0.0126415306 -0.0661129373 -0.0739286240  0.0721610186 -0.2828273287  0.5486775697 -0.1797200973 -0.1199711097  1.1787749167 -1.1836466316  1.0000000000
-0.1098500085 -0.1726859852  0.1290668899 -0.6672455429 -0.1155582244 -0.3984733158  0.1863591326  0.4915811493  0.0285611869  0.5279417891  0.7811062492  0.7734396341  0.2088326467  1.0000000000
-0.1811675820 -0.0865039962  0.2607482302 -0.4726260564 -0.0778110860  0.2889015341  0.5743228801 -0.3371870234 -0.3305178619  0.9564517639 -0.7080520812  0.8061461710 -1.2590804964  1.0000000000
-0.2026321271 -0.0615134411  0.2840567908 -0.4162369950 -0.0555776983  0.3944493028  0.5164833744 -0.4066838977 -0.3497054481  0.6880979405 -0.6986444720  0.2590345999  0.1243886491  1.0000000000
-0.0514492246 -0.2701587887 -0.3765496477  0.0710090577  0.4869029126  0.1202604638 -0.3956903522 -0.4396249432 -0.3607865925  0.4117357854 -0.0052513059  0.8989757081  0.3691063332  1.0000000000
-0.0512526398 -0.2600223131 -0.3405228784  0.0072739894  0.4516216648 -0.0006441081 -0.6814139604 -0.5666965100 -0.4046465397  0.0331738373 -0.7288204372  1.0533134917  0.1662026752  1.0000000000
-0.1090576426 -0.1708872507  0.1272451745 -0.6567158588 -0.1139140593 -0.3953546535  0.1737190419  0.4954515174  0.0384191987  0.4745725044  0.8590014702  0.6396329472  0.7483426920  1.0000000000
-0.1222521750 -0.1583602918  0.1616842545 -0.6463308407 -0.1202122705 -0.2514357586  0.3528808969  0.3143329066 -0.0608634328  0.8504470538  0.5220988911  1.2033576002 -0.2308169279  1.0000000000
-0.0361111940 -0.1903008878 -0.1901369096  0.2424413389 -0.3980032942  0.2081296372  0.7017428881  0.9975056733  0.2693674233 -1.1479958440 -1.7709331743  1.1577294505  0.0476634895  1.0000000000
-0.0338212578 -0.1744823847 -0.1236301808  0.2684370314 -0.8123483159  0.0590912937 -0.3931469967 -0.1591659934 -0.4069697212  0.3139457645  0.3259714164  0.0238254876  0.2572373436  1.0000000000
-0.0659786721 -0.2043086549 -0.0544509669 -0.4736113081  0.0419219374 -0.6130843178 -0.7235461533  0.3735504551  0.1015485093 -1.2541729709 -0.5237871863 -1.6170661153 -0.1612079582  1.0000000000
-0.0512267030 -0.2689764944 -0.3745408794  0.0712290597  0.4839818814  0.1204398031 -0.3917174991 -0.4403459867 -0.3592326749  0.4224147640  0.0088754539  0.9648550557  0.4167011674  1.0000000000
-0.0339462939 -0.1752208526 -0.1244464209  0.2704497891 -0.8183863078  0.0599541067 -0.3968277185 -0.1594298013 -0.4114972381  0.3156784987  0.3207160374  0.0491465559  0.2747073389  1.0000000000
-0.0212104496 -0.0977370146 -0.0229145133  0.0217143077 -0.1066449062 -0.1140415674  0.1039530655 -1.0639011287  2.5026510234  0.1642715186 -0.4248078031  1.1962005545  1.2131223618  1.0000000000
-0.0519464738 -0.2458234756 -0.2813880453 -0.0946154849  0.3730344705 -0.1775758124 -0.9361682990 -0.5314757344 -0.3558189206 -0.6184554093 -1.5224045455  0.3783251261 -0.3737171326  1.0000000000
-0.0341400993 -0.1773287091 -0.1451122821  0.2544464883 -0.6415719767  0.1214026609  0.1358372020  0.4580644822 -0.1114638278 -0.6115552969 -1.2785621723  2.0172460789  0.8646570002  1.0000000000
-0.0473018864 -0.2572491462 -0.3664486803  0.1837293730  0.3417553717  0.3235979555  0.6421743450  0.4925177859  0.1431303343  0.3279557839  1.0019925457 -1.1144549180 -0.0660389479  1.0000000000
-0.0637431964 -0.2051460824 -0.0688435204 -0.4449750035  0.0607648737 -0.5936956486 -0.7663598842  0.3104178068  0.0793493129 -1.2937212963 -0.6535328793 -1.5848509525 -0.1327797897  1.0000000000
-0.0836008063 -0.1923961488  0.0412955424 -0.6150361555 -0.0643480901 -0.6093461870 -0.2846403530  0.6316551025  0.1588510850 -0.4682638873  0.5704966080 -0.6845040241  0.3572993122  1.0000000000
-0.0459954800 -0.2500867813 -0.3508917279  0.1930385601  0.2853263084  0.3314393010  0.7750099962  0.6563128568  0.2352981879  0.1370627430  0.8104500791 -1.2472398678 -0.2145815322  1.0000000000
-0.0514178957 -0.2635277188 -0.3518939313  0.0243266226  0.4650318795  0.0311717686 -0.6198724589 -0.5483722376 -0.4026252785  0.1371642840 -0.5595109959  1.0450170076  0.2146318049  1.0000000000
-0.2051807907 -0.0459985367  0.2810626316 -0.3539988115 -0.0427505634  0.4447470842  0.4883649690 -0.4831328538 -0.3476536633  0.6076985121 -0.9596045154  0.1825866409 -1.5650350489  1.0000000000
-0.1656853809 -0.1124955044  0.2412580785 -0.5535240729 -0.0984659226  0.1397353198  0.5729984055 -0.1553186517 -0.2803491673  1.0806480493 -0.3240260212  1.1267790266 -0.5955193251  1.0000000000
-0.0507337192 -0.2662486152 -0.3695707317  0.0708586219  0.4766144048  0.1189239007 -0.3847818183 -0.4393072162 -0.3527207598  0.4279675708  0.0207087977  1.0277202659  0.4576821945  1.0000000000
-0.0473527895 -0.2575888499 -0.3671999399  0.1843278561  0.3424947139  0.3247766260  0.6428897665  0.4924861292  0.1412669525  0.3292852135  0.9863754236 -1.0363844722 -0.0338541265  1.0000000000
-0.2697946915  0.1760822576  0.1869785048  0.1559752248  0.1038248873  0.2424714097 -0.2862485205  0.1017440607  0.0623806873 -0.5232375972  0.4146013571 -0.1659663870 -0.0828291166  1.0000000000
-0.0805832699 -0.1942796055  0.0281419826 -0.5992739343 -0.0523911502 -0.6224974242 -0.3532436409  0.6191110267  0.1632126675 -0.6083564168  0.4665245115 -0.8838181728  0.3614159356  1.0000000000
-0.0489185674 -0.2654269749 -0.3828494664  0.1652004454  0.4098477011  0.2973397247  0.4035249100  0.2292953173 -0.0047483551  0.5310495344  1.0582796944 -0.6446803626  0.1662045826  1.0000000000
-0.0502818178 -0.2713306594 -0.3923949491  0.1417465212  0.4600227551  0.2566342543  0.1377275717 -0.0318521533 -0.1526099339  0.6309661230  0.8845928403  0.0194524181  0.3901112605  1.0000000000
-0.0520270387 -0.2418890882 -0.2667735658 -0.1160216364  0.3518602326 -0.2116419124 -0.9601905151 -0.4998900780 -0.3331260007 -0.7233063691 -1.5876925472  0.2523408448 -0.3954336421  1.0000000000
-0.0506113536 -0.2722870679 -0.3928395574  0.1319523545  0.4710732665  0.2382565673  0.0462013982 -0.1121844593 -0.1958563498  0.6283973682  0.7779968045  0.1854487033  0.4101530056  1.0000000000
-0.0349335744 -0.1815180227 -0.1394389459  0.2798228581 -0.7906511245  0.0957941118 -0.1752563464  0.1535615871 -0.3385992302 -0.1478243330 -0.5659323366  1.4221795885  0.8642167357  1.0000000000
-0.0397310318 -0.2131032389 -0.2614767389  0.2162136983 -0.0359814911  0.2933308993  1.0251183750  1.1231410055  0.4712793337 -0.8264995909 -0.6950904644 -0.8026691666 -0.6600349560  1.0000000000
-0.0346425257 -0.1796937990 -0.1354840188  0.2770149625 -0.7958753965  0.0871549470 -0.2258878346  0.0841903330 -0.3599557184 -0.0453717309 -0.3687732956  1.1313090242  0.7503299870  1.0000000000
-0.0365082011 -0.1928372675 -0.1978950512  0.2409139889 -0.3613465515  0.2200955760  0.7613990116  1.0436667009  0.3066794964 -1.1594267250 -1.7252122246  1.0053139631 -0.0111327646  1.0000000000
-0.0256385880 -0.1250237360 -0.0584252804  0.1236714196 -0.4246863279 -0.0483259877 -0.2995891671 -0.7127913926  0.6108026725  0.6822448837  1.3840319963 -4.3411760535 -2.9446332407  1.0000000000
-0.0500995591 -0.2691521556 -0.3862891147  0.1290172889  0.4616207236  0.2312505140  0.0463971276 -0.1069012428 -0.1821582322  0.5926879918  0.7568157917  0.0056608095  0.2833421223  1.0000000000
-0.0437084979 -0.2368774128 -0.3209149309  0.2016192798  0.1867227966  0.3272413648  0.9210011989  0.8638953426  0.3551038945 -0.1800434948  0.4475915852 -1.4671543542 -0.4787645599  1.0000000000
-0.0528443968 -0.2302213101 -0.2187701445 -0.1891818940  0.2796539425 -0.3237615271 -1.0102622704 -0.3566351434 -0.2348418022 -1.1151635009 -1.8262722910 -0.5752071405 -0.8438766805  1.0000000000
-0.0346616640 -0.1797134204 -0.1338320820  0.2788384991 -0.8131086172  0.0813992313 -0.2786469764  0.0211161422 -0.3874244566  0.0509323709 -0.2021524703  0.9257997794  0.6845562829  1.0000000000
-0.0339934189 -0.1754981557 -0.1247544914  0.2711663553 -0.8204559907  0.0602868553 -0.3973927280 -0.1589908729 -0.4115132987  0.3140115084  0.3131237861  0.0645056687  0.2787927501  1.0000000000
 0.2020590089  0.2269667314 -0.2150825844 -0.2105326860 -0.0638411378  0.0781612899  0.2301553424 -0.3114197359 -0.1822818289 -0.3728751487  0.1044792730 -0.4271551861  0.8626691899  2.0000000000
-0.2697096457  0.1763937523  0.1864955536  0.1571540076  0.1041028768  0.2409700412 -0.2897458490  0.1057879266  0.0650514430 -0.5313762163  0.4365483839 -0.1701291590  0.0855487616  2.0000000000
 0.2977443662  0.0410201894  0.1426124751 -0.0618791639  0.0499794597  0.3502133240 -0.3998241354  0.3623828775  0.1966387344  0.1131382921  0.2022423009  0.6785159317 -0.9674533695  2.0000000000
-0.1850490291  0.2772958630 -0.0429735357  0.2294551803  0.0836690965 -0.3027767961 -0.1811952694  0.3700730756  0.1103203341  0.3326904632  0.1533893677  0.6235740532 -0.3433610290  2.0000000000
 0.2782968963 -0.0416415382  0.2974070145  0.1063797007  0.1143689824  0.1498966950 -0.3682710730  0.4645465449  0.1591756183  0.6051380392 -0.4033280846 -0.0676395045 -0.0300524013  2.0000000000
 0.1633680607 -0.1431552631  0.3886683041  0.3364504222  0.1470524931 -0.4367389771  0.3530986059 -0.2399616393 -0.2981218507 -0.0826878922 -0.1055829985 -0.4577890582  0.5271908233  2.0000000000
-0.2688704502  0.1825871055  0.1785814764  0.1676189743  0.1061288036  0.2172097381 -0.3041649745  0.1349021995  0.0782160311 -0.5231010120  0.4889254230 -0.1225443700  0.3075404211  2.0000000000
 0.2439515404  0.1822420510 -0.1418598923 -0.2195124771 -0.0495464844  0.2346129967  0.0512476211 -0.1867432541 -0.0758270884 -0.4976770170  0.4038467372 -0.0612489374  0.9049777076  2.0000000000
 0.2268479595  0.2022289149 -0.1767265388 -0.2200231558 -0.0576301259  0.1708739941  0.1342438221 -0.2521111033 -0.1258821668 -0.4699806537  0.2964263297 -0.2474491262  1.1052757482  2.0000000000
-0.2293792019 -0.0159897246  0.3011514320 -0.2914024840 -0.0166115922  0.5229540215  0.3920623485 -0.4957174794 -0.3417448026  0.3013187152 -0.8310090522 -0.2926675063 -0.3227874959  2.0000000000
-0.2126760602  0.0310565659  0.2312327619 -0.0809011547  0.0197594116  0.4346734348  0.1351863072 -0.3876381613 -0.1453978031 -0.1129304141 -0.7224500737 -0.3978145477 -3.2456802288  2.0000000000
-0.0900129518 -0.1876595899  0.0667926558 -0.6387273159 -0.0845132201 -0.5696867136 -0.1475673409  0.6376297831  0.1418388559 -0.1847474161  0.7872846039 -0.2826824107  0.5923091575  2.0000000000
 0.2645029666 -0.0653556211  0.3346742912  0.1599081186  0.1300555968  0.0555678027 -0.2966014993  0.4255193326  0.1089755454  0.6706294343 -0.5454425535 -0.3263001290  0.2343568058  2.0000000000
 0.2927891102  0.1057633317  0.0160451164 -0.1603732196  0.0019381761  0.3791387073 -0.2616846737  0.1457573631  0.1096957793 -0.2700516188  0.4788872450  0.5787524400 -0.2897327058  2.0000000000
-0.0485892724 -0.2245330526 -0.2364813290 -0.1109196452  0.3013896276 -0.2145820854 -0.8821028380 -0.4522082208 -0.2478271555 -0.8446890711 -1.7028805607 -0.3651950334 -1.0609745376  2.0000000000
-0.0795838588 -0.1938367818  0.0251374234 -0.5917548845 -0.0498321767 -0.6213351016 -0.3645427919  0.6139306495  0.1655860544 -0.6337504730  0.4704517584 -0.9211862126  0.4636065433  2.0000000000
 0.2861463297 -0.0206589450  0.2596896378  0.0598470690  0.0982402104  0.2188616532 -0.4034314806  0.4646115268  0.1881202835  0.4936765288 -0.2309800501  0.2343913034 -0.5271671937  2.0000000000
 0.2357072594 -0.1010838808  0.3824210495  0.2442302463  0.1498717060 -0.1240283226 -0.1134562675  0.2765560928 -0.0154202449  0.6299527774 -0.6517245285 -0.6925169564  0.6709657502  2.0000000000
 0.2435883582  0.1765217174 -0.1347867716 -0.2159357211 -0.0480794642  0.2400841801  0.0335812445 -0.1676250159 -0.0558181374 -0.4682140281  0.3901842261  0.2519734666 -0.8401461721  2.0000000000
-0.2090951598 -0.0271934365  0.2754053741 -0.2842653797 -0.0263533001  0.4760756063  0.4157854282 -0.5072729568 -0.3174645280  0.4176065825 -1.0079483226 -0.0457566091 -2.1264816964  2.0000000000
 0.2962494737  0.0792453018  0.0670332285 -0.1243477503  0.0205297865  0.3798569483 -0.3311437443  0.2421370861  0.1564455181 -0.1268797355  0.4013250697  0.7556024865 -1.0074407951  2.0000000000
 0.0416983746 -0.1332918496  0.1940441325  0.2370285821  0.0430113472 -0.5053422126  0.7097731189 -0.8490078182 -0.3551391032 -1.5006888240  1.5689733191  2.0178673010 -2.0767939122  2.0000000000
-0.2630091486  0.0839591563  0.2703837186 -0.0213598739  0.0609763462  0.4947899633 -0.0411168227 -0.2529215103 -0.1194985825 -0.5391261366 -0.0101866227 -0.8517257989  1.6677693202  2.0000000000
-0.1781439256  0.2665933832 -0.0451263288  0.2242564877  0.0790848491 -0.3018779485 -0.1807740779  0.3645466325  0.1224287889  0.2936586927  0.2398806005  0.5725330620  0.8743025257  2.0000000000
 0.2175343368  0.2185497624 -0.1993788180 -0.2193379378 -0.0614069554  0.1271050248  0.1860704515 -0.2863847912 -0.1603777550 -0.4275405096  0.2029129514 -0.3220890657  0.8751505258  2.0000000000
 0.2044805286  0.2313154639 -0.2181145946 -0.2129333454 -0.0638965077  0.0780416599  0.2327820999 -0.3116821820 -0.1872620163 -0.3647518111  0.0930251404 -0.3804093767  0.5183970938  2.0000000000
 0.2984735205  0.0411074727  0.1434173287 -0.0616043781  0.0504319272  0.3506791452 -0.4009264330  0.3642161300  0.1962372888  0.1163563644  0.1987921335  0.6670840070 -0.9226782502  2.0000000000
 0.2636377209  0.1713056899 -0.1121049011 -0.2192043181 -0.0402498694  0.2889622118 -0.0247672353 -0.1171507897 -0.0366374405 -0.4890413663  0.4727190531  0.2067289363  0.1309944510  2.0000000000
 0.0589744621  0.2913973831 -0.2690818538 -0.0583808742 -0.0396998477 -0.3230556385  0.3737457628 -0.2170167429 -0.2333221355  0.3620253828 -0.6171363036 -0.6551095228  0.8232674458  2.0000000000
-0.2643650405  0.1745620042  0.1783307045  0.1640194722  0.1032915874  0.2212365603 -0.3098089674  0.1337711385  0.0894275469 -0.5800696719  0.5962944802 -0.2008564973  1.4870921255  2.0000000000
-0.1588580888  0.2610413963 -0.0677223223  0.2082961374  0.0673727345 -0.3319933336 -0.1340875109  0.3336394055  0.1108459456  0.3493779855  0.1717432233  0.5118970027  1.3415809015  2.0000000000
 0.2823757738  0.1265115527 -0.0293456959 -0.1845618435 -0.0145115002  0.3571410001 -0.1834534086  0.0502346534  0.0637186596 -0.3754796374  0.5092123053  0.4136650796  0.1717694081  2.0000000000
 0.2992306718  0.0406378201  0.1454499963 -0.0601689253  0.0514575909  0.3498106534 -0.4015278414  0.3672008242  0.1936595330  0.1288592448  0.1745181665  0.5392175022 -0.4328726071  2.0000000000
 0.2599397384  0.1670565237 -0.1096870576 -0.2157317355 -0.0402460950  0.2852121478 -0.0243228755 -0.1182133276 -0.0332794677 -0.4905792948  0.4720624802  0.1220116817  0.6076067721  2.0000000000
 0.0563182361 -0.1400084882  0.2314916267  0.2690311415  0.0622419256 -0.5442047560  0.7353962352 -0.8454936102 -0.4073829669 -1.4345748530  1.4525242964  1.7284348399 -1.6855578832  2.0000000000
 0.1461908776 -0.1489172848  0.3796051685  0.3471990818  0.1413165269 -0.4987357672  0.4683835321 -0.3830367556 -0.3647283552 -0.3340570937  0.1372608891 -0.2383656523  0.4097256903  2.0000000000
-0.0492326795 -0.1813237097 -0.0926031245 -0.2768938748  0.0822696411 -0.4287138316 -0.7153326632  0.0092590255  0.0633651023 -1.2767950518 -1.3441938969 -1.6269873496 -1.4528171763  2.0000000000
-0.1542714043  0.2347835889 -0.0549137585  0.1894548080  0.0584927727 -0.2957998568 -0.0938884294  0.2610912634  0.1012814820  0.4286219885 -0.1940244663  0.6477378232 -3.4040858035  2.0000000000
 0.2856275148 -0.0214970286  0.2610772700  0.0617899266  0.0989141509  0.2157088251 -0.4023513491  0.4666863840  0.1861878784  0.5124196739 -0.2666744311  0.1074167150 -0.1289864391  2.0000000000
-0.2467049820  0.2231254933  0.0992960059  0.2247537452  0.1085433528  0.0040281007 -0.3381793622  0.3092823077  0.1482052016 -0.2827294040  0.6130441318  0.3060411110  0.7105766352  2.0000000000
 0.2593769987 -0.0740386545  0.3485702918  0.1806353048  0.1360188855  0.0165045660 -0.2622212335  0.4022938979  0.0840709988  0.6811861431 -0.5869041263 -0.4137780237  0.3079803016  2.0000000000
-0.2700613934  0.0959584934  0.2712125251 -0.0048352810  0.0679938043  0.4925084074 -0.0610340840 -0.2362315632 -0.1171046965 -0.5335023184 -0.0475246964 -0.7854669881  0.8240980950  2.0000000000
 0.0591219466  0.2921006729 -0.2694217757 -0.0586418090 -0.0396467095 -0.3226677272  0.3740254823 -0.2178070246 -0.2344517410  0.3579095833 -0.6136892475 -0.6633997329  0.8462637633  2.0000000000
 0.2943641080  0.0067807483  0.2099256803  0.0034487889  0.0775530130  0.2904232728 -0.4215233702  0.4387775286  0.2040769447  0.3369738167 -0.0314531920  0.4748937736 -0.7728421049  2.0000000000
 0.2718327778 -0.0538696992  0.3173490737  0.1338823319  0.1228066458  0.1034194357 -0.3357194084  0.4498897034  0.1357971514  0.6478339990 -0.4844442614 -0.2089345631  0.1274946583  2.0000000000
-0.2592313483  0.1946943327  0.1486893810  0.1933370288  0.1073684053  0.1364558225 -0.3344863777  0.2137378222  0.1207041853 -0.4841580410  0.6405352497  0.0111553174  1.2367482756  2.0000000000
 0.0932695697 -0.1502349368  0.3092740540  0.3246878413  0.1029421787 -0.5783090911  0.6972764771 -0.7237416387 -0.4531400225 -1.0655843193  0.9584054425  0.8430449620 -0.6406523112  2.0000000000
 0.2280690014  0.2038404762 -0.1777334002 -0.2211984966 -0.0576454466  0.1716519944  0.1350141160 -0.2525368090 -0.1280297080 -0.4693024246  0.2941867954 -0.2381964100  1.0207232465  2.0000000000
 0.2736704072  0.1505061898 -0.0743061228 -0.2060483516 -0.0290628203  0.3272270856 -0.1012110350 -0.0411546514  0.0113809685 -0.4541003124  0.5123167958  0.3093090843  0.2241666536  2.0000000000
 0.0883769754 -0.1493900009  0.3002607534  0.3191971156  0.0981634727 -0.5783981683  0.7094175416 -0.7474038755 -0.4531465117 -1.1270547452  1.0354080406  0.9663492273 -0.7819326335  2.0000000000
-0.2692434232  0.1775085653  0.1844126534  0.1611707778  0.1049373275  0.2344897622 -0.3007825251  0.1199770558  0.0739183576 -0.5543526222  0.5080270000 -0.1844361700  0.6926272326  2.0000000000
 0.0563255762  0.2882578621 -0.2661661868 -0.0554100987 -0.0392955911 -0.3250355605  0.3723346894 -0.2142058785 -0.2274870812  0.3924313111 -0.6772641579 -0.5580113216 -0.4058996466  2.0000000000
 0.1101772835 -0.1519271016  0.3372360321  0.3392294461  0.1178976392 -0.5681164102  0.6421935433 -0.6298071326 -0.4414102242 -0.8403571153  0.6883179928  0.4417455947 -0.2033428991  2.0000000000
-0.1132303281  0.2976432791 -0.1474382952  0.1634213197  0.0438261022 -0.4366569098  0.0435749305  0.2294393619 -0.0049688212  0.6627192345 -0.3796839918  0.3648233043 -1.0493497525  2.0000000000
 0.2922949020 -0.0047702928  0.2325539301  0.0274596736  0.0871396638  0.2627896811 -0.4191099726  0.4570972543  0.1983578922  0.4190061180 -0.1379265161  0.2871228750 -0.3548334044  2.0000000000
 0.2230694252 -0.1125131320  0.3935782818  0.2714956700  0.1541623734 -0.1936205338 -0.0278413810  0.1944444382 -0.0716133812  0.5571947945 -0.6332497319 -0.7839427083  0.8201018979  2.0000000000
 0.2602354857 -0.0720381007  0.3449443468  0.1756142235  0.1344328307  0.0257136466 -0.2706281283  0.4083251202  0.0905153093  0.6821388337 -0.5834120778 -0.4130033210  0.3501074556  2.0000000000
 0.2627648703  0.1700852270 -0.1112455253 -0.2182478386 -0.0401770541  0.2882244653 -0.0248387620 -0.1173549556 -0.0359656883 -0.4901369625  0.4729121324  0.1698853493  0.3353945634  2.0000000000
 0.1423418791 -0.1471855266  0.3699350581  0.3389309468  0.1363966824 -0.4884115827  0.4605227429 -0.3816418875 -0.3508518522 -0.3424105594  0.1522587238 -0.1960888860  0.2974318356  2.0000000000
 0.1966769727 -0.1292375317  0.3994790497  0.3089357250  0.1549651586 -0.3112809984  0.1377071650  0.0185683194 -0.1728050443  0.3457054783 -0.5033992853 -0.8214090623  0.9728146160  2.0000000000
 0.0513901079  0.2929890816 -0.2672319250 -0.0485413162 -0.0368397083 -0.3368282775  0.3681009577 -0.2014747841 -0.2281190583  0.3895451470 -0.6263088507 -0.6436446204  0.8780217509  2.0000000000
-0.1710522927  0.2836646034 -0.0670457610  0.2197824453  0.0761962859 -0.3422442970 -0.1360156387  0.3518761959  0.0893516140  0.4273545424  0.0337256650  0.6023604166 -0.5405697193  2.0000000000
 0.2743396936  0.0753154909  0.0479828465 -0.1254986326  0.0100051148  0.3534183012 -0.2927590268  0.1932007401  0.1604272864 -0.1724255758  0.4253758015  0.8994958745 -1.7533169977  2.0000000000
 0.1828937320 -0.1356605962  0.3965288316  0.3221066479  0.1523497391 -0.3662983567  0.2305674992 -0.0923538765 -0.2278000278  0.1585581767 -0.3240943325 -0.6284170344  0.6290847903  2.0000000000
 0.2141412583 -0.1197023305  0.3993339893  0.2887268056  0.1561942448 -0.2414492289  0.0359429477  0.1294264075 -0.1130899392  0.4836149784 -0.5915074622 -0.8025564814  0.8490106305  2.0000000000
 0.2129891995 -0.1196390405  0.3976558056  0.2877820196  0.1553383837 -0.2410629189  0.0356038960  0.1294738468 -0.1111103990  0.4876813279 -0.6000573296 -0.8260980931  0.9132341040  2.0000000000
 0.2104351970 -0.1224041542  0.4010431496  0.2950956898  0.1567235575 -0.2600805272  0.0615133075  0.1028339546 -0.1294180436  0.4522990909 -0.5726979387 -0.8105917654  0.8807795451  2.0000000000
 0.1602433211 -0.1461490578  0.3920750073  0.3451631008  0.1484904929 -0.4619124064  0.3900651516 -0.2787423831 -0.3247510658 -0.1329403200 -0.0725878940 -0.4815903979  0.6929933829  2.0000000000
 0.2958415226  0.0879946615  0.0506745994 -0.1367340103  0.0145460546  0.3818909174 -0.3105376352  0.2122462602  0.1415408072 -0.1746786835  0.4281723074  0.6707616316 -0.6183538322  2.0000000000
 0.1410560662 -0.1502498738  0.3759482718  0.3491754712  0.1391665495 -0.5146786344  0.4992639528 -0.4220975948 -0.3815027844 -0.4022654184  0.2021067893 -0.1851388769  0.4185898749  2.0000000000
-0.0103648545  0.2956601354 -0.2369063301  0.0340856999 -0.0106515733 -0.4201480023  0.2809978128 -0.0464601715 -0.1545268933  0.5792269802 -0.6109695692 -0.3589680757  1.0219569191  2.0000000000
-0.1771480310  0.2537972749 -0.0366409820  0.2125917200  0.0745870451 -0.2782373639 -0.1514023504  0.3157430566  0.1088542183  0.3610047255 -0.0364138281  0.6686525263 -2.5979777925  3.0000000000
 0.1714613125  0.2484491655 -0.2446685821 -0.1873969556 -0.0651798066 -0.0272045637  0.3085129845 -0.3370268570 -0.2223862014 -0.2032199148 -0.1378074943 -0.4981215363  0.0375187338  3.0000000000
 0.0659879157  0.2918293888 -0.2716216717 -0.0674540948 -0.0420715149 -0.3116060261  0.3807188012 -0.2316200746 -0.2403611628  0.3486356819 -0.6363671345 -0.6299803329  0.2085484694  3.0000000000
-0.0883093493  0.2990495136 -0.1745169101  0.1340356260  0.0297499891 -0.4512744374  0.1139770319  0.1633956756 -0.0452699079  0.7031650991 -0.5167673927  0.2258260574 -1.1883762077  3.0000000000
-0.2285471719  0.2416733736  0.0520276049  0.2378180406  0.1032810033 -0.1093976566 -0.3119479753  0.3623299974  0.1578168926 -0.0933017472  0.5493125013  0.4802738328  0.7068223866  3.0000000000
-0.2738176501  0.1380472879  0.2340919123  0.0879296043  0.0908056710  0.3815691661 -0.2071326916 -0.0549317526 -0.0118450119 -0.6263200913  0.2960018658 -0.5527433784  0.9519324954  3.0000000000
-0.2602870850  0.0678068144  0.2816686050 -0.0634665260  0.0500873456  0.5239323990  0.0288089384 -0.3166844596 -0.1648961775 -0.4458630393 -0.1705816982 -0.8723262134  1.4511303077  3.0000000000
 0.2176686476  0.2203042201 -0.2010269995 -0.2196619684 -0.0615396046  0.1247145887  0.1881893022 -0.2860309595 -0.1611856479 -0.4135004398  0.1827160964 -0.2445155054  0.2816198931  3.0000000000
-0.0111592916  0.3024044651 -0.2402259026  0.0354575770 -0.0094593582 -0.4274794664  0.2853264868 -0.0435631783 -0.1619895648  0.6056020955 -0.6509952196 -0.3317470304  0.5033008260  3.0000000000
-0.0509960980  0.3038526643 -0.2115093908  0.0878370064  0.0103008212 -0.4553955911  0.2075307727  0.0643139633 -0.1069583426  0.7000372828 -0.6341367941 -0.0324554761 -0.6280524096  3.0000000000
-0.0880707580  0.3033331351 -0.1772850052  0.1349250328  0.0304739354 -0.4556314590  0.1124256368  0.1688374548 -0.0476986007  0.6918446552 -0.4720798840  0.1874348262 -0.4256303248  3.0000000000
-0.1844007943 -0.0803799869  0.2613453117 -0.4526798813 -0.0707431776  0.2940129120  0.5170640514 -0.3049275605 -0.3035499861  0.7588251027 -0.4561929059  0.4348424885  0.7821856155  3.0000000000
 0.2040528080  0.2314269979 -0.2184801086 -0.2126047586 -0.0639675917  0.0764701663  0.2337069054 -0.3115329579 -0.1869906735 -0.3585153201  0.0847590636 -0.3540186460  0.3242664013  3.0000000000
 0.1046208902  0.2814776804 -0.2733659550 -0.1161135550 -0.0541482441 -0.2233651650  0.3861915043 -0.2989177958 -0.2562486053  0.1469783820 -0.4879900173 -0.7313007221  0.7365676849  3.0000000000
-0.1016443344 -0.1799475340  0.1050476523 -0.6650954741 -0.1067926932 -0.4802875521  0.0581860819  0.5762440682  0.0820795213  0.2598410115  0.8530747876  0.3868171392  0.4038820192  3.0000000000
-0.1248317056 -0.1585895644  0.1651990088 -0.6544663458 -0.1198340087 -0.2541609298  0.3434980354  0.3352970923 -0.0592339310  0.8071832593  0.6298280686  1.0639323815  0.4871848976  3.0000000000
 0.2686212354 -0.0543116137  0.3140899466  0.1330409713  0.1210464701  0.1007946109 -0.3313421023  0.4443060510  0.1366642944  0.6479735962 -0.4960556015 -0.2625093081  0.2832313067  3.0000000000
-0.1687652985  0.2806222833 -0.0680993221  0.2188314604  0.0749738059 -0.3427707949 -0.1391648940  0.3539575188  0.0952157531  0.4035802782  0.0942341395  0.5748606254  0.2354658025  3.0000000000
-0.2314853053  0.2448851158  0.0540864298  0.2386840859  0.1048394993 -0.1067436901 -0.3099475053  0.3606590498  0.1514101305 -0.0743110613  0.5009025762  0.5013570120  0.1500796828  3.0000000000
 0.0982396836  0.2695108388 -0.2644418534 -0.1089295389 -0.0537467091 -0.2241753094  0.3759146280 -0.2897971481 -0.2351950924  0.1779888874 -0.5356582868 -0.5771677799 -0.6179521856  3.0000000000
 0.2292252467  0.1637651094 -0.1299060446 -0.2041587190 -0.0490281247  0.2225578915  0.0355049041 -0.1676050751 -0.0363726461 -0.4449662011  0.3651973238  0.3465094532 -1.4159100164  3.0000000000
 0.2734177759  0.1231132487 -0.0333475885 -0.1817361817 -0.0173305967  0.3454287822 -0.1754519793  0.0415750823  0.0742045185 -0.3729879375  0.5134138802  0.6991156296 -1.2908061389  3.0000000000
 0.2667164765 -0.0301287084  0.2545716335  0.0696553360  0.0935468373  0.1853249600 -0.3684372420  0.4255576337  0.1885683994  0.4606105197 -0.2078930558  0.3657331520 -1.1054607750  3.0000000000
-0.2662478642  0.1896069526  0.1666514543  0.1792081028  0.1074477874  0.1836005210 -0.3150268373  0.1669289452  0.0924990531 -0.4902466499  0.5148977239 -0.0404162435  0.2407897878  3.0000000000
-0.2107947804  0.2610558832  0.0077337099  0.2376605277  0.0955585867 -0.2062767310 -0.2489242482  0.3705618589  0.1340805172  0.1554003348  0.2775260648  0.6319427815 -0.9663310932  3.0000000000
-0.2576645984  0.0541063976  0.2903173421 -0.1013857758  0.0401719303  0.5434408250  0.0923556054 -0.3670934587 -0.2043588087 -0.3436411427 -0.3154720801 -0.8459893800  1.1408755449  3.0000000000
 0.2850870782  0.1293153960 -0.0309994693 -0.1874067853 -0.0146437614  0.3611490105 -0.1847617077  0.0507890353  0.0623812189 -0.3803820757  0.5201727743  0.4958805198 -0.2109271580  3.0000000000
-0.0823332355 -0.1900208301  0.0401673664 -0.6025356484 -0.0642304239 -0.5997100493 -0.2787533755  0.6250594446  0.1646228048 -0.4657881547  0.6325005705 -0.6866153250  0.6147165055  3.0000000000
-0.2478310229  0.2227725369  0.1015575421  0.2220219899  0.1082621779  0.0094976173 -0.3288161333  0.2977450667  0.1399902769 -0.2542042011  0.5320103018  0.3358224324 -0.1182852626  3.0000000000
-0.1544161273  0.2864333411 -0.0910223202  0.2068254525  0.0671486434 -0.3760412276 -0.0922573707  0.3293398736  0.0714147754  0.4874301399 -0.0270866243  0.5429354213 -0.0270689529  3.0000000000
 0.2042601456  0.2304764740 -0.2175714528 -0.2128185345 -0.0639465729  0.0787833469  0.2323833349 -0.3125078723 -0.1870550182 -0.3723789985  0.1043864176 -0.4150063977  0.8133649450  3.0000000000
-0.2689569004  0.1745067149  0.1870307988  0.1533462273  0.1026887818  0.2438132048 -0.2786847867  0.0936081896  0.0586541661 -0.5060134841  0.3717544936 -0.1528126219 -0.4292764861  3.0000000000
 0.0257635426  0.2954891386 -0.2576617684 -0.0147695544 -0.0268780676 -0.3799356765  0.3446138875 -0.1435830577 -0.2034880110  0.5203630099 -0.7257429560 -0.4451674747 -0.5272606695  3.0000000000
-0.2656812973  0.1874108945  0.1678948903  0.1742332006  0.1058129359  0.1888550847 -0.3006559673  0.1497087116  0.0832330311 -0.4600410951  0.4273627089 -0.0266295380 -0.4560935431  3.0000000000
-0.1390971021  0.2924141715 -0.1141695513  0.1924096684  0.0587765999 -0.4054116090 -0.0423020434  0.2981798792  0.0437666755  0.5592183833 -0.1439651456  0.4740015927 -0.1023959926  3.0000000000
 0.2042351299  0.2304573502 -0.2175964407 -0.2127958376 -0.0639597425  0.0786066802  0.2325761952 -0.3125875642 -0.1871235412 -0.3717020974  0.1033661435 -0.4150215501  0.8112365657  3.0000000000
-0.2708984193  0.1320798472  0.2349079583  0.0754334880  0.0860024020  0.3884015191 -0.1713374578 -0.0918223454 -0.0315680332 -0.5436920630  0.1036662983 -0.4875461468 -0.4901575753  3.0000000000
-0.2691320322  0.1633016406  0.1988161532  0.1414575736  0.1005736693  0.2788322514 -0.2831057522  0.0737606272  0.0581852917 -0.6133836636  0.5121524079 -0.3228027122  1.2731791964  3.0000000000
-0.2299456806 -0.0146219559  0.3008569779 -0.2871379461 -0.0151886939  0.5220074906  0.3800239111 -0.4862456585 -0.3350751537  0.2668521334 -0.7740040058 -0.3415530184  0.0816752195  3.0000000000
-0.1823509168  0.2674546756 -0.0395900556  0.2219488773  0.0798714250 -0.2917826956 -0.1649687456  0.3437780804  0.1068696013  0.3630341054  0.0288690956  0.6656429787 -1.8214664068  3.0000000000
 0.2310577731  0.2094364903 -0.1819239386 -0.2245128634 -0.0579149193  0.1715659562  0.1386384868 -0.2534140030 -0.1334912287 -0.4569439154  0.2745245597 -0.1273907424  0.2056393579  3.0000000000
 0.2931626248  0.0993950757  0.0273503510 -0.1525478356  0.0058525989  0.3799949305 -0.2773955015  0.1665664926  0.1204699892 -0.2408116948  0.4618691423  0.5820865560 -0.2822627430  3.0000000000
-0.2479261390  0.2241405466  0.1004625703  0.2247910344  0.1091164288  0.0060349090 -0.3371446912  0.3078179020  0.1453889910 -0.2755310955  0.5924108982  0.3161547219  0.4651114714  3.0000000000
-0.2420480431  0.0131195033  0.2996420249 -0.2081706241  0.0084773635  0.5475612870  0.2600567417 -0.4552403887 -0.2856063583 -0.0265558526 -0.5862004390 -0.6562701715  0.8639921766  3.0000000000
-0.2303850740 -0.0138893672  0.3009824670 -0.2850952996 -0.0144144391  0.5224209443  0.3741949025 -0.4825012996 -0.3323440553  0.2485965613 -0.7476323620 -0.3695648219  0.2867978389  3.0000000000
-0.1185050202 -0.1637517740  0.1520049473 -0.6584294638 -0.1199815850 -0.3033958451  0.3028434722  0.3813380672 -0.0312581260  0.7593891001  0.6375275386  1.0900872969 -0.0205774840  3.0000000000
-0.1138047603 -0.1682372337  0.1402478190 -0.6625129437 -0.1182885427 -0.3516440581  0.2470230945  0.4369909221 -0.0003145418  0.6517353344  0.7105797747  0.9540318788  0.0493155969  3.0000000000
 0.0659641239  0.2913265950 -0.2713178823 -0.0674632838 -0.0421168858 -0.3109483871  0.3799989266 -0.2316094344 -0.2396883923  0.3441612823 -0.6280766743 -0.6368670214  0.3251899828  3.0000000000
