 3.297993e-02 -1.479653e-01 -1.532468e-01 -4.187015e-01  2.423710e-01 -4.840272e-01 -2.342756e-02 -2.391843e-01 -4.457529e-03 -1.610605e-02 -7.871268e-01 -6.837458e-01 -1.073575e-01  1.000000e+00
 4.539744e-02 -2.188547e-01 -2.433439e-01 -7.245866e-01  4.640600e-01 -9.653359e-01 -5.008215e-02 -5.665463e-01 -1.316516e-02 -5.920182e-02  3.756978e-01  1.186695e-02 -5.286235e-02  1.000000e+00
 2.120813e-02 -7.786215e-02 -6.098506e-02 -9.470158e-02  3.772192e-04  4.831570e-02  5.806276e-03  1.247278e-01  5.361207e-03  3.027485e-02 -4.967845e-01 -9.062835e-03  8.703521e-02  1.000000e+00
 1.888420e-02 -6.752634e-02 -5.147711e-02 -7.692598e-02 -4.948113e-04  3.808844e-02  4.946640e-03  9.833327e-02  3.958386e-03  2.172749e-02 -2.060567e-01  5.789348e-02  5.037783e-02  1.000000e+00
 8.560146e-02 -4.861318e-02 -2.492127e-02 -2.561600e-01 -1.907131e-01  9.525095e-02 -1.764086e-01  7.472078e-01 -1.077096e+00 -4.820703e-01  2.040187e-01  1.522151e-02 -1.025944e-02  1.000000e+00
 1.788487e-02 -6.326912e-02 -4.775217e-02 -7.056340e-02 -4.485243e-04  3.437500e-02  4.432934e-03  8.732471e-02  3.452871e-03  1.880136e-02 -1.655410e-01  4.585699e-02  3.891907e-02  1.000000e+00
 3.882248e-02 -1.751311e-01 -1.764255e-01 -4.129874e-01 -6.671970e-03  1.172128e+00 -1.476668e-01 -8.174457e-01 -1.355155e-02 -5.876974e-02  1.851145e-01 -4.530262e-02 -3.275730e-02  1.000000e+00
 3.331843e-02 -1.458397e-01 -1.428506e-01 -3.239814e-01 -5.060747e-03  8.779899e-01 -1.084339e-01 -5.847495e-01 -9.202886e-03 -3.898165e-02  9.778602e-02 -2.267748e-02 -1.514466e-02  1.000000e+00
 4.575592e-02 -2.210935e-01 -2.464590e-01 -7.363919e-01  4.737684e-01 -9.874791e-01 -5.141149e-02 -5.847840e-01 -1.371611e-02 -6.262880e-02  6.942035e-01  2.597300e-01 -1.754179e-02  1.000000e+00
 4.591138e-02 -2.219218e-01 -2.474395e-01 -7.394331e-01  4.757384e-01 -9.915589e-01 -5.161950e-02 -5.870327e-01 -1.376114e-02 -6.278926e-02  6.777942e-01  2.453917e-01 -1.981148e-02  1.000000e+00
 1.979188e-02 -7.141629e-02 -5.489928e-02 -8.280660e-02 -5.378634e-04  4.155100e-02  5.426920e-03  1.086757e-01  4.437515e-03  2.451152e-02 -2.458894e-01  6.979523e-02  6.181964e-02  1.000000e+00
 3.978541e-02 -1.804390e-01 -1.827006e-01 -4.301776e-01 -6.993258e-03  1.231514e+00 -1.557309e-01 -8.663641e-01 -1.450434e-02 -6.318122e-02  2.071412e-01 -5.131926e-02 -3.747768e-02  1.000000e+00
 2.408354e-02 -9.680827e-02 -8.678595e-02 -1.758065e-01 -2.387927e-03  3.907201e-01 -4.358851e-02 -2.013430e-01 -2.084848e-03 -6.693233e-03 -4.001825e-02  1.279336e-02  1.210530e-02  1.000000e+00
 2.143390e-02 -7.944392e-02 -6.325673e-02 -1.030700e-01  6.906720e-03  3.207324e-02  5.417655e-03  1.191741e-01  5.298229e-03  3.044843e-02 -7.853392e-01 -2.498355e-01  5.349005e-02  1.000000e+00
 1.814685e-02 -6.441635e-02 -4.878113e-02 -7.236878e-02 -4.620202e-04  3.546776e-02  4.586828e-03  9.068538e-02  3.613009e-03  1.974325e-02 -1.804242e-01  5.037785e-02  4.338629e-02  1.000000e+00
 2.982975e-02 -1.271135e-01 -1.212274e-01 -2.662224e-01 -4.007603e-03  6.852273e-01 -8.262475e-02 -4.309586e-01 -6.305537e-03 -2.575552e-02  3.839298e-02 -7.167725e-03 -3.102895e-03  1.000000e+00
 3.566490e-02 -1.583668e-01 -1.572517e-01 -3.622830e-01 -5.756048e-03  1.005152e+00 -1.254283e-01 -6.857986e-01 -1.110024e-02 -4.763268e-02  1.362341e-01 -3.295805e-02 -2.299215e-02  1.000000e+00
 2.306465e-02 -8.833821e-02 -7.393077e-02 -1.362737e-01  2.804739e-02 -1.129486e-02  3.344858e-03  9.861865e-02  5.044342e-03  3.042370e-02 -1.306414e+00 -6.761487e-01 -5.365538e-03  1.000000e+00
 1.717263e-02 -6.024083e-02 -4.510744e-02 -6.605550e-02 -4.157980e-04  3.175012e-02  4.071192e-03  7.958122e-02  3.098606e-03  1.675434e-02 -1.376886e-01  3.761132e-02  3.111809e-02  1.000000e+00
 3.235260e-02 -1.335854e-01 -1.192241e-01 -2.220573e-01 -5.102456e-03  1.659345e-01  2.117743e-02  8.796621e-01  1.275060e+00 -2.612292e-01  4.186672e-01 -9.685110e-02 -1.497162e+00  1.000000e+00
 3.183830e-02 -9.274341e-02 -7.317580e-02 -1.663464e-01 -5.438130e-02  9.011083e-02 -5.268955e-02  5.008460e-01 -4.813176e-01 -2.822416e-01 -4.511383e-02  1.672272e-01 -6.085034e-01  1.000000e+00
 4.396576e-02 -9.736538e-02 -7.448764e-02 -2.175372e-01 -1.026828e-01  1.099755e-01 -1.025697e-01  6.970053e-01 -8.761624e-01 -4.443089e-01  5.422329e-02  1.684022e-01 -4.961593e-01  1.000000e+00
 4.417852e-02 -2.120195e-01 -2.349228e-01 -6.975877e-01  4.463157e-01 -9.286818e-01 -4.824457e-02 -5.478062e-01 -1.272398e-02 -5.910853e-02  1.004331e+00  5.583747e-01  3.915519e-02  1.000000e+00
 3.454277e-02 -1.565462e-01 -1.640053e-01 -4.559285e-01  2.712359e-01 -5.491352e-01 -2.731224e-02 -2.930519e-01 -5.648150e-03 -2.783160e-02  9.839993e-01  7.886382e-01  1.325259e-01  1.000000e+00
 2.987532e-02 -1.217205e-01 -1.073110e-01 -1.970551e-01 -4.217136e-03  1.446178e-01  1.869021e-02  7.527721e-01  1.080386e+00 -2.158707e-01  3.209494e-01 -7.773002e-02 -8.855233e-01  1.000000e+00
 2.874612e-02 -1.153211e-01 -1.006320e-01 -1.842874e-01 -5.903113e-03  1.326338e-01  1.422573e-02  6.855669e-01  9.083464e-01 -2.042262e-01  2.993175e-01 -4.998112e-02 -1.872072e+00  1.000000e+00
 2.050770e-02 -7.485922e-02 -5.833657e-02 -9.006054e-02 -6.974535e-05  4.900406e-02  5.128304e-03  1.147322e-01  4.927253e-03  2.772670e-02 -4.177767e-01  1.437923e-02  8.011527e-02  1.000000e+00
 3.925581e-02 -1.775865e-01 -1.793947e-01 -4.213067e-01 -6.830797e-03  1.201691e+00 -1.517242e-01 -8.423796e-01 -1.404820e-02 -6.108988e-02  1.974474e-01 -4.867309e-02 -3.545220e-02  1.000000e+00
 2.284873e-02 -8.702781e-02 -7.141188e-02 -1.190935e-01 -8.864941e-04  7.388709e-02  1.047103e-02  3.152417e-01  3.761906e-01 -4.847186e-02 -9.302316e-02  1.964337e-02  1.451147e+00  1.000000e+00
 4.402421e-02 -2.112608e-01 -2.341079e-01 -6.954172e-01  4.452305e-01 -9.267384e-01 -4.817463e-02 -5.475951e-01 -1.275328e-02 -5.937201e-02  1.060296e+00  6.032472e-01  4.562878e-02  1.000000e+00
 4.034128e-02 -1.831882e-01 -1.856329e-01 -4.373112e-01 -7.110502e-03  1.252093e+00 -1.583084e-01 -8.803712e-01 -1.472032e-02 -6.407306e-02  2.077671e-01 -5.123009e-02 -3.726743e-02  1.000000e+00
 1.975782e-02 -7.127033e-02 -5.477098e-02 -8.258651e-02 -5.362562e-04  4.142189e-02  5.409050e-03  1.082921e-01  4.419864e-03  2.440932e-02 -2.444873e-01  6.938020e-02  6.142754e-02  1.000000e+00
 2.495814e-02 -1.001750e-01 -9.049687e-02 -1.997109e-01  8.090377e-02 -1.324980e-01 -3.962891e-03 -2.176775e-03  3.797264e-03  1.058355e-02  3.232634e-01  5.303658e-01  1.689208e-01  1.000000e+00
 1.983153e-02 -7.403584e-02 -6.052533e-02 -1.057030e-01 -1.091908e-03  1.563996e-01 -1.218544e-02 -1.381529e-02  1.472325e-03  9.615680e-03 -1.246383e-01  2.918595e-02  2.886556e-02  1.000000e+00
 3.064049e-02 -1.307764e-01 -1.266761e-01 -3.097083e-01  1.483061e-01 -2.673422e-01 -1.031939e-02 -5.986942e-02  1.298698e-03  1.460355e-02 -1.991656e+00 -1.362746e+00 -1.307306e-01  1.000000e+00
 2.178296e-02 -8.192994e-02 -6.634169e-02 -1.087639e-01 -5.689353e-04  6.471969e-02  9.129050e-03  2.641233e-01  2.925665e-01 -3.295477e-02 -1.112395e-01  2.983930e-02  1.223748e+00  1.000000e+00
 3.049808e-02 -1.246741e-01 -1.099292e-01 -2.006281e-01 -2.942751e-03  1.464170e-01  2.083216e-02  7.491174e-01  1.104510e+00 -1.960795e-01  1.888903e-01 -7.435670e-02  1.957429e+00  1.000000e+00
 2.730618e-02 -1.119637e-01 -1.030825e-01 -2.310840e-01  9.275043e-02 -1.480657e-01 -3.849325e-03  1.707173e-02  3.233614e-03  2.330815e-02 -1.864220e+00 -1.188232e+00 -8.991632e-02  1.000000e+00
 3.739643e-02 -1.729613e-01 -1.849886e-01 -5.274923e-01  3.232015e-01 -6.619334e-01 -3.354938e-02 -3.693163e-01 -7.779239e-03 -3.744536e-02  1.076862e+00  7.944487e-01  1.170410e-01  1.000000e+00
 4.186774e-02 -9.477893e-02 -7.254547e-02 -2.054323e-01 -9.399431e-02  1.037432e-01 -9.380089e-02  6.453496e-01 -8.271072e-01 -4.083796e-01  1.879605e-02  1.741286e-01 -4.336347e-01  1.000000e+00
 2.768934e-02 -9.189513e-02 -7.419595e-02 -1.487320e-01 -3.156747e-02  8.673773e-02 -2.610720e-02  4.460587e-01 -1.255151e-01 -2.043562e-01 -1.845380e-02  1.182532e-01 -8.622416e-01  1.000000e+00
 4.185248e-02 -1.992651e-01 -2.193490e-01 -6.472281e-01  4.118450e-01 -8.555366e-01 -4.434701e-02 -5.025312e-01 -1.165775e-02 -5.426594e-02  1.033157e+00  6.089165e-01  5.120638e-02  1.000000e+00
 3.029682e-02 -1.291015e-01 -1.248891e-01 -3.049621e-01  1.459010e-01 -2.629655e-01 -1.015216e-02 -5.905169e-02  1.260634e-03  1.421396e-02 -1.929326e+00 -1.317404e+00 -1.255265e-01  1.000000e+00
 5.605098e-01  5.976260e-01  4.666028e-01 -1.017446e-01 -3.691656e-01 -1.300948e-01 -2.233129e-01 -2.005531e-01  1.744107e-01  1.512724e-01  7.549558e-02 -1.032655e-01  3.048513e-02  1.000000e+00
 2.991374e-02 -1.216995e-01 -1.067799e-01 -1.936450e-01 -2.682037e-03  1.399315e-01  2.003049e-02  7.077894e-01  1.035478e+00 -1.797521e-01  1.439945e-01 -6.405408e-02  2.233853e+00  1.000000e+00
 3.558775e-02 -1.601515e-01 -1.653618e-01 -4.462013e-01  2.511242e-01 -4.936279e-01 -2.310931e-02 -2.209203e-01 -3.229606e-03 -7.707028e-03 -1.605058e+00 -1.239880e+00 -1.577226e-01  1.000000e+00
 4.214079e-02 -1.990859e-01 -2.167099e-01 -6.278813e-01  3.886353e-01 -7.969674e-01 -4.033208e-02 -4.393877e-01 -9.430296e-03 -3.908110e-02 -6.593334e-01 -7.032638e-01 -1.312068e-01  1.000000e+00
 2.376133e-02 -9.357071e-02 -8.236512e-02 -1.730663e-01  6.229166e-02 -9.261787e-02 -1.798612e-03  2.386340e-02  5.060052e-03  1.359210e-02  2.378225e-01  4.732801e-01  1.660713e-01  1.000000e+00
 4.379970e-02 -2.089017e-01 -2.296264e-01 -6.735552e-01  4.232633e-01 -8.734501e-01 -4.468644e-02 -4.948986e-01 -1.101287e-02 -4.726079e-02 -3.457591e-01 -5.041319e-01 -1.141809e-01  1.000000e+00
 3.334870e-02 -1.461149e-01 -1.432959e-01 -3.255709e-01 -5.094799e-03  8.852908e-01 -1.095307e-01 -5.922175e-01 -9.378157e-03 -3.985142e-02  1.029939e-01 -2.553671e-02 -1.671587e-02  1.000000e+00
 2.153877e-02 -7.991747e-02 -6.370939e-02 -1.040326e-01  7.158360e-03  3.189310e-02  5.437545e-03  1.199311e-01  5.343437e-03  3.073522e-02 -8.012341e-01 -2.581215e-01  5.351449e-02  1.000000e+00
 3.517201e-02 -1.561439e-01 -1.551258e-01 -3.578893e-01 -5.698918e-03  9.964851e-01 -1.246016e-01 -6.834230e-01 -1.114669e-02 -4.802499e-02  1.443404e-01 -3.583932e-02 -2.536649e-02  1.000000e+00
 2.063636e-02 -7.539909e-02 -5.880005e-02 -9.083719e-02  5.068664e-05  4.830863e-02  5.316309e-03  1.169226e-01  5.012526e-03  2.821738e-02 -4.325297e-01  9.412680e-03  8.111045e-02  1.000000e+00
 1.727333e-02 -6.073386e-02 -4.562733e-02 -6.730049e-02 -4.358163e-04  3.523512e-02  3.641720e-03  7.730594e-02  3.065888e-03  1.662506e-02 -1.378643e-01  3.769643e-02  3.122676e-02  1.000000e+00
 3.929377e-02 -1.834147e-01 -1.975567e-01 -5.660955e-01  3.466469e-01 -7.082320e-01 -3.564216e-02 -3.856916e-01 -8.196712e-03 -3.376591e-02 -5.819435e-01 -6.220529e-01 -1.183348e-01  1.000000e+00
 2.443346e-02 -9.574867e-02 -8.280197e-02 -1.639879e-01  4.597830e-02 -4.832495e-02  1.486174e-03  7.906950e-02  4.700168e-03  2.946961e-02 -1.562758e+00 -8.900762e-01 -3.610977e-02  1.000000e+00
 2.097154e-02 -7.823856e-02 -6.359635e-02 -1.120807e-01  2.009174e-02 -2.473441e-03  3.072902e-03  8.293295e-02  1.121639e-02  1.927037e-02 -6.707209e-03  2.790789e-01  1.621747e-01  1.000000e+00
 3.870835e-02 -1.746346e-01 -1.759769e-01 -4.121629e-01 -6.663121e-03  1.171170e+00 -1.476410e-01 -8.180839e-01 -1.359232e-02 -5.901313e-02  1.877730e-01 -4.667920e-02 -3.360106e-02  1.000000e+00
 4.045595e-02 -1.836538e-01 -1.860165e-01 -4.378925e-01 -7.112868e-03  1.251992e+00 -1.581830e-01 -8.787743e-01 -1.466015e-02 -6.373937e-02  2.040511e-01 -5.018576e-02 -3.631427e-02  1.000000e+00
-5.795605e-01  4.770560e-01 -4.907936e-02 -7.129007e-03 -2.921107e-01 -8.733512e-02  3.475150e-01 -2.085768e-01  6.696534e-02 -5.876484e-01 -2.445333e-01  4.225312e-01  1.431976e-02  2.000000e+00
 5.658611e-01  6.040400e-01  4.708930e-01 -1.005998e-01 -3.700125e-01 -1.312421e-01 -2.232696e-01 -2.037603e-01  1.763786e-01  1.512547e-01  7.609624e-02 -1.009976e-01  2.671412e-02  2.000000e+00
-1.863654e-01 -2.731713e-01  5.677719e-01  3.039184e-01  4.926370e-01  2.908209e-02 -7.823336e-01  8.787298e-02 -1.113808e-02  4.545780e-01 -2.138128e-01  5.298407e-01 -6.152218e-02  2.000000e+00
 3.181974e-01  2.154250e-01 -3.018187e-01  6.502800e-01  8.831068e-01  1.304758e-01  5.711337e-01 -1.848119e-03 -1.622445e-01 -2.961920e-01  2.090445e-02  1.206933e-01 -3.198746e-02  2.000000e+00
-4.380722e-02 -5.899010e-01  6.198101e-01  5.587770e-01 -9.514623e-02 -1.704910e-01 -2.844619e-01 -3.361328e-01  1.271802e-01 -8.476817e-01 -2.595144e-01  4.577408e-01  4.213050e-02  2.000000e+00
 3.387262e-02 -2.819392e-01  3.414354e-02  4.959775e-03 -4.270549e-01 -2.464922e-02  8.560270e-01  1.042705e-01 -1.794601e-01  1.099699e+00 -7.920215e-02  5.057687e-01 -5.487043e-02  2.000000e+00
 5.923323e-01  6.351669e-01  4.827981e-01 -7.617014e-02 -3.442947e-01 -1.336439e-01 -1.998508e-01 -2.346407e-01  2.101874e-01  1.520169e-01  5.613123e-02 -6.446973e-02 -3.106046e-02  2.000000e+00
-6.242609e-01  4.682684e-01  1.975836e-01 -7.596161e-02  8.542376e-02  1.806957e-02  3.241088e-01 -4.671918e-02 -3.800323e-02 -1.105533e-01  2.015436e-01 -2.927726e-01  4.735031e-02  2.000000e+00
-6.403922e-01  5.089761e-01  1.091200e-01 -6.562859e-02 -7.508307e-02 -2.445329e-02  4.073250e-01 -1.289622e-01  5.622623e-03 -3.893679e-01  9.415114e-03  1.483742e-02  5.018003e-02  2.000000e+00
 6.790583e-02 -8.669791e-02 -6.018965e-02 -2.773720e-01 -1.752047e-01  1.237453e-01 -1.714431e-01  8.935218e-01 -1.269060e+00 -5.989881e-01  1.997611e-01  1.094164e-01 -2.595553e-01  2.000000e+00
 3.420998e-02 -5.133490e-02 -3.570680e-02 -9.846711e-02 -3.688617e-02  3.987741e-02 -2.848091e-02  1.821242e-01 -1.633666e-01 -5.819612e-02 -9.049236e-02  3.855575e-02  9.903167e-03  2.000000e+00
 3.204628e-02 -1.322779e-01 -1.177361e-01 -2.173961e-01 -3.528682e-03  1.613127e-01  2.265281e-02  8.408379e-01  1.252455e+00 -2.306231e-01  2.765563e-01 -9.342605e-02  1.391538e+00  2.000000e+00
-1.587203e-02 -5.965745e-01  5.480420e-01  5.272249e-01 -2.832736e-01 -1.941641e-01  5.233713e-02 -3.739681e-01  1.018994e-01 -8.410820e-01  5.433503e-02 -1.063078e-01  3.652291e-02  2.000000e+00
-4.191130e-01  8.691085e-02  5.015467e-01  8.322202e-02  6.159773e-01  1.135969e-01 -4.741972e-01  2.247782e-01 -1.278372e-01  9.833318e-01  4.615219e-01 -5.940593e-01 -6.781674e-02  2.000000e+00
 1.935187e-02 -7.065437e-02 -5.593491e-02 -9.365071e-02  1.261870e-02  8.964779e-03  3.285417e-03  7.757013e-02  4.607279e-03  1.846029e-02 -6.369667e-02  1.734123e-01  8.695471e-02  2.000000e+00
 2.958114e-02 -1.200551e-01 -1.050867e-01 -1.900165e-01 -2.577288e-03  1.367061e-01  1.960292e-02  6.880548e-01  1.002937e+00 -1.725988e-01  1.273414e-01 -5.993813e-02  2.300199e+00  2.000000e+00
-7.197288e-02 -5.105730e-01  6.075422e-01  4.965613e-01  1.066577e-01 -1.117382e-01 -5.333052e-01 -2.134344e-01  1.074025e-01 -5.443734e-01 -4.394942e-01  8.071969e-01  2.021178e-02  2.000000e+00
 1.506334e-02 -5.486015e-01  3.863872e-01  3.942168e-01 -5.234864e-01 -1.855270e-01  6.330849e-01 -3.098963e-01 -6.705137e-03 -2.977988e-01  6.185218e-01 -1.002077e+00 -2.338094e-02  2.000000e+00
-4.383403e-01  2.970401e-01  1.304943e-01 -5.576893e-02  6.972720e-02  2.134929e-02  1.489033e-01  6.123946e-03 -2.054386e-02 -3.118045e-04 -2.187165e-03 -3.609315e-02  1.240916e-02  2.000000e+00
 3.963372e-02 -8.462838e-02 -6.361989e-02 -1.805837e-01 -8.222525e-02  8.827647e-02 -8.046207e-02  5.371188e-01 -6.900578e-01 -3.289838e-01 -1.607720e-03  1.363245e-01 -2.773124e-01  2.000000e+00
-2.887034e-01 -8.956848e-02  5.182499e-01  1.692845e-01  6.011416e-01  9.153460e-02 -6.802274e-01  2.086462e-01 -8.587686e-02  8.915415e-01  1.396155e-01 -6.127731e-02 -8.435426e-02  2.000000e+00
 2.045560e-02 -7.855144e-02 -5.506972e-02 -8.526372e-02 -2.400507e-02  4.222099e-02  6.731125e-02  1.264895e-01 -1.823363e-02  1.954988e-01 -4.559883e-01  6.042513e-01  6.564214e-02  2.000000e+00
 2.284288e-01  1.580704e-01  1.603704e-01 -2.514799e-01 -3.455591e-01  1.101483e-03 -2.727512e-01  4.297936e-01 -6.803071e-01 -2.189859e-01  3.250832e-01 -2.869163e-01  5.539885e-01  2.000000e+00
 2.609482e-01  1.635467e-01 -2.531930e-01  5.215370e-01  7.379275e-01  1.160023e-01  4.857143e-01  1.142396e-02 -1.333964e-01 -2.555287e-01 -1.630216e-02  1.383273e-01 -5.032225e-02  2.000000e+00
-6.729030e-01  5.496987e-01  3.392935e-02 -3.630097e-02 -2.113391e-01 -6.615730e-02  4.242727e-01 -1.976604e-01  4.350120e-02 -5.655451e-01 -1.484590e-01  2.836776e-01  3.278494e-02  2.000000e+00
-6.243971e-01  5.159534e-01 -6.663559e-02  8.109560e-03 -3.371036e-01 -1.039568e-01  3.496171e-01 -2.360427e-01  7.880176e-02 -6.317592e-01 -2.866626e-01  5.045351e-01  1.610990e-03  2.000000e+00
-1.904769e-01 -2.782463e-01  5.808098e-01  3.124721e-01  5.004780e-01  2.819389e-02 -7.956216e-01  8.597722e-02 -1.094791e-02  4.572446e-01 -2.127600e-01  5.350778e-01 -6.261041e-02  2.000000e+00
-6.676341e-01  4.575912e-01  3.075316e-01 -5.724467e-02  2.545660e-01  5.259343e-02  1.757459e-01  3.009073e-02 -7.840407e-02  2.249326e-01  3.558652e-01 -5.065686e-01  1.699594e-02  2.000000e+00
-1.152482e-01  6.405398e-02 -6.951059e-01  5.088916e-01 -6.354717e-01 -2.478638e-01 -7.372333e-01 -1.743429e-01  8.922260e-02  3.534216e-01  1.300799e-01 -8.747086e-02 -1.250088e-01  2.000000e+00
 5.148994e-01  5.412097e-01  4.130067e-01 -7.955340e-02 -3.029984e-01 -1.103397e-01 -1.764718e-01 -1.779351e-01  1.550455e-01  1.199846e-01  4.494629e-02 -5.200479e-02 -1.066164e-02  2.000000e+00
 1.853322e-01  8.733556e-02 -2.458119e-01  4.114384e-01  5.897180e-01  1.018439e-01  3.754255e-01  4.552988e-02 -1.333548e-01 -1.982541e-01 -1.015325e-02  7.791013e-02  1.131323e-02  2.000000e+00
-4.904936e-01  2.240373e-01  4.179055e-01  6.631742e-03  5.022478e-01  1.041791e-01 -2.072581e-01  1.772888e-01 -1.256170e-01  7.748541e-01  5.377212e-01 -7.657364e-01 -2.954900e-02  2.000000e+00
-1.977190e-01 -2.729423e-01  5.851153e-01  3.156033e-01  4.830925e-01  2.254324e-02 -7.545037e-01  6.897264e-02 -1.142334e-02  4.162539e-01 -1.436238e-01  4.187223e-01 -5.530979e-02  2.000000e+00
-6.338098e-01  4.386929e-01  2.916068e-01 -6.512868e-02  2.451779e-01  5.374386e-02  1.959950e-01  3.042276e-02 -7.916350e-02  2.042618e-01  3.875783e-01 -5.670004e-01  2.809745e-02  2.000000e+00
 2.250184e-02 -9.204587e-02 -5.923910e-02 -9.441019e-02 -4.740218e-02  4.648556e-02  1.256941e-01  1.526046e-01 -3.637238e-02  3.332494e-01 -6.105409e-01  9.156321e-01  7.547938e-02  2.000000e+00
 3.476389e-02 -2.582904e-01  3.195293e-03 -3.435029e-02 -3.954886e-01 -3.273851e-03  8.317032e-01  1.589297e-01 -1.909314e-01  1.236496e+00 -3.548747e-01  1.011172e+00 -3.543441e-02  2.000000e+00
 1.745665e-02 -6.150974e-02 -4.629320e-02 -6.838821e-02 -1.410130e-04  3.240061e-02  4.222093e-03  8.441280e-02  8.175338e-03  1.641512e-02 -1.393160e-01  4.541515e-02  6.271943e-02  2.000000e+00
 9.581341e-02  2.294974e-03 -1.587404e-01  1.717570e-01  2.947659e-01  7.035275e-02  1.832841e-01  7.982213e-02 -7.964280e-02 -8.481883e-02 -7.222264e-02  1.575894e-02  8.952795e-02  2.000000e+00
-6.823151e-02 -5.302756e-01  6.178639e-01  5.175901e-01  6.013609e-02 -1.281190e-01 -4.782305e-01 -2.503697e-01  1.146855e-01 -6.420987e-01 -3.852696e-01  7.054884e-01  2.846513e-02  2.000000e+00
 5.283107e-01  5.349974e-01  2.616847e-01  1.905173e-01  1.367475e-01 -4.451800e-02  1.485787e-01 -2.546380e-01  2.351537e-01 -3.251877e-04 -1.182706e-01  2.315213e-01 -3.464584e-01  2.000000e+00
-8.474505e-03 -6.049111e-01  5.308652e-01  5.197120e-01 -3.505574e-01 -2.021872e-01  1.816023e-01 -3.823100e-01  8.598854e-02 -7.884538e-01  1.853086e-01 -3.221707e-01  2.738121e-02  2.000000e+00
 2.872973e-01  2.308698e-01  2.226815e-01 -2.636418e-01 -4.020797e-01 -2.098331e-02 -3.088576e-01  3.870171e-01 -6.356403e-01 -1.840158e-01  3.382918e-01 -3.096790e-01  5.495152e-01  2.000000e+00
-1.181749e-01  6.683427e-02 -7.011720e-01  5.140463e-01 -6.422226e-01 -2.506845e-01 -7.417620e-01 -1.775971e-01  9.026279e-02  3.525684e-01  1.303628e-01 -8.518330e-02 -1.258721e-01  2.000000e+00
-1.194852e-01 -4.251307e-01  6.141606e-01  4.325740e-01  3.098072e-01 -4.934804e-02 -7.254776e-01 -7.859104e-02  6.348318e-02 -1.111864e-01 -4.323379e-01  8.577648e-01 -1.799465e-02  2.000000e+00
-2.906099e-02 -6.060827e-01  5.962774e-01  5.579999e-01 -1.974875e-01 -1.889578e-01 -1.198033e-01 -3.702532e-01  1.210053e-01 -8.939746e-01 -1.130377e-01  1.902236e-01  4.327616e-02  2.000000e+00
 5.435737e-01  5.719304e-01  3.921504e-01  1.013549e-02 -1.720959e-01 -9.936090e-02 -7.256900e-02 -2.447799e-01  2.386265e-01  1.046897e-01 -3.294247e-02  6.880637e-02 -1.833855e-01  2.000000e+00
 2.795691e-02 -1.420348e-01 -5.662616e-02 -1.004863e-01 -1.561014e-01  4.459503e-02  3.740717e-01  2.014923e-01 -1.043078e-01  7.941883e-01 -8.202952e-01  1.513900e+00  5.944315e-02  2.000000e+00
-6.632671e-01  5.285713e-01  1.109593e-01 -6.412941e-02 -8.328132e-02 -2.801237e-02  4.185933e-01 -1.379354e-01  7.702531e-03 -4.082970e-01  1.538462e-03  3.354239e-02  4.897277e-02  2.000000e+00
-5.985474e-01  3.596631e-01  3.769744e-01 -3.501247e-02  4.036367e-01  8.628385e-02 -1.888443e-03  1.148319e-01 -1.131134e-01  5.456101e-01  5.139873e-01 -7.427358e-01 -3.529234e-03  2.000000e+00
 2.721528e-02 -1.339571e-01 -5.833594e-02 -1.014881e-01 -1.380785e-01  4.607745e-02  3.348180e-01  1.974342e-01 -9.446311e-02  7.314716e-01 -8.138820e-01  1.467600e+00  6.457080e-02  2.000000e+00
 5.786738e-01  6.186692e-01  4.779971e-01 -9.335996e-02 -3.630658e-01 -1.321041e-01 -2.162148e-01 -2.103279e-01  1.786685e-01  1.458475e-01  7.326194e-02 -8.573368e-02  7.780997e-03  2.000000e+00
-1.020863e-01  5.209996e-02 -6.520072e-01  4.691851e-01 -5.922316e-01 -2.283283e-01 -6.860503e-01 -1.564294e-01  8.476113e-02  3.229408e-01  8.838738e-02 -4.415628e-02 -1.179552e-01  2.000000e+00
 3.039093e-02 -1.733303e-01 -4.591380e-02 -9.042643e-02 -2.252405e-01  3.543185e-02  5.176804e-01  2.050029e-01 -1.370626e-01  9.888075e-01 -7.672454e-01  1.539264e+00  3.462298e-02  2.000000e+00
 1.575076e-01  4.802641e-02 -5.272226e-01  6.660222e-01  5.921213e-01  7.005159e-02  2.058062e-01  7.605614e-02 -2.477870e-01 -6.579254e-02  2.818380e-01 -3.218361e-01  2.909938e-01  2.000000e+00
-9.937470e-02 -4.860588e-01  6.371298e-01  4.899172e-01  2.015429e-01 -9.012891e-02 -6.348696e-01 -1.684203e-01  9.197450e-02 -3.850337e-01 -4.249851e-01  8.198856e-01  5.279939e-03  2.000000e+00
 2.313328e-02 -5.156909e-01  3.172172e-01  3.257804e-01 -5.799932e-01 -1.683036e-01  8.191234e-01 -2.510860e-01 -5.793872e-02  1.930740e-02  7.427501e-01 -1.153720e+00 -5.080730e-02  2.000000e+00
-9.704744e-03 -6.054773e-01  5.361419e-01  5.241142e-01 -3.410138e-01 -2.024377e-01  1.590618e-01 -3.851730e-01  9.053297e-02 -8.131323e-01  1.661927e-01 -2.937595e-01  3.023889e-02  2.000000e+00
-6.670076e-01  4.603974e-01  3.072067e-01 -6.082063e-02  2.543718e-01  5.327355e-02  1.902035e-01  2.842642e-02 -8.009977e-02  2.162907e-01  3.789825e-01 -5.432851e-01  2.226093e-02  2.000000e+00
 3.206905e-02 -2.239434e-01 -8.513096e-03 -4.451253e-02 -3.328590e-01  4.702165e-03  7.088800e-01  1.546304e-01 -1.657634e-01  1.088258e+00 -3.482203e-01  9.325770e-01 -2.809336e-02  2.000000e+00
 3.063291e-02 -4.119776e-01  1.820599e-01  1.802323e-01 -5.547265e-01 -1.115812e-01  9.240949e-01 -1.074930e-01 -1.226310e-01  5.151338e-01  6.308224e-01 -8.732444e-01 -7.264950e-02  2.000000e+00
-1.018597e-01  5.402710e-02 -7.026700e-01  5.214526e-01 -6.130669e-01 -2.431781e-01 -7.431888e-01 -1.644890e-01  7.916967e-02  3.760205e-01  1.584087e-01 -1.319202e-01 -1.103288e-01  2.000000e+00
 2.826104e-01  1.692867e-01 -3.743554e-01  6.859557e-01  8.975997e-01  1.356428e-01  5.485683e-01  3.367531e-02 -2.136390e-01 -2.848405e-01  8.520450e-02  2.272956e-02  6.979334e-02  2.000000e+00
-1.575744e-01 -7.035033e-02  2.678363e-01  5.783109e-02  3.542664e-01  7.234941e-02 -4.003174e-01  1.711117e-01 -5.212133e-02  5.732671e-01 -5.366629e-04  1.094633e-02 -4.505302e-02  2.000000e+00
 3.259876e-02 -3.285975e-01  8.863659e-02  7.041331e-02 -4.753338e-01 -5.771992e-02  8.835148e-01  2.261579e-02 -1.583234e-01  8.769868e-01  2.273711e-01 -8.182224e-02 -6.655081e-02  2.000000e+00
 2.741926e-02 -4.851438e-01  2.658362e-01  2.711089e-01 -5.966402e-01 -1.497387e-01  9.134047e-01 -1.960551e-01 -9.299844e-02  2.627110e-01  7.443860e-01 -1.102469e+00 -6.637951e-02  2.000000e+00
 2.712314e-02 -4.797133e-01  2.637691e-01  2.697510e-01 -5.881204e-01 -1.489607e-01  8.957280e-01 -1.982260e-01 -8.848715e-02  2.328150e-01  7.533356e-01 -1.133337e+00 -6.453023e-02  2.000000e+00
 2.881067e-02 -4.759239e-01  2.495105e-01  2.535229e-01 -6.026803e-01 -1.437039e-01  9.454115e-01 -1.776385e-01 -1.048906e-01  3.458127e-01  7.396314e-01 -1.074419e+00 -7.122519e-02  2.000000e+00
 3.515311e-02 -3.028572e-01  4.487111e-02  1.651315e-02 -4.624003e-01 -3.216008e-02  9.169249e-01  9.641890e-02 -1.878371e-01  1.134670e+00 -4.811939e-02  4.653361e-01 -5.617420e-02  2.000000e+00
-3.351726e-01 -2.708969e-02  5.169659e-01  1.385022e-01  6.172722e-01  1.020010e-01 -6.128338e-01  2.200023e-01 -1.052750e-01  9.540195e-01  2.894210e-01 -3.034552e-01 -8.067116e-02  2.000000e+00
 3.413203e-02 -2.469489e-01 -2.840008e-03 -4.105081e-02 -3.722281e-01  1.527053e-03  7.872268e-01  1.635728e-01 -1.824633e-01  1.193737e+00 -4.104095e-01  1.076736e+00 -2.420769e-02  2.000000e+00
-1.983925e-03 -1.455345e-03 -6.120820e-01  5.084954e-01 -2.517567e-01 -1.370568e-01 -5.106107e-01 -5.207653e-02 -2.878637e-02  3.425103e-01  2.687604e-01 -3.400256e-01  5.239507e-02  2.000000e+00
 1.778819e-01  8.040411e-02 -2.028183e-01  3.336056e-01  4.976189e-01  9.172327e-02  3.189632e-01  5.253315e-02 -1.064261e-01 -1.575859e-01 -4.821931e-02  5.039551e-02  5.829976e-02  3.000000e+00
-4.361040e-01  3.537097e-01 -2.502171e-01  1.130727e-01 -4.830403e-01 -1.519208e-01  5.838455e-02 -2.344351e-01  1.146395e-01 -4.645610e-01 -3.508737e-01  5.992445e-01 -6.804121e-02  3.000000e+00
-1.355202e-01  8.079810e-02 -7.185065e-01  5.219079e-01 -6.884564e-01 -2.652966e-01 -7.598380e-01 -1.967564e-01  1.045892e-01  3.335244e-01  9.334085e-02 -1.939446e-02 -1.478695e-01  3.000000e+00
 1.110826e-01  1.953150e-02 -5.525296e-01  6.176793e-01  3.760381e-01  2.051048e-02  1.125818e-02  5.944136e-02 -2.072153e-01  5.473811e-02  3.132915e-01 -3.931078e-01  2.878162e-01  3.000000e+00
 4.428408e-01  4.098589e-01  6.621275e-02  3.502420e-01  4.406509e-01  2.783432e-02  3.460732e-01 -1.748604e-01  1.193710e-01 -1.311605e-01 -1.363826e-01  2.940856e-01 -3.385641e-01  3.000000e+00
 4.600015e-01  4.645987e-01  4.017351e-01 -2.104159e-01 -4.639530e-01 -1.007973e-01 -3.200597e-01  4.517956e-02 -1.688514e-01  4.145190e-02  2.370192e-01 -2.740020e-01  3.719594e-01  3.000000e+00
 1.888823e-01  9.826374e-02  1.105715e-01 -2.684429e-01 -3.244102e-01  2.891309e-02 -2.671606e-01  5.594438e-01 -8.671509e-01 -3.174482e-01  3.531293e-01 -2.627517e-01  5.342694e-01  3.000000e+00
-6.415223e-01  5.206949e-01  5.998807e-03 -2.349109e-02 -2.383286e-01 -7.354308e-02  3.771735e-01 -1.968091e-01  5.391534e-02 -5.544916e-01 -2.169374e-01  3.830739e-01  1.567594e-02  3.000000e+00
-4.263417e-03  7.339501e-03 -7.034781e-01  6.008013e-01 -2.829524e-01 -1.609650e-01 -5.833801e-01 -6.922528e-02 -3.777020e-02  3.862442e-01  3.267527e-01 -3.961745e-01  6.801002e-02  3.000000e+00
 5.581030e-02  6.144001e-03 -6.508164e-01  6.319690e-01  5.600253e-02 -7.037205e-02 -3.016965e-01  2.956911e-03 -1.378606e-01  2.413200e-01  3.637266e-01 -4.578835e-01  2.175100e-01  3.000000e+00
 1.207689e-01  2.947816e-02 -6.011137e-01  6.851703e-01  4.091016e-01  1.761183e-02  1.001040e-02  5.284817e-02 -2.227764e-01  5.875897e-02  3.520308e-01 -4.186745e-01  2.890548e-01  3.000000e+00
 3.120740e-02 -8.407179e-02 -6.486796e-02 -1.529324e-01 -5.447247e-02  7.934066e-02 -5.259766e-02  4.438885e-01 -4.641024e-01 -2.506769e-01 -2.596596e-02  1.243918e-01 -3.940289e-01  3.000000e+00
-6.063293e-01  4.992026e-01 -7.643973e-02  1.308106e-02 -3.421651e-01 -1.052101e-01  3.257428e-01 -2.317710e-01  8.111249e-02 -6.141432e-01 -3.023160e-01  5.251012e-01 -5.085564e-03  3.000000e+00
-2.356531e-01  1.695096e-01 -6.014618e-01  4.030101e-01 -7.053569e-01 -2.542306e-01 -5.538697e-01 -2.362428e-01  1.335619e-01  7.668885e-02 -8.204424e-02  2.433836e-01 -1.642785e-01  3.000000e+00
 3.309857e-02 -1.374030e-01 -1.230854e-01 -2.295739e-01 -4.573865e-03  1.724374e-01  2.309945e-02  9.146941e-01  1.353783e+00 -2.665129e-01  4.055726e-01 -1.069797e-01 -5.321786e-01  3.000000e+00
 2.906729e-02 -1.167518e-01 -1.020398e-01 -1.872264e-01 -6.001966e-03  1.350354e-01  1.456075e-02  6.991536e-01  9.318291e-01 -2.077545e-01  3.003553e-01 -5.345530e-02 -1.658448e+00  3.000000e+00
-2.387022e-02 -5.687597e-01  5.474012e-01  5.146049e-01 -2.011471e-01 -1.772768e-01 -8.276244e-02 -3.472343e-01  1.124673e-01 -8.474654e-01 -8.071599e-02  1.188070e-01  4.331524e-02  3.000000e+00
 2.741053e-01  1.636441e-01 -3.558584e-01  6.574180e-01  8.728569e-01  1.332395e-01  5.407228e-01  3.091912e-02 -2.021468e-01 -2.842772e-01  6.828741e-02  5.108991e-02  4.000205e-02  3.000000e+00
 4.744978e-01  4.447267e-01  7.748547e-02  3.738853e-01  4.600470e-01  2.552632e-02  3.604574e-01 -1.917116e-01  1.282920e-01 -1.345486e-01 -1.331259e-01  2.974388e-01 -3.472880e-01  3.000000e+00
-1.570631e-01  9.764220e-02 -4.754423e-01  2.950648e-01 -5.411719e-01 -1.871945e-01 -4.474168e-01 -1.567765e-01  1.055901e-01  8.543801e-02 -1.117058e-01  2.204032e-01 -1.325659e-01  3.000000e+00
-2.555468e-01  1.491112e-01  6.287255e-02 -5.606098e-02  4.934705e-02  2.685616e-02  6.692944e-02  4.308019e-02 -1.167987e-02  3.991346e-02 -7.567165e-02  2.270030e-02  1.050294e-02  3.000000e+00
-3.180270e-01  9.731601e-02  2.917502e-01  4.502103e-03  3.800344e-01  8.649222e-02 -2.498933e-01  1.739226e-01 -8.244791e-02  6.325878e-01  2.025819e-01 -3.162096e-01 -3.735384e-02  3.000000e+00
-3.300149e-02 -3.091663e-01  3.202068e-01  2.461761e-01  7.663787e-02 -4.408019e-02 -3.237102e-01 -7.323002e-02  5.978346e-02 -2.609595e-01 -3.444725e-01  5.488491e-01  1.917505e-02  3.000000e+00
 5.901829e-01  6.310684e-01  4.614656e-01 -3.861678e-02 -2.812640e-01 -1.250287e-01 -1.513224e-01 -2.548649e-01  2.396783e-01  1.417835e-01  1.884038e-02 -1.059574e-02 -1.022025e-01  3.000000e+00
 3.709696e-01  2.982177e-01 -1.247686e-01  4.974721e-01  6.840764e-01  8.801641e-02  4.799682e-01 -7.650619e-02 -2.852531e-02 -2.283725e-01 -8.013890e-02  2.218957e-01 -1.753411e-01  3.000000e+00
 1.605800e-01  5.313538e-02  7.150184e-02 -2.815964e-01 -3.048174e-01  5.254617e-02 -2.599532e-01  6.692464e-01 -1.024489e+00 -4.045048e-01  3.638686e-01 -2.187999e-01  4.606835e-01  3.000000e+00
-5.062294e-01  2.207395e-01  4.448193e-01  1.838460e-02  5.371790e-01  1.089887e-01 -2.596923e-01  1.917587e-01 -1.300028e-01  8.447335e-01  5.238541e-01 -7.307914e-01 -4.238248e-02  3.000000e+00
 2.925131e-02 -1.186735e-01 -1.039102e-01 -1.881373e-01 -2.663702e-03  1.357980e-01  1.935256e-02  6.869454e-01  1.004114e+00 -1.756611e-01  1.522150e-01 -6.418748e-02  1.962671e+00  3.000000e+00
 5.147580e-01  5.195215e-01  2.568000e-01  1.771721e-01  1.206841e-01 -4.452725e-02  1.344751e-01 -2.439892e-01  2.281614e-01  6.624060e-03 -1.123855e-01  2.085760e-01 -3.149914e-01  3.000000e+00
 2.430694e-01  1.274053e-01 -4.115413e-01  6.761883e-01  8.467764e-01  1.282378e-01  4.891625e-01  5.425364e-02 -2.344289e-01 -2.519331e-01  1.307611e-01 -4.867550e-02  1.261985e-01  3.000000e+00
-6.347261e-01  5.257017e-01 -5.412594e-02  1.970713e-03 -3.241470e-01 -1.002024e-01  3.695661e-01 -2.355562e-01  7.432152e-02 -6.373429e-01 -2.606667e-01  4.670339e-01  9.382710e-03  3.000000e+00
 5.309841e-01  5.621530e-01  4.400360e-01 -1.018617e-01 -3.534998e-01 -1.221282e-01 -2.146505e-01 -1.849240e-01  1.645881e-01  1.461569e-01  6.763280e-02 -1.026869e-01  3.768515e-02  3.000000e+00
-5.748028e-02  2.408317e-02 -6.949647e-01  5.366155e-01 -4.967818e-01 -2.111784e-01 -6.963499e-01 -1.226520e-01  3.919390e-02  3.927744e-01  2.049676e-01 -2.171485e-01 -4.672523e-02  3.000000e+00
 5.507499e-01  5.844907e-01  4.325617e-01 -5.077968e-02 -2.818206e-01 -1.177579e-01 -1.567411e-01 -2.298113e-01  2.215143e-01  1.422398e-01  2.123680e-02 -3.301153e-02 -6.432940e-02  3.000000e+00
 2.161810e-01  9.860643e-02 -4.705482e-01  7.007175e-01  8.002065e-01  1.155363e-01  4.159622e-01  6.848048e-02 -2.575066e-01 -2.034188e-01  1.988296e-01 -1.533940e-01  1.995498e-01  3.000000e+00
-6.333668e-01  5.244148e-01 -5.453307e-02  2.372036e-03 -3.238687e-01 -1.001541e-01  3.675811e-01 -2.349970e-01  7.424402e-02 -6.348083e-01 -2.600324e-01  4.659848e-01  8.967016e-03  3.000000e+00
 3.737153e-01  3.632633e-01  3.180553e-01 -1.868856e-01 -3.833863e-01 -7.709743e-02 -2.645559e-01  5.048594e-02 -1.313063e-01  4.294653e-02  1.638944e-01 -2.177557e-01  2.913730e-01  3.000000e+00
 5.196258e-01  5.459171e-01  4.377723e-01 -1.301316e-01 -3.848862e-01 -1.184576e-01 -2.420102e-01 -1.299888e-01  7.998765e-02  1.168978e-01  1.119734e-01 -1.372198e-01  1.160925e-01  3.000000e+00
 7.034158e-02 -8.250468e-02 -5.578280e-02 -2.789813e-01 -1.823498e-01  1.215905e-01 -1.776913e-01  8.938790e-01 -1.280777e+00 -6.001814e-01  2.244529e-01  8.436569e-02 -1.971809e-01  3.000000e+00
 2.446551e-01  1.435124e-01 -2.553215e-01  4.883972e-01  6.820576e-01  1.103054e-01  4.360248e-01  2.948057e-02 -1.368257e-01 -2.202719e-01 -9.347114e-03  6.847632e-02  3.246123e-02  3.000000e+00
-6.811783e-01  5.414188e-01  8.553737e-02 -4.819721e-02 -1.319081e-01 -4.393676e-02  3.961758e-01 -1.579326e-01  2.479121e-02 -4.484938e-01 -1.060643e-01  2.066159e-01  2.841875e-02  3.000000e+00
-3.845722e-01  5.186938e-02  4.928738e-01  9.485029e-02  6.011827e-01  1.082574e-01 -4.973152e-01  2.188468e-01 -1.190997e-01  9.504728e-01  4.130302e-01 -5.193506e-01 -6.786597e-02  3.000000e+00
 5.431182e-01  5.521664e-01  2.714126e-01  1.959008e-01  1.373413e-01 -4.718106e-02  1.500881e-01 -2.637585e-01  2.421891e-01  1.154443e-03 -1.176356e-01  2.333807e-01 -3.526097e-01  3.000000e+00
 9.583936e-02 -4.254471e-02 -1.636302e-02 -2.833971e-01 -2.280371e-01  9.959096e-02 -2.116054e-01  8.340266e-01 -1.233965e+00 -5.466690e-01  3.070446e-01 -5.292982e-02  1.301616e-01  3.000000e+00
 7.201610e-02 -8.047535e-02 -5.359749e-02 -2.808687e-01 -1.866503e-01  1.209096e-01 -1.813727e-01  8.966887e-01 -1.288574e+00 -6.018515e-01  2.349511e-01  7.349579e-02 -1.725510e-01  3.000000e+00
 3.071991e-02 -1.251955e-01 -1.106485e-01 -2.047769e-01 -5.741901e-03  1.505754e-01  1.757964e-02  7.908343e-01  1.097969e+00 -2.371464e-01  3.727382e-01 -7.315789e-02 -1.963426e+00  3.000000e+00
 3.150138e-02 -1.292778e-01 -1.148413e-01 -2.131987e-01 -5.354841e-03  1.581529e-01  1.944281e-02  8.349049e-01  1.187678e+00 -2.492682e-01  4.003237e-01 -8.550881e-02 -1.833503e+00  3.000000e+00
-1.338773e-01  7.943210e-02 -7.070758e-01  5.123370e-01 -6.772535e-01 -2.605839e-01 -7.463427e-01 -1.928775e-01  1.028888e-01  3.273256e-01  9.131861e-02 -1.992214e-02 -1.448677e-01  3.000000e+00
