-7.544885e-02  0.000000e+00  3.509467e-06 -7.064264e-03  0.000000e+00  2.710351e-14  2.085660e-02  4.698780e-18  0.000000e+00  0.000000e+00  0.000000e+00  0.000000e+00  0.000000e+00  1.000000e+00
-7.544884e-02  9.109038e-02  3.875597e-01  5.246824e-01  2.921362e-01 -4.304687e-02  3.498599e+00  1.674343e-01  5.591841e-02 -4.018641e-03  2.505947e-01  3.939900e-02 -8.506859e-02  1.000000e+00
-7.544189e-02 -3.484508e-02 -1.956597e+00  1.026967e+01  2.248765e-01 -9.618441e-01 -6.436174e+00 -3.878223e-02  3.064660e-01 -5.414984e-02  4.950375e-02  1.186637e-01  1.318074e-01  1.000000e+00
-7.545079e-02 -9.898854e-01 -1.500991e+00  4.838143e-01 -9.491852e-01  1.424111e+00  1.733086e+00 -2.658443e+00 -3.053879e+00  3.310910e-01 -1.024901e+00  6.704918e-01 -4.823551e-01  1.000000e+00
-7.544884e-02  3.032577e-01  7.344505e-01 -3.863662e-01 -4.291253e-02 -1.371607e+00 -8.587338e-01 -2.029302e-02  1.773774e-02 -5.933246e-02  2.629845e-01  1.402937e-01 -2.904412e-01  1.000000e+00
-7.544883e-02 -4.730763e-02 -3.738042e+00 -1.901208e-01  5.154616e-01 -1.251623e+00  4.674824e+00  1.228572e-01  1.084417e+00 -6.552072e-01 -1.601407e-03  3.847204e-02  5.456281e-01  1.000000e+00
-7.544883e-02 -2.619703e-02  3.124719e+00  6.055185e+00 -1.583171e-01  2.408115e+00  1.497428e+00  8.003629e-02 -3.998123e-01  2.265031e-01 -1.226310e-01 -1.781839e-01 -2.884828e-01  1.000000e+00
-7.544883e-02  2.588432e-02 -1.955470e-01 -5.412064e+00 -2.507186e-02  5.721774e-01 -8.227275e+00 -2.955986e-01 -1.393029e-01  2.666797e-01 -1.115703e-01  1.547781e-01  5.786819e-02  1.000000e+00
-7.544883e-02 -1.627896e-01  2.116673e-01 -1.642622e+00  1.970467e-03  7.191897e-03 -3.873165e+00  2.439236e-01 -3.918600e-02 -1.093990e-01 -1.102093e-01  3.938336e-01 -2.473434e-01  1.000000e+00
-7.544883e-02 -2.963947e-01  9.573740e-01 -4.875682e-02 -6.493223e-02 -1.474638e-01  1.396358e-01 -2.033988e-01 -4.656327e-01 -9.123624e-02 -3.218270e-01  5.795956e-03  6.559521e-01  1.000000e+00
-7.544883e-02 -4.706965e-01  2.576723e-01 -1.423911e-01 -3.141948e-01  1.184808e+00 -3.324907e-01  1.035391e+00  3.568805e-01 -1.713071e-01 -2.953750e-01  5.940317e-01 -5.045007e-01  1.000000e+00
-7.544882e-02 -1.145103e-01  9.373422e+00 -8.676080e-02  1.878834e-01 -1.244712e+00 -1.373464e-01 -2.709801e-01  3.902933e-01 -1.254940e-02 -1.155948e-01  6.364381e-02  2.321993e-01  1.000000e+00
-7.544882e-02  3.250854e-02 -7.432835e+00 -9.756368e-02  1.054792e-02 -2.192991e-02 -1.884027e-01 -4.681689e-02  1.339779e-02  1.383159e-01 -2.102891e-02 -5.233217e-02  3.146935e-02  1.000000e+00
-7.544882e-02 -1.913447e-01 -7.445571e-01 -7.555247e-02 -1.045810e-01  2.894278e-01 -2.148001e-01  6.281395e-01 -2.272795e-01 -1.845822e-01 -4.332859e-03 -8.399302e-03 -5.987910e-01  1.000000e+00
-7.544883e-02  2.220281e-01 -5.203780e-02 -9.586582e-02  2.381455e-01  1.890700e+00 -9.950742e-02  3.727924e-01  4.156692e-01  6.445568e-01  9.966904e-02 -3.290023e-01  1.080249e-01  1.000000e+00
-7.544883e-02 -1.407037e-01 -1.082891e-01 -3.241813e-02 -4.028773e-03 -1.041977e-01 -1.355402e-03 -5.814159e-02 -6.231500e-01 -3.107029e-01  1.860589e-01  9.478638e-02 -6.284392e-01  1.000000e+00
-7.544883e-02  6.426187e-01 -5.738566e-02 -1.494555e-02 -4.435629e-01 -6.119552e-01 -7.216080e-02 -6.984328e-01 -5.281666e-01 -7.311032e-01 -2.977094e-01 -8.010610e-01  3.428318e-01  1.000000e+00
-7.544882e-02 -1.240163e-01 -5.929145e-02 -9.431080e-02  1.687520e-02  2.848451e+00 -1.500867e-02 -4.840005e-01 -1.414479e-01  5.239797e-01  1.405902e+00  3.285292e-01  1.152277e+00  1.000000e+00
-7.544883e-02  7.186437e-02 -8.410988e-02 -1.788730e-01 -1.094323e-01 -2.982490e-01 -1.368097e-01  5.660412e-02 -2.780533e-01 -1.649773e-01  1.422519e-01 -1.102782e-01  5.997892e-01  1.000000e+00
-7.544883e-02  3.862822e-01 -8.071332e-02 -1.164937e-01  2.127642e-01  7.683109e-01 -6.616213e-02 -5.730244e-01 -3.186702e-01  9.641871e-02  4.064780e-01  2.658173e-02 -1.117670e+00  1.000000e+00
-7.544883e-02 -4.265190e-01 -1.195865e-01 -1.236141e-01  2.037406e-01 -2.558024e+00 -1.085080e-01  1.900080e+00 -2.140227e+00  6.277462e-01  4.242834e-01 -3.787911e-01 -3.507850e-01  1.000000e+00
-7.544883e-02 -4.719827e-01 -1.303913e-01 -1.908715e-01  1.157347e-01 -1.331103e+00 -1.660631e-01  3.344688e-01  4.746791e-01  2.563956e-01 -3.270289e-01 -1.255988e+00  2.452269e-03  1.000000e+00
-7.544883e-02  1.082601e-01 -6.869426e-02 -6.002535e-02  1.490132e-01  7.972979e-01 -8.684712e-02  3.393961e-01 -4.046325e-01  1.724264e-01 -2.708569e-02 -3.626885e-01 -2.455433e-01  1.000000e+00
-7.544882e-02 -6.760685e-01 -5.379564e-03 -7.556019e-02  1.349978e+00 -4.053952e+00  3.164041e-03  5.604059e-01 -1.158124e+00  3.681557e-01 -2.106967e-01 -4.145035e-01 -2.685389e-01  1.000000e+00
-7.544882e-02  1.588347e-02 -1.290387e-01 -1.250288e-01 -8.191709e-01  3.340544e+00 -5.567411e-02 -4.158411e-01  8.767155e-01 -3.128673e-01  2.305645e-01 -1.768483e-01 -3.191985e-02  1.000000e+00
-7.544882e-02 -7.732450e-02 -2.031594e-02 -1.738737e-02 -2.310115e-01  5.362676e-01 -6.691632e-03 -2.169108e-01 -1.240788e-01 -1.556330e-02  1.462130e-01 -1.616302e-01 -6.907696e-02  1.000000e+00
-7.544882e-02  2.473659e+00  3.680543e-02 -6.033165e-02 -7.607257e-01  5.060731e-01  1.089220e-02  7.606996e-01  5.929742e-02 -1.666206e-01 -1.005895e+00  6.304378e-01  1.099744e+00  1.000000e+00
-7.544881e-02 -1.815521e-01 -9.807867e-02 -5.699260e-02 -2.104539e-01 -8.421978e+00  3.525101e-02  5.792876e-02 -3.534069e-01 -9.206972e-02  9.992864e-02  1.626513e-01 -2.109285e-01  1.000000e+00
-7.544881e-02  3.457901e-01 -8.983709e-02 -1.227815e-01 -1.026464e+00 -4.688792e-01 -8.589096e-02 -7.217745e-01  4.373189e-01  9.632508e-01 -5.081680e-02 -9.352366e-01 -5.416630e-01  1.000000e+00
-7.544880e-02 -3.349140e-02 -8.988724e-02 -1.153299e-01 -3.480466e-01  1.493566e-01 -3.477437e-02 -1.525750e+00 -1.158290e-02  3.831809e-02  2.060066e-01  3.855760e-01  2.346352e-01  1.000000e+00
-7.544880e-02  8.816692e-01 -1.409568e-01 -1.164979e-01  3.347662e-01  1.405204e-01  6.652240e-03  1.625950e+00  2.887742e-01 -4.747332e-01  2.145626e-02  4.810557e-01 -2.887717e-01  1.000000e+00
-7.544880e-02  1.113513e-01 -2.151111e-01 -6.215702e-02 -1.533039e-01  3.597425e-01  4.208374e-02 -6.843540e-02  1.393307e-01  1.391806e-01  1.351036e-01  1.153685e-01 -1.129482e-01  1.000000e+00
-7.544879e-02  1.376194e-01 -3.842194e-01 -5.885638e-02 -2.239910e-01  2.180711e-01  9.313920e-02  4.431508e-02  3.447598e-01  2.864216e-01  1.859879e-01  3.246404e-02 -4.697467e-02  1.000000e+00
-7.544880e-02 -4.014720e-01 -8.206207e-02 -8.374258e-02 -4.486867e-01  8.408159e-02  1.229890e-02 -2.530179e-01  9.993633e-01 -4.218499e-01 -3.878743e-01  3.331575e-01 -2.359593e-01  1.000000e+00
-7.544880e-02 -2.943634e-01  2.886810e-02 -8.250176e-02  4.310340e-01 -2.500295e-01 -4.542856e-02 -1.604456e+00  1.027341e+00 -1.885040e-01  2.917539e-01  2.277777e-01 -2.445244e-01  1.000000e+00
-7.544880e-02  1.935540e-01 -1.860070e-02 -9.321152e-02 -6.201395e-01  9.108017e-01 -5.130476e-02  4.909034e+00 -7.995524e-01 -7.982113e-01 -2.289641e-01  4.047499e-01  4.604253e-01  1.000000e+00
-7.544880e-02 -2.157614e-01 -2.164235e-02 -1.398103e-02 -3.368775e-01 -1.483722e-01  1.150357e-01  1.049742e+01  4.537149e-01  6.137687e-02  1.087925e-01 -1.661712e-01 -2.002771e-01  1.000000e+00
-7.544881e-02  9.314176e-02 -1.413279e-01 -7.049528e-02 -4.504206e-01  7.559872e-04 -6.770891e-03 -2.092463e+00  7.925213e-01  7.025131e-01  2.043953e-02 -1.335351e+00 -2.038787e-01  1.000000e+00
-7.544880e-02  2.422034e-01  1.408765e-02 -3.476479e-02 -4.930774e-01  2.413996e-01  8.958316e-02  3.885105e-01  4.520306e-01  4.575219e-02 -9.012805e-02 -4.199174e-02  1.307441e-02  1.000000e+00
-7.544880e-02 -3.318881e-01 -1.615020e-01 -7.492365e-02  1.183906e-01 -1.398991e-02 -1.201296e-02 -1.125325e-01 -7.138298e-02  3.963961e-01 -4.857773e-02  5.479186e-01 -1.147449e+00  1.000000e+00
-7.544880e-02  1.790532e-02 -1.886934e-01 -5.555635e-02 -4.881245e-01 -4.673371e-01  4.592035e-04 -2.595121e-01  1.471393e-01  3.793877e-01 -1.602605e-01 -4.552353e-02 -1.163286e-01  1.000000e+00
-7.544880e-02  1.867326e-01 -1.265916e-01  2.424355e-03  1.205490e+00  9.132368e-01  1.566498e-01 -1.393378e-01  9.419475e-01  9.620634e-01  2.757755e-01  1.842403e-01 -9.595129e-01  1.000000e+00
-7.544880e-02  1.363451e+00 -1.806936e-01 -7.098217e-02  3.009233e+00 -4.739021e-01  7.247642e-02  1.174862e-01  3.309017e+00  2.071939e+00  2.639055e-01 -1.911874e+00 -6.150207e-02  1.000000e+00
-7.544880e-02 -6.115697e-01 -7.418842e-02 -1.072762e-02  7.881128e-02 -1.958209e-01  1.951792e-01 -1.241327e-01 -4.956291e-01 -2.467804e+00  1.632702e-01 -1.364576e-01  2.908106e-01  1.000000e+00
-7.544879e-02 -4.659178e-01  1.857177e-02 -5.945901e-02  9.883094e-02 -7.181434e-01  1.576348e-02 -2.264582e-01  8.502488e-01 -9.090225e-01  1.358406e-01  1.098285e-01  5.349199e-01  1.000000e+00
-7.544879e-02 -5.078616e-01 -3.179229e-02 -1.489318e-01 -6.045241e-02 -6.019153e-01 -8.512034e-02 -7.038464e-02  7.126445e-01 -2.340255e+00  2.794754e-02 -2.486500e-01  1.461962e+00  1.000000e+00
-7.544881e-02 -3.563714e+00 -7.609078e-02 -5.022212e-02 -4.577396e-01 -1.574305e-01  1.216491e-01  4.939374e-02  1.733803e-01  1.106580e+00  1.848154e-01  1.926320e+00 -5.451484e-01  1.000000e+00
-7.544880e-02 -5.559853e+00  1.843239e-02 -1.731798e-02  6.003256e-01 -6.312216e-01  9.145349e-02 -1.570649e-01  6.886410e-01 -7.558743e-02  4.050227e-01 -1.819017e+00  2.216790e-01  1.000000e+00
-7.544880e-02  1.034227e+01 -7.726078e-02  4.022033e-02 -1.120039e-01 -4.722737e-01  1.929272e-01  7.077565e-02 -1.710073e-02 -5.855064e-02  8.548046e-02  1.790738e-01 -7.210693e-02  1.000000e+00
-7.544880e-02 -2.444288e+00 -1.929529e-02  5.236792e-02 -2.554295e-01 -2.249743e-01  2.225893e-01 -9.477767e-02  7.384192e-02 -1.430329e-01  5.216267e-02 -2.022725e-01 -1.121207e-01  1.000000e+00
-7.544880e-02  6.178033e-01  1.738003e-02  7.206253e-02 -8.187890e-01 -5.791963e-01  3.018847e-01 -2.228428e-01 -9.021728e-01  6.113612e-01  5.951839e-02  3.034138e-01 -1.283678e-02  1.000000e+00
-7.544882e-02  3.243743e-01  2.645926e-02  1.062458e-01 -3.322266e-01 -7.004494e-01  3.345217e-01 -3.008690e-01  8.888860e-01 -5.116941e-01 -2.142895e-01 -2.023277e-01 -3.068743e-01  1.000000e+00
-7.544882e-02  4.024859e-01  3.707298e-03  3.385146e-02  1.712182e+00 -5.340576e-01  2.388289e-01 -3.680781e-01 -1.788554e+00 -1.037095e+00  3.388806e-01 -1.393171e+00  1.543742e-01  1.000000e+00
-7.544882e-02 -7.663525e-02 -2.441909e-02  1.433559e-01 -1.875061e-01 -3.529806e-01  3.444218e-01  5.449645e-02  2.073710e+00 -9.404581e-02  1.200744e-01 -8.956925e-01  4.427846e-01  1.000000e+00
-7.544881e-02  6.326968e-02 -2.187145e-02  1.428842e-01  1.252798e+00 -6.983672e-01  4.413632e-01 -4.275356e-01  1.222888e+00 -7.201419e-01  4.602852e-01  2.497185e+00  3.155449e-01  1.000000e+00
-7.544880e-02 -5.489851e-01 -3.203146e-01  5.346274e-02 -1.909011e+00 -8.488408e-01  4.150164e-01 -1.746035e-02  1.040486e-01 -3.285781e-01 -6.468505e-01 -4.257003e-01 -3.501775e-02  1.000000e+00
-7.544880e-02  8.713554e-02 -1.568837e-01  2.498497e-01 -3.918740e-01 -4.796756e-01  5.100793e-01 -2.474025e-01  6.990524e-01 -5.064970e-01  3.806677e-01  4.158259e-01 -1.159104e-01  1.000000e+00
-7.544879e-02  2.851891e-01  1.172669e-01  1.019488e-01  3.459313e-01 -6.655239e-01  1.610520e-01 -7.046631e-01 -1.799055e+00  1.498368e+00 -2.051886e-01  7.553824e-01  2.930599e-02  1.000000e+00
-7.544880e-02  5.220146e-01  8.485401e-02  1.058678e-01  3.656850e-01 -2.591055e-01  3.453497e-01  2.089625e-01 -1.857675e-01 -1.902450e-01  2.946756e-01 -5.044743e+00  3.318781e-02  1.000000e+00
-7.544879e-02  3.904309e-01  1.216910e-01  1.191154e-01  4.650076e-01 -1.558597e+00  4.522050e-01 -4.055100e-01  3.085693e-01  2.333905e-01  4.884070e-01  5.669174e+00 -3.651376e-01  2.000000e+00
-7.544880e-02  5.565712e-02  1.152494e-01 -6.600098e-02 -2.457360e-01  1.467362e-01  1.226426e-01 -6.274733e-02  5.884335e-02 -2.319962e-01 -1.982585e-01 -8.468445e+00  6.117523e-02  2.000000e+00
-7.544880e-02 -4.294944e-01  1.644281e-01  9.072373e-02 -2.227925e-01 -8.118649e-01  3.190142e-01  3.124790e-01  2.257080e+00 -4.502069e-02  6.961870e-02  2.477726e-01  6.561127e-01  2.000000e+00
-7.544881e-02 -1.794532e-01  1.850357e-01  1.306778e-01 -3.810134e-01  8.898180e-01  3.809536e-01 -1.363631e-01  7.799527e-01 -2.864115e-01  1.152414e-02  2.361639e-01 -8.532683e-02  2.000000e+00
-7.544881e-02  2.114058e-01  4.443166e-01  9.677221e-02 -3.098417e-01 -5.802730e-01  2.673106e-01  4.026150e-02 -1.078986e+00  1.133499e+00  5.173313e-01 -1.796233e-01 -6.851164e-02  2.000000e+00
-7.544882e-02 -9.654043e-02  1.234429e-01  7.889665e-02 -4.136952e-01  7.104636e-01  1.566341e-01  6.061574e-01  3.153524e-01 -4.271458e-01 -2.815709e-02  4.025830e-01  4.634984e-02  2.000000e+00
-7.544881e-02 -7.071180e-02 -3.872776e-02 -2.107499e-01  1.056660e+00  1.427414e-02  5.180614e-02  2.763897e-01 -2.150363e-01 -4.775011e-01  5.622771e-01  7.482395e-02 -8.396771e-01  2.000000e+00
-7.544881e-02  2.084487e-01  1.289521e-01 -1.614427e-01  5.785781e-01 -4.273505e-03  1.346338e-01  1.888846e-02  5.177062e-01  1.053491e+00  6.131858e-01  3.325571e-01 -5.146724e-01  2.000000e+00
-7.544881e-02  3.857591e-01  2.878927e-01 -1.289724e-01 -1.051443e+00  1.084115e-01  2.697797e-01 -1.589290e+00  6.537036e-02  5.070210e-01 -2.707067e-01  2.641677e-01 -4.280761e-01  2.000000e+00
-7.544881e-02 -1.818977e-01  9.343393e-02  5.254760e-02  1.060346e+00  2.111594e-01  2.464131e-01  3.960079e-01  1.639519e+00 -1.353853e-01 -1.016343e+00  9.452898e-01 -1.806830e-01  2.000000e+00
-7.544881e-02  2.576492e-02  5.032886e-02  1.175356e-01  5.685640e-01  1.130086e-01  4.390413e-01 -9.432639e-02  7.135217e-01  8.606547e-02 -6.824605e+00  2.240102e-01 -1.555089e-01  2.000000e+00
-7.544881e-02 -4.233819e-02  1.007000e-01  9.609110e-02 -1.105556e+00  8.498267e-02  3.890717e-01 -3.041003e-02  1.377063e-01 -3.789146e-01  1.046946e+01  3.438311e-01 -2.500312e-01  2.000000e+00
-7.544880e-02 -1.882803e-01  1.025510e-01  2.403189e-01 -2.004041e+00  2.689204e-01  5.641123e-01  2.552938e-01 -8.948246e-01 -3.617909e-01 -2.206362e+00  2.549242e-01  3.940918e-01  2.000000e+00
-7.544880e-02 -3.582072e-02  1.369241e-01 -1.164410e-02 -2.967132e+00  2.758621e-01  1.612033e-02 -2.607554e-02 -1.665310e+00  3.357402e-02  1.975596e-01  1.408383e-01  1.068747e-01  2.000000e+00
-7.544880e-02  5.911447e-04  2.248035e-01 -7.269125e-03  2.985748e-01 -1.663479e-01  2.928576e-02  2.137173e-01  3.355796e-01 -9.967568e-02  9.031498e-02  1.773387e-01 -4.169398e-01  2.000000e+00
-7.544880e-02  1.176442e+00  1.791307e-01  6.290600e-02  4.504806e-01 -1.040129e+00  2.710716e-01 -6.565989e-01 -2.053353e-01 -1.642114e-01  8.188199e-01 -3.421414e-01 -3.456094e-01  2.000000e+00
-7.544880e-02 -1.863368e-01  1.331903e-01 -5.391509e-02  1.019729e+01  9.414761e-01  2.141513e-01  1.890106e-02 -8.278073e-01 -7.414834e-02 -9.762521e-02  1.588982e-01 -1.928272e-01  2.000000e+00
-7.544879e-02 -1.733051e-01  2.421618e-01  2.871131e-02 -5.399516e-01  6.059576e-01  1.714669e-01 -1.033600e-01 -1.200602e+00  1.184225e+00  6.494035e-01 -1.029063e+00 -3.428251e-01  2.000000e+00
-7.544879e-02 -1.935856e-02  2.130558e-01  1.822272e-01 -9.310579e-02 -5.724077e-01  4.172485e-01 -2.479957e-01 -3.558295e+00  7.515453e-01 -3.398670e-01  3.006571e-01  2.161101e-01  2.000000e+00
-7.544879e-02  2.164628e-01  1.713294e-01  1.821090e-01  1.401935e-01 -7.288671e-01  4.169568e-01 -4.606642e-01  4.218438e-01  6.252789e-02 -8.090396e-02  5.051535e-01 -1.453275e-02  2.000000e+00
-7.544880e-02  1.413415e-02  1.001864e-01  1.053393e-01 -1.177270e-01  1.319995e-01  3.797236e-01  1.414063e-01 -8.237251e+00  1.017415e+00 -2.682577e-02  8.405901e-02  5.853919e-02  2.000000e+00
 1.330404e+01 -1.273511e-07  7.909695e-07 -5.209383e-06 -2.559666e-07  6.900244e-07  3.573240e-06 -3.559934e-07 -6.145225e-07  7.281115e-08 -1.703015e-07  2.777494e-08 -1.462935e-07  2.000000e+00
-7.544880e-02 -6.662988e-02  7.318616e-02  1.953713e-01 -5.478272e-01  1.124567e-02  5.161432e-01 -2.052416e-01  5.292247e-01  9.567762e-01  2.377827e-02  3.162582e-01  6.036073e-01  2.000000e+00
-7.544880e-02 -2.046035e-01  1.003253e-01  1.915680e-01 -7.926169e-02 -3.012741e-01  5.049055e-01  1.922815e-01 -2.007026e-01 -1.095444e+00 -3.988746e-01  5.384683e-01 -9.171443e-01  2.000000e+00
-7.544880e-02  5.335309e-02  1.952606e-01  2.359370e-01 -8.206055e-02  5.889430e-01  5.497212e-01 -1.766171e-01  5.497012e-01 -1.067408e+00 -1.274917e-02  4.420414e-01  6.026693e-01  2.000000e+00
-7.544880e-02 -3.336328e-01  1.863334e-02  2.357447e-01  4.945590e-01  1.359021e-01  6.819834e-01  1.224964e-01  1.577901e+00 -4.110111e-01 -2.101083e-01  1.810214e-01 -4.895688e+00  2.000000e+00
-7.544880e-02 -9.392610e-02 -4.280058e-02  1.330705e-01  8.932508e-02 -2.382044e-01  4.826182e-01 -1.094901e-01  6.514626e-01  2.942122e-01 -1.278695e-02  3.026089e-01  1.055321e+01  2.000000e+00
-7.544880e-02  4.834264e-01  3.995486e-02  1.851921e-01 -2.803896e-01 -6.788096e-01  5.485264e-01 -1.484725e-01  3.301935e-01  1.861740e-01  9.114637e-02  6.137823e-02 -3.119311e+00  2.000000e+00
-7.544880e-02 -1.130744e-02  5.235234e-02  1.150254e-01  6.933405e-01  3.334848e-01  4.391897e-01 -2.777722e-02 -1.735187e+00 -1.318415e+00 -5.640489e-01 -7.528763e-01 -2.816930e-01  2.000000e+00
-7.544880e-02  4.244860e-01 -1.989534e-02  1.237919e-01 -6.005133e-01 -4.726117e-01  6.332819e-01 -3.029884e-01  8.006014e-01  4.409804e-01 -9.507505e-02 -2.816073e-01 -3.859975e-01  2.000000e+00
-7.544879e-02 -6.620715e-01  1.110766e-01 -1.306371e-02  3.732798e-01  2.084904e-01  1.514646e-01  3.905519e-02  2.947179e-01  9.244171e-01 -2.783444e-01  3.091945e-01 -1.529895e-01  2.000000e+00
-7.544879e-02 -1.669641e-01  7.235299e-02 -1.313081e-02 -3.286555e-02  2.379290e-01  1.514963e-01 -4.896260e-02  5.119598e-01  4.393341e-01 -1.958461e-02 -8.836464e-02 -7.393718e-02  2.000000e+00
-7.544879e-02 -1.487891e-02 -8.782049e-03  1.050938e-01 -4.969801e-01 -2.624821e-01  3.789968e-01  3.695205e-01  5.707677e-01  1.061293e+00 -1.394003e-01 -1.844483e-02  4.134159e-01  2.000000e+00
-7.544879e-02 -1.033292e-01  1.278805e-01  1.524245e-01  4.607539e-01 -1.191209e+00  2.867262e-01 -1.349822e+00  5.538793e-01 -1.857659e-01  7.670819e-02 -2.094249e-01 -1.469315e-01  2.000000e+00
-7.544879e-02 -5.496410e-01  1.651858e-01 -9.551610e-02 -1.522835e+00  4.580038e-01  2.137556e-01 -2.036014e-02  1.387339e+00 -1.455798e+00 -2.350254e-01  1.074092e+00 -6.476456e-01  2.000000e+00
-7.544879e-02  7.864244e-02  6.207449e-03  1.114784e-01 -7.180213e-01 -3.644543e-01  1.992436e-01 -2.048833e-01  8.636658e-01  1.306616e-01  2.562443e-01 -3.369584e-01  7.810637e-01  2.000000e+00
-7.544879e-02  1.656647e-01  2.758027e-01  1.594509e-01  3.485912e-01  1.918430e-01  3.139190e-01 -1.414351e-02  2.392956e-02  1.840707e-01 -7.428437e-02  1.770046e-01 -7.263596e-02  2.000000e+00
-7.544879e-02  1.412019e-01  1.270243e-01  9.342656e-02 -5.549018e-01  1.045569e+00  2.182995e-01 -2.816605e-01  7.535138e-01 -8.870522e-01 -8.185541e-01  7.906738e-01  9.371966e-01  2.000000e+00
-2.505675e-02  6.014105e-08  1.147256e-06 -5.654449e-06 -7.399580e-08  4.831026e-07  3.623381e-06  1.183993e-07 -5.410802e-08  2.115488e-08  2.119546e-08 -8.728312e-08 -5.685749e-08  2.000000e+00
-7.544880e-02  2.774548e-01 -2.439730e-01  8.766970e-02  3.728634e-01  7.047600e-01  2.006791e-01  6.650573e-02  1.105298e-01 -3.008607e-01  5.893558e-01 -4.497626e-01 -4.025098e-01  2.000000e+00
-7.544880e-02 -1.177280e-01 -1.570126e-01  4.031782e-02 -3.867621e-01 -3.195007e-01  6.531580e-01  1.198569e-01  5.288745e-01  1.269279e+00 -1.357782e-01 -1.802300e-02  5.077090e-01  2.000000e+00
-7.544880e-02 -7.548925e-01 -1.431355e-01  1.083663e-01  7.880016e-02 -6.543303e-01  4.969365e-01  7.638964e-01 -2.772364e-01 -5.032776e-01 -2.904855e-01 -2.503663e-01  3.931930e-01  2.000000e+00
-7.544880e-02 -1.508929e-01  3.328481e-01  8.609626e-03 -1.963083e-01  2.361211e-01  1.142443e-01  3.590022e-01  8.035647e-02  3.298383e-01  1.416780e-01  2.139066e-01  1.640105e-01  2.000000e+00
-7.544880e-02 -5.680420e-02  1.198697e-03  5.043305e-02 -6.366328e-01  3.387477e-02  3.051984e-01 -8.095352e-02  8.366457e-02  5.265030e-01 -1.286745e-01 -1.008616e-01  7.438948e-01  2.000000e+00
-7.544881e-02 -1.023983e-01 -1.227809e-01 -6.917783e-03 -2.722589e-01 -1.672278e-01  6.027630e-01  8.545951e-03  2.615574e-01  7.642947e-02  6.083166e-03  4.090102e-02 -1.064057e-02  2.000000e+00
-7.544879e-02  9.129081e-02 -1.034259e-01 -2.554624e-02 -1.661925e-01 -1.380270e-01  5.163966e-01  4.715328e-02  1.216519e-01  3.218339e-01 -1.765850e-01  3.333316e-01  1.490462e-01  2.000000e+00
-7.544879e-02  3.555780e-02  9.085383e-03  2.413604e-02 -4.432571e-01 -6.133283e-02  4.386366e-01 -2.270548e-02 -3.126538e-02 -3.865608e-01 -1.447391e-01  1.730595e-01 -2.103006e-01  2.000000e+00
-7.544880e-02  1.826315e-01  3.998947e-02 -1.189651e-01 -6.929430e-01  6.149987e-01  2.623152e-01 -2.002812e-01  8.815006e-01 -7.611922e-01  1.012255e-01  2.350241e-03 -6.666975e-01  2.000000e+00
-7.544879e-02  1.731940e-02 -6.143894e-02 -2.486403e-01  6.947418e-03  9.376030e-01  2.427208e-01  1.327630e-01 -9.782307e-01 -9.748126e-01 -3.793915e-01  2.471085e-01 -4.615066e-01  2.000000e+00
-7.544879e-02 -1.600454e-01  8.584461e-02 -5.000681e-02 -1.186835e-01  1.127177e+00  2.152586e-01  1.113126e-01 -1.695868e-01 -9.787827e-01  1.006847e-01  4.183017e-01  1.876742e-01  2.000000e+00
-7.544879e-02  1.079731e-01  1.106955e-02  1.884864e-02 -4.043331e-01  2.113999e-01  3.873219e-01 -1.476575e-01  4.716527e-01 -2.809328e-01  5.025937e-02  3.994294e-01 -3.953466e-01  2.000000e+00
-7.544879e-02 -1.725371e-01 -2.206218e-01 -8.410193e-02  3.016270e-01  1.681016e+00  3.610487e-01  1.063799e+00 -3.304445e-01  7.452367e-01  8.940973e-02  4.387898e-01 -4.665605e-01  2.000000e+00
-7.544879e-02 -6.825157e-02  3.579996e-01  5.159924e-02  5.854801e-02  7.068780e-02  4.631152e-01 -1.736648e-01  4.435439e-01 -6.564883e-01 -1.728062e-01  3.827720e-01 -6.728895e-02  2.000000e+00
-7.544879e-02 -1.932641e-01  1.811315e-01 -2.226601e-01  1.385173e-01  5.899430e-01 -1.525487e-01  3.416955e-01 -1.592176e-01 -8.125165e-01 -1.002373e-01  2.293315e-01  4.510256e-01  2.000000e+00
-7.544880e-02 -1.840427e-02 -1.746452e-01 -1.545241e-01  1.545831e-01  1.568081e-01  1.924158e-01  4.160830e-02  3.222718e-01 -6.716251e-01 -4.032635e-02  9.205035e-02  2.894240e-01  2.000000e+00
-7.544880e-02 -8.745181e-03  3.528245e-02 -2.961196e-01  2.370152e-03  1.656096e-01 -2.245845e-01 -6.480951e-02  8.040260e-02 -1.279381e+00 -1.099285e-01  7.950128e-02  1.572098e-02  2.000000e+00
-7.544879e-02  1.046128e-01 -2.916431e-02 -1.261848e-01  9.389025e-01  2.423077e-01  4.872592e-01  6.498743e-02 -6.160047e-01  1.092400e+00  3.625525e-01 -1.613909e-01  4.862872e-02  2.000000e+00
-7.544879e-02  1.977455e-01  9.329266e-03 -3.588967e-02 -1.138081e-04 -1.056723e-02  1.661118e-01 -3.240942e-02  8.186783e-02 -4.540480e+00  1.178493e-01 -1.382261e-01  1.968370e-01  2.000000e+00
-7.544879e-02  1.984743e-01  1.761502e-01 -8.816741e-02  2.730566e-01  1.192575e+00  1.986682e-01  2.999501e-01 -7.613050e-01  1.416791e+00  1.959325e-01  3.650787e-02 -6.216377e-01  2.000000e+00
-7.544878e-02  4.122186e-02 -1.467613e-01 -3.276052e-01 -2.268650e-02  2.034740e-01 -6.714383e-02  6.636271e-02 -3.527982e-02  1.199493e+00 -5.336994e-02  1.555200e-01 -3.344410e-01  2.000000e+00
-7.544878e-02 -2.640963e-01 -1.441342e-01 -1.502629e-01 -7.875688e-01  2.893899e-01  3.100125e-01  9.161149e-01  3.399623e-01  7.987942e+00 -9.049377e-02  2.776198e-02  3.383680e-01  2.000000e+00
-7.544879e-02 -9.938549e-02 -5.231457e-02 -2.945570e-01  3.999196e-01  2.021398e-01 -2.514446e-01  1.253359e-01 -1.118482e+00 -4.646863e+00  4.185714e-02  1.643998e-01 -3.949176e-01  2.000000e+00
-7.544879e-02 -1.488285e-01  1.770158e-01 -2.074263e-01 -4.118926e-02  2.645212e-01 -2.850843e-01 -4.633571e-01  5.302476e-01  9.910632e-01 -1.114477e-01  7.460304e-03  5.015675e-01  2.000000e+00
-7.544879e-02  3.579964e-02 -3.683309e-01 -1.883926e-01 -1.341354e-01  1.080280e-01  1.486950e-01 -5.091606e-02 -1.100211e-01  5.932824e-01  2.501086e-01  6.324833e-02 -2.331465e-01  2.000000e+00
-7.544879e-02 -4.986392e-01 -2.105141e-02 -3.120998e-01  1.687251e-01  1.477597e+00 -7.134389e-02  3.640974e-01  8.206483e-02 -8.591102e-02 -9.305404e-02  1.493399e-01 -2.945019e-01  2.000000e+00
-7.544879e-02 -2.013545e-02 -6.666230e-02 -3.002339e-01 -1.208063e-01  3.650397e-01 -4.244567e-02  1.258282e-01  7.407828e-02 -3.479482e-01 -2.034515e-02  2.407222e-01 -4.546741e-01  2.000000e+00
-7.544878e-02  1.392122e-01  9.575599e-02 -1.885826e-01 -2.817688e-01  1.144592e-01  1.142463e-01 -8.172979e-02 -4.859508e-01  4.025304e-02  2.774219e-02 -2.112995e-01 -3.703831e-02  2.000000e+00
-7.544879e-02 -4.759455e-03 -1.392101e-01 -1.665179e-01  2.970334e-01  2.635002e-01  3.687384e-02  5.550482e-02 -4.488813e-03  3.467111e-01 -4.121536e-02  1.909573e-02  2.535276e-01  2.000000e+00
-7.544879e-02  1.235275e-02 -1.147207e-01 -1.866054e-01  1.072628e-01  2.721039e-01 -7.432765e-02  7.849717e-02 -4.055304e-01 -3.376247e-01 -6.824941e-02  4.926113e-02 -9.713342e-02  2.000000e+00
-7.544879e-02 -1.713561e-04  1.501825e-01 -1.196311e-01 -3.506821e-02  3.922797e-01 -2.272320e-02 -9.022408e-02  1.623278e-01  4.458263e-01 -1.884861e-01  2.158832e-01  4.720610e-01  2.000000e+00
-7.544879e-02 -1.382794e-01  4.552094e-02 -1.802820e-01  2.657477e-01  4.779603e-01 -8.925929e-02 -1.421498e-01  6.117818e-02  7.342852e-01  2.661357e-02 -8.193641e-02 -1.561736e-01  2.000000e+00
-7.544880e-02  2.974449e-02  1.245129e-02 -2.666591e-01  1.808959e-01  8.173361e-01 -1.553153e-01 -7.468922e-02 -1.732267e-01 -5.212076e-01 -9.403116e-02  3.437183e-01 -4.554697e-01  3.000000e+00
-7.544879e-02  1.065536e-01 -1.252498e-01 -2.839337e-01  3.244682e-01  3.449972e-01 -7.423670e-02 -6.452464e-01 -8.129486e-02  4.886285e-01  1.195237e-01 -2.809573e-01  1.510981e-01  3.000000e+00
-7.544879e-02 -4.573894e-01  1.093434e-01 -1.495169e-01 -4.887549e-01  6.402015e-01 -1.071268e-01 -4.578843e-01 -1.517893e+00 -1.247048e+00 -4.108040e-01  5.933926e-02  6.384410e-01  3.000000e+00
-7.544879e-02  2.725246e-04  7.439583e-02 -1.229185e-01  3.931629e-02  2.204315e-01 -1.880441e-01 -9.044555e-02 -2.205904e-01  1.137055e-02 -1.777030e-01  3.807121e-02  7.351038e-02  3.000000e+00
-7.544878e-02 -1.964349e-01 -9.132554e-02 -1.819465e-01  1.762984e-01  2.884990e-01 -9.762261e-02 -1.564869e-01 -1.892373e-01  8.300389e-02  1.652640e-01  2.665799e-01  1.797079e-01  3.000000e+00
-7.544878e-02  5.691203e-02  5.860810e-02 -1.074815e-01 -4.844602e-01  5.684614e-01 -6.841224e-02  2.588836e-02 -6.065115e-02  8.883547e-03 -2.555511e-01  3.403598e-01 -6.541051e-01  3.000000e+00
-7.544878e-02 -6.758237e-02  1.184269e-01 -1.359874e-01 -5.118184e-02 -1.441838e-01 -1.370587e-01 -5.307433e-03 -1.772075e-01  3.873228e-02  5.049101e-02 -1.208404e-01 -5.369170e-02  3.000000e+00
-7.544878e-02 -1.729048e-02  3.435342e-02 -8.998014e-02  4.217850e-01  2.719914e-01 -6.807451e-02 -8.541714e-02  3.049740e-01  4.322993e-01 -1.133154e-01  1.413621e-01  2.685612e-01  3.000000e+00
-7.544878e-02  7.871781e-02  1.261727e-02 -1.376319e-01 -7.197843e-02  1.591923e-01 -1.095182e-01  2.086150e-03 -8.016366e-02 -4.985945e-01  9.840934e-02  3.155899e-02 -2.262148e-01  3.000000e+00
-7.544879e-02 -4.633757e-01  9.880887e-02 -1.261575e-01 -1.138079e+00  2.505909e-01 -8.317851e-02 -5.361565e-01  1.728577e+00  1.473916e+00 -3.788492e-01  4.750768e-02 -8.110623e-01  3.000000e+00
-7.544878e-02  8.966805e-04  8.809787e-02 -1.306552e-01 -5.654099e-02  3.381906e-01 -1.498516e-01 -1.427352e-01  1.895522e-01  3.429236e-02 -7.069445e-02  1.147869e-01  1.692256e-02  3.000000e+00
-7.544879e-02  1.540694e-02  9.180835e-02 -1.735668e-01 -5.999275e-02 -8.164715e-03 -2.051565e-01 -8.698436e-02  2.023760e-01 -3.065414e-01 -3.734867e-02  1.358750e-02  9.316491e-02  3.000000e+00
-7.544878e-02 -1.426966e-02  1.986353e-02 -1.380790e-01 -4.636832e-02 -1.718241e-01 -1.172386e-01 -7.288332e-02  1.647422e-01  5.200721e-02 -8.006656e-02  9.662943e-02  1.288274e-01  3.000000e+00
-7.544878e-02  4.821047e-01  1.702763e-01 -1.555517e-01 -9.961996e-01 -9.337213e-01 -1.959700e-01 -8.147580e-01  7.366817e-02 -6.973983e-02 -9.202202e-02  2.092092e-01 -1.195144e-01  3.000000e+00
-7.544879e-02  1.021198e-01  9.570519e-03 -1.295170e-01  1.013235e-01  2.781707e-01 -1.006206e-01 -1.900530e-01 -8.889996e-03  2.991880e-01 -9.292653e-02  6.139467e-02  6.247531e-02  3.000000e+00
-7.544879e-02  2.461272e-01  1.007141e-01 -1.255357e-01  2.798341e-02  8.809063e-03 -1.424525e-01  6.631000e-03 -4.703895e-01 -5.251469e-02  6.063546e-03 -2.512245e-01  7.147590e-02  3.000000e+00
-7.544879e-02  8.429292e-02  3.210286e-03 -9.039575e-02  1.318687e-02  4.920666e-01 -5.691195e-02 -1.745719e-01  1.273478e-01 -1.011740e-01 -1.568804e-01  7.788424e-02  2.449388e-02  3.000000e+00
-7.544878e-02  1.445923e-01  9.277854e-02 -1.281102e-01 -1.108667e-02  6.673785e-02 -1.355354e-01 -8.346129e-02  2.930698e-02  6.377998e-02  9.243301e-03 -1.926276e-01  1.896252e-02  3.000000e+00
-7.544879e-02  5.065083e-02 -8.188179e-02 -8.664976e-02 -1.043594e-01  5.147962e-02 -6.627326e-02 -3.382502e-02  1.390979e-01 -1.758202e-01  2.106688e-03  5.228119e-02  1.735666e-01  3.000000e+00
-7.544878e-02  2.027307e-01 -7.466923e-02 -4.135870e-02  2.777843e-02 -2.858088e-01 -3.760449e-02 -4.202772e-01 -1.948876e-01 -2.798266e-01  1.191475e-01 -2.490429e-01 -3.172310e-01  3.000000e+00
-7.544878e-02 -2.090895e-01 -5.800500e-03 -7.602804e-02  5.287806e-01  5.853068e-02 -8.339339e-02 -2.042094e-01 -1.544337e-01  4.439929e-01 -2.552941e-01 -8.301076e-03 -4.372226e-01  3.000000e+00
-7.544879e-02  1.039782e-01  5.069960e-02 -1.264352e-01 -3.805681e-02  2.224389e-01 -2.157222e-01 -3.791046e-01  1.084716e-01  1.751199e-01 -7.925829e-02  8.989614e-02 -1.605038e-01  3.000000e+00
-7.544878e-02  7.644348e-02 -1.203313e-04 -1.355804e-01  5.694154e-01 -3.966491e-01 -2.111432e-01 -6.676312e-01 -4.109828e-01  7.344367e-01 -1.416901e-01 -3.156368e-01  2.313266e-03  3.000000e+00
-7.544879e-02  3.517394e-02 -8.864666e-03 -1.662108e-01  1.950649e-01 -4.425518e-02 -2.568140e-01 -2.729996e-01  8.388156e-02  1.334480e-01  4.044456e-02  6.107290e-02  1.018675e-01  3.000000e+00
-7.544879e-02  6.442221e-02 -3.986440e-03 -1.953960e-01  4.250544e-02 -1.657113e-01 -3.733979e-01 -1.938833e-01  5.571804e-02  1.062407e-01 -1.297227e-01  6.210377e-02  2.328008e-02  3.000000e+00
-7.544879e-02  1.387683e-01 -2.209805e-01 -1.964461e-01  1.086497e-02  1.174010e-01 -2.728550e-01 -1.777264e-01  1.071479e-01  3.644245e-01 -1.672221e-02 -6.236285e-02 -1.814880e-02  3.000000e+00
-7.544878e-02  9.933657e-02  8.390015e-02 -2.067895e-01 -5.602774e-02  4.684777e-01 -3.230588e-01 -3.051066e-01  8.720727e-02 -5.823598e-01 -7.749017e-02  1.319230e-01  1.625843e-01  3.000000e+00
-7.544878e-02  4.137483e-02  5.978510e-03 -1.762247e-01  1.532812e-01  8.001770e-03 -4.237266e-01 -1.843182e-01  9.455501e-02 -5.648783e-02  2.506460e-02 -9.030158e-04  1.028519e-01  3.000000e+00
-7.544878e-02  4.308016e-02 -2.816824e-03 -2.089757e-01 -6.757260e-02  1.797141e-01 -3.767191e-01 -1.171373e-01  4.983679e-02 -4.919025e-02  3.398627e-02  2.345473e-01  2.650068e-01  3.000000e+00
-7.544879e-02  3.956227e-02 -7.347465e-02 -2.031602e-01  2.190447e-01 -2.034667e-01 -4.789048e-01 -9.943320e-02 -1.095756e-01 -3.468429e-01  1.464349e-01 -1.303558e-01  7.505662e-02  3.000000e+00
-7.544878e-02 -2.102138e-01  2.046334e-02 -1.971801e-01  2.009786e-01  4.915599e-02 -4.551384e-01 -2.953695e-01  3.517438e-01 -2.069806e-01  8.158398e-02 -1.164810e-01  4.313511e-01  3.000000e+00
-7.544879e-02  1.399804e-01 -8.500778e-03 -1.795792e-01  2.382497e-01 -1.086808e+00 -4.565843e-01 -7.419232e-02 -4.054025e-01  1.081731e-01  5.850375e-02 -2.468051e-01  2.668132e-01  3.000000e+00
-7.544879e-02  1.038536e-01 -6.492451e-02 -2.042835e-01  3.579967e-01  3.809462e-01 -3.773306e-01 -3.340690e-02 -4.638371e-02 -2.139076e-01  1.247879e-01 -5.533829e-02  3.708365e-01  3.000000e+00
-7.544879e-02 -3.907720e-01  2.971774e-02 -1.491628e-01 -7.989499e-02  4.803258e-01 -3.193611e-01  2.178525e-01 -2.909009e-01 -9.034159e-01 -2.774682e-02 -6.303162e-02  2.461137e-01  3.000000e+00
-7.544879e-02  2.872050e-01 -2.080097e-01 -1.182317e-01  1.489555e-01 -4.377922e-01 -3.514389e-01 -2.621938e-01 -6.558862e-02  1.400916e-01  1.183478e-01 -8.478832e-02  3.506321e-02  3.000000e+00
-7.544879e-02  1.411568e-01 -2.783368e-02 -1.810161e-01 -2.519830e-01 -2.072128e-01 -3.417500e-01 -3.197890e-01  2.209458e-01 -1.673335e-01 -1.717313e-01 -1.461709e-01  3.835214e-02  3.000000e+00
-7.544879e-02  1.348805e-01 -4.029464e-02 -1.136754e-01  1.138396e-01  5.435300e-01 -3.034583e-01 -3.988460e-01  2.645525e-01 -2.589928e-01  1.275745e-01 -8.751523e-02 -1.768866e-01  3.000000e+00
-7.544878e-02 -2.013823e-02  4.011784e-02 -1.578279e-01 -2.992282e+00 -5.228473e-01 -4.292323e-01  2.140305e-01  8.693403e-01 -6.010369e-01 -1.379960e+00 -1.036050e+00 -1.683331e+00  3.000000e+00
-7.544878e-02 -2.515080e-01 -1.764767e-01 -1.570895e-01  8.550326e-01  2.128701e-02 -3.618230e-01 -5.773724e-01  1.732789e-01  5.280637e-01  7.849200e-02  9.412051e-02 -2.895909e-02  3.000000e+00
-7.544878e-02  1.543428e-01  1.673221e-01 -1.050185e-01  1.502105e-01  3.832373e-01 -3.405865e-01  1.106702e-01 -7.607399e-01  3.398210e-01 -1.945141e-01  2.100748e-01  2.533859e-01  3.000000e+00
-7.544878e-02 -7.729677e-02  4.201781e-02 -1.768504e-01  1.217727e-01 -2.904394e-01 -4.397866e-01 -2.839060e-01  7.403244e-01 -2.808985e-01 -1.996851e-01  1.003089e-01  2.065607e-03  3.000000e+00
-7.544879e-02  3.023289e-01 -1.047402e-01 -1.320003e-01 -1.871019e-01 -1.092521e+00 -3.449318e-01 -3.636179e-01 -1.958729e-01 -1.345550e-01  2.066408e-02 -3.821030e-02 -8.607595e-02  3.000000e+00
-7.544878e-02 -7.786931e-03  1.058847e-01 -1.222034e-01 -1.369118e-01 -2.469808e-01 -3.797819e-01 -1.552813e-01  1.993156e-01 -2.589621e-01  1.640195e-01  3.276782e-02  1.251928e+00  3.000000e+00
-7.544878e-02 -4.117241e-02 -1.188447e-01 -1.176548e-01 -5.808031e-02  2.181815e-01 -4.390399e-01 -5.583494e-01  4.316058e-03  6.976442e-01 -4.893595e-02  4.591295e-02 -5.941079e-01  3.000000e+00
-7.544879e-02 -6.504849e-02 -4.990305e-02 -3.080678e-02  1.073923e+00  1.413604e+00 -3.630745e-01  1.403181e-01 -1.419691e-01 -2.123550e-01  9.066776e-01 -1.061251e+00  7.027108e-01  3.000000e+00
-7.544878e-02 -5.382718e-01 -1.343265e-01 -1.354112e-01  9.094265e-01 -3.540804e-01 -4.895673e-01  5.292299e-01 -2.824713e-01  3.438460e-01 -2.969027e-01  2.851893e+00  5.196642e-01  3.000000e+00
-7.544879e-02 -2.422414e-01 -1.470483e-01 -8.712197e-02 -4.584041e-01  4.302128e-01 -4.123653e-01  2.109167e-01 -1.554045e+00 -4.212459e-01 -1.315561e-01 -1.582776e-01  1.282863e-01  3.000000e+00
-7.544878e-02 -2.522674e-02 -3.239533e-02 -7.536796e-02 -8.199692e-01 -1.940681e-01 -4.256199e-01 -2.705125e-01  4.510417e-01  2.024970e-01 -2.031339e-02 -4.676312e-02  6.244707e-01  3.000000e+00
