-1.015351e-01 -1.119294e-01 -1.093204e-01 -1.101516e-01 -1.120234e-01 -1.121591e-01 -1.152030e-01 -1.396210e-01 -1.164345e-01 -2.801166e-02 -1.730738e-01  8.610225e-02 -1.253922e-01  1.000000e+00
-1.015351e-01 -1.119294e-01 -1.093204e-01 -1.101516e-01 -1.120234e-01 -1.121591e-01 -1.152029e-01 -1.396210e-01 -1.164225e-01 -2.802087e-02 -1.730342e-01  8.610778e-02 -1.251945e-01  1.000000e+00
-1.015351e-01 -1.119294e-01 -1.093204e-01 -1.101516e-01 -1.120234e-01 -1.121591e-01 -1.152030e-01 -1.396210e-01 -1.164343e-01 -2.801218e-02 -1.730688e-01  8.611423e-02 -1.253635e-01  1.000000e+00
-1.015351e-01 -1.119294e-01 -1.093204e-01 -1.101516e-01 -1.120234e-01 -1.121591e-01 -1.152030e-01 -1.396208e-01 -1.164331e-01 -2.801097e-02 -1.730682e-01  8.611077e-02 -1.253773e-01  1.000000e+00
-1.015351e-01 -1.119294e-01 -1.093204e-01 -1.101516e-01 -1.120234e-01 -1.121591e-01 -1.152030e-01 -1.396210e-01 -1.164346e-01 -2.801253e-02 -1.730739e-01  8.611491e-02 -1.254030e-01  1.000000e+00
-1.015351e-01 -1.119294e-01 -1.093204e-01 -1.101516e-01 -1.120234e-01 -1.121590e-01 -1.152031e-01 -1.396214e-01 -1.164358e-01 -2.801107e-02 -1.730703e-01  8.611238e-02 -1.253887e-01  1.000000e+00
-1.015351e-01 -1.119294e-01 -1.093204e-01 -1.101516e-01 -1.120233e-01 -1.121591e-01 -1.152029e-01 -1.396207e-01 -1.164353e-01 -2.801204e-02 -1.730731e-01  8.610526e-02 -1.253739e-01  1.000000e+00
-1.015351e-01 -1.119294e-01 -1.093204e-01 -1.101516e-01 -1.120234e-01 -1.121590e-01 -1.152029e-01 -1.396210e-01 -1.164327e-01 -2.801115e-02 -1.730689e-01  8.610942e-02 -1.253721e-01  1.000000e+00
-1.037051e-01 -1.149656e-01 -1.267993e-01  9.378523e+00  3.553644e-02  1.377591e-03  5.503772e-04  1.637708e-05  1.654235e-06  1.412945e-07  8.488978e-07 -1.096997e-07  9.010584e-08  1.000000e+00
-1.037051e-01 -1.149656e-01 -1.267993e-01  9.378523e+00  3.553644e-02  1.377590e-03  5.503778e-04  1.637709e-05  1.654254e-06  1.412989e-07  8.489310e-07 -1.097199e-07  9.013407e-08  1.000000e+00
-1.015351e-01 -1.119294e-01 -1.093204e-01 -1.101516e-01 -1.120234e-01 -1.121591e-01 -1.152031e-01 -1.396300e-01 -1.164969e-01 -2.805292e-02 -1.733406e-01  8.661764e-02 -1.267630e-01  1.000000e+00
-1.015351e-01 -1.119294e-01 -1.093204e-01 -1.101516e-01 -1.120234e-01 -1.121593e-01 -1.152036e-01 -1.396545e-01 -1.166662e-01 -2.816475e-02 -1.740752e-01  8.802699e-02 -1.306289e-01  1.000000e+00
-1.015351e-01 -1.119294e-01 -1.093204e-01 -1.101516e-01 -1.120234e-01 -1.121591e-01 -1.152030e-01 -1.396091e-01 -1.164309e-01 -2.800857e-02 -1.730560e-01  8.609885e-02 -1.253560e-01  1.000000e+00
-1.199565e-01 -1.388395e-01  9.378247e+00  1.714375e-02  3.800748e-03  1.857382e-04  7.468553e-05  2.231298e-06  2.254033e-07  1.925313e-08  1.156721e-07 -1.494916e-08  1.228068e-08  1.000000e+00
-1.015351e-01 -1.119294e-01 -1.093204e-01 -1.101516e-01 -1.120234e-01 -1.121591e-01 -1.152030e-01 -1.396204e-01 -1.164406e-01 -2.801972e-02 -1.730988e-01  8.612651e-02 -1.254681e-01  1.000000e+00
-1.015351e-01 -1.119294e-01 -1.093204e-01 -1.101516e-01 -1.120234e-01 -1.121591e-01 -1.152030e-01 -1.396209e-01 -1.164305e-01 -2.801278e-02 -1.730690e-01  8.611144e-02 -1.253952e-01  1.000000e+00
-1.015351e-01 -1.119294e-01 -1.093204e-01 -1.101516e-01 -1.120234e-01 -1.121591e-01 -1.152030e-01 -1.396211e-01 -1.164117e-01 -2.800479e-02 -1.730170e-01  8.607229e-02 -1.254085e-01  1.000000e+00
-1.015351e-01 -1.119294e-01 -1.093204e-01 -1.101516e-01 -1.120234e-01 -1.121591e-01 -1.152030e-01 -1.396209e-01 -1.164334e-01 -2.801184e-02 -1.730696e-01  8.610982e-02 -1.253763e-01  1.000000e+00
-1.015351e-01 -1.119294e-01 -1.093204e-01 -1.101516e-01 -1.120234e-01 -1.121591e-01 -1.152030e-01 -1.396209e-01 -1.164242e-01 -2.801137e-02 -1.730862e-01  8.613332e-02 -1.254102e-01  1.000000e+00
-1.015351e-01 -1.119294e-01 -1.093204e-01 -1.101516e-01 -1.120234e-01 -1.121591e-01 -1.152030e-01 -1.396209e-01 -1.164372e-01 -2.801364e-02 -1.730641e-01  8.611157e-02 -1.253743e-01  1.000000e+00
-1.015351e-01 -1.119294e-01 -1.093204e-01 -1.101516e-01 -1.120234e-01 -1.121591e-01 -1.152030e-01 -1.396209e-01 -1.164290e-01 -2.800742e-02 -1.730985e-01  8.613146e-02 -1.254372e-01  1.000000e+00
-1.015351e-01 -1.119294e-01 -1.093204e-01 -1.101516e-01 -1.120234e-01 -1.121591e-01 -1.152030e-01 -1.396209e-01 -1.164349e-01 -2.800642e-02 -1.730425e-01  8.613173e-02 -1.255200e-01  1.000000e+00
-1.015351e-01 -1.119294e-01 -1.093204e-01 -1.101516e-01 -1.120234e-01 -1.121599e-01 -1.152052e-01 -1.397319e-01 -1.172014e-01 -2.854025e-02 -1.764304e-01  9.245143e-02 -1.441304e-01  1.000000e+00
-1.015351e-01 -1.119294e-01 -1.093204e-01 -1.101516e-01 -1.120234e-01 -1.121591e-01 -1.152030e-01 -1.396209e-01 -1.164334e-01 -2.800379e-02 -1.730735e-01  8.594999e-02 -1.253103e-01  1.000000e+00
-1.015351e-01 -1.119294e-01 -1.093204e-01 -1.101516e-01 -1.120234e-01 -1.121591e-01 -1.152030e-01 -1.396209e-01 -1.164334e-01 -2.805815e-02 -1.730605e-01  8.610172e-02 -1.254713e-01  1.000000e+00
-1.015351e-01 -1.119294e-01 -1.093204e-01 -1.101516e-01 -1.120234e-01 -1.121591e-01 -1.152030e-01 -1.396209e-01 -1.164332e-01 -2.807686e-02 -1.730565e-01  8.635156e-02 -1.249098e-01  1.000000e+00
-1.015351e-01 -1.119294e-01 -1.093204e-01 -1.101516e-01 -1.120234e-01 -1.121591e-01 -1.152030e-01 -1.396209e-01 -1.164334e-01 -2.801383e-02 -1.730683e-01  8.614047e-02 -1.252652e-01  1.000000e+00
-1.015351e-01 -1.119294e-01 -1.093204e-01 -1.101516e-01 -1.120234e-01 -1.121593e-01 -1.152036e-01 -1.396545e-01 -1.166652e-01 -2.816115e-02 -1.740735e-01  8.796133e-02 -1.308305e-01  1.000000e+00
-1.015351e-01 -1.119294e-01 -1.093204e-01 -1.101516e-01 -1.120234e-01 -1.121591e-01 -1.152030e-01 -1.396209e-01 -1.164333e-01 -2.801178e-02 -1.730688e-01  8.611222e-02 -1.253721e-01  1.000000e+00
-1.015351e-01 -1.119294e-01 -1.093204e-01 -1.101516e-01 -1.120234e-01 -1.121599e-01 -1.152052e-01 -1.397319e-01 -1.172017e-01 -2.851564e-02 -1.764258e-01  9.274721e-02 -1.443102e-01  1.000000e+00
-1.015351e-01 -1.119294e-01 -1.093204e-01 -1.101516e-01 -1.120234e-01 -1.121591e-01 -1.152030e-01 -1.396209e-01 -1.164334e-01 -2.801177e-02 -1.730682e-01  8.610951e-02 -1.253798e-01  1.000000e+00
-1.015351e-01 -1.119294e-01 -1.093204e-01 -1.101516e-01 -1.120234e-01 -1.121591e-01 -1.152031e-01 -1.396300e-01 -1.164964e-01 -2.805335e-02 -1.733412e-01  8.662025e-02 -1.267602e-01  1.000000e+00
-1.015351e-01 -1.119294e-01 -1.093204e-01 -1.101516e-01 -1.120234e-01 -1.121591e-01 -1.152030e-01 -1.396209e-01 -1.164334e-01 -2.801205e-02 -1.730690e-01  8.610847e-02 -1.253769e-01  1.000000e+00
-1.015351e-01 -1.119294e-01 -1.093204e-01 -1.101516e-01 -1.120234e-01 -1.121591e-01 -1.152030e-01 -1.396209e-01 -1.164334e-01 -2.801193e-02 -1.730685e-01  8.610815e-02 -1.253779e-01  1.000000e+00
-1.015351e-01 -1.119294e-01 -1.093204e-01 -1.101516e-01 -1.120234e-01 -1.121591e-01 -1.152030e-01 -1.396209e-01 -1.164335e-01 -2.801190e-02 -1.730691e-01  8.610963e-02 -1.253801e-01  1.000000e+00
-1.015351e-01 -1.119294e-01 -1.093204e-01 -1.101516e-01 -1.120234e-01 -1.121591e-01 -1.152030e-01 -1.396208e-01 -1.164335e-01 -2.801182e-02 -1.730687e-01  8.610777e-02 -1.253781e-01  1.000000e+00
-1.015351e-01 -1.119294e-01 -1.093204e-01 -1.101516e-01 -1.120234e-01 -1.121591e-01 -1.152030e-01 -1.396208e-01 -1.164334e-01 -2.801163e-02 -1.730687e-01  8.610942e-02 -1.253764e-01  1.000000e+00
-1.015351e-01 -1.119294e-01 -1.093204e-01 -1.101516e-01 -1.120234e-01 -1.121591e-01 -1.152030e-01 -1.396209e-01 -1.164334e-01 -2.801204e-02 -1.730691e-01  8.611004e-02 -1.253819e-01  1.000000e+00
-1.015351e-01 -1.119294e-01 -1.093204e-01 -1.101516e-01 -1.120234e-01 -1.121591e-01 -1.152030e-01 -1.396209e-01 -1.164333e-01 -2.801196e-02 -1.730690e-01  8.610683e-02 -1.253773e-01  1.000000e+00
-1.015351e-01 -1.119294e-01 -1.093204e-01 -1.101516e-01 -1.120234e-01 -1.121591e-01 -1.152030e-01 -1.396209e-01 -1.164335e-01 -2.801203e-02 -1.730691e-01  8.610960e-02 -1.253826e-01  1.000000e+00
-1.015351e-01 -1.119294e-01 -1.093204e-01 -1.101516e-01 -1.120234e-01 -1.121591e-01 -1.152030e-01 -1.396209e-01 -1.164335e-01 -2.801184e-02 -1.730692e-01  8.610957e-02 -1.253809e-01  1.000000e+00
-1.015351e-01 -1.119294e-01 -1.093204e-01 -1.101516e-01 -1.120234e-01 -1.121591e-01 -1.152030e-01 -1.396208e-01 -1.164333e-01 -2.801203e-02 -1.730686e-01  8.611037e-02 -1.253798e-01  1.000000e+00
-1.015351e-01 -1.119294e-01 -1.093204e-01 -1.101516e-01 -1.120234e-01 -1.121591e-01 -1.152030e-01 -1.396209e-01 -1.164335e-01 -2.801203e-02 -1.730691e-01  8.610855e-02 -1.253794e-01  1.000000e+00
-1.015351e-01 -1.119294e-01 -1.093205e-01 -1.101522e-01 -1.120257e-01 -1.122056e-01 -1.153251e-01 -1.459111e-01 -1.822798e-01  7.450720e+00  5.598174e+00 -3.787979e-02  3.318199e-02  1.000000e+00
-1.015351e-01 -1.119294e-01 -1.093204e-01 -1.101516e-01 -1.120234e-01 -1.121591e-01 -1.152030e-01 -1.396209e-01 -1.164334e-01 -2.801253e-02 -1.730689e-01  8.611004e-02 -1.253743e-01  1.000000e+00
-1.015351e-01 -1.119294e-01 -1.093204e-01 -1.101516e-01 -1.120234e-01 -1.121591e-01 -1.152030e-01 -1.396209e-01 -1.164336e-01 -2.801208e-02 -1.730690e-01  8.611049e-02 -1.253799e-01  1.000000e+00
-1.015351e-01 -1.119294e-01 -1.093204e-01 -1.101516e-01 -1.120234e-01 -1.121591e-01 -1.152030e-01 -1.396209e-01 -1.164335e-01 -2.801237e-02 -1.730693e-01  8.611258e-02 -1.253756e-01  1.000000e+00
-1.015351e-01 -1.119294e-01 -1.093204e-01 -1.101516e-01 -1.120234e-01 -1.121591e-01 -1.152030e-01 -1.396209e-01 -1.164335e-01 -2.801212e-02 -1.730690e-01  8.611190e-02 -1.253813e-01  1.000000e+00
-1.015351e-01 -1.119294e-01 -1.093204e-01 -1.101516e-01 -1.120234e-01 -1.121591e-01 -1.152030e-01 -1.396209e-01 -1.164335e-01 -2.801235e-02 -1.730694e-01  8.610999e-02 -1.253799e-01  1.000000e+00
-1.015351e-01 -1.119294e-01 -1.093204e-01 -1.101516e-01 -1.120234e-01 -1.121591e-01 -1.152030e-01 -1.396209e-01 -1.164335e-01 -2.801217e-02 -1.730690e-01  8.611072e-02 -1.253796e-01  1.000000e+00
-1.199565e-01 -1.388395e-01  9.378247e+00  1.714375e-02  3.800748e-03  1.857382e-04  7.468553e-05  2.231292e-06  2.254024e-07  1.925306e-08  1.156720e-07 -1.494908e-08  1.227999e-08  1.000000e+00
-1.015351e-01 -1.119294e-01 -1.093204e-01 -1.101516e-01 -1.120234e-01 -1.121591e-01 -1.152030e-01 -1.396209e-01 -1.164333e-01 -2.801235e-02 -1.730690e-01  8.611194e-02 -1.253819e-01  1.000000e+00
-1.015351e-01 -1.119294e-01 -1.093204e-01 -1.101516e-01 -1.120234e-01 -1.121591e-01 -1.152030e-01 -1.396209e-01 -1.164335e-01 -2.801218e-02 -1.730693e-01  8.611479e-02 -1.253835e-01  1.000000e+00
-1.015351e-01 -1.119294e-01 -1.093204e-01 -1.101516e-01 -1.120234e-01 -1.121591e-01 -1.152030e-01 -1.396209e-01 -1.164333e-01 -2.801235e-02 -1.730693e-01  8.611171e-02 -1.253780e-01  1.000000e+00
-1.015351e-01 -1.119294e-01 -1.093204e-01 -1.101516e-01 -1.120234e-01 -1.121591e-01 -1.152030e-01 -1.396209e-01 -1.164334e-01 -2.801214e-02 -1.730692e-01  8.611277e-02 -1.253769e-01  1.000000e+00
-1.015351e-01 -1.119294e-01 -1.093204e-01 -1.101516e-01 -1.120234e-01 -1.121591e-01 -1.152030e-01 -1.396209e-01 -1.164334e-01 -2.801227e-02 -1.730692e-01  8.611178e-02 -1.253768e-01  1.000000e+00
-1.015351e-01 -1.119294e-01 -1.093204e-01 -1.101516e-01 -1.120234e-01 -1.121591e-01 -1.152030e-01 -1.396209e-01 -1.164334e-01 -2.801239e-02 -1.730691e-01  8.611215e-02 -1.253752e-01  1.000000e+00
-1.015351e-01 -1.119294e-01 -1.093204e-01 -1.101516e-01 -1.120234e-01 -1.121591e-01 -1.152030e-01 -1.396209e-01 -1.164334e-01 -2.801215e-02 -1.730697e-01  8.611090e-02 -1.253765e-01  1.000000e+00
-1.015351e-01 -1.119294e-01 -1.093204e-01 -1.101516e-01 -1.120234e-01 -1.121591e-01 -1.152030e-01 -1.396209e-01 -1.164335e-01 -2.801239e-02 -1.730691e-01  8.611233e-02 -1.253780e-01  1.000000e+00
-1.015351e-01 -1.119294e-01 -1.093204e-01 -1.101516e-01 -1.120234e-01 -1.121591e-01 -1.152030e-01 -1.396208e-01 -1.164334e-01 -2.801237e-02 -1.730692e-01  8.611347e-02 -1.253768e-01  2.000000e+00
-1.015351e-01 -1.119294e-01 -1.093205e-01 -1.101523e-01 -1.120259e-01 -1.122107e-01 -1.153385e-01 -1.465468e-01 -1.858467e-01  7.494542e+00  5.624001e+00 -3.138217e-02  2.259851e-02  2.000000e+00
-1.015453e-01 -1.119436e-01 -1.093930e-01 -1.106907e-01 -1.143079e-01 -1.859050e-01  9.375781e+00  3.487112e-03  3.447140e-04  2.938757e-05  1.765441e-04 -2.279892e-05  1.872579e-05  2.000000e+00
-1.015351e-01 -1.119294e-01 -1.093204e-01 -1.101516e-01 -1.120234e-01 -1.121591e-01 -1.152030e-01 -1.396209e-01 -1.164334e-01 -2.801247e-02 -1.730691e-01  8.611194e-02 -1.253749e-01  2.000000e+00
-1.015351e-01 -1.119294e-01 -1.093204e-01 -1.101516e-01 -1.120234e-01 -1.121591e-01 -1.152030e-01 -1.396209e-01 -1.164332e-01 -2.801211e-02 -1.730694e-01  8.611008e-02 -1.253747e-01  2.000000e+00
-1.015351e-01 -1.119294e-01 -1.093204e-01 -1.101516e-01 -1.120234e-01 -1.121591e-01 -1.152030e-01 -1.396209e-01 -1.164333e-01 -2.801244e-02 -1.730692e-01  8.611170e-02 -1.253762e-01  2.000000e+00
-1.015351e-01 -1.119294e-01 -1.093204e-01 -1.101517e-01 -1.120236e-01 -1.121643e-01 -1.152166e-01 -1.403232e-01 -1.237523e-01  7.959057e-01  4.624948e-01  7.295851e-02 -1.093112e-01  2.000000e+00
-1.015351e-01 -1.119294e-01 -1.093204e-01 -1.101516e-01 -1.120234e-01 -1.121591e-01 -1.152030e-01 -1.396209e-01 -1.164334e-01 -2.801254e-02 -1.730692e-01  8.611342e-02 -1.253789e-01  2.000000e+00
-5.122395e-01  9.362763e+00  2.553071e-02  2.916589e-03  7.085302e-04  3.552726e-05  1.429719e-05  4.273599e-07  4.317194e-08  3.687542e-09  2.215525e-08 -2.863428e-09  2.352305e-09  2.000000e+00
-1.015351e-01 -1.119294e-01 -1.093204e-01 -1.101516e-01 -1.120234e-01 -1.121591e-01 -1.152030e-01 -1.396209e-01 -1.164333e-01 -2.801227e-02 -1.730694e-01  8.611293e-02 -1.253775e-01  2.000000e+00
-1.015351e-01 -1.119294e-01 -1.093204e-01 -1.101516e-01 -1.120234e-01 -1.121591e-01 -1.152030e-01 -1.396209e-01 -1.164332e-01 -2.801247e-02 -1.730694e-01  8.611203e-02 -1.253801e-01  2.000000e+00
-1.015351e-01 -1.119294e-01 -1.093204e-01 -1.101516e-01 -1.120234e-01 -1.121591e-01 -1.152030e-01 -1.396209e-01 -1.164334e-01 -2.801241e-02 -1.730694e-01  8.611302e-02 -1.253784e-01  2.000000e+00
-1.015351e-01 -1.119294e-01 -1.093204e-01 -1.101516e-01 -1.120234e-01 -1.121591e-01 -1.152030e-01 -1.396210e-01 -1.164340e-01 -2.801294e-02 -1.730726e-01  8.611789e-02 -1.253960e-01  2.000000e+00
-1.015351e-01 -1.119294e-01 -1.093204e-01 -1.101516e-01 -1.120234e-01 -1.121591e-01 -1.152030e-01 -1.396209e-01 -1.164334e-01 -2.801243e-02 -1.730689e-01  8.611168e-02 -1.253772e-01  2.000000e+00
-1.015351e-01 -1.119294e-01 -1.093204e-01 -1.101516e-01 -1.120234e-01 -1.121591e-01 -1.152030e-01 -1.396209e-01 -1.164334e-01 -2.801251e-02 -1.730687e-01  8.611293e-02 -1.253780e-01  2.000000e+00
-1.015351e-01 -1.119294e-01 -1.093204e-01 -1.101516e-01 -1.120234e-01 -1.121591e-01 -1.152030e-01 -1.396209e-01 -1.164334e-01 -2.801223e-02 -1.730693e-01  8.611240e-02 -1.253774e-01  2.000000e+00
-1.015351e-01 -1.119294e-01 -1.093204e-01 -1.101516e-01 -1.120234e-01 -1.121591e-01 -1.152030e-01 -1.396209e-01 -1.164334e-01 -2.801244e-02 -1.730691e-01  8.611032e-02 -1.253750e-01  2.000000e+00
-1.015351e-01 -1.119294e-01 -1.093204e-01 -1.101516e-01 -1.120234e-01 -1.121591e-01 -1.152030e-01 -1.396209e-01 -1.164334e-01 -2.801239e-02 -1.730689e-01  8.611087e-02 -1.253761e-01  2.000000e+00
-1.015351e-01 -1.119294e-01 -1.093204e-01 -1.101516e-01 -1.120234e-01 -1.121591e-01 -1.152030e-01 -1.396209e-01 -1.164334e-01 -2.801235e-02 -1.730691e-01  8.611192e-02 -1.253794e-01  2.000000e+00
-1.015351e-01 -1.119294e-01 -1.093204e-01 -1.101516e-01 -1.120234e-01 -1.121591e-01 -1.152030e-01 -1.396209e-01 -1.164334e-01 -2.801265e-02 -1.730690e-01  8.611102e-02 -1.253753e-01  2.000000e+00
-1.015351e-01 -1.119294e-01 -1.093204e-01 -1.101516e-01 -1.120234e-01 -1.121591e-01 -1.152030e-01 -1.396209e-01 -1.164333e-01 -2.801246e-02 -1.730691e-01  8.611189e-02 -1.253772e-01  2.000000e+00
-1.015351e-01 -1.119294e-01 -1.093204e-01 -1.101518e-01 -1.120239e-01 -1.121709e-01 -1.152340e-01 -1.411646e-01 -1.279854e-01 -3.765655e-02 -2.343565e-01 -1.329634e+01  1.590730e-01  2.000000e+00
-1.015351e-01 -1.119294e-01 -1.093204e-01 -1.101516e-01 -1.120234e-01 -1.121591e-01 -1.152030e-01 -1.396209e-01 -1.164333e-01 -2.801228e-02 -1.730692e-01  8.611159e-02 -1.253772e-01  2.000000e+00
-1.015351e-01 -1.119294e-01 -1.093204e-01 -1.101516e-01 -1.120234e-01 -1.121591e-01 -1.152030e-01 -1.396209e-01 -1.164333e-01 -2.801219e-02 -1.730692e-01  8.611321e-02 -1.253811e-01  2.000000e+00
-1.015351e-01 -1.119294e-01 -1.093204e-01 -1.101516e-01 -1.120234e-01 -1.121591e-01 -1.152030e-01 -1.396209e-01 -1.164334e-01 -2.801212e-02 -1.730689e-01  8.611468e-02 -1.253829e-01  2.000000e+00
-1.015351e-01 -1.119294e-01 -1.093204e-01 -1.101516e-01 -1.120234e-01 -1.121591e-01 -1.152030e-01 -1.396209e-01 -1.164333e-01 -2.801220e-02 -1.730691e-01  8.611217e-02 -1.253826e-01  2.000000e+00
-1.015453e-01 -1.119436e-01 -1.093930e-01 -1.106907e-01 -1.143079e-01 -1.859050e-01  9.375781e+00  3.487113e-03  3.446891e-04  2.938654e-05  1.765591e-04 -2.280002e-05  1.872717e-05  2.000000e+00
-1.015352e-01 -1.119294e-01 -1.093206e-01 -1.101532e-01 -1.120300e-01 -1.122922e-01 -1.155525e-01 -1.591391e-01  9.374457e+00  1.512780e-02  8.956680e-02 -8.365671e-03  6.602090e-03  2.000000e+00
-1.015351e-01 -1.119294e-01 -1.093204e-01 -1.101516e-01 -1.120234e-01 -1.121591e-01 -1.152030e-01 -1.396209e-01 -1.164335e-01 -2.801236e-02 -1.730688e-01  8.610957e-02 -1.253803e-01  2.000000e+00
-1.015351e-01 -1.119294e-01 -1.093204e-01 -1.101516e-01 -1.120234e-01 -1.121591e-01 -1.152030e-01 -1.396209e-01 -1.164334e-01 -2.801210e-02 -1.730690e-01  8.611330e-02 -1.253806e-01  2.000000e+00
-1.015351e-01 -1.119294e-01 -1.093204e-01 -1.101516e-01 -1.120234e-01 -1.121591e-01 -1.152030e-01 -1.396208e-01 -1.164334e-01 -2.801198e-02 -1.730686e-01  8.611196e-02 -1.253802e-01  2.000000e+00
-1.015351e-01 -1.119294e-01 -1.093204e-01 -1.101516e-01 -1.120234e-01 -1.121591e-01 -1.152030e-01 -1.396209e-01 -1.164333e-01 -2.801249e-02 -1.730687e-01  8.611351e-02 -1.253795e-01  2.000000e+00
-1.015351e-01 -1.119294e-01 -1.093204e-01 -1.101516e-01 -1.120234e-01 -1.121591e-01 -1.152030e-01 -1.396209e-01 -1.164333e-01 -2.801219e-02 -1.730689e-01  8.611314e-02 -1.253797e-01  2.000000e+00
-1.015351e-01 -1.119294e-01 -1.093204e-01 -1.101516e-01 -1.120234e-01 -1.121591e-01 -1.152030e-01 -1.396208e-01 -1.164333e-01 -2.801214e-02 -1.730690e-01  8.611265e-02 -1.253793e-01  2.000000e+00
-1.015351e-01 -1.119294e-01 -1.093204e-01 -1.101516e-01 -1.120234e-01 -1.121591e-01 -1.152030e-01 -1.396209e-01 -1.164333e-01 -2.801227e-02 -1.730690e-01  8.611226e-02 -1.253796e-01  2.000000e+00
-1.015351e-01 -1.119294e-01 -1.093204e-01 -1.101516e-01 -1.120234e-01 -1.121591e-01 -1.152030e-01 -1.396209e-01 -1.164334e-01 -2.801228e-02 -1.730690e-01  8.611162e-02 -1.253767e-01  2.000000e+00
-1.015351e-01 -1.119294e-01 -1.093204e-01 -1.101516e-01 -1.120234e-01 -1.121591e-01 -1.152030e-01 -1.396209e-01 -1.164333e-01 -2.801227e-02 -1.730689e-01  8.611209e-02 -1.253773e-01  2.000000e+00
-1.015351e-01 -1.119294e-01 -1.093204e-01 -1.101516e-01 -1.120234e-01 -1.121591e-01 -1.152030e-01 -1.396209e-01 -1.164334e-01 -2.801224e-02 -1.730689e-01  8.611112e-02 -1.253754e-01  2.000000e+00
-1.015351e-01 -1.119294e-01 -1.093204e-01 -1.101514e-01 -1.120222e-01 -1.121354e-01 -1.151408e-01 -1.366327e-01 -9.862684e-02 -1.857142e-02 -1.136515e-01  2.853592e-02 -2.739623e-02  2.000000e+00
-1.015351e-01 -1.119294e-01 -1.093204e-01 -1.101516e-01 -1.120234e-01 -1.121591e-01 -1.152030e-01 -1.396209e-01 -1.164333e-01 -2.801211e-02 -1.730684e-01  8.611135e-02 -1.253745e-01  2.000000e+00
-1.015351e-01 -1.119294e-01 -1.093204e-01 -1.101516e-01 -1.120234e-01 -1.121593e-01 -1.152035e-01 -1.396475e-01 -1.166171e-01 -2.813027e-02 -1.738633e-01  8.761402e-02 -1.294822e-01  2.000000e+00
-1.015351e-01 -1.119294e-01 -1.093204e-01 -1.101516e-01 -1.120234e-01 -1.121591e-01 -1.152030e-01 -1.396209e-01 -1.164334e-01 -2.801230e-02 -1.730690e-01  8.611317e-02 -1.253810e-01  2.000000e+00
-1.020556e-01 -1.126545e-01 -1.131206e-01 -1.461996e-01  9.377749e+00  5.876716e-03  2.292370e-03  6.722516e-05  6.788156e-06  5.797968e-07  3.483401e-06 -4.501895e-07  3.698061e-07  2.000000e+00
-1.015351e-01 -1.119294e-01 -1.093204e-01 -1.101516e-01 -1.120234e-01 -1.121591e-01 -1.152030e-01 -1.396209e-01 -1.164334e-01 -2.801223e-02 -1.730690e-01  8.611287e-02 -1.253823e-01  2.000000e+00
-1.015351e-01 -1.119294e-01 -1.093204e-01 -1.101516e-01 -1.120234e-01 -1.121591e-01 -1.152030e-01 -1.396209e-01 -1.164335e-01 -2.801192e-02 -1.730692e-01  8.611388e-02 -1.253807e-01  2.000000e+00
-1.015351e-01 -1.119294e-01 -1.093204e-01 -1.101516e-01 -1.120234e-01 -1.121591e-01 -1.152030e-01 -1.396209e-01 -1.164334e-01 -2.801215e-02 -1.730688e-01  8.611342e-02 -1.253826e-01  2.000000e+00
-1.015351e-01 -1.119294e-01 -1.093204e-01 -1.101517e-01 -1.120237e-01 -1.121658e-01 -1.152206e-01 -1.404935e-01 -1.227251e-01 -3.268803e-02 -2.032759e-01  2.004336e-01  9.369737e+00  2.000000e+00
-5.122395e-01  9.362763e+00  2.553071e-02  2.916589e-03  7.085302e-04  3.552727e-05  1.429717e-05  4.273585e-07  4.317182e-08  3.687562e-09  2.215499e-08 -2.863240e-09  2.352109e-09  2.000000e+00
-1.015351e-01 -1.119294e-01 -1.093204e-01 -1.101516e-01 -1.120234e-01 -1.121591e-01 -1.152030e-01 -1.396209e-01 -1.164333e-01 -2.801237e-02 -1.730690e-01  8.611180e-02 -1.253786e-01  2.000000e+00
-1.015351e-01 -1.119294e-01 -1.093204e-01 -1.101517e-01 -1.120237e-01 -1.121658e-01 -1.152206e-01 -1.404935e-01 -1.227247e-01 -3.268706e-02 -2.032789e-01  2.004112e-01  9.369717e+00  2.000000e+00
-1.015351e-01 -1.119294e-01 -1.093204e-01 -1.101516e-01 -1.120234e-01 -1.121591e-01 -1.152031e-01 -1.396303e-01 -1.165020e-01 -2.676864e-02 -1.723282e-01  8.654845e-02 -1.265968e-01  2.000000e+00
-1.015351e-01 -1.119294e-01 -1.093204e-01 -1.101516e-01 -1.120234e-01 -1.121591e-01 -1.152030e-01 -1.396209e-01 -1.164333e-01 -2.801209e-02 -1.730687e-01  8.611310e-02 -1.253790e-01  2.000000e+00
-1.015351e-01 -1.119294e-01 -1.093204e-01 -1.101516e-01 -1.120234e-01 -1.121591e-01 -1.152030e-01 -1.396209e-01 -1.164335e-01 -2.801202e-02 -1.730686e-01  8.611277e-02 -1.253807e-01  2.000000e+00
-1.015351e-01 -1.119294e-01 -1.093204e-01 -1.101516e-01 -1.120234e-01 -1.121591e-01 -1.152030e-01 -1.396209e-01 -1.164335e-01 -2.801247e-02 -1.730689e-01  8.611393e-02 -1.253812e-01  2.000000e+00
-1.015351e-01 -1.119294e-01 -1.093204e-01 -1.101516e-01 -1.120234e-01 -1.121591e-01 -1.152030e-01 -1.396209e-01 -1.164335e-01 -2.801213e-02 -1.730686e-01  8.611278e-02 -1.253799e-01  2.000000e+00
-1.015351e-01 -1.119294e-01 -1.093204e-01 -1.101516e-01 -1.120234e-01 -1.121591e-01 -1.152030e-01 -1.396209e-01 -1.164334e-01 -2.801223e-02 -1.730686e-01  8.611474e-02 -1.253830e-01  2.000000e+00
-1.015351e-01 -1.119294e-01 -1.093204e-01 -1.101516e-01 -1.120234e-01 -1.121593e-01 -1.152035e-01 -1.396476e-01 -1.166180e-01 -2.813143e-02 -1.738677e-01  8.761697e-02 -1.295016e-01  2.000000e+00
-1.015352e-01 -1.119294e-01 -1.093206e-01 -1.101532e-01 -1.120300e-01 -1.122922e-01 -1.155525e-01 -1.591389e-01  9.374452e+00  1.512784e-02  8.956467e-02 -8.371298e-03  6.587372e-03  2.000000e+00
-1.015351e-01 -1.119294e-01 -1.093204e-01 -1.101516e-01 -1.120234e-01 -1.121591e-01 -1.152030e-01 -1.396209e-01 -1.164334e-01 -2.801237e-02 -1.730691e-01  8.611102e-02 -1.253791e-01  2.000000e+00
-1.015351e-01 -1.119294e-01 -1.093204e-01 -1.101516e-01 -1.120234e-01 -1.121591e-01 -1.152030e-01 -1.396209e-01 -1.164335e-01 -2.801246e-02 -1.730692e-01  8.611103e-02 -1.253776e-01  2.000000e+00
-1.020556e-01 -1.126545e-01 -1.131206e-01 -1.461996e-01  9.377749e+00  5.876716e-03  2.292370e-03  6.722514e-05  6.788280e-06  5.798211e-07  3.483486e-06 -4.501800e-07  3.698140e-07  2.000000e+00
-1.015351e-01 -1.119294e-01 -1.093204e-01 -1.101516e-01 -1.120234e-01 -1.121591e-01 -1.152030e-01 -1.396209e-01 -1.164335e-01 -2.801235e-02 -1.730692e-01  8.611070e-02 -1.253779e-01  2.000000e+00
-1.015351e-01 -1.119294e-01 -1.093204e-01 -1.101516e-01 -1.120234e-01 -1.121591e-01 -1.152030e-01 -1.396209e-01 -1.164336e-01 -2.801219e-02 -1.730691e-01  8.611084e-02 -1.253766e-01  2.000000e+00
-1.015351e-01 -1.119294e-01 -1.093204e-01 -1.101516e-01 -1.120234e-01 -1.121591e-01 -1.152030e-01 -1.396209e-01 -1.164334e-01 -2.801210e-02 -1.730687e-01  8.611270e-02 -1.253805e-01  2.000000e+00
-1.015354e-01 -1.119297e-01 -1.093222e-01 -1.101648e-01 -1.120783e-01 -1.132627e-01 -1.181457e-01  8.066653e+00  2.096401e-02  1.844381e-03  1.108798e-02 -1.483452e-03  1.227389e-03  2.000000e+00
-1.015353e-01 -1.119296e-01 -1.093216e-01 -1.101604e-01 -1.120601e-01 -1.128968e-01 -1.171713e-01  5.637330e+00  8.901055e-05 -3.974803e-04 -2.426999e-03  4.918101e-04 -4.305514e-04  2.000000e+00
-1.015354e-01 -1.119298e-01 -1.093226e-01 -1.101680e-01 -1.120916e-01 -1.135260e-01 -1.188347e-01  8.831288e+00  2.099229e-02  1.729243e-03  1.038443e-02 -1.335272e-03  1.096808e-03  2.000000e+00
-1.015351e-01 -1.119294e-01 -1.093204e-01 -1.101516e-01 -1.120234e-01 -1.121591e-01 -1.152030e-01 -1.396209e-01 -1.164334e-01 -2.801246e-02 -1.730689e-01  8.611276e-02 -1.253765e-01  2.000000e+00
-1.015351e-01 -1.119294e-01 -1.093204e-01 -1.101516e-01 -1.120234e-01 -1.121591e-01 -1.152030e-01 -1.396209e-01 -1.164333e-01 -2.801215e-02 -1.730683e-01  8.611168e-02 -1.253782e-01  2.000000e+00
-1.015351e-01 -1.119294e-01 -1.093204e-01 -1.101516e-01 -1.120234e-01 -1.121591e-01 -1.152030e-01 -1.396209e-01 -1.164334e-01 -2.801224e-02 -1.730686e-01  8.611233e-02 -1.253801e-01  2.000000e+00
-1.015351e-01 -1.119294e-01 -1.093204e-01 -1.101516e-01 -1.120234e-01 -1.121591e-01 -1.152030e-01 -1.396209e-01 -1.164334e-01 -2.801234e-02 -1.730690e-01  8.611175e-02 -1.253792e-01  2.000000e+00
-1.015351e-01 -1.119294e-01 -1.093204e-01 -1.101516e-01 -1.120234e-01 -1.121591e-01 -1.152030e-01 -1.396209e-01 -1.164334e-01 -2.801233e-02 -1.730687e-01  8.611122e-02 -1.253816e-01  3.000000e+00
-1.015351e-01 -1.119294e-01 -1.093204e-01 -1.101516e-01 -1.120234e-01 -1.121591e-01 -1.152030e-01 -1.396209e-01 -1.164334e-01 -2.801226e-02 -1.730689e-01  8.611234e-02 -1.253824e-01  3.000000e+00
-1.015351e-01 -1.119294e-01 -1.093205e-01 -1.101522e-01 -1.120257e-01 -1.122055e-01 -1.153247e-01 -1.458638e-01 -1.800471e-01 -5.725508e+00  7.421371e+00 -2.926282e-02  2.101048e-02  3.000000e+00
-1.015351e-01 -1.119294e-01 -1.093204e-01 -1.101516e-01 -1.120234e-01 -1.121591e-01 -1.152030e-01 -1.396209e-01 -1.164335e-01 -2.801236e-02 -1.730686e-01  8.611231e-02 -1.253811e-01  3.000000e+00
-1.015351e-01 -1.119294e-01 -1.093204e-01 -1.101516e-01 -1.120234e-01 -1.121591e-01 -1.152030e-01 -1.396209e-01 -1.164336e-01 -2.801236e-02 -1.730684e-01  8.611358e-02 -1.253815e-01  3.000000e+00
-1.015351e-01 -1.119294e-01 -1.093204e-01 -1.101516e-01 -1.120234e-01 -1.121591e-01 -1.152030e-01 -1.396208e-01 -1.164332e-01 -2.801237e-02 -1.730688e-01  8.611416e-02 -1.253811e-01  3.000000e+00
-1.015351e-01 -1.119294e-01 -1.093204e-01 -1.101516e-01 -1.120234e-01 -1.121591e-01 -1.152030e-01 -1.396209e-01 -1.164333e-01 -2.801239e-02 -1.730691e-01  8.611373e-02 -1.253814e-01  3.000000e+00
-1.015351e-01 -1.119294e-01 -1.093204e-01 -1.101516e-01 -1.120234e-01 -1.121591e-01 -1.152030e-01 -1.396209e-01 -1.164334e-01 -2.801231e-02 -1.730688e-01  8.611567e-02 -1.253802e-01  3.000000e+00
-1.015351e-01 -1.119294e-01 -1.093204e-01 -1.101516e-01 -1.120234e-01 -1.121591e-01 -1.152030e-01 -1.396209e-01 -1.164333e-01 -2.801221e-02 -1.730686e-01  8.611128e-02 -1.253788e-01  3.000000e+00
-1.015351e-01 -1.119294e-01 -1.093204e-01 -1.101516e-01 -1.120234e-01 -1.121591e-01 -1.152030e-01 -1.396209e-01 -1.164334e-01 -2.801228e-02 -1.730692e-01  8.611257e-02 -1.253784e-01  3.000000e+00
-1.015351e-01 -1.119294e-01 -1.093204e-01 -1.101516e-01 -1.120234e-01 -1.121591e-01 -1.152030e-01 -1.396209e-01 -1.164334e-01 -2.801228e-02 -1.730686e-01  8.611176e-02 -1.253794e-01  3.000000e+00
-1.015351e-01 -1.119294e-01 -1.093204e-01 -1.101516e-01 -1.120234e-01 -1.121591e-01 -1.152030e-01 -1.396209e-01 -1.164334e-01 -2.801234e-02 -1.730689e-01  8.611128e-02 -1.253787e-01  3.000000e+00
-1.015351e-01 -1.119294e-01 -1.093204e-01 -1.101516e-01 -1.120234e-01 -1.121591e-01 -1.152030e-01 -1.396209e-01 -1.164335e-01 -2.801238e-02 -1.730695e-01  8.611220e-02 -1.253781e-01  3.000000e+00
-1.015351e-01 -1.119294e-01 -1.093204e-01 -1.101516e-01 -1.120234e-01 -1.121591e-01 -1.152030e-01 -1.396209e-01 -1.164335e-01 -2.801218e-02 -1.730692e-01  8.611314e-02 -1.253793e-01  3.000000e+00
-1.015351e-01 -1.119294e-01 -1.093204e-01 -1.101516e-01 -1.120234e-01 -1.121591e-01 -1.152030e-01 -1.396208e-01 -1.164335e-01 -2.801203e-02 -1.730685e-01  8.611223e-02 -1.253802e-01  3.000000e+00
-1.015351e-01 -1.119294e-01 -1.093204e-01 -1.101516e-01 -1.120234e-01 -1.121591e-01 -1.152030e-01 -1.396209e-01 -1.164334e-01 -2.801223e-02 -1.730687e-01  8.611270e-02 -1.253785e-01  3.000000e+00
-1.015351e-01 -1.119294e-01 -1.093204e-01 -1.101516e-01 -1.120234e-01 -1.121591e-01 -1.152030e-01 -1.396209e-01 -1.164333e-01 -2.801205e-02 -1.730692e-01  8.611256e-02 -1.253793e-01  3.000000e+00
-1.015351e-01 -1.119294e-01 -1.093204e-01 -1.101516e-01 -1.120234e-01 -1.121591e-01 -1.152030e-01 -1.396209e-01 -1.164333e-01 -2.801224e-02 -1.730692e-01  8.611255e-02 -1.253783e-01  3.000000e+00
-1.015351e-01 -1.119294e-01 -1.093204e-01 -1.101516e-01 -1.120234e-01 -1.121591e-01 -1.152030e-01 -1.396209e-01 -1.164334e-01 -2.801222e-02 -1.730689e-01  8.611282e-02 -1.253807e-01  3.000000e+00
-1.015351e-01 -1.119294e-01 -1.093204e-01 -1.101516e-01 -1.120234e-01 -1.121591e-01 -1.152030e-01 -1.396209e-01 -1.164334e-01 -2.801231e-02 -1.730686e-01  8.611438e-02 -1.253821e-01  3.000000e+00
-1.015351e-01 -1.119294e-01 -1.093204e-01 -1.101516e-01 -1.120234e-01 -1.121591e-01 -1.152030e-01 -1.396209e-01 -1.164333e-01 -2.801233e-02 -1.730690e-01  8.611095e-02 -1.253777e-01  3.000000e+00
-1.015351e-01 -1.119294e-01 -1.093204e-01 -1.101516e-01 -1.120234e-01 -1.121591e-01 -1.152030e-01 -1.396209e-01 -1.164334e-01 -2.801238e-02 -1.730689e-01  8.611062e-02 -1.253766e-01  3.000000e+00
-1.015351e-01 -1.119294e-01 -1.093204e-01 -1.101516e-01 -1.120234e-01 -1.121591e-01 -1.152030e-01 -1.396209e-01 -1.164333e-01 -2.801229e-02 -1.730692e-01  8.611340e-02 -1.253799e-01  3.000000e+00
-1.015351e-01 -1.119294e-01 -1.093204e-01 -1.101516e-01 -1.120234e-01 -1.121591e-01 -1.152030e-01 -1.396209e-01 -1.164332e-01 -2.801232e-02 -1.730691e-01  8.611013e-02 -1.253767e-01  3.000000e+00
-1.015351e-01 -1.119294e-01 -1.093204e-01 -1.101516e-01 -1.120234e-01 -1.121591e-01 -1.152030e-01 -1.396209e-01 -1.164332e-01 -2.801224e-02 -1.730690e-01  8.611046e-02 -1.253779e-01  3.000000e+00
-1.015351e-01 -1.119294e-01 -1.093204e-01 -1.101516e-01 -1.120234e-01 -1.121591e-01 -1.152030e-01 -1.396209e-01 -1.164332e-01 -2.801227e-02 -1.730692e-01  8.611000e-02 -1.253770e-01  3.000000e+00
-1.015351e-01 -1.119294e-01 -1.093204e-01 -1.101516e-01 -1.120234e-01 -1.121591e-01 -1.152030e-01 -1.396209e-01 -1.164332e-01 -2.801221e-02 -1.730685e-01  8.611135e-02 -1.253801e-01  3.000000e+00
-1.015351e-01 -1.119294e-01 -1.093204e-01 -1.101516e-01 -1.120234e-01 -1.121591e-01 -1.152030e-01 -1.396208e-01 -1.164332e-01 -2.801224e-02 -1.730688e-01  8.611235e-02 -1.253801e-01  3.000000e+00
-1.015351e-01 -1.119294e-01 -1.093204e-01 -1.101516e-01 -1.120234e-01 -1.121591e-01 -1.152030e-01 -1.396209e-01 -1.164333e-01 -2.801215e-02 -1.730685e-01  8.611135e-02 -1.253797e-01  3.000000e+00
-1.015351e-01 -1.119294e-01 -1.093204e-01 -1.101516e-01 -1.120234e-01 -1.121591e-01 -1.152030e-01 -1.396209e-01 -1.164333e-01 -2.801217e-02 -1.730693e-01  8.611307e-02 -1.253784e-01  3.000000e+00
 9.366944e+00  4.058158e-01  1.931752e-02  2.300793e-03  5.612607e-04  2.817781e-05  1.134001e-05  3.389740e-07  3.424301e-08  2.924821e-09  1.757273e-08 -2.270956e-09  1.865538e-09  3.000000e+00
-1.015351e-01 -1.119294e-01 -1.093204e-01 -1.101516e-01 -1.120234e-01 -1.121591e-01 -1.152031e-01 -1.396291e-01 -1.164913e-01 -2.753114e-02 -1.729010e-01  8.653322e-02 -1.265294e-01  3.000000e+00
-1.015351e-01 -1.119294e-01 -1.093204e-01 -1.101516e-01 -1.120234e-01 -1.121591e-01 -1.152030e-01 -1.396209e-01 -1.164335e-01 -2.801219e-02 -1.730690e-01  8.611175e-02 -1.253827e-01  3.000000e+00
-1.015351e-01 -1.119294e-01 -1.093204e-01 -1.101516e-01 -1.120234e-01 -1.121591e-01 -1.152031e-01 -1.396286e-01 -1.164868e-01 -2.804607e-02 -1.732982e-01  8.654240e-02 -1.265434e-01  3.000000e+00
-1.015351e-01 -1.119294e-01 -1.093204e-01 -1.101516e-01 -1.120234e-01 -1.121591e-01 -1.152030e-01 -1.396209e-01 -1.164334e-01 -2.801258e-02 -1.730693e-01  8.610871e-02 -1.253768e-01  3.000000e+00
 9.366944e+00  4.058158e-01  1.931752e-02  2.300793e-03  5.612607e-04  2.817781e-05  1.134000e-05  3.389740e-07  3.424289e-08  2.924874e-09  1.757278e-08 -2.271019e-09  1.865463e-09  3.000000e+00
-1.015351e-01 -1.119294e-01 -1.093204e-01 -1.101516e-01 -1.120234e-01 -1.121591e-01 -1.152030e-01 -1.396209e-01 -1.164335e-01 -2.801213e-02 -1.730688e-01  8.611181e-02 -1.253801e-01  3.000000e+00
-1.015351e-01 -1.119294e-01 -1.093204e-01 -1.101516e-01 -1.120234e-01 -1.121591e-01 -1.152030e-01 -1.396209e-01 -1.164334e-01 -2.801209e-02 -1.730685e-01  8.611045e-02 -1.253769e-01  3.000000e+00
-1.015612e-01 -1.119657e-01 -1.095058e-01 -1.115372e-01 -1.180417e-01  9.377283e+00  7.280352e-02  1.346502e-03  1.348805e-04  1.151241e-05  6.916565e-05 -8.936165e-06  7.340624e-06  3.000000e+00
-1.015351e-01 -1.119294e-01 -1.093204e-01 -1.101516e-01 -1.120234e-01 -1.121591e-01 -1.152030e-01 -1.396209e-01 -1.164334e-01 -2.801212e-02 -1.730686e-01  8.611134e-02 -1.253772e-01  3.000000e+00
-1.015351e-01 -1.119294e-01 -1.093204e-01 -1.101516e-01 -1.120234e-01 -1.121591e-01 -1.152030e-01 -1.396209e-01 -1.164333e-01 -2.801203e-02 -1.730688e-01  8.611277e-02 -1.253805e-01  3.000000e+00
-1.015351e-01 -1.119294e-01 -1.093204e-01 -1.101516e-01 -1.120234e-01 -1.121591e-01 -1.152030e-01 -1.396209e-01 -1.164333e-01 -2.801205e-02 -1.730687e-01  8.611171e-02 -1.253798e-01  3.000000e+00
-1.015351e-01 -1.119294e-01 -1.093204e-01 -1.101516e-01 -1.120234e-01 -1.121591e-01 -1.152030e-01 -1.396209e-01 -1.164333e-01 -2.801218e-02 -1.730687e-01  8.611267e-02 -1.253799e-01  3.000000e+00
-1.015351e-01 -1.119294e-01 -1.093204e-01 -1.101516e-01 -1.120234e-01 -1.121591e-01 -1.152030e-01 -1.396209e-01 -1.164333e-01 -2.801239e-02 -1.730688e-01  8.611326e-02 -1.253814e-01  3.000000e+00
-1.015612e-01 -1.119657e-01 -1.095058e-01 -1.115372e-01 -1.180417e-01  9.377283e+00  7.280352e-02  1.346502e-03  1.348811e-04  1.151240e-05  6.916604e-05 -8.936131e-06  7.340471e-06  3.000000e+00
-1.015351e-01 -1.119294e-01 -1.093204e-01 -1.101516e-01 -1.120234e-01 -1.121592e-01 -1.152033e-01 -1.396386e-01 -1.165552e-01 -2.809099e-02 -1.735960e-01  8.710994e-02 -1.280605e-01  3.000000e+00
-1.015351e-01 -1.119294e-01 -1.093204e-01 -1.101516e-01 -1.120234e-01 -1.121592e-01 -1.152033e-01 -1.396386e-01 -1.165552e-01 -2.809102e-02 -1.735964e-01  8.710436e-02 -1.280722e-01  3.000000e+00
-1.015351e-01 -1.119294e-01 -1.093205e-01 -1.101522e-01 -1.120257e-01 -1.122055e-01 -1.153247e-01 -1.458638e-01 -1.800475e-01 -5.725523e+00  7.421375e+00 -2.926200e-02  2.100158e-02  3.000000e+00
