-7.544878e-02  0.000000e+00  0.000000e+00 -7.630812e-01  3.570613e-13  0.000000e+00  0.000000e+00  0.000000e+00  0.000000e+00  0.000000e+00 -5.267401e-09  0.000000e+00  0.000000e+00  1.000000e+00
-7.544878e-02  1.766466e-01 -1.111963e-01  1.250686e+01  3.632394e-01 -1.493986e-01 -2.900062e-01 -2.464449e-02 -1.742496e-01 -3.576549e-02  1.379996e-01  2.268730e-01  2.164839e-01  1.000000e+00
-7.544890e-02  1.029427e-01 -8.292467e-03  2.176850e-01 -1.478169e+00 -2.729406e-01 -2.747917e-01 -2.025555e-01 -5.638394e-01 -3.282857e-01  1.209274e-01 -2.086492e-01  4.462529e-01  1.000000e+00
-7.544846e-02  6.804488e-02 -1.733143e-01  1.054320e-01 -3.427060e-01 -2.637289e-01 -2.028618e-01  3.972073e-02  1.114259e-01  1.271722e-01  1.870622e-01 -3.165280e-02  3.438203e-02  1.000000e+00
-7.544878e-02 -9.052709e-02 -1.613836e-02 -2.111300e+00  2.098479e-01 -1.791613e-01 -3.570842e-01 -3.781810e-01 -1.389294e-01  8.624520e-02  4.240261e-03  3.256813e-03  5.559797e-02  1.000000e+00
-7.544878e-02 -8.855841e-01  6.615862e-01  1.285706e-01 -8.723646e-01  2.588877e-01  1.066642e+00  2.679619e-01  3.004471e-01 -3.315246e-01 -3.836884e-01 -2.260613e-01 -3.777703e-01  1.000000e+00
-7.544878e-02  2.720084e-01 -2.928579e-01  3.908619e-01 -6.791735e-01  4.598828e-01  8.468066e-01 -1.554864e-01 -4.042764e-01  6.109431e-01  3.001183e-01 -7.540122e-01 -1.032692e-01  1.000000e+00
-7.544878e-02 -4.469281e-01  1.349167e-01  3.862820e-01 -5.109738e-01 -1.016659e-01  6.213411e-02  7.140874e-02  1.579968e-02 -4.179304e-01 -7.972736e-01  9.690856e-02 -1.048574e-01  1.000000e+00
-7.544878e-02 -4.025754e-02  4.649961e-01  3.309995e-01  4.928332e-01 -2.894891e-01 -3.935948e-01 -6.150011e-01  3.903042e-01  4.821319e-01 -6.031973e-01 -6.643956e-01 -1.259898e-01  1.000000e+00
-7.544878e-02 -2.785780e-01  2.148454e-01  3.574444e-01 -6.128916e-01 -4.931747e-01  1.569895e-02 -3.218360e-01  8.087764e-02 -1.045359e-01 -1.374628e-01 -1.232734e-01 -3.156220e-01  1.000000e+00
-7.544878e-02  9.973870e-02 -1.954133e-01  3.397430e-01  5.275403e-01  3.362887e-01 -6.059060e-02 -1.947399e-01 -4.257961e-01  5.162503e-02 -3.858211e-01 -1.655827e-01  6.220974e-01  1.000000e+00
-7.544878e-02 -5.087000e-01  1.975749e-01  3.571762e-01  3.498448e-01 -2.273985e-01 -5.971040e-01 -6.626855e-01 -1.009189e+00 -2.132501e-01 -6.562370e-02  5.370022e-01  1.509163e-01  1.000000e+00
-7.544878e-02  5.807837e-02 -5.011419e-02  3.384723e-01 -4.823181e-01 -1.429243e-01 -4.418427e-01  3.678307e-01 -7.818625e-01  5.598268e-02  6.562750e-01  6.048734e-01  1.577205e-01  1.000000e+00
-7.544878e-02 -1.216509e-01  2.022600e-02  2.950144e-01 -2.083391e-01  1.093006e-01  9.481516e-02  3.915806e-02  3.084095e-02 -1.185084e-01 -1.824036e-01  4.132186e-02 -4.918785e-02  1.000000e+00
-7.544878e-02 -1.795732e-01  6.237146e-01  2.508939e-01  2.189917e+00 -8.915840e-01 -8.142546e-01 -7.717004e-01 -9.685791e-01 -1.052673e+00 -3.161710e-01  8.308675e-01 -5.840774e-01  1.000000e+00
-7.544878e-02  5.665727e-01  2.493040e-01  2.993955e-01 -1.528718e+00 -9.530856e-02 -1.088369e+00  1.489613e+00  8.030071e-01  5.937896e-01 -2.886330e+00  5.898780e-01  7.652081e-02  1.000000e+00
-7.544878e-02 -3.136304e-01  2.791300e-01  2.756871e-01  9.336375e-01  1.600667e-01  1.922146e-01 -6.073892e-01 -4.682821e-01 -3.616472e-02  1.013448e+01  2.393741e-01 -1.101046e-01  1.000000e+00
-7.544878e-02 -1.047594e-01  7.172976e-01  2.358241e-01  4.006056e+00 -4.031043e-02 -2.558683e-01 -3.221055e-01 -1.235343e-01 -3.020132e-01 -6.409471e+00  5.512711e-03 -2.431329e-01  1.000000e+00
-7.544878e-02  4.831642e-01  1.108231e+00  2.561014e-01 -5.745642e+00 -1.600325e-01 -2.649915e-01 -3.633631e-01 -8.325887e-01 -1.733283e+00 -1.216042e-01  4.823797e-01 -7.005740e-02  1.000000e+00
-7.544878e-02  1.072977e-01  3.705192e-01  2.332000e-01  9.595623e+00  2.022144e-01  9.584705e-02  2.756117e-01 -1.772528e-01 -2.411393e-01  1.628054e+00 -4.826754e-02 -1.198928e-01  1.000000e+00
-7.544878e-02  3.761552e-01 -2.675524e-02  2.363413e-01 -2.211766e+00  5.846438e-01  1.745154e-01  1.907771e-01 -2.960984e-01  4.611630e-02 -1.345362e+00 -8.495549e-02 -5.436636e-02  1.000000e+00
-7.544878e-02 -2.231085e-01  2.396102e-01  2.118819e-01  1.533818e-01  8.266761e-01 -5.401221e-03  6.857895e-01  6.584778e-01 -9.880287e-03  6.223254e-02  8.400581e-02  2.008149e-01  1.000000e+00
-7.544878e-02 -1.792442e-01 -1.592877e-01  2.011103e-01 -3.508140e-01 -6.077806e-02  3.745265e-01 -4.397247e-03  3.303685e-01  5.609170e-01 -5.335235e-01 -6.149616e-01  1.990934e-01  1.000000e+00
-7.544878e-02 -6.714604e-01 -8.026609e-01  1.715307e-01  1.611634e-01 -1.387604e-01  8.452255e-01 -1.083251e+00 -6.222991e-01  2.427701e-01 -3.294301e-01 -4.341990e-01  1.533889e-01  1.000000e+00
-7.544878e-02 -2.650477e-02  1.010743e-01  6.937329e-02 -8.737595e-02 -5.896971e-01  2.999773e-02 -1.382173e-01  7.279417e-02  2.164484e-01 -4.713796e-01  8.913185e-01  2.448119e-01  1.000000e+00
-7.544878e-02  7.164407e-02 -2.270030e-01  1.056688e-01  1.665539e-01  3.636625e-01  4.178404e-01 -4.106466e-02 -1.037990e-01  5.486149e-03 -2.829964e-01 -4.274921e-01  1.186448e-01  1.000000e+00
-7.544878e-02 -9.588037e-02  2.670536e-01  7.845386e-02 -1.629710e-01  3.701701e-01  2.518603e-01  9.802552e-01  3.797259e-01  4.203216e-01 -2.483918e-01 -7.930940e-01 -5.970152e-01  1.000000e+00
-7.544878e-02 -2.769538e-01 -4.009415e-01  9.169858e-02  3.800748e-01  4.590767e-02  6.632456e-01  6.081508e-01  8.365005e-01  1.274809e-01 -5.173746e-01 -7.264264e-01 -1.166559e-01  1.000000e+00
-7.544878e-02  2.153732e-01 -3.409031e-02  5.492454e-02  3.337127e-01 -6.985063e-01  4.167157e-01  1.548194e-01  6.249756e-01  5.307336e-01 -7.193531e-01  4.029763e-01 -1.954382e-01  1.000000e+00
-7.544878e-02  5.978001e-01 -4.188113e-01  6.146568e-02  4.113166e-01 -3.878530e-01 -7.349040e-01 -3.278308e-02 -8.060440e-01  2.004116e-01  1.243155e-01 -2.810482e-01  5.742154e-02  1.000000e+00
-7.544878e-02 -2.736207e-02  6.229126e-01  6.333234e-02  3.072141e-01 -8.822813e-01 -7.682121e-01  4.670218e-01 -1.894924e-01 -7.493370e-01 -4.321017e-01  5.543243e-01  1.326831e-01  1.000000e+00
-7.544878e-02  2.630378e-02  1.612474e-01  5.772004e-02  3.982384e-02  1.193576e-01 -3.486948e-02  1.049536e+00  6.362896e-01  4.611939e-01 -2.296623e-01  4.484809e-01 -4.979437e-02  1.000000e+00
-7.544878e-02 -7.083320e-02 -4.319936e-01  3.549523e-02  3.096201e-01  3.162087e-01  5.214028e-01  7.297970e-01  8.850836e-01 -3.954685e-01 -5.994868e-01  8.932709e-01 -6.877513e-03  1.000000e+00
-7.544878e-02 -2.539947e-01 -6.558603e-01  1.595760e-02  1.070602e+00 -3.482411e-01  4.585864e-01  1.662794e-01  6.757142e-01 -1.874055e-01 -1.264270e+00 -3.069359e-01 -1.246500e-01  1.000000e+00
-7.544878e-02  2.088102e-01 -1.735048e+00 -5.157964e-02  1.739313e-02 -1.067846e+00  2.022860e+00  1.927618e-02 -6.794488e-01 -8.471157e-01 -4.485184e-01  7.223583e-01  2.563184e-01  1.000000e+00
-7.544878e-02 -1.706180e-01  3.865241e-01 -3.996519e-02  3.244182e-01  5.852800e-02 -1.126803e-01 -1.216764e+00 -1.549533e+00  4.200638e+00 -6.201559e-01  5.620823e-02 -9.659894e-02  1.000000e+00
-7.544878e-02 -1.661606e-01  4.421732e-01 -2.093019e-02 -5.481965e-01 -1.281184e-02 -8.754842e-02 -4.092874e+00 -4.515445e+00  9.839354e+00 -2.655656e-01  1.652454e-01 -1.023891e-01  1.000000e+00
-7.544878e-02 -3.186421e-01 -7.686280e-02 -8.574236e-02 -5.301941e-01 -4.367824e-01 -4.219578e-01  2.584794e+00  2.507983e+00 -4.240014e-01 -1.639516e-01  1.119806e-01  5.075963e-03  1.000000e+00
-7.544878e-02  4.271962e-01 -1.747569e+00 -8.804766e-02  3.109878e-02  7.826468e-01  8.245569e-01  1.380706e+00  4.476951e+00  4.282267e+00  5.015296e-01 -9.024183e-01  6.285187e-01  1.000000e+00
-7.544878e-02  1.523655e-01 -2.750917e-01 -8.339935e-02 -3.185705e-01  1.702634e-01  2.971433e-01 -2.926893e+00 -6.990915e+00 -4.942361e+00 -3.352649e-01 -1.853538e-01  2.066975e-01  1.000000e+00
-7.544878e-02 -4.045496e-02 -2.922189e-01 -1.071030e-01  1.274729e-01  3.440561e-01  4.770361e-01 -2.329466e-01 -1.494716e+00 -1.041986e+00  9.298570e-02 -1.854767e-01 -6.433905e-02  1.000000e+00
-7.544878e-02  4.747563e-02 -1.250507e-01 -1.071033e-01  3.289760e-02 -1.598606e-01  7.075274e-02 -3.716456e+00  2.923024e+00 -4.429863e-01 -2.929146e-01  6.569687e-01 -7.380164e-02  1.000000e+00
-7.544878e-02  4.875514e-02  7.244361e-01 -8.103730e-02 -2.008653e-01 -2.755858e-01 -6.989793e-01 -9.019725e+00  5.615399e+00 -1.698001e+00 -8.957883e-02  8.607029e-02 -1.820962e-01  1.000000e+00
-7.544878e-02 -1.205313e-02  1.470681e+00 -1.034360e-01 -1.053452e-01  5.346467e-01 -1.239619e+00 -1.974026e+00  1.755771e+00 -7.386522e-01  6.064544e-01 -7.330008e-01  1.871702e-02  1.000000e+00
-7.544878e-02  1.250774e-01  6.185542e-02 -8.067704e-02 -1.336717e-01 -1.138353e-01  1.390176e-01 -1.372848e+00  8.776675e-01 -2.680063e-01 -1.166745e-01  2.566694e-01 -4.577738e-02  1.000000e+00
-7.544878e-02  1.769452e-01  1.832339e-01 -1.108687e-01  1.443240e-01 -7.933263e-01  2.697184e-02 -1.076813e+00 -5.801344e-01 -4.992911e-01 -3.885113e-02  4.631176e-01  8.756713e-02  1.000000e+00
-7.544878e-02  4.705007e-01  9.978609e-01 -1.415861e-01 -2.314892e-01  4.058169e-02 -9.170267e-01  2.825366e-01  4.415715e-01  3.041124e-01  1.816790e-01  5.229209e-01  2.460090e-01  1.000000e+00
-7.544878e-02 -1.599214e-02  1.140807e+00 -1.535046e-01 -1.890026e-01 -5.173169e-01 -7.015202e-01  1.701765e+00 -7.344082e-01  3.324669e-01 -3.005211e-03 -2.122279e-01 -1.330669e-01  1.000000e+00
-7.544878e-02  7.194865e-02  2.214892e-01 -1.145272e-01  5.025941e-02  7.394781e-01  1.152145e+00  6.984383e-02 -5.382785e-01 -2.797006e-01  6.901304e-03 -5.883962e-01  2.753848e-01  1.000000e+00
-7.544878e-02 -3.103077e-02 -5.462886e-01 -1.668134e-01 -1.150757e-01  3.705982e-01  1.014052e+00 -2.542778e+00 -1.846975e+00 -6.707511e-01 -1.709912e-01 -2.874627e-01 -9.762346e-03  1.000000e+00
-7.544878e-02 -7.754427e-02  4.664077e-01 -1.610681e-01 -4.571118e-01  5.702944e-01 -9.234614e-01  3.356227e-01  8.661143e-02  6.613333e-02  7.309717e-01  3.268407e-01 -2.164732e-01  1.000000e+00
-7.544878e-02  1.417662e-01  2.691180e-01 -1.610678e-01  3.093742e-01  7.093351e-01 -8.735492e-01 -2.911741e-01 -9.833203e-02 -1.621077e-01  1.491574e-02 -2.203710e+00  1.971185e-01  1.000000e+00
-7.544878e-02  4.655144e-02  1.385010e-01 -1.604999e-01 -2.287070e-01  2.488219e-01  1.641826e-01  1.276210e-01 -9.200285e-02 -3.781590e-02  1.687233e-01 -9.131631e-02 -1.017694e-01  1.000000e+00
-7.544878e-02  9.824080e-02  5.888716e-01 -2.211265e-01  2.142068e-01  8.563474e-01  3.539147e-01 -1.603245e-01 -4.779254e-01 -1.917810e-02 -1.225580e+00 -9.311947e-01 -4.439923e-02  1.000000e+00
-7.544878e-02  1.015790e-02  3.561413e-01 -2.466642e-01  4.098782e-01 -4.018589e-01  8.619602e-02  1.935386e-01  3.942378e-02  1.332655e-01 -3.754051e-01  3.160213e-01  2.086834e-01  1.000000e+00
-7.544878e-02  1.126943e-01  5.634107e-01 -2.455127e-01  9.697162e-02  3.358096e-01 -2.366274e-01 -5.870341e-02 -1.988931e-01  6.173903e-02 -3.748366e-01 -1.079563e-01 -3.103301e-01  1.000000e+00
-7.544878e-02  1.097081e-01 -4.174792e-01 -2.552145e-01 -7.937892e-02 -7.468831e-01  8.275614e-01  1.950195e-01 -7.211767e-02 -9.830342e-03  1.623251e-01  3.025695e-01 -4.244394e-01  1.000000e+00
-7.544878e-02  4.838747e-02 -8.332425e-01 -2.719343e-01 -2.364213e-01 -3.094372e-01  1.481981e+00  1.177439e-01  2.206532e-01  7.351597e-02  2.637429e-01  4.714171e-01 -1.101718e-01  1.000000e+00
-7.544878e-02  2.033194e-02  1.077425e+00 -2.675429e-01  2.653980e-01  3.565841e-01 -3.111801e-02 -1.873997e-01 -1.056930e+00 -1.115684e-01 -4.517638e-01 -5.087402e-02  1.215408e-01  1.000000e+00
-7.544878e-02 -9.141534e-01 -1.625159e+00 -3.154816e-01 -2.594447e-01  1.872032e-02  1.919662e+00 -2.001275e-01 -3.340876e-01 -2.109012e-01  1.495833e-01 -1.668849e-01  6.236240e-01  2.000000e+00
-7.544878e-02 -4.692317e-02 -1.003288e+01 -3.825595e-01  1.260746e-01  2.249090e-02 -1.204330e+00  1.046411e-01 -8.212985e-02 -1.942974e-02  1.630653e-01  3.215719e-02 -1.246280e-01  2.000000e+00
-7.544879e-02  3.286142e-02 -4.448250e+00 -2.958268e-01 -3.238037e-02  2.958103e-01 -9.206191e+00 -5.323047e-01 -4.717494e-01 -4.040012e-01 -7.256396e-02  2.199809e-04  8.157689e-02  2.000000e+00
-7.544878e-02 -5.102482e-01 -5.947831e-01 -4.033661e-01  9.465050e-02 -3.373084e-01 -3.246569e+00 -1.396170e-02 -6.408184e-02 -6.880211e-02  6.382802e-02  2.565411e-01  7.096796e-02  2.000000e+00
-7.544878e-02  4.007643e-01  2.541716e-01 -4.078000e-01 -1.487981e-01  9.283520e-02  5.853489e-01  1.226388e-01  1.834298e-01 -4.687830e-02  1.849226e-02  8.860235e-02  1.575340e-01  2.000000e+00
-7.544878e-02 -7.203873e-02  3.068447e-01 -4.008427e-01 -2.908504e-01  3.478496e-01 -3.156688e-01  2.104235e-02  3.637097e-01  4.634150e-01  1.509991e-01 -1.492747e-01 -1.309370e-01  2.000000e+00
-7.544879e-02  1.723583e-02 -2.502779e-01 -3.792920e-01  2.842977e-01 -1.541701e-02  8.721161e-01 -6.576415e-01  2.720867e-02 -3.845371e-01 -7.001090e-02  1.154661e+00  3.097998e-01  2.000000e+00
-7.544878e-02 -5.800124e-02  4.043330e-02 -4.367095e-01  3.444437e-02  1.392230e-01  1.913909e-01  1.183175e+00 -3.226530e-01  3.504297e-01  1.805461e-01 -1.965914e-01 -5.604012e-02  2.000000e+00
-7.544878e-02 -2.862048e-01  4.167321e-01 -4.511670e-01  2.204643e-01 -3.477919e-01 -1.855715e-01  2.264586e-01  2.567379e-01 -6.481912e-02  3.513973e-02  2.429633e-02  2.492858e-01  2.000000e+00
-7.544878e-02 -2.287582e-01  3.844779e+00 -4.423790e-01  3.691219e-01 -8.310553e-01 -4.950986e+00  1.563128e+00 -1.504587e+00  3.629676e-01  4.001018e-02 -2.497148e-01  2.401390e-01  2.000000e+00
-7.544878e-02  9.871048e-02  8.428848e-02 -3.967806e-01 -1.155815e-02  3.231421e-01  2.745670e-01 -1.774085e-01 -2.038563e-01 -1.780834e-01  1.433974e-01  3.261366e-01  1.768246e-01  2.000000e+00
-7.544878e-02  1.263874e-01  6.757515e-02 -4.363149e-01  3.724396e-01  1.614311e-01  2.389742e-01  2.842691e-01 -3.578058e-01 -1.067472e-01  8.044696e-02  5.297515e-04 -1.078709e-01  2.000000e+00
-7.544878e-02 -3.277030e-01  5.017054e-02 -4.278710e-01  1.351982e-01 -7.119978e-02  2.447814e-01 -6.427673e-02 -3.453229e-01 -1.041052e-01 -1.027871e-01  1.256914e-01 -4.547465e-02  2.000000e+00
-7.544878e-02  3.138882e+00 -5.195029e-01 -4.424528e-01  7.446030e-01  3.786544e-01  2.906165e-01  3.387720e-01 -3.718384e-01  4.400255e-02 -1.769776e-02 -8.199132e-01  5.091766e-02  2.000000e+00
-7.544878e-02  1.091508e+01  2.695552e-01 -4.881613e-01  2.267399e-01 -9.080564e-02  9.667330e-03  2.102065e-02 -9.907660e-02 -5.333067e-02  2.719037e-01 -4.156111e-02 -1.041139e-01  2.000000e+00
-7.544878e-02 -5.332241e+00  7.568614e-01 -4.357612e-01  1.603792e-01  5.343534e-01 -8.864526e-01  1.500742e-01  6.962091e-02 -4.618625e-02 -2.903665e-02 -5.793947e-01  1.595105e-01  2.000000e+00
-7.544878e-02 -1.178536e+00 -3.177838e-01 -4.351890e-01 -4.242873e-02 -2.923912e-01  4.248238e-01 -5.188678e-01 -6.922584e-01 -2.766720e-01  2.887699e-01  8.520145e-02 -2.011712e-02  2.000000e+00
-7.544878e-02  6.454284e-01  3.095233e-01 -4.346056e-01  4.507599e-01  3.111618e+00  2.983970e-01 -4.288336e-01 -8.739374e-02 -3.524176e-01 -6.610697e-02 -3.644898e-01 -5.939489e-01  2.000000e+00
-7.544878e-02  2.366687e-01  4.271938e-01 -4.025153e-01  1.224646e-01 -9.495810e-02 -2.571532e-01 -2.383745e-02  2.155091e-02  4.692698e-03 -6.797796e-02 -5.355372e-01 -5.400791e-01  2.000000e+00
-7.544878e-02  2.117482e-02  1.113080e-01 -3.890695e-01 -1.991616e-02 -6.405739e+00  9.886502e-02  3.662321e-01 -1.121801e-01  3.754181e-02  2.349139e-01 -1.596033e+00 -2.730670e-02  2.000000e+00
-7.544878e-02 -4.462939e-02  9.085906e-02 -4.284210e-01  2.455757e-01 -9.373111e+00  2.056224e-01  3.003992e-01  4.791285e-02  5.586088e-02  2.859111e-01 -8.341585e-02 -3.756202e-02  2.000000e+00
 1.330404e+01  7.126547e-10  4.650816e-10 -4.008649e-09 -3.586167e-09  1.913819e-09 -1.952112e-09 -4.171136e-09 -9.295896e-09 -4.777580e-09 -4.236847e-09 -2.035206e-09  3.205542e-09  2.000000e+00
-7.544878e-02 -4.457775e-01 -1.130229e-01 -3.992981e-01  9.646690e-03  4.830930e-01  9.429419e-02  3.814814e-01 -1.417028e-02  3.102408e-02  8.503209e-02 -4.643017e-01 -1.369967e-02  2.000000e+00
-7.544878e-02 -8.398538e-02  1.749238e-01 -4.371347e-01  1.750521e-01 -4.561595e-04  7.386528e-02 -2.805000e-02 -2.163288e-02  1.043803e-02 -1.776984e-01 -6.615327e-01  1.904328e-01  2.000000e+00
-7.544878e-02  2.483702e-02  7.079813e-02 -3.832414e-01 -2.905220e-01  7.955658e-02  1.950849e-01  1.939496e-01 -1.635105e-01 -6.832025e-02  2.635374e-01  9.652393e-02 -6.155520e-02  2.000000e+00
-7.544878e-02 -3.019522e-01  5.501710e-01 -4.758756e-01 -7.402318e-03  3.529651e-01 -1.249898e-01  6.006138e-01  3.775375e-01  6.875134e-02  7.838416e-02  3.149396e-01 -3.210304e-01  2.000000e+00
-7.544878e-02 -2.158580e-03  2.666173e-01 -3.984620e-01  1.640399e-01  4.362900e-01  8.364809e-02  3.849982e-01 -3.470291e-02 -5.426376e-01  2.978346e-02  1.039152e-01 -3.668130e-02  2.000000e+00
-7.544878e-02 -1.032632e+00 -2.396865e-02 -3.848280e-01  8.675852e-02  1.082602e+00  5.266591e-01  1.195640e+00  5.128718e-01  1.518566e-01  1.528265e-01  5.182894e-01  6.886289e-01  2.000000e+00
-7.544878e-02 -1.215696e-01  2.033160e-01 -4.365519e-01  3.800957e-01  5.874861e-01  2.443071e-01  5.104759e-02 -3.172721e-01 -1.546467e-01 -2.224237e-01  2.303399e-02  2.388555e-02  2.000000e+00
-7.544878e-02  2.279266e-01 -1.878070e-01 -4.359573e-01  4.428744e-02  4.787118e-01 -3.204372e-01  6.729569e-01  1.055730e+00  4.829259e-01  2.998132e-01 -5.969392e-01  2.354059e-01  2.000000e+00
-7.544878e-02  1.418204e-01  2.456080e-01 -4.354279e-01  8.720186e-02  4.387092e-02  1.554997e-01 -2.124521e-01 -1.471939e-01 -3.504205e-01  9.466447e-02 -3.629367e-01  4.030536e-01  2.000000e+00
-7.544878e-02 -2.797464e-02  2.116669e-01 -4.758460e-01  9.124559e-02  1.326393e-01  7.127106e-02  1.159361e-01 -9.185884e-02 -3.676151e-02  1.823120e-01 -1.338062e-01  6.780599e-01  2.000000e+00
-7.544878e-02  2.262517e-02  5.478966e-02 -4.761031e-01  1.339414e-01  1.660501e-01  1.092034e-01  3.178872e-01 -2.383688e-01  2.620703e-02  6.500502e-02 -2.466106e-01 -1.772062e+00  2.000000e+00
-7.544878e-02  1.764776e-01  3.054160e-01 -4.749106e-01  1.518925e-01  9.135099e-02 -1.138808e-01  5.226551e-01 -2.249202e-01  7.217732e-02  3.416797e-01 -2.294512e-01 -1.646834e+00  2.000000e+00
-7.544878e-02 -4.236386e-01 -3.234149e-01 -3.903991e-01 -7.951689e-02  9.604082e-01  6.717929e-01  3.604508e-01 -4.289581e-02 -3.407941e-02 -1.642403e-02  2.889751e+00  3.691421e+00  2.000000e+00
-7.544878e-02 -1.430197e-01  6.339250e-01 -3.826712e-01 -1.167116e-01  7.782652e-01 -2.129736e-01 -6.098591e-02  3.400120e-01 -9.764070e-02  3.213479e-01  7.646512e-01 -5.440170e-01  2.000000e+00
-7.544878e-02  9.870709e-02  1.665501e-01 -3.826736e-01 -8.986660e-02  4.537669e-03  1.227404e-01  5.404641e-01 -1.222637e-02 -2.534178e-01  2.417947e-01 -4.484085e-01  5.771397e-02  2.000000e+00
-7.544878e-02 -4.048679e-01 -1.357157e-01 -3.812189e-01 -4.811924e-01  1.113971e+00  8.020034e-01 -1.822307e-01  1.811254e-02 -1.639859e-01 -9.657949e-01  2.803785e-01 -2.890261e-01  2.000000e+00
-2.505487e-02  1.357716e-09 -1.899853e-09 -3.804215e-08 -1.336548e-08 -3.917243e-09 -4.632250e-09 -6.214564e-09 -4.590886e-09 -4.520035e-10 -6.411658e-11 -2.921861e-09  3.349301e-09  2.000000e+00
-7.544878e-02 -2.088709e-01  4.747591e-02 -3.958586e-01 -4.034654e-02  2.433604e-02  3.875241e-01  4.927631e-02 -1.780669e-01 -1.073149e-01  2.996593e-01 -5.288446e-01  7.948421e-02  2.000000e+00
-7.544878e-02 -4.693507e-01  1.091641e-01 -4.353864e-01  2.104167e-01  7.690311e-01  4.072041e-01  3.944935e-02 -6.541003e-01 -2.938708e-01  1.829166e-01 -1.274061e+00 -3.982799e-01  2.000000e+00
-7.544878e-02  2.297140e-01  7.119695e-01 -4.348445e-01 -5.356808e-02 -1.089688e+00 -3.646853e-01 -4.746224e-02 -6.034140e-03 -1.922936e-01  9.159758e-02  3.177659e-02  3.429244e-01  2.000000e+00
-7.544878e-02 -2.765574e+00 -5.300704e-01 -4.525719e-01 -3.067155e-02 -1.290370e+00  1.223983e+00  2.060741e-01 -1.233913e-01 -1.786632e-01  4.007816e-01 -1.468407e-01 -5.989773e-01  2.000000e+00
-7.544878e-02  1.189080e-01  4.724063e-01 -4.940468e-01 -1.056276e-01  3.165507e-01 -6.081544e-02  2.558998e-03 -1.126477e-02 -5.083088e-02  2.483653e-01  5.652277e-01  5.608518e-01  2.000000e+00
-7.544878e-02  4.558553e-03  7.466699e-01 -4.370672e-01 -2.323782e-01  5.834639e-01 -6.242913e-01  3.383064e-01 -2.372208e-01  3.327253e-01  4.735412e-01  5.529965e+00  4.143857e-01  2.000000e+00
-7.544878e-02 -9.715905e-01  4.421719e-01 -4.689081e-01 -1.532555e-02  5.881806e-01  2.737030e-01 -4.284188e-01  4.138261e-01  6.684098e-03 -4.587968e-02  2.125702e-01 -1.858134e-01  2.000000e+00
-7.544878e-02  1.682409e-01 -4.395439e-01 -3.785339e-01  1.640766e-01  4.209980e-01  5.732633e-01  2.914119e-01 -5.514784e-01 -2.745668e-01  3.363348e-01 -2.802208e-01  1.299118e-01  2.000000e+00
-7.544878e-02  1.740876e-01  3.298395e-01 -4.046521e-01  4.887260e-01  3.549804e-01 -1.488261e-01  6.557992e-01  2.369404e-01  2.101918e-01 -5.874353e-01  1.486734e+00  2.393112e-01  2.000000e+00
-7.544878e-02  2.061172e-01 -3.519342e-02 -4.007779e-01 -1.626622e-01  2.461084e-01  9.876378e-02  2.489823e-01 -1.267709e-01 -1.031175e-01 -4.429289e-02  5.392484e-01 -2.577973e-03  2.000000e+00
-7.544878e-02  1.895429e-01  3.147625e-01 -3.478559e-01  1.157144e-01 -3.498346e-01 -1.590781e-01  2.202270e-01  2.257321e-01  1.798209e-02 -2.034898e-01  2.718291e+00 -2.698534e-02  2.000000e+00
-7.544878e-02  2.939154e-01  3.375890e-01 -3.792218e-01 -1.046180e-01  1.379711e-01 -1.890325e-01  1.170963e+00  2.209336e-01  8.927843e-03  4.197003e-01  5.037381e-01 -2.251294e-01  2.000000e+00
-7.544878e-02  5.475998e-02 -1.889305e-01 -3.333598e-01  4.983950e-01  1.966371e-01  3.364211e-01  2.334284e-01 -1.569058e-01 -3.594469e-02 -1.442214e-01  3.572430e-01  2.626659e-01  2.000000e+00
-7.544878e-02 -7.344426e-02  7.018021e-01 -3.194859e-01  6.095833e-01  3.789212e-01 -2.588578e-01  2.463290e-01  1.973779e-01 -3.087193e-01 -2.605999e-02 -8.215322e-01  3.321266e+00  2.000000e+00
-7.544878e-02  3.924096e-01  7.438099e-02 -3.144108e-01  4.821393e-01 -4.159094e-01  1.099495e+00 -8.059926e-01  7.417463e-01 -4.121289e-01 -3.574630e-02  3.132700e-01  1.138924e+00  2.000000e+00
-7.544878e-02 -3.200447e-02 -1.283871e-01 -3.053691e-01 -1.061472e-01 -2.683141e-01  4.774264e-01  1.524460e-02 -1.467530e-01 -7.778229e-03  3.238182e-02 -1.871953e+00  7.655894e+00  2.000000e+00
-7.544878e-02 -2.298283e-01  4.134204e-03 -2.636282e-01 -4.119175e-01  2.116895e-01  2.506751e-01  1.200028e-01  2.363826e-02 -7.808324e-02  5.270598e-02  3.533367e-01 -8.128798e+00  2.000000e+00
-7.544878e-02 -1.816043e-01 -3.985913e-01 -2.393873e-01 -6.413214e-02  1.021564e+00  4.620303e-01  7.091450e-01 -2.078947e-01 -8.986595e-02  2.024803e-01  1.834246e-02 -1.893070e-01  2.000000e+00
-7.544878e-02 -1.076398e-01 -1.544030e-01 -2.492647e-01 -3.247239e-01  3.158506e-01  2.419754e-01  3.215857e-01 -1.482413e-02 -1.069317e-02  1.148744e-01 -1.889622e+00 -1.200312e-01  2.000000e+00
-7.544878e-02 -2.703340e-02  1.385041e-01 -2.637888e-01 -9.064358e-02  5.778227e-02  5.824139e-02  4.957546e-02 -5.155116e-02 -6.132098e-02  2.543791e-01 -2.806106e+00 -2.133367e-01  2.000000e+00
-7.544878e-02  7.910472e-02  4.203864e-01 -2.130386e-01 -1.125181e-01  2.134475e-01 -4.691283e-01  3.737757e-01 -1.502563e-01 -4.091737e-02  2.259341e-01 -1.222440e-01  4.774944e-02  2.000000e+00
-7.544878e-02  2.715130e-01  1.675997e-01 -2.201000e-01 -2.805311e-01 -2.078169e-01  4.076903e-01  4.354781e-01  6.148934e-01 -4.163208e-01  4.535979e-01 -3.084415e+00 -5.561484e-01  2.000000e+00
-7.544878e-02 -2.134285e-02  1.322114e+00 -2.163750e-01 -1.991793e-01 -1.025800e-01 -1.442323e+00 -3.913638e-01  1.016609e+00  2.726332e-01  1.020166e+00 -3.113525e-01  3.678517e-01  2.000000e+00
-7.544878e-02  3.111856e-01 -2.107961e+00 -1.877157e-01  6.599898e-02 -3.559680e-01  3.188154e+00 -2.127479e-01 -7.725359e-01 -2.212606e-02  1.594890e-01  5.747998e-01 -1.926830e-01  2.000000e+00
-7.544878e-02 -3.299304e-01 -4.236181e-01 -1.562087e-01  2.570943e-01  2.308738e-01  6.814967e-01  7.458653e-01  2.889709e-01 -2.185551e-01 -8.072174e-01  1.387653e-01 -2.448052e-01  2.000000e+00
-7.544878e-02 -1.034346e-01 -2.849005e-02 -1.054962e-01  3.112890e-01  4.512895e-01  1.202812e-01  6.164252e-02 -2.814496e-01  2.843069e-02  1.709373e-01 -7.190571e-01 -3.873600e-01  2.000000e+00
-7.544878e-02 -4.867621e-02  1.826555e-01 -1.153342e-01  9.176438e-02 -5.746055e-02 -5.830649e-01 -3.500991e-02  3.218420e-01  1.340354e-01 -2.903481e-01 -9.328004e-02 -9.669412e-02  2.000000e+00
-7.544878e-02  2.340541e-01  7.024139e-01 -1.036027e-01  9.439896e-02  1.172063e-01 -4.135506e-01  5.943705e-01  5.573435e-01 -4.524680e-01  2.047713e-02  1.566069e+00  1.627616e-01  2.000000e+00
-7.544878e-02  1.335577e-01  2.323771e-01 -1.199824e-01 -7.550281e-02  4.473150e-01 -3.249591e-01  5.469697e-01  2.644758e-01  1.003146e-01 -1.193508e-01  1.973733e+00  3.612664e-02  2.000000e+00
-7.544878e-02 -3.307495e-01 -6.377784e-02 -1.143790e-01  4.800366e-02  4.768643e-01  2.425184e-01 -3.187284e-01 -2.524832e-01 -3.596514e-01 -3.141261e-02  2.839423e+00 -1.081110e-01  2.000000e+00
-7.544878e-02  2.606354e-01 -5.190251e-01 -6.265517e-02  3.802266e-01 -6.664914e-01  6.322988e-01  3.607077e-01  3.435677e-01  2.813095e-01  4.188182e-01  4.613919e+00 -1.375654e+00  2.000000e+00
-7.544878e-02  1.023358e-01  2.162830e-01 -5.798530e-02 -1.988527e-01 -1.646877e-01 -1.138506e-01 -7.705238e-02  3.681962e-01 -3.833894e-02 -1.098100e-01 -3.001215e+00 -2.106357e+00  2.000000e+00
-7.544878e-02  2.789797e-03  1.594308e-01 -4.277877e-02 -6.148167e-02  3.564157e-01  3.911615e-02 -1.239454e-01  7.237546e-02  3.419708e-01 -2.528004e-01 -7.885872e-03  7.762032e-02  3.000000e+00
-7.544878e-02  4.324830e-02  1.143943e-01 -5.701209e-02 -3.845421e-02  1.578290e-02 -3.616130e-02  1.496080e-01 -1.238090e-01 -5.619471e-02 -4.404277e-02  8.478177e-03  2.260100e-01  3.000000e+00
-7.544878e-02  8.690640e-02  1.381498e-01 -4.778548e-02 -1.173271e-02 -4.295282e-02 -2.246845e-02  6.931634e-02  4.211574e-03  4.722299e-02  1.201935e-01 -3.442251e-01  2.520550e-01  3.000000e+00
-7.544878e-02 -1.364407e-01  2.720645e-01 -5.419941e-03 -2.919323e-01  8.490114e-03 -1.711470e-01 -2.756684e-01  8.186856e-01  6.364353e-02 -2.549844e-02  4.363396e-01  2.992840e-01  3.000000e+00
-7.544878e-02  1.236948e-01  1.826395e-01 -2.578734e-02 -3.035746e-02 -1.542436e-01  6.405428e-03  2.890264e-01  2.544614e-01  6.537508e-02  1.106374e-01  2.366269e-01  5.467468e-02  3.000000e+00
-7.544878e-02 -2.896305e-01 -1.169800e-01 -7.813365e-03  2.159303e-02 -3.020649e-01  2.095612e-01  6.951169e-02 -3.894887e-01 -2.032737e-01  2.366491e-02 -1.772583e-01 -1.358956e-01  3.000000e+00
-7.544878e-02 -5.292056e-02  7.298045e-01  2.250912e-02  1.650801e-01  6.347570e-01 -5.304127e-01 -3.269033e-01  4.699374e-01 -1.649876e-01  5.105263e-01  5.092872e-01  3.872321e-01  3.000000e+00
-7.544878e-02 -6.477197e-02  9.933331e-02  5.454715e-02  2.969585e-02  1.254071e-01  9.411128e-02  1.739654e-01  1.786711e-01  5.766997e-02  7.318397e-02 -5.344235e-01 -8.527134e-02  3.000000e+00
-7.544878e-02 -5.654344e-02  2.003090e-01  1.740163e-02 -2.401505e-01  7.603722e-02 -1.494428e-03  9.466901e-02  5.773345e-01  1.632796e-01  2.596451e-01  9.039022e-02  2.425445e-01  3.000000e+00
-7.544878e-02 -2.539352e-01 -4.235551e-02  2.761185e-02  5.112997e-01 -4.195888e-03  2.045987e-01  1.675930e-03  4.067924e-02 -2.947417e-02  3.761007e-02 -2.234194e-01 -2.112395e-01  3.000000e+00
-7.544878e-02  1.674443e-01 -1.896767e-01  3.939264e-02 -1.095762e-01 -6.088941e-01  3.422281e-01 -5.860658e-01 -5.380811e-01 -2.250675e-01 -3.822161e-01  3.706183e-01 -2.289226e-02  3.000000e+00
-7.544878e-02  1.344595e-01  1.628921e-01  4.696157e-02  3.010253e-02  9.774694e-02 -2.002040e-01  2.957722e-01  2.249780e-01  2.626280e-01 -4.653851e-02 -4.163861e-02 -3.980770e-02  3.000000e+00
-7.544878e-02 -1.531715e-01 -1.939341e-01  9.869270e-02  1.287776e-02  1.085341e+00  2.239954e-01  1.425915e-01 -1.563999e-02  3.125318e-02  5.887887e-02 -2.149593e+00 -2.710348e-01  3.000000e+00
-7.544878e-02  1.520128e-01 -1.517596e-01  1.093758e-01 -4.371977e-01  1.341775e-01  2.022442e-01 -1.162075e-02 -1.814689e-02  1.124949e-01 -4.702233e-04  2.483504e-01 -2.550977e-01  3.000000e+00
-7.544878e-02 -5.320527e-02  1.083256e-01  1.375594e-01  2.049513e-01  1.156850e-01  3.747365e-02  2.879776e-01  3.707546e-02 -8.551804e-02  1.150959e-01  1.403329e-01 -3.370522e-01  3.000000e+00
-7.544878e-02 -7.597624e-02 -5.465944e-01  1.464240e-01 -1.927548e-01  2.922576e-01  6.555086e-01 -6.274886e-02  2.647675e-03 -1.593154e-01 -2.768751e-01 -4.010130e-01  6.216958e-02  3.000000e+00
-7.544878e-02 -5.423430e-03 -1.028434e-01  1.827923e-01 -1.618072e-01 -3.726760e-02  1.539233e-01  1.254413e-01  2.247082e-02  3.239159e-02  4.179482e-02 -7.080017e-02  9.939011e-02  3.000000e+00
-7.544878e-02 -6.824572e-02 -1.237492e-01  1.646090e-01 -2.917511e-01 -1.690857e-01  1.005097e-01  3.125001e-01  1.812277e-01 -9.863885e-02 -6.880360e-02  7.137505e-01  2.465185e-01  3.000000e+00
-7.544878e-02 -9.213825e-02 -5.754913e-01  2.013050e-01  5.053865e-01  5.962328e-01  4.050703e-01  3.860902e-01  7.203750e-01  2.756672e-01  5.008469e-01 -1.706331e+00 -6.445590e-02  3.000000e+00
-7.544878e-02  2.523147e-01 -1.376747e-01  1.683149e-01 -2.025608e-01 -1.197665e-01  6.845552e-02  1.670884e-03 -6.068422e-01 -1.106770e-01  1.913995e-01 -4.208157e-02  1.161854e-02  3.000000e+00
-7.544878e-02 -4.556621e-02 -4.061133e-01  1.789092e-01  4.857941e-02  2.286693e+00  4.619370e-01 -4.044251e-01 -7.895828e-01 -8.643331e-01 -2.271389e-01 -8.520297e-01  4.417743e-02  3.000000e+00
-7.544878e-02  2.548479e-02 -8.634283e-02  2.028843e-01 -7.592322e-01 -2.627541e-01  6.833249e-02  2.435797e-01 -1.356890e-01  6.172468e-02 -3.288793e-01 -1.133604e+00 -1.874898e-03  3.000000e+00
-7.544878e-02 -2.930985e-01 -4.485505e-01  2.113976e-01 -2.944747e-01  5.667013e-02  6.310247e-01  4.659565e-01 -3.578787e-01 -2.958157e-01 -2.542557e-01 -7.748985e-02  4.819431e-01  3.000000e+00
-7.544878e-02 -1.007497e-01  4.190724e-01  2.398126e-01 -2.609266e-01  8.645708e-01 -5.085541e-01 -2.686032e-02 -7.108361e-01 -6.769969e-03  6.934240e-01  1.118177e-01 -6.451459e-01  3.000000e+00
-7.544878e-02  1.106791e-01  3.395149e-01  2.497816e-01 -3.881802e-01  1.895430e-01 -4.769959e-01 -2.236148e-02  1.395780e-01  1.520820e-01  4.178294e-01  4.619048e-01  5.825786e-02  3.000000e+00
-7.544878e-02 -2.994548e-03  2.211026e-01  2.705218e-01 -8.930235e-01  1.979000e-01 -9.319503e-02  1.964318e-01 -2.009377e-01 -1.569192e-01  2.046353e-01 -1.415099e-01 -5.088439e-02  3.000000e+00
-7.544878e-02 -1.538526e-02 -2.650365e-01  2.798935e-01 -3.624205e-02  2.150309e-01  4.741078e-01  3.625948e-01 -2.962030e-01 -2.790159e-01 -1.461686e-01  4.462358e-01 -3.841001e-01  3.000000e+00
-7.544878e-02  3.957746e-02  8.275174e-01  2.921741e-01 -1.346456e+00  2.583822e-01 -7.378214e-01  1.292680e+00  4.034911e-01 -1.952505e-01  7.809088e-01 -7.596815e-01  3.257812e-01  3.000000e+00
-7.544878e-02  2.990005e-03  3.790191e-01  3.129821e-01 -7.373373e-01  2.721936e-01 -2.017679e-01  1.877910e-01 -2.043668e-02 -5.057708e-02  1.219231e+00 -2.277241e-02 -4.852792e-02  3.000000e+00
-7.544878e-02 -1.296965e-01 -3.657863e-01  3.493639e-01  4.567484e-01 -3.081359e-01  7.287676e-01  3.194777e-01  7.640666e-01  3.585309e-01 -2.539751e-01  7.332747e-01 -2.155191e-01  3.000000e+00
-7.544878e-02  1.337323e-01 -3.859377e-01  3.723063e-01 -5.274026e-01 -9.799944e-01  4.196361e-01 -4.246656e-02 -1.159726e-01  9.388291e-03  2.623210e-01  7.610553e-02  6.097523e-01  3.000000e+00
-7.544878e-02 -7.367831e-02  2.209524e-02  3.648867e-01 -4.971447e-01 -3.671410e-01 -1.059380e-01  1.003593e-01  3.947706e-01  1.010170e-01 -1.809573e-01 -9.106225e-02  1.132055e-01  3.000000e+00
-7.544878e-02  1.569342e-01  6.259286e-02  3.544191e-01 -6.937215e-01 -9.794767e-02 -4.802895e-02  2.655047e-01  1.534496e-01 -4.377369e-02 -3.962659e-02  8.391378e-01 -4.047704e-02  3.000000e+00
-7.544878e-02 -1.582390e-01  1.135680e-01  3.762534e-01 -9.589826e-02 -1.006897e-01 -4.479656e-02  1.114108e-01  6.888913e-01  8.510956e-02 -2.046159e-01  6.381404e-02 -1.204002e-01  3.000000e+00
-7.544878e-02 -2.386379e-01  5.901239e-02  4.053801e-01 -2.352668e-01 -1.668878e-01 -1.807868e-01  1.601629e-01 -4.076463e-02 -3.916576e-01 -1.613048e-01 -7.143530e-01  4.933346e-02  3.000000e+00
-7.544878e-02  8.022641e-05  2.481684e-02  4.083042e-01 -3.840474e-01  1.004502e-01  2.487868e-02  6.708781e-03  6.004957e-02 -6.238342e-03 -1.217726e-01 -8.457730e-03  6.629469e-04  3.000000e+00
-7.544878e-02 -4.483131e-01 -3.037174e-01  4.323102e-01 -1.773469e-01 -5.147241e-01  3.582940e-01  2.419412e-01  1.420161e-01  2.820383e-01 -1.604117e-01  1.356200e+00 -8.978177e-01  3.000000e+00
-7.544878e-02  7.317355e-03  4.141341e-02  4.364482e-01 -6.170280e-01  1.420929e-01  1.573694e-01  1.114339e+00  5.877666e-01  4.635604e-02  9.978614e-01  5.882466e-01 -4.744224e-01  3.000000e+00
-7.544878e-02  3.037783e-01  7.389300e-01  4.375983e-01 -5.730443e-01  3.492431e-01 -6.011185e-01  2.417366e-01  5.218875e-01  4.769792e-01  1.035495e-01 -2.301622e-01  4.980612e-01  3.000000e+00
-7.544878e-02 -2.727533e-01 -6.103247e-01  4.498055e-01 -2.989285e-01 -3.353400e-01  6.641897e-01  8.102137e-02  1.622542e-01  5.002989e-02 -2.871160e-01  8.929204e-01 -1.166262e-01  3.000000e+00
-7.544878e-02  4.350572e-02 -4.840128e-02  4.626485e-01 -2.130354e-01  3.148354e-01  1.757953e-01  3.088089e-01  2.017513e-01  1.159205e-01 -1.093604e-01 -5.769708e-01 -5.988067e-02  3.000000e+00
-7.544878e-02  3.623136e-03  5.726983e-02  5.049061e-01 -4.476498e-01 -4.603507e-02  8.538119e-02 -4.471469e-03 -9.025684e-02 -6.385843e-02  4.246776e-02 -5.445986e-01  9.949822e-01  3.000000e+00
-7.544878e-02 -3.053657e-01  9.574864e-01  5.096948e-01  1.517185e+00  5.774869e-01 -5.513693e-01  4.763902e-01 -1.945690e-01 -9.130021e-01 -4.442649e-01 -1.695471e-01 -3.975174e-01  3.000000e+00
-7.544878e-02  7.164933e-02 -5.458449e-02  5.361427e-01 -1.474198e-01  1.352155e-01  1.450899e-01  3.191166e-01  2.140506e-01  4.942800e-02 -7.471428e-02 -3.411998e+00 -1.388250e+00  3.000000e+00
-7.544878e-02 -7.170352e-02 -1.390394e-01  5.455740e-01  4.092034e-02 -1.191265e-01  1.159471e-01  3.043740e-01  4.172890e-01  1.260781e-01 -9.714420e-02  5.491849e-01 -2.797224e-02  3.000000e+00
-7.544878e-02  1.742147e-01 -1.963803e-02  5.339944e-01 -3.690084e-01  2.756684e-01  4.275722e-01  4.112065e-01  5.063930e-02 -1.586313e-01  2.352500e-02  1.361239e-01 -2.516369e-01  3.000000e+00
-7.544878e-02  1.225074e-02 -2.994776e-01  5.174653e-01 -6.210523e-01  1.512717e-01  7.907484e-02  2.865742e-01  1.636135e-01 -2.514788e-01  1.710480e-01 -7.758193e-02  1.240803e-01  3.000000e+00
-7.544878e-02 -1.628995e-01 -2.845592e-01  5.484392e-01 -4.875055e-01 -1.160445e+00  3.233705e-01 -4.528642e-01  3.791446e-01 -3.686707e-03 -2.103631e-01 -6.369866e-02  2.112988e-01  3.000000e+00
