-0.467422468  0.240491760 -1.596427562  1.000000000
-0.467453743  0.104513321 -1.485892392  1.000000000
-0.467402054  0.825239009 -1.187392176  1.000000000
-0.467482486 -0.031470797 -1.375341968  1.000000000
-0.467439625  0.689287277 -1.076868131  1.000000000
-0.467503698 -0.045064373 -1.237953456  1.000000000
-0.467508698 -0.167457837 -1.264778505  1.000000000
-0.467425597  0.920454293 -0.885732198  1.000000000
-0.467517380  0.063739700 -1.073721537  1.000000000
-0.467529001 -0.181053442 -1.127383307  1.000000000
-0.467381334  1.273922952 -0.667707695  1.000000000
-0.467518665  0.294947322 -0.882624783  1.000000000
-0.467528532  0.172547988 -0.909471474  1.000000000
-0.467548397 -0.194648737 -0.989979328  1.000000000
-0.467551772 -0.317041969 -1.016803387  1.000000000
-0.467497821  0.648540697 -0.664641226  1.000000000
-0.467572140 -0.575409204 -0.933031670  1.000000000
-0.467589589 -0.466623486 -0.768805983  1.000000000
-0.467456926  1.110850113 -0.282348728  1.000000000
-0.467478147  0.988495680 -0.309211366  1.000000000
-0.467589519  0.009371918 -0.524049054  1.000000000
-0.467596138 -0.113030995 -0.550890659  1.000000000
-0.467606385 -0.602602098 -0.658212991  1.000000000
-0.467449852  1.219608356 -0.118069076  1.000000000
-0.467513514  0.852543305 -0.198645912  1.000000000
-0.467487553  1.083679516 -0.007505363  1.000000000
-0.467577437  0.471797994 -0.141781185  1.000000000
-0.467611898  0.104593283 -0.222335517  1.000000000
-0.467632377 -0.874528125 -0.437025143  1.000000000
-0.467621263 -1.119219614 -0.490654891  1.000000000
-0.467542323  0.825365554  0.076215092  1.000000000
-0.467634086 -0.031402676 -0.111746150  1.000000000
-0.467646317 -0.888117956 -0.299611737  1.000000000
-0.467617536  0.322217290  0.106243065  1.000000000
-0.467629022  0.199815204  0.079391932  1.000000000
-0.467658735 -0.289797551 -0.028002429  1.000000000
-0.467663851 -0.534584498 -0.081688664  1.000000000
-0.467654602 -1.024056680 -0.189025452  1.000000000
-0.467640238 -1.268716737 -0.242670482  1.000000000
-0.467526682  1.042906596  0.404769812  1.000000000
-0.467629668  0.308625583  0.243682391  1.000000000
-0.467674598 -0.792927395  0.002056988  1.000000000
-0.467474838  1.382698783  0.760101504  1.000000000
-0.467548225  1.015714428  0.679615286  1.000000000
-0.467688243 -1.064798648  0.223204123  1.000000000
-0.467557633  1.002115575  0.817033618  1.000000000
-0.467690191 -0.099350061  0.575437920  1.000000000
-0.467691263 -1.200704619  0.333761962  1.000000000
-0.467705298 -0.235334515  0.686012977  1.000000000
-0.467717870 -0.371310701  0.796579324  1.000000000
-0.467722975 -0.616079705  0.742859881  1.000000000
-0.467723092 -0.738453339  0.715998803  1.000000000
-0.467721586 -0.860817597  0.689137289  1.000000000
-0.467670268  0.349463382  1.095109012  1.000000000
-0.467704711 -0.017713570  1.014566496  1.000000000
-0.467725125 -0.996737948  0.799675297  1.000000000
-0.467689141  0.213482370  1.205677487  1.000000000
-0.467725322 -0.276081923  1.098267222  1.000000000
-0.467649824  0.567029485  1.423588863  1.000000000
-0.467666173  0.444655845  1.396758776  1.000000000
-0.467723569 -0.167273990  1.262530336  1.000000000
-0.467735164 -0.412045317  1.208809004  1.000000000
-0.467727517 -0.180854880  1.399926886  1.000000000
-0.467744208 -0.670364863  1.292464224  1.000000000
-0.467744321 -0.792726271  1.265589841  1.000000000
-0.467742147 -0.439191800  1.483587969  1.000000000
 0.268783026 -0.026809807 -5.112473006  2.000000000
 0.268855959  1.566979970 -4.607250536  2.000000000
 0.268582284 -1.381784016 -5.255929021  2.000000000
 0.268840719  2.088155086 -4.338158570  2.000000000
 0.268873429  0.882063319 -4.605569419  2.000000000
 0.268782699  2.742867004 -4.038943186  2.000000000
 0.268685551  3.396895936 -3.739417948  2.000000000
 0.268839752 -0.086165679 -4.512256100  2.000000000
 0.268914948  1.239992279 -4.066211298  2.000000000
 0.268902500  0.569538258 -4.214401452  2.000000000
 0.268635533 -1.441520592 -4.655920303  2.000000000
 0.268908485  1.761429534 -3.797162242  2.000000000
 0.268913649  0.554738850 -4.064209092  2.000000000
 0.268794780 -0.652248163 -4.329762698  2.000000000
 0.268646682 -1.456450519 -4.505832266  2.000000000
 0.268908234  0.271680966 -3.973141689  2.000000000
 0.268701756  3.472165074 -3.109100494  2.000000000
 0.268753420  3.204805511 -3.168848521  2.000000000
 0.268855813  2.535772748 -3.318045506  2.000000000
 0.268793621 -0.816096651 -4.058792157  2.000000000
 0.268928488  1.851283460 -3.316687316  2.000000000
 0.268891171 -0.160394391 -3.761235182  2.000000000
 0.268674931 -1.501228483 -4.055379160  2.000000000
 0.268479503 -2.319727445 -4.080694529  2.000000000
 0.268965968  0.749005857 -3.253563780  2.000000000
 0.268837536 -0.726643864 -3.578571274  2.000000000
 0.268744918 -1.262999295 -3.696223328  2.000000000
 0.268641725  3.814493638 -2.418743059  2.000000000
 0.268805910  3.012453475 -2.597741441  2.000000000
 0.268848404  2.744800628 -2.657353101  2.000000000
 0.268900669  2.343081648 -2.746708984  2.000000000
 0.268571172 -2.096805555 -3.571634444  2.000000000
 0.268704694 -1.575812646 -3.304058168  2.000000000
 0.268788978 -1.188516015 -3.065505287  2.000000000
 0.268504936 -2.394471854 -3.329641876  2.000000000
 0.268772381  3.221274557 -1.936851658  2.000000000
 0.268689588  3.607659413 -1.697175152  2.000000000
 0.268682124 -1.754565721 -2.882366058  2.000000000
 0.268546717 -2.290442080 -2.999752917  2.000000000
 0.268298591 -3.108221679 -3.025014026  2.000000000
 0.268774596  3.177167500 -1.485713705  2.000000000
 0.268343776 -2.989440423 -2.845514343  2.000000000
 0.268658010  3.697210790 -1.216374144  2.000000000
 0.268553412  4.083121742 -0.976854993  2.000000000
 0.268504179 -2.498909239 -2.277237920  2.000000000
 0.268289411 -3.182838310 -2.273515885  2.000000000
 0.268612647  3.771940003 -0.585144238  2.000000000
 0.268238170 -3.331428374 -2.152474216  2.000000000
 0.268461180  4.291142193 -0.316163425  2.000000000
 0.268607321  3.757203422 -0.434742946  2.000000000
 0.268531111  4.009536943 -0.225067669  2.000000000
 0.268665038  3.475189702 -0.343615733  2.000000000
 0.268404802 -2.826202787 -1.734319427  2.000000000
 0.268024268 -3.895516647 -1.968979657  2.000000000
 0.268219687 -3.376092427 -1.701408964  2.000000000
 0.268347640 -2.989763884 -1.462859427  2.000000000
 0.268497687  3.950491413  0.376502474  2.000000000
 0.268631609  3.416087396  0.258213974  2.000000000
 0.268557181  3.668592351  0.467808998  2.000000000
 0.268436435  3.876473610  1.128526229  2.000000000
 0.268654737  2.940734336  0.922000637  2.000000000
 0.268084038 -3.628476030 -0.527683827  2.000000000
 0.267819669 -4.295949817 -0.674961395  2.000000000
 0.268524308  3.460873956  1.190526288  2.000000000
 0.267952386 -3.925200697 -0.285897871  2.000000000
 0.268114716 -3.420322399  0.133049094  2.000000000
 0.268389319  3.668690218  1.851106285  2.000000000
 0.267951554 -3.835969951  0.194753746  2.000000000
 0.267773864 -4.251149296  0.256412485  2.000000000
 0.268448231  3.238028297  2.063747526  2.000000000
 0.267753890 -4.265876139  0.406726256  2.000000000
 0.268036468 -3.479350746  0.734749958  2.000000000
 0.268307450  3.609151257  2.452617031  2.000000000
 0.268443791  2.777177261  2.577297284  2.000000000
 0.268057667 -3.256107353  1.245324903  2.000000000
 0.267774421 -3.953680260  1.397567672  2.000000000
 0.268368107  2.732450608  3.028512328  2.000000000
 0.267798185 -3.834813472  1.577603063  2.000000000
 0.267748398 -3.968346028  1.547874888  2.000000000
 0.268341152  2.717531351  3.178884660  2.000000000
 0.267771296 -3.849475044  1.727914152  2.000000000
 0.268361922  2.434938824  3.270581367  2.000000000
 0.268010280 -3.062079936  2.056776081  2.000000000
 0.267883760 -3.463292863  1.967497977  2.000000000
 0.267743545 -3.864125802  1.878210526  2.000000000
 0.268170782  3.073938536  3.717640324  2.000000000
 0.268264005  2.241367702  3.842604549  2.000000000
 0.267929672 -2.986974385  2.687955228  2.000000000
 0.268038783 -2.466186958  2.957473802  2.000000000
 0.267591867 -3.937213756  2.629434352  2.000000000
 0.268101730  2.746711341  4.260131145  2.000000000
 0.268005819 -2.480866416  3.107802099  2.000000000
 0.268252062  1.526895605  4.146762425  2.000000000
 0.267751100 -3.298389369  3.079117838  2.000000000
 0.268125620 -1.572313249  3.616861816  2.000000000
 0.268213640 -0.514247960  4.004716218  2.000000000
 0.268078718  2.017879250  4.714703430  2.000000000
 0.268187422  0.946109161  4.479925680  2.000000000
 0.268162003  0.663115555  4.571253984  2.000000000
 0.267795087 -2.687994238  3.829225432  2.000000000
 0.268093924  1.184393112  4.839127864  2.000000000
 0.268123826  0.648256442  4.721458405  2.000000000
 0.268066840 -0.960874382  4.366534655  2.000000000
 0.267978174 -1.631152185  4.217914917  2.000000000
 0.267943253  1.824246551  5.285850249  2.000000000
 0.268024758  1.020612628  5.110012126  2.000000000
 0.268043909 -0.185878929  4.844702102  2.000000000
 0.267742567 -2.464154672  4.339371719  2.000000000
 0.267957334  0.722848506  5.351374271  2.000000000
 0.267956031 -0.349533529  5.115360264  2.000000000
 0.267905579 -1.019821462  4.967160601  2.000000000
 0.267814530 -1.436592385  5.028076646  2.000000000
 0.267808360  1.496763111  5.827301558  2.000000000
 0.267883090  0.157069347  5.533619035  2.000000000
 0.267767327  0.931308354  6.009975607  2.000000000
