-0.185149695  0.004153897  0.010146190  1.000000000
-0.190850997  0.004406209  0.010892820  1.000000000
-0.182030223  0.003994067  0.009644416  1.000000000
-0.195303193  0.004603685  0.011477871  1.000000000
-0.190966576  0.004388135  0.010808341  1.000000000
-0.200066943  0.004811136  0.012087207  1.000000000
-0.198429529  0.004742898  0.011891169  1.000000000
-0.185110759  0.004121891  0.010011420  1.000000000
-0.205125665  0.005027706  0.012718100  1.000000000
-0.202735032  0.004930273  0.012441398  1.000000000
-0.168202362  0.003368836  0.007777676  1.000000000
-0.207625647  0.005127759  0.012999823  1.000000000
-0.208775388  0.005182266  0.013166022  1.000000000
-0.206577703  0.005097331  0.012931752  1.000000000
-0.203988635  0.004987199  0.012612122  1.000000000
-0.201893245  0.004862408  0.012199236  1.000000000
-0.199428070  0.004791836  0.012043527  1.000000000
-0.206605634  0.005102255  0.012952077  1.000000000
-0.182745577  0.004005140  0.009650367  1.000000000
-0.189817127  0.004318530  0.010577960  1.000000000
-0.217522817  0.005565369  0.014294530  1.000000000
-0.216796523  0.005537379  0.014217481  1.000000000
-0.204446213  0.005009043  0.012679939  1.000000000
-0.176468189  0.003725690  0.008821639  1.000000000
-0.197774531  0.004669737  0.011615676  1.000000000
-0.185159784  0.004108627  0.009952156  1.000000000
-0.213579337  0.005373307  0.013702656  1.000000000
-0.220236018  0.005677516  0.014615787  1.000000000
-0.195967506  0.004639397  0.011594863  1.000000000
-0.181661555  0.004015975  0.009764166  1.000000000
-0.199340256  0.004736099  0.011808233  1.000000000
-0.221160625  0.005720677  0.014746788  1.000000000
-0.196630675  0.004667055  0.011674602  1.000000000
-0.217399278  0.005542479  0.014203572  1.000000000
-0.219654985  0.005645432  0.014512444  1.000000000
-0.218876251  0.005626587  0.014478435  1.000000000
-0.212666695  0.005360871  0.013705110  1.000000000
-0.189947001  0.004374671  0.010814682  1.000000000
-0.174402944  0.003696495  0.008822026  1.000000000
-0.185103401  0.004103602  0.009934085  1.000000000
-0.216880666  0.005518646  0.014131990  1.000000000
-0.202491184  0.004918850  0.012409379  1.000000000
-0.157982805  0.002906865  0.006398750  1.000000000
-0.182616637  0.003993598  0.009608825  1.000000000
-0.187402761  0.004259022  0.010468927  1.000000000
-0.180658324  0.003907482  0.009354846  1.000000000
-0.215899555  0.005484148  0.014042739  1.000000000
-0.178270563  0.003859167  0.009292195  1.000000000
-0.212581907  0.005341257  0.013625649  1.000000000
-0.207843089  0.005135867  0.013024217  1.000000000
-0.202028780  0.004886993  0.012299881  1.000000000
-0.197812817  0.004704871  0.011767395  1.000000000
-0.192782602  0.004486831  0.011128808  1.000000000
-0.199316348  0.004740747  0.011830354  1.000000000
-0.205891312  0.005039444  0.012724840  1.000000000
-0.183683205  0.004089053  0.009959041  1.000000000
-0.198242656  0.004696827  0.011705444  1.000000000
-0.201501979  0.004853065  0.012184581  1.000000000
-0.182230418  0.003985260  0.009596169  1.000000000
-0.186826857  0.004189787  0.010202798  1.000000000
-0.197412375  0.004670025  0.011640150  1.000000000
-0.195454141  0.004590365  0.011414409  1.000000000
-0.192350273  0.004447716  0.010984845  1.000000000
-0.185127677  0.004142569  0.010102663  1.000000000
-0.181245127  0.003974859  0.009612339  1.000000000
-0.185068150  0.004134016  0.010068878  1.000000000
 0.112846735  0.045800225  0.380232090  2.000000000
 0.111921813 -0.115733364  0.351453221  2.000000000
 0.110143629  0.147707203  0.328432122  2.000000000
 0.111513757 -0.167707001  0.324439280  2.000000000
 0.115299227 -0.049245802  0.383030638  2.000000000
 0.109348993 -0.218484345  0.279574967  2.000000000
 0.105130966 -0.247361083  0.227914859  2.000000000
 0.119404100  0.055420570  0.399018348  2.000000000
 0.118543600 -0.099965980  0.376142189  2.000000000
 0.119935697 -0.020267862  0.397988318  2.000000000
 0.117536387  0.173767290  0.343042965  2.000000000
 0.118312945 -0.162489634  0.348276721  2.000000000
 0.121071689 -0.020305803  0.398686091  2.000000000
 0.121919166  0.116950730  0.389371664  2.000000000
 0.119165626  0.180177003  0.344340339  2.000000000
 0.122550050  0.013531447  0.402165440  2.000000000
 0.109887130 -0.280599201  0.216859917  2.000000000
 0.112648125 -0.276287004  0.238600871  2.000000000
 0.117504394 -0.244153198  0.291043265  2.000000000
 0.124200041  0.138406039  0.383062423  2.000000000
 0.121071804 -0.189277377  0.334783973  2.000000000
 0.124909096  0.066868137  0.398091890  2.000000000
 0.123452066  0.198849441  0.342044207  2.000000000
 0.118414138  0.239919358  0.270336127  2.000000000
 0.124283009 -0.057829313  0.377536165  2.000000000
 0.126963341  0.136269842  0.378109158  2.000000000
 0.126611027  0.189621719  0.352756307  2.000000000
 0.109981446 -0.307385772  0.174247073  2.000000000
 0.118499127 -0.299005149  0.235838933  2.000000000
 0.120235778 -0.285469407  0.255941399  2.000000000
 0.121988267 -0.255729855  0.284894232  2.000000000
 0.124806157  0.253114026  0.281674901  2.000000000
 0.128450037  0.227049138  0.316652653  2.000000000
 0.129394757  0.195051237  0.331785858  2.000000000
 0.124632333  0.275160851  0.244226852  2.000000000
 0.119675534 -0.330285600  0.190423745  2.000000000
 0.116286399 -0.338714563  0.155618982  2.000000000
 0.129953832  0.252311938  0.279732713  2.000000000
 0.127536473  0.283231729  0.238690029  2.000000000
 0.119579779  0.297632850  0.159374466  2.000000000
 0.121290080 -0.343634091  0.163866333  2.000000000
 0.122421232  0.305722076  0.161911713  2.000000000
 0.116358856 -0.350041009  0.122849423  2.000000000
 0.111023535 -0.340439208  0.092888024  2.000000000
 0.129604262  0.314347476  0.170468245  2.000000000
 0.123684366  0.326668794  0.108591157  2.000000000
 0.115836605 -0.358288054  0.077743303  2.000000000
 0.122443354  0.329027794  0.087595319  2.000000000
 0.107594929 -0.334736121  0.048261402  2.000000000
 0.115947429 -0.359944284  0.067252650  2.000000000
 0.112179888 -0.351154009  0.047731132  2.000000000
 0.119027920 -0.365313048  0.065535763  2.000000000
 0.129136637  0.338251199  0.096246132  2.000000000
 0.114580640  0.315716299  0.033642941  2.000000000
 0.123895639  0.341614978  0.050791636  2.000000000
 0.128499776  0.346802694  0.059083656  2.000000000
 0.111749350 -0.351415018  0.006065830  2.000000000
 0.118279447 -0.365339897  0.014598215  2.000000000
 0.115094025 -0.360188478 -0.002021788  2.000000000
 0.109748454 -0.341862192 -0.049001030  2.000000000
 0.118653483 -0.350733456 -0.053806539  2.000000000
 0.122923685  0.354202523 -0.059522020  2.000000000
 0.111797570  0.320129118 -0.067327386  2.000000000
 0.114164035 -0.351292802 -0.064927376  2.000000000
 0.118669218  0.344218227 -0.086641180  2.000000000
 0.124383486  0.354963106 -0.109096828  2.000000000
 0.108249732 -0.328201650 -0.106910415  2.000000000
 0.119431508  0.345765554 -0.120441929  2.000000000
 0.112619318  0.324326406 -0.125104092  2.000000000
 0.111066705 -0.327172932 -0.143463351  2.000000000
 0.112057350  0.321904724 -0.133782328  2.000000000
 0.121800659  0.344352756 -0.158239950  2.000000000
 0.104834924 -0.307303522 -0.147913728  2.000000000
 0.110574780 -0.302964715 -0.208060757  2.000000000
 0.120859818  0.328872743 -0.195756373  2.000000000
 0.112977921  0.315644200 -0.192936267  2.000000000
 0.107861623 -0.285241840 -0.240677403  2.000000000
 0.113422618  0.313265900 -0.204920044  2.000000000
 0.111858991  0.310034395 -0.199415379  2.000000000
 0.106907421 -0.279031302 -0.250260349  2.000000000
 0.112229496  0.307233465 -0.211166862  2.000000000
 0.107496651 -0.267024980 -0.275216409  2.000000000
 0.116260263  0.292236806 -0.248989812  2.000000000
 0.114478804  0.302509871 -0.234074902  2.000000000
 0.110973915  0.300859879 -0.216728680  2.000000000
 0.100230349 -0.258793772 -0.245502505  2.000000000
 0.104338129 -0.238626065 -0.315012200  2.000000000
 0.111301229  0.259147748 -0.278754555  2.000000000
 0.110117410  0.219426543 -0.305846495  2.000000000
 0.103838582  0.264623850 -0.234084704  2.000000000
 0.098261402 -0.232885490 -0.286094872  2.000000000
 0.108826091  0.212829333 -0.310363879  2.000000000
 0.103746115 -0.191217188 -0.368923855  2.000000000
 0.105828262  0.245666624 -0.274750684  2.000000000
 0.104673367  0.116265711 -0.355770930  2.000000000
 0.102269686 -0.003276256 -0.393611132  2.000000000
 0.098559410 -0.197692160 -0.347475946  2.000000000
 0.101729485 -0.142474224 -0.399213795  2.000000000
 0.100936080 -0.118627900 -0.406799960  2.000000000
 0.101471352  0.186281376 -0.312219090  2.000000000
 0.099389098 -0.152203005 -0.393144836  2.000000000
 0.100001003 -0.115780301 -0.407871145  2.000000000
 0.099799786  0.033683961 -0.388827227  2.000000000
 0.100179181  0.098321552 -0.363154566  2.000000000
 0.094344308 -0.169907780 -0.355261177  2.000000000
 0.097421593 -0.135904904 -0.396597591  2.000000000
 0.097907174 -0.044915325 -0.407686897  2.000000000
 0.097079608  0.149173095 -0.321394801  2.000000000
 0.095471690 -0.112359660 -0.399205695  2.000000000
 0.095625685 -0.032819338 -0.400926972  2.000000000
 0.095224031  0.024686101 -0.382782919  2.000000000
 0.093605194  0.055371394 -0.363151089  2.000000000
 0.090294478 -0.139879012 -0.357603089  2.000000000
 0.093318138 -0.071873457 -0.397102270  2.000000000
 0.089478000 -0.110910078 -0.370588690  2.000000000
