-0.1825564266 -0.0328937751 -0.2255157130  1.0000000000
-0.1826022462 -0.0138348070 -0.2097005650  1.0000000000
-0.1825298626 -0.1153363986 -0.1697895259  1.0000000000
-0.1826381842  0.0052318347 -0.1938619528  1.0000000000
-0.1826002450 -0.0963142294 -0.1539956171  1.0000000000
-0.1826741069  0.0070700055 -0.1746042227  1.0000000000
-0.1826642334  0.0243023488 -0.1780030317  1.0000000000
-0.1825573103 -0.1289061262 -0.1277837522  1.0000000000
-0.1827100172 -0.0083302676 -0.1519201912  1.0000000000
-0.1826966041  0.0261432724 -0.1587351813  1.0000000000
-0.1824257461 -0.1786042036 -0.0980624632  1.0000000000
-0.1827268924 -0.0409777297 -0.1257767556  1.0000000000
-0.1827360378 -0.0237367637 -0.1292094573  1.0000000000
-0.1827254240  0.0279836186 -0.1394548653  1.0000000000
-0.1827092043  0.0452155790 -0.1428509775  1.0000000000
-0.1826866851 -0.0908481040 -0.0961340139  1.0000000000
-0.1826830057  0.0814991355 -0.1303359839  1.0000000000
-0.1827336089  0.0661247713 -0.1076631271  1.0000000000
-0.1825505725 -0.1559982786 -0.0436705178  1.0000000000
-0.1826040507 -0.1388191910 -0.0471357356  1.0000000000
-0.1828039876 -0.0009880978 -0.0747146243  1.0000000000
-0.1828004450  0.0162576511 -0.0781375031  1.0000000000
-0.1827228490  0.0851828543 -0.0917555843  1.0000000000
-0.1825053618 -0.1713360800 -0.0209026041  1.0000000000
-0.1826658027 -0.1197965245 -0.0312827636  1.0000000000
-0.1825761885 -0.1523460086 -0.0050539354  1.0000000000
-0.1827803599 -0.0662993291 -0.0223120543  1.0000000000
-0.1828268296 -0.0145666755 -0.0326336980  1.0000000000
-0.1826716356  0.1232550525 -0.0599329524  1.0000000000
-0.1825695024  0.1575853487 -0.0666876764  1.0000000000
-0.1826843206 -0.1161344608  0.0073604550  1.0000000000
-0.1828371123  0.0045159849 -0.0167352089  1.0000000000
-0.1826791028  0.1250874606 -0.0406347739  1.0000000000
-0.1828135997 -0.0453912875  0.0129111157  1.0000000000
-0.1828290895 -0.0281463393  0.0094710200  1.0000000000
-0.1828275933  0.0408385606 -0.0042619377  1.0000000000
-0.1827887754  0.0753032823 -0.0111058056  1.0000000000
-0.1826351008  0.1440894536 -0.0247308141  1.0000000000
-0.1825203238  0.1783758850 -0.0315049958  1.0000000000
-0.1825879580 -0.1468442030  0.0528912897  1.0000000000
-0.1828139631 -0.0435565091  0.0322468413  1.0000000000
-0.1827249549  0.1115525290  0.0013800338  1.0000000000
-0.1823797400 -0.1945891995  0.1017826963  1.0000000000
-0.1825780315 -0.1431622711  0.0915188316  1.0000000000
-0.1826254915  0.1495478261  0.0331546800  1.0000000000
-0.1825677370 -0.1413174844  0.1108276493  1.0000000000
-0.1828211126  0.0136740288  0.0799292508  1.0000000000
-0.1825609492  0.1685040595  0.0490224188  1.0000000000
-0.1828036813  0.0327402341  0.0958131923  1.0000000000
-0.1827763470  0.0517947887  0.1116867677  1.0000000000
-0.1827375315  0.0862346319  0.1047962302  1.0000000000
-0.1827086162  0.1034392538  0.1013507670  1.0000000000
-0.1826733675  0.1206307484  0.0979057625  1.0000000000
-0.1827195826 -0.0497738903  0.1516337191  1.0000000000
-0.1827660074  0.0019197219  0.1413279185  1.0000000000
-0.1826108103  0.1396070920  0.1137458025  1.0000000000
-0.1827168543 -0.0307122673  0.1675052833  1.0000000000
-0.1827406951  0.0382052041  0.1537437672  1.0000000000
-0.1826043409 -0.0805183085  0.1970632443  1.0000000000
-0.1826388119 -0.0633130263  0.1936478099  1.0000000000
-0.1827161429  0.0227985128  0.1764833193  1.0000000000
-0.1827026971  0.0572418652  0.1695849881  1.0000000000
-0.1826844865  0.0246179380  0.1957656179  1.0000000000
-0.1826322466  0.0934588615  0.1819455508  1.0000000000
-0.1826033485  0.1106465035  0.1784812824  1.0000000000
-0.1826358374  0.0608593599  0.2081301887  1.0000000000
 0.1050375204  0.0182392703 -1.6845406740  2.0000000000
 0.1050170491 -0.5104500978 -1.5255060335  2.0000000000
 0.1046023164  0.4660974823 -1.7202846984  2.0000000000
 0.1048892395 -0.6829229641 -1.4380869085  2.0000000000
 0.1052754115 -0.2841439928 -1.5244305821  2.0000000000
 0.1045687019 -0.8981529999 -1.3397206539  2.0000000000
 0.1040993491 -1.1111507977 -1.2403308588  2.0000000000
 0.1054417503  0.0369410755 -1.4908294590  2.0000000000
 0.1054877586 -0.4044133033 -1.3501886291  2.0000000000
 0.1055849874 -0.1815450691 -1.3969347921  2.0000000000
 0.1049921515  0.4860544234 -1.5272256089  2.0000000000
 0.1053932449 -0.5777474571 -1.2629138896  2.0000000000
 0.1056745657 -0.1770018656 -1.3480579621  2.0000000000
 0.1054776302  0.2247190697 -1.4283105576  2.0000000000
 0.1050814303  0.4910293016 -1.4786821258  2.0000000000
 0.1057584264 -0.0830581862 -1.3173831173  2.0000000000
 0.1043166161 -1.1387645357 -1.0357559553  2.0000000000
 0.1045719950 -1.0523130287 -1.0560148363  2.0000000000
 0.1051094327 -0.8341158707 -1.1060877448  2.0000000000
 0.1055953248  0.2789037097 -1.3391685600  2.0000000000
 0.1055807090 -0.6092235430 -1.1060850234  2.0000000000
 0.1058730898  0.0604215058 -1.2462451772  2.0000000000
 0.1053295330  0.5059138321 -1.3324373038  2.0000000000
 0.1047981791  0.7751186411 -1.3321325507  2.0000000000
 0.1060515377 -0.2437112998 -1.0836451294  2.0000000000
 0.1058755948  0.2487499649 -1.1831615377  2.0000000000
 0.1056343253  0.4270195490 -1.2176186206  2.0000000000
 0.1041847789 -1.2518495517 -0.8099619940  2.0000000000
 0.1049869883 -0.9926348290 -0.8699455305  2.0000000000
 0.1052082805 -0.9052303664 -0.8897568307  2.0000000000
 0.1054965966 -0.7733368261 -0.9192675180  2.0000000000
 0.1052318434  0.7024387942 -1.1693431137  2.0000000000
 0.1056769231  0.5305665432 -1.0868548788  2.0000000000
 0.1059618250  0.4019681291 -1.0117291803  2.0000000000
 0.1051277123  0.8003002031 -1.0874113522  2.0000000000
 0.1049851583 -1.0630644115 -0.6529589383  2.0000000000
 0.1046268352 -1.1886554820 -0.5741349832  2.0000000000
 0.1057585488  0.5896399831 -0.9471007583  2.0000000000
 0.1053524176  0.7663346138 -0.9807198813  2.0000000000
 0.1046185156  1.0331878844 -0.9802810486  2.0000000000
 0.1051323043 -1.0503899090 -0.5044903848  2.0000000000
 0.1048092858  0.9948318146 -0.9231045831  2.0000000000
 0.1046150579 -1.2191241806 -0.4162210935  2.0000000000
 0.1041741378 -1.3431619611 -0.3378976551  2.0000000000
 0.1054496670  0.8348754753 -0.7417765890  2.0000000000
 0.1048143726  1.0579459920 -0.7341131200  2.0000000000
 0.1045963363 -1.2449698307 -0.2086497968  2.0000000000
 0.1046927353  1.1060824949 -0.6930137966  2.0000000000
 0.1039475570 -1.4109508807 -0.1215274297  2.0000000000
 0.1046219086 -1.2406297982 -0.1590860475  2.0000000000
 0.1043182185 -1.3217754392 -0.0907972144  2.0000000000
 0.1049473328 -1.1501294482 -0.1282415461  2.0000000000
 0.1053102420  0.9419184922 -0.5603224205  2.0000000000
 0.1040807607  1.2873460914 -0.6273507879  2.0000000000
 0.1047603099  1.1205889407 -0.5447751511  2.0000000000
 0.1052117198  0.9951595119 -0.4695992012  2.0000000000
 0.1043737742 -1.3040838905  0.1073457615  2.0000000000
 0.1050032143 -1.1322614259  0.0707505607  2.0000000000
 0.1047054881 -1.2139597343  0.1387719984  2.0000000000
 0.1043684802 -1.2812750045  0.3552292973  2.0000000000
 0.1054100297 -0.9788610596  0.2927722336  2.0000000000
 0.1046373672  1.2011890530 -0.1571693860  2.0000000000
 0.1037695186  1.4143429789 -0.2011188408  2.0000000000
 0.1048381140 -1.1478759400  0.3783765974  2.0000000000
 0.1042823474  1.2959826301 -0.0759710806  2.0000000000
 0.1048816345  1.1329305645  0.0593299853  2.0000000000
 0.1044459860 -1.2149679585  0.5943851054  2.0000000000
 0.1043880941  1.2665505692  0.0814581972  2.0000000000
 0.1038404986  1.3986564148  0.1034142336  2.0000000000
 0.1048506012 -1.0761638404  0.6678874679  2.0000000000
 0.1038099530  1.4029669837  0.1526820279  2.0000000000
 0.1047651241  1.1505541963  0.2578622065  2.0000000000
 0.1043155168 -1.1956470818  0.7923432973  2.0000000000
 0.1051044765 -0.9263271604  0.8408816828  2.0000000000
 0.1049267248  1.0767978142  0.4255829971  2.0000000000
 0.1040765161  1.3006832879  0.4765805667  2.0000000000
 0.1049511870 -0.9115959645  0.9896126450  2.0000000000
 0.1041843923  1.2620352790  0.5354998544  2.0000000000
 0.1040227036  1.3047944693  0.5258225609  2.0000000000
 0.1048934584 -0.9066505959  1.0390822685  2.0000000000
 0.1041272167  1.2661324181  0.5847538219  2.0000000000
 0.1050773828 -0.8142624528  1.0718017948  2.0000000000
 0.1049164517  1.0108776185  0.6926352954  2.0000000000
 0.1045173292  1.1411525240  0.6633187806  2.0000000000
 0.1040667494  1.2701947474  0.6339592510  2.0000000000
 0.1042902080 -1.0218414803  1.2114079659  2.0000000000
 0.1049133842 -0.7505658936  1.2608795842  2.0000000000
 0.1047612358  0.9837865415  0.8999900789  2.0000000000
 0.1051107763  0.8125545367  0.9888687729  2.0000000000
 0.1037151949  1.2899742290  0.8791356971  2.0000000000
 0.1042662052 -0.9150120359  1.3914682988  2.0000000000
 0.1050298012  0.8167085160  1.0381764726  2.0000000000
 0.1051505630 -0.5153644720  1.3665303820  2.0000000000
 0.1042712746  1.0827848950  1.0273759253  2.0000000000
 0.1053796412  0.5153377676  1.2054161329  2.0000000000
 0.1055319244  0.1628319414  1.3309775629  2.0000000000
 0.1045054297 -0.6767033022  1.5466947241  2.0000000000
 0.1051558405 -0.3233757660  1.4794601894  2.0000000000
 0.1051620974 -0.2296534413  1.5109713524  2.0000000000
 0.1044780694  0.8808915086  1.2734383335  2.0000000000
 0.1048294968 -0.4024037056  1.5944108788  2.0000000000
 0.1050609434 -0.2249018334  1.5598797389  2.0000000000
 0.1051910841  0.3100611646  1.4500046396  2.0000000000
 0.1049951874  0.5323612512  1.4017917679  2.0000000000
 0.1041976936 -0.6127853093  1.7328935977  2.0000000000
 0.1046842661 -0.3484304450  1.6832476802  2.0000000000
 0.1050197023  0.0515784271  1.6037295306  2.0000000000
 0.1043557364  0.8052023919  1.4397160555  2.0000000000
 0.1045748261 -0.2502454212  1.7631033059  2.0000000000
 0.1048023053  0.1051448584  1.6918105792  2.0000000000
 0.1047537372  0.3274555111  1.6449820270  2.0000000000
 0.1045368397  0.4647482524  1.6645714604  2.0000000000
 0.1039214167 -0.5050900851  1.9095386535  2.0000000000
 0.1044972971 -0.0634751262  1.8247555778  2.0000000000
 0.1039710381 -0.3194011998  1.9725867553  2.0000000000
