 -14.40894723    8.29844447  -54.74467830    1.00000000
 -14.40962332    3.62862920  -50.96911256    1.00000000
 -14.40847570   28.35511652  -40.62211914    1.00000000
 -14.41029933   -1.04118718  -47.19354650    1.00000000
 -14.40915198   23.68530216  -36.84655376    1.00000000
 -14.41071494   -1.51153109  -42.47920541    1.00000000
 -14.41097526   -5.71100366  -43.41797999    1.00000000
 -14.40904618   31.61390156  -30.25466042    1.00000000
 -14.41087016    2.21759770  -36.82608913    1.00000000
 -14.41139084   -6.18134764  -38.70363868    1.00000000
 -14.40867929   43.74196902  -22.72397680    1.00000000
 -14.41076483   10.14619714  -30.23418354    1.00000000
 -14.41102530    5.94672438  -31.17295886    1.00000000
 -14.41180640   -6.65169297  -33.98928351    1.00000000
 -14.41206667  -10.85116462  -34.92805785    1.00000000
 -14.41039866   22.27427024  -22.70351485    1.00000000
 -14.41300259  -19.72045321  -32.09126479    1.00000000
 -14.41315792  -15.99132505  -26.43814871    1.00000000
 -14.41018666   38.13146819   -9.51972748    1.00000000
 -14.41044748   33.93199788  -10.45850312    1.00000000
 -14.41253222    0.33622091  -17.96870718    1.00000000
 -14.41279259   -3.86325198  -18.90748233    1.00000000
 -14.41383356  -20.66114124  -22.66258121    1.00000000
 -14.41034124   41.86059405   -3.86659602    1.00000000
 -14.41112370   29.26218123   -6.68292296    1.00000000
 -14.41101753   37.19077985   -0.09103219    1.00000000
 -14.41232112   16.19342179   -4.78490975    1.00000000
 -14.41310267    3.59500417   -7.60123598    1.00000000
 -14.41518461  -30.00077273  -15.11143508    1.00000000
 -14.41570460  -38.39971368  -16.98898334    1.00000000
 -14.41195450   28.32149373    2.74576207    1.00000000
 -14.41377848   -1.07481198   -3.82566568    1.00000000
 -14.41560000  -30.47111678  -10.39709044    1.00000000
 -14.41341244   11.05326085    3.70500573    1.00000000
 -14.41367296    6.85378890    2.76623047    1.00000000
 -14.41471453   -9.94410179   -0.98887087    1.00000000
 -14.41523501  -18.34304601   -2.86642107    1.00000000
 -14.41627538  -35.14093188   -6.62152045    1.00000000
 -14.41679526  -43.53987174   -8.49906924    1.00000000
 -14.41226362   35.77974755   14.05200293    1.00000000
 -14.41382777   10.58291673    8.41935126    1.00000000
 -14.41617063  -27.21233313   -0.02962600    1.00000000
 -14.41231145   47.43746892   26.29701800    1.00000000
 -14.41309420   34.83905887   23.48069420    1.00000000
 -14.41752130  -36.55196324    7.52151446    1.00000000
 -14.41350945   34.36871451   28.19503900    1.00000000
 -14.41585501   -3.42653235   19.74606289    1.00000000
 -14.41819652  -41.22177630   11.29708366    1.00000000
 -14.41653060   -8.09634901   23.52163249    1.00000000
 -14.41720611  -12.76616552   27.29720315    1.00000000
 -14.41772660  -21.16510913   25.41965181    1.00000000
 -14.41798676  -25.36458101   24.48087599    1.00000000
 -14.41824688  -29.56405167   23.54210036    1.00000000
 -14.41605862   11.96032410   37.64420051    1.00000000
 -14.41684017   -0.63809257   34.82787469    1.00000000
 -14.41892211  -34.23386613   27.31766868    1.00000000
 -14.41673433    7.29050755   41.41976989    1.00000000
 -14.41777610   -9.50738056   37.66466823    1.00000000
 -14.41636759   19.41857879   48.95043879    1.00000000
 -14.41662825   15.21910781   48.01166426    1.00000000
 -14.41793084   -5.77825191   43.31778828    1.00000000
 -14.41845153  -14.17719650   41.44023668    1.00000000
 -14.41834592   -6.24859566   48.03213233    1.00000000
 -14.41938709  -23.04648281   44.27702865    1.00000000
 -14.41964726  -27.24595428   43.33825237    1.00000000
 -14.41928166  -15.11788361   50.86892566    1.00000000
   8.28517342   -0.64519882 -160.28718625    2.00000000
   8.28788268   49.28263277 -144.30602142    2.00000000
   8.28215063  -43.11408843 -164.96100696    2.00000000
   8.28850790   65.61164843 -135.83578156    2.00000000
   8.28616744   27.81299646 -144.28561253    2.00000000
   8.28939196   86.14049703 -126.42665926    2.00000000
   8.29027482  106.66932783 -117.01752646    2.00000000
   8.28351534   -2.52673889 -141.42815891    2.00000000
   8.28570433   39.00140474 -127.32472645    2.00000000
   8.28440313   18.00214130 -132.01906529    2.00000000
   8.28049244  -44.99564044 -146.10198619    2.00000000
   8.28632982   55.33042771 -118.85448813    2.00000000
   8.28398851   17.53175785 -127.30430751    2.00000000
   8.28164337  -20.26692221 -135.75408024    2.00000000
   8.28007782  -45.46602798 -141.38723169    2.00000000
   8.28305306    8.66166680 -124.46728048    2.00000000
   8.28887564  108.98765758  -97.21961675    2.00000000
   8.28835691  100.58797727  -99.09736721    2.00000000
   8.28705926   79.58875841 -103.79173756    2.00000000
   8.28055325  -25.40754713 -127.26342550    2.00000000
   8.28534573   58.11913548 -103.77133878    2.00000000
   8.28144212   -4.87866473 -117.85435459    2.00000000
   8.27883381  -46.87719021 -127.24296226    2.00000000
   8.27685184  -72.54666410 -128.16132446    2.00000000
   8.28243565   23.57954704 -101.85275674    2.00000000
   8.27956989  -22.61885329 -112.18027058    2.00000000
   8.27852638  -39.41826344 -115.93571331    2.00000000
   8.28799444  119.70565821  -75.54394743    2.00000000
   8.28643853   94.50661847  -81.17719109    2.00000000
   8.28591952   86.10692894  -83.05493729    2.00000000
   8.28514064   73.50738986  -85.87155405    2.00000000
   8.27613012  -65.55813625 -112.13934059    2.00000000
   8.27675993  -49.22912856 -103.66913498    2.00000000
   8.27712806  -37.09995929  -96.13779125    2.00000000
   8.27477783  -74.89860612 -104.58751918    2.00000000
   8.28529799  101.02478434  -60.44038424    2.00000000
   8.28566096  113.15392593  -52.90900510    2.00000000
   8.27525419  -54.84013933  -90.46370565    2.00000000
   8.27420936  -71.63953536  -94.21914021    2.00000000
   8.27222576  -97.30898622  -95.13751438    2.00000000
   8.28405317   99.61364178  -46.29607973    2.00000000
   8.27207236  -93.57953397  -89.48388562    2.00000000
   8.28467527  115.94262288  -37.82583199    2.00000000
   8.28503757  128.07174961  -30.29445782    2.00000000
   8.27187308  -78.19131799  -71.58416800    2.00000000
   8.27015068  -99.66092559  -71.56368154    2.00000000
   8.28327419  118.26093567  -18.02789368    2.00000000
   8.26947397 -104.33115177  -67.78777606    2.00000000
   8.28389521  134.58989039   -9.55765726    2.00000000
   8.28285907  117.79055420  -13.31312934    2.00000000
   8.28296208  125.71984399   -6.72062945    2.00000000
   8.28192556  108.92049497  -10.47610058    2.00000000
   8.26968985  -88.47255655  -54.60281423    2.00000000
   8.26759679 -122.07127024  -62.11367907    2.00000000
   8.26822852 -105.74231044  -53.64348740    2.00000000
   8.26859800  -93.61317291  -46.11213032    2.00000000
   8.28130121  123.83831365   12.13844035    2.00000000
   8.28026469  107.03896283    8.38297737    2.00000000
   8.28036776  114.96825801   14.97547475    2.00000000
   8.27922452  121.48639417   35.71227883    2.00000000
   8.27741012   92.08751351   29.14023361    2.00000000
   8.26464449 -113.70522901  -16.86420540    2.00000000
   8.26333551 -134.70440070  -21.55851563    2.00000000
   8.27803179  108.41649742   37.61045853    2.00000000
   8.26329018 -123.04566954   -9.31239734    2.00000000
   8.26350593 -107.18708671    3.87259453    2.00000000
   8.27688811  114.93463197   58.34725423    2.00000000
   8.26230544 -120.25698214    5.77076567    2.00000000
   8.26110450 -133.32686571    7.66893615    2.00000000
   8.27527952  101.39434311   64.96020985    2.00000000
   8.26068893 -133.79724714   12.38370048    2.00000000
   8.26184367 -109.06861640   22.73166716    2.00000000
   8.27522574  113.05308630   77.20632079    2.00000000
   8.27283905   86.91326832   81.00270285    2.00000000
   8.26111978 -102.08007855   38.75370830    2.00000000
   8.25898030 -124.02003062   43.48889252    2.00000000
   8.27159184   85.50210690   95.14700433    2.00000000
   8.25882623 -120.29057463   49.14252725    2.00000000
   8.25856453 -124.49041014   48.20365664    2.00000000
   8.27117604   85.03171930   99.86177183    2.00000000
   8.25841044 -120.76095415   53.85729285    2.00000000
   8.27024140   76.16164162  102.69882115    2.00000000
   8.25956384  -96.03229702   64.20528571    2.00000000
   8.25877945 -108.63182198   61.38867110    2.00000000
   8.25799463 -121.23133319   58.57205664    2.00000000
   8.27070640   96.22008143  116.82263366    2.00000000
   8.26831838   70.08024472  120.61902462    2.00000000
   8.25816168  -93.71397231   84.00322117    2.00000000
   8.25879074  -77.38497004   92.47347680    2.00000000
   8.25591514 -123.58322334   82.14586885    2.00000000
   8.26852410   85.93884509  133.80397263    2.00000000
   8.25837477  -77.85534999   97.18824159    2.00000000
   8.26577231   47.66984287  130.06902312    2.00000000
   8.25639096 -103.52479295   96.26976281    2.00000000
   8.25936969  -49.39716414  113.18987602    2.00000000
   8.26103875  -16.26872093  125.41559627    2.00000000
   8.26556273   63.05807046  147.96873939    2.00000000
   8.26348478   29.45927946  140.45787056    2.00000000
   8.26254871   20.58919013  143.29490852    2.00000000
   8.25603330  -84.40709158  119.82318090    2.00000000
   8.26317231   36.91820884  151.76511284    2.00000000
   8.26213257   20.11880456  148.00966941    2.00000000
   8.25900885  -30.27942891  136.74327941    2.00000000
   8.25770530  -51.27868772  132.04892702    2.00000000
   8.26363855   56.97667167  165.88891539    2.00000000
   8.26208009   31.77758539  160.25577169    2.00000000
   8.25973921   -6.02107928  151.80600675    2.00000000
   8.25530713  -77.41853498  135.84520865    2.00000000
   8.26072776   22.43711327  167.80756520    2.00000000
   8.25864641  -11.16169773  160.29665738    2.00000000
   8.25734404  -32.16095598  155.60231835    2.00000000
   8.25614578  -45.23088862  157.50046561    2.00000000
   8.26145422   46.69543006  182.87022237    2.00000000
   8.25885490    4.69694012  173.48162940    2.00000000
   8.25958238   28.95526719  188.54429870    2.00000000
