 0.2777428599 -0.4965632591 -0.3198458992  1.0000000000
 0.3383226029 -0.5105047413 -0.4225847690  1.0000000000
 0.1836799399 -0.5243849981  0.2269986195  1.0000000000
 0.3875682168 -0.4906939900 -0.5195453159  1.0000000000
 0.2589835119 -0.5875235933  0.1907874832  1.0000000000
 0.4327666062 -0.4955480481 -0.5336552903  1.0000000000
 0.4205837636 -0.4347609923 -0.6011557486  1.0000000000
 0.1857951932 -0.5508871384  0.4262219144  1.0000000000
 0.4706670950 -0.5400555895 -0.4279216675  1.0000000000
 0.4610565184 -0.4189488406 -0.6125532276  1.0000000000
 0.0699360025 -0.4229628960  0.5285777719  1.0000000000
 0.4549605912 -0.6008643484 -0.1130908777  1.0000000000
 0.4863766728 -0.5665671137 -0.2641223209  1.0000000000
 0.4959023415 -0.3869278412 -0.6090096920  1.0000000000
 0.4690077746 -0.3097546796 -0.6673455617  1.0000000000
 0.3304323934 -0.6159882563  0.3855671844  1.0000000000
 0.4067879062 -0.1023884622 -0.7010749235  1.0000000000
 0.4788576356 -0.1122699423 -0.6817006854  1.0000000000
 0.1344528041 -0.4900984337  0.7202595973  1.0000000000
 0.1838437370 -0.5284070004  0.7237656568  1.0000000000
 0.5634210234 -0.3508069488 -0.2443492173  1.0000000000
 0.5690234424 -0.2752076451 -0.3861193960  1.0000000000
 0.4439041916  0.0362589730 -0.6791701275  1.0000000000
 0.0919420487 -0.4312825488  0.7217498982  1.0000000000
 0.2401789953 -0.5255461858  0.7449530675  1.0000000000
 0.1350794139 -0.4495654178  0.7927458273  1.0000000000
 0.4102035067 -0.4257771845  0.5281472725  1.0000000000
 0.5429024539 -0.2447432908  0.0717494416  1.0000000000
 0.3411997120  0.2787530069 -0.6107756427  1.0000000000
 0.2184483826  0.2818374007 -0.5301033996  1.0000000000
 0.2322194069 -0.4360446255  0.8201993031  1.0000000000
 0.5550081108 -0.0601514663 -0.0007736097  1.0000000000
 0.3421327724  0.3510520462 -0.5738858233  1.0000000000
 0.4387768163 -0.1966321610  0.5201682019  1.0000000000
 0.4828158743 -0.1198725464  0.3836034503  1.0000000000
 0.5419580170  0.2176663266 -0.1929058877  1.0000000000
 0.4894673311  0.3483850869 -0.4037606602  1.0000000000
 0.2793034067  0.4092009473 -0.5155317997  1.0000000000
 0.1645357664  0.3425398263 -0.4370716489  1.0000000000
 0.1139167318 -0.3306755316  0.8126794873  1.0000000000
 0.4193990861 -0.1000463883  0.5755708412  1.0000000000
 0.3842463946  0.4922120474 -0.4463854841  1.0000000000
-0.0054264673 -0.1984131337  0.5412208890  1.0000000000
 0.0892222693 -0.2318791654  0.7677910209  1.0000000000
 0.2491079706  0.5489227282 -0.3597690639  1.0000000000
 0.0750844228 -0.1824998164  0.7309457910  1.0000000000
 0.4329594640  0.4574040192  0.3894384147  1.0000000000
 0.1825092639  0.5114647410 -0.3056461476  1.0000000000
 0.4094659457  0.6092837103  0.3328964660  1.0000000000
 0.3734680735  0.7177232843  0.2774388492  1.0000000000
 0.3417122337  0.7633898397  0.0734280742  1.0000000000
 0.3122766269  0.7511273615 -0.0160155576  1.0000000000
 0.2760326622  0.7170480013 -0.0907046312  1.0000000000
 0.2096453042  0.2584330240  0.7030398060  1.0000000000
 0.3071383719  0.5419808983  0.5758482107  1.0000000000
 0.2089073765  0.6607474675 -0.0920745042  1.0000000000
 0.2142760550  0.3834241506  0.6537201568  1.0000000000
 0.2984918662  0.7084165056  0.4341508993  1.0000000000
 0.0856271767  0.1534793888  0.5954165390  1.0000000000
 0.1179008828  0.2276870074  0.6173422656  1.0000000000
 0.2507718784  0.6445031879  0.5054374135  1.0000000000
 0.2606074961  0.7417316183  0.3636098178  1.0000000000
 0.2129643412  0.6272539946  0.4880055535  1.0000000000
 0.2008642178  0.7162202443  0.2176619499  1.0000000000
 0.1802311928  0.6860821564  0.1457374246  1.0000000000
 0.1843512276  0.6700225861  0.3544949920  1.0000000000
-0.1517221863 -0.0076229635 -0.0351137364  2.0000000000
-0.1487916649 -0.0072318776 -0.0318870570  2.0000000000
-0.1515959585 -0.0077849624 -0.0371219198  2.0000000000
-0.1498871769 -0.0073172317 -0.0324916635  2.0000000000
-0.1604574784 -0.0080748395 -0.0367421581  2.0000000000
-0.1543819891 -0.0077119683 -0.0352934122  2.0000000000
-0.1519022809 -0.0076359477 -0.0355083682  2.0000000000
-0.1753650932 -0.0092952755 -0.0446707776  2.0000000000
-0.1626417593 -0.0081734875 -0.0370350822  2.0000000000
-0.1726006746 -0.0089473036 -0.0417919188  2.0000000000
-0.1832404999 -0.0101155933 -0.0510114015  2.0000000000
-0.1598913203 -0.0079821104 -0.0360412768  2.0000000000
-0.1729230196 -0.0089731817 -0.0419560969  2.0000000000
-0.1890095985 -0.0104392383 -0.0522845727  2.0000000000
-0.1901109425 -0.0106263995 -0.0540789511  2.0000000000
-0.1756216570 -0.0092268873 -0.0437592179  2.0000000000
-0.1702551361 -0.0090154471 -0.0440621192  2.0000000000
-0.1776307321 -0.0094871504 -0.0464593612  2.0000000000
-0.1730935631 -0.0090318199 -0.0429021266  2.0000000000
-0.1970204716 -0.0110747656 -0.0563268462  2.0000000000
-0.1571751882 -0.0078394435 -0.0355251147  2.0000000000
-0.1775359867 -0.0094997798 -0.0461155077  2.0000000000
-0.2046891678 -0.0117202781 -0.0607003455  2.0000000000
-0.1720303015 -0.0093191630 -0.0464687805  2.0000000000
-0.1500294642 -0.0073970551 -0.0332001974  2.0000000000
-0.1883125929 -0.0104515392 -0.0526926853  2.0000000000
-0.2061847574 -0.0118332972 -0.0613506487  2.0000000000
-0.1702648889 -0.0092284394 -0.0467230939  2.0000000000
-0.1871812657 -0.0102580957 -0.0515339853  2.0000000000
-0.1800291098 -0.0096767632 -0.0476354672  2.0000000000
-0.1641924757 -0.0084667297 -0.0400034247  2.0000000000
-0.1969951377 -0.0111556019 -0.0574189882  2.0000000000
-0.2014722956 -0.0115122496 -0.0596206388  2.0000000000
-0.1835733016 -0.0101947986 -0.0517189218  2.0000000000
-0.1910704382 -0.0106875362 -0.0545080198  2.0000000000
-0.1926884760 -0.0109183526 -0.0571985013  2.0000000000
-0.1990272991 -0.0115603183 -0.0622778122  2.0000000000
-0.1880630198 -0.0105231774 -0.0537460794  2.0000000000
-0.1940345144 -0.0109047056 -0.0558042560  2.0000000000
-0.1731881998 -0.0093054035 -0.0460112044  2.0000000000
-0.1915160360 -0.0109741747 -0.0584603481  2.0000000000
-0.1831190937 -0.0100213202 -0.0502293464  2.0000000000
-0.2106432440 -0.0125995937 -0.0698113454  2.0000000000
-0.1999896128 -0.0118545706 -0.0655652308  2.0000000000
-0.1827610723 -0.0100290638 -0.0504285860  2.0000000000
-0.1855878406 -0.0101701778 -0.0510772422  2.0000000000
-0.2228945900 -0.0136433809 -0.0771210814  2.0000000000
-0.1814734338 -0.0098714922 -0.0493652019  2.0000000000
-0.1908376049 -0.0111750222 -0.0614216760  2.0000000000
-0.2241903670 -0.0137461775 -0.0778054484  2.0000000000
-0.2149627366 -0.0130373732 -0.0733249020  2.0000000000
-0.2168481371 -0.0131520098 -0.0738345696  2.0000000000
-0.1779095119 -0.0096488628 -0.0481992867  2.0000000000
-0.1532873731 -0.0078649256 -0.0377937808  2.0000000000
-0.1804976122 -0.0098309649 -0.0494488398  2.0000000000
-0.1754623511 -0.0094895362 -0.0474880103  2.0000000000
-0.2069652807 -0.0123362435 -0.0683791265  2.0000000000
-0.2073190429 -0.0123335149 -0.0681697551  2.0000000000
-0.2110663217 -0.0126005211 -0.0697667731  2.0000000000
-0.1830135756 -0.0103004793 -0.0542899186  2.0000000000
-0.1616716272 -0.0086334144 -0.0434904378  2.0000000000
-0.1864812636 -0.0105672322 -0.0563423891  2.0000000000
-0.1613467039 -0.0086687235 -0.0444278977  2.0000000000
-0.1863001463 -0.0104542241 -0.0546908358  2.0000000000
-0.1917984733 -0.0110470125 -0.0599768135  2.0000000000
-0.1940940073 -0.0113301812 -0.0624130767  2.0000000000
-0.1659296533 -0.0087739928 -0.0432959483  2.0000000000
-0.2083691002 -0.0124478025 -0.0698053577  2.0000000000
-0.1907998305 -0.0110981965 -0.0611381190  2.0000000000
-0.1665080450 -0.0086669076 -0.0416572938  2.0000000000
-0.1927365710 -0.0112804914 -0.0625145598  2.0000000000
-0.2135453322 -0.0129699468 -0.0739180273  2.0000000000
-0.1526309269 -0.0076714099 -0.0357459770  2.0000000000
-0.1607419591 -0.0080805527 -0.0369195174  2.0000000000
-0.2060052997 -0.0123917136 -0.0702205349  2.0000000000
-0.2240094266 -0.0138878482 -0.0805569773  2.0000000000
-0.1635176013 -0.0082033925 -0.0371035238  2.0000000000
-0.2269078537 -0.0141083158 -0.0819756917  2.0000000000
-0.2213341605 -0.0136830235 -0.0792445239  2.0000000000
-0.1637017770 -0.0082012247 -0.0369784977  2.0000000000
-0.2233269969 -0.0138227627 -0.0800783973  2.0000000000
-0.1600738388 -0.0079518208 -0.0355158590  2.0000000000
-0.1907722267 -0.0110114598 -0.0601367133  2.0000000000
-0.2163454766 -0.0131575182 -0.0750481500  2.0000000000
-0.2183170500 -0.0134197110 -0.0773773638  2.0000000000
-0.1495656196 -0.0072555875 -0.0318587147  2.0000000000
-0.1586073784 -0.0078469177 -0.0348135180  2.0000000000
-0.1759846473 -0.0096486226 -0.0500531989  2.0000000000
-0.1520606683 -0.0076140395 -0.0357696682  2.0000000000
-0.1772620956 -0.0101138773 -0.0551703303  2.0000000000
-0.1467705618 -0.0070544325 -0.0306080735  2.0000000000
-0.1522682707 -0.0075948210 -0.0354484392  2.0000000000
-0.1620704147 -0.0081601011 -0.0367116236  2.0000000000
-0.1672252594 -0.0090244307 -0.0463124276  2.0000000000
-0.1345000203 -0.0061383287 -0.0254168954  2.0000000000
-0.1379526588 -0.0063861708 -0.0265744274  2.0000000000
-0.1564612193 -0.0077346754 -0.0342686976  2.0000000000
-0.1770785548 -0.0092080479 -0.0424107058  2.0000000000
-0.1760463058 -0.0091258762 -0.0419084291  2.0000000000
-0.1434156235 -0.0069109654 -0.0310232717  2.0000000000
-0.1823610098 -0.0095467127 -0.0441561959  2.0000000000
-0.1790309774 -0.0093214960 -0.0429276371  2.0000000000
-0.1439144360 -0.0067008464 -0.0279012357  2.0000000000
-0.1392635328 -0.0064068657 -0.0265720362  2.0000000000
-0.1547208031 -0.0076441393 -0.0338748418  2.0000000000
-0.1838892055 -0.0096497858 -0.0446998739  2.0000000000
-0.1552467158 -0.0075769877 -0.0330152001  2.0000000000
-0.1322994867 -0.0060714549 -0.0256649167  2.0000000000
-0.1779290227 -0.0092392414 -0.0424653785  2.0000000000
-0.1498779416 -0.0071988588 -0.0309312254  2.0000000000
-0.1413870133 -0.0065484523 -0.0271530888  2.0000000000
-0.1336168246 -0.0060491800 -0.0246331450  2.0000000000
-0.1517132310 -0.0074640416 -0.0329979884  2.0000000000
-0.1561413622 -0.0077220203 -0.0341591186  2.0000000000
-0.1538447737 -0.0076209168 -0.0338759797  2.0000000000
