-1.042330e-01 -3.871063e-02 -1.487583e-02  1.000000e+00
-1.078206e-01 -4.895744e-02 -1.523485e-02  1.000000e+00
-9.700277e-02 -3.856672e-02 -1.678572e-02  1.000000e+00
-1.164720e-01 -6.394128e-02 -1.986576e-02  1.000000e+00
-1.132379e-01 -6.010017e-02 -1.692019e-02  1.000000e+00
-1.034296e-01 -4.822367e-02 -1.187203e-02  1.000000e+00
-9.977529e-02 -4.559383e-02 -1.062208e-02  1.000000e+00
-9.646443e-02 -4.544554e-02 -9.006463e-03  1.000000e+00
-8.325326e-02 -3.943969e-02 -8.748779e-03  1.000000e+00
-1.189115e-01 -7.072657e-02 -2.032288e-02  1.000000e+00
-1.157106e-01 -6.733891e-02 -1.723321e-02  1.000000e+00
-1.059645e-01 -5.541652e-02 -1.183816e-02  1.000000e+00
-1.022817e-01 -5.260138e-02 -9.261932e-03  1.000000e+00
-9.876893e-02 -5.097537e-02 -7.013706e-03  1.000000e+00
-9.427448e-02 -4.982110e-02 -7.364446e-03  1.000000e+00
-8.079618e-02 -4.200889e-02 -7.835253e-03  1.000000e+00
-7.164790e-02 -3.646265e-02 -1.056083e-02  1.000000e+00
-1.146670e-01 -6.997571e-02 -1.744251e-02  1.000000e+00
-1.113773e-01 -6.602131e-02 -1.513218e-02  1.000000e+00
-1.081027e-01 -6.237278e-02 -1.250831e-02  1.000000e+00
-9.205931e-02 -5.231256e-02 -7.395075e-03  1.000000e+00
-8.741880e-02 -5.051004e-02 -6.524169e-03  1.000000e+00
-7.859827e-02 -4.549458e-02 -5.468935e-03  1.000000e+00
-1.215210e-01 -8.281041e-02 -2.519470e-02  1.000000e+00
-1.187070e-01 -7.917053e-02 -2.318816e-02  1.000000e+00
-1.156744e-01 -7.557372e-02 -2.115358e-02  1.000000e+00
-1.136620e-01 -7.201118e-02 -1.912656e-02  1.000000e+00
-1.103046e-01 -6.799509e-02 -1.640484e-02  1.000000e+00
-1.066768e-01 -6.517725e-02 -1.507040e-02  1.000000e+00
-9.866529e-02 -5.922763e-02 -1.188665e-02  1.000000e+00
-9.422696e-02 -5.664989e-02 -1.064940e-02  1.000000e+00
-8.943268e-02 -5.442345e-02 -9.542274e-03  1.000000e+00
-8.478311e-02 -5.243758e-02 -8.445023e-03  1.000000e+00
-7.575471e-02 -4.854978e-02 -5.801282e-03  1.000000e+00
-6.827795e-02 -4.589965e-02 -3.696763e-03  1.000000e+00
-1.198976e-01 -8.449741e-02 -2.685832e-02  1.000000e+00
-1.165267e-01 -8.115107e-02 -2.502870e-02  1.000000e+00
-1.132576e-01 -7.751039e-02 -2.302865e-02  1.000000e+00
-1.105519e-01 -7.378924e-02 -2.083906e-02  1.000000e+00
-9.707557e-02 -6.174991e-02 -1.440521e-02  1.000000e+00
-7.750593e-02 -5.276966e-02 -9.388899e-03  1.000000e+00
-7.291037e-02 -5.109192e-02 -8.333459e-03  1.000000e+00
-6.888166e-02 -4.914390e-02 -7.027362e-03  1.000000e+00
-1.184534e-01 -8.676658e-02 -2.888808e-02  1.000000e+00
-1.083129e-01 -7.636943e-02 -2.333789e-02  1.000000e+00
-1.047170e-01 -7.316318e-02 -2.165548e-02  1.000000e+00
-9.687899e-02 -6.673119e-02 -1.819727e-02  1.000000e+00
-8.012596e-02 -5.684794e-02 -1.283548e-02  1.000000e+00
-7.547141e-02 -5.517931e-02 -1.177181e-02  1.000000e+00
-7.024152e-02 -5.370106e-02 -1.096192e-02  1.000000e+00
-6.594010e-02 -5.189936e-02 -9.952787e-03  1.000000e+00
-5.745769e-02 -5.083797e-02 -9.863367e-03  1.000000e+00
-1.172658e-01 -8.865526e-02 -3.065993e-02  1.000000e+00
-1.068158e-01 -7.888173e-02 -2.572400e-02  1.000000e+00
-9.508648e-02 -6.930696e-02 -2.067038e-02  1.000000e+00
-9.084748e-02 -6.637929e-02 -1.914492e-02  1.000000e+00
-8.651702e-02 -6.344700e-02 -1.750683e-02  1.000000e+00
-8.180219e-02 -6.119494e-02 -1.638863e-02  1.000000e+00
-7.275169e-02 -5.755390e-02 -1.427858e-02  1.000000e+00
-5.393479e-02 -5.296048e-02 -1.276934e-02  1.000000e+00
-1.185777e-01 -9.429456e-02 -3.465162e-02  1.000000e+00
-1.042343e-01 -8.107949e-02 -2.785318e-02  1.000000e+00
-9.729130e-02 -7.475712e-02 -2.463515e-02  1.000000e+00
-8.910635e-02 -6.863063e-02 -2.127652e-02  1.000000e+00
-8.479497e-02 -6.597528e-02 -1.993886e-02  1.000000e+00
-7.007304e-02 -5.993896e-02 -1.676535e-02  1.000000e+00
-6.524158e-02 -5.863527e-02 -1.622275e-02  1.000000e+00
-6.088010e-02 -5.758816e-02 -1.597277e-02  1.000000e+00
-4.634490e-02 -5.472956e-02 -1.608020e-02  1.000000e+00
-1.022757e-01 -8.305850e-02 -2.983705e-02  1.000000e+00
-9.459152e-02 -7.660548e-02 -2.646941e-02  1.000000e+00
-9.105919e-02 -7.387454e-02 -2.511695e-02  1.000000e+00
-6.767769e-02 -6.232451e-02 -1.929452e-02  1.000000e+00
-6.255833e-02 -6.101404e-02 -1.894001e-02  1.000000e+00
-4.973960e-02 -5.803522e-02 -1.852128e-02  1.000000e+00
-1.135511e-01 -9.964776e-02 -3.946764e-02  1.000000e+00
-1.104629e-01 -9.574458e-02 -3.734238e-02  1.000000e+00
-1.076334e-01 -9.174193e-02 -3.511786e-02  1.000000e+00
-1.040768e-01 -8.832290e-02 -3.333881e-02  1.000000e+00
-9.260281e-02 -7.873020e-02 -2.845366e-02  1.000000e+00
-8.419637e-02 -7.362900e-02 -2.620800e-02  1.000000e+00
-7.012523e-02 -6.677205e-02 -2.282003e-02  1.000000e+00
-6.030288e-02 -6.350810e-02 -2.163162e-02  1.000000e+00
-1.122232e-01 -1.011119e-01 -4.083570e-02  1.000000e+00
-1.056671e-01 -9.366487e-02 -3.682865e-02  1.000000e+00
-9.778763e-02 -8.765872e-02 -3.403773e-02  1.000000e+00
-9.035905e-02 -8.144702e-02 -3.102350e-02  1.000000e+00
-8.197397e-02 -7.634220e-02 -2.878428e-02  1.000000e+00
-7.768173e-02 -7.403478e-02 -2.787610e-02  1.000000e+00
-7.305072e-02 -7.147067e-02 -2.641062e-02  1.000000e+00
-6.822861e-02 -6.952435e-02 -2.549416e-02  1.000000e+00
-5.332348e-02 -6.501989e-02 -2.428633e-02  1.000000e+00
-4.826223e-02 -6.404918e-02 -2.471311e-02  1.000000e+00
-3.875602e-02 -5.885141e-02 -2.136350e-02  1.000000e+00
-9.686257e-02 -9.016994e-02 -3.606597e-02  1.000000e+00
-8.934287e-02 -8.449920e-02 -3.361846e-02  1.000000e+00
-8.518606e-02 -8.160870e-02 -3.223106e-02  1.000000e+00
-6.214756e-02 -7.061447e-02 -2.733676e-02  1.000000e+00
-1.072677e-01 -1.018027e-01 -4.079610e-02  1.000000e+00
-9.930171e-02 -9.597403e-02 -3.817643e-02  1.000000e+00
-9.198285e-02 -8.981735e-02 -3.532137e-02  1.000000e+00
-8.773290e-02 -8.705733e-02 -3.404417e-02  1.000000e+00
-8.349682e-02 -8.480420e-02 -3.331199e-02  1.000000e+00
-7.512140e-02 -7.946371e-02 -3.090124e-02  1.000000e+00
-6.552320e-02 -7.577961e-02 -2.960450e-02  1.000000e+00
-6.070047e-02 -7.393633e-02 -2.892309e-02  1.000000e+00
-4.637253e-02 -6.946941e-02 -2.776711e-02  1.000000e+00
-9.729648e-02 -9.839565e-02 -4.027781e-02  1.000000e+00
-8.990011e-02 -9.206481e-02 -3.729032e-02  1.000000e+00
-8.138902e-02 -8.732919e-02 -3.556962e-02  1.000000e+00
-6.831675e-02 -8.008565e-02 -3.256977e-02  1.000000e+00
-5.356553e-02 -7.507402e-02 -3.123533e-02  1.000000e+00
-3.911415e-02 -6.734461e-02 -2.642283e-02  1.000000e+00
-9.623358e-02 -1.010809e-01 -4.244735e-02  1.000000e+00
-8.874591e-02 -9.483799e-02 -3.953186e-02  1.000000e+00
-8.027063e-02 -8.972349e-02 -3.744220e-02  1.000000e+00
-7.614103e-02 -8.702495e-02 -3.623094e-02  1.000000e+00
-9.517047e-02 -1.029292e-01 -4.385080e-02  1.000000e+00
-7.528649e-02 -8.992118e-02 -3.848376e-02  1.000000e+00
-6.620877e-02 -8.571504e-02 -3.706241e-02  1.000000e+00
-5.176140e-02 -7.961861e-02 -3.472113e-02  1.000000e+00
-9.092023e-02 -1.025852e-01 -4.456103e-02  1.000000e+00
-8.656673e-02 -1.000242e-01 -4.351747e-02  1.000000e+00
-7.797227e-02 -9.491040e-02 -4.136571e-02  1.000000e+00
-7.398581e-02 -9.255780e-02 -4.048549e-02  1.000000e+00
-5.995042e-02 -8.655609e-02 -3.861581e-02  1.000000e+00
-7.554261e-02 -1.001466e-01 -4.528943e-02  1.000000e+00
-8.643006e-02  1.697300e-01  8.449049e-02  2.000000e+00
-8.776944e-02  1.661210e-01  8.151836e-02  2.000000e+00
-8.128721e-02  1.682947e-01  8.222251e-02  2.000000e+00
-8.216515e-02  1.640276e-01  8.052991e-02  2.000000e+00
-7.567924e-02  1.672573e-01  8.063253e-02  2.000000e+00
-7.269630e-02  1.647135e-01  7.854235e-02  2.000000e+00
-6.984092e-02  1.613459e-01  7.547388e-02  2.000000e+00
-6.713345e-02  1.573666e-01  7.181708e-02  2.000000e+00
-6.515658e-02  1.579544e-01  7.101100e-02  2.000000e+00
-6.155549e-02  1.490556e-01  6.479216e-02  2.000000e+00
-5.531794e-02  1.463820e-01  5.933770e-02  2.000000e+00
-5.238916e-02  1.470324e-01  5.866258e-02  2.000000e+00
-5.022271e-02  1.322752e-01  5.026159e-02  2.000000e+00
-4.198816e-02  1.368281e-01  4.967946e-02  2.000000e+00
-4.401246e-02  1.303820e-01  4.341477e-02  2.000000e+00
-4.466791e-02  1.237552e-01  4.308721e-02  2.000000e+00
-4.183525e-02  1.197212e-01  3.890773e-02  2.000000e+00
-3.592118e-02  1.178148e-01  3.226103e-02  2.000000e+00
-2.869116e-02  1.169968e-01  3.032826e-02  2.000000e+00
-3.435312e-02  1.063815e-01  2.941286e-02  2.000000e+00
-3.278575e-02  1.082713e-01  2.638705e-02  2.000000e+00
-2.632508e-02  1.130249e-01  2.670905e-02  2.000000e+00
-1.797472e-02  1.077793e-01  2.312627e-02  2.000000e+00
-2.525984e-02  9.525711e-02  1.671140e-02  2.000000e+00
-2.058552e-02  9.935115e-02  1.513315e-02  2.000000e+00
-1.570798e-01  6.747344e-03  1.174721e-02  2.000000e+00
-2.040142e-02  8.618275e-02  1.084039e-02  2.000000e+00
-1.210786e-02  9.534567e-02  1.190111e-02  2.000000e+00
-1.557630e-01  2.334907e-03  8.040557e-03  2.000000e+00
-1.981656e-02  8.005074e-02  9.484857e-03  2.000000e+00
-1.818971e-02  8.162179e-02  8.453404e-03  2.000000e+00
-1.552584e-02  8.446777e-02  7.483902e-03  2.000000e+00
-1.470980e-01  3.430215e-03  6.184061e-03  2.000000e+00
-6.764280e-03  8.810754e-02  7.143740e-03  2.000000e+00
-3.445904e-03  9.053653e-02  8.455925e-03  2.000000e+00
-1.412616e-01  2.722324e-03  3.957749e-03  2.000000e+00
-6.598226e-04  8.729001e-02  6.087635e-03  2.000000e+00
 2.708592e-03  9.005475e-02  9.375155e-03  2.000000e+00
-1.466864e-01 -1.596791e-03  4.250509e-03  2.000000e+00
-1.325876e-01  4.639163e-03  2.484418e-03  2.000000e+00
-7.541428e-03  7.379403e-02  2.531550e-03  2.000000e+00
 2.316351e-03  8.407427e-02  4.463547e-03  2.000000e+00
 5.948656e-03  8.709104e-02  7.177572e-03  2.000000e+00
-1.376628e-01 -6.572409e-04  2.151864e-03  2.000000e+00
-1.303496e-01  2.250263e-03  6.552354e-04  2.000000e+00
-1.192683e-02  6.231419e-02 -2.726629e-05  2.000000e+00
-5.184898e-03  7.039305e-02  2.282642e-03  2.000000e+00
-9.740218e-03  5.900933e-02 -8.578669e-05  2.000000e+00
 5.114691e-03  7.444525e-02  1.328670e-03  2.000000e+00
 1.172866e-02  8.097318e-02  3.557317e-03  2.000000e+00
-1.304214e-01 -3.202589e-03 -8.426110e-04  2.000000e+00
-1.172798e-01 -1.813424e-03 -4.807341e-03  2.000000e+00
 1.850530e-02  8.153674e-02  4.145489e-03  2.000000e+00
-1.154471e-01 -4.083767e-03 -6.048033e-03  2.000000e+00
-1.004077e-01 -1.639455e-03 -8.025815e-03  2.000000e+00
-1.297936e-02  4.379952e-02 -1.008451e-03  2.000000e+00
-9.294952e-03  4.874147e-02 -8.770510e-04  2.000000e+00
 6.090581e-03  6.426750e-02  1.883053e-04  2.000000e+00
 2.356996e-01  1.301266e-01 -1.035115e-01  2.000000e+00
 2.381266e-01  1.314107e-01 -1.052833e-01  2.000000e+00
-2.268612e-02  2.799945e-02  1.166001e-03  2.000000e+00
-1.913545e-02  3.202245e-02  5.133123e-04  2.000000e+00
-1.525189e-02  3.637837e-02 -1.908828e-04  2.000000e+00
-1.134494e-02  4.081814e-02  1.096943e-03  2.000000e+00
 4.583344e-03  5.743607e-02 -1.008552e-03  2.000000e+00
 1.640344e-02  6.745098e-02 -4.345133e-04  2.000000e+00
 2.017790e-02  7.099360e-02 -2.503722e-05  2.000000e+00
 2.354849e-02  7.506413e-02  1.106676e-03  2.000000e+00
-1.125485e-01 -9.303630e-03 -8.476810e-03  2.000000e+00
-1.022449e-01 -7.500331e-03 -8.943679e-03  2.000000e+00
-8.697357e-02 -2.992543e-03 -8.850964e-03  2.000000e+00
-5.588058e-02  9.055129e-03 -1.639849e-03  2.000000e+00
-4.042879e-02  1.417226e-02  1.412157e-03  2.000000e+00
-3.037817e-02  1.892737e-02  2.312975e-03  2.000000e+00
-2.126595e-02  2.593425e-02  1.565958e-03  2.000000e+00
 2.340986e-02  6.834194e-02  6.127615e-04  2.000000e+00
 2.302890e-01  1.272970e-01 -9.968966e-02  2.000000e+00
-7.011288e-02  8.716941e-04 -5.137492e-03  2.000000e+00
-2.954746e-02  1.591237e-02  4.925931e-03  2.000000e+00
 6.077328e-03  4.747352e-02  4.015512e-03  2.000000e+00
 1.811755e-02  5.848036e-02  5.196706e-04  2.000000e+00
 2.238998e-02  6.181525e-02  1.135753e-04  2.000000e+00
 3.317686e-02  7.239956e-02 -2.076132e-04  2.000000e+00
 3.727513e-02  7.495622e-02  1.118378e-03  2.000000e+00
 2.279069e-01  1.260517e-01 -9.800791e-02  2.000000e+00
 2.312291e-01  1.278042e-01 -1.004097e-01  2.000000e+00
-9.971442e-02 -1.322052e-02 -1.020714e-02  2.000000e+00
-8.428266e-02 -8.755937e-03 -7.224585e-03  2.000000e+00
-4.311343e-02  8.911292e-03 -1.255452e-03  2.000000e+00
-2.208034e-04  3.695500e-02  3.115891e-03  2.000000e+00
 3.234574e-02  6.513379e-02 -1.271951e-03  2.000000e+00
 2.257568e-01  1.249272e-01 -9.648721e-02  2.000000e+00
-9.307623e-02 -1.461011e-02 -1.144196e-02  2.000000e+00
-4.688776e-02  4.405633e-03 -3.751946e-04  2.000000e+00
-3.115220e-02  1.070041e-02  6.718149e-04  2.000000e+00
 3.795952e-02  6.421771e-02 -3.501025e-03  2.000000e+00
 2.171162e-01  1.203775e-01 -9.026807e-02  2.000000e+00
 2.236016e-01  1.237955e-01 -9.494493e-02  2.000000e+00
-7.096638e-02 -9.695615e-03 -6.623249e-03  2.000000e+00
-6.090583e-02 -4.753166e-03 -2.079701e-03  2.000000e+00
-4.554657e-02  1.148272e-03  1.764114e-03  2.000000e+00
 4.817844e-02  6.677764e-02 -3.130548e-03  2.000000e+00
 2.148116e-01  1.191728e-01 -8.864067e-02  2.000000e+00
-7.470425e-02 -1.396517e-02 -9.856005e-03  2.000000e+00
-1.701287e-02  1.121614e-02  3.721910e-03  2.000000e+00
-1.218511e-02  1.379258e-02  4.407328e-03  2.000000e+00
-3.127503e-03  2.039363e-02  3.469003e-03  2.000000e+00
 1.400022e-02  3.358140e-02  1.764995e-03  2.000000e+00
 1.844024e-02  3.685008e-02  1.081162e-03  2.000000e+00
 3.057395e-02  4.674121e-02 -1.136517e-03  2.000000e+00
 3.472765e-02  4.976002e-02 -2.169594e-03  2.000000e+00
 5.454099e-02  6.689946e-02 -4.143153e-03  2.000000e+00
 5.867217e-02  6.986150e-02 -3.963646e-03  2.000000e+00
 2.093387e-01  1.162951e-01 -8.471617e-02  2.000000e+00
 2.126580e-01  1.180433e-01 -8.710523e-02  2.000000e+00
 2.165438e-01  1.200911e-01 -8.990066e-02  2.000000e+00
 2.204249e-01  1.221320e-01 -9.267594e-02  2.000000e+00
-5.749772e-02 -9.822118e-03 -4.155419e-03  2.000000e+00
-4.192665e-02 -3.066939e-03  5.711815e-04  2.000000e+00
-1.045460e-02  1.071746e-02  3.971379e-03  2.000000e+00
 1.597588e-02  3.086479e-02  2.272591e-03  2.000000e+00
 4.117981e-02  4.904807e-02 -2.980535e-03  2.000000e+00
 5.288246e-02  5.971050e-02 -4.133932e-03  2.000000e+00
 2.039421e-01  1.134564e-01 -8.084166e-02  2.000000e+00
 2.071861e-01  1.151671e-01 -8.318497e-02  2.000000e+00
 2.149488e-01  1.192498e-01 -8.873884e-02  2.000000e+00
-4.030182e-02 -4.832835e-03 -1.912984e-04  2.000000e+00
-2.941723e-02 -1.709611e-03  2.321993e-03  2.000000e+00
 4.829269e-03  1.739529e-02  4.011617e-03  2.000000e+00
 9.443324e-03  2.025474e-02  4.480434e-03  2.000000e+00
 3.108247e-02  3.576326e-02 -1.543897e-03  2.000000e+00
 3.912908e-02  4.305567e-02 -1.792866e-03  2.000000e+00
 6.691711e-02  6.560235e-02 -6.762829e-03  2.000000e+00
 2.094705e-01  1.163648e-01 -8.479421e-02  2.000000e+00
-3.814808e-02 -7.533754e-03  1.152433e-03  2.000000e+00
-2.257375e-02 -1.799040e-03  3.826397e-03  2.000000e+00
 2.841023e-02  2.926954e-02  5.530992e-04  2.000000e+00
 4.107931e-02  3.939573e-02 -1.974025e-03  2.000000e+00
 4.512718e-02  4.230473e-02 -3.470472e-03  2.000000e+00
 7.743389e-02  6.736181e-02 -8.208043e-03  2.000000e+00
-4.134092e-02 -1.133506e-02  3.215360e-03  2.000000e+00
-1.081129e-02  4.726575e-04  4.127184e-03  2.000000e+00
 4.503567e-03  7.151496e-03  5.472867e-03  2.000000e+00
 4.292592e-02  3.565133e-02 -1.684006e-03  2.000000e+00
 5.953419e-02  4.776634e-02 -5.425601e-03  2.000000e+00
 7.091203e-02  5.848296e-02 -7.914986e-03  2.000000e+00
 8.802983e-02  6.898834e-02 -1.106868e-02  2.000000e+00
 1.907681e-01  1.065352e-01 -7.141472e-02  2.000000e+00
 1.950855e-01  1.088022e-01 -7.448483e-02  2.000000e+00
 1.994719e-01  1.111115e-01 -7.761652e-02  2.000000e+00
 2.359722e-02  1.551360e-02  4.316216e-03  2.000000e+00
 8.968604e-02  6.646269e-02 -1.166511e-02  2.000000e+00
 1.728915e-01  9.709052e-02 -5.845389e-02  2.000000e+00
 1.947885e-01  1.080885e-01 -7.375182e-02  2.000000e+00
-3.191120e-02 -1.305943e-02  2.679838e-03  2.000000e+00
-2.191407e-02 -1.056850e-02  3.509384e-03  2.000000e+00
 2.246428e-03 -1.082841e-03  5.720097e-03  2.000000e+00
 2.604480e-02  1.222105e-02  2.575237e-03  2.000000e+00
 5.165956e-02  3.142489e-02 -4.662915e-03  2.000000e+00
 6.383157e-02  3.996417e-02 -5.658821e-03  2.000000e+00
 7.563331e-02  5.054614e-02 -8.377510e-03  2.000000e+00
 8.791254e-02  6.058358e-02 -1.006001e-02  2.000000e+00
 9.612035e-02  6.641734e-02 -1.271716e-02  2.000000e+00
 1.854128e-01  1.031728e-01 -6.703293e-02  2.000000e+00
-1.535639e-02 -1.155091e-02  2.215020e-03  2.000000e+00
-4.714627e-03 -8.926769e-03  4.074070e-03  2.000000e+00
 8.941538e-03 -1.061750e-03  5.178680e-03  2.000000e+00
 3.659946e-02  1.455694e-02 -9.350988e-06  2.000000e+00
 6.666555e-02  3.624664e-02 -6.546319e-03  2.000000e+00
 1.069514e-01  6.856568e-02 -1.485265e-02  2.000000e+00
 1.458024e-01  8.244927e-02 -3.939924e-02  2.000000e+00
 1.499872e-01  8.500787e-02 -4.190034e-02  2.000000e+00
 1.631713e-01  9.190283e-02 -5.120433e-02  2.000000e+00
 1.676484e-01  9.383574e-02 -5.422448e-02  2.000000e+00
 1.718694e-01  9.606963e-02 -5.732498e-02  2.000000e+00
 1.933996e-01  1.072924e-01 -7.247375e-02  2.000000e+00
-2.282407e-02 -1.671558e-02  2.016795e-03  2.000000e+00
 1.805038e-03 -9.640449e-03  3.477274e-03  2.000000e+00
 2.037604e-02 -1.103019e-03  3.041800e-03  2.000000e+00
 5.089905e-02  2.027179e-02 -3.415518e-03  2.000000e+00
 8.444941e-02  4.737470e-02 -8.539154e-03  2.000000e+00
 8.815718e-02  5.089095e-02 -8.925270e-03  2.000000e+00
 1.624736e-01  9.112691e-02 -5.053014e-02  2.000000e+00
 1.712479e-01  9.571805e-02 -5.676795e-02  2.000000e+00
 1.756225e-01  9.799690e-02 -5.984062e-02  2.000000e+00
-1.668591e-02 -1.896415e-02 -1.735245e-04  2.000000e+00
-1.211099e-02 -1.752145e-02 -7.935864e-04  2.000000e+00
 4.477869e-02  9.822644e-03 -2.261900e-03  2.000000e+00
 5.717199e-02  2.059986e-02 -3.241036e-03  2.000000e+00
 6.602316e-02  2.594920e-02 -4.939824e-03  2.000000e+00
 7.886916e-02  3.550984e-02 -7.861000e-03  2.000000e+00
 8.254201e-02  3.898714e-02 -7.958170e-03  2.000000e+00
 1.065407e-01  5.892532e-02 -1.469261e-02  2.000000e+00
 1.188268e-01  6.801653e-02 -2.010659e-02  2.000000e+00
 1.228002e-01  7.046343e-02 -2.305871e-02  2.000000e+00
 1.312501e-01  7.513014e-02 -2.837785e-02  2.000000e+00
 1.356218e-01  7.714337e-02 -3.156962e-02  2.000000e+00
 1.488731e-01  8.397172e-02 -4.068966e-02  2.000000e+00
 1.620366e-01  9.086366e-02 -5.007203e-02  2.000000e+00
 9.919536e-03 -1.413278e-02  1.580080e-03  2.000000e+00
 1.462353e-02 -1.188523e-02  2.054936e-03  2.000000e+00
 3.233572e-02 -1.880696e-03  8.382257e-04  2.000000e+00
 1.240998e-01  6.724390e-02 -2.395024e-02  2.000000e+00
-1.405388e-02 -2.643858e-02 -4.823905e-03  2.000000e+00
-4.220631e-03 -2.315175e-02 -2.400499e-03  2.000000e+00
 3.849341e-02 -3.242692e-03  6.221274e-04  2.000000e+00
 7.399562e-02  2.141781e-02 -4.580150e-03  2.000000e+00
 9.755485e-02  4.215344e-02 -1.148896e-02  2.000000e+00
 1.098668e-01  5.180584e-02 -1.531837e-02  2.000000e+00
 1.338325e-01  7.105633e-02 -2.888982e-02  2.000000e+00
 1.462438e-01  7.907244e-02 -3.720254e-02  2.000000e+00
 1.812977e-01  9.609379e-02 -6.122367e-02  2.000000e+00
 2.698955e-02 -1.581397e-02 -1.711682e-03  2.000000e+00
 3.632408e-02 -9.691739e-03  3.177820e-05  2.000000e+00
 5.373361e-02  2.254174e-03 -1.718879e-03  2.000000e+00
 5.808100e-02  5.555869e-03 -3.074620e-03  2.000000e+00
 7.185106e-02  1.423657e-02 -5.168472e-03  2.000000e+00
 7.593000e-02  1.742737e-02 -6.034300e-03  2.000000e+00
 8.444975e-02  2.302275e-02 -8.690051e-03  2.000000e+00
 9.245218e-02  3.043783e-02 -9.458693e-03  2.000000e+00
 1.555981e-01  8.167297e-02 -4.353677e-02  2.000000e+00
 1.641650e-01  8.590373e-02 -4.946328e-02  2.000000e+00
 1.685653e-01  8.771606e-02 -5.250456e-02  2.000000e+00
 1.953462e-02 -2.385145e-02 -2.201388e-03  2.000000e+00
 2.871528e-02 -1.973151e-02 -1.340569e-03  2.000000e+00
 7.325194e-02  1.135648e-02 -4.019160e-03  2.000000e+00
 1.136786e-01  4.363123e-02 -1.660537e-02  2.000000e+00
 1.245845e-01  5.493309e-02 -2.399416e-02  2.000000e+00
 1.568627e-01  7.795694e-02 -4.488334e-02  2.000000e+00
 1.734315e-01  8.805071e-02 -5.580176e-02  2.000000e+00
-1.919804e-04 -3.438622e-02 -8.030027e-03  2.000000e+00
 1.451790e-02 -2.814874e-02 -3.621337e-03  2.000000e+00
 5.761806e-02 -4.060578e-03 -5.565345e-04  2.000000e+00
 7.009388e-02  5.373610e-03 -2.579393e-03  2.000000e+00
 8.346166e-02  1.315604e-02 -5.693624e-03  2.000000e+00
 9.636486e-02  2.260407e-02 -8.168560e-03  2.000000e+00
 1.036873e-01  3.073627e-02 -9.889349e-03  2.000000e+00
 1.149803e-01  4.111334e-02 -1.775755e-02  2.000000e+00
 1.339325e-01  5.765385e-02 -3.027681e-02  2.000000e+00
 1.415580e-01  6.430073e-02 -3.520647e-02  2.000000e+00
 1.535013e-01  7.320162e-02 -4.295121e-02  2.000000e+00
-7.316640e-03 -4.320460e-02 -1.175034e-02  2.000000e+00
 6.149237e-03 -3.696513e-02 -8.725508e-03  2.000000e+00
 2.044984e-02 -2.977775e-02 -3.156271e-03  2.000000e+00
 3.627466e-02 -2.380330e-02  3.704423e-04  2.000000e+00
 6.733925e-02 -2.434134e-03 -3.318234e-03  2.000000e+00
 7.632751e-02  3.483363e-03 -3.171251e-03  2.000000e+00
 8.066585e-02  6.622708e-03 -3.696193e-03  2.000000e+00
 1.271568e-01  4.988650e-02 -2.542603e-02  2.000000e+00
 1.350053e-01  5.592479e-02 -3.080809e-02  2.000000e+00
 1.467013e-01  6.525064e-02 -3.851448e-02  2.000000e+00
-1.684684e-02 -4.968162e-02 -1.438735e-02  2.000000e+00
 1.755458e-02 -3.579653e-02 -4.173427e-03  2.000000e+00
 5.276354e-02 -1.912297e-02 -6.522615e-04  2.000000e+00
 5.702620e-02 -1.645717e-02 -1.094931e-03  2.000000e+00
 1.638621e-01  7.494124e-02 -4.941728e-02  2.000000e+00
 8.906887e-03 -4.319769e-02 -8.497990e-03  2.000000e+00
 1.359803e-02 -4.063851e-02 -6.671642e-03  2.000000e+00
 1.868214e-02 -3.881489e-02 -5.619126e-03  2.000000e+00
 4.920673e-02 -2.477503e-02 -4.725192e-05  2.000000e+00
 5.905516e-02 -2.022500e-02 -5.824373e-04  2.000000e+00
 6.286158e-02 -1.675963e-02 -4.516623e-05  2.000000e+00
-1.416564e-02 -5.687020e-02 -1.666988e-02  2.000000e+00
 6.428305e-03 -4.974089e-02 -1.301698e-02  2.000000e+00
 3.045937e-02 -3.716102e-02 -6.027794e-03  2.000000e+00
 3.523979e-02 -3.468788e-02 -4.555845e-03  2.000000e+00
 5.525847e-02 -2.597128e-02  8.086550e-04  2.000000e+00
 6.004040e-02 -2.381452e-02  6.754790e-04  2.000000e+00
 6.462208e-02 -2.075760e-02  2.548538e-04  2.000000e+00
 6.882026e-02 -1.759107e-02 -2.538238e-04  2.000000e+00
-2.545733e-03 -5.518962e-02 -1.687056e-02  2.000000e+00
 1.264104e-02 -4.876249e-02 -1.293956e-02  2.000000e+00
-1.088469e-03 -5.766049e-02 -1.867375e-02  2.000000e+00
 2.297364e-02 -4.685762e-02 -1.173259e-02  2.000000e+00
-2.040205e-02 -6.696345e-02 -2.409877e-02  2.000000e+00
-4.556044e-03 -6.270785e-02 -2.174273e-02  2.000000e+00
 1.018385e-02 -5.650899e-02 -1.784892e-02  2.000000e+00
 1.563536e-02 -5.489856e-02 -1.672194e-02  2.000000e+00
 6.141583e-03 -6.098634e-02 -2.081544e-02  2.000000e+00
-1.319809e-02 -7.094882e-02 -2.695378e-02  2.000000e+00
-1.949507e-03 -6.863457e-02 -2.576368e-02  2.000000e+00
-2.622373e-02 -8.041625e-02 -3.294745e-02  2.000000e+00
-1.195601e-02 -7.385444e-02 -2.900172e-02  2.000000e+00
-1.102962e-02 -7.711378e-02 -3.119465e-02  2.000000e+00
-1.415909e-02 -8.273661e-02 -3.460167e-02  2.000000e+00
-6.251134e-03 -7.830586e-02 -3.163175e-02  2.000000e+00
-2.610480e-02 -9.636495e-02 -4.050533e-02  2.000000e+00
-2.116617e-02 -9.198297e-02 -3.952800e-02  2.000000e+00
-2.057958e-02 -9.497515e-02 -4.090522e-02  2.000000e+00
-9.289439e-03 -9.040488e-02 -3.810561e-02  2.000000e+00
-2.338227e-02 -1.055890e-01 -4.528700e-02  2.000000e+00
-2.188401e-02 -1.032114e-01 -4.444100e-02  2.000000e+00
-1.593849e-02 -9.894568e-02 -4.255823e-02  2.000000e+00
-2.162746e-02 -1.062076e-01 -4.578119e-02  2.000000e+00
-2.278130e-02 -1.114706e-01 -4.794065e-02  2.000000e+00
-2.346368e-02 -1.194702e-01 -5.144861e-02  2.000000e+00
-1.819595e-02 -1.132871e-01 -4.863485e-02  2.000000e+00
-1.933315e-02 -1.181365e-01 -5.079595e-02  2.000000e+00
-2.445637e-02 -1.278265e-01 -5.496205e-02  2.000000e+00
-2.403833e-02 -1.258924e-01 -5.409889e-02  2.000000e+00
-2.283023e-02 -1.286351e-01 -5.536060e-02  2.000000e+00
-1.947266e-02 -1.246160e-01 -5.331095e-02  2.000000e+00
-1.927568e-02 -1.246306e-01 -5.321634e-02  2.000000e+00
-1.990170e-02 -1.312161e-01 -5.594038e-02  2.000000e+00
-1.989886e-02 -1.311813e-01 -5.588064e-02  2.000000e+00
-2.021895e-02 -1.345459e-01 -5.724909e-02  2.000000e+00
-2.035542e-02 -1.359741e-01 -5.779783e-02  2.000000e+00
-2.054160e-02 -1.379374e-01 -5.862814e-02  2.000000e+00
 8.098375e-02 -2.059612e-02  4.302358e-03  3.000000e+00
 9.416976e-02 -9.796876e-03  1.946365e-03  3.000000e+00
 9.871554e-02 -6.586193e-03  7.574442e-04  3.000000e+00
 1.042889e-01 -5.840329e-03 -1.343675e-03  3.000000e+00
 7.586316e-02 -2.939811e-02  1.063604e-02  3.000000e+00
 9.031426e-02 -2.232350e-02  6.965849e-03  3.000000e+00
 1.065029e-01 -1.006776e-02  6.227795e-03  3.000000e+00
 1.136921e-01 -1.099232e-02  1.219872e-02  3.000000e+00
 1.250636e-01 -1.646482e-02  2.559323e-02  3.000000e+00
 6.837584e-02 -3.793556e-02  2.316394e-02  3.000000e+00
 7.173119e-02 -3.477999e-02  1.717140e-02  3.000000e+00
 8.763340e-02 -2.784421e-02  9.195303e-03  3.000000e+00
 9.976260e-02 -1.850495e-02  7.658893e-03  3.000000e+00
 1.221135e-01 -1.510241e-02  2.271054e-02  3.000000e+00
 1.256978e-01 -1.692276e-02  2.717661e-02  3.000000e+00
 7.154433e-02 -3.955090e-02  2.579317e-02  3.000000e+00
 8.248643e-02 -3.235653e-02  1.579339e-02  3.000000e+00
 8.508865e-02 -3.140056e-02  1.327505e-02  3.000000e+00
 8.917662e-02 -3.056044e-02  1.212237e-02  3.000000e+00
 1.203751e-01 -1.610485e-02  2.156346e-02  3.000000e+00
 1.237966e-01 -1.623170e-02  2.601330e-02  3.000000e+00
 7.559741e-02 -4.533356e-02  3.542888e-02  3.000000e+00
 7.427198e-02 -4.307352e-02  3.199865e-02  3.000000e+00
 7.821945e-02 -3.782037e-02  2.210601e-02  3.000000e+00
 8.105575e-02 -3.679932e-02  1.965233e-02  3.000000e+00
 8.513258e-02 -3.435658e-02  1.884923e-02  3.000000e+00
 9.124921e-02 -3.250031e-02  1.508662e-02  3.000000e+00
 9.557206e-02 -3.026155e-02  1.326662e-02  3.000000e+00
 1.000937e-01 -2.809830e-02  1.279785e-02  3.000000e+00
 1.077106e-01 -2.112095e-02  1.545182e-02  3.000000e+00
 1.107862e-01 -1.999899e-02  1.609641e-02  3.000000e+00
 1.146622e-01 -1.830725e-02  1.845676e-02  3.000000e+00
 1.286334e-01 -1.937233e-02  3.207834e-02  3.000000e+00
 7.805457e-02 -4.261236e-02  3.077237e-02  3.000000e+00
 8.715580e-02 -3.674111e-02  2.193324e-02  3.000000e+00
 9.385469e-02 -3.396954e-02  1.750288e-02  3.000000e+00
 1.128882e-01 -2.294078e-02  1.981207e-02  3.000000e+00
 1.159271e-01 -2.165722e-02  2.175060e-02  3.000000e+00
 1.190978e-01 -2.105652e-02  2.495820e-02  3.000000e+00
 1.369262e-01 -2.331104e-02  4.264709e-02  3.000000e+00
 8.136580e-02 -5.011546e-02  4.343613e-02  3.000000e+00
 8.634518e-02 -4.049888e-02  2.652298e-02  3.000000e+00
 8.966969e-02 -3.874114e-02  2.462754e-02  3.000000e+00
 9.373924e-02 -3.678511e-02  2.317762e-02  3.000000e+00
 9.997533e-02 -3.496919e-02  1.973175e-02  3.000000e+00
 1.036327e-01 -3.367754e-02  1.976363e-02  3.000000e+00
 1.069701e-01 -3.064897e-02  2.019505e-02  3.000000e+00
 1.179996e-01 -2.448464e-02  2.550452e-02  3.000000e+00
 1.240475e-01 -2.383973e-02  3.177392e-02  3.000000e+00
 1.316959e-01 -2.447636e-02  3.691467e-02  3.000000e+00
 8.494605e-02 -5.376441e-02  4.938667e-02  3.000000e+00
 8.366805e-02 -5.149893e-02  4.584302e-02  3.000000e+00
 8.291197e-02 -4.769093e-02  3.975060e-02  3.000000e+00
 9.589943e-02 -3.915476e-02  2.642205e-02  3.000000e+00
 9.990075e-02 -3.788461e-02  2.534133e-02  3.000000e+00
 1.021742e-01 -3.708256e-02  2.363452e-02  3.000000e+00
 1.056665e-01 -3.597977e-02  2.375551e-02  3.000000e+00
 1.090587e-01 -3.321918e-02  2.371095e-02  3.000000e+00
 1.256976e-01 -2.592484e-02  3.487737e-02  3.000000e+00
 1.367026e-01 -2.717885e-02  4.368338e-02  3.000000e+00
 9.229756e-02 -4.429637e-02  3.347406e-02  3.000000e+00
 9.512698e-02 -4.272537e-02  3.108405e-02  3.000000e+00
 9.821463e-02 -4.142268e-02  2.970400e-02  3.000000e+00
 1.022146e-01 -3.988514e-02  2.879983e-02  3.000000e+00
 1.050727e-01 -3.924210e-02  2.811378e-02  3.000000e+00
 1.111975e-01 -3.585096e-02  2.774542e-02  3.000000e+00
 1.143666e-01 -3.404501e-02  2.863561e-02  3.000000e+00
 1.251358e-01 -2.851858e-02  3.561409e-02  3.000000e+00
 1.414328e-01 -3.018094e-02  5.027287e-02  3.000000e+00
 8.810608e-02 -5.269432e-02  4.980160e-02  3.000000e+00
 9.495211e-02 -4.770126e-02  3.985956e-02  3.000000e+00
 9.542959e-02 -4.600488e-02  3.648863e-02  3.000000e+00
 9.764712e-02 -4.486959e-02  3.456883e-02  3.000000e+00
 1.011803e-01 -4.339411e-02  3.351010e-02  3.000000e+00
 1.101852e-01 -4.065096e-02  3.085228e-02  3.000000e+00
 1.133121e-01 -3.848681e-02  3.173134e-02  3.000000e+00
 1.280132e-01 -3.041251e-02  4.019449e-02  3.000000e+00
 1.300726e-01 -3.141976e-02  4.251477e-02  3.000000e+00
 1.330133e-01 -3.022771e-02  4.561199e-02  3.000000e+00
 1.393020e-01 -3.164779e-02  5.053770e-02  3.000000e+00
 9.209528e-02 -5.866819e-02  5.881908e-02  3.000000e+00
 9.070756e-02 -5.568179e-02  5.477718e-02  3.000000e+00
 9.450761e-02 -5.267470e-02  4.874263e-02  3.000000e+00
 9.896321e-02 -5.146192e-02  4.659594e-02  3.000000e+00
 9.808998e-02 -4.940726e-02  4.284964e-02  3.000000e+00
 1.005811e-01 -4.687296e-02  3.838635e-02  3.000000e+00
 1.064300e-01 -4.491417e-02  3.618807e-02  3.000000e+00
 1.100830e-01 -4.371456e-02  3.659225e-02  3.000000e+00
 1.130498e-01 -4.285408e-02  3.545107e-02  3.000000e+00
 1.155770e-01 -4.103545e-02  3.583653e-02  3.000000e+00
 1.186651e-01 -3.931148e-02  3.661832e-02  3.000000e+00
 1.214140e-01 -3.888579e-02  3.931938e-02  3.000000e+00
 1.262551e-01 -3.653992e-02  4.016129e-02  3.000000e+00
 1.301931e-01 -3.403926e-02  4.316207e-02  3.000000e+00
 1.323952e-01 -3.290242e-02  4.625136e-02  3.000000e+00
 9.481142e-02 -6.065194e-02  6.262557e-02  3.000000e+00
 1.011383e-01 -5.289365e-02  4.923095e-02  3.000000e+00
 1.009804e-01 -5.141399e-02  4.661072e-02  3.000000e+00
 1.012040e-01 -5.004591e-02  4.402677e-02  3.000000e+00
 1.035006e-01 -4.884221e-02  4.207084e-02  3.000000e+00
 1.059917e-01 -4.793690e-02  4.063614e-02  3.000000e+00
 1.088416e-01 -4.693355e-02  4.022569e-02  3.000000e+00
 1.154376e-01 -4.506299e-02  3.979456e-02  3.000000e+00
 1.176248e-01 -4.366773e-02  3.970809e-02  3.000000e+00
 1.207730e-01 -4.196815e-02  4.055461e-02  3.000000e+00
 1.235792e-01 -4.104210e-02  4.305913e-02  3.000000e+00
 1.271912e-01 -4.008182e-02  4.313684e-02  3.000000e+00
 1.429988e-01 -3.577701e-02  5.909714e-02  3.000000e+00
 1.494765e-01 -3.688999e-02  6.341326e-02  3.000000e+00
 9.794024e-02 -5.718715e-02  5.700316e-02  3.000000e+00
 1.038964e-01 -5.341547e-02  5.038132e-02  3.000000e+00
 1.062878e-01 -5.099763e-02  4.622208e-02  3.000000e+00
 1.083541e-01 -5.029574e-02  4.462707e-02  3.000000e+00
 1.145008e-01 -4.847099e-02  4.312832e-02  3.000000e+00
 1.257084e-01 -4.371641e-02  4.702335e-02  3.000000e+00
 1.292837e-01 -4.250525e-02  4.715157e-02  3.000000e+00
 1.321674e-01 -4.143538e-02  4.911814e-02  3.000000e+00
 1.395756e-01 -3.740608e-02  5.651739e-02  3.000000e+00
 9.937708e-02 -6.228962e-02  6.606786e-02  3.000000e+00
 1.069981e-01 -5.399610e-02  5.132419e-02  3.000000e+00
 1.201980e-01 -4.961479e-02  4.777368e-02  3.000000e+00
 1.229948e-01 -4.822206e-02  4.851420e-02  3.000000e+00
 1.277894e-01 -4.639590e-02  5.092352e-02  3.000000e+00
 1.343580e-01 -4.411021e-02  5.315379e-02  3.000000e+00
 1.468839e-01 -3.969707e-02  6.591218e-02  3.000000e+00
 1.039612e-01 -6.084663e-02  6.358049e-02  3.000000e+00
 1.090446e-01 -5.864956e-02  6.003351e-02  3.000000e+00
 1.097477e-01 -5.729929e-02  5.748237e-02  3.000000e+00
 1.254586e-01 -5.060101e-02  5.267686e-02  3.000000e+00
 1.275967e-01 -4.955469e-02  5.263984e-02  3.000000e+00
 1.303621e-01 -4.873599e-02  5.511846e-02  3.000000e+00
 1.333447e-01 -4.720997e-02  5.528154e-02  3.000000e+00
 1.454178e-01 -4.383755e-02  6.477286e-02  3.000000e+00
 1.488659e-01 -4.283357e-02  6.851509e-02  3.000000e+00
 1.144449e-01 -5.723519e-02  5.794978e-02  3.000000e+00
 1.305012e-01 -5.170379e-02  5.718903e-02  3.000000e+00
 1.354319e-01 -4.990236e-02  5.913181e-02  3.000000e+00
 1.440653e-01 -4.836736e-02  6.589703e-02  3.000000e+00
 1.149869e-01 -6.143259e-02  6.547294e-02  3.000000e+00
 1.155053e-01 -6.022448e-02  6.315273e-02  3.000000e+00
 1.214104e-01 -5.813527e-02  5.967948e-02  3.000000e+00
 1.270514e-01 -5.690299e-02  6.001344e-02  3.000000e+00
 1.403841e-01 -5.184438e-02  6.489185e-02  3.000000e+00
 1.221360e-01 -6.080197e-02  6.501400e-02  3.000000e+00
 1.297873e-01 -5.902277e-02  6.431414e-02  3.000000e+00
 1.399912e-01 -5.481886e-02  6.734618e-02  3.000000e+00
 1.511486e-01 -5.190023e-02  7.568887e-02  3.000000e+00
 1.289582e-01 -6.226995e-02  6.770765e-02  3.000000e+00
 1.381176e-01 -5.879162e-02  6.993159e-02  3.000000e+00
 1.421908e-01 -5.730734e-02  7.141319e-02  3.000000e+00
-2.106682e-01  6.955078e-02  2.304736e-02  4.000000e+00
-1.918932e-01  1.112031e-01 -1.899119e-02  4.000000e+00
-2.020784e-01  8.628007e-02 -2.153004e-04  4.000000e+00
-1.990858e-01  9.326571e-02 -8.274072e-03  4.000000e+00
-1.954164e-01  9.974347e-02 -1.422098e-02  4.000000e+00
-1.785038e-01  1.182335e-01 -1.064633e-02  4.000000e+00
-1.630577e-01  1.293514e-01  9.079960e-03  4.000000e+00
-1.553940e-01  1.342921e-01  1.822369e-02  4.000000e+00
-2.042895e-01  6.423520e-02  2.416135e-02  4.000000e+00
-2.003790e-01  8.082079e-02  4.062327e-03  4.000000e+00
-1.945232e-01  9.457015e-02 -1.190785e-02  4.000000e+00
-1.862194e-01  1.100269e-01 -2.060644e-02  4.000000e+00
-1.791291e-01  1.157746e-01 -1.391712e-02  4.000000e+00
-1.711906e-01  1.219301e-01 -3.328082e-03  4.000000e+00
-1.484311e-01  1.363484e-01  2.340024e-02  4.000000e+00
-2.056481e-01  5.332497e-02  3.683042e-02  4.000000e+00
-2.029857e-01  5.802895e-02  2.993184e-02  4.000000e+00
-1.908335e-01  9.734256e-02 -1.563698e-02  4.000000e+00
-1.868729e-01  1.058508e-01 -2.056338e-02  4.000000e+00
-1.723412e-01  1.204555e-01 -5.630131e-03  4.000000e+00
-2.045433e-01  4.670071e-02  4.344631e-02  4.000000e+00
-1.934334e-01  8.319913e-02 -3.610424e-03  4.000000e+00
-1.911871e-01  9.131969e-02 -1.199796e-02  4.000000e+00
-1.753387e-01  1.163921e-01 -1.184855e-02  4.000000e+00
-1.630446e-01  1.251927e-01  3.603297e-03  4.000000e+00
-1.593155e-01  1.298533e-01  1.078122e-02  4.000000e+00
-2.044162e-01  3.830560e-02  5.164859e-02  4.000000e+00
-2.026460e-01  4.164584e-02  4.782647e-02  4.000000e+00
-1.966010e-01  6.200179e-02  2.126653e-02  4.000000e+00
-1.930197e-01  7.588980e-02  3.712554e-03  4.000000e+00
-1.789658e-01  1.125107e-01 -1.807046e-02  4.000000e+00
-1.729687e-01  1.171318e-01 -1.019881e-02  4.000000e+00
-2.008161e-01  3.624467e-02  4.922670e-02  4.000000e+00
-2.000537e-01  3.752510e-02  4.977989e-02  4.000000e+00
-1.984601e-01  4.073696e-02  4.614973e-02  4.000000e+00
-1.939381e-01  6.080922e-02  2.062599e-02  4.000000e+00
-1.923139e-01  6.954898e-02  9.911462e-03  4.000000e+00
-1.895608e-01  9.524497e-02 -1.532903e-02  4.000000e+00
-1.773491e-01  1.142772e-01 -1.540860e-02  4.000000e+00
-1.693645e-01  1.267974e-01  2.763059e-03  4.000000e+00
-1.961479e-01  3.506695e-02  4.697486e-02  4.000000e+00
-1.946832e-01  4.812805e-02  3.528740e-02  4.000000e+00
-1.877806e-01  9.435443e-02 -1.606331e-02  4.000000e+00
-1.853938e-01  1.040125e-01 -2.121658e-02  4.000000e+00
-1.781775e-01  1.155266e-01 -1.433809e-02  4.000000e+00
-1.943680e-01  2.921424e-02  4.192910e-02  4.000000e+00
-1.922346e-01  3.276822e-02  4.411278e-02  4.000000e+00
-1.927543e-01  4.696785e-02  3.518135e-02  4.000000e+00
-1.875986e-01  9.769356e-02 -1.807855e-02  4.000000e+00
-1.859647e-01  1.057816e-01 -2.140320e-02  4.000000e+00
-1.805252e-01  1.177151e-01 -1.270457e-02  4.000000e+00
-1.794402e-01  1.250912e-01 -3.483360e-03  4.000000e+00
-1.881968e-01  2.997752e-02  4.073454e-02  4.000000e+00
-1.840587e-01  2.938313e-02  3.900968e-02  4.000000e+00
-1.876058e-01  3.305767e-02  4.265050e-02  4.000000e+00
-1.909929e-01  3.602498e-02  4.565201e-02  4.000000e+00
-1.908423e-01  5.605192e-02  2.328405e-02  4.000000e+00
-1.910216e-01  6.635690e-02  1.197562e-02  4.000000e+00
-1.911784e-01  7.618963e-02  1.405998e-03  4.000000e+00
-1.909912e-01  1.031947e-01 -1.901205e-02  4.000000e+00
-1.903150e-01  1.099667e-01 -2.048177e-02  4.000000e+00
-1.808577e-01  2.637843e-02  3.572071e-02  4.000000e+00
-1.800887e-01  2.699340e-02  3.589580e-02  4.000000e+00
-1.844722e-01  3.138789e-02  4.050298e-02  4.000000e+00
-1.917096e-01  6.040252e-02  1.888401e-02  4.000000e+00
-1.934483e-01  8.964405e-02 -1.022967e-02  4.000000e+00
-1.936727e-01  1.051806e-01 -1.860119e-02  4.000000e+00
-1.943199e-01  1.113198e-01 -1.945230e-02  4.000000e+00
-1.817322e-01  2.965579e-02  3.838780e-02  4.000000e+00
-1.862382e-01  3.291497e-02  4.214831e-02  4.000000e+00
-1.909559e-01  3.627116e-02  4.576045e-02  4.000000e+00
-1.936952e-01  6.514252e-02  1.493448e-02  4.000000e+00
-1.723006e-01  2.339460e-02  3.065639e-02  4.000000e+00
-1.847125e-01  3.153170e-02  4.064360e-02  4.000000e+00
-1.928426e-01  4.145807e-02  4.089153e-02  4.000000e+00
-1.939178e-01  5.098734e-02  3.066395e-02  4.000000e+00
-1.960860e-01  6.973963e-02  1.146834e-02  4.000000e+00
-1.684359e-01  2.176275e-02  2.812949e-02  4.000000e+00
-1.736453e-01  2.448566e-02  3.195842e-02  4.000000e+00
-1.972402e-01  5.631880e-02  2.682256e-02  4.000000e+00
-1.841688e-01  2.966529e-02  3.896050e-02  4.000000e+00
 6.141238e-03 -4.708418e-02  2.090313e-03  5.000000e+00
-9.694514e-03 -4.361638e-02 -1.431097e-03  5.000000e+00
 1.043991e-03 -4.343272e-02  7.933173e-04  5.000000e+00
-2.027467e-02 -3.865035e-02 -1.869348e-03  5.000000e+00
-4.044893e-03 -3.920066e-02 -9.738013e-04  5.000000e+00
 1.421485e-03 -3.934940e-02  1.174834e-03  5.000000e+00
 1.655633e-02 -3.988527e-02  5.980754e-03  5.000000e+00
 3.239913e-02 -4.003932e-02  7.760302e-03  5.000000e+00
-2.510430e-02 -3.444282e-02 -1.113397e-03  5.000000e+00
-1.987146e-02 -3.483765e-02 -1.231333e-03  5.000000e+00
-1.481704e-02 -3.498319e-02  1.364430e-03  5.000000e+00
 1.774305e-03 -3.535732e-02  2.229029e-03  5.000000e+00
 6.862758e-03 -3.558186e-02  9.981918e-04  5.000000e+00
 1.710200e-03 -3.164205e-02  4.685653e-04  5.000000e+00
 7.054435e-03 -3.180281e-02  9.067727e-04  5.000000e+00
 1.196830e-02 -3.160929e-02  2.888374e-03  5.000000e+00
 2.745485e-02 -3.243855e-02  6.376863e-03  5.000000e+00
 3.263835e-02 -3.233415e-02  7.154149e-03  5.000000e+00
 3.810251e-02 -3.277390e-02  4.838794e-03  5.000000e+00
-1.976792e-02 -2.670188e-02 -6.239564e-03  5.000000e+00
-1.476833e-02 -2.635221e-02 -5.692027e-03  5.000000e+00
 1.749052e-02 -2.777374e-02  2.760513e-03  5.000000e+00
 3.830774e-02 -2.872400e-02  6.743147e-03  5.000000e+00
 4.335335e-02 -2.893511e-02  6.026755e-03  5.000000e+00
-5.103769e-02 -2.066188e-02 -5.286422e-03  5.000000e+00
-3.555648e-02 -2.192480e-02 -1.992347e-03  5.000000e+00
-3.022609e-02 -2.219241e-02 -3.173380e-03  5.000000e+00
-2.515856e-02 -2.249961e-02 -1.125458e-03  5.000000e+00
-1.430542e-02 -2.300838e-02 -3.396745e-03  5.000000e+00
-9.043491e-03 -2.328100e-02 -2.989480e-03  5.000000e+00
 1.448654e-03 -2.365631e-02 -1.744069e-03  5.000000e+00
 1.218998e-02 -2.383415e-02 -5.609969e-04  5.000000e+00
 3.289361e-02 -2.511155e-02  3.637455e-03  5.000000e+00
 5.922925e-02 -2.516291e-02  3.135368e-03  5.000000e+00
-6.127723e-02 -1.623705e-02 -7.756546e-03  5.000000e+00
-5.607171e-02 -1.655514e-02 -7.474407e-03  5.000000e+00
-5.090613e-02 -1.694440e-02 -8.261068e-03  5.000000e+00
-2.480096e-02 -1.862449e-02 -5.537009e-04  5.000000e+00
-1.963918e-02 -1.931668e-02 -6.218568e-04  5.000000e+00
-8.855001e-03 -1.927198e-02 -1.608924e-03  5.000000e+00
-3.597157e-03 -1.939547e-02 -1.332999e-03  5.000000e+00
 6.995856e-03 -1.980074e-02  4.475818e-04  5.000000e+00
 1.744478e-02 -2.008714e-02  6.908167e-04  5.000000e+00
 2.234294e-02 -2.082232e-02  4.420525e-03  5.000000e+00
 5.434878e-02 -2.097897e-02  4.651475e-03  5.000000e+00
-5.078406e-02 -1.297389e-02 -5.910306e-03  5.000000e+00
-4.558983e-02 -1.339971e-02 -5.993154e-03  5.000000e+00
-3.511840e-02 -1.380615e-02 -4.491070e-03  5.000000e+00
-1.513208e-02 -1.572207e-02  3.844941e-03  5.000000e+00
 2.279220e-03 -1.571229e-02  1.486873e-03  5.000000e+00
 7.328253e-03 -1.572271e-02  1.699669e-03  5.000000e+00
 1.255820e-02 -1.576388e-02  2.103983e-03  5.000000e+00
 1.782918e-02 -1.604171e-02  1.705223e-03  5.000000e+00
 2.804663e-02 -1.683508e-02  3.732896e-03  5.000000e+00
 3.329571e-02 -1.685784e-02  3.652671e-03  5.000000e+00
 3.834975e-02 -1.689386e-02  5.572586e-03  5.000000e+00
 4.903638e-02 -1.735267e-02  3.681966e-03  5.000000e+00
 5.437595e-02 -1.764662e-02  1.403318e-03  5.000000e+00
-6.165794e-02 -9.368147e-03 -1.388832e-03  5.000000e+00
-5.087708e-02 -9.459902e-03 -3.871713e-03  5.000000e+00
-4.039525e-02 -9.786063e-03 -5.031113e-03  5.000000e+00
-3.500846e-02 -9.934180e-03 -5.063034e-03  5.000000e+00
-2.460803e-02 -1.047533e-02 -2.890892e-03  5.000000e+00
-1.929780e-02 -1.083360e-02 -4.036837e-03  5.000000e+00
-1.420916e-02 -1.093574e-02 -3.201419e-03  5.000000e+00
 2.244871e-03 -1.156030e-02  2.809994e-03  5.000000e+00
 7.183703e-03 -1.185021e-02  2.541909e-03  5.000000e+00
 1.777953e-02 -1.199332e-02  2.828674e-03  5.000000e+00
 2.845077e-02 -1.295115e-02  3.064125e-03  5.000000e+00
 3.356817e-02 -1.280925e-02  3.935318e-03  5.000000e+00
-5.621990e-02 -6.197684e-03  4.542260e-04  5.000000e+00
-4.012364e-02 -6.226365e-03 -2.591779e-03  5.000000e+00
-3.476134e-02 -6.288700e-03 -2.461054e-03  5.000000e+00
-2.940254e-02 -6.642853e-03 -4.071889e-03  5.000000e+00
-2.417122e-02 -6.450418e-03 -3.215830e-03  5.000000e+00
-1.386205e-02 -6.961924e-03 -2.454653e-03  5.000000e+00
-3.232041e-03 -7.416202e-03 -2.364553e-04  5.000000e+00
 1.989828e-03 -7.751054e-03  4.013741e-04  5.000000e+00
 7.227957e-03 -7.750056e-03  2.864164e-04  5.000000e+00
 2.868158e-02 -8.797732e-03  4.444337e-03  5.000000e+00
 3.391664e-02 -8.876047e-03  3.314092e-03  5.000000e+00
-4.644173e-02 -3.562780e-03  6.243356e-03  5.000000e+00
-2.409100e-02 -2.790138e-03 -1.994411e-03  5.000000e+00
-1.875040e-02 -3.036547e-03 -2.965499e-03  5.000000e+00
-1.352832e-02 -3.075987e-03 -1.430249e-03  5.000000e+00
-8.263900e-03 -3.189954e-03 -4.692380e-04  5.000000e+00
-3.001439e-03 -3.502640e-03  6.341391e-05  5.000000e+00
 2.165366e-03 -3.674913e-03 -6.327942e-04  5.000000e+00
 1.271340e-02 -4.044362e-03  9.815445e-05  5.000000e+00
 1.801674e-02 -4.065341e-03 -2.259201e-04  5.000000e+00
 2.347272e-02 -4.380548e-03  1.807285e-04  5.000000e+00
 3.375161e-02 -5.015060e-03  9.456820e-04  5.000000e+00
-6.631691e-02  2.326381e-03 -3.541424e-04  5.000000e+00
-5.137958e-02  1.489990e-03  8.223542e-04  5.000000e+00
-2.906244e-02  1.122491e-03 -2.894225e-03  5.000000e+00
-1.855585e-02  7.390716e-04 -2.121512e-03  5.000000e+00
-1.336554e-02  8.655014e-04 -1.121276e-03  5.000000e+00
-2.928609e-03  5.383982e-04 -1.179185e-03  5.000000e+00
 2.294326e-03  3.398100e-04 -1.470720e-03  5.000000e+00
 7.605389e-03  6.071435e-05 -8.392745e-04  5.000000e+00
 1.286193e-02 -7.609070e-05 -9.156458e-04  5.000000e+00
 1.815028e-02 -3.005903e-04 -4.571945e-04  5.000000e+00
 2.341867e-02 -4.345360e-04  1.692961e-04  5.000000e+00
 3.402827e-02 -7.664172e-04  5.679602e-04  5.000000e+00
 3.916351e-02 -1.604179e-03 -1.928023e-04  5.000000e+00
-6.078204e-02  5.985646e-03 -9.815898e-04  5.000000e+00
-4.510053e-02  5.600003e-03  3.993523e-04  5.000000e+00
-2.372518e-02  4.780073e-03 -7.416352e-04  5.000000e+00
-1.846529e-02  4.745285e-03 -1.160429e-03  5.000000e+00
-8.016873e-03  4.765052e-03 -3.751582e-05  5.000000e+00
 7.833446e-03  4.049524e-03 -7.796186e-04  5.000000e+00
 1.829308e-02  3.498484e-03 -4.231422e-04  5.000000e+00
 5.038947e-02  3.618850e-04 -1.187906e-02  5.000000e+00
 6.561979e-02  2.135767e-03 -5.876875e-03  5.000000e+00
-5.557179e-02  9.559777e-03  1.147695e-03  5.000000e+00
-3.960365e-02  9.326350e-03  2.940574e-03  5.000000e+00
-3.445528e-02  8.869037e-03  2.780849e-03  5.000000e+00
-1.311075e-02  8.797179e-03 -4.564852e-04  5.000000e+00
-7.804070e-03  8.789100e-03 -8.965446e-05  5.000000e+00
-2.554967e-03  8.622601e-03 -3.820624e-04  5.000000e+00
 2.634423e-03  8.203334e-03  3.994866e-04  5.000000e+00
 7.838983e-03  8.204715e-03  1.106278e-03  5.000000e+00
 1.320093e-02  7.856212e-03  4.935473e-04  5.000000e+00
 1.834854e-02  7.610393e-03 -4.106241e-04  5.000000e+00
 2.356395e-02  7.352955e-03 -9.619547e-04  5.000000e+00
 5.588835e-02  5.536807e-03 -7.855896e-03  5.000000e+00
-6.564111e-02  1.408972e-02  3.489341e-03  5.000000e+00
-4.990775e-02  1.346081e-02  2.825472e-03  5.000000e+00
-3.432698e-02  1.294266e-02  3.166950e-03  5.000000e+00
-2.387125e-02  1.270066e-02  2.440489e-03  5.000000e+00
-2.337546e-03  1.252314e-02  7.918209e-04  5.000000e+00
 2.874491e-03  1.223668e-02  9.946934e-05  5.000000e+00
 8.176874e-03  1.198391e-02  2.671545e-04  5.000000e+00
 1.338422e-02  1.175677e-02  6.207169e-04  5.000000e+00
 1.868380e-02  1.160679e-02 -3.187303e-04  5.000000e+00
 2.388681e-02  1.128903e-02 -2.206737e-03  5.000000e+00
 2.904516e-02  1.111551e-02 -2.311104e-03  5.000000e+00
 5.195536e-02  1.043239e-02  1.158895e-03  5.000000e+00
 6.622806e-02  1.013098e-02 -2.917171e-03  5.000000e+00
-2.369815e-02  1.678554e-02  2.421857e-03  5.000000e+00
-1.304699e-02  1.654713e-02  3.213082e-03  5.000000e+00
 3.237733e-03  1.605924e-02  8.580330e-04  5.000000e+00
 8.302269e-03  1.581666e-02 -4.227791e-04  5.000000e+00
 1.362987e-02  1.544763e-02 -8.682685e-04  5.000000e+00
 4.514118e-02  1.478715e-02 -2.911696e-03  5.000000e+00
 6.080091e-02  1.455538e-02 -3.918069e-03  5.000000e+00
 6.609692e-02  1.427313e-02 -2.977026e-03  5.000000e+00
-6.003924e-02  2.220744e-02  3.029452e-03  5.000000e+00
-4.978804e-02  2.145322e-02  5.280949e-03  5.000000e+00
-2.874824e-02  2.084981e-02  4.598530e-03  5.000000e+00
-7.301897e-03  2.056296e-02  3.358875e-03  5.000000e+00
-1.840584e-03  2.041275e-02  5.051808e-03  5.000000e+00
 1.352789e-02  1.964672e-02  1.222352e-04  5.000000e+00
 1.882090e-02  1.952884e-02 -2.125519e-04  5.000000e+00
 2.411151e-02  1.958518e-02 -8.389830e-04  5.000000e+00
 2.944952e-02  1.934329e-02 -8.395876e-04  5.000000e+00
 3.928747e-02  1.974563e-02 -8.689510e-03  5.000000e+00
-3.875192e-02  2.555139e-02  2.660296e-03  5.000000e+00
-2.856013e-02  2.528010e-02  7.151389e-04  5.000000e+00
-1.776202e-02  2.498122e-02  1.724251e-03  5.000000e+00
-1.792729e-03  2.434555e-02  4.395356e-03  5.000000e+00
 8.622536e-03  2.388750e-02  4.101240e-03  5.000000e+00
 1.888813e-02  2.346401e-02 -1.437385e-03  5.000000e+00
 2.421227e-02  2.335650e-02 -1.418923e-03  5.000000e+00
 3.442343e-02  2.338640e-02 -4.647340e-03  5.000000e+00
 3.955701e-02  2.343169e-02 -5.113189e-03  5.000000e+00
 5.029479e-02  2.248750e-02 -2.503912e-03  5.000000e+00
-4.393928e-02  2.930517e-02  3.478910e-03  5.000000e+00
-3.874269e-02  2.936148e-02  3.237287e-03  5.000000e+00
-2.839228e-02  2.942133e-02  2.752244e-04  5.000000e+00
-1.756576e-02  2.861209e-02  4.101615e-03  5.000000e+00
 2.455875e-02  2.676691e-02 -5.230907e-03  5.000000e+00
 3.454698e-02  2.714639e-02 -4.888686e-03  5.000000e+00
 6.587379e-02  2.583226e-02 -5.329598e-03  5.000000e+00
-1.798795e-02  3.235357e-02  5.330974e-03  5.000000e+00
-7.086441e-03  3.206554e-02  5.435061e-03  5.000000e+00
 2.546060e-02  3.039660e-02 -6.553740e-03  5.000000e+00
 2.999568e-02  3.067676e-02 -6.223257e-03  5.000000e+00
 3.479888e-02  3.069038e-02 -7.251450e-03  5.000000e+00
 5.560915e-02  2.964848e-02 -4.056364e-03  5.000000e+00
-3.322733e-02  3.719506e-02  4.169646e-03  5.000000e+00
-1.777310e-02  3.658556e-02  2.904778e-03  5.000000e+00
-1.219962e-02  3.649172e-02  7.303098e-03  5.000000e+00
 3.071694e-02  3.427461e-02 -6.177855e-03  5.000000e+00
-2.784517e-02  4.062633e-02  5.579481e-03  5.000000e+00
 4.046552e-03  4.000720e-02  3.003993e-03  5.000000e+00
 2.061153e-02  3.917201e-02  2.124907e-03  5.000000e+00
 3.104516e-02  3.845061e-02 -3.078937e-03  5.000000e+00
-2.209618e-02  4.464560e-02  6.473544e-03  5.000000e+00
-1.694319e-02  4.443301e-02  4.326664e-03  5.000000e+00
 9.541924e-03  4.370679e-02  2.547386e-03  5.000000e+00
-1.665514e-02  5.243439e-02  2.437763e-03  5.000000e+00
