-1.027129e-01 -2.283307e-02 -2.818184e-02  1.000000e+00
-1.051759e-01 -3.540012e-02 -3.419228e-02  1.000000e+00
-9.734270e-02 -2.373884e-02 -2.526722e-02  1.000000e+00
-1.110044e-01 -5.002203e-02 -4.972692e-02  1.000000e+00
-1.084221e-01 -4.586468e-02 -4.405216e-02  1.000000e+00
-1.008496e-01 -3.493369e-02 -2.910688e-02  1.000000e+00
-9.746274e-02 -3.156806e-02 -2.635581e-02  1.000000e+00
-9.450740e-02 -2.748080e-02 -2.473699e-02  1.000000e+00
-7.898173e-02 -2.106053e-02 -2.781931e-02  1.000000e+00
-1.117064e-01 -5.607618e-02 -5.489917e-02  1.000000e+00
-1.090262e-01 -5.219424e-02 -4.938584e-02  1.000000e+00
-1.016415e-01 -4.083197e-02 -3.428304e-02  1.000000e+00
-9.835324e-02 -3.728089e-02 -3.009074e-02  1.000000e+00
-9.496765e-02 -3.426657e-02 -2.741600e-02  1.000000e+00
-9.172805e-02 -3.081874e-02 -2.472450e-02  1.000000e+00
-7.637088e-02 -2.447271e-02 -2.826144e-02  1.000000e+00
-7.042389e-02 -1.548002e-02 -2.630303e-02  1.000000e+00
-1.074280e-01 -5.505968e-02 -5.047040e-02  1.000000e+00
-1.048841e-01 -5.104595e-02 -4.511094e-02  1.000000e+00
-1.022464e-01 -4.680856e-02 -3.979914e-02  1.000000e+00
-8.910155e-02 -3.351250e-02 -2.595842e-02  1.000000e+00
-8.507088e-02 -3.107983e-02 -2.455871e-02  1.000000e+00
-7.429436e-02 -2.870286e-02 -2.757866e-02  1.000000e+00
-1.122642e-01 -6.811193e-02 -6.433847e-02  1.000000e+00
-1.101878e-01 -6.445602e-02 -5.983379e-02  1.000000e+00
-1.077923e-01 -6.129890e-02 -5.551937e-02  1.000000e+00
-1.063113e-01 -5.713908e-02 -5.173753e-02  1.000000e+00
-1.036768e-01 -5.267138e-02 -4.603091e-02  1.000000e+00
-1.007013e-01 -4.910139e-02 -4.181543e-02  1.000000e+00
-9.375041e-02 -4.217362e-02 -3.418894e-02  1.000000e+00
-9.017364e-02 -3.897719e-02 -3.079694e-02  1.000000e+00
-8.640241e-02 -3.588258e-02 -2.761390e-02  1.000000e+00
-8.227154e-02 -3.345793e-02 -2.614410e-02  1.000000e+00
-7.242068e-02 -3.086375e-02 -2.604008e-02  1.000000e+00
-6.591540e-02 -2.808332e-02 -2.219721e-02  1.000000e+00
-1.107274e-01 -7.014954e-02 -6.441793e-02  1.000000e+00
-1.080294e-01 -6.678569e-02 -6.002522e-02  1.000000e+00
-1.054943e-01 -6.296962e-02 -5.532861e-02  1.000000e+00
-1.034366e-01 -5.893562e-02 -5.100074e-02  1.000000e+00
-9.204058e-02 -4.467200e-02 -3.703695e-02  1.000000e+00
-7.538207e-02 -3.430637e-02 -2.608206e-02  1.000000e+00
-6.980470e-02 -3.391154e-02 -2.686215e-02  1.000000e+00
-6.523403e-02 -3.300627e-02 -2.578442e-02  1.000000e+00
-1.092494e-01 -7.276761e-02 -6.645246e-02  1.000000e+00
-1.012471e-01 -6.104784e-02 -5.166918e-02  1.000000e+00
-9.836030e-02 -5.741409e-02 -4.757163e-02  1.000000e+00
-9.151002e-02 -5.048136e-02 -4.031180e-02  1.000000e+00
-7.753983e-02 -3.911903e-02 -2.938890e-02  1.000000e+00
-7.343735e-02 -3.746548e-02 -2.796014e-02  1.000000e+00
-6.847808e-02 -3.626801e-02 -2.650574e-02  1.000000e+00
-6.280410e-02 -3.605506e-02 -2.589112e-02  1.000000e+00
-5.620980e-02 -3.453172e-02 -1.928515e-02  1.000000e+00
-1.084024e-01 -7.502690e-02 -6.708464e-02  1.000000e+00
-1.000364e-01 -6.358816e-02 -5.399815e-02  1.000000e+00
-8.968987e-02 -5.350428e-02 -4.175849e-02  1.000000e+00
-8.616139e-02 -5.018067e-02 -3.846508e-02  1.000000e+00
-8.243252e-02 -4.690669e-02 -3.533759e-02  1.000000e+00
-7.877395e-02 -4.395764e-02 -3.202378e-02  1.000000e+00
-7.056269e-02 -4.053251e-02 -2.876666e-02  1.000000e+00
-5.279109e-02 -3.727880e-02 -1.929050e-02  1.000000e+00
-1.088301e-01 -8.149220e-02 -7.237656e-02  1.000000e+00
-9.730865e-02 -6.600492e-02 -5.393034e-02  1.000000e+00
-9.146399e-02 -5.938897e-02 -4.836801e-02  1.000000e+00
-8.517394e-02 -5.280584e-02 -4.187452e-02  1.000000e+00
-8.191751e-02 -4.997849e-02 -3.917843e-02  1.000000e+00
-6.770880e-02 -4.352778e-02 -2.943271e-02  1.000000e+00
-6.401917e-02 -4.237111e-02 -2.801154e-02  1.000000e+00
-5.911148e-02 -4.173552e-02 -2.592574e-02  1.000000e+00
-4.589956e-02 -3.954914e-02 -1.637042e-02  1.000000e+00
-9.526465e-02 -6.814975e-02 -5.603859e-02  1.000000e+00
-8.852378e-02 -6.152568e-02 -4.891286e-02  1.000000e+00
-8.549262e-02 -5.862365e-02 -4.612891e-02  1.000000e+00
-6.538494e-02 -4.637429e-02 -2.992984e-02  1.000000e+00
-6.089318e-02 -4.510938e-02 -2.778910e-02  1.000000e+00
-4.821881e-02 -4.350233e-02 -2.216123e-02  1.000000e+00
-1.040486e-01 -8.561551e-02 -7.501373e-02  1.000000e+00
-1.011655e-01 -8.187654e-02 -7.086292e-02  1.000000e+00
-9.926361e-02 -7.748775e-02 -6.558755e-02  1.000000e+00
-9.646250e-02 -7.387350e-02 -6.104981e-02  1.000000e+00
-8.629869e-02 -6.419052e-02 -5.060457e-02  1.000000e+00
-7.935970e-02 -5.860033e-02 -4.361624e-02  1.000000e+00
-6.740499e-02 -5.108988e-02 -3.375792e-02  1.000000e+00
-5.850006e-02 -4.813337e-02 -2.870216e-02  1.000000e+00
-1.025050e-01 -8.738167e-02 -7.606245e-02  1.000000e+00
-9.733926e-02 -7.975229e-02 -6.629407e-02  1.000000e+00
-9.062917e-02 -7.330214e-02 -5.959520e-02  1.000000e+00
-8.410600e-02 -6.735553e-02 -5.189972e-02  1.000000e+00
-7.714722e-02 -6.178135e-02 -4.463932e-02  1.000000e+00
-7.354330e-02 -5.938282e-02 -4.109333e-02  1.000000e+00
-6.900739e-02 -5.706156e-02 -3.951151e-02  1.000000e+00
-6.550144e-02 -5.431575e-02 -3.552253e-02  1.000000e+00
-5.207162e-02 -5.000766e-02 -2.751293e-02  1.000000e+00
-4.720335e-02 -4.953797e-02 -2.500316e-02  1.000000e+00
-3.786961e-02 -4.464101e-02 -2.171904e-02  1.000000e+00
-8.943412e-02 -7.654259e-02 -6.194831e-02  1.000000e+00
-8.292863e-02 -7.079861e-02 -5.407160e-02  1.000000e+00
-7.941695e-02 -6.751572e-02 -5.119848e-02  1.000000e+00
-5.972017e-02 -5.582012e-02 -3.506671e-02  1.000000e+00
-9.851369e-02 -8.783697e-02 -7.514751e-02  1.000000e+00
-9.185324e-02 -8.234302e-02 -6.798367e-02  1.000000e+00
-8.540597e-02 -7.613972e-02 -6.001959e-02  1.000000e+00
-8.197694e-02 -7.324172e-02 -5.738895e-02  1.000000e+00
-7.869551e-02 -7.064823e-02 -5.319550e-02  1.000000e+00
-7.139269e-02 -6.522742e-02 -4.677070e-02  1.000000e+00
-6.333897e-02 -6.129395e-02 -4.031979e-02  1.000000e+00
-5.948207e-02 -5.963285e-02 -3.842380e-02  1.000000e+00
-4.574864e-02 -5.506490e-02 -3.047099e-02  1.000000e+00
-9.078579e-02 -8.537653e-02 -6.993783e-02  1.000000e+00
-8.437635e-02 -7.902264e-02 -6.302451e-02  1.000000e+00
-7.737453e-02 -7.396205e-02 -5.515107e-02  1.000000e+00
-6.574255e-02 -6.731065e-02 -4.642397e-02  1.000000e+00
-5.322945e-02 -6.205089e-02 -3.655024e-02  1.000000e+00
-4.055882e-02 -5.942865e-02 -2.903525e-02  1.000000e+00
-8.984797e-02 -8.813656e-02 -7.270012e-02  1.000000e+00
-8.311903e-02 -8.202586e-02 -6.515332e-02  1.000000e+00
-7.630235e-02 -7.709204e-02 -5.756844e-02  1.000000e+00
-7.262361e-02 -7.442638e-02 -5.423788e-02  1.000000e+00
-8.856077e-02 -9.054435e-02 -7.501441e-02  1.000000e+00
-7.192164e-02 -7.830916e-02 -5.613222e-02  1.000000e+00
-6.451407e-02 -7.631642e-02 -4.903828e-02  1.000000e+00
-5.209779e-02 -7.058287e-02 -3.955409e-02  1.000000e+00
-8.478446e-02 -9.115877e-02 -7.215010e-02  1.000000e+00
-8.121816e-02 -8.943563e-02 -6.867387e-02  1.000000e+00
-7.438022e-02 -8.430187e-02 -6.107008e-02  1.000000e+00
-7.143728e-02 -8.275220e-02 -5.677225e-02  1.000000e+00
-5.952696e-02 -7.649443e-02 -4.684193e-02  1.000000e+00
-7.226242e-02 -9.128446e-02 -6.379310e-02  1.000000e+00
 2.700634e-02  1.132052e-01 -8.791177e-02  2.000000e+00
 2.664499e-02  1.124406e-01 -8.653606e-02  2.000000e+00
 2.632536e-02  1.118503e-01 -8.511909e-02  2.000000e+00
 2.574073e-02  1.106377e-01 -8.323314e-02  2.000000e+00
 2.584385e-02  1.108970e-01 -8.279106e-02  2.000000e+00
 2.503803e-02  1.092553e-01 -8.018116e-02  2.000000e+00
 2.438007e-02  1.079228e-01 -7.776029e-02  2.000000e+00
 2.372214e-02  1.065905e-01 -7.533970e-02  2.000000e+00
 2.485965e-02  1.079090e-01 -7.555210e-02  2.000000e+00
 2.240625e-02  1.039257e-01 -7.049824e-02  2.000000e+00
 2.424098e-02  1.045045e-01 -6.729502e-02  2.000000e+00
 2.535313e-02  1.055879e-01 -6.726742e-02  2.000000e+00
 1.959456e-02  9.821794e-02 -6.057428e-02  2.000000e+00
 2.634898e-02  1.024297e-01 -5.773320e-02  2.000000e+00
 2.145918e-02  9.901427e-02 -5.766849e-02  2.000000e+00
 1.797998e-02  9.494737e-02 -5.534270e-02  2.000000e+00
 1.724986e-02  9.346676e-02 -5.282163e-02  2.000000e+00
 1.937210e-02  9.488436e-02 -5.043231e-02  2.000000e+00
 2.305104e-02  9.551642e-02 -4.568138e-02  2.000000e+00
 1.448337e-02  8.797030e-02 -4.462110e-02  2.000000e+00
 1.623813e-02  9.037223e-02 -4.556450e-02  2.000000e+00
 2.236746e-02  9.392072e-02 -4.306662e-02  2.000000e+00
 2.486093e-02  9.294086e-02 -3.663453e-02  2.000000e+00
 1.313658e-02  8.418108e-02 -3.686325e-02  2.000000e+00
 1.853090e-02  8.893575e-02 -3.687947e-02  2.000000e+00
-1.570886e-01  3.623996e-02  1.429681e-02  2.000000e+00
 1.150167e-02  8.091341e-02 -3.161223e-02  2.000000e+00
 2.175165e-02  8.777853e-02 -3.008848e-02  2.000000e+00
-1.556670e-01  3.316391e-02  1.005623e-02  2.000000e+00
 8.928420e-03  7.795942e-02 -2.960883e-02  2.000000e+00
 1.067787e-02  7.927551e-02 -2.905567e-02  2.000000e+00
 1.354078e-02  8.122608e-02 -2.850076e-02  2.000000e+00
-1.472944e-01  3.366825e-02  9.910432e-03  2.000000e+00
 2.137149e-02  8.484531e-02 -2.441019e-02  2.000000e+00
 2.558467e-02  8.614075e-02 -2.447900e-02  2.000000e+00
-1.409374e-01  3.214883e-02  7.106520e-03  2.000000e+00
 2.589762e-02  8.472986e-02 -2.235088e-02  2.000000e+00
 3.075311e-02  8.526369e-02 -1.967662e-02  2.000000e+00
-1.466542e-01  2.883842e-02  6.919036e-03  2.000000e+00
-1.300600e-01  3.015756e-02  3.232456e-03  2.000000e+00
 1.323110e-02  7.682331e-02 -1.998092e-02  2.000000e+00
 2.656546e-02  8.318098e-02 -2.033012e-02  2.000000e+00
 3.193727e-02  8.379452e-02 -1.759025e-02  2.000000e+00
-1.370585e-01  2.802403e-02  4.707977e-03  2.000000e+00
-1.283216e-01  2.880859e-02  1.479008e-03  2.000000e+00
 4.544112e-03  7.039261e-02 -1.931851e-02  2.000000e+00
 1.332762e-02  7.502694e-02 -1.682075e-02  2.000000e+00
 4.222643e-03  6.850303e-02 -1.651900e-02  2.000000e+00
 2.553154e-02  7.689827e-02 -1.449918e-02  2.000000e+00
 3.381768e-02  8.026853e-02 -1.398348e-02  2.000000e+00
-1.291048e-01  2.450616e-02  6.387818e-04  2.000000e+00
-1.158018e-01  2.536564e-02 -3.550684e-03  2.000000e+00
 4.087487e-02  7.918892e-02 -1.032077e-02  2.000000e+00
-1.139561e-01  2.300345e-02 -4.412404e-03  2.000000e+00
-9.964352e-02  2.546779e-02 -6.031793e-03  2.000000e+00
-5.267233e-03  6.057382e-02 -1.315662e-02  2.000000e+00
-5.866153e-05  6.290393e-02 -1.287183e-02  2.000000e+00
 2.068367e-02  7.072465e-02 -9.368777e-03  2.000000e+00
 2.524955e-01  1.279099e-01 -5.423159e-02  2.000000e+00
 2.549851e-01  1.292642e-01 -5.516777e-02  2.000000e+00
-2.020488e-02  5.099765e-02 -1.116484e-02  2.000000e+00
-1.506779e-02  5.322173e-02 -1.179174e-02  2.000000e+00
-9.831795e-03  5.628613e-02 -1.115846e-02  2.000000e+00
-4.566129e-03  5.762217e-02 -1.069284e-02  2.000000e+00
 1.641930e-02  6.692985e-02 -9.098324e-03  2.000000e+00
 3.183971e-02  7.174745e-02 -6.865959e-03  2.000000e+00
 3.668877e-02  7.407256e-02 -7.148197e-03  2.000000e+00
 4.181825e-02  7.583169e-02 -5.906303e-03  2.000000e+00
-1.111743e-01  1.814337e-02 -6.880396e-03  2.000000e+00
-1.015802e-01  1.923535e-02 -7.976394e-03  2.000000e+00
-8.652051e-02  2.369551e-02 -8.081520e-03  2.000000e+00
-5.504244e-02  3.499188e-02 -6.623747e-03  2.000000e+00
-4.024028e-02  3.803105e-02 -5.418194e-03  2.000000e+00
-2.978778e-02  4.177636e-02 -6.478730e-03  2.000000e+00
-1.976139e-02  4.707323e-02 -8.234993e-03  2.000000e+00
 3.882795e-02  7.182844e-02 -5.289646e-03  2.000000e+00
 2.469433e-01  1.249400e-01 -5.218966e-02  2.000000e+00
-6.980536e-02  2.709646e-02 -6.292689e-03  2.000000e+00
-2.873316e-02  3.885579e-02 -4.762592e-03  2.000000e+00
 1.460410e-02  5.902357e-02 -3.109183e-03  2.000000e+00
 3.032357e-02  6.469758e-02 -2.995367e-03  2.000000e+00
 3.545786e-02  6.694576e-02 -2.682055e-03  2.000000e+00
 5.048906e-02  7.248062e-02 -2.501973e-03  2.000000e+00
 5.578157e-02  7.312075e-02 -1.186209e-03  2.000000e+00
 2.445795e-01  1.236778e-01 -5.132198e-02  2.000000e+00
 2.479091e-01  1.254826e-01 -5.256686e-02  2.000000e+00
-9.904423e-02  1.307573e-02 -1.125103e-02  2.000000e+00
-8.393459e-02  1.720929e-02 -8.616208e-03  2.000000e+00
-4.279612e-02  3.381487e-02 -6.143235e-03  2.000000e+00
 5.910400e-03  5.132065e-02 -4.859420e-03  2.000000e+00
 4.689639e-02  6.755944e-02 -1.418802e-03  2.000000e+00
 2.422929e-01  1.224536e-01 -5.047932e-02  2.000000e+00
-9.255385e-02  1.231330e-02 -1.109228e-02  2.000000e+00
-4.676361e-02  2.878562e-02 -4.842711e-03  2.000000e+00
-3.091411e-02  3.417830e-02 -4.579966e-03  2.000000e+00
 5.317971e-02  6.481983e-02 -3.632576e-03  2.000000e+00
 2.334277e-01  1.176644e-01 -4.717735e-02  2.000000e+00
 2.400833e-01  1.212665e-01 -4.966129e-02  2.000000e+00
-7.075421e-02  1.547008e-02 -8.310792e-03  2.000000e+00
-6.073577e-02  1.945979e-02 -5.696695e-03  2.000000e+00
-4.560777e-02  2.451269e-02 -3.621185e-03  2.000000e+00
 6.403160e-02  6.480400e-02 -1.271239e-04  2.000000e+00
 2.310624e-01  1.163994e-01 -4.630725e-02  2.000000e+00
-7.453120e-02  1.067231e-02 -1.153351e-02  2.000000e+00
-1.719436e-02  3.270789e-02  4.120074e-05  2.000000e+00
-1.215100e-02  3.441800e-02  5.495071e-04  2.000000e+00
-2.067821e-03  3.979052e-02 -1.048506e-03  2.000000e+00
 1.847588e-02  4.694325e-02  1.149511e-04  2.000000e+00
 2.358398e-02  4.847956e-02  9.888314e-04  2.000000e+00
 3.921849e-02  5.399425e-02  1.608853e-03  2.000000e+00
 4.427210e-02  5.574777e-02  1.462273e-03  2.000000e+00
 7.032455e-02  6.393921e-02  3.768022e-04  2.000000e+00
 7.513156e-02  6.597032e-02 -1.922227e-05  2.000000e+00
 2.254470e-01  1.133719e-01 -4.422083e-02  2.000000e+00
 2.288541e-01  1.152150e-01 -4.549136e-02  2.000000e+00
 2.328363e-01  1.173629e-01 -4.697042e-02  2.000000e+00
 2.368189e-01  1.195112e-01 -4.844879e-02  2.000000e+00
-5.768484e-02  1.326894e-02 -7.902543e-03  2.000000e+00
-4.223517e-02  1.936335e-02 -3.856803e-03  2.000000e+00
-1.061602e-02  3.108873e-02  6.892155e-04  2.000000e+00
 1.955677e-02  4.479892e-02  1.882775e-03  2.000000e+00
 5.056694e-02  5.421037e-02  2.725798e-03  2.000000e+00
 6.575782e-02  5.939993e-02  3.013085e-03  2.000000e+00
 2.199122e-01  1.103887e-01 -4.216479e-02  2.000000e+00
 2.232393e-01  1.121888e-01 -4.340602e-02  2.000000e+00
 2.312012e-01  1.164793e-01 -4.635865e-02  2.000000e+00
-4.077875e-02  1.709278e-02 -3.802412e-03  2.000000e+00
-3.012408e-02  1.978168e-02 -8.645993e-04  2.000000e+00
 5.601278e-03  3.528684e-02  1.820850e-03  2.000000e+00
 1.096051e-02  3.662457e-02  2.764528e-03  2.000000e+00
 3.611166e-02  4.653797e-02  4.127762e-03  2.000000e+00
 4.651311e-02  4.974275e-02  4.910829e-03  2.000000e+00
 8.126841e-02  6.254256e-02  9.884946e-04  2.000000e+00
 2.255819e-01  1.134443e-01 -4.426589e-02  2.000000e+00
-3.894256e-02  1.382998e-02 -2.055467e-03  2.000000e+00
-2.350002e-02  1.881088e-02  1.042284e-03  2.000000e+00
 3.226131e-02  4.110701e-02  4.161241e-03  2.000000e+00
 4.764102e-02  4.618727e-02  5.130635e-03  2.000000e+00
 5.244064e-02  4.802505e-02  4.654473e-03  2.000000e+00
 9.237567e-02  6.361905e-02  2.148016e-03  2.000000e+00
-4.197943e-02  1.002734e-02 -7.013104e-04  2.000000e+00
-1.171669e-02  2.020294e-02  2.509092e-03  2.000000e+00
 4.347785e-03  2.484078e-02  3.269566e-03  2.000000e+00
 4.867840e-02  4.203690e-02  6.123398e-03  2.000000e+00
 6.870380e-02  4.944278e-02  6.303867e-03  2.000000e+00
 8.336643e-02  5.685875e-02  3.858220e-03  2.000000e+00
 1.024775e-01  6.440310e-02  5.386833e-04  2.000000e+00
 2.063964e-01  1.031125e-01 -3.715171e-02  2.000000e+00
 2.108820e-01  1.055186e-01 -3.880410e-02  2.000000e+00
 2.147270e-01  1.075828e-01 -4.022336e-02  2.000000e+00
 2.528384e-02  2.965676e-02  5.805317e-03  2.000000e+00
 1.033358e-01  6.202430e-02  6.881865e-04  2.000000e+00
 1.881689e-01  9.366064e-02 -3.018724e-02  2.000000e+00
 2.092463e-01  1.046161e-01 -3.817650e-02  2.000000e+00
-3.278221e-02  7.274123e-03  1.872995e-03  2.000000e+00
-2.306144e-02  9.320307e-03  2.215783e-03  2.000000e+00
 1.470223e-03  1.714995e-02  4.848135e-03  2.000000e+00
 2.772504e-02  2.648575e-02  5.594041e-03  2.000000e+00
 5.790538e-02  3.692331e-02  4.326811e-03  2.000000e+00
 7.244427e-02  4.306309e-02  8.439625e-03  2.000000e+00
 8.579769e-02  4.975589e-02  5.645002e-03  2.000000e+00
 1.003886e-01  5.665070e-02  2.377058e-03  2.000000e+00
 1.093277e-01  6.223832e-02 -1.482070e-03  2.000000e+00
 1.996564e-01  9.945492e-02 -3.462301e-02  2.000000e+00
-1.653005e-02  7.739034e-03  1.698148e-03  2.000000e+00
-5.999124e-03  9.552561e-03  3.186985e-03  2.000000e+00
 8.171370e-03  1.607544e-02  5.430185e-03  2.000000e+00
 3.848339e-02  2.621517e-02  5.908916e-03  2.000000e+00
 7.419072e-02  3.828296e-02  6.447201e-03  2.000000e+00
 1.200205e-01  6.442669e-02 -1.407696e-03  2.000000e+00
 1.592624e-01  7.791919e-02 -1.935950e-02  2.000000e+00
 1.634208e-01  8.021721e-02 -2.094650e-02  2.000000e+00
 1.769443e-01  8.759160e-02 -2.601791e-02  2.000000e+00
 1.814479e-01  9.004217e-02 -2.770244e-02  2.000000e+00
 1.857706e-01  9.198076e-02 -2.947774e-02  2.000000e+00
 2.078086e-01  1.037528e-01 -3.755613e-02  2.000000e+00
-2.426798e-02  2.224679e-03  2.433759e-03  2.000000e+00
 5.415762e-04  8.061857e-03  3.038292e-03  2.000000e+00
 1.967420e-02  1.504081e-02  7.456044e-03  2.000000e+00
 5.460741e-02  2.773149e-02  5.739437e-03  2.000000e+00
 9.480358e-02  4.459404e-02  4.561567e-03  2.000000e+00
 9.821103e-02  4.833675e-02  2.904358e-03  2.000000e+00
 1.761626e-01  8.678529e-02 -2.589529e-02  2.000000e+00
 1.851171e-01  9.156327e-02 -2.917324e-02  2.000000e+00
 1.896069e-01  9.397788e-02 -3.083513e-02  2.000000e+00
-1.807784e-02 -4.261646e-04 -2.137399e-05  2.000000e+00
-1.340683e-02  6.612923e-04 -1.441421e-04  2.000000e+00
 4.659992e-02  1.929680e-02  5.017404e-03  2.000000e+00
 6.113914e-02  2.671742e-02  7.165499e-03  2.000000e+00
 7.108101e-02  2.992580e-02  8.521681e-03  2.000000e+00
 8.617878e-02  3.599365e-02  6.961138e-03  2.000000e+00
 9.094187e-02  3.781108e-02  5.813473e-03  2.000000e+00
 1.176269e-01  5.434116e-02 -2.945317e-03  2.000000e+00
 1.311746e-01  6.287705e-02 -9.023255e-03  2.000000e+00
 1.351583e-01  6.549028e-02 -1.039264e-02  2.000000e+00
 1.442207e-01  6.981258e-02 -1.379751e-02  2.000000e+00
 1.487264e-01  7.191443e-02 -1.563719e-02  2.000000e+00
 1.622463e-01  7.925236e-02 -2.070002e-02  2.000000e+00
 1.757114e-01  8.648510e-02 -2.567458e-02  2.000000e+00
 8.698310e-03  2.530230e-03  2.452626e-03  2.000000e+00
 1.344178e-02  4.309193e-03  3.485512e-03  2.000000e+00
 3.203166e-02  1.107445e-02  5.090494e-03  2.000000e+00
 1.360084e-01  6.226944e-02 -1.158880e-02  2.000000e+00
-1.537814e-02 -9.282001e-03 -5.404371e-03  2.000000e+00
-5.954246e-03 -6.283847e-03 -1.766539e-03  2.000000e+00
 3.819701e-02  8.477090e-03  5.463902e-03  2.000000e+00
 7.841611e-02  2.390451e-02  9.157842e-03  2.000000e+00
 1.067748e-01  3.856630e-02 -8.623731e-04  2.000000e+00
 1.205250e-01  4.623734e-02 -6.962320e-03  2.000000e+00
 1.458711e-01  6.559627e-02 -1.352886e-02  2.000000e+00
 1.595604e-01  7.305495e-02 -1.879156e-02  2.000000e+00
 1.954830e-01  9.063769e-02 -3.158073e-02  2.000000e+00
 2.552585e-02 -1.831400e-03  2.200993e-03  2.000000e+00
 3.577722e-02  1.869540e-03  3.226779e-03  2.000000e+00
 5.435312e-02  1.093085e-02  7.055048e-03  2.000000e+00
 5.944313e-02  1.313527e-02  5.610495e-03  2.000000e+00
 7.556596e-02  1.728319e-02  7.008478e-03  2.000000e+00
 8.000675e-02  1.961771e-02  7.897187e-03  2.000000e+00
 8.905664e-02  2.423216e-02  7.625658e-03  2.000000e+00
 9.835401e-02  2.965908e-02  3.790290e-03  2.000000e+00
 1.691499e-01  7.789149e-02 -2.212979e-02  2.000000e+00
 1.779598e-01  7.971882e-02 -2.593905e-02  2.000000e+00
 1.825148e-01  8.162684e-02 -2.775220e-02  2.000000e+00
 1.820982e-02 -9.945991e-03 -2.126324e-03  2.000000e+00
 2.702613e-02 -6.449200e-03  1.757189e-03  2.000000e+00
 7.626494e-02  1.474923e-02  8.942089e-03  2.000000e+00
 1.218381e-01  4.084047e-02 -5.892276e-03  2.000000e+00
 1.356436e-01  4.909816e-02 -1.273435e-02  2.000000e+00
 1.706409e-01  7.074253e-02 -2.522226e-02  2.000000e+00
 1.875155e-01  8.168210e-02 -3.016714e-02  2.000000e+00
-1.757648e-03 -1.968368e-02 -6.845289e-03  2.000000e+00
 1.261312e-02 -1.366462e-02 -2.986673e-03  2.000000e+00
 5.728826e-02  3.799057e-03  9.146407e-03  2.000000e+00
 7.166473e-02  9.282327e-03  9.769137e-03  2.000000e+00
 8.689002e-02  1.469611e-02  8.659655e-03  2.000000e+00
 1.000548e-01  2.349508e-02  3.760318e-03  2.000000e+00
 1.087916e-01  3.016594e-02 -4.932021e-04  2.000000e+00
 1.226637e-01  3.799776e-02 -7.046864e-03  2.000000e+00
 1.453110e-01  5.169679e-02 -1.696747e-02  2.000000e+00
 1.542411e-01  5.719442e-02 -2.080446e-02  2.000000e+00
 1.663054e-01  6.682426e-02 -2.387661e-02  2.000000e+00
-8.097230e-03 -2.892817e-02 -1.447358e-02  2.000000e+00
 4.494967e-03 -2.255694e-02 -6.051881e-03  2.000000e+00
 1.864535e-02 -1.647606e-02 -1.793978e-03  2.000000e+00
 3.479142e-02 -1.265138e-02  1.827389e-03  2.000000e+00
 6.787361e-02  3.837530e-03  7.250179e-03  2.000000e+00
 7.786970e-02  7.415388e-03  9.652739e-03  2.000000e+00
 8.292488e-02  9.079055e-03  1.097568e-02  2.000000e+00
 1.366982e-01  4.454480e-02 -1.217361e-02  2.000000e+00
 1.459457e-01  5.019600e-02 -1.719198e-02  2.000000e+00
 1.594448e-01  5.842904e-02 -2.281045e-02  2.000000e+00
-1.622423e-02 -3.584377e-02 -2.163501e-02  2.000000e+00
 1.591546e-02 -2.275780e-02 -4.789389e-03  2.000000e+00
 5.191045e-02 -1.074730e-02  4.147544e-03  2.000000e+00
 5.616436e-02 -8.667179e-03  6.227173e-03  2.000000e+00
 1.772797e-01  6.811679e-02 -2.879184e-02  2.000000e+00
 7.688401e-03 -2.941180e-02 -7.513962e-03  2.000000e+00
 1.223604e-02 -2.707928e-02 -5.837592e-03  2.000000e+00
 1.715913e-02 -2.561594e-02 -4.385158e-03  2.000000e+00
 4.815515e-02 -1.516021e-02  5.221278e-03  2.000000e+00
 5.828405e-02 -1.231018e-02  6.407301e-03  2.000000e+00
 6.230428e-02 -9.895739e-03  7.473019e-03  2.000000e+00
-1.275994e-02 -4.447381e-02 -2.298497e-02  2.000000e+00
 5.490933e-03 -3.660121e-02 -1.434961e-02  2.000000e+00
 2.851366e-02 -2.491229e-02 -1.286400e-03  2.000000e+00
 3.321138e-02 -2.279876e-02  6.726224e-04  2.000000e+00
 5.418563e-02 -1.737883e-02  6.412529e-03  2.000000e+00
 5.922256e-02 -1.588828e-02  7.326658e-03  2.000000e+00
 6.411249e-02 -1.382757e-02  7.849786e-03  2.000000e+00
 6.859236e-02 -1.134633e-02  9.213534e-03  2.000000e+00
-1.762806e-03 -4.347962e-02 -1.927056e-02  2.000000e+00
 1.137753e-02 -3.624624e-02 -1.289051e-02  2.000000e+00
-3.629638e-04 -4.665320e-02 -2.091859e-02  2.000000e+00
 2.132025e-02 -3.512229e-02 -9.998406e-03  2.000000e+00
-1.709460e-02 -5.728548e-02 -3.200781e-02  2.000000e+00
-3.458915e-03 -5.212013e-02 -2.552392e-02  2.000000e+00
 1.073617e-02 -4.600640e-02 -2.101695e-02  2.000000e+00
 1.469738e-02 -4.323232e-02 -1.813064e-02  2.000000e+00
 6.856898e-03 -5.078793e-02 -2.350863e-02  2.000000e+00
-9.833429e-03 -6.207047e-02 -3.360245e-02  2.000000e+00
-1.594221e-04 -5.922454e-02 -3.050474e-02  2.000000e+00
-2.347866e-02 -7.017006e-02 -4.049391e-02  2.000000e+00
-8.484415e-03 -6.545163e-02 -3.530730e-02  2.000000e+00
-7.397340e-03 -6.915869e-02 -3.774859e-02  2.000000e+00
-1.106591e-02 -7.405606e-02 -4.201758e-02  2.000000e+00
-2.570602e-03 -7.081507e-02 -3.864523e-02  2.000000e+00
-2.199424e-02 -8.765674e-02 -5.362934e-02  2.000000e+00
-1.792112e-02 -8.344195e-02 -4.711991e-02  2.000000e+00
-1.708635e-02 -8.652834e-02 -4.967710e-02  2.000000e+00
-6.005284e-03 -8.251371e-02 -4.723894e-02  2.000000e+00
-1.873863e-02 -9.792639e-02 -5.944916e-02  2.000000e+00
-1.756562e-02 -9.539395e-02 -5.692040e-02  2.000000e+00
-1.179341e-02 -9.130686e-02 -5.302597e-02  2.000000e+00
-1.706124e-02 -9.868593e-02 -5.930015e-02  2.000000e+00
-1.764130e-02 -1.043494e-01 -6.416771e-02  2.000000e+00
-1.816605e-02 -1.131375e-01 -7.140806e-02  2.000000e+00
-1.310544e-02 -1.066131e-01 -6.484329e-02  2.000000e+00
-1.378711e-02 -1.118244e-01 -6.880941e-02  2.000000e+00
-1.829654e-02 -1.221406e-01 -7.879864e-02  2.000000e+00
-1.739132e-02 -1.199535e-01 -7.679697e-02  2.000000e+00
-1.617182e-02 -1.230230e-01 -7.818323e-02  2.000000e+00
-1.327327e-02 -1.188483e-01 -7.463968e-02  2.000000e+00
-1.306668e-02 -1.188689e-01 -7.469997e-02  2.000000e+00
-1.304675e-02 -1.259889e-01 -8.045761e-02  2.000000e+00
-1.304492e-02 -1.259481e-01 -8.040287e-02  2.000000e+00
-1.303376e-02 -1.295841e-01 -8.333195e-02  2.000000e+00
-1.302789e-02 -1.311244e-01 -8.455608e-02  2.000000e+00
-1.302250e-02 -1.332491e-01 -8.628411e-02  2.000000e+00
 8.051561e-02 -1.575639e-02  1.545927e-02  3.000000e+00
 9.482112e-02 -1.447203e-02  1.706740e-02  3.000000e+00
 9.789537e-02 -1.390003e-02  2.046797e-02  3.000000e+00
 1.015183e-01 -1.697243e-02  2.393840e-02  3.000000e+00
 7.558595e-02 -2.421083e-02  1.903269e-02  3.000000e+00
 8.715174e-02 -2.304201e-02  2.383631e-02  3.000000e+00
 1.045941e-01 -2.186623e-02  2.689041e-02  3.000000e+00
 1.105070e-01 -2.514663e-02  3.407065e-02  3.000000e+00
 1.213791e-01 -3.435701e-02  4.447866e-02  3.000000e+00
 6.695048e-02 -3.344005e-02  2.147456e-02  3.000000e+00
 6.996457e-02 -2.993975e-02  2.098821e-02  3.000000e+00
 8.587757e-02 -2.643178e-02  2.369236e-02  3.000000e+00
 9.639154e-02 -2.424650e-02  2.723352e-02  3.000000e+00
 1.184760e-01 -3.218006e-02  4.246138e-02  3.000000e+00
 1.219384e-01 -3.510633e-02  4.576303e-02  3.000000e+00
 7.001951e-02 -3.559345e-02  2.384889e-02  3.000000e+00
 8.113299e-02 -3.005206e-02  2.453468e-02  3.000000e+00
 8.327217e-02 -2.950705e-02  2.580443e-02  3.000000e+00
 8.678171e-02 -2.966948e-02  2.694063e-02  3.000000e+00
 1.172140e-01 -3.330357e-02  4.044494e-02  3.000000e+00
 1.200792e-01 -3.389428e-02  4.491838e-02  3.000000e+00
 7.420824e-02 -4.269703e-02  2.822534e-02  3.000000e+00
 7.274986e-02 -3.992120e-02  2.685736e-02  3.000000e+00
 7.566762e-02 -3.511484e-02  2.651358e-02  3.000000e+00
 7.806863e-02 -3.452043e-02  2.719314e-02  3.000000e+00
 8.207020e-02 -3.355840e-02  2.767108e-02  3.000000e+00
 8.854118e-02 -3.282902e-02  3.021437e-02  3.000000e+00
 9.155271e-02 -3.400074e-02  3.196951e-02  3.000000e+00
 9.645507e-02 -3.261626e-02  3.200886e-02  3.000000e+00
 1.034002e-01 -3.046653e-02  3.484298e-02  3.000000e+00
 1.063342e-01 -3.140517e-02  3.632760e-02  3.000000e+00
 1.107882e-01 -3.192981e-02  3.783994e-02  3.000000e+00
 1.246716e-01 -3.874788e-02  4.928746e-02  3.000000e+00
 7.564251e-02 -4.082871e-02  2.926863e-02  3.000000e+00
 8.371214e-02 -3.656841e-02  3.069083e-02  3.000000e+00
 9.030174e-02 -3.594629e-02  3.341989e-02  3.000000e+00
 1.080238e-01 -3.457489e-02  3.979961e-02  3.000000e+00
 1.112167e-01 -3.519541e-02  4.104110e-02  3.000000e+00
 1.150284e-01 -3.608409e-02  4.271947e-02  3.000000e+00
 1.325130e-01 -4.543335e-02  5.757642e-02  3.000000e+00
 7.962381e-02 -4.953023e-02  3.400568e-02  3.000000e+00
 8.282746e-02 -4.015008e-02  3.293465e-02  3.000000e+00
 8.567702e-02 -3.962840e-02  3.379559e-02  3.000000e+00
 8.917904e-02 -3.951512e-02  3.482529e-02  3.000000e+00
 9.535287e-02 -3.971345e-02  3.807177e-02  3.000000e+00
 9.914666e-02 -3.918658e-02  3.866741e-02  3.000000e+00
 1.037236e-01 -3.806234e-02  3.882068e-02  3.000000e+00
 1.129384e-01 -3.825714e-02  4.440374e-02  3.000000e+00
 1.197081e-01 -4.050721e-02  4.791010e-02  3.000000e+00
 1.277306e-01 -4.462168e-02  5.340933e-02  3.000000e+00
 8.314041e-02 -5.429100e-02  3.742464e-02  3.000000e+00
 8.154134e-02 -5.198069e-02  3.641457e-02  3.000000e+00
 8.028674e-02 -4.789983e-02  3.506412e-02  3.000000e+00
 9.084069e-02 -4.282172e-02  3.802526e-02  3.000000e+00
 9.450591e-02 -4.286978e-02  3.931397e-02  3.000000e+00
 9.718628e-02 -4.266728e-02  4.113654e-02  3.000000e+00
 1.008976e-01 -4.237255e-02  4.193098e-02  3.000000e+00
 1.045538e-01 -4.136863e-02  4.193081e-02  3.000000e+00
 1.208770e-01 -4.290107e-02  5.049256e-02  3.000000e+00
 1.315961e-01 -4.923806e-02  5.852100e-02  3.000000e+00
 8.804446e-02 -4.626944e-02  3.913248e-02  3.000000e+00
 9.012483e-02 -4.597343e-02  4.005556e-02  3.000000e+00
 9.268144e-02 -4.607781e-02  4.120094e-02  3.000000e+00
 9.619371e-02 -4.605259e-02  4.242333e-02  3.000000e+00
 9.969698e-02 -4.631261e-02  4.376776e-02  3.000000e+00
 1.063385e-01 -4.458564e-02  4.527838e-02  3.000000e+00
 1.094349e-01 -4.537267e-02  4.677348e-02  3.000000e+00
 1.197604e-01 -4.461427e-02  5.199056e-02  3.000000e+00
 1.363237e-01 -5.367450e-02  6.380636e-02  3.000000e+00
 8.543458e-02 -5.440230e-02  4.166598e-02  3.000000e+00
 9.199774e-02 -5.121998e-02  4.345298e-02  3.000000e+00
 9.058554e-02 -4.952541e-02  4.241099e-02  3.000000e+00
 9.223642e-02 -4.911709e-02  4.310068e-02  3.000000e+00
 9.527048e-02 -4.927145e-02  4.447632e-02  3.000000e+00
 1.043728e-01 -4.878292e-02  4.851094e-02  3.000000e+00
 1.081058e-01 -4.780546e-02  4.862307e-02  3.000000e+00
 1.223134e-01 -4.774901e-02  5.581018e-02  3.000000e+00
 1.244962e-01 -4.935300e-02  5.762903e-02  3.000000e+00
 1.277705e-01 -4.971860e-02  5.874288e-02  3.000000e+00
 1.333458e-01 -5.474357e-02  6.422148e-02  3.000000e+00
 8.951052e-02 -6.182445e-02  4.533008e-02  3.000000e+00
 8.794779e-02 -5.835474e-02  4.443156e-02  3.000000e+00
 9.035785e-02 -5.689129e-02  4.583058e-02  3.000000e+00
 9.461144e-02 -5.591740e-02  4.710054e-02  3.000000e+00
 9.387473e-02 -5.363501e-02  4.590286e-02  3.000000e+00
 9.479649e-02 -5.234844e-02  4.638631e-02  3.000000e+00
 9.968973e-02 -5.264047e-02  4.880943e-02  3.000000e+00
 1.030606e-01 -5.285098e-02  5.013427e-02  3.000000e+00
 1.068953e-01 -5.242969e-02  5.109853e-02  3.000000e+00
 1.098455e-01 -5.101546e-02  5.190464e-02  3.000000e+00
 1.129711e-01 -5.186060e-02  5.346517e-02  3.000000e+00
 1.160945e-01 -5.255014e-02  5.489267e-02  3.000000e+00
 1.201535e-01 -5.515757e-02  5.820925e-02  3.000000e+00
 1.251131e-01 -5.143547e-02  5.876176e-02  3.000000e+00
 1.266882e-01 -5.167208e-02  6.053580e-02  3.000000e+00
 9.213399e-02 -6.450644e-02  4.820266e-02  3.000000e+00
 9.720100e-02 -5.844551e-02  4.983695e-02  3.000000e+00
 9.639318e-02 -5.685383e-02  4.909083e-02  3.000000e+00
 9.562349e-02 -5.596462e-02  4.880405e-02  3.000000e+00
 9.732597e-02 -5.552229e-02  4.954285e-02  3.000000e+00
 9.928263e-02 -5.565202e-02  5.069128e-02  3.000000e+00
 1.022972e-01 -5.581249e-02  5.208893e-02  3.000000e+00
 1.085662e-01 -5.573440e-02  5.428378e-02  3.000000e+00
 1.115482e-01 -5.419269e-02  5.509985e-02  3.000000e+00
 1.147008e-01 -5.509272e-02  5.674909e-02  3.000000e+00
 1.178542e-01 -5.582830e-02  5.825263e-02  3.000000e+00
 1.206947e-01 -5.744568e-02  6.040285e-02  3.000000e+00
 1.371424e-01 -5.870983e-02  6.929744e-02  3.000000e+00
 1.428666e-01 -6.316189e-02  7.433240e-02  3.000000e+00
 9.370122e-02 -6.280791e-02  5.038234e-02  3.000000e+00
 9.860843e-02 -5.968996e-02  5.190923e-02  3.000000e+00
 9.987194e-02 -5.872118e-02  5.275472e-02  3.000000e+00
 1.013882e-01 -5.877670e-02  5.369419e-02  3.000000e+00
 1.065300e-01 -5.945584e-02  5.648236e-02  3.000000e+00
 1.195848e-01 -5.909471e-02  6.156794e-02  3.000000e+00
 1.227630e-01 -5.972269e-02  6.301260e-02  3.000000e+00
 1.262349e-01 -5.936462e-02  6.357444e-02  3.000000e+00
 1.335006e-01 -5.846167e-02  6.859054e-02  3.000000e+00
 9.551962e-02 -6.867074e-02  5.344766e-02  3.000000e+00
 1.007766e-01 -6.211648e-02  5.495568e-02  3.000000e+00
 1.120834e-01 -6.213448e-02  6.047606e-02  3.000000e+00
 1.157429e-01 -6.113478e-02  6.080708e-02  3.000000e+00
 1.212858e-01 -6.234926e-02  6.483596e-02  3.000000e+00
 1.280045e-01 -6.262528e-02  6.697212e-02  3.000000e+00
 1.412918e-01 -6.331418e-02  7.498857e-02  3.000000e+00
 9.926772e-02 -6.817179e-02  5.598323e-02  3.000000e+00
 1.044069e-01 -6.699874e-02  5.854556e-02  3.000000e+00
 1.036351e-01 -6.610366e-02  5.824201e-02  3.000000e+00
 1.176187e-01 -6.436102e-02  6.400206e-02  3.000000e+00
 1.204429e-01 -6.439560e-02  6.594077e-02  3.000000e+00
 1.237041e-01 -6.505751e-02  6.785317e-02  3.000000e+00
 1.261864e-01 -6.631186e-02  6.962894e-02  3.000000e+00
 1.399452e-01 -6.673149e-02  7.456034e-02  3.000000e+00
 1.429918e-01 -6.622061e-02  7.819813e-02  3.000000e+00
 1.074977e-01 -6.804573e-02  6.198499e-02  3.000000e+00
 1.224257e-01 -6.804326e-02  6.856871e-02  3.000000e+00
 1.280207e-01 -6.911629e-02  7.253261e-02  3.000000e+00
 1.376132e-01 -7.034553e-02  7.628814e-02  3.000000e+00
 1.083861e-01 -7.213206e-02  6.418824e-02  3.000000e+00
 1.084539e-01 -7.150773e-02  6.435290e-02  3.000000e+00
 1.128679e-01 -7.148576e-02  6.736742e-02  3.000000e+00
 1.182110e-01 -7.173731e-02  6.990158e-02  3.000000e+00
 1.328894e-01 -7.248678e-02  7.680441e-02  3.000000e+00
 1.137771e-01 -7.458273e-02  6.956441e-02  3.000000e+00
 1.206973e-01 -7.487078e-02  7.314613e-02  3.000000e+00
 1.318026e-01 -7.530312e-02  7.842925e-02  3.000000e+00
 1.445287e-01 -7.636787e-02  8.349075e-02  3.000000e+00
 1.198555e-01 -7.818166e-02  7.501139e-02  3.000000e+00
 1.289897e-01 -7.740774e-02  7.811606e-02  3.000000e+00
 1.337125e-01 -7.853114e-02  8.117292e-02  3.000000e+00
-2.209818e-01  5.076875e-02  4.103522e-02  4.000000e+00
-2.419638e-01  5.654831e-02  5.177972e-02  4.000000e+00
-2.267039e-01  5.272675e-02  4.475591e-02  4.000000e+00
-2.312866e-01  5.391592e-02  4.695016e-02  4.000000e+00
-2.358683e-01  5.510410e-02  4.914214e-02  4.000000e+00
-2.476378e-01  5.810502e-02  5.468325e-02  4.000000e+00
-2.566551e-01  6.034581e-02  5.880809e-02  4.000000e+00
-2.611445e-01  6.144830e-02  6.083654e-02  4.000000e+00
-2.169784e-01  5.028819e-02  4.026350e-02  4.000000e+00
-2.250415e-01  5.244311e-02  4.425980e-02  4.000000e+00
-2.353371e-01  5.508175e-02  4.911590e-02  4.000000e+00
-2.413946e-01  5.663394e-02  5.199498e-02  4.000000e+00
-2.458943e-01  5.774612e-02  5.404238e-02  4.000000e+00
-2.503986e-01  5.886252e-02  5.609844e-02  4.000000e+00
-2.654139e-01  6.257402e-02  6.291792e-02  4.000000e+00
-2.112023e-01  4.888182e-02  3.768699e-02  4.000000e+00
-2.141841e-01  4.975376e-02  3.931836e-02  4.000000e+00
-2.351414e-01  5.515371e-02  4.928980e-02  4.000000e+00
-2.396448e-01  5.626922e-02  5.134166e-02  4.000000e+00
-2.497886e-01  5.876700e-02  5.593722e-02  4.000000e+00
-2.081428e-01  4.832361e-02  3.670568e-02  4.000000e+00
-2.288842e-01  5.366976e-02  4.657810e-02  4.000000e+00
-2.339590e-01  5.492127e-02  4.887535e-02  4.000000e+00
-2.499333e-01  5.886724e-02  5.612901e-02  4.000000e+00
-2.588931e-01  6.105465e-02  6.014707e-02  4.000000e+00
-2.637316e-01  6.223792e-02  6.231832e-02  4.000000e+00
-2.024056e-01  4.695335e-02  3.419658e-02  4.000000e+00
-2.053633e-01  4.780287e-02  3.578554e-02  4.000000e+00
-2.181349e-01  5.108079e-02  4.183580e-02  4.000000e+00
-2.282635e-01  5.356432e-02  4.639226e-02  4.000000e+00
-2.480964e-01  5.842181e-02  5.532165e-02  4.000000e+00
-2.531816e-01  5.968280e-02  5.763579e-02  4.000000e+00
-1.993271e-01  4.637744e-02  3.318102e-02  4.000000e+00
-2.029725e-01  4.734975e-02  3.498549e-02  4.000000e+00
-2.073559e-01  4.846431e-02  3.704083e-02  4.000000e+00
-2.225732e-01  5.221215e-02  4.391921e-02  4.000000e+00
-2.272067e-01  5.333810e-02  4.598668e-02  4.000000e+00
-2.373312e-01  5.581780e-02  5.054499e-02  4.000000e+00
-2.536925e-01  5.983790e-02  5.792051e-02  4.000000e+00
-2.689220e-01  6.359667e-02  6.480960e-02  4.000000e+00
-2.012296e-01  4.699133e-02  3.434138e-02  4.000000e+00
-2.164487e-01  5.074096e-02  4.122699e-02  4.000000e+00
-2.428816e-01  5.719153e-02  5.306432e-02  4.000000e+00
-2.479542e-01  5.844096e-02  5.535451e-02  4.000000e+00
-2.580851e-01  6.092639e-02  5.990779e-02  4.000000e+00
-1.905028e-01  4.442314e-02  2.963968e-02  4.000000e+00
-2.004674e-01  4.675406e-02  3.388742e-02  4.000000e+00
-2.226896e-01  5.220972e-02  4.389536e-02  4.000000e+00
-2.492657e-01  5.879291e-02  5.597984e-02  4.000000e+00
-2.537331e-01  5.987513e-02  5.796836e-02  4.000000e+00
-2.638478e-01  6.234573e-02  6.250300e-02  4.000000e+00
-2.737703e-01  6.478880e-02  6.698292e-02  4.000000e+00
-2.010809e-01  4.685324e-02  3.406220e-02  4.000000e+00
-2.072315e-01  4.834871e-02  3.679816e-02  4.000000e+00
-2.167337e-01  5.068607e-02  4.109480e-02  4.000000e+00
-2.217843e-01  5.191491e-02  4.334462e-02  4.000000e+00
-2.318962e-01  5.438306e-02  4.787332e-02  4.000000e+00
-2.370047e-01  5.566595e-02  5.023833e-02  4.000000e+00
-2.420416e-01  5.688233e-02  5.246954e-02  4.000000e+00
-2.572490e-01  6.062080e-02  5.932639e-02  4.000000e+00
-2.623088e-01  6.185829e-02  6.159446e-02  4.000000e+00
-2.038025e-01  4.829330e-02  3.637941e-02  4.000000e+00
-2.090047e-01  4.862450e-02  3.726052e-02  4.000000e+00
-2.179006e-01  5.086329e-02  4.138907e-02  4.000000e+00
-2.373797e-01  5.569462e-02  5.027652e-02  4.000000e+00
-2.525438e-01  5.939318e-02  5.706287e-02  4.000000e+00
-2.625718e-01  6.186136e-02  6.159047e-02  4.000000e+00
-2.676311e-01  6.309844e-02  6.385912e-02  4.000000e+00
-2.195693e-01  5.115268e-02  4.188787e-02  4.000000e+00
-2.240982e-01  5.229217e-02  4.399168e-02  4.000000e+00
-2.286329e-01  5.343689e-02  4.610384e-02  4.000000e+00
-2.435945e-01  5.713913e-02  5.290152e-02  4.000000e+00
-2.124721e-01  5.015462e-02  3.971814e-02  4.000000e+00
-2.257814e-01  5.259522e-02  4.452269e-02  4.000000e+00
-2.348278e-01  5.486315e-02  4.870114e-02  4.000000e+00
-2.393343e-01  5.598160e-02  5.075963e-02  4.000000e+00
-2.494993e-01  5.849877e-02  5.537531e-02  4.000000e+00
-2.155122e-01  5.071351e-02  4.069480e-02  4.000000e+00
-2.184642e-01  5.157307e-02  4.229944e-02  4.000000e+00
-2.453574e-01  5.735870e-02  5.326215e-02  4.000000e+00
-2.291726e-01  5.418412e-02  4.706980e-02  4.000000e+00
 6.153914e-03 -4.756293e-02 -2.492390e-03  5.000000e+00
-1.013057e-02 -4.390187e-02 -8.869271e-04  5.000000e+00
 1.043651e-03 -4.395905e-02 -1.984262e-03  5.000000e+00
-2.089925e-02 -3.828054e-02  4.477365e-03  5.000000e+00
-4.094116e-03 -4.046124e-02  2.739306e-03  5.000000e+00
 1.356226e-03 -3.990751e-02 -1.984965e-03  5.000000e+00
 1.664720e-02 -4.006760e-02 -6.575347e-03  5.000000e+00
 3.247398e-02 -4.034784e-02 -6.727656e-03  5.000000e+00
-2.526870e-02 -3.409113e-02  3.251848e-03  5.000000e+00
-2.009377e-02 -3.448651e-02  5.132732e-03  5.000000e+00
-1.545066e-02 -3.478160e-02 -7.879460e-06  5.000000e+00
 1.450000e-03 -3.567442e-02 -3.226058e-03  5.000000e+00
 6.644482e-03 -3.592301e-02 -2.031470e-03  5.000000e+00
 1.547007e-03 -3.181691e-02 -1.793495e-03  5.000000e+00
 6.910537e-03 -3.231754e-02 -1.581649e-03  5.000000e+00
 1.185651e-02 -3.183319e-02 -3.572648e-03  5.000000e+00
 2.734512e-02 -3.266397e-02 -7.919259e-03  5.000000e+00
 3.295018e-02 -3.273095e-02 -5.692805e-03  5.000000e+00
 3.817693e-02 -3.283413e-02 -4.682853e-03  5.000000e+00
-1.968839e-02 -2.664318e-02  6.317861e-03  5.000000e+00
-1.458507e-02 -2.632254e-02  5.704555e-03  5.000000e+00
 1.731540e-02 -2.791044e-02 -3.675912e-03  5.000000e+00
 3.836307e-02 -2.888005e-02 -5.001590e-03  5.000000e+00
 4.346290e-02 -2.910840e-02 -4.982363e-03  5.000000e+00
-5.090113e-02 -2.081566e-02  6.987333e-03  5.000000e+00
-3.580073e-02 -2.188651e-02  1.503063e-03  5.000000e+00
-3.037275e-02 -2.234954e-02  2.236605e-03  5.000000e+00
-2.516593e-02 -2.254567e-02  8.808982e-04  5.000000e+00
-1.411934e-02 -2.297424e-02  3.351103e-03  5.000000e+00
-8.925459e-03 -2.322078e-02  2.898322e-03  5.000000e+00
 1.520190e-03 -2.416432e-02  1.291496e-03  5.000000e+00
 1.206484e-02 -2.401835e-02 -2.040877e-03  5.000000e+00
 3.293933e-02 -2.462354e-02 -3.702882e-03  5.000000e+00
 5.914512e-02 -2.535883e-02 -3.988474e-03  5.000000e+00
-6.153891e-02 -1.620409e-02  6.971571e-03  5.000000e+00
-5.626433e-02 -1.638614e-02  7.146691e-03  5.000000e+00
-5.102690e-02 -1.705928e-02  7.732040e-03  5.000000e+00
-2.486225e-02 -1.876063e-02 -2.041653e-04  5.000000e+00
-1.958355e-02 -1.938037e-02  9.395353e-04  5.000000e+00
-8.800338e-03 -1.912764e-02  1.759928e-03  5.000000e+00
-3.324459e-03 -1.973755e-02  2.294380e-03  5.000000e+00
 6.934566e-03 -2.006592e-02 -2.072972e-03  5.000000e+00
 1.739586e-02 -2.020495e-02 -1.864192e-03  5.000000e+00
 2.233082e-02 -2.084091e-02 -5.558104e-03  5.000000e+00
 5.428410e-02 -2.105149e-02 -5.255401e-03  5.000000e+00
-5.096333e-02 -1.305007e-02  4.671210e-03  5.000000e+00
-4.552804e-02 -1.381741e-02  6.669525e-03  5.000000e+00
-3.503123e-02 -1.379500e-02  4.576404e-03  5.000000e+00
-1.514693e-02 -1.571614e-02 -3.670384e-03  5.000000e+00
 2.396121e-03 -1.587697e-02 -9.410131e-04  5.000000e+00
 7.299508e-03 -1.592942e-02 -2.314845e-03  5.000000e+00
 1.246671e-02 -1.602054e-02 -3.319579e-03  5.000000e+00
 1.767573e-02 -1.643974e-02 -2.274179e-03  5.000000e+00
 2.806875e-02 -1.694963e-02 -3.530355e-03  5.000000e+00
 3.336437e-02 -1.677342e-02 -3.823001e-03  5.000000e+00
 3.846380e-02 -1.688244e-02 -5.235255e-03  5.000000e+00
 4.911929e-02 -1.683958e-02 -4.055932e-03  5.000000e+00
 5.447356e-02 -1.763346e-02 -7.284932e-04  5.000000e+00
-6.169336e-02 -9.648994e-03  8.846352e-04  5.000000e+00
-5.108588e-02 -9.186425e-03  4.295677e-03  5.000000e+00
-4.035186e-02 -1.018660e-02  5.893720e-03  5.000000e+00
-3.505656e-02 -9.608820e-03  4.492166e-03  5.000000e+00
-2.456307e-02 -1.042273e-02  2.689872e-03  5.000000e+00
-1.925662e-02 -1.080722e-02  4.306900e-03  5.000000e+00
-1.421236e-02 -1.074384e-02  3.793573e-03  5.000000e+00
 2.316289e-03 -1.164827e-02 -2.139155e-03  5.000000e+00
 7.228700e-03 -1.190751e-02 -2.094483e-03  5.000000e+00
 1.778686e-02 -1.218549e-02 -2.615687e-03  5.000000e+00
 2.845637e-02 -1.301230e-02 -3.974974e-03  5.000000e+00
 3.361331e-02 -1.277481e-02 -4.105552e-03  5.000000e+00
-5.633125e-02 -6.114612e-03 -1.016850e-03  5.000000e+00
-4.012302e-02 -6.467117e-03  3.632189e-03  5.000000e+00
-3.480180e-02 -6.331464e-03  2.148764e-03  5.000000e+00
-2.945858e-02 -6.686067e-03  3.386582e-03  5.000000e+00
-2.423163e-02 -6.438376e-03  2.596805e-03  5.000000e+00
-1.384464e-02 -6.810262e-03  2.427849e-03  5.000000e+00
-3.175664e-03 -7.528969e-03  4.967215e-04  5.000000e+00
 2.003100e-03 -7.729523e-03 -4.354145e-04  5.000000e+00
 7.278026e-03 -7.815277e-03  1.126092e-05  5.000000e+00
 2.864454e-02 -8.765642e-03 -4.690596e-03  5.000000e+00
 3.400237e-02 -8.743664e-03 -4.639126e-03  5.000000e+00
-4.649010e-02 -3.483367e-03 -6.418307e-03  5.000000e+00
-2.416634e-02 -2.594242e-03  2.159154e-03  5.000000e+00
-1.888521e-02 -2.808372e-03  3.881689e-03  5.000000e+00
-1.368406e-02 -2.896021e-03  1.479739e-03  5.000000e+00
-8.217319e-03 -3.173582e-03  5.807061e-04  5.000000e+00
-2.936224e-03 -3.482054e-03  8.929872e-05  5.000000e+00
 2.182314e-03 -3.723004e-03  6.087401e-04  5.000000e+00
 1.283267e-02 -4.166146e-03  3.709276e-04  5.000000e+00
 1.799888e-02 -4.073843e-03 -1.532666e-04  5.000000e+00
 2.344391e-02 -4.442348e-03 -2.604933e-04  5.000000e+00
 3.376761e-02 -5.199088e-03 -6.513040e-04  5.000000e+00
-6.628077e-02  2.399592e-03  8.036332e-05  5.000000e+00
-5.133891e-02  1.591270e-03 -1.038772e-03  5.000000e+00
-2.918952e-02  1.361707e-03  3.673213e-03  5.000000e+00
-1.854377e-02  9.501593e-04  2.464893e-03  5.000000e+00
-1.346928e-02  9.482160e-04  1.456220e-03  5.000000e+00
-2.967282e-03  5.488826e-04  1.327868e-04  5.000000e+00
 2.301480e-03  3.225035e-04  1.577760e-03  5.000000e+00
 7.555007e-03 -5.954501e-05  3.121284e-04  5.000000e+00
 1.292800e-02 -8.935050e-05  6.457406e-04  5.000000e+00
 1.817745e-02 -3.408271e-04  5.783793e-04  5.000000e+00
 2.342428e-02 -3.525810e-04 -9.139548e-05  5.000000e+00
 3.399994e-02 -9.264400e-04 -7.542433e-04  5.000000e+00
 3.921795e-02 -1.870178e-03  7.768186e-04  5.000000e+00
-6.100509e-02  5.655330e-03 -7.596197e-04  5.000000e+00
-4.516871e-02  5.772395e-03  5.537020e-04  5.000000e+00
-2.374141e-02  5.087264e-03  1.624598e-03  5.000000e+00
-1.850265e-02  4.917202e-03  1.528544e-03  5.000000e+00
-8.029014e-03  4.855623e-03 -2.369736e-05  5.000000e+00
 8.064620e-03  3.976873e-03  5.450869e-05  5.000000e+00
 1.858058e-02  3.666148e-03 -9.550109e-04  5.000000e+00
 5.039806e-02  4.326859e-04  1.201049e-02  5.000000e+00
 6.589287e-02  2.593513e-03  5.433502e-03  5.000000e+00
-5.569915e-02  9.787606e-03 -6.702105e-04  5.000000e+00
-3.984396e-02  9.485101e-03 -1.900783e-03  5.000000e+00
-3.448427e-02  9.007390e-03 -2.450366e-03  5.000000e+00
-1.306683e-02  8.949669e-03  5.877965e-04  5.000000e+00
-7.839643e-03  8.884570e-03 -2.477505e-04  5.000000e+00
-2.501911e-03  8.584145e-03  4.233634e-04  5.000000e+00
 2.670531e-03  8.073706e-03 -2.833281e-04  5.000000e+00
 7.854807e-03  8.089542e-03 -1.004026e-03  5.000000e+00
 1.325924e-02  7.874924e-03 -1.108030e-03  5.000000e+00
 1.854343e-02  7.592680e-03  1.213894e-04  5.000000e+00
 2.376290e-02  7.656341e-03  1.125762e-03  5.000000e+00
 5.597251e-02  5.677870e-03  7.467290e-03  5.000000e+00
-6.593357e-02  1.428114e-02 -3.320883e-03  5.000000e+00
-5.014288e-02  1.350146e-02 -2.125777e-03  5.000000e+00
-3.450574e-02  1.303797e-02 -2.861440e-03  5.000000e+00
-2.389504e-02  1.295678e-02 -2.045142e-03  5.000000e+00
-2.207983e-03  1.245345e-02 -5.651881e-04  5.000000e+00
 2.931652e-03  1.206958e-02 -2.690353e-04  5.000000e+00
 8.246505e-03  1.189159e-02 -1.341185e-04  5.000000e+00
 1.361844e-02  1.172967e-02 -8.530577e-04  5.000000e+00
 1.879418e-02  1.165826e-02  2.573555e-04  5.000000e+00
 2.393978e-02  1.143194e-02  2.118895e-03  5.000000e+00
 2.937463e-02  1.096083e-02  2.872901e-03  5.000000e+00
 5.198208e-02  1.022443e-02 -7.113066e-04  5.000000e+00
 6.629670e-02  1.020190e-02  3.867681e-03  5.000000e+00
-2.374525e-02  1.696981e-02 -2.939224e-03  5.000000e+00
-1.296879e-02  1.652288e-02 -3.242772e-03  5.000000e+00
 3.286018e-03  1.604138e-02 -1.145374e-03  5.000000e+00
 8.329901e-03  1.579714e-02  5.366568e-04  5.000000e+00
 1.366645e-02  1.551733e-02  1.498455e-03  5.000000e+00
 4.535106e-02  1.506950e-02  2.437711e-03  5.000000e+00
 6.096963e-02  1.507097e-02  3.659774e-03  5.000000e+00
 6.631936e-02  1.457298e-02  2.460021e-03  5.000000e+00
-6.035820e-02  2.253815e-02 -7.839196e-04  5.000000e+00
-4.992386e-02  2.159014e-02 -3.140949e-03  5.000000e+00
-2.880326e-02  2.119539e-02 -4.221322e-03  5.000000e+00
-7.507162e-03  2.046507e-02 -4.342583e-03  5.000000e+00
-1.992773e-03  2.025939e-02 -5.563896e-03  5.000000e+00
 1.389786e-02  1.961855e-02  2.818345e-03  5.000000e+00
 1.895306e-02  1.971114e-02  3.058314e-03  5.000000e+00
 2.450794e-02  1.953370e-02  2.490172e-03  5.000000e+00
 2.989393e-02  1.925571e-02  2.516187e-03  5.000000e+00
 3.992594e-02  1.971276e-02  8.438561e-03  5.000000e+00
-3.889875e-02  2.584326e-02 -1.206051e-03  5.000000e+00
-2.851869e-02  2.561015e-02 -1.157342e-03  5.000000e+00
-1.778541e-02  2.510488e-02 -2.010843e-03  5.000000e+00
-1.713060e-03  2.426725e-02 -3.940164e-03  5.000000e+00
 8.552283e-03  2.390955e-02 -3.069594e-03  5.000000e+00
 1.889086e-02  2.349453e-02  2.120130e-03  5.000000e+00
 2.419885e-02  2.359280e-02  2.497305e-03  5.000000e+00
 3.450875e-02  2.326265e-02  5.239823e-03  5.000000e+00
 3.983149e-02  2.342271e-02  5.513932e-03  5.000000e+00
 5.065744e-02  2.280227e-02  1.720406e-03  5.000000e+00
-4.411169e-02  2.969349e-02 -2.165418e-03  5.000000e+00
-3.897824e-02  2.943069e-02 -3.168422e-03  5.000000e+00
-2.836496e-02  2.977002e-02 -2.301414e-03  5.000000e+00
-1.832597e-02  2.808872e-02 -8.943836e-03  5.000000e+00
 2.452959e-02  2.689082e-02  6.635861e-03  5.000000e+00
 3.466787e-02  2.686368e-02  6.356262e-03  5.000000e+00
 6.630322e-02  2.572618e-02  2.838459e-03  5.000000e+00
-1.794182e-02  3.247456e-02 -6.651027e-03  5.000000e+00
-7.107787e-03  3.201006e-02 -5.307454e-03  5.000000e+00
 2.572281e-02  3.005803e-02  8.570073e-03  5.000000e+00
 3.004121e-02  3.055788e-02  7.434473e-03  5.000000e+00
 3.495142e-02  3.068111e-02  7.240347e-03  5.000000e+00
 5.574824e-02  2.984330e-02  5.281421e-03  5.000000e+00
-3.331503e-02  3.752221e-02 -4.218607e-03  5.000000e+00
-1.770794e-02  3.700436e-02 -3.498678e-03  5.000000e+00
-1.224847e-02  3.643058e-02 -7.225764e-03  5.000000e+00
 3.070598e-02  3.456661e-02  6.560719e-03  5.000000e+00
-2.777698e-02  4.115224e-02 -6.070176e-03  5.000000e+00
 3.772203e-03  3.976930e-02 -4.399289e-03  5.000000e+00
 2.069222e-02  3.953686e-02 -1.950657e-03  5.000000e+00
 3.115182e-02  3.877871e-02  3.303042e-03  5.000000e+00
-2.224945e-02  4.465495e-02 -8.639306e-03  5.000000e+00
-1.713923e-02  4.440895e-02 -8.613950e-03  5.000000e+00
 9.420991e-03  4.386793e-02 -1.290554e-03  5.000000e+00
-1.645889e-02  5.257649e-02 -4.756656e-03  5.000000e+00
