-1.389988e-01 -2.479408e-02 -3.682462e-03  1.000000e+00
-1.455508e-01 -2.189455e-02 -1.939027e-03  1.000000e+00
-1.333966e-01 -2.382339e-02 -4.529868e-03  1.000000e+00
-1.605853e-01 -2.021878e-02  4.273624e-03  1.000000e+00
-1.550389e-01 -2.017141e-02  2.494295e-03  1.000000e+00
-1.395676e-01 -2.084367e-02 -2.685596e-03  1.000000e+00
-1.348102e-01 -2.253381e-02 -3.831431e-03  1.000000e+00
-1.300307e-01 -2.414728e-02 -4.676951e-03  1.000000e+00
-1.157070e-01 -3.095724e-02 -5.918329e-03  1.000000e+00
-1.636475e-01 -1.785486e-02  9.129222e-03  1.000000e+00
-1.589358e-01 -1.772899e-02  8.047958e-03  1.000000e+00
-1.438598e-01 -1.969372e-02  4.402337e-04  1.000000e+00
-1.385493e-01 -1.908008e-02 -1.791822e-05  1.000000e+00
-1.332072e-01 -1.887091e-02 -1.133546e-03  1.000000e+00
-1.293272e-01 -1.815337e-02 -1.288487e-03  1.000000e+00
-1.177395e-01 -2.317309e-02 -7.185051e-03  1.000000e+00
-1.132442e-01 -1.452846e-02 -1.232712e-03  1.000000e+00
-1.578284e-01 -1.724943e-02  8.758367e-03  1.000000e+00
-1.524927e-01 -1.711989e-02  7.493610e-03  1.000000e+00
-1.497855e-01 -1.884644e-02  4.013780e-03  1.000000e+00
-1.267777e-01 -1.709399e-02  4.026366e-05  1.000000e+00
-1.229268e-01 -1.791770e-02 -2.383601e-03  1.000000e+00
-1.164149e-01 -1.733079e-02 -3.612480e-03  1.000000e+00
-1.700227e-01 -1.432598e-02  1.667969e-02  1.000000e+00
-1.654557e-01 -1.472620e-02  1.491748e-02  1.000000e+00
-1.602278e-01 -1.468932e-02  1.361545e-02  1.000000e+00
-1.566706e-01 -1.577124e-02  1.103178e-02  1.000000e+00
-1.513421e-01 -1.527353e-02  1.035989e-02  1.000000e+00
-1.460276e-01 -1.479561e-02  9.678297e-03  1.000000e+00
-1.359291e-01 -1.517787e-02  6.136673e-03  1.000000e+00
-1.305974e-01 -1.509559e-02  4.802483e-03  1.000000e+00
-1.252452e-01 -1.500892e-02  3.458458e-03  1.000000e+00
-1.204680e-01 -1.385872e-02  3.875625e-03  1.000000e+00
-1.139644e-01 -1.337248e-02  2.610288e-03  1.000000e+00
-1.063276e-01 -7.806027e-03  9.154636e-03  1.000000e+00
-1.693418e-01 -1.321625e-02  1.840453e-02  1.000000e+00
-1.640833e-01 -1.275868e-02  1.777893e-02  1.000000e+00
-1.589419e-01 -1.273992e-02  1.657730e-02  1.000000e+00
-1.537327e-01 -1.233928e-02  1.590213e-02  1.000000e+00
-1.349335e-01 -1.371253e-02  8.703404e-03  1.000000e+00
-1.141208e-01 -1.026370e-02  8.477187e-03  1.000000e+00
-1.112176e-01 -9.445812e-03  8.903815e-03  1.000000e+00
-1.074416e-01 -7.206654e-03  1.139773e-02  1.000000e+00
-1.701567e-01 -1.274519e-02  1.954314e-02  1.000000e+00
-1.523862e-01 -1.051272e-02  1.864201e-02  1.000000e+00
-1.472329e-01 -1.055839e-02  1.730701e-02  1.000000e+00
-1.367749e-01 -1.066910e-02  1.438962e-02  1.000000e+00
-1.162199e-01 -7.423473e-03  1.434899e-02  1.000000e+00
-1.129902e-01 -7.282539e-03  1.361125e-02  1.000000e+00
-1.075803e-01 -5.357646e-03  1.535790e-02  1.000000e+00
-1.055193e-01 -3.982586e-03  1.690226e-02  1.000000e+00
-9.736144e-02  1.069209e-03  2.292075e-02  1.000000e+00
-1.731002e-01 -1.145785e-02  2.339011e-02  1.000000e+00
-1.527691e-01 -9.410012e-03  2.112257e-02  1.000000e+00
-1.360450e-01 -8.370315e-03  1.817057e-02  1.000000e+00
-1.307860e-01 -6.275493e-03  2.040767e-02  1.000000e+00
-1.255458e-01 -5.800968e-03  1.988616e-02  1.000000e+00
-1.203080e-01 -5.660163e-03  1.877852e-02  1.000000e+00
-1.096685e-01 -3.398057e-03  1.978611e-02  1.000000e+00
-9.368972e-02  4.150521e-03  2.800695e-02  1.000000e+00
-1.727535e-01 -7.021546e-03  3.048860e-02  1.000000e+00
-1.506690e-01 -6.151342e-03  2.608316e-02  1.000000e+00
-1.416066e-01 -7.223264e-03  2.203970e-02  1.000000e+00
-1.314384e-01 -5.175006e-03  2.253087e-02  1.000000e+00
-1.268113e-01 -5.356273e-03  2.103462e-02  1.000000e+00
-1.089911e-01 -8.597034e-04  2.436451e-02  1.000000e+00
-1.035850e-01  7.293029e-04  2.568532e-02  1.000000e+00
-9.807038e-02  3.194571e-03  2.856129e-02  1.000000e+00
-8.827564e-02  8.136122e-03  3.381295e-02  1.000000e+00
-1.498829e-01 -5.178886e-03  2.757587e-02  1.000000e+00
-1.394804e-01 -4.184827e-03  2.666902e-02  1.000000e+00
-1.348072e-01 -2.797538e-03  2.786338e-02  1.000000e+00
-1.069519e-01  2.063315e-03  2.922833e-02  1.000000e+00
-1.022641e-01  3.294429e-03  3.023273e-02  1.000000e+00
-8.695483e-02  8.262919e-03  3.475194e-02  1.000000e+00
-1.696633e-01 -3.120183e-03  3.623557e-02  1.000000e+00
-1.645220e-01 -3.348920e-03  3.456721e-02  1.000000e+00
-1.594138e-01 -3.584300e-03  3.291252e-02  1.000000e+00
-1.549348e-01 -3.800625e-03  3.147119e-02  1.000000e+00
-1.384764e-01 -1.252467e-03  3.143087e-02  1.000000e+00
-1.281002e-01 -2.859066e-04  3.055507e-02  1.000000e+00
-1.106105e-01  3.299340e-03  3.235311e-02  1.000000e+00
-1.002338e-01  5.955726e-03  3.472113e-02  1.000000e+00
-1.687473e-01 -2.057109e-03  3.776641e-02  1.000000e+00
-1.584487e-01 -1.742819e-03  3.575024e-02  1.000000e+00
-1.479856e-01  4.646932e-04  3.696877e-02  1.000000e+00
-1.375758e-01  1.464284e-03  3.613127e-02  1.000000e+00
-1.270772e-01  2.395887e-03  3.499084e-02  1.000000e+00
-1.217487e-01  3.964248e-03  3.646545e-02  1.000000e+00
-1.164874e-01  4.332578e-03  3.582575e-02  1.000000e+00
-1.111764e-01  5.128291e-03  3.587709e-02  1.000000e+00
-9.383708e-02  9.420761e-03  3.953698e-02  1.000000e+00
-8.837347e-02  9.052109e-03  3.733276e-02  1.000000e+00
-7.718092e-02  8.020303e-03  3.203639e-02  1.000000e+00
-1.484863e-01  2.494432e-03  4.078725e-02  1.000000e+00
-1.380327e-01  3.404330e-03  3.976143e-02  1.000000e+00
-1.329518e-01  2.958745e-03  3.775568e-02  1.000000e+00
-1.048386e-01  8.793116e-03  4.101785e-02  1.000000e+00
-1.638082e-01  1.436052e-03  4.275639e-02  1.000000e+00
-1.532707e-01  3.545073e-03  4.376969e-02  1.000000e+00
-1.428582e-01  4.433366e-03  4.274895e-02  1.000000e+00
-1.376830e-01  4.340350e-03  4.130169e-02  1.000000e+00
-1.323604e-01  5.388192e-03  4.180232e-02  1.000000e+00
-1.218852e-01  7.216452e-03  4.252526e-02  1.000000e+00
-1.112105e-01  9.196320e-03  4.345876e-02  1.000000e+00
-1.063829e-01  1.009652e-02  4.384609e-02  1.000000e+00
-9.012783e-02  1.031877e-02  4.001952e-02  1.000000e+00
-1.535501e-01  5.467306e-03  4.709285e-02  1.000000e+00
-1.438898e-01  4.968957e-03  4.385127e-02  1.000000e+00
-1.353536e-01  6.429051e-03  4.402187e-02  1.000000e+00
-1.174552e-01  9.595445e-03  4.531264e-02  1.000000e+00
-1.012825e-01  1.159067e-02  4.482889e-02  1.000000e+00
-8.720599e-02  1.511176e-02  3.866673e-02  1.000000e+00
-1.546656e-01  6.372316e-03  4.867052e-02  1.000000e+00
-1.442062e-01  6.763853e-03  4.672339e-02  1.000000e+00
-1.334333e-01  9.378727e-03  4.861887e-02  1.000000e+00
-1.281929e-01  9.671825e-03  4.786455e-02  1.000000e+00
-1.550077e-01  7.260529e-03  5.016242e-02  1.000000e+00
-1.305402e-01  1.324826e-02  4.801556e-02  1.000000e+00
-1.198469e-01  1.513350e-02  4.902888e-02  1.000000e+00
-1.035334e-01  1.557147e-02  4.593098e-02  1.000000e+00
-1.509443e-01  9.693975e-03  5.105074e-02  1.000000e+00
-1.454552e-01  1.139737e-02  5.268190e-02  1.000000e+00
-1.358345e-01  1.383016e-02  5.089229e-02  1.000000e+00
-1.305751e-01  1.518904e-02  5.121978e-02  1.000000e+00
-1.144533e-01  1.695647e-02  5.074133e-02  1.000000e+00
-1.391133e-01  1.636417e-02  5.473116e-02  1.000000e+00
 4.281512e-03 -1.530766e-01 -1.559823e-01  2.000000e+00
 4.282025e-03 -1.530377e-01 -1.559111e-01  2.000000e+00
 4.608090e-03 -1.497074e-01 -1.496263e-01  2.000000e+00
 4.447630e-03 -1.490133e-01 -1.490513e-01  2.000000e+00
 5.492596e-03 -1.475334e-01 -1.433744e-01  2.000000e+00
 5.280162e-03 -1.447482e-01 -1.396602e-01  2.000000e+00
 5.082248e-03 -1.419751e-01 -1.359329e-01  2.000000e+00
 4.852086e-03 -1.391749e-01 -1.322781e-01  2.000000e+00
 7.686173e-03 -1.419416e-01 -1.306091e-01  2.000000e+00
 5.052211e-03 -1.342426e-01 -1.238637e-01  2.000000e+00
 8.259539e-03 -1.338213e-01 -1.172288e-01  2.000000e+00
 1.099027e-02 -1.329076e-01 -1.173534e-01  2.000000e+00
 5.454784e-03 -1.244183e-01 -1.071056e-01  2.000000e+00
 1.433040e-02 -1.244152e-01 -1.067741e-01  2.000000e+00
 8.459924e-03 -1.238098e-01 -1.004865e-01  2.000000e+00
 5.655294e-03 -1.194913e-01 -9.869979e-02  2.000000e+00
 5.620292e-03 -1.168868e-01 -9.471799e-02  2.000000e+00
 7.067373e-03 -1.163159e-01 -8.906220e-02  2.000000e+00
 1.413993e-02 -1.120008e-01 -8.565096e-02  2.000000e+00
 4.570296e-03 -1.081005e-01 -8.435719e-02  2.000000e+00
 6.154856e-03 -1.093126e-01 -8.106381e-02  2.000000e+00
 1.399012e-02 -1.095797e-01 -8.185564e-02  2.000000e+00
 2.024418e-02 -1.034691e-01 -7.781581e-02  2.000000e+00
 4.562416e-03 -9.999377e-02 -7.168939e-02  2.000000e+00
 1.180858e-02 -1.026444e-01 -6.881532e-02  2.000000e+00
-1.456342e-01 -7.057509e-02 -4.662368e-02  2.000000e+00
 4.240533e-03 -9.454392e-02 -6.423706e-02  2.000000e+00
 1.822219e-02 -9.695769e-02 -6.495654e-02  2.000000e+00
-1.456856e-01 -7.029007e-02 -4.546674e-02  2.000000e+00
 2.285349e-04 -9.153363e-02 -6.245817e-02  2.000000e+00
 3.191137e-03 -9.128222e-02 -6.177693e-02  2.000000e+00
 9.704974e-03 -9.204662e-02 -6.251128e-02  2.000000e+00
-1.377597e-01 -6.767720e-02 -4.282085e-02  2.000000e+00
 1.708656e-02 -9.243078e-02 -5.665244e-02  2.000000e+00
 2.264779e-02 -9.049867e-02 -5.825184e-02  2.000000e+00
-1.333219e-01 -6.606552e-02 -4.076556e-02  2.000000e+00
 2.519834e-02 -8.708453e-02 -5.614430e-02  2.000000e+00
 2.872149e-02 -8.659208e-02 -5.648231e-02  2.000000e+00
-1.396355e-01 -6.707679e-02 -4.120528e-02  2.000000e+00
-1.260386e-01 -6.352867e-02 -3.781120e-02  2.000000e+00
 8.159831e-03 -8.288316e-02 -5.312075e-02  2.000000e+00
 2.472891e-02 -8.506968e-02 -5.187792e-02  2.000000e+00
 3.012922e-02 -8.389106e-02 -5.336139e-02  2.000000e+00
-1.316228e-01 -6.499385e-02 -3.824716e-02  2.000000e+00
-1.244464e-01 -6.284218e-02 -3.665498e-02  2.000000e+00
-2.020807e-03 -7.946079e-02 -4.988959e-02  2.000000e+00
 8.794380e-03 -7.956275e-02 -5.157479e-02  2.000000e+00
-1.129522e-03 -7.743518e-02 -4.578758e-02  2.000000e+00
 2.200204e-02 -7.529803e-02 -4.926290e-02  2.000000e+00
 3.280155e-02 -7.752217e-02 -4.752360e-02  2.000000e+00
-1.274638e-01 -6.010836e-02 -3.581118e-02  2.000000e+00
-1.153291e-01 -5.965754e-02 -3.291184e-02  2.000000e+00
 3.887600e-02 -7.387388e-02 -4.510927e-02  2.000000e+00
-1.153002e-01 -5.648058e-02 -3.245223e-02  2.000000e+00
-1.043479e-01 -5.793334e-02 -2.766628e-02  2.000000e+00
-9.575317e-03 -6.721174e-02 -4.374181e-02  2.000000e+00
-4.158321e-03 -6.718326e-02 -4.302237e-02  2.000000e+00
 1.803954e-02 -7.076017e-02 -4.291884e-02  2.000000e+00
 2.404803e-01 -1.158068e-01  1.086128e-01  2.000000e+00
 2.429862e-01 -1.171375e-01  1.103144e-01  2.000000e+00
-2.834150e-02 -6.748392e-02 -3.487000e-02  2.000000e+00
-2.149869e-02 -6.572144e-02 -3.804030e-02  2.000000e+00
-1.469861e-02 -6.395611e-02 -4.117928e-02  2.000000e+00
-8.917384e-03 -6.380862e-02 -4.194242e-02  2.000000e+00
 1.337289e-02 -6.677836e-02 -4.069504e-02  2.000000e+00
 2.971473e-02 -6.594363e-02 -3.997003e-02  2.000000e+00
 3.464834e-02 -6.803476e-02 -3.911479e-02  2.000000e+00
 4.023770e-02 -6.784805e-02 -3.944520e-02  2.000000e+00
-1.144414e-01 -5.456472e-02 -3.014568e-02  2.000000e+00
-1.061458e-01 -5.343821e-02 -2.870533e-02  2.000000e+00
-9.498394e-02 -5.468820e-02 -2.437556e-02  2.000000e+00
-6.345266e-02 -5.422790e-02 -3.008830e-02  2.000000e+00
-4.821418e-02 -5.287445e-02 -3.588064e-02  2.000000e+00
-3.752453e-02 -5.332480e-02 -3.717315e-02  2.000000e+00
-2.948787e-02 -6.683748e-02 -3.325896e-02  2.000000e+00
 3.615913e-02 -6.474875e-02 -3.719228e-02  2.000000e+00
 2.349222e-01 -1.128874e-01  1.049329e-01  2.000000e+00
-8.051447e-02 -5.371051e-02 -2.435330e-02  2.000000e+00
-3.687661e-02 -4.935793e-02 -3.684069e-02  2.000000e+00
 1.088239e-02 -5.611735e-02 -3.872812e-02  2.000000e+00
 2.547314e-02 -6.244594e-02 -3.365919e-02  2.000000e+00
 3.238113e-02 -5.934420e-02 -3.567574e-02  2.000000e+00
 4.728869e-02 -6.195764e-02 -3.338066e-02  2.000000e+00
 5.202522e-02 -6.350257e-02 -3.120460e-02  2.000000e+00
 2.326239e-01 -1.116759e-01  1.033980e-01  2.000000e+00
 2.357821e-01 -1.133493e-01  1.055327e-01  2.000000e+00
-1.069910e-01 -4.884059e-02 -2.694567e-02  2.000000e+00
-9.531618e-02 -4.749234e-02 -2.382702e-02  2.000000e+00
-5.126724e-02 -4.949664e-02 -2.830035e-02  2.000000e+00
 8.330653e-04 -5.252347e-02 -3.619060e-02  2.000000e+00
 4.366492e-02 -5.718316e-02 -3.143662e-02  2.000000e+00
 2.301467e-01 -1.103749e-01  1.017586e-01  2.000000e+00
-1.025914e-01 -4.648836e-02 -2.385871e-02  2.000000e+00
-5.710108e-02 -4.727465e-02 -2.490652e-02  2.000000e+00
-3.920075e-02 -4.559304e-02 -2.860223e-02  2.000000e+00
 4.872446e-02 -5.492220e-02 -2.663258e-02  2.000000e+00
 2.213665e-01 -1.057392e-01  9.587523e-02  2.000000e+00
 2.285248e-01 -1.095260e-01  1.006955e-01  2.000000e+00
-8.518042e-02 -4.242643e-02 -2.068824e-02  2.000000e+00
-7.390495e-02 -4.312518e-02 -2.240081e-02  2.000000e+00
-5.652339e-02 -4.229498e-02 -2.518282e-02  2.000000e+00
 5.916685e-02 -5.426831e-02 -2.219207e-02  2.000000e+00
 2.188882e-01 -1.044371e-01  9.423371e-02  2.000000e+00
-9.138445e-02 -4.009216e-02 -1.768422e-02  2.000000e+00
-2.520973e-02 -3.773541e-02 -2.411578e-02  2.000000e+00
-1.976198e-02 -3.815945e-02 -2.507559e-02  2.000000e+00
-9.085865e-03 -4.198509e-02 -2.734410e-02  2.000000e+00
 1.241184e-02 -4.330461e-02 -2.643561e-02  2.000000e+00
 1.768129e-02 -4.340488e-02 -2.668209e-02  2.000000e+00
 3.380066e-02 -4.493035e-02 -2.521920e-02  2.000000e+00
 3.893276e-02 -4.453360e-02 -2.440298e-02  2.000000e+00
 6.363740e-02 -5.143176e-02 -1.715917e-02  2.000000e+00
 6.819979e-02 -5.321448e-02 -1.583745e-02  2.000000e+00
 2.132517e-01 -1.014615e-01  9.045729e-02  2.000000e+00
 2.165941e-01 -1.032277e-01  9.270237e-02  2.000000e+00
 2.205949e-01 -1.053410e-01  9.538799e-02  2.000000e+00
 2.245196e-01 -1.074190e-01  9.803885e-02  2.000000e+00
-7.261450e-02 -3.633774e-02 -2.091170e-02  2.000000e+00
-5.555428e-02 -3.509679e-02 -2.152172e-02  2.000000e+00
-1.916731e-02 -3.519109e-02 -2.407677e-02  2.000000e+00
 1.356732e-02 -4.027892e-02 -2.384672e-02  2.000000e+00
 4.439484e-02 -4.266466e-02 -2.030870e-02  2.000000e+00
 5.852915e-02 -4.726022e-02 -1.535312e-02  2.000000e+00
 2.076172e-01 -9.848746e-02  8.668409e-02  2.000000e+00
 2.109688e-01 -1.002631e-01  8.894917e-02  2.000000e+00
 2.188784e-01 -1.044383e-01  9.425247e-02  2.000000e+00
-5.467985e-02 -3.267105e-02 -1.943736e-02  2.000000e+00
-4.315690e-02 -3.214555e-02 -2.209862e-02  2.000000e+00
-3.223114e-03 -3.539299e-02 -2.064745e-02  2.000000e+00
 2.435976e-03 -3.426143e-02 -2.136818e-02  2.000000e+00
 2.958550e-02 -3.916918e-02 -1.827841e-02  2.000000e+00
 4.067752e-02 -3.758841e-02 -1.968201e-02  2.000000e+00
 7.328240e-02 -4.971636e-02 -8.648888e-03  2.000000e+00
 2.132402e-01 -1.014608e-01  9.047267e-02  2.000000e+00
-5.341489e-02 -2.929403e-02 -1.957850e-02  2.000000e+00
-3.688634e-02 -2.811773e-02 -1.902260e-02  2.000000e+00
 2.578154e-02 -3.246974e-02 -1.860718e-02  2.000000e+00
 4.078984e-02 -3.410155e-02 -1.612837e-02  2.000000e+00
 4.478017e-02 -3.562299e-02 -1.371346e-02  2.000000e+00
 8.462726e-02 -4.833298e-02 -5.548866e-03  2.000000e+00
-5.793674e-02 -2.562991e-02 -1.935148e-02  2.000000e+00
-2.575298e-02 -2.420171e-02 -1.897701e-02  2.000000e+00
-9.180967e-03 -2.419749e-02 -2.135151e-02  2.000000e+00
 4.014320e-02 -2.966194e-02 -1.329021e-02  2.000000e+00
 5.998946e-02 -3.607623e-02 -8.159352e-03  2.000000e+00
 7.522841e-02 -4.256313e-02 -5.845337e-03  2.000000e+00
 9.480590e-02 -4.916816e-02  5.342933e-04  2.000000e+00
 1.940600e-01 -9.133699e-02  7.762222e-02  2.000000e+00
 1.981134e-01 -9.347613e-02  8.033945e-02  2.000000e+00
 2.021013e-01 -9.557503e-02  8.299623e-02  2.000000e+00
 1.466013e-02 -2.384848e-02 -1.715342e-02  2.000000e+00
 9.445645e-02 -4.628485e-02  4.650394e-03  2.000000e+00
 1.756585e-01 -8.160145e-02  6.523083e-02  2.000000e+00
 1.964512e-01 -9.258657e-02  7.919364e-02  2.000000e+00
-5.005917e-02 -2.036165e-02 -1.474435e-02  2.000000e+00
-4.029849e-02 -1.826923e-02 -1.206636e-02  2.000000e+00
-1.394639e-02 -1.799039e-02 -1.539200e-02  2.000000e+00
 1.540910e-02 -2.088490e-02 -1.309937e-02  2.000000e+00
 4.661949e-02 -2.474751e-02 -5.996753e-03  2.000000e+00
 6.227936e-02 -2.840243e-02 -3.597522e-03  2.000000e+00
 7.571440e-02 -3.397966e-02  1.281573e-03  2.000000e+00
 8.947650e-02 -4.116728e-02  5.585151e-03  2.000000e+00
 9.886373e-02 -4.645163e-02  9.599848e-03  2.000000e+00
 1.868352e-01 -8.751882e-02  7.277609e-02  2.000000e+00
-3.505249e-02 -1.545902e-02 -9.397395e-03  2.000000e+00
-2.416546e-02 -1.406684e-02 -9.925956e-03  2.000000e+00
-7.758015e-03 -1.530199e-02 -1.219153e-02  2.000000e+00
 2.499113e-02 -1.722744e-02 -7.441439e-03  2.000000e+00
 6.091631e-02 -2.488842e-02 -3.073779e-04  2.000000e+00
 1.088497e-01 -5.097593e-02  1.597010e-02  2.000000e+00
 1.462377e-01 -6.602840e-02  4.538934e-02  2.000000e+00
 1.507802e-01 -6.843864e-02  4.847096e-02  2.000000e+00
 1.643807e-01 -7.564669e-02  5.766983e-02  2.000000e+00
 1.688191e-01 -7.797209e-02  6.060073e-02  2.000000e+00
 1.728598e-01 -8.012649e-02  6.337110e-02  2.000000e+00
 1.950325e-01 -9.177725e-02  7.808906e-02  2.000000e+00
-4.567402e-02 -1.572358e-02 -6.086405e-03  2.000000e+00
-1.857917e-02 -1.119302e-02 -1.034435e-02  2.000000e+00
 3.832873e-03 -1.111462e-02 -9.394774e-03  2.000000e+00
 3.989813e-02 -1.560644e-02 -2.690596e-03  2.000000e+00
 8.002931e-02 -2.975401e-02  6.066926e-03  2.000000e+00
 8.446956e-02 -3.201194e-02  8.990773e-03  2.000000e+00
 1.632006e-01 -7.501559e-02  5.686470e-02  2.000000e+00
 1.722304e-01 -7.978242e-02  6.292134e-02  2.000000e+00
 1.767194e-01 -8.214103e-02  6.589740e-02  2.000000e+00
-4.198231e-02 -1.285531e-02 -2.894689e-03  2.000000e+00
-3.695690e-02 -1.161122e-02 -2.273902e-03  2.000000e+00
 2.968298e-02 -1.025045e-02 -6.536924e-04  2.000000e+00
 4.542243e-02 -1.412289e-02 -5.149890e-04  2.000000e+00
 5.564753e-02 -1.681360e-02  1.363094e-03  2.000000e+00
 7.048128e-02 -2.164197e-02  5.957381e-03  2.000000e+00
 7.515731e-02 -2.439224e-02  7.604541e-03  2.000000e+00
 1.044151e-01 -4.126031e-02  2.099668e-02  2.000000e+00
 1.176184e-01 -5.036807e-02  2.678694e-02  2.000000e+00
 1.220501e-01 -5.324583e-02  2.913302e-02  2.000000e+00
 1.311289e-01 -5.805912e-02  3.528477e-02  2.000000e+00
 1.356616e-01 -6.045963e-02  3.834854e-02  2.000000e+00
 1.491946e-01 -6.759572e-02  4.740430e-02  2.000000e+00
 1.627470e-01 -7.475275e-02  5.650175e-02  2.000000e+00
-1.243496e-02 -6.205394e-03 -3.159634e-03  2.000000e+00
-6.649618e-03 -5.307184e-03 -4.039194e-03  2.000000e+00
 1.359328e-02 -6.845113e-03 -9.262638e-04  2.000000e+00
 1.230982e-01 -5.314958e-02  3.024738e-02  2.000000e+00
-4.178455e-02 -5.894550e-03  4.596702e-03  2.000000e+00
-3.070929e-02 -7.460279e-03  2.800886e-03  2.000000e+00
 1.818080e-02 -5.718109e-03  5.301416e-03  2.000000e+00
 6.157011e-02 -1.112374e-02  7.286328e-03  2.000000e+00
 8.903874e-02 -2.891471e-02  1.855913e-02  2.000000e+00
 1.027758e-01 -3.645992e-02  2.651322e-02  2.000000e+00
 1.322408e-01 -5.774965e-02  3.590081e-02  2.000000e+00
 1.461053e-01 -6.378328e-02  4.429351e-02  2.000000e+00
 1.825660e-01 -7.723506e-02  7.057882e-02  2.000000e+00
 2.685416e-03  2.495702e-04  6.598550e-03  2.000000e+00
 1.334307e-02  6.709171e-04  3.805514e-03  2.000000e+00
 3.616597e-02 -1.153893e-03  5.304826e-03  2.000000e+00
 4.117047e-02 -2.189702e-03  6.187612e-03  2.000000e+00
 5.649109e-02 -5.940158e-03  9.051305e-03  2.000000e+00
 6.121471e-02 -8.229866e-03  1.061259e-02  2.000000e+00
 7.029304e-02 -1.386557e-02  1.517837e-02  2.000000e+00
 7.947075e-02 -2.030680e-02  1.810122e-02  2.000000e+00
 1.560855e-01 -6.566154e-02  5.059129e-02  2.000000e+00
 1.638030e-01 -6.787789e-02  5.751532e-02  2.000000e+00
 1.683848e-01 -7.011577e-02  6.080205e-02  2.000000e+00
-8.538173e-03  2.272253e-03  9.025762e-03  2.000000e+00
 2.110111e-03  4.354011e-03  8.173023e-03  2.000000e+00
 5.729008e-02 -2.035800e-03  1.112440e-02  2.000000e+00
 1.028938e-01 -3.017309e-02  2.913192e-02  2.000000e+00
 1.165428e-01 -3.757037e-02  3.665754e-02  2.000000e+00
 1.545077e-01 -6.124308e-02  5.391190e-02  2.000000e+00
 1.725440e-01 -7.097342e-02  6.488722e-02  2.000000e+00
-3.174200e-02  3.572475e-03  1.358750e-02  2.000000e+00
-1.449509e-02  5.697609e-03  1.172304e-02  2.000000e+00
 3.644225e-02  7.268413e-03  9.860382e-03  2.000000e+00
 5.144126e-02  3.772267e-03  1.254096e-02  2.000000e+00
 6.610579e-02 -5.445743e-03  1.595974e-02  2.000000e+00
 7.979567e-02 -1.398635e-02  2.196435e-02  2.000000e+00
 8.891774e-02 -1.998124e-02  2.560689e-02  2.000000e+00
 1.023797e-01 -2.829004e-02  3.061787e-02  2.000000e+00
 1.260836e-01 -4.239308e-02  4.221121e-02  2.000000e+00
 1.351828e-01 -4.773012e-02  4.695542e-02  2.000000e+00
 1.489439e-01 -5.443924e-02  5.646192e-02  2.000000e+00
-4.310847e-02  6.366782e-03  1.932396e-02  2.000000e+00
-2.641377e-02  8.184013e-03  1.747681e-02  2.000000e+00
-9.619743e-03  9.592959e-03  1.274869e-02  2.000000e+00
 6.852672e-03  1.124799e-02  9.625307e-03  2.000000e+00
 4.725537e-02  8.520232e-03  1.124179e-02  2.000000e+00
 5.640293e-02  2.829433e-03  1.548161e-02  2.000000e+00
 6.101337e-02 -2.506080e-04  1.717587e-02  2.000000e+00
 1.162338e-01 -3.495284e-02  3.980396e-02  2.000000e+00
 1.254762e-01 -3.982320e-02  4.553343e-02  2.000000e+00
 1.394544e-01 -4.893691e-02  5.122906e-02  2.000000e+00
-5.445065e-02  6.705082e-03  2.343751e-02  2.000000e+00
-1.579287e-02  1.124552e-02  1.512200e-02  2.000000e+00
 2.414317e-02  1.543668e-02  1.333903e-02  2.000000e+00
 2.923437e-02  1.612737e-02  1.323204e-02  2.000000e+00
 1.574093e-01 -5.677359e-02  6.369368e-02  2.000000e+00
-2.673919e-02  1.423154e-02  2.073573e-02  2.000000e+00
-2.113863e-02  1.356562e-02  1.766997e-02  2.000000e+00
-1.546663e-02  1.409753e-02  1.697654e-02  2.000000e+00
 1.943806e-02  1.941082e-02  1.684633e-02  2.000000e+00
 3.030073e-02  1.848590e-02  1.556057e-02  2.000000e+00
 3.557642e-02  1.796780e-02  1.504311e-02  2.000000e+00
-5.455492e-02  1.338180e-02  2.595153e-02  2.000000e+00
-3.178596e-02  1.528423e-02  2.281724e-02  2.000000e+00
-3.568068e-03  1.779175e-02  2.027489e-02  2.000000e+00
 2.173272e-03  1.793111e-02  1.890981e-02  2.000000e+00
 2.590856e-02  2.121887e-02  1.572433e-02  2.000000e+00
 3.081733e-02  2.101816e-02  1.622458e-02  2.000000e+00
 3.550895e-02  2.178495e-02  1.410469e-02  2.000000e+00
 4.052868e-02  2.282420e-02  1.442698e-02  2.000000e+00
-4.380550e-02  1.714194e-02  2.950443e-02  2.000000e+00
-2.737279e-02  1.691172e-02  2.428246e-02  2.000000e+00
-4.409044e-02  1.878019e-02  3.207273e-02  2.000000e+00
-1.544598e-02  2.007941e-02  2.653675e-02  2.000000e+00
-6.582662e-02  1.844159e-02  3.730068e-02  2.000000e+00
-4.859638e-02  2.134456e-02  3.772851e-02  2.000000e+00
-3.228952e-02  2.100208e-02  3.265339e-02  2.000000e+00
-2.680908e-02  2.117827e-02  3.124129e-02  2.000000e+00
-3.787530e-02  2.279870e-02  3.678474e-02  2.000000e+00
-6.008266e-02  2.345352e-02  4.346893e-02  2.000000e+00
-4.910742e-02  2.505758e-02  4.344636e-02  2.000000e+00
-7.199158e-02  2.449837e-02  4.487158e-02  2.000000e+00
-5.964918e-02  2.575628e-02  4.649242e-02  2.000000e+00
-6.004807e-02  2.771379e-02  4.891394e-02  2.000000e+00
-6.360741e-02  2.919757e-02  5.017964e-02  2.000000e+00
-5.617451e-02  2.957835e-02  5.027097e-02  2.000000e+00
-8.028570e-02  3.160357e-02  5.328196e-02  2.000000e+00
-7.180475e-02  3.316871e-02  5.552459e-02  2.000000e+00
-7.267101e-02  3.450631e-02  5.682060e-02  2.000000e+00
-6.345050e-02  3.406862e-02  5.579164e-02  2.000000e+00
-8.030386e-02  3.810574e-02  6.098963e-02  2.000000e+00
-7.771722e-02  3.779058e-02  6.063728e-02  2.000000e+00
-7.019003e-02  3.881660e-02  6.115106e-02  2.000000e+00
-7.918187e-02  3.910410e-02  6.194761e-02  2.000000e+00
-8.255354e-02  4.111161e-02  6.431408e-02  2.000000e+00
-8.752355e-02  4.439822e-02  6.805341e-02  2.000000e+00
-7.819069e-02  4.494072e-02  6.764259e-02  2.000000e+00
-8.324415e-02  4.607136e-02  6.963620e-02  2.000000e+00
-9.236742e-02  4.771665e-02  7.173186e-02  2.000000e+00
-9.104848e-02  4.695259e-02  7.081305e-02  2.000000e+00
-9.146212e-02  4.888452e-02  7.291742e-02  2.000000e+00
-8.552317e-02  4.937730e-02  7.313567e-02  2.000000e+00
-8.439819e-02  4.968440e-02  7.261184e-02  2.000000e+00
-8.936810e-02  5.226374e-02  7.622658e-02  2.000000e+00
-8.798096e-02  5.242457e-02  7.549806e-02  2.000000e+00
-8.987586e-02  5.387417e-02  7.702767e-02  2.000000e+00
-9.060558e-02  5.442787e-02  7.758054e-02  2.000000e+00
-9.177039e-02  5.532334e-02  7.855582e-02  2.000000e+00
 4.595236e-02  3.805142e-02  5.608708e-03  3.000000e+00
 5.171498e-02  5.293841e-02 -3.370766e-03  3.000000e+00
 5.371078e-02  5.815296e-02 -6.541766e-03  3.000000e+00
 5.566516e-02  6.323282e-02 -9.615833e-03  3.000000e+00
 5.077214e-02  5.074688e-02 -1.645232e-03  3.000000e+00
 4.989136e-02  4.865642e-02 -7.939209e-04  3.000000e+00
 5.712751e-02  6.743987e-02 -1.218986e-02  3.000000e+00
 6.066055e-02  7.653407e-02 -1.771655e-02  3.000000e+00
 6.654448e-02  9.183583e-02 -2.698073e-02  3.000000e+00
 3.251366e-02  4.396220e-02  2.470617e-03  3.000000e+00
 3.824065e-02  5.440744e-02 -1.192056e-03  3.000000e+00
 5.078430e-02  5.106935e-02 -2.106407e-03  3.000000e+00
 5.425553e-02  6.015651e-02 -7.753392e-03  3.000000e+00
 6.510525e-02  8.830509e-02 -2.485677e-02  3.000000e+00
 6.695162e-02  9.307869e-02 -2.773147e-02  3.000000e+00
 3.371893e-02  4.811691e-02  6.023897e-05  3.000000e+00
 4.901463e-02  5.909785e-02 -2.468528e-03  3.000000e+00
 5.262061e-02  5.597199e-02 -4.914078e-03  3.000000e+00
 5.243892e-02  5.554784e-02 -4.783192e-03  3.000000e+00
 6.479804e-02  8.779193e-02 -2.447935e-02  3.000000e+00
 6.608752e-02  9.107727e-02 -2.651682e-02  3.000000e+00
 3.552728e-02  5.457211e-02 -3.351704e-03  3.000000e+00
 3.493788e-02  5.243020e-02 -2.277308e-03  3.000000e+00
 3.746980e-02  5.987391e-02 -6.708519e-03  3.000000e+00
 4.337224e-02  6.123922e-02 -2.432464e-03  3.000000e+00
 4.908226e-02  6.159838e-02 -3.342400e-03  3.000000e+00
 5.406895e-02  5.995310e-02 -7.402908e-03  3.000000e+00
 5.478124e-02  6.186206e-02 -8.632897e-03  3.000000e+00
 5.527156e-02  6.316016e-02 -9.511840e-03  3.000000e+00
 5.821875e-02  7.082659e-02 -1.419690e-02  3.000000e+00
 5.961899e-02  7.448490e-02 -1.644620e-02  3.000000e+00
 6.160777e-02  7.966764e-02 -1.957260e-02  3.000000e+00
 6.862010e-02  9.772364e-02 -3.056765e-02  3.000000e+00
 3.603170e-02  5.608680e-02 -4.498600e-03  3.000000e+00
 4.893242e-02  6.475733e-02 -4.333823e-03  3.000000e+00
 5.567916e-02  6.429201e-02 -9.982452e-03  3.000000e+00
 6.090176e-02  7.800413e-02 -1.855828e-02  3.000000e+00
 6.223277e-02  8.141888e-02 -2.064753e-02  3.000000e+00
 6.393776e-02  8.581130e-02 -2.329896e-02  3.000000e+00
 7.299660e-02  1.093141e-01 -3.762820e-02  3.000000e+00
 3.806869e-02  6.345298e-02 -8.389269e-03  3.000000e+00
 4.447228e-02  6.765977e-02 -6.923040e-03  3.000000e+00
 4.957934e-02  6.905165e-02 -6.228957e-03  3.000000e+00
 5.325703e-02  6.944082e-02 -9.100461e-03  3.000000e+00
 5.803576e-02  7.065246e-02 -1.386131e-02  3.000000e+00
 5.853033e-02  7.196490e-02 -1.474698e-02  3.000000e+00
 5.916694e-02  7.362268e-02 -1.583625e-02  3.000000e+00
 6.342291e-02  8.460311e-02 -2.257658e-02  3.000000e+00
 6.658834e-02  9.285922e-02 -2.762081e-02  3.000000e+00
 7.060214e-02  1.033537e-01 -3.396531e-02  3.000000e+00
 3.967894e-02  6.910028e-02 -1.160019e-02  3.000000e+00
 3.896628e-02  6.659216e-02 -1.029853e-02  3.000000e+00
 3.827470e-02  6.401704e-02 -8.989551e-03  3.000000e+00
 5.391946e-02  7.374078e-02 -1.094465e-02  3.000000e+00
 5.795481e-02  7.304617e-02 -1.422444e-02  3.000000e+00
 5.966840e-02  7.506495e-02 -1.646833e-02  3.000000e+00
 6.017535e-02  7.641475e-02 -1.737836e-02  3.000000e+00
 6.080230e-02  7.804379e-02 -1.844131e-02  3.000000e+00
 6.789290e-02  9.645305e-02 -2.980101e-02  3.000000e+00
 7.328343e-02  1.105402e-01 -3.833746e-02  3.000000e+00
 4.772550e-02  7.606659e-02 -1.112001e-02  3.000000e+00
 5.007462e-02  7.678942e-02 -1.063240e-02  3.000000e+00
 5.453731e-02  7.797517e-02 -1.273625e-02  3.000000e+00
 5.866296e-02  7.734592e-02 -1.598356e-02  3.000000e+00
 6.121112e-02  7.955033e-02 -1.894724e-02  3.000000e+00
 6.242701e-02  8.242559e-02 -2.104935e-02  3.000000e+00
 6.305453e-02  8.405172e-02 -2.211169e-02  3.000000e+00
 6.738573e-02  9.530849e-02 -2.910735e-02  3.000000e+00
 7.597656e-02  1.177623e-01 -4.270327e-02  3.000000e+00
 4.114466e-02  7.383237e-02 -1.487295e-02  3.000000e+00
 4.975610e-02  8.248355e-02 -1.458363e-02  3.000000e+00
 4.913647e-02  8.053652e-02 -1.365334e-02  3.000000e+00
 5.150412e-02  8.118337e-02 -1.310156e-02  3.000000e+00
 5.441978e-02  8.212312e-02 -1.404315e-02  3.000000e+00
 6.343779e-02  8.522983e-02 -2.262041e-02  3.000000e+00
 6.410554e-02  8.698993e-02 -2.377355e-02  3.000000e+00
 6.917616e-02  1.002644e-01 -3.202868e-02  3.000000e+00
 7.013320e-02  1.027200e-01 -3.355688e-02  3.000000e+00
 7.192847e-02  1.074186e-01 -3.640764e-02  3.000000e+00
 7.600551e-02  1.181208e-01 -4.287006e-02  3.000000e+00
 4.279679e-02  7.984976e-02 -1.797638e-02  3.000000e+00
 4.231035e-02  7.794438e-02 -1.713649e-02  3.000000e+00
 4.322278e-02  8.083595e-02 -1.906384e-02  3.000000e+00
 4.766866e-02  8.567776e-02 -1.908732e-02  3.000000e+00
 5.078682e-02  8.575500e-02 -1.643035e-02  3.000000e+00
 5.292967e-02  8.556467e-02 -1.556810e-02  3.000000e+00
 5.923775e-02  8.584327e-02 -1.887608e-02  3.000000e+00
 6.258304e-02  8.816559e-02 -2.243024e-02  3.000000e+00
 6.509188e-02  8.971281e-02 -2.528774e-02  3.000000e+00
 6.577410e-02  9.152056e-02 -2.645811e-02  3.000000e+00
 6.639899e-02  9.314348e-02 -2.752275e-02  3.000000e+00
 6.698794e-02  9.464993e-02 -2.852450e-02  3.000000e+00
 6.911587e-02  1.002907e-01 -3.193468e-02  3.000000e+00
 7.095641e-02  1.051551e-01 -3.488611e-02  3.000000e+00
 7.143771e-02  1.063089e-01 -3.567531e-02  3.000000e+00
 4.397268e-02  8.388360e-02 -2.030018e-02  3.000000e+00
 4.733942e-02  8.796842e-02 -2.137383e-02  3.000000e+00
 5.222334e-02  9.030715e-02 -1.901833e-02  3.000000e+00
 5.192803e-02  8.937631e-02 -1.864990e-02  3.000000e+00
 5.437127e-02  9.000052e-02 -1.806690e-02  3.000000e+00
 5.644235e-02  9.073606e-02 -1.834943e-02  3.000000e+00
 5.981239e-02  9.004548e-02 -2.061158e-02  3.000000e+00
 6.609940e-02  9.412928e-02 -2.725008e-02  3.000000e+00
 6.741570e-02  9.596590e-02 -2.909718e-02  3.000000e+00
 6.806628e-02  9.767239e-02 -3.020805e-02  3.000000e+00
 6.866849e-02  9.922039e-02 -3.123392e-02  3.000000e+00
 6.968265e-02  1.018652e-01 -3.289674e-02  3.000000e+00
 7.720342e-02  1.214729e-01 -4.495432e-02  3.000000e+00
 8.135478e-02  1.324341e-01 -5.158560e-02  3.000000e+00
 4.495455e-02  8.690992e-02 -2.248550e-02  3.000000e+00
 5.254715e-02  9.384465e-02 -2.173424e-02  3.000000e+00
 5.578680e-02  9.434469e-02 -2.048983e-02  3.000000e+00
 5.787991e-02  9.503969e-02 -2.074679e-02  3.000000e+00
 6.305283e-02  9.668012e-02 -2.521288e-02  3.000000e+00
 7.032162e-02  1.036922e-01 -3.389188e-02  3.000000e+00
 7.089564e-02  1.051467e-01 -3.485668e-02  3.000000e+00
 7.235183e-02  1.089732e-01 -3.720287e-02  3.000000e+00
 7.537164e-02  1.168997e-01 -4.206643e-02  3.000000e+00
 4.599973e-02  9.073318e-02 -2.445823e-02  3.000000e+00
 5.467185e-02  9.805318e-02 -2.351093e-02  3.000000e+00
 6.655758e-02  1.026590e-01 -2.990218e-02  3.000000e+00
 7.003001e-02  1.047882e-01 -3.365090e-02  3.000000e+00
 7.197791e-02  1.081859e-01 -3.656304e-02  3.000000e+00
 7.359944e-02  1.123808e-01 -3.922411e-02  3.000000e+00
 7.985644e-02  1.287913e-01 -4.927933e-02  3.000000e+00
 4.748528e-02  9.560435e-02 -2.755087e-02  3.000000e+00
 5.203533e-02  1.002786e-01 -2.753347e-02  3.000000e+00
 5.391771e-02  1.014868e-01 -2.698357e-02  3.000000e+00
 6.983954e-02  1.090661e-01 -3.457102e-02  3.000000e+00
 7.278860e-02  1.122770e-01 -3.817011e-02  3.000000e+00
 7.363039e-02  1.126660e-01 -3.923256e-02  3.000000e+00
 7.423683e-02  1.142259e-01 -4.024555e-02  3.000000e+00
 7.934273e-02  1.275906e-01 -4.847668e-02  3.000000e+00
 8.072248e-02  1.311889e-01 -5.070285e-02  3.000000e+00
 5.996810e-02  1.071816e-01 -2.763861e-02  3.000000e+00
 7.314708e-02  1.154300e-01 -3.930685e-02  3.000000e+00
 7.591305e-02  1.187836e-01 -4.294779e-02  3.000000e+00
 7.896376e-02  1.267167e-01 -4.789984e-02  3.000000e+00
 5.681730e-02  1.098211e-01 -3.141761e-02  3.000000e+00
 5.915647e-02  1.106196e-01 -3.013219e-02  3.000000e+00
 6.901576e-02  1.147351e-01 -3.520376e-02  3.000000e+00
 7.126104e-02  1.158109e-01 -3.757858e-02  3.000000e+00
 7.815142e-02  1.247399e-01 -4.657528e-02  3.000000e+00
 6.371925e-02  1.187344e-01 -3.431439e-02  3.000000e+00
 7.282244e-02  1.201823e-01 -4.010826e-02  3.000000e+00
 7.900473e-02  1.271503e-01 -4.792412e-02  3.000000e+00
 8.286775e-02  1.372031e-01 -5.422387e-02  3.000000e+00
 7.187713e-02  1.257667e-01 -4.090656e-02  3.000000e+00
 7.796297e-02  1.286439e-01 -4.711480e-02  3.000000e+00
 8.051883e-02  1.313616e-01 -5.032543e-02  3.000000e+00
-2.856737e-02 -3.165436e-02  1.354069e-03  4.000000e+00
 3.872945e-03 -2.844398e-02  5.281708e-03  4.000000e+00
-1.298835e-02 -2.502309e-02  4.220966e-03  4.000000e+00
-6.683450e-03 -2.581181e-02  4.879058e-03  4.000000e+00
-1.911757e-03 -2.457789e-02  5.851941e-03  4.000000e+00
 1.332758e-02 -2.323493e-02  2.518269e-03  4.000000e+00
 2.371196e-02 -2.284425e-02 -5.001783e-03  4.000000e+00
 2.916667e-02 -2.314745e-02 -6.443008e-03  4.000000e+00
-2.450247e-02 -2.466272e-02 -7.235831e-04  4.000000e+00
-1.309407e-02 -2.126196e-02  3.536817e-03  4.000000e+00
-1.871406e-03 -2.064681e-02  6.030538e-03  4.000000e+00
 7.066681e-03 -2.002826e-02  2.244870e-03  4.000000e+00
 1.292875e-02 -2.019183e-02  1.914930e-03  4.000000e+00
 1.825423e-02 -1.958728e-02 -4.160675e-03  4.000000e+00
 3.454723e-02 -1.927953e-02 -7.202771e-03  4.000000e+00
-3.181111e-02 -1.934973e-02 -7.794486e-03  4.000000e+00
-2.629957e-02 -2.049127e-02 -4.818106e-03  4.000000e+00
 2.269808e-03 -1.610815e-02  3.878794e-03  4.000000e+00
 7.315927e-03 -1.616699e-02  1.619921e-03  4.000000e+00
 1.931410e-02 -1.620908e-02 -5.735401e-03  4.000000e+00
-3.190093e-02 -1.387999e-02 -6.580924e-03  4.000000e+00
-3.601646e-03 -1.328816e-02  6.513410e-03  4.000000e+00
 1.939746e-03 -1.205920e-02  4.925312e-03  4.000000e+00
 2.007323e-02 -1.256456e-02 -5.299367e-03  4.000000e+00
 2.994788e-02 -1.074540e-02 -2.247475e-03  4.000000e+00
 3.493760e-02 -1.036104e-02 -1.375020e-03  4.000000e+00
-3.575967e-02 -9.625297e-03 -1.894978e-03  4.000000e+00
-3.106734e-02 -8.931705e-03 -3.842494e-03  4.000000e+00
-1.313987e-02 -8.215003e-03  1.090810e-03  4.000000e+00
-3.041428e-03 -8.598454e-03  7.884750e-03  4.000000e+00
 1.980136e-02 -6.820784e-03 -3.163340e-03  4.000000e+00
 2.467659e-02 -7.258767e-03 -2.101795e-03  4.000000e+00
-3.558000e-02 -6.567294e-03 -2.318750e-03  4.000000e+00
-3.021325e-02 -6.447572e-03 -3.770105e-03  4.000000e+00
-2.459329e-02 -5.968453e-03 -6.895601e-03  4.000000e+00
-7.822506e-03 -4.252219e-03  4.400839e-03  4.000000e+00
-3.109894e-03 -4.830005e-03  8.849513e-03  4.000000e+00
 8.542082e-03 -5.124644e-03  9.251926e-04  4.000000e+00
 2.512822e-02 -1.963719e-03  4.376625e-04  4.000000e+00
 3.955101e-02 -1.604134e-03  5.449487e-04  4.000000e+00
-3.187178e-02 -3.414572e-03 -3.055047e-03  4.000000e+00
-1.399512e-02 -8.477939e-04 -9.005407e-04  4.000000e+00
 1.426103e-02  2.448517e-04 -8.608003e-06  4.000000e+00
 1.917877e-02  5.901928e-04 -5.675986e-04  4.000000e+00
 2.904968e-02  2.145704e-03  1.331114e-03  4.000000e+00
-4.178204e-02  1.331612e-03 -2.765034e-03  4.000000e+00
-3.338575e-02  2.038114e-03 -3.726618e-03  4.000000e+00
-1.022535e-02  3.897268e-03  1.077622e-03  4.000000e+00
 1.871893e-02  5.498516e-03  2.640340e-03  4.000000e+00
 2.380684e-02  5.569629e-03  2.332994e-03  4.000000e+00
 3.460815e-02  6.323429e-03  1.676542e-03  4.000000e+00
 4.460492e-02  7.386051e-03  1.545314e-03  4.000000e+00
-3.322026e-02  8.963003e-03 -1.963800e-03  4.000000e+00
-2.666598e-02  1.423890e-02 -2.637590e-03  4.000000e+00
-1.493988e-02  1.205758e-02  5.655691e-03  4.000000e+00
-1.029544e-02  1.284597e-02  5.447922e-03  4.000000e+00
 4.799236e-04  1.510711e-02 -6.386464e-03  4.000000e+00
 6.942078e-03  1.450679e-02 -8.199449e-03  4.000000e+00
 1.207275e-02  1.450057e-02 -3.099785e-03  4.000000e+00
 2.906024e-02  1.387607e-02  4.782489e-03  4.000000e+00
 3.387864e-02  1.453270e-02  4.386606e-03  4.000000e+00
-3.232251e-02  1.692081e-02 -2.180195e-03  4.000000e+00
-2.649486e-02  1.628157e-02 -6.813243e-04  4.000000e+00
-1.581107e-02  1.594081e-02  6.036110e-03  4.000000e+00
 6.018668e-03  1.793072e-02 -7.709210e-03  4.000000e+00
 2.221557e-02  1.807072e-02 -4.169715e-04  4.000000e+00
 3.256209e-02  1.785292e-02  2.356907e-03  4.000000e+00
 3.799224e-02  1.823714e-02  2.376561e-03  4.000000e+00
-1.615529e-02  2.018590e-02  7.861438e-03  4.000000e+00
-1.100101e-02  2.074283e-02  5.759543e-03  4.000000e+00
-5.515585e-03  2.137288e-02 -1.614543e-03  4.000000e+00
 1.132185e-02  2.164466e-02 -5.294327e-03  4.000000e+00
-2.696703e-02  2.356035e-02  2.519730e-03  4.000000e+00
-1.009183e-02  2.457307e-02  4.915689e-03  4.000000e+00
 8.713702e-04  2.584223e-02 -6.719110e-03  4.000000e+00
 6.015304e-03  2.624582e-02 -6.716453e-03  4.000000e+00
 1.559865e-02  2.624897e-02 -4.576506e-03  4.000000e+00
-2.690169e-02  2.671648e-02  4.366097e-03  4.000000e+00
-2.160366e-02  2.649054e-02  5.596323e-03  4.000000e+00
 1.082197e-02  2.989548e-02 -5.200172e-03  4.000000e+00
-9.647710e-03  3.168221e-02  4.219657e-03  4.000000e+00
 6.337594e-03 -4.919370e-02  3.101786e-03  5.000000e+00
-9.698402e-03 -4.422268e-02  1.962053e-03  5.000000e+00
 1.820512e-03 -4.407663e-02 -2.035072e-04  5.000000e+00
-2.150648e-02 -3.923776e-02  3.550192e-03  5.000000e+00
-3.143717e-03 -4.170835e-02 -4.023438e-03  5.000000e+00
 2.659970e-03 -4.069548e-02  1.654896e-03  5.000000e+00
 1.708831e-02 -3.972840e-02  6.221911e-03  5.000000e+00
 3.291493e-02 -4.043411e-02  7.631389e-03  5.000000e+00
-2.601867e-02 -3.470952e-02  1.209675e-03  5.000000e+00
-2.056784e-02 -3.483802e-02  1.722265e-03  5.000000e+00
-1.727577e-02 -3.575440e-02  5.452316e-03  5.000000e+00
 3.453692e-03 -3.614345e-02  6.578410e-03  5.000000e+00
 7.933536e-03 -3.609199e-02  4.326529e-03  5.000000e+00
 3.096220e-03 -3.175366e-02  8.728048e-03  5.000000e+00
 6.965984e-03 -3.220255e-02  3.018332e-03  5.000000e+00
 1.268019e-02 -3.142036e-02  5.183768e-03  5.000000e+00
 2.733333e-02 -3.321735e-02  4.891820e-03  5.000000e+00
 3.308027e-02 -3.307586e-02  4.237667e-03  5.000000e+00
 3.866341e-02 -3.338724e-02  3.462377e-03  5.000000e+00
-2.057161e-02 -2.787114e-02 -5.062484e-04  5.000000e+00
-1.515049e-02 -2.689370e-02 -6.700770e-04  5.000000e+00
 1.753350e-02 -2.824903e-02  8.825964e-04  5.000000e+00
 3.850617e-02 -2.897129e-02  4.634604e-03  5.000000e+00
 4.339428e-02 -2.949336e-02  2.451188e-03  5.000000e+00
-5.205134e-02 -2.300663e-02 -5.814659e-03  5.000000e+00
-3.630827e-02 -2.426474e-02 -3.010832e-03  5.000000e+00
-3.080095e-02 -2.394139e-02 -2.472759e-03  5.000000e+00
-2.579702e-02 -2.371236e-02  2.254866e-03  5.000000e+00
-1.492708e-02 -2.394199e-02  1.452468e-03  5.000000e+00
-9.434667e-03 -2.362161e-02 -1.082505e-03  5.000000e+00
 1.391803e-03 -2.413044e-02 -7.255040e-04  5.000000e+00
 1.183309e-02 -2.455633e-02  1.050992e-03  5.000000e+00
 3.301911e-02 -2.485433e-02  1.715922e-03  5.000000e+00
 5.941561e-02 -2.644103e-02 -4.472132e-04  5.000000e+00
-6.162839e-02 -1.763396e-02 -1.019496e-02  5.000000e+00
-5.660626e-02 -1.697988e-02 -1.076527e-02  5.000000e+00
-5.230098e-02 -1.522833e-02 -1.465527e-02  5.000000e+00
-2.511103e-02 -1.944589e-02  2.897776e-03  5.000000e+00
-2.026540e-02 -1.991269e-02  2.335349e-03  5.000000e+00
-9.711716e-03 -2.087999e-02  1.826180e-03  5.000000e+00
-3.423941e-03 -2.107351e-02 -4.316938e-03  5.000000e+00
 6.874817e-03 -1.996189e-02  1.708821e-03  5.000000e+00
 1.728691e-02 -2.039378e-02  1.332800e-03  5.000000e+00
 2.274901e-02 -2.112532e-02  2.175972e-03  5.000000e+00
 5.508935e-02 -2.235322e-02 -7.086867e-04  5.000000e+00
-5.174403e-02 -1.369695e-02 -1.045126e-02  5.000000e+00
-4.625280e-02 -1.371707e-02 -1.081522e-02  5.000000e+00
-3.779470e-02 -1.381917e-02 -7.085860e-03  5.000000e+00
-1.592248e-02 -1.630345e-02  4.969791e-03  5.000000e+00
 2.252594e-03 -1.614434e-02  3.387379e-03  5.000000e+00
 7.466767e-03 -1.599412e-02  2.626456e-03  5.000000e+00
 1.275676e-02 -1.642598e-02  3.847484e-03  5.000000e+00
 1.803127e-02 -1.696637e-02  3.331180e-03  5.000000e+00
 2.920086e-02 -1.758454e-02  1.460482e-03  5.000000e+00
 3.420275e-02 -1.710689e-02  4.175385e-03  5.000000e+00
 3.911210e-02 -1.715988e-02  5.667690e-03  5.000000e+00
 4.895859e-02 -1.966440e-02  4.833334e-03  5.000000e+00
 5.534829e-02 -1.922137e-02 -3.693419e-03  5.000000e+00
-6.234314e-02 -1.019134e-02 -6.109194e-03  5.000000e+00
-5.179123e-02 -1.065885e-02 -6.115818e-03  5.000000e+00
-4.089074e-02 -1.072215e-02 -7.818968e-03  5.000000e+00
-3.539009e-02 -1.033522e-02 -7.778863e-03  5.000000e+00
-2.543374e-02 -1.050170e-02 -1.916486e-03  5.000000e+00
-2.009080e-02 -1.113238e-02 -2.228312e-03  5.000000e+00
-1.577759e-02 -1.101236e-02 -3.414398e-04  5.000000e+00
 2.876841e-03 -1.158325e-02  3.623671e-03  5.000000e+00
 7.952039e-03 -1.191021e-02  2.949162e-03  5.000000e+00
 1.882930e-02 -1.219395e-02  4.845677e-03  5.000000e+00
 3.170005e-02 -1.206766e-02  1.033584e-02  5.000000e+00
 3.541852e-02 -1.273024e-02  6.952309e-03  5.000000e+00
-5.788695e-02 -6.393146e-03 -5.375573e-03  5.000000e+00
-4.103116e-02 -7.952264e-03 -6.901570e-03  5.000000e+00
-3.556516e-02 -7.220495e-03 -5.253342e-03  5.000000e+00
-3.036118e-02 -6.645054e-03 -5.105006e-03  5.000000e+00
-2.507201e-02 -6.138988e-03 -3.417905e-03  5.000000e+00
-1.514647e-02 -6.487327e-03 -2.426027e-03  5.000000e+00
-2.510042e-03 -6.760698e-03  1.633653e-03  5.000000e+00
 2.695118e-03 -7.795099e-03  2.158183e-03  5.000000e+00
 7.948958e-03 -7.464542e-03  8.791764e-04  5.000000e+00
 3.100487e-02 -7.001237e-03  7.505032e-03  5.000000e+00
 3.618379e-02 -8.603837e-03  5.700420e-03  5.000000e+00
-4.748749e-02 -4.726327e-03  7.280166e-04  5.000000e+00
-2.472755e-02 -2.503115e-03 -2.347016e-03  5.000000e+00
-1.917951e-02 -2.645015e-03 -3.582920e-03  5.000000e+00
-1.419800e-02 -3.048421e-03 -4.004257e-04  5.000000e+00
-8.764232e-03 -3.737573e-03  3.730900e-04  5.000000e+00
-3.050425e-03 -3.391085e-03 -6.311364e-04  5.000000e+00
 1.935436e-03 -3.584699e-03 -2.226899e-04  5.000000e+00
 1.442846e-02 -4.014956e-03  3.519650e-03  5.000000e+00
 1.927122e-02 -4.016139e-03  4.256503e-03  5.000000e+00
 2.480848e-02 -4.130899e-03  4.289995e-03  5.000000e+00
 3.535566e-02 -4.144434e-03  4.037161e-03  5.000000e+00
-6.780427e-02  3.044338e-03 -5.980406e-03  5.000000e+00
-5.180393e-02  2.137997e-03 -6.430683e-03  5.000000e+00
-2.993850e-02  9.789823e-04 -2.579398e-03  5.000000e+00
-1.959747e-02  1.056422e-03 -1.801089e-03  5.000000e+00
-1.414745e-02  9.823794e-04 -7.214802e-04  5.000000e+00
-2.705755e-03  1.575594e-04  1.085192e-03  5.000000e+00
 2.986903e-03  1.590251e-05 -6.509078e-04  5.000000e+00
 8.498187e-03 -2.682391e-04 -1.778850e-05  5.000000e+00
 1.372912e-02  2.619914e-04  8.952869e-04  5.000000e+00
 1.905850e-02 -3.885873e-04  2.280472e-03  5.000000e+00
 2.423196e-02 -2.781179e-04  2.592658e-03  5.000000e+00
 3.494415e-02 -1.348450e-03 -6.282021e-04  5.000000e+00
 4.011564e-02 -2.265824e-03 -1.875984e-03  5.000000e+00
-6.203264e-02  6.810766e-03 -5.436680e-03  5.000000e+00
-4.667224e-02  8.020697e-03 -8.795266e-03  5.000000e+00
-2.470216e-02  4.884152e-03 -1.727927e-04  5.000000e+00
-1.962437e-02  4.689516e-03  3.652700e-04  5.000000e+00
-8.043688e-03  4.547927e-03 -2.459847e-04  5.000000e+00
 8.277527e-03  4.126567e-03  1.514010e-03  5.000000e+00
 1.896163e-02  3.826348e-03  2.910932e-03  5.000000e+00
 5.166051e-02  4.412635e-04 -1.316344e-02  5.000000e+00
 6.734044e-02  2.249895e-03 -1.157171e-02  5.000000e+00
-5.785549e-02  1.040309e-02 -2.132004e-03  5.000000e+00
-4.034128e-02  9.878209e-03 -3.576628e-03  5.000000e+00
-3.485437e-02  9.856257e-03 -6.442040e-04  5.000000e+00
-1.359949e-02  8.436180e-03  9.262600e-04  5.000000e+00
-8.141079e-03  8.623067e-03  9.775771e-04  5.000000e+00
-2.740545e-03  8.560480e-03 -1.167575e-03  5.000000e+00
 2.867639e-03  8.405515e-03  6.493262e-04  5.000000e+00
 7.947253e-03  8.528041e-03  1.528062e-03  5.000000e+00
 1.325894e-02  8.403272e-03  2.325466e-03  5.000000e+00
 1.861573e-02  8.106269e-03  3.041406e-03  5.000000e+00
 2.338416e-02  7.814055e-03  3.474505e-03  5.000000e+00
 5.741256e-02  5.496171e-03 -8.497142e-03  5.000000e+00
-6.746364e-02  1.458874e-02  1.496530e-03  5.000000e+00
-5.141840e-02  1.261876e-02 -7.624760e-04  5.000000e+00
-3.485903e-02  1.430561e-02 -2.861989e-03  5.000000e+00
-2.389725e-02  1.351620e-02  6.431789e-04  5.000000e+00
-2.403045e-03  1.228663e-02  1.545866e-03  5.000000e+00
 2.720998e-03  1.235579e-02  1.183159e-04  5.000000e+00
 8.411447e-03  1.282097e-02  1.325849e-03  5.000000e+00
 1.336357e-02  1.266089e-02  2.797132e-03  5.000000e+00
 1.859024e-02  1.201646e-02  2.729858e-03  5.000000e+00
 2.387240e-02  1.175547e-02  1.290412e-03  5.000000e+00
 2.887646e-02  1.086343e-02  1.405470e-03  5.000000e+00
 5.403120e-02  1.012731e-02 -7.967226e-04  5.000000e+00
 6.808032e-02  8.277455e-03 -9.441047e-03  5.000000e+00
-2.391282e-02  1.781843e-02  7.570328e-04  5.000000e+00
-1.282168e-02  1.686056e-02  2.787967e-03  5.000000e+00
 3.258055e-03  1.623949e-02  1.915396e-03  5.000000e+00
 8.316646e-03  1.667857e-02  1.961168e-04  5.000000e+00
 1.364292e-02  1.692070e-02 -3.793961e-04  5.000000e+00
 4.833891e-02  2.096978e-02 -6.638741e-03  5.000000e+00
 6.351084e-02  1.479085e-02 -4.263120e-03  5.000000e+00
 6.821079e-02  1.364527e-02 -6.734759e-03  5.000000e+00
-6.135952e-02  2.306893e-02 -3.453331e-04  5.000000e+00
-5.154971e-02  2.281832e-02 -3.576296e-04  5.000000e+00
-2.930710e-02  2.121197e-02  2.237834e-03  5.000000e+00
-7.123074e-03  2.086061e-02  2.562503e-03  5.000000e+00
-1.683432e-03  2.089504e-02  3.745588e-03  5.000000e+00
 1.413695e-02  2.031403e-02 -3.371881e-03  5.000000e+00
 1.932648e-02  2.022941e-02 -2.642344e-03  5.000000e+00
 2.479448e-02  1.976844e-02 -2.575017e-03  5.000000e+00
 3.023506e-02  1.902496e-02 -2.215214e-03  5.000000e+00
 4.013637e-02  2.346545e-02 -1.208782e-02  5.000000e+00
-3.894184e-02  2.668666e-02  3.889882e-03  5.000000e+00
-2.908175e-02  2.610384e-02  6.647699e-04  5.000000e+00
-1.792263e-02  2.494957e-02  4.216422e-03  5.000000e+00
-1.325871e-03  2.465170e-02  2.716400e-03  5.000000e+00
 8.477010e-03  2.438615e-02 -1.792337e-03  5.000000e+00
 1.881526e-02  2.413379e-02 -5.258851e-03  5.000000e+00
 2.437203e-02  2.410392e-02 -5.278411e-03  5.000000e+00
 3.469269e-02  2.346390e-02 -7.654482e-03  5.000000e+00
 3.963300e-02  2.537716e-02 -1.160100e-02  5.000000e+00
 5.140771e-02  2.488329e-02 -9.297887e-03  5.000000e+00
-4.454383e-02  3.074438e-02  2.384051e-03  5.000000e+00
-3.904045e-02  3.012151e-02  5.508549e-03  5.000000e+00
-2.868068e-02  2.997238e-02  3.210853e-03  5.000000e+00
-1.947728e-02  2.850388e-02  9.217722e-03  5.000000e+00
 2.433713e-02  2.710357e-02 -8.349978e-03  5.000000e+00
 3.539095e-02  2.648466e-02 -7.180197e-03  5.000000e+00
 6.744259e-02  2.596676e-02 -1.050306e-02  5.000000e+00
-1.911489e-02  3.338865e-02  6.715813e-03  5.000000e+00
-6.949969e-03  3.235553e-02  1.099909e-02  5.000000e+00
 2.558260e-02  3.074473e-02 -6.929076e-03  5.000000e+00
 2.964135e-02  3.154606e-02 -1.018026e-02  5.000000e+00
 3.482627e-02  3.071565e-02 -8.650445e-03  5.000000e+00
 5.678226e-02  2.900986e-02 -1.499690e-02  5.000000e+00
-3.414370e-02  3.774511e-02  8.957824e-03  5.000000e+00
-1.777900e-02  3.709393e-02  9.017505e-03  5.000000e+00
-1.255440e-02  3.703391e-02  8.502829e-03  5.000000e+00
 3.024484e-02  3.546612e-02 -5.288046e-03  5.000000e+00
-2.920021e-02  4.225730e-02  5.971433e-03  5.000000e+00
 3.775965e-03  4.056462e-02  6.955925e-03  5.000000e+00
 2.279874e-02  4.128051e-02  7.912952e-03  5.000000e+00
 3.069307e-02  3.957283e-02 -1.891439e-03  5.000000e+00
-2.298667e-02  4.412540e-02  1.389089e-02  5.000000e+00
-1.797613e-02  4.367754e-02  1.743316e-02  5.000000e+00
 1.021306e-02  4.461021e-02  3.612937e-03  5.000000e+00
-2.029755e-02  4.928480e-02  2.439137e-02  5.000000e+00
