 1.337695e-03 -3.476994e-02 -7.667717e-03  1.000000e+00
-6.974805e-03 -3.136465e-02 -2.848570e-03  1.000000e+00
 6.523040e-03 -3.403978e-02 -1.057960e-02  1.000000e+00
-2.891779e-02 -3.008239e-02  7.093103e-04  1.000000e+00
-2.238550e-02 -3.098772e-02  6.594200e-05  1.000000e+00
-3.479993e-03 -2.776699e-02 -2.698690e-03  1.000000e+00
 1.114104e-03 -2.979171e-02 -4.732917e-03  1.000000e+00
 7.771216e-03 -3.118836e-02 -9.926663e-03  1.000000e+00
 3.795602e-02 -2.477650e-02  1.416755e-02  1.000000e+00
-3.259163e-02 -2.877225e-02 -9.418064e-04  1.000000e+00
-2.985731e-02 -2.707445e-02  1.096821e-03  1.000000e+00
-8.230431e-03 -2.497397e-02 -2.397063e-03  1.000000e+00
-3.226238e-03 -2.474351e-02 -6.885775e-04  1.000000e+00
 2.580922e-03 -2.861738e-02 -7.471952e-03  1.000000e+00
 8.729498e-03 -2.806937e-02 -8.242712e-03  1.000000e+00
 3.510746e-02 -2.284339e-02  1.151298e-02  1.000000e+00
 4.339091e-02 -2.461200e-02  7.503634e-03  1.000000e+00
-2.750578e-02 -2.461530e-02  7.764382e-05  1.000000e+00
-2.165614e-02 -2.583561e-02 -2.700048e-04  1.000000e+00
-1.626999e-02 -2.593742e-02 -2.236720e-03  1.000000e+00
 1.250121e-02 -2.404667e-02 -1.085371e-03  1.000000e+00
 1.624598e-02 -2.644387e-02 -8.004637e-03  1.000000e+00
 3.241785e-02 -2.095306e-02  8.459777e-03  1.000000e+00
-4.512340e-02 -2.361204e-02 -2.954838e-03  1.000000e+00
-3.978858e-02 -2.206989e-02 -1.644296e-03  1.000000e+00
-3.501793e-02 -2.234042e-02 -4.900203e-04  1.000000e+00
-2.994178e-02 -2.160522e-02  2.920714e-04  1.000000e+00
-2.424392e-02 -2.315583e-02  1.346633e-04  1.000000e+00
-2.087787e-02 -2.394508e-02  8.570271e-05  1.000000e+00
 1.525204e-03 -1.839288e-02  7.399154e-03  1.000000e+00
 6.863738e-03 -2.022170e-02  6.164378e-03  1.000000e+00
 1.302285e-02 -2.258292e-02  4.484527e-04  1.000000e+00
 1.951578e-02 -2.344021e-02 -4.415715e-03  1.000000e+00
 2.974917e-02 -1.907620e-02  5.378871e-03  1.000000e+00
 4.007640e-02 -1.957168e-02  2.005733e-03  1.000000e+00
-4.691907e-02 -2.072600e-02 -3.078378e-03  1.000000e+00
-4.134382e-02 -1.973200e-02 -2.349315e-03  1.000000e+00
-3.623279e-02 -1.763736e-02 -1.216292e-04  1.000000e+00
-3.148190e-02 -1.771257e-02  9.576396e-04  1.000000e+00
 3.232317e-03 -1.434119e-02  1.278605e-02  1.000000e+00
 2.459217e-02 -1.582292e-02  1.919447e-03  1.000000e+00
 2.948442e-02 -1.705858e-02  2.497891e-03  1.000000e+00
 3.413320e-02 -1.713643e-02  1.773417e-03  1.000000e+00
-4.854020e-02 -1.797714e-02 -2.577219e-03  1.000000e+00
-3.435652e-02 -1.182635e-02  1.257177e-03  1.000000e+00
-3.112032e-02 -1.495583e-02  1.848218e-03  1.000000e+00
 2.565220e-03 -7.857850e-03  1.476884e-02  1.000000e+00
 2.466414e-02 -6.696940e-03  7.225511e-03  1.000000e+00
 2.659780e-02 -1.074525e-02  2.621354e-03  1.000000e+00
 3.119877e-02 -1.087450e-02  3.416319e-03  1.000000e+00
 3.481968e-02 -1.442079e-02  1.363739e-03  1.000000e+00
 4.512245e-02 -1.664314e-02 -2.607681e-03  1.000000e+00
-5.028322e-02 -1.188329e-02 -3.503675e-03  1.000000e+00
-3.496871e-02 -5.649224e-03 -2.430619e-03  1.000000e+00
 3.597444e-03 -2.890142e-03  1.462651e-02  1.000000e+00
 6.500133e-03 -4.228481e-03  1.223293e-02  1.000000e+00
 1.105892e-02 -3.756103e-03  1.308285e-02  1.000000e+00
 1.709058e-02 -4.633033e-03  1.134985e-02  1.000000e+00
 2.792163e-02 -4.909218e-03  3.043823e-03  1.000000e+00
 4.617885e-02 -1.604107e-02 -5.255715e-03  1.000000e+00
-5.109654e-02  2.802149e-03 -1.204395e-02  1.000000e+00
-3.477810e-02  5.274067e-04 -6.809153e-03  1.000000e+00
 7.756024e-04  5.523482e-03  1.524959e-02  1.000000e+00
 6.262542e-03  8.727930e-04  1.215072e-02  1.000000e+00
 1.065337e-02 -1.856592e-03  1.341289e-02  1.000000e+00
 2.795870e-02  1.796804e-03 -1.538293e-03  1.000000e+00
 3.089902e-02  8.743048e-04 -1.746112e-03  1.000000e+00
 3.544572e-02 -9.352315e-04 -5.870839e-05  1.000000e+00
 5.195607e-02 -1.242424e-02 -8.394409e-03  1.000000e+00
-3.425067e-02  7.143802e-03 -9.042588e-03  1.000000e+00
-2.153010e-04  9.777494e-03  1.351142e-02  1.000000e+00
 3.948655e-03  8.631733e-03  1.086654e-02  1.000000e+00
 2.813206e-02  7.743739e-03 -4.474854e-03  1.000000e+00
 3.215669e-02  5.689959e-03 -4.712745e-03  1.000000e+00
 4.970017e-02 -2.451838e-03 -1.318778e-02  1.000000e+00
-5.003861e-02  1.499525e-02 -1.312287e-02  1.000000e+00
-4.444699e-02  1.557473e-02 -1.139027e-02  1.000000e+00
-3.901853e-02  1.449620e-02 -1.046639e-02  1.000000e+00
-3.394360e-02  1.276790e-02 -9.961256e-03  1.000000e+00
-2.708713e-03  1.251842e-02  1.348759e-02  1.000000e+00
 6.125899e-03  1.156418e-02  5.467348e-03  1.000000e+00
 2.405223e-02  1.556683e-02 -3.953139e-03  1.000000e+00
 3.424969e-02  8.733135e-03 -6.837436e-03  1.000000e+00
-5.109323e-02  1.788469e-02 -1.094231e-02  1.000000e+00
-4.028862e-02  1.561135e-02 -9.457123e-03  1.000000e+00
-2.746616e-02  1.547739e-02 -4.735959e-03  1.000000e+00
-5.569289e-03  1.593055e-02  8.849007e-03  1.000000e+00
 4.474182e-03  1.538278e-02  1.215439e-03  1.000000e+00
 1.003178e-02  1.616205e-02  7.670062e-04  1.000000e+00
 1.622854e-02  1.700367e-02 -6.100932e-04  1.000000e+00
 2.183737e-02  1.734668e-02 -3.284715e-03  1.000000e+00
 4.011687e-02  9.355239e-03 -1.091044e-02  1.000000e+00
 4.537613e-02  1.190022e-02 -1.271106e-02  1.000000e+00
 5.443715e-02  9.026701e-03 -1.474139e-02  1.000000e+00
-2.391360e-02  1.807490e-02 -1.117407e-04  1.000000e+00
-8.374255e-03  1.848241e-02  3.714812e-03  1.000000e+00
-2.555303e-03  1.907972e-02  1.717501e-03  1.000000e+00
 2.648929e-02  2.182531e-02 -4.126747e-03  1.000000e+00
-3.954997e-02  2.265171e-02 -2.772473e-03  1.000000e+00
-2.920237e-02  2.180028e-02  1.148637e-03  1.000000e+00
-1.630204e-02  1.971211e-02  3.414127e-03  1.000000e+00
-1.179181e-02  2.070070e-02  4.430317e-03  1.000000e+00
-5.830288e-03  2.135223e-02  2.366192e-03  1.000000e+00
 1.005768e-02  2.308581e-02  3.673153e-03  1.000000e+00
 2.310372e-02  2.350564e-02 -1.224588e-03  1.000000e+00
 2.837151e-02  2.519576e-02 -4.706676e-03  1.000000e+00
 4.647353e-02  2.060255e-02 -1.167096e-02  1.000000e+00
-3.098624e-02  2.412203e-02  3.774650e-03  1.000000e+00
-1.704049e-02  2.237638e-02  6.834950e-03  1.000000e+00
-7.258582e-03  2.461147e-02  2.104034e-03  1.000000e+00
 1.675200e-02  2.659290e-02  1.846137e-03  1.000000e+00
 3.436014e-02  2.886894e-02 -8.845883e-03  1.000000e+00
 5.088537e-02  2.503040e-02 -1.420964e-02  1.000000e+00
-3.280626e-02  2.865663e-02  3.974700e-03  1.000000e+00
-1.856708e-02  2.555780e-02  1.078741e-02  1.000000e+00
-6.672051e-03  2.852194e-02  2.417589e-03  1.000000e+00
-1.564451e-03  2.898711e-02  1.512062e-04  1.000000e+00
-2.879469e-02  3.198301e-02  8.283467e-03  1.000000e+00
-1.185587e-03  3.304810e-02  1.026191e-03  1.000000e+00
 9.616816e-03  3.338797e-02 -3.031233e-03  1.000000e+00
 2.694860e-02  3.719118e-02 -1.513499e-02  1.000000e+00
-2.318477e-02  3.556854e-02  9.073097e-03  1.000000e+00
-1.990911e-02  3.534992e-02  6.965118e-03  1.000000e+00
-6.019555e-03  3.649145e-02  4.258478e-03  1.000000e+00
-2.396917e-03  3.644862e-02  3.667211e-03  1.000000e+00
 1.558497e-02  3.612436e-02 -6.800583e-03  1.000000e+00
-8.493426e-03  4.247414e-02  6.109917e-03  1.000000e+00
-1.071420e-01  9.852137e-02 -1.651864e-01  2.000000e+00
-1.088977e-01  9.987294e-02 -1.691589e-01  2.000000e+00
-1.042185e-01  9.627204e-02 -1.585784e-01  2.000000e+00
-1.064339e-01  9.797658e-02 -1.635859e-01  2.000000e+00
-1.017551e-01  9.437617e-02 -1.530074e-01  2.000000e+00
-1.000010e-01  9.302651e-02 -1.490423e-01  2.000000e+00
-9.868704e-02  9.085254e-02 -1.455216e-01  2.000000e+00
-9.689524e-02  8.945038e-02 -1.414162e-01  2.000000e+00
-9.543117e-02  9.406871e-02 -1.408154e-01  2.000000e+00
-9.337778e-02  8.677859e-02 -1.334832e-01  2.000000e+00
-8.970670e-02  8.943759e-02 -1.276927e-01  2.000000e+00
-9.155081e-02  9.090497e-02 -1.317860e-01  2.000000e+00
-8.632444e-02  8.141050e-02 -1.175348e-01  2.000000e+00
-8.581808e-02  8.626368e-02 -1.186133e-01  2.000000e+00
-8.275900e-02  8.382921e-02 -1.118138e-01  2.000000e+00
-8.280959e-02  7.874217e-02 -1.096137e-01  2.000000e+00
-8.104200e-02  7.739373e-02 -1.056097e-01  2.000000e+00
-7.754409e-02  7.961764e-02 -9.988831e-02  2.000000e+00
-7.296517e-02  8.217426e-02 -9.196120e-02  2.000000e+00
-7.574621e-02  7.335670e-02 -9.363012e-02  2.000000e+00
-7.526948e-02  7.300817e-02 -9.259681e-02  2.000000e+00
-7.151173e-02  8.034948e-02 -8.840306e-02  2.000000e+00
-6.449139e-02  8.149775e-02 -8.348063e-02  2.000000e+00
-6.997756e-02  6.897843e-02 -8.063165e-02  2.000000e+00
-6.588538e-02  7.547458e-02 -7.530952e-02  2.000000e+00
-2.162083e-01  1.206785e-02 -4.498732e-02  2.000000e+00
-6.642161e-02  6.623292e-02 -7.254052e-02  2.000000e+00
-5.913203e-02  7.640126e-02 -7.022169e-02  2.000000e+00
-2.151130e-01  1.209311e-02 -4.460195e-02  2.000000e+00
-6.679330e-02  6.639822e-02 -7.289908e-02  2.000000e+00
-6.465793e-02  6.488913e-02 -6.855572e-02  2.000000e+00
-6.413030e-02  6.448298e-02 -6.728050e-02  2.000000e+00
-2.058939e-01  1.230019e-02 -4.134398e-02  2.000000e+00
-5.378250e-02  7.314458e-02 -6.079056e-02  2.000000e+00
-5.266921e-02  7.240174e-02 -5.911428e-02  2.000000e+00
-2.004152e-01  1.242304e-02 -3.940736e-02  2.000000e+00
-5.109471e-02  7.084217e-02 -5.507288e-02  2.000000e+00
-4.678296e-02  7.036303e-02 -5.623527e-02  2.000000e+00
-2.058827e-01  1.229930e-02 -4.133683e-02  2.000000e+00
-1.910478e-01  1.263253e-02 -3.609470e-02  2.000000e+00
-5.885711e-02  6.046140e-02 -5.543204e-02  2.000000e+00
-4.997574e-02  6.939104e-02 -5.107263e-02  2.000000e+00
-4.365848e-02  6.908004e-02 -5.405972e-02  2.000000e+00
-1.965278e-01  1.250983e-02 -3.803192e-02  2.000000e+00
-1.877694e-01  1.270698e-02 -3.493814e-02  2.000000e+00
-6.306118e-02  5.483132e-02 -5.701545e-02  2.000000e+00
-5.709428e-02  5.912287e-02 -5.144900e-02  2.000000e+00
-6.313845e-02  5.067040e-02 -5.514313e-02  2.000000e+00
-5.236476e-02  6.222027e-02 -4.575635e-02  2.000000e+00
-3.999145e-02  6.675444e-02 -4.885093e-02  2.000000e+00
-1.899338e-01  1.265569e-02 -3.569569e-02  2.000000e+00
-1.768129e-01  1.295279e-02 -3.106537e-02  2.000000e+00
-3.067537e-02  6.516688e-02 -4.918693e-02  2.000000e+00
-1.763675e-01  1.295784e-02 -3.089494e-02  2.000000e+00
-1.632341e-01  1.325601e-02 -2.626225e-02  2.000000e+00
-6.645719e-02  3.531590e-02 -5.250238e-02  2.000000e+00
-6.510032e-02  3.546043e-02 -5.246751e-02  2.000000e+00
-4.729034e-02  5.780836e-02 -3.743551e-02  2.000000e+00
 1.737757e-01  2.222598e-01  6.996410e-02  2.000000e+00
 1.745280e-01  2.231996e-01  7.034260e-02  2.000000e+00
-8.295285e-02  3.321136e-02 -4.079867e-02  2.000000e+00
-7.599727e-02  3.385982e-02 -4.491291e-02  2.000000e+00
-6.932717e-02  3.435508e-02 -4.814971e-02  2.000000e+00
-6.384163e-02  3.436591e-02 -4.839057e-02  2.000000e+00
-4.768314e-02  5.004313e-02 -3.530518e-02  2.000000e+00
-3.565719e-02  6.280669e-02 -3.650727e-02  2.000000e+00
-2.995714e-02  6.244316e-02 -3.871064e-02  2.000000e+00
-2.494049e-02  6.191824e-02 -4.031400e-02  2.000000e+00
-1.715277e-01  6.329957e-03 -2.772952e-02  2.000000e+00
-1.653720e-01  1.320080e-02 -2.700005e-02  2.000000e+00
-1.522691e-01  1.350158e-02 -2.238524e-02  2.000000e+00
-1.245066e-01  2.128763e-02 -2.113755e-02  2.000000e+00
-1.098734e-01  2.657307e-02 -2.446011e-02  2.000000e+00
-9.829370e-02  3.176133e-02 -3.141496e-02  2.000000e+00
-8.464418e-02  3.307319e-02 -3.987448e-02  2.000000e+00
-2.851201e-02  6.105193e-02 -3.533126e-02  2.000000e+00
 1.684663e-01  2.156296e-01  6.729812e-02  2.000000e+00
-1.399593e-01  1.703276e-02 -1.847063e-02  2.000000e+00
-9.955023e-02  3.173848e-02 -3.118566e-02  2.000000e+00
-4.810728e-02  3.934159e-02 -3.079457e-02  2.000000e+00
-4.124776e-02  6.175191e-02 -2.960807e-02  2.000000e+00
-3.342036e-02  6.073023e-02 -3.118758e-02  2.000000e+00
-1.309369e-02  5.955465e-02 -4.020444e-02  2.000000e+00
-6.302347e-03  5.814389e-02 -3.939078e-02  2.000000e+00
 1.658116e-01  2.123146e-01  6.596513e-02  2.000000e+00
 1.668807e-01  2.136485e-01  6.650005e-02  2.000000e+00
-1.634135e-01 -4.134315e-03 -2.237519e-02  2.000000e+00
-1.506903e-01 -4.163430e-03 -1.816640e-02  2.000000e+00
-1.147271e-01  1.491287e-02 -1.993078e-02  2.000000e+00
-5.346880e-02  3.116572e-02 -3.331585e-02  2.000000e+00
-1.679858e-02  5.865712e-02 -3.509019e-02  2.000000e+00
 1.631566e-01  2.089992e-01  6.463189e-02  2.000000e+00
-1.589858e-01 -1.470947e-03 -2.158541e-02  2.000000e+00
-1.195784e-01  9.228910e-03 -1.636299e-02  2.000000e+00
-1.011526e-01  1.510007e-02 -2.820717e-02  2.000000e+00
-7.177502e-03  5.742846e-02 -3.709199e-02  2.000000e+00
 1.512648e-01  1.941062e-01  5.859137e-02  2.000000e+00
 1.605017e-01  2.056838e-01  6.329865e-02  2.000000e+00
-1.402467e-01 -4.985796e-03 -1.455171e-02  2.000000e+00
-1.343217e-01  5.781116e-04 -1.385078e-02  2.000000e+00
-1.188348e-01  2.588367e-03 -1.504897e-02  2.000000e+00
 2.242409e-03  5.251830e-02 -2.251745e-02  2.000000e+00
 1.493646e-01  1.917593e-01  5.767917e-02  2.000000e+00
-1.422630e-01 -6.268840e-03 -1.333810e-02  2.000000e+00
-8.953145e-02  8.441634e-03 -1.378432e-02  2.000000e+00
-8.424598e-02  7.972184e-03 -1.013802e-02  2.000000e+00
-7.249642e-02  9.923022e-03 -1.542466e-02  2.000000e+00
-4.803292e-02  1.788861e-02 -2.359011e-02  2.000000e+00
-4.182741e-02  1.818343e-02 -2.218485e-02  2.000000e+00
-2.646118e-02  1.965256e-02 -1.145432e-02  2.000000e+00
-2.180195e-02  1.922314e-02 -1.170475e-02  2.000000e+00
 6.924966e-03  5.354576e-02 -1.606958e-02  2.000000e+00
 9.464630e-03  5.812178e-02 -1.478416e-02  2.000000e+00
 1.449613e-01  1.862705e-01  5.548402e-02  2.000000e+00
 1.481081e-01  1.902050e-01  5.707195e-02  2.000000e+00
 1.516503e-01  1.946295e-01  5.885241e-02  2.000000e+00
 1.551913e-01  1.990521e-01  6.063149e-02  2.000000e+00
-1.275600e-01 -6.514488e-03 -4.580438e-03  2.000000e+00
-1.125237e-01 -3.918461e-03 -6.435262e-03  2.000000e+00
-8.561462e-02  7.524473e-03 -7.739650e-03  2.000000e+00
-4.756660e-02  1.353394e-02 -2.207031e-02  2.000000e+00
-1.601246e-02  1.894670e-02 -1.101734e-02  2.000000e+00
 6.105301e-03  4.523309e-02 -1.388180e-02  2.000000e+00
 1.405403e-01  1.807516e-01  5.326694e-02  2.000000e+00
 1.440742e-01  1.851619e-01  5.503712e-02  2.000000e+00
 1.525149e-01  1.956999e-01  5.927147e-02  2.000000e+00
-1.116478e-01 -5.118059e-03 -1.776254e-03  2.000000e+00
-9.894139e-02 -6.066160e-03  4.316508e-03  2.000000e+00
-6.608272e-02  1.037266e-02 -1.259553e-02  2.000000e+00
-6.067865e-02  1.141734e-02 -1.561237e-02  2.000000e+00
-3.053761e-02  2.021111e-02 -1.013507e-02  2.000000e+00
-1.856437e-02  1.940788e-02 -1.000483e-02  2.000000e+00
 1.618367e-02  6.011675e-02 -7.467880e-03  2.000000e+00
 1.480736e-01  1.901460e-01  5.702924e-02  2.000000e+00
-1.102324e-01 -6.138719e-03  2.759580e-03  2.000000e+00
-9.288274e-02 -6.350413e-03  9.329285e-03  2.000000e+00
-3.353732e-02  1.158352e-02 -1.168087e-02  2.000000e+00
-1.561236e-02  1.917204e-02 -8.480435e-03  2.000000e+00
-1.202259e-02  1.839336e-02 -6.249291e-03  2.000000e+00
 2.322246e-02  6.505824e-02  1.182132e-03  2.000000e+00
-1.176073e-01 -7.371013e-03  5.168517e-03  2.000000e+00
-8.108887e-02 -3.507498e-03  3.117520e-03  2.000000e+00
-7.060097e-02  3.504980e-03 -6.672990e-03  2.000000e+00
-1.233625e-02  1.806583e-02 -3.005288e-03  2.000000e+00
 1.088373e-02  3.658458e-02  4.773083e-04  2.000000e+00
 1.927734e-02  5.244892e-02  2.105983e-03  2.000000e+00
 3.360694e-02  7.016132e-02  2.958092e-03  2.000000e+00
 1.268819e-01  1.636538e-01  4.634350e-02  2.000000e+00
 1.304377e-01  1.681016e-01  4.814031e-02  2.000000e+00
 1.325661e-01  1.707891e-01  4.925576e-02  2.000000e+00
-3.804939e-02  3.796765e-03 -6.083831e-03  2.000000e+00
 3.678729e-02  6.880466e-02  3.556087e-03  2.000000e+00
 1.099469e-01  1.422011e-01  3.735561e-02  2.000000e+00
 1.281353e-01  1.652533e-01  4.702653e-02  2.000000e+00
-1.090656e-01 -9.091283e-03  1.531773e-02  2.000000e+00
-9.810398e-02 -8.247021e-03  1.706842e-02  2.000000e+00
-6.907764e-02 -1.102585e-03  1.350019e-03  2.000000e+00
-3.751002e-02  2.964797e-03 -1.918323e-03  2.000000e+00
-4.235895e-03  1.584791e-02  8.020147e-03  2.000000e+00
 8.205662e-03  2.732001e-02  5.108589e-03  2.000000e+00
 2.624509e-02  4.486449e-02  1.621630e-03  2.000000e+00
 3.575299e-02  6.216634e-02  6.530101e-03  2.000000e+00
 4.103406e-02  7.268866e-02  7.633269e-03  2.000000e+00
 1.205623e-01  1.557907e-01  4.321532e-02  2.000000e+00
-9.213006e-02 -7.035796e-03  1.625728e-02  2.000000e+00
-8.055586e-02 -4.137450e-03  8.996797e-03  2.000000e+00
-6.224861e-02 -1.533123e-03  5.470801e-03  2.000000e+00
-2.322061e-02  3.045071e-03 -4.392573e-04  2.000000e+00
 1.239265e-02  2.662858e-02  7.344667e-03  2.000000e+00
 5.096183e-02  7.898587e-02  1.021910e-02  2.000000e+00
 8.639439e-02  1.130487e-01  2.591366e-02  2.000000e+00
 8.997045e-02  1.175266e-01  2.773335e-02  2.000000e+00
 1.006413e-01  1.308699e-01  3.312515e-02  2.000000e+00
 1.042136e-01  1.353412e-01  3.494161e-02  2.000000e+00
 1.077245e-01  1.397127e-01  3.668369e-02  2.000000e+00
 1.278728e-01  1.648035e-01  4.670364e-02  2.000000e+00
-1.033587e-01 -9.658121e-03  2.135620e-02  2.000000e+00
-7.283833e-02 -3.437696e-03  8.066836e-03  2.000000e+00
-5.066228e-02 -8.349973e-04  7.541230e-03  2.000000e+00
-5.953158e-03  8.494533e-03  1.485325e-02  2.000000e+00
 3.038677e-02  4.555734e-02  1.103962e-02  2.000000e+00
 3.397058e-02  5.021763e-02  1.341603e-02  2.000000e+00
 1.010142e-01  1.313504e-01  3.334504e-02  2.000000e+00
 1.081382e-01  1.402614e-01  3.695296e-02  2.000000e+00
 1.116967e-01  1.447121e-01  3.875230e-02  2.000000e+00
-1.017453e-01 -9.694483e-03  2.329019e-02  2.000000e+00
-9.953461e-02 -9.321729e-03  2.260689e-02  2.000000e+00
-1.535346e-02  1.328513e-03  1.191707e-02  2.000000e+00
 2.308976e-03  8.372335e-03  1.546449e-02  2.000000e+00
 1.073379e-02  1.572990e-02  1.418671e-02  2.000000e+00
 2.426917e-02  3.372312e-02  1.205599e-02  2.000000e+00
 2.754029e-02  3.881845e-02  1.312910e-02  2.000000e+00
 5.336031e-02  7.086195e-02  1.283094e-02  2.000000e+00
 6.198554e-02  8.574063e-02  1.475193e-02  2.000000e+00
 6.555810e-02  9.031231e-02  1.663764e-02  2.000000e+00
 7.393693e-02  9.746728e-02  1.961197e-02  2.000000e+00
 7.752186e-02  1.019574e-01  2.144400e-02  2.000000e+00
 9.182068e-02  1.193620e-01  2.796309e-02  2.000000e+00
 1.034266e-01  1.342360e-01  3.438388e-02  2.000000e+00
-6.797820e-02 -5.076101e-03  1.623676e-02  2.000000e+00
-6.272541e-02 -4.804499e-03  1.767735e-02  2.000000e+00
-3.742150e-02 -7.837850e-04  1.315095e-02  2.000000e+00
 6.841921e-02  8.754847e-02  1.547158e-02  2.000000e+00
-1.063701e-01 -1.202293e-02  3.030021e-02  2.000000e+00
-9.354746e-02 -1.186115e-02  3.142796e-02  2.000000e+00
-2.962138e-02 -1.372950e-03  1.706803e-02  2.000000e+00
 2.195516e-02  1.643063e-02  1.663138e-02  2.000000e+00
 4.398703e-02  4.524491e-02  2.042431e-02  2.000000e+00
 5.402578e-02  6.001171e-02  2.263205e-02  2.000000e+00
 7.567522e-02  9.623470e-02  1.879642e-02  2.000000e+00
 8.529081e-02  1.111372e-01  2.458672e-02  2.000000e+00
 1.169760e-01  1.374482e-01  4.442292e-02  2.000000e+00
-4.451842e-02 -4.907939e-03  2.487232e-02  2.000000e+00
-3.513180e-02 -2.556300e-03  1.940822e-02  2.000000e+00
-2.153814e-03 -4.458274e-03  1.184739e-02  2.000000e+00
 4.324567e-03 -4.062412e-03  1.326508e-02  2.000000e+00
 2.440477e-02  1.098082e-02  1.404657e-02  2.000000e+00
 2.604299e-02  1.489147e-02  1.649133e-02  2.000000e+00
 3.068444e-02  2.464341e-02  1.923010e-02  2.000000e+00
 3.723928e-02  3.454388e-02  2.034636e-02  2.000000e+00
 9.422201e-02  1.127765e-01  3.024959e-02  2.000000e+00
 1.016399e-01  1.192852e-01  3.616242e-02  2.000000e+00
 1.053972e-01  1.237404e-01  3.819137e-02  2.000000e+00
-5.659975e-02 -7.924466e-03  3.140193e-02  2.000000e+00
-4.544886e-02 -5.834132e-03  2.709539e-02  2.000000e+00
 2.812204e-02  8.873764e-03  1.353527e-02  2.000000e+00
 5.994609e-02  5.898040e-02  2.420468e-02  2.000000e+00
 7.019274e-02  6.907324e-02  3.270896e-02  2.000000e+00
 9.609683e-02  1.078869e-01  3.691625e-02  2.000000e+00
 1.094008e-01  1.283467e-01  4.018322e-02  2.000000e+00
-7.936004e-02 -1.524455e-02  4.707550e-02  2.000000e+00
-6.161909e-02 -1.008064e-02  3.679914e-02  2.000000e+00
 7.568591e-03 -5.252102e-03  1.386624e-02  2.000000e+00
 2.487383e-02  1.173613e-03  1.723871e-02  2.000000e+00
 3.425872e-02  1.713226e-02  1.912062e-02  2.000000e+00
 4.135962e-02  3.139920e-02  2.336050e-02  2.000000e+00
 4.826459e-02  4.094989e-02  2.508243e-02  2.000000e+00
 5.906266e-02  5.484721e-02  2.877657e-02  2.000000e+00
 7.788801e-02  7.703138e-02  3.718365e-02  2.000000e+00
 8.139349e-02  8.734908e-02  3.117975e-02  2.000000e+00
 9.349101e-02  1.006922e-01  3.884422e-02  2.000000e+00
-8.914304e-02 -1.697858e-02  5.091525e-02  2.000000e+00
-7.275824e-02 -1.346990e-02  4.390122e-02  2.000000e+00
-6.172927e-02 -1.054959e-02  3.822830e-02  2.000000e+00
-4.359045e-02 -6.647130e-03  2.858617e-02  2.000000e+00
 2.075454e-02 -3.960254e-03  1.660320e-02  2.000000e+00
 2.837826e-02  5.394385e-03  1.926025e-02  2.000000e+00
 3.206786e-02  1.017050e-02  2.004583e-02  2.000000e+00
 7.046949e-02  6.657397e-02  3.578812e-02  2.000000e+00
 7.740553e-02  7.490454e-02  3.841219e-02  2.000000e+00
 8.590997e-02  9.080832e-02  3.547049e-02  2.000000e+00
-9.749733e-02 -2.062464e-02  6.032046e-02  2.000000e+00
-6.729683e-02 -1.267126e-02  4.333377e-02  2.000000e+00
 1.457307e-02 -1.797126e-02  8.876908e-03  2.000000e+00
 1.357206e-02 -1.579002e-02  9.653636e-03  2.000000e+00
 1.018646e-01  1.094541e-01  4.297059e-02  2.000000e+00
-7.850606e-02 -1.606507e-02  5.053168e-02  2.000000e+00
-7.413464e-02 -1.472897e-02  4.794574e-02  2.000000e+00
-6.981442e-02 -1.352014e-02  4.500694e-02  2.000000e+00
 1.608358e-02 -2.103509e-02  7.748726e-03  2.000000e+00
 1.577455e-02 -1.916658e-02  8.406068e-03  2.000000e+00
 2.043400e-02 -1.848138e-02  9.832641e-03  2.000000e+00
-1.034424e-01 -2.320607e-02  6.708977e-02  2.000000e+00
-8.305755e-02 -1.825063e-02  5.618221e-02  2.000000e+00
-5.960878e-02 -1.265815e-02  4.327758e-02  2.000000e+00
-5.399166e-02 -1.100271e-02  3.953682e-02  2.000000e+00
 1.818308e-02 -2.131210e-02  8.024116e-03  2.000000e+00
 1.921917e-02 -1.967372e-02  9.050617e-03  2.000000e+00
 2.420712e-02 -1.862957e-02  1.037082e-02  2.000000e+00
 2.900077e-02 -1.736413e-02  1.136131e-02  2.000000e+00
-9.218872e-02 -2.188425e-02  6.519647e-02  2.000000e+00
-8.145162e-02 -1.781878e-02  5.562649e-02  2.000000e+00
-9.506426e-02 -2.314369e-02  6.826822e-02  2.000000e+00
-7.810699e-02 -1.725142e-02  5.380949e-02  2.000000e+00
-1.152094e-01 -2.834007e-02  8.032215e-02  2.000000e+00
-9.991172e-02 -2.494159e-02  7.280859e-02  2.000000e+00
-8.793720e-02 -2.096255e-02  6.372103e-02  2.000000e+00
-8.655627e-02 -2.031539e-02  6.159833e-02  2.000000e+00
-9.245791e-02 -2.314494e-02  6.935030e-02  2.000000e+00
-1.115462e-01 -2.994036e-02  8.541676e-02  2.000000e+00
-1.027477e-01 -2.667442e-02  7.773331e-02  2.000000e+00
-1.269405e-01 -3.346144e-02  9.346781e-02  2.000000e+00
-1.115029e-01 -3.031453e-02  8.683881e-02  2.000000e+00
-1.142551e-01 -3.160218e-02  9.007744e-02  2.000000e+00
-1.180579e-01 -3.338116e-02  9.444438e-02  2.000000e+00
-1.180237e-01 -3.336842e-02  9.436219e-02  2.000000e+00
-1.461179e-01 -4.184199e-02  1.144922e-01  2.000000e+00
-1.385900e-01 -3.855105e-02  1.064714e-01  2.000000e+00
-1.415026e-01 -3.982301e-02  1.097208e-01  2.000000e+00
-1.253980e-01 -3.680325e-02  1.033573e-01  2.000000e+00
-1.510559e-01 -4.445002e-02  1.215301e-01  2.000000e+00
-1.473011e-01 -4.279886e-02  1.175027e-01  2.000000e+00
-1.351236e-01 -4.111302e-02  1.143027e-01  2.000000e+00
-1.458687e-01 -4.432684e-02  1.219294e-01  2.000000e+00
-1.511450e-01 -4.599727e-02  1.257927e-01  2.000000e+00
-1.580321e-01 -4.908609e-02  1.336472e-01  2.000000e+00
-1.551949e-01 -4.855024e-02  1.326123e-01  2.000000e+00
-1.599080e-01 -5.068445e-02  1.379736e-01  2.000000e+00
-1.648942e-01 -5.216409e-02  1.414332e-01  2.000000e+00
-1.637737e-01 -5.166101e-02  1.402134e-01  2.000000e+00
-1.666587e-01 -5.295470e-02  1.435358e-01  2.000000e+00
-1.645275e-01 -5.277589e-02  1.433099e-01  2.000000e+00
-1.645023e-01 -5.276572e-02  1.432449e-01  2.000000e+00
-1.702183e-01 -5.535285e-02  1.498435e-01  2.000000e+00
-1.701593e-01 -5.532822e-02  1.496867e-01  2.000000e+00
-1.730141e-01 -5.662061e-02  1.529784e-01  2.000000e+00
-1.737839e-01 -5.697020e-02  1.538075e-01  2.000000e+00
-1.758631e-01 -5.791051e-02  1.562543e-01  2.000000e+00
 3.783024e-02 -3.101755e-02  6.031187e-03  3.000000e+00
 5.577133e-02 -5.863007e-02 -4.483600e-03  3.000000e+00
 5.640703e-02 -5.961192e-02 -4.864836e-03  3.000000e+00
 5.917350e-02 -6.387021e-02 -6.487956e-03  3.000000e+00
 4.524663e-02 -4.242230e-02  1.715336e-03  3.000000e+00
 4.377296e-02 -4.019912e-02  2.461535e-03  3.000000e+00
 5.587888e-02 -5.883081e-02 -4.634611e-03  3.000000e+00
 6.187317e-02 -6.809242e-02 -8.239520e-03  3.000000e+00
 7.140981e-02 -8.278248e-02 -1.386207e-02  3.000000e+00
 5.568511e-02 -5.837460e-02 -4.107454e-03  3.000000e+00
 5.097126e-02 -5.119388e-02 -1.535984e-03  3.000000e+00
 4.538771e-02 -4.269398e-02  1.493307e-03  3.000000e+00
 5.054602e-02 -5.067253e-02 -1.631901e-03  3.000000e+00
 6.815193e-02 -7.778711e-02 -1.199890e-02  3.000000e+00
 7.089193e-02 -8.200229e-02 -1.360059e-02  3.000000e+00
 5.611748e-02 -5.904302e-02 -4.367089e-03  3.000000e+00
 5.025073e-02 -5.014926e-02 -1.277995e-03  3.000000e+00
 4.911465e-02 -4.842903e-02 -6.852192e-04  3.000000e+00
 4.781735e-02 -4.645037e-02  2.785666e-05  3.000000e+00
 6.782141e-02 -7.730890e-02 -1.188049e-02  3.000000e+00
 7.052847e-02 -8.146804e-02 -1.344946e-02  3.000000e+00
 6.192892e-02 -6.794986e-02 -7.674720e-03  3.000000e+00
 5.983700e-02 -6.476501e-02 -6.537681e-03  3.000000e+00
 5.626977e-02 -5.938625e-02 -4.732790e-03  3.000000e+00
 5.400882e-02 -5.593323e-02 -3.476966e-03  3.000000e+00
 5.272162e-02 -5.396350e-02 -2.753143e-03  3.000000e+00
 5.039740e-02 -5.044310e-02 -1.537771e-03  3.000000e+00
 5.185923e-02 -5.268940e-02 -2.386212e-03  3.000000e+00
 5.510378e-02 -5.770324e-02 -4.339084e-03  3.000000e+00
 5.651402e-02 -5.991551e-02 -5.273764e-03  3.000000e+00
 5.929635e-02 -6.419514e-02 -6.898496e-03  3.000000e+00
 6.220856e-02 -6.868664e-02 -8.629371e-03  3.000000e+00
 7.424055e-02 -8.722607e-02 -1.573783e-02  3.000000e+00
 6.174869e-02 -6.775408e-02 -7.775834e-03  3.000000e+00
 5.536236e-02 -5.805437e-02 -4.366354e-03  3.000000e+00
 5.300250e-02 -5.447551e-02 -3.120868e-03  3.000000e+00
 6.001581e-02 -6.530469e-02 -7.325893e-03  3.000000e+00
 6.294607e-02 -6.982591e-02 -9.072248e-03  3.000000e+00
 6.600594e-02 -7.455847e-02 -1.092429e-02  3.000000e+00
 8.117508e-02 -9.794636e-02 -1.992093e-02  3.000000e+00
 6.761340e-02 -7.674214e-02 -1.110871e-02  3.000000e+00
 5.924709e-02 -6.403382e-02 -6.641458e-03  3.000000e+00
 5.804158e-02 -6.220103e-02 -5.993876e-03  3.000000e+00
 5.674067e-02 -6.021384e-02 -5.270578e-03  3.000000e+00
 5.718995e-02 -6.095023e-02 -5.649807e-03  3.000000e+00
 6.035869e-02 -6.583637e-02 -7.530314e-03  3.000000e+00
 6.287302e-02 -6.971777e-02 -9.033879e-03  3.000000e+00
 6.366932e-02 -7.094224e-02 -9.504334e-03  3.000000e+00
 7.020392e-02 -8.107024e-02 -1.351185e-02  3.000000e+00
 7.589053e-02 -8.981934e-02 -1.683817e-02  3.000000e+00
 7.110116e-02 -8.208756e-02 -1.309338e-02  3.000000e+00
 7.002424e-02 -8.046005e-02 -1.253950e-02  3.000000e+00
 6.740212e-02 -7.648786e-02 -1.116553e-02  3.000000e+00
 5.938514e-02 -6.431059e-02 -6.886213e-03  3.000000e+00
 6.117951e-02 -6.708958e-02 -7.982290e-03  3.000000e+00
 5.966434e-02 -6.477047e-02 -7.128614e-03  3.000000e+00
 6.133485e-02 -6.735959e-02 -8.154009e-03  3.000000e+00
 6.452352e-02 -7.227901e-02 -1.005281e-02  3.000000e+00
 7.227701e-02 -8.428945e-02 -1.479682e-02  3.000000e+00
 7.972079e-02 -9.573941e-02 -1.914576e-02  3.000000e+00
 6.452439e-02 -7.220271e-02 -9.848834e-03  3.000000e+00
 6.328284e-02 -7.031710e-02 -9.186505e-03  3.000000e+00
 6.188653e-02 -6.817943e-02 -8.398658e-03  3.000000e+00
 6.366044e-02 -7.092194e-02 -9.470237e-03  3.000000e+00
 6.218970e-02 -6.867857e-02 -8.661061e-03  3.000000e+00
 6.544697e-02 -7.372175e-02 -1.064756e-02  3.000000e+00
 6.859032e-02 -7.857054e-02 -1.251740e-02  3.000000e+00
 7.724694e-02 -9.196738e-02 -1.777723e-02  3.000000e+00
 8.427807e-02 -1.027994e-01 -2.192918e-02  3.000000e+00
 7.349793e-02 -8.594927e-02 -1.493565e-02  3.000000e+00
 6.829601e-02 -7.800572e-02 -1.205150e-02  3.000000e+00
 6.706396e-02 -7.612370e-02 -1.136713e-02  3.000000e+00
 6.576270e-02 -7.415022e-02 -1.067945e-02  3.000000e+00
 6.442264e-02 -7.210797e-02 -9.946885e-03  3.000000e+00
 6.640804e-02 -7.520923e-02 -1.122901e-02  3.000000e+00
 6.810865e-02 -7.784281e-02 -1.226738e-02  3.000000e+00
 8.033956e-02 -9.673468e-02 -1.960612e-02  3.000000e+00
 7.805117e-02 -9.321403e-02 -1.827083e-02  3.000000e+00
 7.854841e-02 -9.397874e-02 -1.856230e-02  3.000000e+00
 8.464540e-02 -1.033839e-01 -2.218982e-02  3.000000e+00
 8.057126e-02 -9.677753e-02 -1.892835e-02  3.000000e+00
 7.729762e-02 -9.178567e-02 -1.713079e-02  3.000000e+00
 7.497090e-02 -8.825292e-02 -1.589190e-02  3.000000e+00
 7.200872e-02 -8.370641e-02 -1.419000e-02  3.000000e+00
 7.060788e-02 -8.156731e-02 -1.341310e-02  3.000000e+00
 6.822867e-02 -7.796054e-02 -1.216124e-02  3.000000e+00
 6.874085e-02 -7.879571e-02 -1.258162e-02  3.000000e+00
 7.057698e-02 -8.163608e-02 -1.369491e-02  3.000000e+00
 6.896463e-02 -7.916748e-02 -1.278463e-02  3.000000e+00
 7.068449e-02 -8.183030e-02 -1.383334e-02  3.000000e+00
 7.227112e-02 -8.428097e-02 -1.478588e-02  3.000000e+00
 7.553064e-02 -8.931385e-02 -1.673707e-02  3.000000e+00
 7.881938e-02 -9.438971e-02 -1.870038e-02  3.000000e+00
 8.209668e-02 -9.944508e-02 -2.064993e-02  3.000000e+00
 8.088595e-02 -9.758380e-02 -1.994774e-02  3.000000e+00
 8.332805e-02 -1.010290e-01 -2.056424e-02  3.000000e+00
 7.468364e-02 -8.785559e-02 -1.583715e-02  3.000000e+00
 7.343282e-02 -8.595256e-02 -1.516152e-02  3.000000e+00
 7.214449e-02 -8.399085e-02 -1.446164e-02  3.000000e+00
 7.076568e-02 -8.188594e-02 -1.369864e-02  3.000000e+00
 7.271338e-02 -8.491126e-02 -1.490978e-02  3.000000e+00
 7.126067e-02 -8.268753e-02 -1.409123e-02  3.000000e+00
 7.140909e-02 -8.294429e-02 -1.425299e-02  3.000000e+00
 7.315200e-02 -8.564322e-02 -1.531681e-02  3.000000e+00
 7.477209e-02 -8.814852e-02 -1.629682e-02  3.000000e+00
 7.804847e-02 -9.321009e-02 -1.826464e-02  3.000000e+00
 8.139071e-02 -9.837088e-02 -2.026578e-02  3.000000e+00
 9.023688e-02 -1.120470e-01 -2.560809e-02  3.000000e+00
 9.260719e-02 -1.157028e-01 -2.701914e-02  3.000000e+00
 8.014478e-02 -9.618924e-02 -1.885317e-02  3.000000e+00
 7.596322e-02 -8.985239e-02 -1.665664e-02  3.000000e+00
 7.315062e-02 -8.556502e-02 -1.511634e-02  3.000000e+00
 7.517494e-02 -8.870439e-02 -1.636298e-02  3.000000e+00
 7.561744e-02 -8.942683e-02 -1.672929e-02  3.000000e+00
 7.884997e-02 -9.445379e-02 -1.875957e-02  3.000000e+00
 8.220150e-02 -9.963010e-02 -2.076917e-02  3.000000e+00
 8.554510e-02 -1.047933e-01 -2.277201e-02  3.000000e+00
 8.682221e-02 -1.067712e-01 -2.355406e-02  3.000000e+00
 8.506969e-02 -1.037527e-01 -2.169304e-02  3.000000e+00
 7.702179e-02 -9.151998e-02 -1.737364e-02  3.000000e+00
 7.631236e-02 -9.051761e-02 -1.719114e-02  3.000000e+00
 7.813173e-02 -9.333729e-02 -1.830737e-02  3.000000e+00
 8.138981e-02 -9.838363e-02 -2.029931e-02  3.000000e+00
 8.631140e-02 -1.059793e-01 -2.323746e-02  3.000000e+00
 9.365895e-02 -1.173336e-01 -2.766161e-02  3.000000e+00
 8.565776e-02 -1.047415e-01 -2.225004e-02  3.000000e+00
 8.148010e-02 -9.834420e-02 -1.988850e-02  3.000000e+00
 8.087337e-02 -9.743702e-02 -1.960075e-02  3.000000e+00
 8.072188e-02 -9.733881e-02 -1.986194e-02  3.000000e+00
 8.238950e-02 -9.992738e-02 -2.089513e-02  3.000000e+00
 8.397804e-02 -1.023874e-01 -2.186505e-02  3.000000e+00
 8.558622e-02 -1.048719e-01 -2.283199e-02  3.000000e+00
 9.263554e-02 -1.157624e-01 -2.707157e-02  3.000000e+00
 9.586724e-02 -1.207551e-01 -2.901279e-02  3.000000e+00
 8.282792e-02 -1.005003e-01 -2.088427e-02  3.000000e+00
 8.418328e-02 -1.026914e-01 -2.195391e-02  3.000000e+00
 8.811056e-02 -1.087751e-01 -2.435562e-02  3.000000e+00
 9.776614e-02 -1.237020e-01 -3.018125e-02  3.000000e+00
 8.574547e-02 -1.049726e-01 -2.254582e-02  3.000000e+00
 8.702076e-02 -1.069699e-01 -2.337953e-02  3.000000e+00
 9.372505e-02 -1.174005e-01 -2.759250e-02  3.000000e+00
 8.659393e-02 -1.064056e-01 -2.337306e-02  3.000000e+00
 9.151693e-02 -1.140447e-01 -2.641948e-02  3.000000e+00
 8.975759e-02 -1.112562e-01 -2.517086e-02  3.000000e+00
 8.911091e-02 -1.102973e-01 -2.489135e-02  3.000000e+00
 9.308430e-02 -1.164739e-01 -2.737902e-02  3.000000e+00
 1.010357e-01 -1.287527e-01 -3.214369e-02  3.000000e+00
 9.287672e-02 -1.161044e-01 -2.712099e-02  3.000000e+00
 9.161952e-02 -1.141944e-01 -2.645439e-02  3.000000e+00
 9.563688e-02 -1.204249e-01 -2.892918e-02  3.000000e+00
-3.865926e-02 -2.544596e-02  3.114043e-03  4.000000e+00
-3.771866e-04 -3.008574e-02  1.369918e-02  4.000000e+00
-1.857219e-02 -2.853986e-02  6.451638e-03  4.000000e+00
-1.208509e-02 -2.630305e-02  6.534024e-03  4.000000e+00
-7.045555e-03 -2.461666e-02  7.044023e-03  4.000000e+00
 1.076071e-02 -2.555513e-02  9.444526e-03  4.000000e+00
 2.087340e-02 -2.775156e-02  2.258561e-04  4.000000e+00
 2.675655e-02 -2.744270e-02 -3.219827e-03  4.000000e+00
-3.113059e-02 -2.351657e-02  4.417344e-03  4.000000e+00
-1.777655e-02 -2.758791e-02  5.961073e-03  4.000000e+00
-6.199741e-03 -2.165486e-02  6.929244e-03  4.000000e+00
 5.474677e-03 -2.288032e-02  1.058276e-02  4.000000e+00
 1.055494e-02 -2.240548e-02  8.122193e-03  4.000000e+00
 1.637852e-02 -2.305244e-02  3.451308e-03  4.000000e+00
 3.495372e-02 -2.320760e-02 -3.812284e-03  4.000000e+00
-3.750904e-02 -1.414432e-02 -1.788804e-04  4.000000e+00
-3.544483e-02 -1.810916e-02  1.611038e-03  4.000000e+00
-1.116301e-03 -1.810517e-02  5.290181e-03  4.000000e+00
 2.990676e-03 -1.956792e-02  7.454975e-03  4.000000e+00
 1.918209e-02 -2.158519e-02  4.681317e-04  4.000000e+00
-3.528471e-02 -8.604549e-03 -4.315145e-03  4.000000e+00
-5.248745e-03 -1.373336e-02  4.149923e-03  4.000000e+00
-5.066741e-04 -1.357998e-02  2.745090e-03  4.000000e+00
 2.118881e-02 -1.649901e-02 -1.072508e-03  4.000000e+00
 3.020250e-02 -1.312813e-02 -1.094458e-02  4.000000e+00
 3.531933e-02 -1.449894e-02 -1.045678e-02  4.000000e+00
-3.820558e-02 -6.032389e-03 -7.794036e-03  4.000000e+00
-3.308798e-02 -5.322760e-03 -7.183570e-03  4.000000e+00
-1.485283e-02 -6.796945e-03 -5.428307e-03  4.000000e+00
-6.394353e-03 -1.019440e-02  1.237291e-03  4.000000e+00
 1.977087e-02 -1.170195e-02 -4.785728e-03  4.000000e+00
 2.507933e-02 -1.086386e-02 -6.136261e-03  4.000000e+00
-3.698921e-02 -3.914542e-03 -9.134621e-03  4.000000e+00
-3.194406e-02 -3.369512e-03 -8.212288e-03  4.000000e+00
-2.640370e-02 -2.920289e-03 -8.598173e-03  4.000000e+00
-8.549814e-03 -4.222931e-03 -3.501481e-03  4.000000e+00
-3.842694e-03 -6.313144e-03 -6.278459e-04  4.000000e+00
 7.389764e-03 -8.392375e-03 -3.994490e-03  4.000000e+00
 2.624048e-02 -6.240513e-03 -5.622538e-03  4.000000e+00
 4.324841e-02 -3.569009e-03 -7.086382e-03  4.000000e+00
-3.327155e-02 -1.813107e-03 -8.727609e-03  4.000000e+00
-1.453091e-02 -7.167732e-04 -7.881557e-03  4.000000e+00
 1.445471e-02 -6.671289e-03 -8.697559e-03  4.000000e+00
 1.924977e-02 -2.905944e-03 -8.193688e-03  4.000000e+00
 3.176358e-02 -2.135154e-03 -1.919760e-03  4.000000e+00
-4.379100e-02 -2.982798e-04 -9.499729e-03  4.000000e+00
-3.695574e-02  6.456888e-04 -7.382832e-03  4.000000e+00
-1.016466e-02  2.999728e-03 -5.658654e-03  4.000000e+00
 1.927217e-02  1.241558e-03 -4.644799e-03  4.000000e+00
 2.494154e-02  1.310525e-04 -4.042923e-03  4.000000e+00
 3.799407e-02  2.975676e-04 -1.299329e-03  4.000000e+00
 4.796494e-02  1.234579e-03 -2.400371e-03  4.000000e+00
-3.814743e-02  7.148346e-03  5.627987e-04  4.000000e+00
-3.822003e-02  1.828452e-02  7.628292e-03  4.000000e+00
-9.976636e-03  1.362831e-02  2.665280e-03  4.000000e+00
-7.365424e-03  1.349732e-02  1.441602e-03  4.000000e+00
 4.135454e-03  1.908373e-02 -9.517975e-03  4.000000e+00
 1.062947e-02  1.849176e-02 -1.208846e-02  4.000000e+00
 1.616167e-02  1.381960e-02 -6.575985e-03  4.000000e+00
 3.999420e-02  1.800890e-02  1.169976e-02  4.000000e+00
 4.184772e-02  1.229248e-02  1.126379e-02  4.000000e+00
-3.706774e-02  2.302743e-02  8.612705e-03  4.000000e+00
-3.610958e-02  2.617978e-02  8.582526e-03  4.000000e+00
-9.972047e-03  1.861395e-02  6.725913e-03  4.000000e+00
 1.112471e-02  2.054745e-02 -1.001953e-02  4.000000e+00
 3.284688e-02  2.798659e-02 -5.906158e-05  4.000000e+00
 4.353492e-02  1.769665e-02  1.385777e-02  4.000000e+00
 4.729783e-02  1.589660e-02  1.327873e-02  4.000000e+00
-1.062707e-02  2.356599e-02  1.006858e-02  4.000000e+00
-6.745588e-03  2.234041e-02  7.384431e-03  4.000000e+00
-2.325305e-03  2.332833e-02  2.664716e-03  4.000000e+00
 1.598552e-02  2.298828e-02 -3.250753e-03  4.000000e+00
-2.670657e-02  3.252866e-02  2.843544e-03  4.000000e+00
-6.338518e-03  2.700081e-02  7.468764e-03  4.000000e+00
 4.519187e-03  2.705005e-02 -3.220801e-03  4.000000e+00
 1.036453e-02  2.913033e-02 -5.523309e-03  4.000000e+00
 2.057611e-02  2.898644e-02 -1.899943e-03  4.000000e+00
-2.397197e-02  3.291833e-02  3.744822e-03  4.000000e+00
-1.786983e-02  3.102348e-02  5.189399e-03  4.000000e+00
 1.573757e-02  3.097552e-02 -4.019075e-03  4.000000e+00
-9.377031e-03  3.340652e-02  4.012153e-03  4.000000e+00
 7.487850e-03 -4.916911e-02 -1.252611e-02  5.000000e+00
-8.551820e-03 -4.786082e-02 -1.038053e-02  5.000000e+00
 3.671792e-03 -4.597651e-02 -1.092918e-02  5.000000e+00
-2.030935e-02 -4.232533e-02 -7.975259e-03  5.000000e+00
 7.499420e-04 -4.468382e-02 -1.205255e-02  5.000000e+00
 5.594680e-03 -4.190104e-02 -7.129585e-03  5.000000e+00
 2.071336e-02 -3.863794e-02 -6.823536e-03  5.000000e+00
 5.458714e-02 -3.178010e-02  2.588722e-02  5.000000e+00
-2.477378e-02 -3.918984e-02 -7.950877e-03  5.000000e+00
-2.414038e-02 -3.828442e-02 -7.703580e-03  5.000000e+00
-1.835819e-02 -3.741510e-02 -1.050360e-02  5.000000e+00
 5.665004e-03 -3.738778e-02 -3.134149e-03  5.000000e+00
 1.069712e-02 -3.796098e-02 -5.011640e-03  5.000000e+00
 4.515736e-03 -3.340276e-02 -2.227300e-03  5.000000e+00
 1.061274e-02 -3.653551e-02 -4.476860e-03  5.000000e+00
 1.704144e-02 -3.306067e-02 -3.123345e-03  5.000000e+00
 5.007260e-02 -2.834749e-02  1.974379e-02  5.000000e+00
 4.912707e-02 -2.769446e-02  1.931386e-02  5.000000e+00
 5.109083e-02 -2.920919e-02  2.234304e-02  5.000000e+00
-2.135479e-02 -3.118607e-02 -4.412427e-03  5.000000e+00
-1.443119e-02 -3.076437e-02 -7.579582e-03  5.000000e+00
 2.090666e-02 -2.781306e-02 -1.750254e-03  5.000000e+00
 4.831876e-02 -2.711949e-02  1.882112e-02  5.000000e+00
 5.166181e-02 -2.965284e-02  2.341070e-02  5.000000e+00
-5.654614e-02 -1.333072e-02 -1.601734e-02  5.000000e+00
-3.899826e-02 -2.563545e-02 -2.066211e-03  5.000000e+00
-3.422111e-02 -2.496196e-02 -3.053434e-03  5.000000e+00
-2.924967e-02 -2.516889e-02  3.213703e-05  5.000000e+00
-1.415970e-02 -2.807699e-02 -3.203089e-03  5.000000e+00
-9.209734e-03 -2.517666e-02 -9.395643e-04  5.000000e+00
 1.651398e-03 -2.603488e-02 -2.113883e-03  5.000000e+00
 1.506164e-02 -2.533679e-02  2.959662e-04  5.000000e+00
 4.363225e-02 -2.357061e-02  1.251490e-02  5.000000e+00
 5.871408e-02 -3.016943e-02  3.202806e-02  5.000000e+00
-6.479632e-02 -1.376867e-02 -1.620007e-02  5.000000e+00
-5.951033e-02 -1.320091e-02 -1.552692e-02  5.000000e+00
-5.433925e-02 -1.246554e-02 -1.448329e-02  5.000000e+00
-2.790566e-02 -2.090642e-02  1.691313e-03  5.000000e+00
-2.185937e-02 -2.244506e-02  9.958268e-04  5.000000e+00
-1.008877e-02 -2.294401e-02  1.173082e-03  5.000000e+00
-3.459168e-03 -2.332996e-02 -3.211254e-03  5.000000e+00
 8.219435e-03 -2.190511e-02  1.637326e-03  5.000000e+00
 2.045798e-02 -2.075622e-02  1.153911e-03  5.000000e+00
 2.592539e-02 -2.231503e-02  1.241412e-03  5.000000e+00
 5.396047e-02 -2.694551e-02  2.593035e-02  5.000000e+00
-5.373613e-02 -1.168463e-02 -1.288430e-02  5.000000e+00
-4.805173e-02 -1.149712e-02 -1.324720e-02  5.000000e+00
-4.007867e-02 -1.337347e-02 -1.044243e-02  5.000000e+00
-1.723715e-02 -1.791878e-02  4.884198e-03  5.000000e+00
 2.841052e-03 -1.829527e-02  1.852239e-03  5.000000e+00
 8.510080e-03 -1.930170e-02  6.326712e-04  5.000000e+00
 1.362958e-02 -1.866515e-02  1.237012e-03  5.000000e+00
 1.962100e-02 -1.778688e-02  1.061988e-03  5.000000e+00
 3.301521e-02 -1.959631e-02  3.800006e-03  5.000000e+00
 3.817155e-02 -1.947948e-02  5.925738e-03  5.000000e+00
 4.174595e-02 -1.873553e-02  1.072357e-02  5.000000e+00
 4.918226e-02 -2.369101e-02  1.968573e-02  5.000000e+00
 5.285969e-02 -2.611967e-02  2.393307e-02  5.000000e+00
-6.640217e-02 -9.026457e-03 -9.651626e-03  5.000000e+00
-5.578652e-02 -1.020324e-02 -9.929680e-03  5.000000e+00
-4.245923e-02 -9.847979e-03 -1.026512e-02  5.000000e+00
-3.743268e-02 -9.841514e-03 -8.531086e-03  5.000000e+00
-2.714601e-02 -1.174525e-02 -2.508547e-04  5.000000e+00
-2.186329e-02 -1.284996e-02  7.319869e-04  5.000000e+00
-1.832064e-02 -1.216886e-02  1.859635e-03  5.000000e+00
 2.904901e-03 -1.338280e-02  3.584827e-04  5.000000e+00
 8.046379e-03 -1.434536e-02  7.877713e-04  5.000000e+00
 2.040923e-02 -1.406063e-02  3.003589e-04  5.000000e+00
 3.418189e-02 -1.431110e-02  5.601600e-03  5.000000e+00
 3.706659e-02 -1.448407e-02  6.464181e-03  5.000000e+00
-6.202350e-02 -4.915968e-03 -9.362986e-03  5.000000e+00
-4.140592e-02 -8.089667e-03 -7.536415e-03  5.000000e+00
-3.629064e-02 -6.893353e-03 -6.002158e-03  5.000000e+00
-3.124416e-02 -7.532148e-03 -5.009235e-03  5.000000e+00
-2.602354e-02 -6.845916e-03 -3.966608e-03  5.000000e+00
-1.701917e-02 -6.895690e-03 -1.063349e-04  5.000000e+00
-2.904777e-03 -8.697400e-03  1.855385e-03  5.000000e+00
 2.519917e-03 -9.889829e-03 -2.244492e-03  5.000000e+00
 8.246556e-03 -1.048311e-02 -3.472528e-03  5.000000e+00
 3.175121e-02 -9.298163e-03  4.572727e-03  5.000000e+00
 3.676658e-02 -1.096105e-02  4.164025e-03  5.000000e+00
-4.866844e-02 -6.449012e-03 -3.856051e-03  5.000000e+00
-2.529314e-02 -3.882337e-03 -7.473149e-05  5.000000e+00
-1.966848e-02 -3.331750e-03 -6.821825e-06  5.000000e+00
-1.476175e-02 -3.828890e-03  2.380092e-03  5.000000e+00
-9.022510e-03 -5.645245e-03  1.442726e-03  5.000000e+00
-3.682503e-03 -4.207677e-03  1.315342e-04  5.000000e+00
 6.995739e-04 -5.748464e-03 -2.444771e-03  5.000000e+00
 1.456876e-02 -5.376927e-03  1.254417e-03  5.000000e+00
 2.023741e-02 -5.331070e-03  1.454495e-03  5.000000e+00
 2.514778e-02 -5.396323e-03  4.592278e-03  5.000000e+00
 3.813698e-02 -9.188209e-03  1.738344e-03  5.000000e+00
-7.193849e-02  6.280351e-04 -4.490919e-03  5.000000e+00
-5.368641e-02 -3.074577e-04 -5.136717e-03  5.000000e+00
-3.002066e-02  8.525518e-04 -1.737525e-03  5.000000e+00
-2.078798e-02  1.094863e-03  4.228333e-04  5.000000e+00
-1.528482e-02  1.625010e-03  1.358633e-03  5.000000e+00
-2.972591e-03 -1.229926e-03  3.701459e-03  5.000000e+00
 2.785376e-03 -2.224940e-03  9.379169e-04  5.000000e+00
 8.598919e-03 -2.185041e-05  1.873506e-03  5.000000e+00
 1.404152e-02 -1.347323e-03  1.583268e-03  5.000000e+00
 1.954586e-02 -1.146419e-03  2.299661e-03  5.000000e+00
 2.357461e-02 -1.933886e-03  4.657583e-03  5.000000e+00
 4.061247e-02 -8.663856e-03 -6.636627e-04  5.000000e+00
 4.481834e-02 -7.275671e-03 -5.294395e-03  5.000000e+00
-6.496548e-02  1.703230e-03 -1.163407e-03  5.000000e+00
-4.883268e-02  6.419366e-03 -3.970766e-03  5.000000e+00
-2.586110e-02  6.117789e-03 -9.587936e-04  5.000000e+00
-2.023326e-02  6.179769e-03 -2.432770e-05  5.000000e+00
-8.272471e-03  4.211504e-03  3.620234e-03  5.000000e+00
 1.005878e-02  3.851649e-03  4.835652e-03  5.000000e+00
 1.892136e-02  3.238013e-03  3.809224e-03  5.000000e+00
 5.619760e-02  1.895074e-03 -1.568873e-02  5.000000e+00
 7.183564e-02  9.755216e-03 -2.220379e-02  5.000000e+00
-6.003344e-02  7.164488e-03 -1.834491e-03  5.000000e+00
-4.170092e-02  8.685525e-03  7.469616e-04  5.000000e+00
-3.646989e-02  7.527846e-03  7.578012e-04  5.000000e+00
-1.333678e-02  8.648895e-03  3.088808e-03  5.000000e+00
-8.465949e-03  9.753205e-03  1.310322e-03  5.000000e+00
-3.893167e-03  1.003957e-02  4.414481e-03  5.000000e+00
 1.938952e-03  1.105955e-02  6.423804e-03  5.000000e+00
 7.868505e-03  8.816120e-03  4.169065e-03  5.000000e+00
 1.318929e-02  8.767891e-03  6.310326e-03  5.000000e+00
 1.818633e-02  6.954271e-03  4.755514e-03  5.000000e+00
 2.257338e-02  8.288324e-03 -7.383533e-04  5.000000e+00
 6.191793e-02  7.859020e-03 -1.604138e-02  5.000000e+00
-7.116001e-02  1.034039e-02 -1.249469e-04  5.000000e+00
-5.279122e-02  1.092949e-02  3.670740e-03  5.000000e+00
-3.954704e-02  1.053253e-02  3.912541e-03  5.000000e+00
-2.860088e-02  1.118039e-02  6.654504e-03  5.000000e+00
-2.221044e-03  1.445613e-02  2.900027e-03  5.000000e+00
 2.899161e-03  1.634918e-02  3.226686e-03  5.000000e+00
 8.955701e-03  1.382905e-02  1.773167e-03  5.000000e+00
 1.426813e-02  1.377742e-02  5.289041e-03  5.000000e+00
 1.841051e-02  1.114334e-02  4.389594e-03  5.000000e+00
 2.291097e-02  1.270296e-02 -1.127267e-03  5.000000e+00
 2.751912e-02  1.439232e-02 -6.618559e-03  5.000000e+00
 5.904381e-02  1.602660e-02 -7.374343e-03  5.000000e+00
 7.197032e-02  9.884938e-03 -2.264299e-02  5.000000e+00
-3.064391e-02  1.491088e-02  9.103594e-03  5.000000e+00
-1.329175e-02  1.627959e-02  3.599732e-03  5.000000e+00
 3.316419e-03  1.983477e-02  3.097475e-03  5.000000e+00
 9.547088e-03  1.762509e-02  2.515127e-03  5.000000e+00
 1.494529e-02  1.804476e-02  1.815510e-03  5.000000e+00
 5.142701e-02  2.471528e-02 -7.385783e-03  5.000000e+00
 6.831743e-02  1.522821e-02 -1.562366e-02  5.000000e+00
 7.297499e-02  1.654162e-02 -1.851494e-02  5.000000e+00
-6.521307e-02  1.690209e-02  8.838303e-03  5.000000e+00
-5.974311e-02  1.931292e-02  1.041095e-02  5.000000e+00
-3.653404e-02  1.619620e-02  1.204361e-02  5.000000e+00
-6.433230e-03  2.135978e-02  5.077000e-03  5.000000e+00
-7.371338e-04  2.232354e-02  6.686409e-03  5.000000e+00
 1.523858e-02  2.149036e-02 -1.338998e-03  5.000000e+00
 1.939663e-02  2.341471e-02 -6.388075e-03  5.000000e+00
 2.414988e-02  2.549546e-02 -9.860593e-03  5.000000e+00
 2.971851e-02  2.308385e-02 -1.231572e-02  5.000000e+00
 4.270463e-02  2.901061e-02 -1.023752e-02  5.000000e+00
-4.608645e-02  2.189680e-02  1.841529e-02  5.000000e+00
-3.896685e-02  1.869864e-02  1.415400e-02  5.000000e+00
-2.159558e-02  2.288898e-02  8.686710e-03  5.000000e+00
-1.834964e-03  2.541307e-02  9.471659e-03  5.000000e+00
 1.054304e-02  2.320419e-02 -1.112773e-03  5.000000e+00
 1.919202e-02  2.674117e-02 -8.420402e-03  5.000000e+00
 2.401465e-02  2.893861e-02 -1.197731e-02  5.000000e+00
 3.481785e-02  2.797369e-02 -1.771972e-02  5.000000e+00
 4.049999e-02  2.997226e-02 -1.227146e-02  5.000000e+00
 5.113445e-02  3.118535e-02 -1.107544e-02  5.000000e+00
-5.104678e-02  2.754400e-02  1.348565e-02  5.000000e+00
-4.673478e-02  2.786560e-02  1.403339e-02  5.000000e+00
-4.150757e-02  2.119063e-02  1.692108e-02  5.000000e+00
-2.212277e-02  2.731190e-02  7.714584e-03  5.000000e+00
 2.311194e-02  3.283928e-02 -1.192397e-02  5.000000e+00
 3.639722e-02  3.299843e-02 -1.390884e-02  5.000000e+00
 7.020026e-02  3.037121e-02 -1.690546e-02  5.000000e+00
-2.060455e-02  3.179496e-02  7.716145e-03  5.000000e+00
-8.336086e-03  3.477725e-02  1.512225e-02  5.000000e+00
 2.427377e-02  3.849891e-02 -1.010819e-02  5.000000e+00
 2.737512e-02  3.973827e-02 -1.565579e-02  5.000000e+00
 3.295965e-02  3.810689e-02 -1.270492e-02  5.000000e+00
 5.603848e-02  3.678265e-02 -1.821302e-02  5.000000e+00
-3.978760e-02  3.795271e-02  4.620850e-03  5.000000e+00
-1.981276e-02  3.629413e-02  8.987335e-03  5.000000e+00
-1.409770e-02  3.777733e-02  1.139760e-02  5.000000e+00
 2.740800e-02  4.549873e-02 -1.048287e-02  5.000000e+00
-3.022391e-02  4.376881e-02  1.311548e-02  5.000000e+00
 5.244286e-05  5.124758e-02  8.604647e-05  5.000000e+00
 1.978531e-02  5.220539e-02 -3.314139e-04  5.000000e+00
 2.763169e-02  4.916234e-02 -8.088238e-03  5.000000e+00
-2.602138e-02  4.354651e-02  1.613026e-02  5.000000e+00
-2.034414e-02  4.280429e-02  1.668963e-02  5.000000e+00
 9.198306e-03  4.719386e-02  5.398074e-03  5.000000e+00
-2.382835e-02  4.861964e-02  2.232393e-02  5.000000e+00
