 2.499752e-02 -6.146331e-02 -2.013972e-02  1.000000e+00
 3.084912e-02 -8.508795e-02 -2.652027e-02  1.000000e+00
 2.304011e-02 -5.353588e-02 -1.798572e-02  1.000000e+00
-7.093235e-02  1.377174e-02 -9.099262e-03  1.000000e+00
-7.300683e-02  1.421331e-02 -9.289319e-03  1.000000e+00
 2.890763e-02 -7.728275e-02 -2.442931e-02  1.000000e+00
 2.734641e-02 -7.097623e-02 -2.272452e-02  1.000000e+00
 2.186567e-02 -4.877942e-02 -1.669332e-02  1.000000e+00
 5.313820e-02  1.770014e-02 -3.923109e-03  1.000000e+00
-7.195949e-02  1.398694e-02 -9.188310e-03  1.000000e+00
-6.780891e-02  1.310292e-02 -8.807187e-03  1.000000e+00
 3.086193e-02 -8.518543e-02 -2.657074e-02  1.000000e+00
 3.007914e-02 -8.201481e-02 -2.570952e-02  1.000000e+00
 2.850165e-02 -7.558350e-02 -2.394034e-02  1.000000e+00
 2.069122e-02 -4.402297e-02 -1.540092e-02  1.000000e+00
 5.075923e-02  1.683326e-02 -4.113355e-03  1.000000e+00
 5.566513e-02  1.870599e-02 -3.789649e-03  1.000000e+00
-6.467652e-02  1.242916e-02 -8.509793e-03  1.000000e+00
-3.444987e-03 -2.983447e-03  9.203439e-11  1.000000e+00
 3.444987e-03 -2.983447e-03  9.203439e-11  1.000000e+00
 1.951678e-02 -3.926651e-02 -1.410852e-02  1.000000e+00
 2.080600e-02 -4.350176e-02 -1.473895e-02  1.000000e+00
 4.834375e-02  1.593180e-02 -4.290947e-03  1.000000e+00
-7.798199e-02  1.743912e-02 -1.413849e-02  1.000000e+00
-8.267785e-02  1.873081e-02 -1.515292e-02  1.000000e+00
-8.736064e-02  2.001416e-02 -1.615626e-02  1.000000e+00
-6.154412e-02  1.175540e-02 -8.212400e-03  1.000000e+00
-3.444987e-03  2.983447e-03  9.203439e-11  1.000000e+00
 3.444987e-03  2.983447e-03  9.203439e-11  1.000000e+00
 1.585582e-02 -2.402169e-02 -9.714170e-03  1.000000e+00
 1.676408e-02 -2.809658e-02 -1.105290e-02  1.000000e+00
 1.833890e-02 -3.448967e-02 -1.280479e-02  1.000000e+00
 1.957756e-02 -3.836812e-02 -1.324495e-02  1.000000e+00
 4.595059e-02  1.505132e-02 -4.476940e-03  1.000000e+00
 5.071595e-02  1.679229e-02 -4.097927e-03  1.000000e+00
-7.452102e-02  1.650945e-02 -1.342957e-02  1.000000e+00
-7.917710e-02  1.777572e-02 -1.441023e-02  1.000000e+00
-8.381952e-02  1.903322e-02 -1.537923e-02  1.000000e+00
-5.841173e-02  1.108165e-02 -7.915006e-03  1.000000e+00
 1.479513e-02 -2.010335e-02 -8.861794e-03  1.000000e+00
 4.031998e-02  1.295362e-02 -4.890838e-03  1.000000e+00
 4.356968e-02  1.418253e-02 -4.666819e-03  1.000000e+00
 4.672803e-02  1.532561e-02 -4.407782e-03  1.000000e+00
-7.101931e-02  1.555363e-02 -1.268593e-02  1.000000e+00
-5.527690e-02  1.040658e-02 -7.616095e-03  1.000000e+00
-5.925979e-02  1.119836e-02 -7.896498e-03  1.000000e+00
 1.282552e-02 -1.210731e-02 -6.668823e-03  1.000000e+00
 3.292731e-02  8.226110e-03 -3.898598e-03  1.000000e+00
 3.788271e-02  1.203193e-02 -5.058853e-03  1.000000e+00
 4.588311e-02  1.498736e-02 -4.453704e-03  1.000000e+00
 4.907430e-02  1.616128e-02 -4.207545e-03  1.000000e+00
 9.357006e-02  5.366125e-02 -1.708354e-02  1.000000e+00
-6.751759e-02  1.459780e-02 -1.194229e-02  1.000000e+00
-5.213717e-02  9.728886e-03 -7.314147e-03  1.000000e+00
 1.164375e-02 -7.309681e-03 -5.353040e-03  1.000000e+00
 1.681939e-02 -4.143473e-03 -1.293398e-04  1.000000e+00
 2.177766e-02 -3.369957e-04 -1.288021e-03  1.000000e+00
 2.673306e-02  3.468833e-03 -2.448279e-03  1.000000e+00
 4.130905e-02  1.461382e-02 -5.815806e-03  1.000000e+00
 9.020480e-02  5.116691e-02 -1.637378e-02  1.000000e+00
-6.168140e-02  1.300474e-02 -1.070288e-02  1.000000e+00
-4.899744e-02  9.051194e-03 -7.012200e-03  1.000000e+00
 4.600887e-03 -5.979758e-03  3.392634e-04  1.000000e+00
 1.250876e-02 -2.846433e-03  2.963419e-03  1.000000e+00
 1.739174e-02  1.400412e-03  2.046477e-03  1.000000e+00
 4.473539e-02  1.719571e-02 -6.572759e-03  1.000000e+00
 5.542784e-02  2.466475e-02 -8.492126e-03  1.000000e+00
 5.722791e-02  2.562996e-02 -8.595342e-03  1.000000e+00
 8.907014e-02  5.031444e-02 -1.612621e-02  1.000000e+00
-4.585771e-02  8.373502e-03 -6.710253e-03  1.000000e+00
 3.928503e-04 -5.183181e-03  3.767779e-03  1.000000e+00
 5.323407e-03 -6.998002e-04  8.116695e-03  1.000000e+00
 4.816173e-02  1.977759e-02 -7.329712e-03  1.000000e+00
 5.273019e-02  2.322011e-02 -8.338984e-03  1.000000e+00
 8.347428e-02  4.617824e-02 -1.495425e-02  1.000000e+00
-5.467797e-02  1.109308e-02 -9.215594e-03  1.000000e+00
-4.998401e-02  9.804817e-03 -8.205962e-03  1.000000e+00
-4.530975e-02  8.527340e-03 -7.210291e-03  1.000000e+00
-4.062482e-02  7.244013e-03 -6.207007e-03  1.000000e+00
-3.969752e-03 -3.962891e-03  2.970951e-03  1.000000e+00
 5.940691e-03 -2.331712e-03  1.736248e-02  1.000000e+00
 7.837719e-03 -7.301516e-03  4.446080e-02  1.000000e+00
 5.613786e-02  2.577833e-02 -9.082779e-03  1.000000e+00
-5.548045e-02  1.117817e-02 -9.152538e-03  1.000000e+00
-4.621819e-02  8.681441e-03 -7.238794e-03  1.000000e+00
-3.372753e-02  5.072467e-03 -4.314581e-03  1.000000e+00
-8.332353e-03 -2.742601e-03  2.174123e-03  1.000000e+00
 6.311062e-03 -3.310860e-03  2.290995e-02  1.000000e+00
 6.804890e-03 -4.616389e-03  3.030657e-02  1.000000e+00
 7.268255e-03 -5.825085e-03  3.674786e-02  1.000000e+00
 7.745256e-03 -7.077901e-03  4.362416e-02  1.000000e+00
 6.181730e-02  3.004201e-02 -1.032244e-02  1.000000e+00
 6.636085e-02  3.345295e-02 -1.131416e-02  1.000000e+00
 7.537636e-02  4.016844e-02 -1.324075e-02  1.000000e+00
-2.958916e-02  3.769540e-03 -3.179126e-03  1.000000e+00
-1.269496e-02 -1.522311e-03  1.377295e-03  1.000000e+00
-1.408184e-02 -2.382306e-03  3.391716e-03  1.000000e+00
 8.373991e-03 -8.747715e-03  5.324242e-02  1.000000e+00
-5.370722e-02  1.038822e-02 -8.238901e-03  1.000000e+00
-3.296968e-02  3.808541e-03 -2.336969e-03  1.000000e+00
-2.258878e-02  1.568640e-03 -1.271916e-03  1.000000e+00
-1.693517e-02 -1.976170e-04  2.419184e-04  1.000000e+00
-1.512200e-02 -3.027301e-03  4.902530e-03  1.000000e+00
 7.512492e-03 -6.474751e-03  4.040668e-02  1.000000e+00
 8.752681e-03 -9.752834e-03  5.904591e-02  1.000000e+00
 8.755696e-03 -9.760524e-03  5.912522e-02  1.000000e+00
 7.252807e-02  3.753274e-02 -1.225576e-02  1.000000e+00
-3.501243e-02  3.833036e-03 -1.827374e-03  1.000000e+00
-2.418328e-02  1.357760e-03 -4.791808e-04  1.000000e+00
-1.616216e-02 -3.672296e-03  6.413344e-03  1.000000e+00
 8.127188e-03 -8.104628e-03  4.962783e-02  1.000000e+00
 9.368631e-03 -1.138157e-02  6.826010e-02  1.000000e+00
 7.833625e-02  4.200025e-02 -1.360329e-02  1.000000e+00
-3.706939e-02  3.859337e-03 -1.316987e-03  1.000000e+00
-2.580895e-02  1.155943e-03  3.091440e-04  1.000000e+00
-1.720233e-02 -4.317291e-03  7.924157e-03  1.000000e+00
-1.858921e-02 -5.177284e-03  9.938575e-03  1.000000e+00
-3.914675e-02  3.888661e-03 -8.074319e-04  1.000000e+00
-1.962937e-02 -5.822279e-03  1.144939e-02  1.000000e+00
 8.834504e-03 -9.964252e-03  5.973825e-02  1.000000e+00
 1.011900e-02 -1.337372e-02  7.968427e-02  1.000000e+00
-3.263947e-02  1.258432e-03  1.980726e-03  1.000000e+00
-2.914700e-02  7.792499e-04  1.864720e-03  1.000000e+00
-2.136142e-02 -6.895821e-03  1.396257e-02  1.000000e+00
-2.066865e-02 -6.466467e-03  1.295752e-02  1.000000e+00
 9.438763e-03 -1.156344e-02  6.865202e-02  1.000000e+00
-2.316912e-02 -8.017054e-03  1.658977e-02  1.000000e+00
-2.995157e-01  3.830108e-02 -4.942384e-02  2.000000e+00
-3.058991e-01  3.957769e-02 -5.190329e-02  2.000000e+00
-2.931459e-01  3.706808e-02 -4.702843e-02  2.000000e+00
-2.995157e-01  3.830108e-02 -4.942384e-02  2.000000e+00
-2.867692e-01  3.581327e-02 -4.459100e-02  2.000000e+00
-2.829432e-01  3.506039e-02 -4.312855e-02  2.000000e+00
-2.791173e-01  3.430751e-02 -4.166609e-02  2.000000e+00
-2.752905e-01  3.355232e-02 -4.019950e-02  2.000000e+00
-2.767937e-01  3.372384e-02 -4.053619e-02  2.000000e+00
-2.676371e-01  3.204194e-02 -3.726631e-02  2.000000e+00
-2.567372e-01  2.988719e-02 -3.308232e-02  2.000000e+00
-2.516343e-01  2.887841e-02 -3.112352e-02  2.000000e+00
-2.172701e-01  2.208507e-02 -1.793256e-02  2.000000e+00
-2.390698e-01  2.639458e-02 -2.630054e-02  2.000000e+00
-2.281700e-01  2.423983e-02 -2.211655e-02  2.000000e+00
-2.096157e-01  2.057191e-02 -1.499436e-02  2.000000e+00
-2.057885e-01  1.981532e-02 -1.352527e-02  2.000000e+00
-1.948813e-01  1.764575e-02 -9.331155e-03  2.000000e+00
-1.839629e-01  1.545439e-02 -5.124022e-03  2.000000e+00
-2.079964e-01  1.677631e-02 -8.051157e-03  2.000000e+00
-2.027902e-01  1.546888e-02 -5.602041e-03  2.000000e+00
-1.801292e-01  1.468495e-02 -3.646799e-03  2.000000e+00
-1.709141e-01  1.283545e-02 -9.599582e-05  2.000000e+00
-1.673913e-01  3.944171e-03  1.570476e-02  2.000000e+00
-1.599957e-01  1.064409e-02  4.111138e-03  2.000000e+00
-1.869681e-02 -3.046861e-03 -4.386560e-03  2.000000e+00
-1.729381e-01 -1.080765e-03  2.439997e-02  2.000000e+00
-1.506924e-01  8.834791e-03  7.132829e-03  2.000000e+00
-1.695895e-02 -2.461970e-03 -3.391384e-03  2.000000e+00
-1.775573e-01 -5.266047e-03  3.162585e-02  2.000000e+00
-1.757105e-01 -3.592514e-03  2.874113e-02  2.000000e+00
-1.775573e-01 -5.266048e-03  3.162585e-02  2.000000e+00
-6.510242e-03  1.698654e-04  9.365134e-04  2.000000e+00
-1.429516e-01  7.329366e-03  9.647028e-03  2.000000e+00
-1.398943e-01  5.512913e-03  1.255280e-02  2.000000e+00
 2.003770e-04  6.863328e-04  9.308881e-04  2.000000e+00
-1.365007e-01  6.074595e-03  1.174134e-02  2.000000e+00
-1.398271e-01  1.156192e-03  2.056855e-02  2.000000e+00
-6.144670e-03  5.656166e-03  1.123449e-02  2.000000e+00
 1.034814e-02 -7.451345e-03  3.088709e-03  2.000000e+00
-8.309139e-02 -4.021192e-02  4.864430e-02  2.000000e+00
-1.326284e-01  5.321189e-03  1.298877e-02  2.000000e+00
-1.358616e-01  2.796348e-04  2.177996e-02  2.000000e+00
 5.500558e-03  9.548464e-03 -4.351363e-03  2.000000e+00
 1.491298e-02 -6.315538e-03  8.852044e-04  2.000000e+00
-7.956292e-02 -2.591281e-02  3.497840e-02  2.000000e+00
-8.286672e-02 -3.930131e-02  4.777389e-02  2.000000e+00
-7.832394e-02 -2.089138e-02  3.017875e-02  2.000000e+00
-1.231236e-01  4.396584e-03  1.261282e-02  2.000000e+00
-1.407090e-01 -7.283172e-03  3.495416e-02  2.000000e+00
 1.734862e-02  3.214884e-03 -4.946495e-03  2.000000e+00
-4.191243e-02  2.496928e-03  1.765754e-04  2.000000e+00
-1.447486e-01 -1.358551e-02  4.593265e-02  2.000000e+00
-3.800502e-02  1.923848e-03  1.491773e-04  2.000000e+00
-1.350441e-02 -1.199110e-02  2.414005e-04  2.000000e+00
-7.451475e-02 -5.421679e-03  1.534401e-02  2.000000e+00
-7.534578e-02 -8.821356e-03  1.864181e-02  2.000000e+00
-1.136189e-01  3.471979e-03  1.223687e-02  2.000000e+00
-9.110168e-03 -1.178844e-03  2.623187e-03  2.000000e+00
-1.079007e-02 -1.683467e-03 -2.286221e-03  2.000000e+00
-5.902305e-02 -2.914374e-03  1.017186e-02  2.000000e+00
-6.268777e-02 -1.008175e-03  9.325312e-03  2.000000e+00
-6.798422e-02 -7.301131e-04  9.983325e-03  2.000000e+00
-7.328067e-02 -4.520516e-04  1.064134e-02  2.000000e+00
-1.070285e-01  2.830880e-03  1.197619e-02  2.000000e+00
-1.560548e-01 -3.120758e-02  7.658460e-02  2.000000e+00
-1.528255e-01 -2.617788e-02  6.784599e-02  2.000000e+00
-1.495960e-01 -2.114832e-02  5.910685e-02  2.000000e+00
-3.019020e-02  7.776870e-04  9.438108e-05  2.000000e+00
-1.977043e-02 -7.505279e-04  2.131946e-05  2.000000e+00
 5.439858e-04 -1.238819e-02 -3.376904e-05  2.000000e+00
-2.228949e-02 -1.725176e-02  1.111797e-02  2.000000e+00
-3.487759e-02 -2.456030e-03  5.841237e-03  2.000000e+00
-4.547379e-02 -1.911211e-03  7.183313e-03  2.000000e+00
-5.606710e-02 -1.355619e-03  8.502105e-03  2.000000e+00
-1.536348e-01 -2.744662e-02  7.007032e-02  2.000000e+00
-1.449476e-03  5.610517e-04 -4.829108e-05  2.000000e+00
 3.708371e-02  1.152559e-03 -1.088447e-02  2.000000e+00
-4.420979e-02 -5.152982e-03  9.070125e-03  2.000000e+00
-9.752378e-02  1.906275e-03  1.160024e-02  2.000000e+00
-1.609054e-01 -3.878819e-02  8.982141e-02  2.000000e+00
-1.576708e-01 -3.373176e-02  8.098519e-02  2.000000e+00
 1.618565e-03 -2.563205e-03  0.000000e+00  2.000000e+00
 6.207738e-03  6.278656e-04  0.000000e+00  2.000000e+00
 2.498262e-03  5.492619e-04 -1.399113e-04  2.000000e+00
 2.428313e-03  6.896877e-03 -1.008270e-04  2.000000e+00
-1.176746e-02  7.982860e-03 -1.620799e-04  2.000000e+00
 5.803746e-03 -1.427140e-03 -2.505417e-04  2.000000e+00
-2.533040e-02 -2.963129e-03  4.665002e-03  2.000000e+00
-8.626217e-02  8.107659e-04  1.115480e-02  2.000000e+00
-5.190010e-03 -2.096242e-03  0.000000e+00  2.000000e+00
 6.307135e-03 -1.531873e-03 -6.261614e-05  2.000000e+00
-5.084490e-03  8.339492e-03 -3.538378e-04  2.000000e+00
-1.870857e-02 -3.301102e-03  3.828905e-03  2.000000e+00
-3.454039e-02 -5.741417e-03  7.676187e-03  2.000000e+00
-2.636293e-03  4.031581e-03  0.000000e+00  2.000000e+00
-4.942552e-03  1.050443e-02 -1.934113e-03  2.000000e+00
 1.011601e-02 -3.613007e-03  1.467900e-05  2.000000e+00
 2.526478e-02  7.324964e-04 -4.739424e-04  2.000000e+00
 3.534986e-02  1.599974e-03  2.152482e-03  2.000000e+00
-1.473524e-02 -3.499377e-03  3.322909e-03  2.000000e+00
 1.715732e-01  2.754319e-02  1.382085e-03  2.000000e+00
-3.189411e-03  6.579731e-03 -2.200569e-04  2.000000e+00
 1.871174e-02  5.289617e-06 -3.987175e-04  2.000000e+00
 7.140623e-02 -9.465129e-02 -1.583130e-02  2.000000e+00
 6.937495e-02 -8.459203e-02 -1.503094e-02  2.000000e+00
 6.531162e-02 -6.444829e-02 -1.342384e-02  2.000000e+00
 8.205157e-02 -4.668060e-02 -1.594302e-02  2.000000e+00
 8.573781e-02 -4.322668e-02 -1.628462e-02  2.000000e+00
 1.106028e-01 -3.210382e-02 -1.910565e-02  2.000000e+00
 1.141578e-01 -3.850674e-02 -2.116736e-02  2.000000e+00
 1.708458e-01  3.024809e-02  2.798635e-03  2.000000e+00
 1.758337e-01  3.248806e-02  4.228781e-03  2.000000e+00
 4.524270e-03  1.763723e-03  1.598212e-03  2.000000e+00
-1.436270e-03  2.655037e-03  1.493999e-03  2.000000e+00
-5.183606e-03 -2.453536e-03  1.442380e-03  2.000000e+00
-9.262492e-03 -6.599145e-03  2.835944e-03  2.000000e+00
 3.747661e-02  1.545822e-03  9.722026e-03  2.000000e+00
-6.788591e-03 -3.895926e-03  2.310917e-03  2.000000e+00
 7.089831e-02 -9.213299e-02 -1.563037e-02  2.000000e+00
 7.856269e-02 -4.518432e-02 -1.513069e-02  2.000000e+00
 1.213709e-01 -3.612195e-02 -2.219424e-02  2.000000e+00
 1.646095e-01  2.744249e-02  1.010530e-03  2.000000e+00
 1.162562e-02  1.067206e-03  2.881210e-03  2.000000e+00
 8.558414e-03 -2.569715e-04 -2.627517e-03  2.000000e+00
-4.778172e-03 -4.383242e-03 -3.354711e-03  2.000000e+00
-2.815265e-03 -4.094201e-03  1.804921e-03  2.000000e+00
 7.743613e-03 -3.786945e-03  3.805769e-04  2.000000e+00
 6.164899e-02 -4.629098e-02 -1.197523e-02  2.000000e+00
 6.631977e-02 -4.853664e-02 -1.321765e-02  2.000000e+00
 1.004052e-01 -3.508908e-02 -1.785215e-02  2.000000e+00
 1.208233e-01 -2.906185e-02 -2.040935e-02  2.000000e+00
 1.848257e-01  3.652622e-02  6.807013e-03  2.000000e+00
 4.084194e-03 -8.877228e-03 -2.115348e-03  2.000000e+00
-2.541230e-03 -1.039154e-02  3.896899e-03  2.000000e+00
 1.436492e-02 -4.056912e-03 -4.876432e-04  2.000000e+00
 9.421943e-02 -3.379720e-02 -1.648265e-02  2.000000e+00
 1.250806e-01 -2.778056e-02 -2.096182e-02  2.000000e+00
 1.268130e-01 -3.135505e-02 -2.223564e-02  2.000000e+00
 1.948407e-01  3.720263e-02  7.544107e-03  2.000000e+00
-1.478325e-04 -1.614473e-02  5.339471e-03  2.000000e+00
 2.569114e-02 -4.783082e-03 -1.942434e-03  2.000000e+00
 5.762207e-02 -2.564517e-02 -8.201894e-03  2.000000e+00
 1.293380e-01 -2.649928e-02 -2.151429e-02  2.000000e+00
 1.533826e-01  2.238563e-02 -2.208568e-03  2.000000e+00
 1.923046e-01  3.987207e-02  8.947965e-03  2.000000e+00
 2.325690e-01  5.703517e-02  2.002780e-02  2.000000e+00
-4.671655e-04 -6.095918e-03  7.810747e-04  2.000000e+00
-4.641884e-03 -4.494763e-04  2.243792e-03  2.000000e+00
-7.870587e-03  1.087020e-03 -2.228479e-03  2.000000e+00
 8.684222e-02 -7.287727e-03 -9.465216e-03  2.000000e+00
 2.289212e-01  5.596943e-02  1.931820e-02  2.000000e+00
 5.120084e-02  5.907271e-03 -2.556087e-04  2.000000e+00
-1.098802e-03  1.357893e-03 -3.661455e-04  2.000000e+00
 9.772603e-03 -1.664290e-02  3.444133e-03  2.000000e+00
 2.962274e-02 -1.757905e-02 -3.953473e-04  2.000000e+00
 5.377491e-02 -6.026317e-03 -5.519558e-03  2.000000e+00
 8.465872e-02  6.202458e-05 -7.563164e-03  2.000000e+00
 1.229601e-01 -8.212799e-03 -1.464989e-02  2.000000e+00
 1.458979e-01  1.901439e-02 -4.354633e-03  2.000000e+00
 1.997805e-01  4.320383e-02  1.108465e-02  2.000000e+00
 2.227046e-01  5.326717e-02  1.757076e-02  2.000000e+00
 2.351353e-01  5.865610e-02  2.105746e-02  2.000000e+00
 9.303651e-03 -3.194092e-03 -1.127686e-03  2.000000e+00
 3.651195e-02 -1.804246e-02 -1.716914e-03  2.000000e+00
 3.762570e-02 -5.712424e-03 -3.424321e-03  2.000000e+00
 6.030961e-02 -4.374036e-03 -5.767467e-03  2.000000e+00
 9.570168e-02  3.599524e-03 -7.210880e-03  2.000000e+00
 1.421556e-01  1.732876e-02 -5.427666e-03  2.000000e+00
 2.457536e-01  6.324480e-02  2.402832e-02  2.000000e+00
-2.427012e-02 -4.529832e-02 -2.244557e-03  2.000000e+00
-2.362254e-02 -4.319655e-02 -2.223584e-03  2.000000e+00
 5.450954e-02  6.776937e-03 -5.291791e-05  2.000000e+00
 4.920823e-02  5.821467e-03 -2.387625e-04  2.000000e+00
 4.387758e-02  4.850491e-03 -4.145313e-04  2.000000e+00
 4.774788e-03  7.294574e-03  6.974436e-04  2.000000e+00
 1.969893e-02 -1.716861e-02  1.532097e-03  2.000000e+00
 4.424011e-02 -5.852280e-03 -4.288239e-03  2.000000e+00
 7.150236e-02 -1.951518e-03 -6.406650e-03  2.000000e+00
 1.163380e-01  8.174411e-03 -8.373605e-03  2.000000e+00
 2.087655e-01  4.720810e-02  1.365263e-02  2.000000e+00
 2.137388e-01  4.936991e-02  1.505057e-02  2.000000e+00
 5.848553e-02  7.493540e-03  8.646556e-05  2.000000e+00
 4.225866e-02  4.443550e-03 -4.559636e-04  2.000000e+00
 3.713444e-02  3.595103e-03 -6.023126e-04  2.000000e+00
 2.504191e-02 -2.040402e-02  1.085844e-03  2.000000e+00
 3.060190e-02 -2.071789e-02 -7.318205e-05  2.000000e+00
 1.051209e-01  5.903788e-03 -7.568659e-03  2.000000e+00
 1.228081e-01  1.013696e-02 -8.232570e-03  2.000000e+00
 1.331602e-01  1.327704e-02 -8.006915e-03  2.000000e+00
 2.188542e-01  4.826625e-02  1.452116e-02  2.000000e+00
 2.146694e-01  4.782694e-02  1.416072e-02  2.000000e+00
 2.547154e-01  6.711765e-02  2.653571e-02  2.000000e+00
 3.659427e-03  6.002860e-04  0.000000e+00  2.000000e+00
-8.569389e-04 -1.993780e-03  0.000000e+00  2.000000e+00
-1.621925e-03  2.676776e-03  0.000000e+00  2.000000e+00
-3.831068e-03 -2.039836e-03  0.000000e+00  2.000000e+00
-2.042326e-02 -3.286681e-02 -2.172056e-03  2.000000e+00
 6.246151e-02  8.210142e-03  2.258490e-04  2.000000e+00
 5.020293e-02 -1.282168e-02 -4.120387e-03  2.000000e+00
 5.560354e-02 -1.217317e-02 -4.805934e-03  2.000000e+00
-8.155997e-02 -2.242458e-02  6.619328e-03  2.000000e+00
-2.802488e-03  1.393494e-03  0.000000e+00  2.000000e+00
 2.829210e-02 -3.033720e-02  2.259290e-03  2.000000e+00
 3.283231e-02 -3.617115e-02  2.076584e-03  2.000000e+00
-8.029082e-02 -2.187221e-02  6.400940e-03  2.000000e+00
 1.403702e-01  3.307337e-03 -1.425931e-02  2.000000e+00
 1.677055e-01 -3.415514e-02 -3.680054e-02  2.000000e+00
 2.621720e-01  7.034005e-02  2.862198e-02  2.000000e+00
 5.452993e-03 -6.369391e-04  0.000000e+00  2.000000e+00
-1.656875e-02 -2.037115e-02 -2.049967e-03  2.000000e+00
 2.383715e-02  1.115121e-03 -9.611734e-04  2.000000e+00
-6.381966e-02 -1.478097e-02  3.612078e-03  2.000000e+00
-7.396998e-02 -1.918661e-02  5.349914e-03  2.000000e+00
-1.621925e-03  2.676775e-03  0.000000e+00  2.000000e+00
-3.831067e-03 -2.039836e-03  0.000000e+00  2.000000e+00
 1.453145e-01 -3.352052e-03 -1.816281e-02  2.000000e+00
 1.433694e-01 -8.400802e-04 -1.685861e-02  2.000000e+00
 1.513227e-01 -1.178116e-02 -2.351249e-02  2.000000e+00
 1.592494e-01 -2.262351e-02 -2.997604e-02  2.000000e+00
-1.200177e-02 -5.565799e-03 -1.905311e-03  2.000000e+00
-1.200057e-03 -3.553383e-03 -1.629475e-03  2.000000e+00
 3.906807e-03 -2.704928e-03 -1.398576e-03  2.000000e+00
-3.071598e-02  2.978180e-02 -2.163764e-02  2.000000e+00
-6.044202e-02 -1.323964e-02  2.994214e-03  2.000000e+00
 1.482842e-01 -7.355180e-03 -2.052409e-02  2.000000e+00
 2.696287e-01  7.356245e-02  3.070826e-02  2.000000e+00
-5.657774e-02  2.598496e-02 -2.550092e-03  2.000000e+00
-1.535937e-02 -3.591541e-03  1.453536e-03  2.000000e+00
 1.033580e-02 -1.402920e-03 -1.325541e-03  2.000000e+00
-9.826246e-03  2.331993e-02  1.551542e-02  2.000000e+00
-3.015668e-02  2.785769e-02 -2.032068e-02  2.000000e+00
 5.452992e-03 -6.369387e-04  0.000000e+00  2.000000e+00
 1.532109e-01 -1.391216e-02 -2.427356e-02  2.000000e+00
 1.584777e-01 -2.145427e-02 -2.929824e-02  2.000000e+00
 1.651867e-01 -3.071539e-02 -3.475955e-02  2.000000e+00
 1.731192e-01 -4.158765e-02 -4.127122e-02  2.000000e+00
 2.733570e-01  7.517365e-02  3.175139e-02  2.000000e+00
-4.650407e-02  1.897866e-02 -1.482621e-03  2.000000e+00
-3.692749e-02  1.212855e-02 -1.076652e-04  2.000000e+00
-2.071435e-02  5.313196e-04  2.220135e-03  2.000000e+00
 3.426991e-03  2.111515e-02  2.232683e-02  2.000000e+00
-1.356599e-02  1.815923e-02  9.061502e-03  2.000000e+00
-2.736965e-02  1.835654e-02 -1.388565e-02  2.000000e+00
-5.131990e-02 -9.348645e-03  1.469243e-03  2.000000e+00
 1.581231e-01 -2.041680e-02 -2.792041e-02  2.000000e+00
 1.582159e-01 -2.083691e-02 -2.864321e-02  2.000000e+00
 1.622499e-01 -2.651721e-02 -3.237630e-02  2.000000e+00
-5.963405e-02  2.831798e-02 -3.255917e-03  2.000000e+00
-4.996591e-02  2.127520e-02 -1.597029e-03  2.000000e+00
-3.094213e-02  7.847235e-03  7.516818e-04  2.000000e+00
 1.693986e-02  1.790904e-02  2.558113e-02  2.000000e+00
-2.457392e-02  8.765160e-03 -7.335797e-03  2.000000e+00
-6.796350e-03  6.735945e-03  1.676286e-03  2.000000e+00
-1.754393e-03  4.642095e-03 -2.395851e-03  2.000000e+00
-2.250447e-02 -4.726108e-03  2.218599e-02  2.000000e+00
-1.232087e-02  3.579282e-03 -1.939377e-04  2.000000e+00
-1.760867e-02  3.294808e-03 -1.799912e-03  2.000000e+00
-2.289648e-02  3.010332e-03 -3.405888e-03  2.000000e+00
-1.451985e-02 -8.990994e-18 -1.091259e-04  2.000000e+00
 1.376094e-03 -2.960205e-18  3.188506e-04  2.000000e+00
 6.674743e-03 -3.211069e-18  4.615095e-04  2.000000e+00
 2.643063e-02  1.590392e-02  2.300991e-02  2.000000e+00
-8.886971e-03  3.847076e-03 -5.660283e-03  2.000000e+00
-3.374145e-02 -1.705239e-03 -1.545780e-03  2.000000e+00
-3.881867e-02 -3.912903e-03 -6.749431e-04  2.000000e+00
-6.796350e-03 -6.735945e-03  1.676286e-03  2.000000e+00
-1.754393e-03 -4.642095e-03 -2.395851e-03  2.000000e+00
 1.043910e-02 -1.284428e-18  3.003120e-04  2.000000e+00
 1.313140e-02  3.211069e-19  4.675831e-04  2.000000e+00
 2.729668e-02  3.365289e-03  8.460463e-03  2.000000e+00
-4.596111e-03 -5.905164e-04 -6.859710e-03  2.000000e+00
 2.509350e-02 -1.462042e-03  2.897658e-03  2.000000e+00
-6.182227e-04  4.304759e-03 -1.272549e-02  2.000000e+00
 5.799295e-02 -7.343775e-03 -1.086499e-03  2.000000e+00
 3.164569e-02 -2.760782e-03  2.386656e-03  2.000000e+00
 8.713133e-03 -3.851190e-03 -7.948676e-03  2.000000e+00
 3.355764e-03 -2.910866e-03 -8.534649e-03  2.000000e+00
 1.543150e-02 -3.600692e-03 -4.575458e-03  2.000000e+00
 4.997055e-02 -7.420080e-03 -8.238817e-04  2.000000e+00
 3.949920e-02 -4.757624e-03  1.010711e-03  2.000000e+00
 6.857874e-02 -1.071996e-02 -3.429822e-03  2.000000e+00
 5.384304e-02 -8.345022e-03 -1.492813e-03  2.000000e+00
 5.756431e-02 -9.014218e-03 -2.016894e-03  2.000000e+00
 6.300148e-02 -1.031881e-02 -2.974947e-03  2.000000e+00
 6.278336e-02 -9.950065e-03 -2.766307e-03  2.000000e+00
 3.461548e-02  2.348132e-03  3.340646e-03  2.000000e+00
 2.734548e-02  7.079390e-04 -3.944117e-03  2.000000e+00
 2.362058e-02  1.188687e-03 -3.692620e-04  2.000000e+00
 7.553090e-02 -1.305358e-02 -5.000339e-03  2.000000e+00
-1.983079e-04 -6.990577e-03  5.317836e-04  2.000000e+00
 3.782037e-03 -1.408479e-03  2.735275e-04  2.000000e+00
 1.421575e-02 -4.254743e-05 -6.453577e-05  2.000000e+00
-1.298326e-04  2.121677e-04  4.279737e-06  2.000000e+00
-6.651043e-03 -9.970207e-04  2.815735e-04  2.000000e+00
-1.605494e-02  3.351345e-04  1.103415e-04  2.000000e+00
-1.287546e-02  8.673626e-03 -3.341366e-03  2.000000e+00
-1.952406e-02 -1.690617e-03 -1.412186e-03  2.000000e+00
-2.898748e-02  1.734428e-03 -1.125581e-04  2.000000e+00
-2.387945e-02  1.443555e-03 -3.213215e-05  2.000000e+00
-2.767827e-02  1.468580e-03 -1.954665e-05  2.000000e+00
-1.059218e-02 -4.292739e-03  4.514800e-03  2.000000e+00
-8.536618e-04  6.539025e-03  4.152957e-03  2.000000e+00
-1.545624e-03 -1.097782e-02 -1.787929e-03  2.000000e+00
 6.881309e-03  1.799147e-04 -8.129861e-04  2.000000e+00
 1.074208e-02  4.070460e-04 -6.074564e-04  2.000000e+00
 1.316475e-02  5.273867e-04 -3.039065e-04  2.000000e+00
 1.460285e-02  6.341772e-04 -4.019268e-04  2.000000e+00
 3.678333e-03 -1.196100e-02  3.905912e-02  3.000000e+00
-1.867292e-01 -9.801099e-03 -1.208904e-02  3.000000e+00
-1.815310e-01 -9.392968e-03 -1.155959e-02  3.000000e+00
-1.799488e-01 -9.265974e-03 -1.138587e-02  3.000000e+00
 9.964729e-03 -2.275751e-02  3.136161e-02  3.000000e+00
 2.482646e-03 -1.180008e-02  3.221357e-02  3.000000e+00
-1.721550e-01 -8.655285e-03 -1.059764e-02  3.000000e+00
-1.617503e-01 -7.835698e-03 -9.525743e-03  3.000000e+00
-1.519470e-01 -6.924527e-03 -7.884060e-03  3.000000e+00
 9.978530e-02 -4.302710e-02 -2.458654e-02  3.000000e+00
 1.879254e-02 -3.225258e-02  4.708421e-02  3.000000e+00
 9.882271e-04 -1.160244e-02  2.370048e-02  3.000000e+00
-1.948243e-02  3.527756e-03  3.942834e-03  3.000000e+00
-1.509288e-01 -6.936065e-03 -8.195747e-03  3.000000e+00
-1.481935e-01 -6.677919e-03 -7.720838e-03  3.000000e+00
 9.641528e-02 -4.084872e-02 -2.333429e-02  3.000000e+00
 9.878106e-03 -2.362382e-02  2.408367e-02  3.000000e+00
 4.922246e-03 -1.784269e-02  2.139119e-02  3.000000e+00
 9.149489e-05 -1.148178e-02  1.857105e-02  3.000000e+00
-1.523716e-01 -7.096932e-03 -8.559552e-03  3.000000e+00
-1.471601e-01 -6.683844e-03 -8.011544e-03  3.000000e+00
 9.990001e-02 -4.344630e-02 -2.538788e-02  3.000000e+00
 9.534049e-02 -4.029923e-02 -2.325370e-02  3.000000e+00
 1.731144e-02 -3.097799e-02  4.098635e-02  3.000000e+00
 1.546701e-02 -2.939726e-02  3.342630e-02  3.000000e+00
 1.362208e-02 -2.780986e-02  2.583531e-02  3.000000e+00
-3.396277e-03 -6.076419e-03  1.620875e-02  3.000000e+00
-7.866108e-03  1.622458e-03  1.341066e-02  3.000000e+00
-9.852749e-03  4.287451e-03  4.617373e-03  3.000000e+00
-2.911210e-02  2.768061e-03  3.268296e-03  3.000000e+00
-3.445082e-02  2.345532e-03  2.888120e-03  3.000000e+00
-3.979260e-02  1.924067e-03  2.514411e-03  3.000000e+00
-1.406411e-01 -6.165831e-03 -7.320372e-03  3.000000e+00
 8.962982e-02 -3.632724e-02 -2.051664e-02  3.000000e+00
 1.758951e-02 -3.014691e-02  2.501441e-02  3.000000e+00
-4.044050e-03 -3.922143e-03  1.855434e-02  3.000000e+00
-3.578718e-02  2.240537e-03  2.797424e-03  3.000000e+00
-4.112950e-02  1.819327e-03  2.424133e-03  3.000000e+00
-4.647120e-02  1.398080e-03  2.049621e-03  3.000000e+00
-1.352760e-01 -5.607829e-03 -6.158549e-03  3.000000e+00
 1.081198e-01 -4.911975e-02 -2.923531e-02  3.000000e+00
 2.189046e-02 -3.273776e-02  2.900876e-02  3.000000e+00
 2.162085e-02 -3.196197e-02  2.326637e-02  3.000000e+00
 2.744131e-02 -2.860245e-02  2.047643e-02  3.000000e+00
-1.118110e-03  9.608198e-03  2.829187e-04  3.000000e+00
-2.246303e-03  7.765721e-03 -3.340468e-03  3.000000e+00
 2.986257e-03  9.452920e-03 -7.979088e-03  3.000000e+00
-4.297416e-02  2.177949e-03  4.288936e-03  3.000000e+00
-5.314643e-02  8.706260e-04  1.577525e-03  3.000000e+00
-1.327811e-01 -5.531481e-03 -6.445512e-03  3.000000e+00
 1.138178e-01 -5.304862e-02 -3.189357e-02  3.000000e+00
 1.115380e-01 -5.147493e-02 -3.082615e-02  3.000000e+00
 8.138510e-02 -3.056940e-02 -1.651590e-02  3.000000e+00
 3.184558e-02 -2.565934e-02  1.774675e-02  3.000000e+00
 8.560104e-04  1.283746e-02  6.614733e-03  3.000000e+00
-2.720857e-04  1.099623e-02  2.999119e-03  3.000000e+00
-1.400155e-03  9.146518e-03 -6.238496e-04  3.000000e+00
 6.937919e-03  1.059076e-02 -1.119715e-02  3.000000e+00
-5.715157e-02  5.541533e-04  1.294268e-03  3.000000e+00
-1.262608e-01 -5.012576e-03 -5.750410e-03  3.000000e+00
 4.664956e-02 -2.366265e-02  8.737255e-03  3.000000e+00
 4.213733e-02 -1.856205e-02  1.067800e-02  3.000000e+00
 3.625618e-02 -2.264590e-02  1.479060e-02  3.000000e+00
 1.702132e-03  1.422675e-02  9.338706e-03  3.000000e+00
 5.739656e-04  1.237578e-02  5.707964e-03  3.000000e+00
 1.090813e-02  1.160849e-02 -1.415015e-02  3.000000e+00
 1.089798e-02  1.296385e-02 -1.179285e-02  3.000000e+00
-6.382680e-02  2.669889e-05  8.221719e-04  3.000000e+00
-1.244956e-01 -4.729278e-03 -4.916377e-03  3.000000e+00
 7.452507e-02 -2.577860e-02 -1.318708e-02  3.000000e+00
 5.650444e-02 -2.148904e-02  6.352587e-03  3.000000e+00
 5.116762e-02 -1.970899e-02  5.865262e-03  3.000000e+00
 4.654861e-02 -1.508818e-02  8.003157e-03  3.000000e+00
 4.066191e-02 -1.956324e-02  1.168234e-02  3.000000e+00
 1.974159e-02  9.259623e-03 -2.055395e-02  3.000000e+00
 1.489419e-02  1.249123e-02 -1.679428e-02  3.000000e+00
-6.783193e-02 -2.897738e-04  5.389143e-04  3.000000e+00
-7.308488e-02 -7.197799e-04 -8.816721e-05  3.000000e+00
-7.636412e-02 -4.343038e-04  1.989722e-03  3.000000e+00
-1.183953e-01 -4.377407e-03 -4.877523e-03  3.000000e+00
 8.923059e-02 -3.027031e-02 -1.164638e-02  3.000000e+00
 8.048677e-02 -2.606289e-02 -1.146260e-02  3.000000e+00
 6.865555e-02 -2.145688e-02 -1.013304e-02  3.000000e+00
 6.616086e-02 -1.925040e-02 -8.081904e-03  3.000000e+00
 6.106139e-02 -1.712558e-02  3.023395e-03  3.000000e+00
 5.094168e-02 -1.156438e-02  5.280970e-03  3.000000e+00
 3.376598e-02  4.901554e-06 -1.770801e-02  3.000000e+00
 2.857604e-02  3.608718e-03 -2.080353e-02  3.000000e+00
 2.356746e-02  7.887430e-03 -2.240016e-02  3.000000e+00
 1.685871e-02  1.796427e-02 -1.573195e-02  3.000000e+00
 1.952401e-02  2.522007e-02 -1.318211e-02  3.000000e+00
 2.229862e-02  3.283188e-02 -1.015499e-02  3.000000e+00
-7.436970e-02 -4.218602e-05  3.472375e-03  3.000000e+00
-7.182914e-02 -6.057730e-04  2.529152e-04  3.000000e+00
-7.711078e-02 -1.034852e-03 -3.213866e-04  3.000000e+00
 9.282309e-02 -3.041321e-02 -1.052579e-02  3.000000e+00
 6.281639e-02 -1.718161e-02 -7.083893e-03  3.000000e+00
 5.801522e-02 -1.465150e-02 -5.276767e-03  3.000000e+00
 5.277180e-02 -1.350614e-02 -4.969334e-03  3.000000e+00
 4.816971e-02 -9.853921e-03 -2.252948e-03  3.000000e+00
 4.290773e-02 -6.396051e-03 -9.015032e-03  3.000000e+00
 3.766123e-02 -2.771342e-03 -1.510011e-02  3.000000e+00
 2.582734e-02  1.312343e-02 -2.197598e-02  3.000000e+00
 2.062191e-02  1.553184e-02 -1.897062e-02  3.000000e+00
 2.340929e-02  2.248468e-02 -1.705060e-02  3.000000e+00
 2.439668e-02  3.863125e-02 -7.963182e-03  3.000000e+00
-7.627512e-02  3.805043e-04  5.886971e-03  3.000000e+00
-1.105485e-01 -3.747069e-03 -4.014564e-03  3.000000e+00
-1.194229e-01 -3.978485e-03 -2.819826e-03  3.000000e+00
 8.582989e-02 -2.074474e-02 -5.353419e-03  3.000000e+00
 6.166420e-02 -1.361441e-02 -3.392188e-03  3.000000e+00
 5.135655e-02 -8.662677e-03  9.296027e-04  3.000000e+00
 4.595955e-02 -5.037171e-03 -6.197372e-03  3.000000e+00
 2.959739e-02  2.154308e-02 -2.058289e-02  3.000000e+00
 2.655269e-02  4.451554e-02 -5.461454e-03  3.000000e+00
-7.818054e-02  8.031945e-04  8.301566e-03  3.000000e+00
-8.072044e-02  1.366685e-03  1.151850e-02  3.000000e+00
-8.661472e-02 -1.807382e-03 -1.363868e-03  3.000000e+00
 9.536181e-02 -2.434887e-02 -4.476755e-03  3.000000e+00
 5.797410e-02 -9.468785e-03  4.638997e-05  3.000000e+00
 3.351430e-02  3.064638e-02 -1.843845e-02  3.000000e+00
 3.675821e-02  3.830363e-02 -1.614465e-02  3.000000e+00
 2.874001e-02  5.047192e-02 -2.989370e-03  3.000000e+00
-8.135559e-02  1.507590e-03  1.232353e-02  3.000000e+00
-1.026783e-01 -3.110587e-03 -3.137759e-03  3.000000e+00
 7.827035e-02 -1.530730e-02 -6.605771e-04  3.000000e+00
 6.864902e-02 -9.519869e-03  2.994009e-03  3.000000e+00
 6.369233e-02 -6.212947e-03  5.060883e-03  3.000000e+00
 3.920402e-02  4.412436e-02 -1.446368e-02  3.000000e+00
 3.783422e-02  5.016463e-02 -9.938747e-03  3.000000e+00
 3.184494e-02  5.413975e-02 -2.650175e-03  3.000000e+00
 3.489188e-02  6.170389e-02  1.562682e-03  3.000000e+00
-9.611866e-02 -2.579911e-03 -2.406349e-03  3.000000e+00
-1.009529e-01 -2.850042e-03 -2.406341e-03  3.000000e+00
 8.072469e-02  1.114396e-02  2.121587e-02  3.000000e+00
 4.071515e-02  5.158916e-02 -1.130850e-02  3.000000e+00
 3.720019e-02  6.737556e-02  4.819504e-03  3.000000e+00
-1.004577e-01 -2.281711e-03  1.790649e-05  3.000000e+00
 7.040506e-02 -5.557441e-04  1.179595e-02  3.000000e+00
 7.493168e-02  3.923824e-03  1.627211e-02  3.000000e+00
 9.546010e-02  3.467003e-02  2.760349e-02  3.000000e+00
 8.351160e-02  6.023478e-02  9.491021e-03  3.000000e+00
 4.161977e-02  7.591874e-02  1.007443e-02  3.000000e+00
 8.935011e-02  2.436860e-02  2.604999e-02  3.000000e+00
 8.025514e-02  5.794558e-02  7.400081e-03  3.000000e+00
 4.702742e-02  8.154383e-02  1.096356e-02  3.000000e+00
-1.039322e-01 -2.043555e-03  1.960544e-03  3.000000e+00
 8.945431e-02  4.882070e-02  1.668711e-02  3.000000e+00
 6.471293e-02  7.204082e-02 -1.558496e-03  3.000000e+00
 5.085506e-02  8.004935e-02  5.360068e-03  3.000000e+00
-2.355147e-02 -6.367453e-03 -2.498872e-03  4.000000e+00
-5.784053e-02 -4.327341e-03 -1.311627e-02  4.000000e+00
-6.237796e-02 -4.271064e-03 -1.709069e-02  4.000000e+00
-5.772449e-02 -4.442705e-03 -1.404066e-02  4.000000e+00
-5.306787e-02 -4.611807e-03 -1.096404e-02  4.000000e+00
-3.760870e-02  9.473189e-03 -6.086322e-03  4.000000e+00
-3.277265e-02  2.233982e-02 -1.830256e-03  4.000000e+00
-3.358117e-02  2.955909e-02  1.176593e-03  4.000000e+00
-1.860492e-02 -4.768644e-03 -1.137943e-03  4.000000e+00
-6.354217e-02 -4.228763e-03 -1.786099e-02  4.000000e+00
-4.955808e-02 -4.723047e-03 -8.539369e-03  4.000000e+00
-4.006356e-02  5.110298e-03 -5.701625e-03  4.000000e+00
-3.435252e-02  8.576332e-03 -6.129098e-03  4.000000e+00
-2.868843e-02  1.152684e-02 -5.966010e-03  4.000000e+00
-2.538944e-02  3.124456e-02  3.357901e-03  4.000000e+00
-1.233710e-02 -2.749191e-03 -6.124128e-04  4.000000e+00
-1.701514e-02 -3.900445e-03  1.223558e-05  4.000000e+00
-4.370407e-02 -4.904513e-03 -4.468678e-03  4.000000e+00
-4.436529e-02  2.362062e-03 -5.069971e-03  4.000000e+00
-2.440921e-02  1.216030e-02 -5.839022e-03  4.000000e+00
-8.414835e-03 -1.320641e-03  1.193915e-04  4.000000e+00
-4.419241e-02 -1.430269e-02  1.737920e-03  4.000000e+00
-3.968272e-02 -1.183602e-02 -1.844513e-03  4.000000e+00
-2.019057e-02  1.285348e-02 -5.239271e-03  4.000000e+00
-1.287016e-02  2.586495e-02  2.212155e-03  4.000000e+00
-1.584526e-02  3.274189e-02  5.575847e-03  4.000000e+00
-5.719941e-03  9.804326e-03 -1.196651e-04  4.000000e+00
-4.492570e-03  1.079093e-04  8.511959e-04  4.000000e+00
-5.878066e-02 -2.201270e-02  1.294153e-02  4.000000e+00
-4.757467e-02 -1.615269e-02  4.424747e-03  4.000000e+00
-1.602092e-02  1.376628e-02 -4.481773e-03  4.000000e+00
-1.057540e-02  1.486983e-02 -3.285531e-03  4.000000e+00
-6.913474e-04  1.009055e-02  1.166366e-03  4.000000e+00
-4.870681e-04  8.314373e-04  8.318596e-04  4.000000e+00
-2.465003e-03  3.112865e-03  8.581987e-03  4.000000e+00
-5.320796e-02 -1.921998e-02  8.887503e-03  4.000000e+00
-5.091602e-02 -1.781808e-02  6.842999e-03  4.000000e+00
-2.939328e-02 -1.746491e-02  1.224490e-03  4.000000e+00
-6.614534e-03  1.347620e-02 -2.065074e-03  4.000000e+00
-4.361616e-03  3.540711e-02  7.609134e-03  4.000000e+00
 3.425692e-03 -2.943522e-04  5.608916e-04  4.000000e+00
-5.881654e-02 -2.217631e-02  1.319131e-02  4.000000e+00
-2.251839e-02 -1.698855e-02  3.461770e-03  4.000000e+00
-1.726487e-02 -1.434946e-02  4.609143e-03  4.000000e+00
-3.061967e-03  1.975406e-03  2.675979e-03  4.000000e+00
 8.048385e-03  1.443437e-02 -4.281219e-03  4.000000e+00
 7.493325e-03 -1.152256e-05 -2.035313e-03  4.000000e+00
-5.991205e-02 -2.264972e-02  1.388253e-02  4.000000e+00
-1.353502e-02 -1.071580e-02  4.977870e-03  4.000000e+00
-8.752809e-03 -5.295174e-03  4.496024e-03  4.000000e+00
 3.607385e-03  2.250036e-03  3.587636e-03  4.000000e+00
 2.192485e-03  1.927899e-02  1.696117e-02  4.000000e+00
 1.134950e-02 -1.651964e-03 -1.456735e-03  4.000000e+00
 1.777646e-02 -4.386035e-03 -4.924360e-04  4.000000e+00
 7.455611e-02 -5.423069e-03 -3.986029e-03  4.000000e+00
 7.685845e-02 -5.479975e-03 -3.723256e-03  4.000000e+00
 4.744839e-02  1.777957e-03  1.854089e-02  4.000000e+00
 4.594285e-02  1.005024e-03  1.544058e-02  4.000000e+00
 4.744839e-02  1.777955e-03  1.854088e-02  4.000000e+00
 1.695027e-02  6.812862e-04  3.350607e-03  4.000000e+00
 1.161792e-02  1.331804e-03  3.558234e-03  4.000000e+00
 2.413264e-02 -7.021681e-03  4.678980e-04  4.000000e+00
 2.155338e-02 -5.909528e-03  4.277073e-05  4.000000e+00
 7.110862e-02 -5.342721e-03 -4.387624e-03  4.000000e+00
 4.366873e-02 -1.605334e-04  1.061413e-02  4.000000e+00
 2.361489e-02 -1.339750e-04  3.079181e-03  4.000000e+00
 1.319655e-02  2.816885e-03  6.387978e-03  4.000000e+00
 1.207328e-02  5.545174e-03  1.070852e-02  4.000000e+00
 6.765537e-02 -5.257439e-03 -4.780902e-03  4.000000e+00
 6.305104e-02 -5.143729e-03 -5.305273e-03  4.000000e+00
 5.801609e-02 -4.587606e-03 -4.050602e-03  4.000000e+00
 3.986668e-02 -2.108466e-03  2.431984e-03  4.000000e+00
 8.828737e-02 -7.574233e-03 -1.285769e-02  4.000000e+00
 6.434999e-02 -5.343988e-03 -6.127041e-03  4.000000e+00
 5.154298e-02 -3.708113e-03 -1.740995e-03  4.000000e+00
 4.636448e-02 -3.004517e-03  1.066929e-04  4.000000e+00
 3.322674e-02 -1.309762e-03  2.687725e-03  4.000000e+00
 8.706229e-02 -7.459821e-03 -1.251184e-02  4.000000e+00
 8.216663e-02 -7.006996e-03 -1.114964e-02  4.000000e+00
 3.955988e-02 -2.206455e-03 -8.425351e-04  4.000000e+00
 7.170009e-02 -6.030047e-03 -8.199068e-03  4.000000e+00
-8.356745e-02  1.498029e-02 -3.257717e-02  5.000000e+00
-8.605189e-02  1.565960e-02 -3.416703e-02  5.000000e+00
-7.896816e-02  1.388997e-02 -3.092992e-02  5.000000e+00
-1.002213e-01  1.916028e-02 -4.034020e-02  5.000000e+00
-8.024814e-02  1.422543e-02 -3.163618e-02  5.000000e+00
-7.560145e-02  1.307669e-02 -2.960551e-02  5.000000e+00
-6.922473e-02  1.137972e-02 -2.582401e-02  5.000000e+00
-1.021223e-02 -1.257466e-03  3.925763e-03  5.000000e+00
-1.037052e-01  2.002144e-02 -4.186139e-02  5.000000e+00
-9.906367e-02  1.887472e-02 -3.983923e-02  5.000000e+00
-9.442217e-02  1.772799e-02 -3.781707e-02  5.000000e+00
-7.210325e-02  1.221010e-02 -2.806106e-02  5.000000e+00
-6.743261e-02  1.105237e-02 -2.599156e-02  5.000000e+00
-7.081561e-02  1.187334e-02 -2.734531e-02  5.000000e+00
-6.612889e-02  1.070896e-02 -2.524858e-02  5.000000e+00
-6.159833e-02  9.606705e-03 -2.341144e-02  5.000000e+00
-6.990651e-03 -2.605655e-05 -4.809164e-03  5.000000e+00
-2.874485e-03  3.352081e-04 -1.441748e-04  5.000000e+00
 2.184101e-03 -3.464255e-03 -2.889330e-04  5.000000e+00
-4.901387e-02 -1.209332e-02  2.203223e-02  5.000000e+00
-5.635901e-02 -1.114214e-02  1.887876e-02  5.000000e+00
-5.574892e-02  8.155694e-03 -2.080749e-02  5.000000e+00
 6.324746e-03  7.139606e-04  5.691405e-04  5.000000e+00
 8.795009e-03 -3.199800e-03  1.686838e-04  5.000000e+00
-7.110143e-03  3.390336e-03 -7.604391e-04  5.000000e+00
-4.059076e-02 -1.551891e-02  3.824930e-02  5.000000e+00
-4.306181e-02 -1.441975e-02  3.286419e-02  5.000000e+00
-3.993743e-02 -1.326545e-02  2.575596e-02  5.000000e+00
-6.189812e-02 -1.042752e-02  1.645648e-02  5.000000e+00
-6.112269e-02  2.235875e-03  1.310608e-02  5.000000e+00
-4.954361e-02  4.675276e-03 -7.428751e-03  5.000000e+00
-4.989950e-02  6.704682e-03 -1.820353e-02  5.000000e+00
 2.773509e-03  6.898409e-03  5.786847e-04  5.000000e+00
 7.132718e-03 -3.048064e-04  1.528156e-11  5.000000e+00
 4.421242e-03  9.083081e-03 -3.016835e-03  5.000000e+00
-2.833012e-03  7.478364e-03  3.488583e-03  5.000000e+00
-5.509250e-03  8.337888e-04 -1.676203e-03  5.000000e+00
-3.685487e-02 -1.363622e-02  2.664245e-02  5.000000e+00
-3.064221e-02 -1.381145e-02  2.552898e-02  5.000000e+00
-5.970266e-02  2.991495e-03  8.882210e-03  5.000000e+00
-5.522642e-02  3.779292e-03  1.871742e-03  5.000000e+00
-4.405009e-02  5.253671e-03 -1.559958e-02  5.000000e+00
-5.073674e-02  7.564036e-03 -2.084143e-02  5.000000e+00
-5.465085e-02  8.493491e-03 -2.202900e-02  5.000000e+00
 6.368864e-04 -7.403040e-04  1.521508e-11  5.000000e+00
-3.712960e-03 -3.413377e-03 -4.051564e-04  5.000000e+00
-5.636061e-03 -4.984952e-03 -3.956125e-04  5.000000e+00
-2.852025e-02 -1.683864e-02  4.268102e-02  5.000000e+00
-2.523218e-02 -1.341782e-02  2.175141e-02  5.000000e+00
-3.422944e-02  3.823311e-03 -1.540158e-02  5.000000e+00
-3.996785e-02  5.006465e-03 -1.756694e-02  5.000000e+00
-4.388487e-02  5.936817e-03 -1.875947e-02  5.000000e+00
-4.780116e-02  6.866945e-03 -1.995076e-02  5.000000e+00
-5.954349e-02  9.655310e-03 -2.351346e-02  5.000000e+00
-6.344023e-02  1.057854e-02 -2.467300e-02  5.000000e+00
-6.727846e-02  1.147956e-02 -2.574096e-02  5.000000e+00
-5.858951e-03 -1.175806e-03  1.528156e-11  5.000000e+00
-1.910654e-03  2.220917e-03  1.525940e-11  5.000000e+00
 1.240585e-02  2.164622e-03  2.345981e-03  5.000000e+00
-2.358020e-04 -7.290692e-03  3.280113e-03  5.000000e+00
-2.622405e-02 -1.813580e-02  4.913760e-02  5.000000e+00
-2.273565e-02 -1.747044e-02  4.424239e-02  5.000000e+00
-1.850547e-02 -1.496552e-02  2.867232e-02  5.000000e+00
-2.575061e-02 -1.410754e-02  2.573498e-02  5.000000e+00
-2.336495e-02 -1.289360e-02  1.856949e-02  5.000000e+00
-3.009338e-02  2.781224e-03 -1.306450e-02  5.000000e+00
-3.564697e-02  4.137088e-03 -1.602595e-02  5.000000e+00
-4.854792e-02  7.014215e-03 -1.987826e-02  5.000000e+00
-6.245083e-02  1.034217e-02 -2.435886e-02  5.000000e+00
-6.637446e-02  1.127516e-02 -2.556146e-02  5.000000e+00
 8.210141e-03 -7.261171e-03 -2.860430e-03  5.000000e+00
-2.084178e-02 -1.864392e-02  5.015884e-02  5.000000e+00
-1.808908e-02 -1.778852e-02  4.445089e-02  5.000000e+00
-1.502994e-02 -1.684161e-02  3.822884e-02  5.000000e+00
-1.310225e-02 -1.563797e-02  3.095880e-02  5.000000e+00
-2.131755e-02 -1.195988e-02  1.296121e-02  5.000000e+00
-2.059524e-02  2.512732e-04 -7.198307e-03  5.000000e+00
-2.600517e-02  1.711255e-03 -1.061087e-02  5.000000e+00
-3.145851e-02  3.138534e-03 -1.388688e-02  5.000000e+00
-6.537964e-02  1.103684e-02 -2.523864e-02  5.000000e+00
-6.932120e-02  1.197619e-02 -2.647032e-02  5.000000e+00
-2.309996e-02 -2.005672e-02  5.874240e-02  5.000000e+00
-1.147926e-02 -1.464824e-02  2.514379e-02  5.000000e+00
-9.480032e-03 -1.334687e-02  1.750315e-02  5.000000e+00
-1.929317e-02 -1.104577e-02  7.428758e-03  5.000000e+00
-1.930748e-02 -1.883840e-03  3.534936e-03  5.000000e+00
-1.659106e-02 -8.643250e-04 -4.579764e-03  5.000000e+00
-2.125151e-02  1.683593e-03 -1.337843e-02  5.000000e+00
 2.146014e-02  3.818251e-02  1.876064e-02  5.000000e+00
 2.677708e-02  4.572087e-02  1.984237e-02  5.000000e+00
 2.793743e-02  4.891126e-02  2.257974e-02  5.000000e+00
-7.225225e-02  1.267163e-02 -2.735377e-02  5.000000e+00
 7.195763e-02 -1.193094e-01 -2.985459e-02  5.000000e+00
-2.535814e-02 -2.146953e-02  6.732596e-02  5.000000e+00
-7.944576e-03 -1.492122e-02  2.558319e-02  5.000000e+00
-8.312551e-03 -1.250425e-02  1.237254e-02  5.000000e+00
-1.457363e-02 -1.165574e-02  9.492817e-03  5.000000e+00
-1.197516e-02 -1.078191e-03 -6.540111e-03  5.000000e+00
-1.725049e-02  5.095282e-04 -1.047569e-02  5.000000e+00
 1.979334e-02  3.273693e-02  1.352933e-02  5.000000e+00
 2.074132e-02  3.583389e-02  1.650943e-02  5.000000e+00
 2.587990e-02  4.323792e-02  1.772744e-02  5.000000e+00
 2.702485e-02  4.637373e-02  2.042094e-02  5.000000e+00
-7.518156e-02  1.336640e-02 -2.823452e-02  5.000000e+00
-7.713564e-02  1.383005e-02 -2.882353e-02  5.000000e+00
 6.886651e-02 -1.125539e-01 -2.842606e-02  5.000000e+00
-2.761632e-02 -2.288234e-02  7.590952e-02  5.000000e+00
-5.882517e-03 -1.328732e-02  1.592013e-02  5.000000e+00
-3.391054e-03 -1.271474e-02  1.199402e-02  5.000000e+00
-4.815784e-03 -2.508141e-03 -4.046665e-03  5.000000e+00
 1.914261e-02  3.062699e-02  1.145993e-02  5.000000e+00
 2.499780e-02  4.080247e-02  1.563802e-02  5.000000e+00
 9.412858e-02  4.934134e-02 -9.747145e-03  5.000000e+00
 1.026315e-01  5.655017e-02 -9.729049e-03  5.000000e+00
 6.574677e-02 -1.057005e-01 -2.694877e-02  5.000000e+00
-2.987450e-02 -2.429515e-02  8.449308e-02  5.000000e+00
-3.168056e-02 -2.542457e-02  9.135411e-02  5.000000e+00
-5.467861e-05 -1.126917e-02  3.396385e-03  5.000000e+00
-6.358652e-04 -3.546713e-03 -1.607633e-03  5.000000e+00
 3.265269e-03  2.677181e-03 -4.345093e-05  5.000000e+00
 7.170178e-03  8.898158e-03  1.518405e-03  5.000000e+00
 1.850312e-02  2.855623e-02  9.419810e-03  5.000000e+00
 2.290670e-02  3.499339e-02  1.064678e-02  5.000000e+00
 2.412431e-02  3.839642e-02  1.357005e-02  5.000000e+00
 2.524138e-02  4.142922e-02  1.617232e-02  5.000000e+00
 9.327892e-02  4.872313e-02 -9.851459e-03  5.000000e+00
 6.834960e-02 -1.113879e-01 -2.815074e-02  5.000000e+00
 6.267105e-02 -9.899649e-02 -2.554621e-02  5.000000e+00
-3.213221e-02 -2.570714e-02  9.307093e-02  5.000000e+00
-7.400010e-03 -1.424227e-02  2.164510e-02  5.000000e+00
 6.190476e-03  7.343393e-03  1.129117e-03  5.000000e+00
 1.015357e-02  1.354766e-02  2.666921e-03  5.000000e+00
 1.779892e-02  2.625988e-02  7.210746e-03  5.000000e+00
 2.208880e-02  3.279162e-02  8.754800e-03  5.000000e+00
 2.324795e-02  3.597962e-02  1.149313e-02  5.000000e+00
 2.607858e-02  4.370166e-02  1.812219e-02  5.000000e+00
 2.663713e-02  4.521813e-02  1.942345e-02  5.000000e+00
 8.788318e-02  4.423402e-02 -9.953222e-03  5.000000e+00
 1.093211e-01  6.218398e-02 -9.695006e-03  5.000000e+00
-8.158756e-03 -1.471975e-02  2.450759e-02  5.000000e+00
 4.401865e-03 -1.884735e-02  1.301947e-03  5.000000e+00
 1.315642e-02  1.818097e-02  3.800827e-03  5.000000e+00
 1.719876e-02  2.433029e-02  5.285408e-03  5.000000e+00
 2.119931e-02  3.033022e-02  6.646150e-03  5.000000e+00
 8.256004e-02  3.983258e-02 -1.008182e-02  5.000000e+00
 1.148432e-01  6.681609e-02 -9.646632e-03  5.000000e+00
 1.127035e-01  6.504142e-02 -9.695318e-03  5.000000e+00
 6.385783e-02 -1.015275e-01 -2.603256e-02  5.000000e+00
 5.901953e-02 -9.108863e-02 -2.393065e-02  5.000000e+00
-9.423334e-03 -1.551555e-02  2.927840e-02  5.000000e+00
 1.151427e-02 -2.148985e-02 -2.021988e-03  5.000000e+00
 1.602970e-02 -2.323326e-02 -3.678886e-03  5.000000e+00
 2.564167e-02  2.967865e-02  4.864073e-03  5.000000e+00
 3.227132e-02  2.657643e-02  1.316182e-03  5.000000e+00
 4.567390e-02  2.258837e-02 -4.078326e-03  5.000000e+00
 4.682739e-02  2.368865e-02 -3.483748e-03  5.000000e+00
 7.706738e-02  3.523304e-02 -1.014312e-02  5.000000e+00
 5.380377e-02 -7.951214e-02 -2.134571e-02  5.000000e+00
-1.018208e-02 -1.599303e-02  3.214088e-02  5.000000e+00
 3.777164e-02 -4.252737e-02 -1.186160e-02  5.000000e+00
 1.888716e-02 -2.385210e-02 -5.443307e-03  5.000000e+00
 2.157246e-02  3.118576e-02  7.419026e-03  5.000000e+00
 3.725793e-02  2.421097e-02 -1.361960e-03  5.000000e+00
 4.394474e-02  2.093918e-02 -4.970434e-03  5.000000e+00
 6.937765e-02  2.879368e-02 -1.022896e-02  5.000000e+00
 7.377178e-02  3.247331e-02 -1.017991e-02  5.000000e+00
 9.003994e-02  4.594438e-02 -9.819980e-03  5.000000e+00
 5.457083e-02 -8.137769e-02 -2.188633e-02  5.000000e+00
 5.210233e-02 -7.598848e-02 -2.075101e-02  5.000000e+00
-1.094083e-02 -1.647051e-02  3.500337e-02  5.000000e+00
 3.660604e-02 -4.078956e-02 -1.217509e-02  5.000000e+00
 4.896116e-02  1.843795e-02 -7.681070e-03  5.000000e+00
 6.608206e-02  2.603396e-02 -1.026574e-02  5.000000e+00
 1.073425e-01  6.045219e-02 -9.610719e-03  5.000000e+00
 3.544043e-02 -3.905176e-02 -1.248858e-02  5.000000e+00
 2.967664e-02 -2.698886e-02 -1.035656e-02  5.000000e+00
 5.398090e-02  1.590633e-02 -1.038761e-02  5.000000e+00
 5.839233e-02  1.959460e-02 -1.035157e-02  5.000000e+00
 6.278646e-02  2.327423e-02 -1.030253e-02  5.000000e+00
 9.786632e-02  5.247779e-02 -9.685637e-03  5.000000e+00
 4.764781e-02 -6.625920e-02 -1.869708e-02  5.000000e+00
 3.528253e-02 -3.924631e-02 -1.298456e-02  5.000000e+00
 3.279334e-02 -3.380409e-02 -1.181969e-02  5.000000e+00
 6.166926e-02  1.811242e-02 -1.147723e-02  5.000000e+00
 4.455916e-02 -5.951315e-02 -1.727294e-02  5.000000e+00
 4.355078e-02 -1.505050e-02 -7.406315e-03  5.000000e+00
 6.138958e-02  4.023751e-03 -4.280200e-03  5.000000e+00
 6.543459e-02  1.344459e-02 -1.163081e-02  5.000000e+00
 4.147052e-02 -5.276710e-02 -1.584880e-02  5.000000e+00
 3.899758e-02 -4.736485e-02 -1.470647e-02  5.000000e+00
 5.072875e-02 -8.265337e-03 -5.351744e-03  5.000000e+00
 4.187919e-02 -5.266644e-02 -1.501174e-02  5.000000e+00
