-0.0125699194 -0.0340922636 -0.0480824375  1.0000000000
-0.0123488836 -0.0283548896 -0.0516282424  1.0000000000
-0.0257534718 -0.0289446433 -0.0425156654  1.0000000000
-0.0112434656 -0.0227999491 -0.0559088387  1.0000000000
-0.0261344030 -0.0228227184 -0.0464188156  1.0000000000
-0.0112509358 -0.0189852736 -0.0554401025  1.0000000000
-0.0098466209 -0.0170558796 -0.0592246026  1.0000000000
-0.0302357552 -0.0211534888 -0.0424638610  1.0000000000
-0.0126992969 -0.0159803102 -0.0523277260  1.0000000000
-0.0100193165 -0.0136571499 -0.0590777335  1.0000000000
-0.0402361743 -0.0166334561 -0.0424602680  1.0000000000
-0.0178217518 -0.0132049218 -0.0496204903  1.0000000000
-0.0152660522 -0.0127771395 -0.0505056077  1.0000000000
-0.0109304265 -0.0100599556 -0.0585239175  1.0000000000
-0.0089340246 -0.0068143365 -0.0604631109  1.0000000000
-0.0272141872 -0.0108182036 -0.0446852909  1.0000000000
-0.0071226333  0.0009553453 -0.0670484298  1.0000000000
-0.0078119533  0.0026673561 -0.0626207235  1.0000000000
-0.0402616600 -0.0080359503 -0.0382905566  1.0000000000
-0.0369236316 -0.0073731187 -0.0388758936  1.0000000000
-0.0147939454  0.0007516845 -0.0515858141  1.0000000000
-0.0125452329  0.0018287281 -0.0539859266  1.0000000000
-0.0062786672  0.0082299249 -0.0652236347  1.0000000000
-0.0448719853 -0.0048558039 -0.0366733615  1.0000000000
-0.0350353461 -0.0028879351 -0.0394035836  1.0000000000
-0.0428656564 -0.0017160179 -0.0365337135  1.0000000000
-0.0274663537  0.0054827950 -0.0449424260  1.0000000000
-0.0185461212  0.0074594696 -0.0500289268  1.0000000000
-0.0026311930  0.0197922988 -0.0666974311  1.0000000000
-0.0006097486  0.0231833059 -0.0733514755  1.0000000000
-0.0373569878  0.0035186382 -0.0391635269  1.0000000000
-0.0161657566  0.0127130696 -0.0500348612  1.0000000000
-0.0017524466  0.0233495876 -0.0643100156  1.0000000000
-0.0245490476  0.0138154922 -0.0444682069  1.0000000000
-0.0212496222  0.0147568833 -0.0457128906  1.0000000000
-0.0099138627  0.0193826786 -0.0512699124  1.0000000000
-0.0056203887  0.0230128972 -0.0555736899  1.0000000000
 0.0004499349  0.0283150821 -0.0654855524  1.0000000000
 0.0020203929  0.0311650624 -0.0733031384  1.0000000000
-0.0470762183  0.0081025025 -0.0337422907  1.0000000000
-0.0247405220  0.0175078598 -0.0434039378  1.0000000000
-0.0010296382  0.0293921910 -0.0575889693  1.0000000000
-0.0610990547  0.0114017942 -0.0230366695  1.0000000000
-0.0482864128  0.0141365065 -0.0323088003  1.0000000000
 0.0043883086  0.0389357943 -0.0601005490  1.0000000000
-0.0483999958  0.0169033101 -0.0321687196  1.0000000000
-0.0122353874  0.0320976348 -0.0417758957  1.0000000000
 0.0066848743  0.0429022432 -0.0618455059  1.0000000000
-0.0086204258  0.0369004783 -0.0403606173  1.0000000000
-0.0047245809  0.0418634848 -0.0377222428  1.0000000000
 0.0019015220  0.0438805729 -0.0397312872  1.0000000000
 0.0042154187  0.0456379354 -0.0414515274  1.0000000000
 0.0058988545  0.0473157474 -0.0442365404  1.0000000000
-0.0277460130  0.0357050679 -0.0359057601  1.0000000000
-0.0160939246  0.0416783772 -0.0350330045  1.0000000000
 0.0081394982  0.0512373694 -0.0454533479  1.0000000000
-0.0237117382  0.0406965294 -0.0350392367  1.0000000000
-0.0075394003  0.0468167015 -0.0324990832  1.0000000000
-0.0359366639  0.0365955344 -0.0359461282  1.0000000000
-0.0316625706  0.0391761207 -0.0358117274  1.0000000000
-0.0115119259  0.0491453188 -0.0307147577  1.0000000000
-0.0032445802  0.0516144757 -0.0300760854  1.0000000000
-0.0113414354  0.0523964074 -0.0294497375  1.0000000000
 0.0052377113  0.0576094151 -0.0276668160  1.0000000000
 0.0098954534  0.0576323949 -0.0281980564  1.0000000000
-0.0032831168  0.0582645650 -0.0273419098  1.0000000000
 0.0326386434 -0.1154677821 -0.0217978063  2.0000000000
-0.0173867363 -0.1222454264 -0.0159027177  2.0000000000
 0.0835826781 -0.1292817280 -0.0166967658  2.0000000000
-0.0372334120 -0.1240432913 -0.0001656591  2.0000000000
 0.0025969654 -0.1129511506 -0.0184162859  2.0000000000
-0.0625728639 -0.1273025918  0.0243732716  2.0000000000
-0.0880265108 -0.1311671593  0.0465596955  2.0000000000
 0.0328337837 -0.1062557164 -0.0189353603  2.0000000000
-0.0099758350 -0.1092804573 -0.0177010545  2.0000000000
 0.0099893259 -0.1013807792 -0.0170154607  2.0000000000
 0.0864119350 -0.1223941441 -0.0132202536  2.0000000000
-0.0296435017 -0.1146281674 -0.0068933559  2.0000000000
 0.0097897318 -0.0984768004 -0.0166394789  2.0000000000
 0.0549451887 -0.1115127283 -0.0153386513  2.0000000000
 0.0873953095 -0.1211764138 -0.0120444980  2.0000000000
 0.0194478807 -0.0945003343 -0.0182135879  2.0000000000
-0.0964885427 -0.1237609277  0.0582397103  2.0000000000
-0.0865620167 -0.1223934762  0.0506580937  2.0000000000
-0.0614693102 -0.1176317247  0.0274120110  2.0000000000
 0.0623205690 -0.1115782595 -0.0128600799  2.0000000000
-0.0359972526 -0.1116257765  0.0013395240  2.0000000000
 0.0356882142 -0.1021004007 -0.0138175436  2.0000000000
 0.0912209291 -0.1177172166 -0.0088242963  2.0000000000
 0.1217509577 -0.1120903682  0.0111916242  2.0000000000
-0.0011275038 -0.0858038912 -0.0166937640  2.0000000000
 0.0594376127 -0.1095578299 -0.0089880654  2.0000000000
 0.0819590988 -0.1144769926 -0.0069429428  2.0000000000
-0.1148084421 -0.1087185353  0.0703611457  2.0000000000
-0.0877046312 -0.1151694789  0.0562226671  2.0000000000
-0.0774384888 -0.1147178825  0.0473039546  2.0000000000
-0.0620788316 -0.1139746754  0.0310814147  2.0000000000
 0.1152279923 -0.1070421245  0.0138367177  2.0000000000
 0.0979811824 -0.1129228111 -0.0009693302  2.0000000000
 0.0847465495 -0.1128665273 -0.0055417086  2.0000000000
 0.1267601468 -0.0975118004  0.0311867622  2.0000000000
-0.1040570779 -0.1020060214  0.0675284530  2.0000000000
-0.1154470317 -0.0901122109  0.0688383855  2.0000000000
 0.1082493494 -0.1044698263  0.0122408465  2.0000000000
 0.1249773115 -0.0938240751  0.0341552063  2.0000000000
 0.1512614105 -0.0768233759  0.0612709081  2.0000000000
-0.1089197790 -0.0902039929  0.0685195618  2.0000000000
 0.1483501508 -0.0759227964  0.0604951514  2.0000000000
-0.1212667554 -0.0741787627  0.0609508730  2.0000000000
-0.1320324700 -0.0676441905  0.0561157090  2.0000000000
 0.1375039517 -0.0746776613  0.0553222317  2.0000000000
 0.1570872772 -0.0558328965  0.0704247920  2.0000000000
-0.1279145490 -0.0552467547  0.0455681271  2.0000000000
 0.1615012051 -0.0475108369  0.0724927482  2.0000000000
-0.1425168365 -0.0505988340  0.0447447413  2.0000000000
-0.1285269134 -0.0506158638  0.0418946015  2.0000000000
-0.1356265922 -0.0458097704  0.0398048511  2.0000000000
-0.1241375809 -0.0458359852  0.0374627655  2.0000000000
 0.1509402972 -0.0501431714  0.0690555114  2.0000000000
 0.1755715899 -0.0294153256  0.0764865741  2.0000000000
 0.1630724615 -0.0328471808  0.0732536247  2.0000000000
 0.1561984278 -0.0365083666  0.0716367760  2.0000000000
-0.1391094099 -0.0277526963  0.0289181702  2.0000000000
-0.1269488617 -0.0244545461  0.0231334278  2.0000000000
-0.1330415143 -0.0216366806  0.0239022553  2.0000000000
-0.1448007107 -0.0080387043  0.0218117190  2.0000000000
-0.1236479363  0.0082573215  0.0031007498  2.0000000000
 0.1616397218  0.0116401527  0.0563914970  2.0000000000
 0.1765865710  0.0154370221  0.0571419621  2.0000000000
-0.1372004393  0.0012293921  0.0139785625  2.0000000000
 0.1647200721  0.0226904418  0.0486274691  2.0000000000
 0.1522401605  0.0315148603  0.0377399330  2.0000000000
-0.1524011901  0.0110591636  0.0183536536  2.0000000000
 0.1579232008  0.0360484404  0.0360905121  2.0000000000
 0.1673746139  0.0395392597  0.0360324231  2.0000000000
-0.1498434423  0.0243413870  0.0162839448  2.0000000000
 0.1654999492  0.0438234329  0.0324919702  2.0000000000
 0.1438736593  0.0509316115  0.0224776489  2.0000000000
-0.1557944914  0.0274769414  0.0258839586  2.0000000000
-0.1324719027  0.0398561146  0.0219891826  2.0000000000
 0.1320947027  0.0684507262  0.0100853000  2.0000000000
 0.1450203026  0.0694760839  0.0115740801  2.0000000000
-0.1213848465  0.0417281639  0.0147640710  2.0000000000
 0.1397416620  0.0738122972  0.0083817331  2.0000000000
 0.1435417493  0.0732337447  0.0092261784  2.0000000000
-0.1208084165  0.0458229634  0.0182679413  2.0000000000
 0.1382294498  0.0775938838  0.0062184197  2.0000000000
-0.1151353443  0.0565571897  0.0329404344  2.0000000000
 0.1115885426  0.0867266901  0.0027891954  2.0000000000
 0.1249289370  0.0849996479  0.0021108477  2.0000000000
 0.1368025988  0.0812821866  0.0041713117  2.0000000000
-0.1299301867  0.0538851439  0.0272292738  2.0000000000
-0.1065660897  0.0738358392  0.0537691628  2.0000000000
 0.0964736091  0.0906772889  0.0017829810  2.0000000000
 0.0735473176  0.0892306385  0.0010643114  2.0000000000
 0.1299901138  0.0969536104 -0.0013134388  2.0000000000
-0.1185665192  0.0702955068  0.0445646074  2.0000000000
 0.0744275303  0.0927599481  0.0018574608  2.0000000000
-0.0838827145  0.1065930659  0.0785874609  2.0000000000
 0.1027158349  0.0974058338  0.0004257837  2.0000000000
 0.0392797062  0.1001892215  0.0029646810  2.0000000000
 0.0049677486  0.1073253896 -0.0005215167  2.0000000000
-0.0963965921  0.0991681194  0.0731739036  2.0000000000
-0.0580727120  0.1212693159  0.0676359913  2.0000000000
-0.0458125963  0.1212616064  0.0557926413  2.0000000000
 0.0807090606  0.1082262782  0.0044493485  2.0000000000
-0.0684229615  0.1248221675  0.0744791334  2.0000000000
-0.0455982098  0.1223434512  0.0552445566  2.0000000000
 0.0199773376  0.1154353908  0.0061412039  2.0000000000
 0.0422854745  0.1119951547  0.0051704658  2.0000000000
-0.0908346598  0.1162172686  0.0808121676  2.0000000000
-0.0615000577  0.1274757964  0.0693272034  2.0000000000
-0.0124277102  0.1198394865  0.0224035568  2.0000000000
 0.0701646701  0.1171235402  0.0077696727  2.0000000000
-0.0494985701  0.1294238429  0.0594088029  2.0000000000
-0.0075976525  0.1237113216  0.0221605192  2.0000000000
 0.0185155366  0.1251840609  0.0145709777  2.0000000000
 0.0343603866  0.1292230730  0.0134311226  2.0000000000
-0.0810190825  0.1348062298  0.0818097864  2.0000000000
-0.0281943734  0.1299051307  0.0406995381  2.0000000000
-0.0584611271  0.1388208295  0.0683593285  2.0000000000
