-9.238923e-02 -1.502266e-02  1.771499e-03  1.000000e+00
-8.691905e-02 -1.354730e-02  1.165656e-03  1.000000e+00
-7.100419e-03  7.811611e-04  0.000000e+00  1.000000e+00
-8.144886e-02 -1.207195e-02  5.598124e-04  1.000000e+00
-1.080954e-03  4.301447e-03  0.000000e+00  1.000000e+00
-8.037002e-02 -1.187131e-02  4.735937e-04  1.000000e+00
-7.585588e-02 -9.924817e-03 -2.364024e-04  1.000000e+00
-9.386418e-04 -5.621993e-03  0.000000e+00  1.000000e+00
-8.591615e-02 -1.381878e-02  1.254186e-03  1.000000e+00
-7.245097e-02 -8.367824e-03 -7.902796e-04  1.000000e+00
-1.751297e-02  1.409617e-02  1.291787e-03  1.000000e+00
-9.539232e-02 -1.714077e-02  2.586431e-03  1.000000e+00
-9.146117e-02 -1.575988e-02  2.032702e-03  1.000000e+00
-6.904305e-02 -6.802080e-03 -1.341068e-03  1.000000e+00
-7.317164e-02 -6.735947e-03 -1.103634e-03  1.000000e+00
 9.120015e-03  5.393851e-04  0.000000e+00  1.000000e+00
 3.472220e-03  1.543210e-03  0.000000e+00  1.000000e+00
 0.000000e+00 -3.086420e-03  0.000000e+00  1.000000e+00
-8.604400e-03  3.608397e-03 -3.569023e-03  1.000000e+00
-1.281796e-02 -1.521042e-03 -3.313795e-03  1.000000e+00
-5.328338e-02  5.065616e-04 -3.855119e-03  1.000000e+00
-5.783529e-02 -1.604412e-03 -3.128979e-03  1.000000e+00
-3.472220e-03  1.543210e-03  0.000000e+00  1.000000e+00
-6.721975e-03  3.728473e-03  2.786628e-03  1.000000e+00
-1.752005e-02 -8.188704e-03 -2.520190e-03  1.000000e+00
-1.968376e-03 -5.708478e-05  2.329828e-03  1.000000e+00
-5.476302e-02  4.014841e-02 -1.319488e-02  1.000000e+00
-4.507732e-02  4.312175e-03 -5.164187e-03  1.000000e+00
-1.201958e-03  8.906673e-03  7.990694e-03  1.000000e+00
 4.670773e-03  1.702028e-02  2.018859e-02  1.000000e+00
-8.544586e-03 -1.299738e-02  3.105523e-03  1.000000e+00
-3.929429e-02  5.210687e-03 -4.709492e-03  1.000000e+00
-1.588554e-03  4.505514e-03  3.323834e-03  1.000000e+00
-4.964993e-02  2.506390e-02 -9.908205e-03  1.000000e+00
-4.681026e-02  1.663836e-02 -8.037543e-03  1.000000e+00
-2.932009e-02  5.024149e-03 -2.584456e-03  1.000000e+00
-1.998095e-02  4.849489e-03 -5.947231e-04  1.000000e+00
 4.248607e-03  4.350097e-03  4.477902e-03  1.000000e+00
 4.717057e-03  1.842542e-02  2.195736e-02  1.000000e+00
 8.790455e-03  1.581318e-04  9.884367e-04  1.000000e+00
-5.034926e-02  2.692396e-02 -1.020127e-02  1.000000e+00
-1.000674e-02  4.662951e-03  1.530313e-03  1.000000e+00
 2.995098e-02  5.557912e-04 -2.954660e-03  1.000000e+00
 1.596301e-02  3.016095e-04  9.417540e-05  1.000000e+00
 1.474672e-02  3.011064e-03  3.842432e-03  1.000000e+00
 1.898588e-02  3.156390e-04  1.761290e-03  1.000000e+00
 6.927464e-02 -3.849512e-03 -9.017225e-03  1.000000e+00
 2.057901e-02  2.267157e-03  3.489394e-03  1.000000e+00
 6.373668e-02 -3.158451e-03 -5.596038e-03  1.000000e+00
 5.834585e-02 -2.756633e-03 -2.589946e-03  1.000000e+00
 4.910069e-02 -1.469069e-03 -5.483272e-04  1.000000e+00
 4.459076e-02 -7.955855e-04  2.033741e-03  1.000000e+00
 4.033180e-02 -3.149137e-05  2.676764e-03  1.000000e+00
 9.631574e-02 -7.563373e-03 -9.966903e-03  1.000000e+00
 8.084736e-02 -5.558235e-03 -5.263224e-03  1.000000e+00
 3.462502e-02  4.755918e-04  2.639163e-03  1.000000e+00
 9.060532e-02 -6.823142e-03 -8.230460e-03  1.000000e+00
 6.678907e-02 -3.561966e-03 -2.301822e-04  1.000000e+00
 1.077336e-01 -9.036164e-03 -1.341591e-02  1.000000e+00
 1.045484e-01 -8.622911e-03 -1.244549e-02  1.000000e+00
 7.249241e-02 -4.291054e-03 -1.850360e-03  1.000000e+00
 7.172078e-02 -1.822629e-03  7.970391e-03  1.000000e+00
 7.461953e-02 -3.627774e-03  4.495987e-04  1.000000e+00
 6.139484e-02  8.824516e-04  1.269984e-02  1.000000e+00
 5.644285e-02  2.068356e-03  1.456007e-02  1.000000e+00
 7.110189e-02  3.824719e-04  1.433034e-02  1.000000e+00
-1.942291e-01 -1.210232e-02  9.002567e-03  2.000000e+00
-8.812678e-02  2.014673e-04 -5.851624e-03  2.000000e+00
-8.879500e-02 -2.101416e-02  6.461810e-04  2.000000e+00
-6.923805e-02  1.826177e-03 -4.535421e-03  2.000000e+00
-1.222661e-01 -2.735021e-03 -8.230519e-03  2.000000e+00
-4.562106e-02  1.958882e-03 -5.205879e-04  2.000000e+00
 1.984762e-02  3.645876e-02  1.159765e-03  2.000000e+00
-1.804310e-01 -1.012929e-02  4.459264e-03  2.000000e+00
-1.048612e-01 -1.237943e-03 -7.017713e-03  2.000000e+00
-1.362360e-01 -3.947664e-03 -9.118902e-03  2.000000e+00
-7.511398e-02 -1.589269e-02  2.308344e-04  2.000000e+00
-5.571388e-02  8.390163e-03 -7.052197e-03  2.000000e+00
-1.388658e-01 -3.597384e-03 -1.059419e-02  2.000000e+00
-2.219209e-01 -1.606207e-02  1.812067e-02  2.000000e+00
-7.169373e-02 -1.461232e-02  1.269978e-04  2.000000e+00
-1.477568e-01 -5.457079e-03 -6.299430e-03  2.000000e+00
 2.227554e-02  8.575720e-03  2.778713e-03  2.000000e+00
 1.298723e-02  8.198820e-03  2.016430e-03  2.000000e+00
-2.765694e-02  4.250473e-03 -5.040898e-05  2.000000e+00
-2.302042e-01 -1.720839e-02  2.075039e-02  2.000000e+00
-4.406151e-02  9.605056e-03 -5.701300e-03  2.000000e+00
-1.631835e-01 -7.662997e-03 -1.219864e-03  2.000000e+00
-6.143297e-02 -1.077123e-02 -1.845119e-04  2.000000e+00
-9.827421e-03  5.416525e-02 -1.080455e-03  2.000000e+00
-1.536495e-01  1.589892e-02 -5.612700e-02  2.000000e+00
-2.391604e-01 -1.849177e-02  2.371188e-02  2.000000e+00
-5.003212e-02 -6.503339e-03 -5.306341e-04  2.000000e+00
 4.197345e-02  8.748765e-03  4.356057e-03  2.000000e+00
-1.703016e-03  7.135935e-03  7.815622e-04  2.000000e+00
-1.099394e-02  6.463708e-03  5.632311e-07  2.000000e+00
-2.247976e-02  1.223148e-02 -3.374961e-03  2.000000e+00
-8.341715e-03  3.470634e-02 -1.084114e-03  2.000000e+00
-3.622270e-02 -1.337878e-03 -8.370988e-04  2.000000e+00
-4.797332e-02 -1.671691e-03 -1.129313e-03  2.000000e+00
-7.505772e-03  2.402079e-02 -1.156046e-03  2.000000e+00
 6.724071e-02  4.878092e-02  1.478188e-02  2.000000e+00
 5.999253e-02  8.907061e-03  5.798965e-03  2.000000e+00
-2.485857e-02  2.909451e-03 -9.932316e-04  2.000000e+00
-6.396908e-03  9.809469e-03 -1.246878e-03  2.000000e+00
 8.295308e-02 -1.356968e-02 -1.385220e-02  2.000000e+00
 6.785477e-02  5.219297e-02  1.556185e-02  2.000000e+00
 8.029586e-02 -1.291971e-02 -1.206678e-02  2.000000e+00
 7.135871e-02  6.001349e-03  4.915218e-03  2.000000e+00
 8.563364e-02  2.352025e-03  3.805309e-03  2.000000e+00
 1.177524e-02  4.910562e-03  3.371353e-04  2.000000e+00
 6.601953e-02 -9.456673e-03 -2.752591e-03  2.000000e+00
 9.949755e-02 -1.215552e-03  2.613411e-03  2.000000e+00
 6.183602e-02 -8.341012e-03  1.616186e-03  2.000000e+00
 1.016697e-01  7.546715e-04  2.824404e-03  2.000000e+00
 1.027378e-01 -5.683327e-04  2.821360e-03  2.000000e+00
 1.107628e-01 -2.842975e-03  2.043268e-03  2.000000e+00
 1.108961e-01 -3.850467e-03  1.487572e-03  2.000000e+00
 2.865745e-02  3.593981e-04  1.808709e-03  2.000000e+00
 6.798073e-02 -7.055169e-03  2.579671e-02  2.000000e+00
 5.157772e-02 -5.819526e-03  3.806603e-03  2.000000e+00
 3.709856e-02 -1.916185e-03  2.544496e-03  2.000000e+00
 1.246685e-01 -6.752591e-03  7.961047e-04  2.000000e+00
 1.247047e-01 -7.502548e-03  1.965791e-04  2.000000e+00
 1.346745e-01 -9.760295e-03  8.057498e-05  2.000000e+00
 1.512907e-01 -1.391183e-02 -1.204349e-03  2.000000e+00
 1.464447e-01 -1.174035e-02 -1.864107e-03  2.000000e+00
-5.491400e-02 -8.582584e-03  3.629587e-03  2.000000e+00
-8.183326e-02 -1.498728e-02 -2.131170e-03  2.000000e+00
 1.656717e-01 -1.811180e-02 -2.508624e-03  2.000000e+00
-6.542093e-02 -1.141470e-02  4.405184e-04  2.000000e+00
-3.972307e-02 -6.643041e-03  1.045308e-03  2.000000e+00
 1.823082e-01 -2.236346e-02 -3.825220e-03  2.000000e+00
-5.426824e-02 -9.501835e-03 -1.199711e-03  2.000000e+00
-6.805756e-02 -1.177071e-02 -3.594750e-03  2.000000e+00
 1.977512e-01 -2.605158e-02 -4.949993e-03  2.000000e+00
-6.909674e-02 -1.185778e-02 -3.651806e-03  2.000000e+00
-2.534564e-02 -3.683323e-03  2.449614e-03  2.000000e+00
 1.961170e-01 -2.562963e-02 -4.817949e-03  2.000000e+00
-2.144581e-02 -2.139465e-03  4.452546e-03  2.000000e+00
-1.091836e-02 -7.133458e-04  3.858789e-03  2.000000e+00
 1.531648e-02  4.293722e-02  8.661675e-03  2.000000e+00
-1.086416e-02 -1.106299e-03 -1.581701e-04  2.000000e+00
 1.381155e-02  3.461594e-02  4.480825e-03  2.000000e+00
 1.501515e-02  4.126841e-02  7.814636e-03  2.000000e+00
-7.579823e-03 -1.948477e-03 -1.644186e-03  2.000000e+00
 1.290767e-02  2.961181e-02  1.951170e-03  2.000000e+00
-4.908601e-03  9.180065e-03 -4.811099e-03  2.000000e+00
 2.081608e-02 -5.021441e-03  7.393043e-03  2.000000e+00
 7.681452e-03  3.115586e-03  5.675514e-03  2.000000e+00
 1.200379e-02  2.460767e-02 -5.784852e-04  2.000000e+00
 6.812460e-03 -1.829158e-02 -1.368757e-03  2.000000e+00
 1.084043e-02  1.786780e-02  1.766215e-03  2.000000e+00
 3.522453e-02 -1.100758e-02 -6.857045e-03  2.000000e+00
 5.280397e-02 -2.134928e-02 -1.543204e-03  2.000000e+00
 2.770920e-02  2.850189e-02 -1.798877e-02  2.000000e+00
 2.714550e-02 -3.562044e-03  1.763450e-03  2.000000e+00
 5.604365e-02 -2.325514e-02 -5.639242e-04  2.000000e+00
 6.391981e-03 -2.764298e-02 -1.871159e-03  2.000000e+00
 4.525165e-02  6.682244e-03 -2.073860e-02  2.000000e+00
 3.131821e-02 -2.123281e-02 -1.186281e-04  2.000000e+00
-1.061720e-02 -6.710914e-04 -7.159858e-05  2.000000e+00
 3.308750e-02 -1.970454e-02  5.418973e-04  2.000000e+00
-2.367873e-02 -1.218110e-02 -4.150874e-03  2.000000e+00
-2.642098e-02  3.469302e-03 -9.654035e-03  2.000000e+00
 7.273694e-02 -3.296806e-02  4.229187e-03  2.000000e+00
-1.279773e-02 -1.333882e-02  4.257647e-03  2.000000e+00
-2.467806e-02  7.838303e-03 -7.641624e-03  2.000000e+00
 7.007089e-03 -3.523011e-04  2.055986e-04  2.000000e+00
 4.778124e-02 -5.042714e-03  8.104241e-04  2.000000e+00
 4.402582e-02  1.730481e-03 -4.116238e-03  2.000000e+00
-1.494553e-02 -2.682762e-03  1.710472e-02  2.000000e+00
-3.318731e-02 -1.079342e-03 -4.265842e-04  2.000000e+00
 8.225569e-02 -3.858468e-02  7.217597e-03  2.000000e+00
-1.313120e-02  1.433549e-02  3.111794e-03  2.000000e+00
-4.099416e-02 -1.055228e-03 -8.352801e-03  2.000000e+00
 1.787187e-02  1.756121e-02 -2.169275e-04  2.000000e+00
 3.342830e-02  1.316782e-02  4.641065e-04  2.000000e+00
 2.829072e-02  2.213288e-02 -1.023991e-03  2.000000e+00
-5.260806e-02 -1.295544e-03  7.706411e-03  2.000000e+00
 3.856222e-03  2.604376e-02  3.441865e-03  2.000000e+00
