 7.525301e-03 -3.969661e-02 -6.826911e-02  1.000000e+00
 6.203004e-03 -3.366798e-02 -7.065542e-02  1.000000e+00
 8.817722e-03 -3.698839e-02 -7.301766e-02  1.000000e+00
 4.224107e-03 -2.741832e-02 -7.345446e-02  1.000000e+00
 7.396849e-03 -2.977154e-02 -7.649421e-02  1.000000e+00
 3.181822e-03 -2.312332e-02 -7.389425e-02  1.000000e+00
 2.166449e-03 -2.136362e-02 -7.617021e-02  1.000000e+00
 7.050874e-03 -2.846890e-02 -7.765685e-02  1.000000e+00
 2.736301e-03 -1.951373e-02 -7.356471e-02  1.000000e+00
 1.302039e-03 -1.736799e-02 -7.647554e-02  1.000000e+00
 5.702580e-03 -2.477750e-02 -8.917157e-02  1.000000e+00
 3.003475e-03 -1.643549e-02 -7.615446e-02  1.000000e+00
 2.352789e-03 -1.594000e-02 -7.481273e-02  1.000000e+00
 1.306038e-06 -1.310888e-02 -7.673954e-02  1.000000e+00
-2.547100e-03 -1.159620e-02 -7.796956e-02  1.000000e+00
 3.891815e-03 -1.606568e-02 -7.810807e-02  1.000000e+00
-6.002498e-03 -1.665021e-03 -8.050398e-02  1.000000e+00
-6.334158e-03  4.250367e-04 -7.786572e-02  1.000000e+00
 2.943262e-03 -1.402973e-02 -8.797395e-02  1.000000e+00
 2.613609e-03 -1.251653e-02 -8.447195e-02  1.000000e+00
-2.730580e-03 -3.890008e-04 -7.511518e-02  1.000000e+00
-4.146097e-03  5.288484e-04 -7.517113e-02  1.000000e+00
-8.092481e-03  6.816569e-03 -7.900944e-02  1.000000e+00
 1.975701e-03 -1.161801e-02 -9.279564e-02  1.000000e+00
 7.368676e-04 -6.724985e-03 -8.273698e-02  1.000000e+00
 4.496980e-04 -6.744742e-03 -9.024103e-02  1.000000e+00
-2.435174e-03  5.309918e-03 -7.904945e-02  1.000000e+00
-4.329628e-03  8.454966e-03 -7.585548e-02  1.000000e+00
-1.264208e-02  1.969037e-02 -8.011631e-02  1.000000e+00
-1.480444e-02  2.275130e-02 -8.494046e-02  1.000000e+00
-1.525934e-03  1.176313e-03 -8.484239e-02  1.000000e+00
-5.975286e-03  1.437748e-02 -7.500889e-02  1.000000e+00
-1.401277e-02  2.377833e-02 -7.887200e-02  1.000000e+00
-5.379638e-03  1.709319e-02 -7.840153e-02  1.000000e+00
-6.043581e-03  1.796572e-02 -7.654425e-02  1.000000e+00
-9.720546e-03  2.141311e-02 -7.370415e-02  1.000000e+00
-1.278934e-02  2.486117e-02 -7.518743e-02  1.000000e+00
-1.647618e-02  2.905480e-02 -7.970206e-02  1.000000e+00
-1.833548e-02  3.147871e-02 -8.530692e-02  1.000000e+00
-2.673431e-03  7.034259e-03 -9.042488e-02  1.000000e+00
-6.554761e-03  2.210333e-02 -7.793049e-02  1.000000e+00
-1.591573e-02  3.201179e-02 -7.490058e-02  1.000000e+00
-4.495056e-03  1.316172e-02 -9.885157e-02  1.000000e+00
-5.194290e-03  1.776497e-02 -8.895638e-02  1.000000e+00
-2.064090e-02  4.089665e-02 -7.424021e-02  1.000000e+00
-6.177644e-03  2.179649e-02 -8.938627e-02  1.000000e+00
-1.170585e-02  3.844100e-02 -6.858278e-02  1.000000e+00
-2.292639e-02  4.509348e-02 -7.547361e-02  1.000000e+00
-1.414086e-02  4.339134e-02 -6.580620e-02  1.000000e+00
-1.693353e-02  4.915578e-02 -6.253209e-02  1.000000e+00
-1.992148e-02  5.034749e-02 -6.146804e-02  1.000000e+00
-2.228709e-02  5.238080e-02 -6.237884e-02  1.000000e+00
-2.355532e-02  5.236112e-02 -6.374204e-02  1.000000e+00
-1.237050e-02  4.699507e-02 -7.367889e-02  1.000000e+00
-1.417668e-02  5.144736e-02 -6.376636e-02  1.000000e+00
-2.631050e-02  5.651538e-02 -6.418674e-02  1.000000e+00
-1.379977e-02  5.240066e-02 -6.868873e-02  1.000000e+00
-1.765206e-02  5.623080e-02 -5.804260e-02  1.000000e+00
-1.389284e-02  5.167902e-02 -8.163483e-02  1.000000e+00
-1.406795e-02  5.266615e-02 -7.691896e-02  1.000000e+00
-1.628852e-02  5.998965e-02 -5.621089e-02  1.000000e+00
-1.936034e-02  6.104599e-02 -5.371761e-02  1.000000e+00
-1.648489e-02  6.380414e-02 -5.355068e-02  1.000000e+00
-2.602349e-02  6.525505e-02 -5.035674e-02  1.000000e+00
-2.876165e-02  6.449376e-02 -5.112141e-02  1.000000e+00
-2.102942e-02  6.847735e-02 -4.611655e-02  1.000000e+00
-1.433565e-02 -1.245877e-01 -6.846098e-03  2.000000e+00
 4.091029e-02 -1.113158e-01 -1.459772e-02  2.000000e+00
-6.341685e-02 -1.465227e-01  1.555142e-02  2.000000e+00
 6.155860e-02 -1.100175e-01 -9.766139e-03  2.000000e+00
 1.762240e-02 -1.085076e-01 -1.516393e-02  2.000000e+00
 8.845547e-02 -1.092448e-01 -1.942637e-03  2.000000e+00
 1.153502e-01 -1.090408e-01  5.338623e-03  2.000000e+00
-1.607054e-02 -1.169407e-01 -5.957454e-03  2.000000e+00
 3.137679e-02 -1.012063e-01 -1.554666e-02  2.000000e+00
 7.015670e-03 -1.034444e-01 -1.413003e-02  2.000000e+00
-6.729365e-02 -1.401829e-01  1.752229e-02  2.000000e+00
 5.278418e-02 -1.023299e-01 -1.186488e-02  2.000000e+00
 6.599790e-03 -1.012545e-01 -1.458562e-02  2.000000e+00
-3.798538e-02 -1.246334e-01  4.035854e-03  2.000000e+00
-6.847612e-02 -1.384297e-01  1.783920e-02  2.000000e+00
-4.184360e-03 -1.040685e-01 -1.208772e-02  2.000000e+00
 1.248706e-01 -1.012913e-01  1.045012e-02  2.000000e+00
 1.145649e-01 -1.010047e-01  7.342862e-03  2.000000e+00
 8.793920e-02 -1.002204e-01 -8.826803e-04  2.000000e+00
-4.554938e-02 -1.248890e-01  6.612059e-03  2.000000e+00
 6.043719e-02 -9.855183e-02 -9.525875e-03  2.000000e+00
-2.051162e-02 -1.103322e-01 -5.059940e-03  2.000000e+00
-7.219366e-02 -1.353197e-01  2.022951e-02  2.000000e+00
-9.840615e-02 -1.296228e-01  4.360234e-02  2.000000e+00
 1.544599e-02 -8.616780e-02 -2.313386e-02  2.000000e+00
-4.407361e-02 -1.214969e-01  7.183058e-03  2.000000e+00
-6.469471e-02 -1.300175e-01  1.755803e-02  2.000000e+00
 1.456485e-01 -9.312706e-02  2.137027e-02  2.000000e+00
 1.150551e-01 -9.483239e-02  1.132126e-02  2.000000e+00
 1.045127e-01 -9.531410e-02  7.700142e-03  2.000000e+00
 8.840545e-02 -9.667688e-02  1.635776e-03  2.000000e+00
-9.330466e-02 -1.234680e-01  4.251069e-02  2.000000e+00
-7.913613e-02 -1.285136e-01  2.826819e-02  2.000000e+00
-6.722592e-02 -1.286542e-01  1.964742e-02  2.000000e+00
-1.030512e-01 -1.155587e-01  5.508126e-02  2.000000e+00
 1.334636e-01 -8.682234e-02  2.104391e-02  2.000000e+00
 1.475743e-01 -8.047284e-02  2.939462e-02  2.000000e+00
-8.748977e-02 -1.200998e-01  3.929270e-02  2.000000e+00
-1.015352e-01 -1.115481e-01  5.597913e-02  2.000000e+00
-1.224356e-01 -9.820568e-02  8.136028e-02  2.000000e+00
 1.395631e-01 -7.981313e-02  2.689050e-02  2.000000e+00
-1.199357e-01 -9.692066e-02  7.992967e-02  2.000000e+00
 1.553761e-01 -7.062869e-02  3.868767e-02  2.000000e+00
 1.667121e-01 -6.597050e-02  4.702488e-02  2.000000e+00
-1.106483e-01 -9.438850e-02  7.312619e-02  2.000000e+00
-1.262133e-01 -7.692839e-02  9.131008e-02  2.000000e+00
 1.621520e-01 -5.738504e-02  5.220702e-02  2.000000e+00
-1.300643e-01 -6.882424e-02  9.501977e-02  2.000000e+00
 1.748786e-01 -5.092206e-02  6.445865e-02  2.000000e+00
 1.627085e-01 -5.365238e-02  5.590554e-02  2.000000e+00
 1.687252e-01 -4.816855e-02  6.368056e-02  2.000000e+00
 1.587288e-01 -5.023583e-02  5.673528e-02  2.000000e+00
-1.208107e-01 -7.013118e-02  8.900623e-02  2.000000e+00
-1.446025e-01 -5.276478e-02  1.044853e-01  2.000000e+00
-1.323914e-01 -5.440426e-02  9.716133e-02  2.000000e+00
-1.261197e-01 -5.687752e-02  9.342493e-02  2.000000e+00
 1.707907e-01 -3.112184e-02  7.716480e-02  2.000000e+00
 1.629471e-01 -3.368524e-02  7.165189e-02  2.000000e+00
 1.657441e-01 -2.689036e-02  7.747178e-02  2.000000e+00
 1.688819e-01 -6.090228e-03  9.034818e-02  2.000000e+00
 1.597145e-01  3.363412e-03  9.201435e-02  2.000000e+00
-1.420881e-01 -9.550421e-03  9.553901e-02  2.000000e+00
-1.567991e-01 -8.350602e-03  1.026438e-01  2.000000e+00
 1.611743e-01  1.545270e-03  9.183673e-02  2.000000e+00
-1.484789e-01  1.180225e-03  9.433830e-02  2.000000e+00
-1.408112e-01  1.222660e-02  8.382168e-02  2.000000e+00
 1.628170e-01  2.200731e-02  9.903040e-02  2.000000e+00
-1.477755e-01  1.585341e-02  8.529520e-02  2.000000e+00
-1.575013e-01  1.780005e-02  8.925370e-02  2.000000e+00
 1.541138e-01  3.942914e-02  9.587911e-02  2.000000e+00
-1.576311e-01  2.242740e-02  8.661758e-02  2.000000e+00
-1.417104e-01  3.326636e-02  7.170797e-02  2.000000e+00
 1.598829e-01  4.436416e-02  9.868734e-02  2.000000e+00
 1.416308e-01  7.118550e-02  8.534210e-02  2.000000e+00
-1.365117e-01  5.218414e-02  6.117620e-02  2.000000e+00
-1.485831e-01  5.104704e-02  6.718769e-02  2.000000e+00
 1.362493e-01  8.476554e-02  7.826552e-02  2.000000e+00
-1.449411e-01  5.612866e-02  6.363778e-02  2.000000e+00
-1.482862e-01  5.491761e-02  6.559511e-02  2.000000e+00
 1.342577e-01  8.859069e-02  7.633854e-02  2.000000e+00
-1.445315e-01  6.001742e-02  6.216471e-02  2.000000e+00
 1.261446e-01  9.703780e-02  6.978564e-02  2.000000e+00
-1.260958e-01  7.830280e-02  4.898160e-02  2.000000e+00
-1.346597e-01  6.971007e-02  5.494492e-02  2.000000e+00
-1.442592e-01  6.394531e-02  6.073012e-02  2.000000e+00
 1.400196e-01  9.242443e-02  7.882133e-02  2.000000e+00
 1.150087e-01  1.146126e-01  6.065789e-02  2.000000e+00
-1.148703e-01  8.996167e-02  4.221298e-02  2.000000e+00
-9.170047e-02  9.368652e-02  3.235849e-02  2.000000e+00
-1.434474e-01  8.240672e-02  5.449720e-02  2.000000e+00
 1.274320e-01  1.124488e-01  6.741653e-02  2.000000e+00
-8.996960e-02  9.479342e-02  3.129935e-02  2.000000e+00
 8.698576e-02  1.334497e-01  4.687039e-02  2.000000e+00
-1.214422e-01  9.478245e-02  4.321786e-02  2.000000e+00
-4.756320e-02  9.755260e-02  1.116010e-02  2.000000e+00
-6.344656e-03  1.065560e-01  8.079086e-03  2.000000e+00
 1.017290e-01  1.355431e-01  5.219509e-02  2.000000e+00
 5.775254e-02  1.299903e-01  3.614070e-02  2.000000e+00
 4.530811e-02  1.278529e-01  3.115689e-02  2.000000e+00
-9.000063e-02  1.021490e-01  2.937099e-02  2.000000e+00
 6.757197e-02  1.349491e-01  3.935276e-02  2.000000e+00
 4.493295e-02  1.288391e-01  3.080071e-02  2.000000e+00
-2.084364e-02  1.116740e-01  1.626506e-02  2.000000e+00
-4.684341e-02  1.065068e-01  1.838350e-02  2.000000e+00
 9.303245e-02  1.450589e-01  4.798919e-02  2.000000e+00
 6.082647e-02  1.364280e-01  3.636005e-02  2.000000e+00
 1.116312e-02  1.211045e-01  1.871680e-02  2.000000e+00
-7.676661e-02  1.079477e-01  2.596153e-02  2.000000e+00
 4.864905e-02  1.362749e-01  3.183553e-02  2.000000e+00
 6.033840e-03  1.240122e-01  1.990036e-02  2.000000e+00
-2.017971e-02  1.204342e-01  2.226936e-02  2.000000e+00
-3.560008e-02  1.216516e-01  2.645046e-02  2.000000e+00
 7.945146e-02  1.492770e-01  4.305276e-02  2.000000e+00
 2.601382e-02  1.335009e-01  2.562141e-02  2.000000e+00
 5.708550e-02  1.473506e-01  3.699016e-02  2.000000e+00
