-0.1956721834  0.0056214436 -0.0287458965  1.0000000000
-0.1913515516  0.0055311255 -0.0275469523  1.0000000000
-0.1998993754  0.0057230060 -0.0303559203  1.0000000000
-0.1860684124  0.0054131501 -0.0259712921  1.0000000000
-0.1957488464  0.0056464032 -0.0294461395  1.0000000000
-0.1835597231  0.0053669806 -0.0254559178  1.0000000000
-0.1802526011  0.0052851970 -0.0242700214  1.0000000000
-0.1966210161  0.0056448981 -0.0293330173  1.0000000000
-0.1809563803  0.0053279429 -0.0251683058  1.0000000000
-0.1775917742  0.0052388522 -0.0237754459  1.0000000000
-0.2027665567  0.0057418848 -0.0303059028  1.0000000000
-0.1838663695  0.0054054569 -0.0263617832  1.0000000000
-0.1804231841  0.0053278522 -0.0253054218  1.0000000000
-0.1753068803  0.0051988928 -0.0233422276  1.0000000000
-0.1717070025  0.0051049017 -0.0219779800  1.0000000000
-0.1849859447  0.0054130897 -0.0264808735  1.0000000000
-0.1667720873  0.0049764384 -0.0199963624  1.0000000000
-0.1631071967  0.0049202690 -0.0195917516  1.0000000000
-0.1929600766  0.0055466136 -0.0278602443  1.0000000000
-0.1889160638  0.0054708635 -0.0269912046  1.0000000000
-0.1702980030  0.0051253729 -0.0227847953  1.0000000000
-0.1662306708  0.0050336842 -0.0215652311  1.0000000000
-0.1599115998  0.0048470525 -0.0184939548  1.0000000000
-0.1946374632  0.0055663799 -0.0279504765  1.0000000000
-0.1831249125  0.0053571890 -0.0255990802  1.0000000000
-0.1889614114  0.0054528768 -0.0265445256  1.0000000000
-0.1704570813  0.0051236074 -0.0228940019  1.0000000000
-0.1656507799  0.0050323823 -0.0217164186  1.0000000000
-0.1524980180  0.0046496306 -0.0154931403  1.0000000000
-0.1539912691  0.0046154813 -0.0142883430  1.0000000000
-0.1791737253  0.0052673919 -0.0243572662  1.0000000000
-0.1597627180  0.0049108311 -0.0201661141  1.0000000000
-0.1495146987  0.0045953323 -0.0148937732  1.0000000000
-0.1620216398  0.0049527785 -0.0207545769  1.0000000000
-0.1588735612  0.0048940679 -0.0200718949  1.0000000000
-0.1543422167  0.0047904502 -0.0184688866  1.0000000000
-0.1460645536  0.0046055175 -0.0160439906  1.0000000000
-0.1462752943  0.0045024182 -0.0134351224  1.0000000000
-0.1501910885  0.0045089060 -0.0125652191  1.0000000000
-0.1895491593  0.0054557125 -0.0263797436  1.0000000000
-0.1596330480  0.0048992486 -0.0200405419  1.0000000000
-0.1417544912  0.0044785757 -0.0139811376  1.0000000000
-0.1920608906  0.0054178977 -0.0250792167  1.0000000000
-0.1816852297  0.0052433966 -0.0233006482  1.0000000000
-0.1375135608  0.0043370844 -0.0114825521  1.0000000000
-0.1778092851  0.0051422553 -0.0218220418  1.0000000000
-0.1422514788  0.0045572717 -0.0158824999  1.0000000000
-0.1361832694  0.0042725476 -0.0102178943  1.0000000000
-0.1363976878  0.0044383768 -0.0143927529  1.0000000000
-0.1305311338  0.0043185185 -0.0128679449  1.0000000000
-0.1254699841  0.0042160786 -0.0115241234  1.0000000000
-0.1243323176  0.0041702889 -0.0106469951  1.0000000000
-0.1246707006  0.0041517503 -0.0100936938  1.0000000000
-0.1528961903  0.0046842347 -0.0164641650  1.0000000000
-0.1400812334  0.0044762123 -0.0144649618  1.0000000000
-0.1234177916  0.0040934625 -0.0089760874  1.0000000000
-0.1472389861  0.0045613823 -0.0148130821  1.0000000000
-0.1303440600  0.0042947881 -0.0123571612  1.0000000000
-0.1598992427  0.0047624400 -0.0167420788  1.0000000000
-0.1554732477  0.0046857014 -0.0159163327  1.0000000000
-0.1336018885  0.0043317553 -0.0124984035  1.0000000000
-0.1248146215  0.0041823964 -0.0109160925  1.0000000000
-0.1329568869  0.0042993265 -0.0118600624  1.0000000000
-0.1152847518  0.0040052957 -0.0088655666  1.0000000000
-0.1108771198  0.0039325317 -0.0081473965  1.0000000000
-0.1241173983  0.0041257573 -0.0097260402  1.0000000000
 0.2110212297 -0.0882495490 -0.0375357889  2.0000000000
 0.2664240524 -0.0261184355  0.0349472069  2.0000000000
 0.1670760771 -0.1325556499 -0.0597853383  2.0000000000
 0.2859345860 -0.0037014320  0.0650431443  2.0000000000
 0.2404565109 -0.0514986749  0.0018915570  2.0000000000
 0.2722857418  0.0260306292  0.0366871926  2.0000000000
 0.2582798720  0.0542933739  0.0053611549  2.0000000000
 0.2028024711 -0.0876599089 -0.0396086343  2.0000000000
 0.2516241928 -0.0336994583  0.0229967484  2.0000000000
 0.2249993453 -0.0620489665 -0.0125046926  2.0000000000
 0.1565284283 -0.1292031641 -0.0581963391  2.0000000000
 0.2734698031 -0.0112220396  0.0534739700  2.0000000000
 0.2232561910 -0.0628902626 -0.0138007124  2.0000000000
 0.1788661234 -0.1078020065 -0.0573190359  2.0000000000
 0.1541848945 -0.1282308322 -0.0578302029  2.0000000000
 0.2110756321 -0.0744670882 -0.0271114185  2.0000000000
 0.2417121045  0.0655798788 -0.0083802702  2.0000000000
 0.2463215535  0.0554126675  0.0017512825  2.0000000000
 0.2587925627  0.0292942634  0.0306338371  2.0000000000
 0.1700957156 -0.1102025834 -0.0587017188  2.0000000000
 0.2783028150 -0.0013104715  0.0667922271  2.0000000000
 0.1927746143 -0.0880594812 -0.0428360671  2.0000000000
 0.1473043931 -0.1272068624 -0.0563230312  2.0000000000
 0.1240109474 -0.1442876922 -0.0408508834  2.0000000000
 0.2332521715 -0.0493185710  0.0019069650  2.0000000000
 0.1681780390 -0.1073766741 -0.0577069988  2.0000000000
 0.1490935346 -0.1202745897 -0.0569829527  2.0000000000
 0.2226641591  0.0880505974 -0.0314652842  2.0000000000
 0.2331460541  0.0594711317 -0.0049565461  2.0000000000
 0.2393093356  0.0490869221  0.0061145097  2.0000000000
 0.2557681879  0.0295829952  0.0298746457  2.0000000000
 0.1190358958 -0.1362352340 -0.0415275222  2.0000000000
 0.1325939624 -0.1264836589 -0.0504186028  2.0000000000
 0.1435134334 -0.1206763813 -0.0551727526  2.0000000000
 0.1077078682 -0.1416148902 -0.0328309769  2.0000000000
 0.2142613157  0.0796526299 -0.0277041719  2.0000000000
 0.2038483205  0.0961504156 -0.0428645309  2.0000000000
 0.1189252928 -0.1304144747 -0.0426692237  2.0000000000
 0.1030931994 -0.1377682344 -0.0314861165  2.0000000000
 0.0852566304 -0.1513058878 -0.0087752462  2.0000000000
 0.2017716169  0.0914702878 -0.0401166244  2.0000000000
 0.0836344116 -0.1473395790 -0.0099133104  2.0000000000
 0.1914995524  0.1078547945 -0.0528263067  2.0000000000
 0.1892413965  0.1209443066 -0.0587336822  2.0000000000
 0.0834132485 -0.1387250523 -0.0153564023  2.0000000000
 0.0695767392 -0.1465189096  0.0049111410  2.0000000000
 0.1769263551  0.1219053166 -0.0585163745  2.0000000000
 0.0639243275 -0.1471517348  0.0116191783  2.0000000000
 0.1742752564  0.1348102976 -0.0595005298  2.0000000000
 0.1725528420  0.1248259473 -0.0584355965  2.0000000000
 0.1684620171  0.1320099000 -0.0587907513  2.0000000000
 0.1665571240  0.1226770690 -0.0577768954  2.0000000000
 0.0636156709 -0.1382496901  0.0048435740  2.0000000000
 0.0506185806 -0.1525837417  0.0317049024  2.0000000000
 0.0537274405 -0.1439798235  0.0207912215  2.0000000000
 0.0537808915 -0.1376419271  0.0149864601  2.0000000000
 0.1526501164  0.1417644546 -0.0558315780  2.0000000000
 0.1506767157  0.1345768808 -0.0561471071  2.0000000000
 0.1469603909  0.1389165979 -0.0539763712  2.0000000000
 0.1327301451  0.1493310856 -0.0426926387  2.0000000000
 0.1230837576  0.1450439261 -0.0372782613  2.0000000000
 0.0239814649 -0.1336694523  0.0478357183  2.0000000000
 0.0230029571 -0.1465291250  0.0622195316  2.0000000000
 0.1249626301  0.1465232843 -0.0382552225  2.0000000000
 0.0172039412 -0.1352148709  0.0584285466  2.0000000000
 0.0103044602 -0.1236049013  0.0546518294  2.0000000000
 0.1124271332  0.1554951262 -0.0242570002  2.0000000000
 0.0079012163 -0.1286033446  0.0634379357  2.0000000000
 0.0080525078 -0.1378561436  0.0740403964  2.0000000000
 0.0979723656  0.1548907768 -0.0135279596  2.0000000000
 0.0050530226 -0.1357459694  0.0755581015  2.0000000000
-0.0027125427 -0.1155909824  0.0620957046  2.0000000000
 0.0989026410  0.1612120069 -0.0096214588  2.0000000000
 0.0758634527  0.1551691309  0.0092461018  2.0000000000
-0.0140779728 -0.1027581171  0.0601939218  2.0000000000
-0.0130859022 -0.1145680941  0.0739522106  2.0000000000
 0.0652133749  0.1557709259  0.0219127109  2.0000000000
-0.0161181963 -0.1089990238  0.0709193266  2.0000000000
-0.0154668528 -0.1126585734  0.0745520387  2.0000000000
 0.0624165041  0.1561152073  0.0258260925  2.0000000000
-0.0183195935 -0.1072164588  0.0713872071  2.0000000000
 0.0528472947  0.1524749043  0.0343783052  2.0000000000
-0.0291818552 -0.0821411516  0.0522126268  2.0000000000
-0.0241664701 -0.0937424349  0.0612761642  2.0000000000
-0.0205185642 -0.1054472849  0.0718988508  2.0000000000
 0.0634531319  0.1629980765  0.0315615468  2.0000000000
 0.0382471901  0.1500768344  0.0508566550  2.0000000000
-0.0382243656 -0.0680918546  0.0457733697  2.0000000000
-0.0469595376 -0.0457947340  0.0294955890  2.0000000000
-0.0306952118 -0.0977652906  0.0753905138  2.0000000000
 0.0465882541  0.1614530293  0.0520305207  2.0000000000
-0.0480841977 -0.0436772490  0.0289763631  2.0000000000
 0.0128314305  0.1359507780  0.0686338954  2.0000000000
-0.0405482370 -0.0722179283  0.0548131509  2.0000000000
-0.0590345523  0.0028352016  0.0058163840  2.0000000000
-0.0428237109  0.0542205516  0.0337549487  2.0000000000
 0.0217513326  0.1472229352  0.0702303053  2.0000000000
-0.0061996089  0.1167397142  0.0688138829  2.0000000000
-0.0141010007  0.1060510445  0.0645454194  2.0000000000
-0.0527653472 -0.0408583830  0.0356363205  2.0000000000
-0.0020752626  0.1246180577  0.0741125784  2.0000000000
-0.0147266146  0.1062485074  0.0658205587  2.0000000000
-0.0500673432  0.0376714552  0.0257782583  2.0000000000
-0.0575897320  0.0067322382  0.0147169413  2.0000000000
 0.0116713531  0.1454840834  0.0823721759  2.0000000000
-0.0072378582  0.1210248761  0.0763488595  2.0000000000
-0.0344306799  0.0757647770  0.0506065110  2.0000000000
-0.0568455540 -0.0244938338  0.0315877690  2.0000000000
-0.0152166851  0.1121056522  0.0749418274  2.0000000000
-0.0381786892  0.0711881721  0.0499129105  2.0000000000
-0.0491454403  0.0420761488  0.0334026962  2.0000000000
-0.0544656748  0.0268671907  0.0296394975  2.0000000000
 0.0006695969  0.1395022771  0.0898738865  2.0000000000
-0.0289492316  0.0929239096  0.0671180881  2.0000000000
-0.0148710387  0.1219046718  0.0878121565  2.0000000000
