-2.798203e-02 -3.756029e-02 -1.157742e-03  1.000000e+00
-2.007727e-02 -3.757087e-02 -3.532162e-03  1.000000e+00
-4.120452e-02 -1.273784e-02  9.695095e-03  1.000000e+00
-1.509951e-02 -3.552710e-02 -5.962034e-03  1.000000e+00
-3.611475e-02 -1.425477e-02  7.460293e-03  1.000000e+00
-1.403225e-02 -3.279123e-02 -5.293249e-03  1.000000e+00
-9.054267e-03 -3.358089e-02 -6.276663e-03  1.000000e+00
-4.248845e-02 -3.601499e-03  1.198432e-02  1.000000e+00
-1.647228e-02 -2.751145e-02 -4.694599e-03  1.000000e+00
-6.941110e-03 -3.116001e-02 -6.067187e-03  1.000000e+00
-5.178269e-02  7.606635e-03  1.103335e-02  1.000000e+00
-2.372561e-02 -2.101498e-02 -1.599084e-03  1.000000e+00
-1.909974e-02 -2.271755e-02 -3.650342e-03  1.000000e+00
-5.540438e-03 -2.815520e-02 -6.581929e-03  1.000000e+00
-2.299460e-03 -3.107663e-02 -6.687128e-03  1.000000e+00
-3.061232e-02 -4.051883e-03  7.659469e-03  1.000000e+00
 7.305758e-03 -3.369614e-02 -3.437859e-03  1.000000e+00
 4.717167e-03 -2.911408e-02 -5.141499e-03  1.000000e+00
-4.127405e-02  1.211714e-02  9.709426e-03  1.000000e+00
-3.736305e-02  9.707836e-03  1.165677e-02  1.000000e+00
-8.613532e-03 -1.504872e-02 -6.612999e-03  1.000000e+00
-4.654764e-03 -1.552822e-02 -8.996812e-03  1.000000e+00
 1.264407e-02 -2.825819e-02 -5.848554e-03  1.000000e+00
-4.388661e-02  1.649977e-02  6.079074e-03  1.000000e+00
-3.169159e-02  8.002311e-03  9.770297e-03  1.000000e+00
-3.851720e-02  1.630883e-02  6.009225e-03  1.000000e+00
-1.685636e-02  4.686417e-03  9.020131e-03  1.000000e+00
-7.185377e-03 -5.179383e-03 -3.391527e-03  1.000000e+00
 2.540546e-02 -2.728908e-02 -2.209849e-03  1.000000e+00
 3.430965e-02 -3.061956e-02  1.517913e-03  1.000000e+00
-2.837771e-02  1.379265e-02  8.588824e-03  1.000000e+00
-3.585307e-03 -8.113261e-03 -4.918800e-03  1.000000e+00
 2.677183e-02 -2.438903e-02 -7.534607e-04  1.000000e+00
-9.731681e-03  5.376495e-03  5.088184e-03  1.000000e+00
-5.631436e-03  4.109683e-03  2.488155e-03  1.000000e+00
 8.378296e-03 -6.028814e-03 -7.543739e-03  1.000000e+00
 1.547869e-02 -1.329640e-02 -7.802556e-03  1.000000e+00
 3.386440e-02 -2.498704e-02  3.134927e-03  1.000000e+00
 4.185450e-02 -2.848155e-02  3.179069e-03  1.000000e+00
-3.571605e-02  2.521730e-02 -4.700571e-03  1.000000e+00
-7.214131e-03  7.922790e-03  6.003753e-03  1.000000e+00
 2.582333e-02 -1.678899e-02  3.014635e-03  1.000000e+00
-4.460608e-02  3.881181e-02 -1.312174e-02  1.000000e+00
-3.476390e-02  3.420630e-02 -1.198783e-02  1.000000e+00
 4.093977e-02 -1.514195e-02  1.853129e-03  1.000000e+00
-3.288345e-02  3.935497e-02 -8.868504e-03  1.000000e+00
 1.124071e-02  1.204717e-02  3.341184e-03  1.000000e+00
 4.727557e-02 -1.446713e-02  7.803582e-04  1.000000e+00
 1.644400e-02  1.534879e-02  5.722549e-03  1.000000e+00
 2.266658e-02  1.649373e-02  1.073796e-02  1.000000e+00
 3.315283e-02  1.538551e-02  1.763322e-02  1.000000e+00
 3.860667e-02  1.234783e-02  1.654349e-02  1.000000e+00
 4.262250e-02  5.729976e-03  1.051244e-02  1.000000e+00
 1.099600e-02  4.001526e-02 -1.743264e-02  1.000000e+00
 1.551516e-02  2.356347e-02 -1.033582e-02  1.000000e+00
 4.706354e-02  2.252190e-03  7.423047e-03  1.000000e+00
 1.332761e-02  3.532731e-02 -1.883068e-02  1.000000e+00
 2.184314e-02  2.287390e-02 -1.355448e-04  1.000000e+00
-4.712283e-04  5.252884e-02  5.224215e-04  1.000000e+00
 4.993535e-03  4.783326e-02 -8.031217e-03  1.000000e+00
 2.262363e-02  2.928445e-02 -9.533667e-03  1.000000e+00
 2.816647e-02  2.497555e-02  2.416682e-03  1.000000e+00
 2.440522e-02  3.181179e-02 -1.048053e-02  1.000000e+00
 3.989523e-02  2.574692e-02  7.652372e-03  1.000000e+00
 4.602411e-02  2.261989e-02  4.695471e-03  1.000000e+00
 3.119479e-02  2.983297e-02 -1.308709e-03  1.000000e+00
-2.044266e-02 -1.557115e-01  1.048439e-02  2.000000e+00
 4.906100e-02 -1.434833e-01 -4.931327e-02  2.000000e+00
-7.422010e-02 -1.522083e-01  4.990245e-02  2.000000e+00
 7.187837e-02 -1.323383e-01 -5.550333e-02  2.000000e+00
 2.224204e-02 -1.490362e-01 -3.140022e-02  2.000000e+00
 9.763410e-02 -1.244355e-01 -5.647900e-02  2.000000e+00
 1.235978e-01 -1.135602e-01 -4.800878e-02  2.000000e+00
-2.137540e-02 -1.497109e-01  1.181757e-02  2.000000e+00
 3.851962e-02 -1.408255e-01 -4.279914e-02  2.000000e+00
 8.413595e-03 -1.472885e-01 -1.794638e-02  2.000000e+00
-7.601129e-02 -1.411444e-01  4.760742e-02  2.000000e+00
 6.248563e-02 -1.318091e-01 -5.220297e-02  2.000000e+00
 7.075187e-03 -1.467373e-01 -1.678130e-02  2.000000e+00
-4.789208e-02 -1.471270e-01  3.725519e-02  2.000000e+00
-7.714254e-02 -1.384317e-01  4.709050e-02  2.000000e+00
-6.244590e-03 -1.476646e-01 -3.809134e-03  2.000000e+00
 1.300404e-01 -1.009968e-01 -3.578333e-02  2.000000e+00
 1.210815e-01 -1.043439e-01 -4.213747e-02  2.000000e+00
 9.813155e-02 -1.127801e-01 -5.071167e-02  2.000000e+00
-5.624979e-02 -1.431161e-01  4.219036e-02  2.000000e+00
 7.322662e-02 -1.261079e-01 -5.292975e-02  2.000000e+00
-2.709761e-02 -1.472230e-01  1.753364e-02  2.000000e+00
-8.197856e-02 -1.302904e-01  4.564103e-02  2.000000e+00
-1.080131e-01 -1.148679e-01  3.465358e-02  2.000000e+00
 1.150912e-02 -1.500195e-01 -2.136147e-02  2.000000e+00
-5.281448e-02 -1.429827e-01  3.986662e-02  2.000000e+00
-7.441355e-02 -1.311946e-01  4.489664e-02  2.000000e+00
 1.485609e-01 -8.244677e-02 -1.150944e-02  2.000000e+00
 1.240241e-01 -9.299950e-02 -3.179428e-02  2.000000e+00
 1.152231e-01 -1.001187e-01 -4.027706e-02  2.000000e+00
 9.928391e-02 -1.113742e-01 -4.931302e-02  2.000000e+00
-1.058806e-01 -1.081265e-01  3.184136e-02  2.000000e+00
-8.931559e-02 -1.193969e-01  4.053367e-02  2.000000e+00
-7.551964e-02 -1.301053e-01  4.420704e-02  2.000000e+00
-1.166512e-01 -9.873193e-02  2.370789e-02  2.000000e+00
 1.385241e-01 -7.755582e-02 -1.140704e-02  2.000000e+00
 1.509137e-01 -6.851289e-02  3.879140e-03  2.000000e+00
-9.615620e-02 -1.125128e-01  3.539717e-02  2.000000e+00
-1.140399e-01 -9.414530e-02  2.172915e-02  2.000000e+00
-1.356969e-01 -7.266542e-02 -5.931413e-04  2.000000e+00
 1.474539e-01 -6.618431e-02  3.901221e-03  2.000000e+00
-1.328419e-01 -7.208449e-02 -3.565215e-05  2.000000e+00
 1.572371e-01 -5.578236e-02  1.943137e-02  2.000000e+00
 1.663367e-01 -4.681113e-02  3.058177e-02  2.000000e+00
-1.281440e-01 -7.292407e-02  2.388279e-03  2.000000e+00
-1.419568e-01 -5.239629e-02 -1.726188e-02  2.000000e+00
 1.636381e-01 -3.771817e-02  3.553620e-02  2.000000e+00
-1.450758e-01 -4.622731e-02 -2.273695e-02  2.000000e+00
 1.737095e-01 -2.859977e-02  4.524195e-02  2.000000e+00
 1.646070e-01 -3.286856e-02  3.904473e-02  2.000000e+00
 1.683201e-01 -2.493622e-02  4.516615e-02  2.000000e+00
 1.610409e-01 -2.976416e-02  3.911999e-02  2.000000e+00
-1.383713e-01 -5.096709e-02 -1.705876e-02  2.000000e+00
-1.579263e-01 -3.079599e-02 -3.669189e-02  2.000000e+00
-1.498441e-01 -3.216692e-02 -3.267509e-02  2.000000e+00
-1.432147e-01 -3.982999e-02 -2.660523e-02  2.000000e+00
 1.702262e-01 -8.337469e-03  5.228740e-02  2.000000e+00
 1.637744e-01 -1.010841e-02  4.956069e-02  2.000000e+00
 1.647932e-01 -3.505048e-03  5.047728e-02  2.000000e+00
 1.663362e-01  1.540160e-02  4.745262e-02  2.000000e+00
 1.642983e-01  1.714222e-02  4.537432e-02  2.000000e+00
-1.544060e-01  3.022113e-03 -4.796419e-02  2.000000e+00
-1.725455e-01  9.317390e-03 -5.361630e-02  2.000000e+00
 1.604942e-01  2.116150e-02  4.322087e-02  2.000000e+00
-1.606726e-01  1.155922e-02 -5.075804e-02  2.000000e+00
-1.556865e-01  2.687048e-02 -4.641399e-02  2.000000e+00
 1.622559e-01  3.807122e-02  3.818050e-02  2.000000e+00
-1.588840e-01  2.437539e-02 -4.869187e-02  2.000000e+00
-1.692265e-01  2.497026e-02 -5.145351e-02  2.000000e+00
 1.541391e-01  5.233614e-02  2.831164e-02  2.000000e+00
-1.691543e-01  2.981312e-02 -4.979154e-02  2.000000e+00
-1.545078e-01  4.530711e-02 -3.701311e-02  2.000000e+00
 1.589136e-01  5.624290e-02  2.829906e-02  2.000000e+00
 1.436355e-01  7.886877e-02  5.887411e-03  2.000000e+00
-1.476453e-01  6.243452e-02 -1.794997e-02  2.000000e+00
-1.601170e-01  6.359755e-02 -2.335642e-02  2.000000e+00
 1.369717e-01  9.011571e-02 -5.289619e-03  2.000000e+00
-1.560693e-01  6.715345e-02 -1.769012e-02  2.000000e+00
-1.595139e-01  6.681071e-02 -1.995661e-02  2.000000e+00
 1.346527e-01  9.414649e-02 -9.258641e-03  2.000000e+00
-1.557353e-01  7.076317e-02 -1.405410e-02  2.000000e+00
 1.284004e-01  1.037249e-01 -1.896673e-02  2.000000e+00
-1.353897e-01  8.732301e-02  1.401659e-02  2.000000e+00
-1.456276e-01  8.090597e-02  1.829493e-03  2.000000e+00
-1.558277e-01  7.396463e-02 -1.089381e-02  2.000000e+00
 1.387304e-01  1.062529e-01 -1.681913e-02  2.000000e+00
 1.156438e-01  1.201219e-01 -3.512416e-02  2.000000e+00
-1.270751e-01  1.029279e-01  3.403861e-02  2.000000e+00
-1.096973e-01  1.189512e-01  5.515069e-02  2.000000e+00
-1.530588e-01  9.224556e-02  9.884069e-03  2.000000e+00
 1.279217e-01  1.188067e-01 -3.039202e-02  2.000000e+00
-1.084452e-01  1.207646e-01  5.641133e-02  2.000000e+00
 8.908252e-02  1.447351e-01 -5.118739e-02  2.000000e+00
-1.326065e-01  1.091789e-01  3.776646e-02  2.000000e+00
-6.875298e-02  1.447899e-01  6.447455e-02  2.000000e+00
-2.125198e-02  1.622744e-01  3.727939e-02  2.000000e+00
 1.020642e-01  1.405104e-01 -4.916387e-02  2.000000e+00
 6.258565e-02  1.573464e-01 -4.173757e-02  2.000000e+00
 5.071678e-02  1.611052e-01 -3.179971e-02  2.000000e+00
-1.057322e-01  1.297776e-01  6.248396e-02  2.000000e+00
 6.924368e-02  1.578009e-01 -4.630170e-02  2.000000e+00
 4.698114e-02  1.610833e-01 -2.850358e-02  2.000000e+00
-3.256448e-02  1.580002e-01  4.628683e-02  2.000000e+00
-5.907216e-02  1.540261e-01  6.281887e-02  2.000000e+00
 9.374809e-02  1.533302e-01 -5.494017e-02  2.000000e+00
 6.264462e-02  1.627380e-01 -4.229971e-02  2.000000e+00
 7.273029e-03  1.647660e-01  1.116604e-02  2.000000e+00
-9.336726e-02  1.412341e-01  6.818156e-02  2.000000e+00
 5.106641e-02  1.678756e-01 -3.192368e-02  2.000000e+00
 1.503587e-03  1.668932e-01  1.731794e-02  2.000000e+00
-2.432748e-02  1.668643e-01  4.107284e-02  2.000000e+00
-4.178939e-02  1.648838e-01  5.371153e-02  2.000000e+00
 8.266441e-02  1.659716e-01 -5.417156e-02  2.000000e+00
 2.351250e-02  1.715181e-01 -5.555077e-03  2.000000e+00
 5.523700e-02  1.739614e-01 -3.542452e-02  2.000000e+00
