-4.923972e-02 -1.029343e-02  8.504261e-03  1.000000e+00
-4.466962e-02 -9.804450e-03  7.087865e-03  1.000000e+00
-4.986987e-02  2.317653e-02  1.925093e-02  1.000000e+00
-3.988246e-02 -1.082474e-02  5.336037e-03  1.000000e+00
-4.608954e-02  2.030756e-02  1.712673e-02  1.000000e+00
-3.792177e-02 -1.002170e-02  4.616916e-03  1.000000e+00
-3.557119e-02 -1.511526e-02 -8.401548e-05  1.000000e+00
-4.777750e-02  2.963567e-02  1.839211e-02  1.000000e+00
-4.090592e-02 -4.610128e-03  6.404719e-03  1.000000e+00
-3.374973e-02 -1.524798e-02 -1.749959e-03  1.000000e+00
-3.387912e-02  4.932074e-02  7.385481e-03  1.000000e+00
-4.277383e-02  5.482829e-03  8.760712e-03  1.000000e+00
-4.239053e-02  3.726960e-04  5.708683e-03  1.000000e+00
-3.187429e-02 -1.888382e-02 -5.207576e-03  1.000000e+00
-2.814997e-02 -2.085021e-02 -2.926496e-03  1.000000e+00
-3.851203e-02  2.468178e-02  1.405946e-02  1.000000e+00
-1.899060e-02 -2.821415e-02  3.238063e-03  1.000000e+00
-1.879861e-02 -2.736506e-02  1.977155e-03  1.000000e+00
-2.361170e-02  4.947346e-02 -5.549994e-04  1.000000e+00
-2.641939e-02  4.589239e-02  1.838787e-03  1.000000e+00
-3.394752e-02 -1.002889e-02 -9.587496e-03  1.000000e+00
-3.032471e-02 -1.509839e-02 -1.181463e-02  1.000000e+00
-1.171782e-02 -3.078253e-02  6.727814e-03  1.000000e+00
-2.080230e-02  5.296234e-02 -3.324580e-03  1.000000e+00
-2.594915e-02  4.097153e-02  3.345016e-03  1.000000e+00
-1.738854e-02  4.959004e-02 -5.147228e-03  1.000000e+00
-3.922061e-02 -2.372005e-02 -2.443721e-02  1.000000e+00
-3.013317e-02 -1.717260e-02 -1.609590e-02  1.000000e+00
 2.276373e-03 -3.797756e-02  1.452781e-02  1.000000e+00
 7.989945e-03 -4.486418e-02  1.962659e-02  1.000000e+00
-1.753661e-02  4.671157e-02 -3.993671e-03  1.000000e+00
-2.495925e-02 -1.975091e-02 -1.472985e-02  1.000000e+00
 5.216669e-03 -4.088081e-02  1.309879e-02  1.000000e+00
-3.509848e-02 -2.341297e-02 -2.236548e-02  1.000000e+00
-3.175781e-02 -2.215751e-02 -1.993765e-02  1.000000e+00
-1.433037e-02 -2.655292e-02 -8.485008e-03  1.000000e+00
-3.576799e-03 -3.248568e-02  5.061172e-04  1.000000e+00
 1.205885e-02 -4.275033e-02  1.698480e-02  1.000000e+00
 1.722719e-02 -4.865355e-02  1.870964e-02  1.000000e+00
-4.738804e-03  5.597038e-02 -1.461600e-02  1.000000e+00
-3.539263e-02 -2.490990e-02 -2.335091e-02  1.000000e+00
 8.342536e-03 -3.817668e-02  9.443029e-03  1.000000e+00
 1.394123e-03  6.624408e-02 -1.912258e-02  1.000000e+00
 3.802947e-03  5.765823e-02 -1.693700e-02  1.000000e+00
 2.185558e-02 -3.970096e-02  9.396492e-03  1.000000e+00
 8.418037e-03  5.810766e-02 -1.633284e-02  1.000000e+00
 5.777535e-02  5.937279e-03 -5.115570e-03  1.000000e+00
 2.456201e-02 -4.467752e-02  9.744617e-03  1.000000e+00
 5.440250e-02  1.042004e-03 -7.758673e-03  1.000000e+00
 5.248831e-02 -8.386469e-03 -1.265679e-02  1.000000e+00
 4.575692e-02 -2.130932e-02 -8.906560e-03  1.000000e+00
 4.202278e-02 -2.749373e-02 -5.805627e-03  1.000000e+00
 3.796079e-02 -3.312272e-02 -2.116888e-03  1.000000e+00
 5.447759e-02  4.083612e-02  2.600767e-02  1.000000e+00
 5.810842e-02  2.025294e-02  3.628842e-03  1.000000e+00
 4.177197e-02 -3.715572e-02 -2.054434e-03  1.000000e+00
 5.631950e-02  3.583602e-02  1.988001e-02  1.000000e+00
 5.615477e-02  4.467170e-03 -6.790482e-03  1.000000e+00
 4.086069e-02  5.003595e-02  1.425544e-02  1.000000e+00
 4.690313e-02  4.659938e-02  2.126400e-02  1.000000e+00
 5.802052e-02  1.383374e-02 -1.249692e-03  1.000000e+00
 5.873178e-02  2.501804e-03 -8.223066e-03  1.000000e+00
 6.080195e-02  1.324235e-02 -1.998459e-03  1.000000e+00
 5.676672e-02 -1.178068e-02 -1.349889e-02  1.000000e+00
 5.301093e-02 -1.863367e-02 -1.176409e-02  1.000000e+00
 6.247304e-02  1.722943e-03 -8.094281e-03  1.000000e+00
 3.172037e-02 -1.670416e-01 -3.708064e-02  2.000000e+00
-4.021861e-02 -1.623593e-01 -6.653295e-02  2.000000e+00
 9.169851e-02 -1.684414e-01  1.772976e-02  2.000000e+00
-6.328427e-02 -1.588834e-01 -6.038678e-02  2.000000e+00
-1.137244e-02 -1.638226e-01 -6.371278e-02  2.000000e+00
-9.534305e-02 -1.467410e-01 -3.974769e-02  2.000000e+00
-1.233207e-01 -1.342481e-01 -1.327831e-02  2.000000e+00
 3.680071e-02 -1.628821e-01 -3.123380e-02  2.000000e+00
-2.931344e-02 -1.577730e-01 -6.531337e-02  2.000000e+00
 2.731411e-03 -1.604167e-01 -5.492773e-02  2.000000e+00
 1.042311e-01 -1.591281e-01  3.105976e-02  2.000000e+00
-5.487713e-02 -1.514066e-01 -5.887444e-02  2.000000e+00
 6.332667e-03 -1.611610e-01 -5.293878e-02  2.000000e+00
 6.405799e-02 -1.583216e-01 -4.631921e-03  2.000000e+00
 1.028810e-01 -1.564178e-01  3.070594e-02  2.000000e+00
 1.883088e-02 -1.602235e-01 -4.467629e-02  2.000000e+00
-1.332886e-01 -1.231863e-01  2.246124e-03  2.000000e+00
-1.229354e-01 -1.292158e-01 -9.809912e-03  2.000000e+00
-9.823960e-02 -1.373778e-01 -3.193673e-02  2.000000e+00
 7.555287e-02 -1.560172e-01  7.062509e-03  2.000000e+00
-7.002366e-02 -1.465649e-01 -5.165208e-02  2.000000e+00
 4.018890e-02 -1.580332e-01 -2.628219e-02  2.000000e+00
 9.985908e-02 -1.483878e-01  3.039005e-02  2.000000e+00
 1.294259e-01 -1.226854e-01  4.832624e-02  2.000000e+00
-4.133125e-03 -1.661590e-01 -6.094368e-02  2.000000e+00
 6.698494e-02 -1.533453e-01  2.181482e-04  2.000000e+00
 9.062580e-02 -1.468447e-01  2.373991e-02  2.000000e+00
-1.525145e-01 -1.053748e-01  2.991667e-02  2.000000e+00
-1.247308e-01 -1.191483e-01 -4.537093e-04  2.000000e+00
-1.140678e-01 -1.260315e-01 -1.347421e-02  2.000000e+00
-9.724885e-02 -1.351835e-01 -3.103341e-02  2.000000e+00
 1.249904e-01 -1.188728e-01  4.661871e-02  2.000000e+00
 1.062699e-01 -1.365675e-01  3.679843e-02  2.000000e+00
 9.213263e-02 -1.452595e-01  2.533745e-02  2.000000e+00
 1.354367e-01 -1.067149e-01  4.872210e-02  2.000000e+00
-1.422923e-01 -1.048564e-01  2.386458e-02  2.000000e+00
-1.552737e-01 -9.074583e-02  4.249014e-02  2.000000e+00
 1.136167e-01 -1.296329e-01  4.164484e-02  2.000000e+00
 1.311456e-01 -1.111416e-01  4.825506e-02  2.000000e+00
 1.560677e-01 -8.108126e-02  4.640143e-02  2.000000e+00
-1.506810e-01 -9.760926e-02  3.490351e-02  2.000000e+00
 1.544183e-01 -8.057430e-02  4.610365e-02  2.000000e+00
-1.628624e-01 -7.756673e-02  5.180249e-02  2.000000e+00
-1.716018e-01 -6.976947e-02  5.564437e-02  2.000000e+00
 1.465319e-01 -9.142142e-02  4.867843e-02  2.000000e+00
 1.622893e-01 -6.277593e-02  3.521702e-02  2.000000e+00
-1.688111e-01 -5.837609e-02  5.459793e-02  2.000000e+00
 1.651967e-01 -5.520359e-02  2.911357e-02  2.000000e+00
-1.788051e-01 -5.007995e-02  5.719638e-02  2.000000e+00
-1.699215e-01 -5.378881e-02  5.472022e-02  2.000000e+00
-1.732044e-01 -4.456925e-02  5.459390e-02  2.000000e+00
-1.731005e-01 -4.457588e-02  5.450678e-02  2.000000e+00
 1.588947e-01 -7.597505e-02  4.401815e-02  2.000000e+00
 1.734905e-01 -2.801742e-02  5.185082e-03  2.000000e+00
 1.687847e-01 -5.064459e-02  2.493636e-02  2.000000e+00
 1.641420e-01 -6.820684e-02  3.885954e-02  2.000000e+00
-1.758099e-01 -2.499330e-02  4.859510e-02  2.000000e+00
-1.746617e-01 -2.658937e-02  4.935936e-02  2.000000e+00
-1.739366e-01 -1.208156e-02  3.848257e-02  2.000000e+00
-1.749719e-01 -5.534751e-04  2.959875e-02  2.000000e+00
-1.726914e-01  5.392297e-03  2.378814e-02  2.000000e+00
 1.834856e-01  4.561351e-02 -5.170639e-02  2.000000e+00
 1.805192e-01  1.840075e-02 -3.491240e-02  2.000000e+00
-1.715323e-01  1.444894e-02  1.644596e-02  2.000000e+00
 1.799383e-01  4.066030e-02 -4.908752e-02  2.000000e+00
 1.779243e-01  6.562960e-02 -5.667766e-02  2.000000e+00
-1.719585e-01  2.629274e-02  6.349096e-03  2.000000e+00
 1.776407e-01  5.674075e-02 -5.483617e-02  2.000000e+00
 1.835091e-01  4.346205e-02 -5.095934e-02  2.000000e+00
-1.680472e-01  4.602216e-02 -1.082424e-02  2.000000e+00
 1.852733e-01  4.545127e-02 -5.200491e-02  2.000000e+00
 1.701427e-01  8.008262e-02 -5.186449e-02  2.000000e+00
-1.733826e-01  4.214251e-02 -6.805023e-03  2.000000e+00
-1.632041e-01  7.476966e-02 -3.524455e-02  2.000000e+00
 1.611082e-01  9.766914e-02 -4.056427e-02  2.000000e+00
 1.736604e-01  9.870164e-02 -4.679912e-02  2.000000e+00
-1.601454e-01  8.854784e-02 -4.496332e-02  2.000000e+00
 1.693238e-01  1.062240e-01 -4.083505e-02  2.000000e+00
 1.728240e-01  1.022579e-01 -4.464422e-02  2.000000e+00
-1.583803e-01  9.330688e-02 -4.765496e-02  2.000000e+00
 1.684405e-01  1.089980e-01 -3.901391e-02  2.000000e+00
-1.539634e-01  1.018972e-01 -5.178930e-02  2.000000e+00
 1.459252e-01  1.211088e-01 -1.821548e-02  2.000000e+00
 1.572737e-01  1.155702e-01 -2.905563e-02  2.000000e+00
 1.681576e-01  1.119093e-01 -3.745066e-02  2.000000e+00
-1.685114e-01  1.024427e-01 -5.284615e-02  2.000000e+00
-1.434428e-01  1.201770e-01 -5.456817e-02  2.000000e+00
 1.320142e-01  1.366863e-01  3.480846e-03  2.000000e+00
 1.134545e-01  1.536621e-01  2.934672e-02  2.000000e+00
 1.544134e-01  1.324285e-01 -1.695427e-02  2.000000e+00
-1.565893e-01  1.177578e-01 -5.690057e-02  2.000000e+00
 1.100963e-01  1.545116e-01  3.215819e-02  2.000000e+00
-1.218970e-01  1.491100e-01 -4.848552e-02  2.000000e+00
 1.328321e-01  1.443387e-01  7.871370e-03  2.000000e+00
 6.677977e-02  1.757102e-01  6.702952e-02  2.000000e+00
 5.464438e-03  1.915445e-01  7.208069e-02  2.000000e+00
-1.351947e-01  1.423948e-01 -5.554034e-02  2.000000e+00
-1.001644e-01  1.694983e-01 -3.083376e-02  2.000000e+00
-8.978289e-02  1.764275e-01 -1.891173e-02  2.000000e+00
 1.003272e-01  1.672855e-01  4.561482e-02  2.000000e+00
-1.030892e-01  1.680746e-01 -3.336807e-02  2.000000e+00
-8.614024e-02  1.772298e-01 -1.500479e-02  2.000000e+00
 2.876759e-02  1.866593e-01  7.593339e-02  2.000000e+00
 4.755165e-02  1.821420e-01  7.405922e-02  2.000000e+00
-1.209739e-01  1.581856e-01 -4.709209e-02  2.000000e+00
-9.365119e-02  1.747744e-01 -2.386067e-02  2.000000e+00
-2.672328e-02  1.921673e-01  5.137326e-02  2.000000e+00
 8.255957e-02  1.742311e-01  5.848655e-02  2.000000e+00
-7.875314e-02  1.811076e-01 -6.008549e-03  2.000000e+00
-2.454111e-02  1.913600e-01  5.290003e-02  2.000000e+00
 8.883476e-03  1.903758e-01  7.325749e-02  2.000000e+00
 2.550918e-02  1.900085e-01  7.664753e-02  2.000000e+00
-1.129947e-01  1.733139e-01 -3.912490e-02  2.000000e+00
-5.246887e-02  1.873590e-01  2.449113e-02  2.000000e+00
-9.006079e-02  1.888042e-01 -1.462536e-02  2.000000e+00
