-2.026148e-02 -3.713710e-02  7.054576e-03  1.000000e+00
-1.388731e-02 -3.523011e-02  9.329208e-03  1.000000e+00
-3.975061e-02 -1.911243e-02  1.310611e-03  1.000000e+00
-8.357603e-03 -3.464025e-02  6.950119e-03  1.000000e+00
-3.469638e-02 -1.873643e-02  2.194721e-03  1.000000e+00
-7.881616e-03 -3.201976e-02  4.757716e-03  1.000000e+00
-2.939269e-03 -3.264772e-02  5.861370e-03  1.000000e+00
-4.189676e-02 -1.043590e-02 -1.534602e-03  1.000000e+00
-1.063026e-02 -2.573535e-02  7.979663e-03  1.000000e+00
-1.556321e-03 -2.983094e-02  6.159522e-03  1.000000e+00
-5.224554e-02 -3.506989e-03 -9.303547e-03  1.000000e+00
-1.860308e-02 -2.085925e-02  3.961189e-03  1.000000e+00
-1.398765e-02 -2.130433e-02  7.289044e-03  1.000000e+00
-4.409494e-04 -2.694546e-02  6.503919e-03  1.000000e+00
 3.592299e-03 -2.939265e-02  3.009313e-03  1.000000e+00
-3.029038e-02 -7.946894e-03  2.278804e-03  1.000000e+00
 1.340175e-02 -3.179453e-02 -3.630849e-03  1.000000e+00
 1.062858e-02 -2.708132e-02 -2.289728e-03  1.000000e+00
-4.214638e-02  3.709993e-03 -1.126152e-02  1.000000e+00
-3.858882e-02  1.254608e-03 -9.248871e-03  1.000000e+00
-4.531259e-03 -1.260374e-02  9.506298e-03  1.000000e+00
-1.096157e-03 -1.442004e-02  8.341764e-03  1.000000e+00
 1.834517e-02 -2.576750e-02  2.915458e-04  1.000000e+00
-4.462527e-02  8.718392e-03 -1.194319e-02  1.000000e+00
-3.260731e-02  2.765674e-03 -9.379859e-03  1.000000e+00
-3.928806e-02  1.037688e-02 -1.261030e-02  1.000000e+00
-1.731455e-02  4.050363e-03 -7.087347e-03  1.000000e+00
-5.836632e-03 -4.264899e-03  1.865745e-03  1.000000e+00
 2.931804e-02 -2.251889e-02 -2.628717e-03  1.000000e+00
 3.764176e-02 -2.571224e-02 -3.883549e-03  1.000000e+00
-2.896965e-02  1.030868e-02 -1.280933e-02  1.000000e+00
 1.926676e-04 -3.502505e-03  2.485194e-03  1.000000e+00
 3.026347e-02 -1.930079e-02 -6.005444e-03  1.000000e+00
-1.008051e-02  6.523748e-03 -3.403465e-03  1.000000e+00
-6.087961e-03  4.287027e-03 -1.786046e-03  1.000000e+00
 9.949284e-03 -3.638851e-03  3.131624e-03  1.000000e+00
 1.825449e-02 -9.408950e-03 -3.773415e-03  1.000000e+00
 3.586728e-02 -1.826952e-02 -7.990785e-03  1.000000e+00
 4.458831e-02 -2.050193e-02 -4.297407e-03  1.000000e+00
-3.838379e-02  1.877574e-02 -4.904945e-03  1.000000e+00
-8.859693e-03  9.423890e-03 -3.218895e-03  1.000000e+00
 2.914729e-02 -1.155062e-02 -1.072368e-02  1.000000e+00
-4.863401e-02  3.236151e-02  1.757303e-03  1.000000e+00
-3.831426e-02  2.894252e-02  4.197574e-03  1.000000e+00
 4.227868e-02 -7.176600e-03 -3.110096e-03  1.000000e+00
-3.687138e-02  3.464109e-02  4.115582e-03  1.000000e+00
 8.013942e-03  1.276244e-02  1.358887e-03  1.000000e+00
 4.825248e-02 -6.081371e-03 -1.108311e-03  1.000000e+00
 1.355358e-02  1.519137e-02  8.451052e-04  1.000000e+00
 1.894578e-02  1.845309e-02 -1.043426e-03  1.000000e+00
 2.950138e-02  1.826124e-02 -1.203096e-02  1.000000e+00
 3.503093e-02  1.507348e-02 -1.281621e-02  1.000000e+00
 3.970733e-02  8.938866e-03 -5.735746e-03  1.000000e+00
-1.402414e-03  3.124397e-02  1.065285e-02  1.000000e+00
 1.130161e-02  2.489051e-02  1.401715e-02  1.000000e+00
 4.465271e-02  8.788381e-03 -6.526942e-03  1.000000e+00
 4.370910e-03  3.406589e-02  9.629209e-03  1.000000e+00
 1.747533e-02  2.461725e-02  8.163393e-03  1.000000e+00
-8.966256e-03  4.430929e-02  2.093029e-05  1.000000e+00
-5.273113e-03  4.122155e-02  4.499122e-03  1.000000e+00
 1.809175e-02  3.064419e-02  1.454437e-02  1.000000e+00
 2.405189e-02  2.671898e-02  4.065642e-03  1.000000e+00
 1.963029e-02  3.359900e-02  1.429921e-02  1.000000e+00
 3.430466e-02  2.676585e-02 -5.232745e-03  1.000000e+00
 3.840339e-02  2.480930e-02 -8.172919e-03  1.000000e+00
 2.654568e-02  3.258108e-02  7.064580e-03  1.000000e+00
 2.570589e-02 -1.510303e-01 -1.443826e-03  2.000000e+00
-3.974150e-02 -1.421292e-01  5.157554e-02  2.000000e+00
 8.083662e-02 -1.453882e-01 -4.580694e-02  2.000000e+00
-6.353512e-02 -1.322232e-01  5.624209e-02  2.000000e+00
-1.365048e-02 -1.446257e-01  3.440710e-02  2.000000e+00
-9.006410e-02 -1.246997e-01  5.396608e-02  2.000000e+00
-1.163092e-01 -1.163445e-01  4.291846e-02  2.000000e+00
 2.825719e-02 -1.450501e-01 -5.333078e-03  2.000000e+00
-3.055169e-02 -1.371175e-01  4.565614e-02  2.000000e+00
 7.690545e-05 -1.419385e-01  2.204925e-02  2.000000e+00
 8.169599e-02 -1.339820e-01 -4.399998e-02  2.000000e+00
-5.430596e-02 -1.308530e-01  5.324460e-02  2.000000e+00
 1.334990e-03 -1.414274e-01  2.089387e-02  2.000000e+00
 5.363018e-02 -1.413059e-01 -3.037977e-02  2.000000e+00
 8.195597e-02 -1.310380e-01 -4.384643e-02  2.000000e+00
 1.477828e-02 -1.417829e-01  8.133610e-03  2.000000e+00
-1.218134e-01 -1.037982e-01  3.077064e-02  2.000000e+00
-1.128182e-01 -1.061535e-01  3.769928e-02  2.000000e+00
-8.915845e-02 -1.134217e-01  4.796183e-02  2.000000e+00
 5.917605e-02 -1.358751e-01 -3.548200e-02  2.000000e+00
-6.214976e-02 -1.235825e-01  5.272296e-02  2.000000e+00
 3.203064e-02 -1.381402e-01 -1.044926e-02  2.000000e+00
 8.386638e-02 -1.247013e-01 -4.407483e-02  2.000000e+00
 1.097784e-01 -1.088834e-01 -3.912585e-02  2.000000e+00
-1.240680e-02 -1.374004e-01  3.179705e-02  2.000000e+00
 5.741128e-02 -1.329399e-01 -3.388748e-02  2.000000e+00
 7.714169e-02 -1.236343e-01 -4.212116e-02  2.000000e+00
-1.387696e-01 -8.713659e-02  8.001820e-03  2.000000e+00
-1.129108e-01 -9.641085e-02  2.947277e-02  2.000000e+00
-1.038180e-01 -1.009363e-01  3.731417e-02  2.000000e+00
-8.823436e-02 -1.109636e-01  4.624813e-02  2.000000e+00
 1.049619e-01 -1.022217e-01 -3.660460e-02  2.000000e+00
 8.948921e-02 -1.118646e-01 -4.113512e-02  2.000000e+00
 7.933519e-02 -1.190583e-01 -4.111066e-02  2.000000e+00
 1.147253e-01 -9.314516e-02 -3.114347e-02  2.000000e+00
-1.271368e-01 -8.215014e-02  9.629987e-03  2.000000e+00
-1.403005e-01 -7.406519e-02 -5.722126e-03  2.000000e+00
 9.902479e-02 -1.006117e-01 -3.581321e-02  2.000000e+00
 1.130757e-01 -8.792317e-02 -2.870431e-02  2.000000e+00
 1.352266e-01 -6.667943e-02 -1.045603e-02  2.000000e+00
-1.349628e-01 -7.209895e-02 -4.208433e-03  2.000000e+00
 1.323448e-01 -6.629301e-02 -1.088340e-02  2.000000e+00
-1.477463e-01 -6.190948e-02 -2.127117e-02  2.000000e+00
-1.591109e-01 -5.458489e-02 -3.362202e-02  2.000000e+00
 1.239024e-01 -6.880312e-02 -1.441892e-02  2.000000e+00
 1.391219e-01 -4.701984e-02  5.247283e-03  2.000000e+00
-1.562717e-01 -4.399824e-02 -3.857511e-02  2.000000e+00
 1.419888e-01 -4.055001e-02  1.075159e-02  2.000000e+00
-1.662854e-01 -3.727007e-02 -4.546567e-02  2.000000e+00
-1.575271e-01 -3.915317e-02 -4.110761e-02  2.000000e+00
-1.620460e-01 -3.372686e-02 -4.526178e-02  2.000000e+00
-1.536330e-01 -3.851457e-02 -3.984801e-02  2.000000e+00
 1.337152e-01 -4.693617e-02  4.150281e-03  2.000000e+00
 1.541947e-01 -2.545110e-02  2.466046e-02  2.000000e+00
 1.448692e-01 -2.785810e-02  2.110658e-02  2.000000e+00
 1.378672e-01 -3.554677e-02  1.369399e-02  2.000000e+00
-1.648078e-01 -1.640904e-02 -5.173301e-02  2.000000e+00
-1.578213e-01 -1.925334e-02 -4.809786e-02  2.000000e+00
-1.601079e-01 -1.301791e-02 -5.037954e-02  2.000000e+00
-1.635553e-01  5.635004e-03 -4.714647e-02  2.000000e+00
-1.608026e-01  6.066618e-03 -4.535679e-02  2.000000e+00
 1.488625e-01  7.432583e-03  4.224549e-02  2.000000e+00
 1.651044e-01  1.137702e-02  4.794499e-02  2.000000e+00
-1.579616e-01  1.172507e-02 -4.228385e-02  2.000000e+00
 1.546466e-01  1.672199e-02  4.630656e-02  2.000000e+00
 1.500230e-01  3.134924e-02  4.613492e-02  2.000000e+00
-1.600195e-01  2.870395e-02 -3.330111e-02  2.000000e+00
 1.532625e-01  2.904250e-02  4.757565e-02  2.000000e+00
 1.632886e-01  2.970401e-02  5.015462e-02  2.000000e+00
-1.531021e-01  4.325261e-02 -2.245564e-02  2.000000e+00
 1.635127e-01  3.455298e-02  5.034189e-02  2.000000e+00
 1.486759e-01  4.889442e-02  4.166129e-02  2.000000e+00
-1.585110e-01  4.689552e-02 -2.170070e-02  2.000000e+00
-1.441696e-01  7.107385e-02  7.648559e-04  2.000000e+00
 1.425259e-01  6.709813e-02  2.582310e-02  2.000000e+00
 1.536622e-01  6.256026e-02  3.579457e-02  2.000000e+00
-1.392883e-01  8.238055e-02  1.132086e-02  2.000000e+00
 1.505521e-01  7.045110e-02  2.777437e-02  2.000000e+00
 1.531898e-01  6.630598e-02  3.238851e-02  2.000000e+00
-1.381234e-01  8.581081e-02  1.426534e-02  2.000000e+00
 1.499785e-01  7.326276e-02  2.484187e-02  2.000000e+00
-1.304610e-01  9.687338e-02  2.428858e-02  2.000000e+00
 1.299323e-01  9.185098e-02 -5.208553e-03  2.000000e+00
 1.398431e-01  8.542287e-02  7.359085e-03  2.000000e+00
 1.500241e-01  7.618544e-02  2.198992e-02  2.000000e+00
-1.438521e-01  8.930720e-02  1.521008e-02  2.000000e+00
-1.210371e-01  1.132213e-01  3.801859e-02  2.000000e+00
 1.213682e-01  1.072151e-01 -2.552794e-02  2.000000e+00
 1.036586e-01  1.230411e-01 -4.977659e-02  2.000000e+00
 1.470262e-01  9.363410e-02  3.658616e-03  2.000000e+00
-1.339805e-01  1.096769e-01  3.242780e-02  2.000000e+00
 1.024336e-01  1.249361e-01 -5.163730e-02  2.000000e+00
-9.619618e-02  1.378916e-01  4.965052e-02  2.000000e+00
 1.267830e-01  1.136826e-01 -2.799962e-02  2.000000e+00
 6.152425e-02  1.471974e-01 -6.530453e-02  2.000000e+00
 1.285998e-02  1.625012e-01 -4.274288e-02  2.000000e+00
-1.091129e-01  1.346329e-01  4.969242e-02  2.000000e+00
-7.053281e-02  1.526189e-01  3.842452e-02  2.000000e+00
-5.738231e-02  1.568216e-01  2.664774e-02  2.000000e+00
 9.938358e-02  1.335372e-01 -5.751123e-02  2.000000e+00
-7.788143e-02  1.528700e-01  4.413761e-02  2.000000e+00
-5.564714e-02  1.576211e-01  2.492073e-02  2.000000e+00
 2.449146e-02  1.587951e-01 -5.105690e-02  2.000000e+00
 5.522671e-02  1.511780e-01 -6.508847e-02  2.000000e+00
-1.014144e-01  1.481014e-01  5.362695e-02  2.000000e+00
-7.148662e-02  1.582621e-01  3.911923e-02  2.000000e+00
-1.609042e-02  1.631628e-01 -1.640648e-02  2.000000e+00
 8.674050e-02  1.445192e-01 -6.590390e-02  2.000000e+00
-5.603411e-02  1.629913e-01  2.464448e-02  2.000000e+00
-1.005005e-02  1.657845e-01 -2.309699e-02  2.000000e+00
 2.047889e-02  1.627081e-01 -4.869838e-02  2.000000e+00
 3.673574e-02  1.622174e-01 -5.950108e-02  2.000000e+00
-8.667670e-02  1.614080e-01  4.961364e-02  2.000000e+00
-3.253669e-02  1.692421e-01 -1.287393e-04  2.000000e+00
-6.341381e-02  1.716223e-01  3.026186e-02  2.000000e+00
