 7.306707e-05  6.153660e-08  2.630660e-10  7.890888e-11 -1.993583e-11  4.548449e-12  2.440251e-14  3.866599e-16 -4.727951e-15  3.401372e-12 -1.046600e-11
 6.577229e-05  5.540722e-08  2.368002e-10  7.102642e-11 -1.794781e-11  4.095795e-12  2.374042e-14  4.363761e-15 -7.458850e-15  3.063703e-12 -9.418895e-12
 6.577229e-05  5.540723e-08  2.367990e-10  7.102544e-11 -1.793758e-11  4.114213e-12  3.478650e-14  9.083727e-15  4.153790e-15  3.063120e-12 -9.420795e-12
 6.624798e-05  5.580796e-08  2.385014e-10  7.150680e-11 -1.805486e-11  4.197523e-12  3.142821e-14 -2.834847e-14  4.641903e-14  3.083790e-12 -9.447549e-12
 6.577334e-05  5.540811e-08  2.368058e-10  7.103380e-11 -1.794813e-11  4.088229e-12  2.826327e-14  5.343274e-15 -1.137893e-14  3.060985e-12 -9.419592e-12
 6.826991e-05  5.751139e-08  2.458174e-10  7.372946e-11 -1.860459e-11  4.279605e-12  1.240920e-14  1.041672e-14 -3.932277e-15  3.198375e-12 -9.822849e-12
 6.782897e-05  5.713995e-08  2.442118e-10  7.325457e-11 -1.850908e-11  4.218424e-12  3.301006e-14 -3.068174e-15 -2.299886e-14  3.155446e-12 -9.714218e-12
 6.577986e-05  5.541359e-08  2.368344e-10  7.104080e-11 -1.794754e-11  4.094883e-12  1.854281e-14  1.697153e-15 -8.405497e-15  3.065363e-12 -9.422852e-12
 6.598285e-05  5.558461e-08  2.375631e-10  7.126182e-11 -1.800233e-11  4.093308e-12  5.513788e-15  5.290911e-16 -9.456501e-15  3.069389e-12 -9.464717e-12
 6.577229e-05  5.540722e-08  2.368039e-10  7.103054e-11 -1.794585e-11  4.099768e-12  2.312711e-14 -6.407860e-15  7.451977e-15  3.060188e-12 -9.421365e-12
 6.589281e-05  1.858893e-07  1.378642e-07  1.620106e-07 -2.006315e-07  2.918197e-07 -1.283597e-06 -4.052597e-08 -1.933092e-07 -3.261909e-07  2.361329e-07
 6.577229e-05  5.540721e-08  2.368076e-10  7.102931e-11 -1.794564e-11  4.099046e-12  1.821071e-14 -2.714902e-15  1.099601e-14  3.059944e-12 -9.415246e-12
 6.577229e-05  5.540722e-08  2.368039e-10  7.103365e-11 -1.794494e-11  4.097373e-12  1.925309e-14 -9.255185e-15  1.655223e-15  3.064045e-12 -9.426721e-12
 6.577230e-05  5.540722e-08  2.368053e-10  7.102949e-11 -1.794587e-11  4.101703e-12  2.081806e-14 -1.092080e-14  1.398140e-14  3.060509e-12 -9.425015e-12
 6.577229e-05  5.540722e-08  2.368052e-10  7.103105e-11 -1.794535e-11  4.096847e-12  2.375402e-14 -4.221309e-15 -3.802308e-15  3.062470e-12 -9.423144e-12
 6.577229e-05  5.540722e-08  2.368049e-10  7.103090e-11 -1.794503e-11  4.098702e-12  1.962407e-14 -2.268015e-16  7.086997e-15  3.059505e-12 -9.419006e-12
 6.577229e-05  5.540722e-08  2.368040e-10  7.103311e-11 -1.794465e-11  4.097680e-12  2.283651e-14  5.539000e-16  4.161849e-15  3.061610e-12 -9.416838e-12
 6.760934e-05  5.695491e-08  2.432917e-10  7.301230e-11 -1.843529e-11  4.225092e-12  1.905626e-14 -5.239014e-15  3.497962e-15  3.157053e-12 -9.700211e-12
 9.670770e-01  1.046658e+00  1.047243e+00  1.071026e+00 -7.838809e-01  3.073689e-01  1.728808e-03  3.058019e-04 -1.173487e-03  2.929504e-01 -1.409477e+00
 9.670770e-01  1.046658e+00  1.047243e+00  1.071026e+00 -7.838809e-01  3.073689e-01  1.728808e-03  3.058019e-04 -1.173487e-03  2.929504e-01 -1.409477e+00
 6.577229e-05  5.540698e-08  2.368059e-10  7.102861e-11 -1.793713e-11  4.104293e-12  2.411950e-14 -3.771795e-15 -4.367681e-15  3.062715e-12 -9.418271e-12
 6.577229e-05  5.540712e-08  2.368006e-10  7.103001e-11 -1.794946e-11  4.090296e-12  1.918488e-14 -1.301614e-15 -9.045766e-15  3.065987e-12 -9.421473e-12
 6.577229e-05  5.540724e-08  2.368054e-10  7.103147e-11 -1.794726e-11  4.096646e-12  2.612075e-14 -1.323348e-14  3.631646e-15  3.058687e-12 -9.420503e-12
 6.577229e-05  5.540722e-08  2.368092e-10  7.102022e-11 -1.794659e-11  4.095914e-12  1.183917e-14 -1.332379e-14  2.910448e-14  3.058222e-12 -9.428127e-12
 6.577431e-05  5.540892e-08  2.368082e-10  7.103169e-11 -1.794587e-11  4.092622e-12  2.359874e-14  1.178178e-14 -9.119229e-15  3.067012e-12 -9.423683e-12
 9.670771e-01  1.046889e+00  1.104174e+00  1.299060e+00 -1.608467e+00  2.324040e+00  4.811243e+00  1.977515e+00 -9.026899e+00 -2.635421e+00  1.898168e+00
 9.670771e-01  1.046889e+00  1.104174e+00  1.299060e+00 -1.608467e+00  2.324040e+00  4.811243e+00  1.977515e+00 -9.026899e+00 -2.635421e+00  1.898168e+00
 6.577229e-05  5.540722e-08  2.368071e-10  7.103039e-11 -1.794609e-11  4.092277e-12  1.479892e-14  2.987099e-15  5.536075e-15  3.063078e-12 -9.425617e-12
 6.577257e-05  5.540746e-08  2.368037e-10  7.103303e-11 -1.794608e-11  4.098142e-12  2.397752e-14 -4.821721e-15  2.318182e-15  3.062864e-12 -9.414594e-12
 6.577229e-05  5.540656e-08  2.368044e-10  7.103133e-11 -1.794486e-11  4.100209e-12  2.799428e-14 -2.798758e-16 -1.065505e-15  3.062247e-12 -9.426143e-12
 6.577229e-05  5.540721e-08  2.372410e-10  7.116676e-11 -1.797793e-11  4.123021e-12  2.349699e-14 -1.320097e-14  1.003574e-14  3.070507e-12 -9.430816e-12
-1.402540e-01 -9.131032e-06 -3.883557e-08 -1.169217e-08  2.954156e-09 -6.744310e-10 -3.363062e-12  3.054523e-14  8.233510e-13 -5.043021e-10  1.551344e-09
 8.194294e-05  6.903067e-08  2.950308e-10  8.849825e-11 -2.235907e-11  5.099500e-12  2.900681e-14  6.769364e-16 -5.475106e-15  3.814073e-12 -1.173804e-11
 9.670771e-01  1.046889e+00  1.104165e+00  1.299066e+00 -1.609220e+00  2.328917e+00  3.241178e+00 -9.174955e+00  3.726814e+00 -2.626696e+00  1.896400e+00
 9.670771e-01  1.046889e+00  1.104165e+00  1.299066e+00 -1.609220e+00  2.328917e+00  3.241178e+00 -9.174955e+00  3.726814e+00 -2.626696e+00  1.896400e+00
 6.577229e-05  5.540722e-08  2.368037e-10  7.103626e-11 -1.795134e-11  4.107452e-12  2.091860e-14 -8.381104e-16 -1.621990e-15  3.063315e-12 -9.407184e-12
 6.577231e-05  5.540724e-08  2.368030e-10  7.104409e-11 -1.793338e-11  4.094293e-12  2.150466e-14 -2.252794e-15  2.112186e-15  3.062201e-12 -9.400791e-12
 6.577229e-05  5.540722e-08  2.368049e-10  7.103383e-11 -1.794336e-11  4.104519e-12  2.552595e-14 -2.861829e-15 -2.252564e-14  3.066333e-12 -9.412467e-12
 6.577229e-05  5.541554e-08  2.456748e-10  8.176531e-11 -3.375394e-11 -8.326698e-11 -6.560537e-14  1.003945e-14  5.518731e-14 -4.241714e-12  1.283966e-12
 6.577229e-05  5.540722e-08  2.367713e-10  7.111538e-11 -1.800053e-11  4.096982e-12  2.180034e-14  7.367458e-16 -1.632095e-14  3.075686e-12 -9.448883e-12
 6.577230e-05  5.540764e-08  2.324075e-10  7.084606e-11 -1.792136e-11  4.095855e-12  2.197571e-14  1.463281e-15 -8.071573e-16  3.058362e-12 -9.388871e-12
 6.577229e-05  5.540722e-08  2.368046e-10  7.103296e-11 -1.794348e-11  4.095066e-12  2.293023e-14 -2.211565e-15 -9.106560e-15  3.061907e-12 -9.423079e-12
 6.577229e-05  5.540722e-08  2.368051e-10  7.103124e-11 -1.795134e-11  4.115227e-12  2.674061e-14 -6.984474e-15 -8.483372e-18  3.067322e-12 -9.397081e-12
 6.577229e-05  5.540722e-08  2.368052e-10  7.103177e-11 -1.794540e-11  4.092325e-12  2.067401e-14 -1.051760e-14 -2.567040e-15  3.059123e-12 -9.423067e-12
 6.577229e-05  5.540722e-08  2.368052e-10  7.103176e-11 -1.794343e-11  4.088555e-12  1.840955e-14  6.137996e-16  2.815452e-16  3.057831e-12 -9.429755e-12
 6.577229e-05  5.540722e-08  2.368051e-10  7.103181e-11 -1.793912e-11  4.089217e-12  2.170681e-14 -4.881674e-15 -3.304270e-15  3.056545e-12 -9.432755e-12
 6.577312e-05  5.540792e-08  2.368126e-10  7.097553e-11 -1.801435e-11  4.090949e-12  2.836356e-14 -3.088484e-15 -7.163068e-15  3.083868e-12 -9.460996e-12
 6.577229e-05  5.540722e-08  2.368001e-10  7.109388e-11 -1.791822e-11  4.049941e-12  3.147432e-14  4.119217e-15 -1.039636e-14  3.054977e-12 -9.347551e-12
 7.975535e-05  1.191212e-05  1.745001e-05 -1.284663e-04  4.082513e-06 -7.836790e-07 -3.678473e-09  5.126380e-10  1.420434e-09 -5.582150e-07  1.617675e-06
 6.577229e-05  5.540722e-08  2.368052e-10  7.103124e-11 -1.794303e-11  4.093971e-12  2.137071e-14 -1.649497e-16 -3.106972e-15  3.059234e-12 -9.427291e-12
 7.364858e-05  6.204305e-08  2.651626e-10  7.953987e-11 -2.008135e-11  4.569837e-12  5.245206e-15 -1.341036e-14  2.825353e-14  3.430535e-12 -1.057125e-11
 6.898115e-05  5.811061e-08  2.483346e-10  7.449998e-11 -1.881002e-11  4.335528e-12  1.677422e-14 -1.917815e-14  1.845624e-14  3.224452e-12 -9.880224e-12
 6.577229e-05  5.540722e-08  2.368052e-10  7.103085e-11 -1.794863e-11  4.091346e-12  1.855615e-14 -2.590932e-15 -6.476917e-15  3.058908e-12 -9.422797e-12
 6.577229e-05  5.540722e-08  2.368052e-10  7.103102e-11 -1.794576e-11  4.106566e-12  2.220915e-14  8.077219e-15 -6.100286e-15  3.062355e-12 -9.415136e-12
 9.670782e-01  1.046932e+00  1.115316e+00  1.351927e+00 -1.989541e+00 -1.099138e+01 -1.148065e-02  2.417062e-03  5.702434e-03 -9.176446e-01  1.345808e+00
 9.670782e-01  1.046932e+00  1.115316e+00  1.351927e+00 -1.989541e+00 -1.099138e+01 -1.148065e-02  2.417062e-03  5.702434e-03 -9.176446e-01  1.345808e+00
 1.164175e-04  9.807641e-08  4.191706e-10  1.257323e-10 -3.176473e-11  7.248545e-12  3.697725e-14  4.789919e-16 -7.377409e-15  5.420542e-12 -1.667466e-11
 6.578081e-05  5.541440e-08  2.368359e-10  7.104036e-11 -1.794891e-11  4.081235e-12  1.797769e-14 -5.597939e-15 -5.798715e-15  3.057745e-12 -9.431898e-12
 6.577229e-05  5.540722e-08  2.368051e-10  7.103125e-11 -1.794514e-11  4.090979e-12  2.430253e-14  4.004500e-16  2.332333e-16  3.067064e-12 -9.423213e-12
 7.633084e-05  6.430252e-08  2.748386e-10  8.242904e-11 -2.082287e-11  4.758261e-12  3.364066e-14  5.615785e-15 -9.198249e-15  3.547463e-12 -1.092208e-11
 7.554218e-05  6.363806e-08  2.719278e-10  8.158456e-11 -2.062337e-11  4.704963e-12  3.583559e-14 -5.484758e-15 -4.811613e-14  3.503263e-12 -1.081491e-11
-1.155467e+01 -7.566195e-04 -9.222794e-07 -8.896907e-07  2.286644e-07 -5.234729e-08 -2.616210e-10  3.754708e-13  6.318200e-11 -3.917739e-08  1.206463e-07
-1.155467e+01 -7.566195e-04 -9.222794e-07 -8.896907e-07  2.286644e-07 -5.234726e-08 -2.616423e-10  4.029310e-13  6.310699e-11 -3.917738e-08  1.206463e-07
 6.577229e-05  5.540722e-08  2.368052e-10  7.103028e-11 -1.798466e-11  4.040828e-12  2.190238e-14  2.767142e-15 -3.379761e-15  3.010792e-12 -9.293665e-12
 6.577229e-05  5.540722e-08  2.368052e-10  7.103127e-11 -1.794482e-11  4.083207e-12  2.385186e-14 -8.449511e-16 -3.097940e-15  3.064752e-12 -9.432845e-12
 6.577229e-05  5.540722e-08  2.368051e-10  7.103125e-11 -1.794682e-11  4.078003e-12  2.120695e-14  6.503830e-15 -2.855009e-15  3.062108e-12 -9.428759e-12
 6.577229e-05  5.540722e-08  2.368052e-10  7.103112e-11 -1.794750e-11  4.069946e-12  2.005428e-14  8.649857e-15 -8.881076e-15  3.059969e-12 -9.433361e-12
 6.578023e-05  6.401129e-08  9.312046e-09  1.074944e-08 -1.324654e-08  1.924658e-08 -8.464121e-08 -2.672313e-09 -1.274694e-08 -2.150637e-08  1.556195e-08
 6.577349e-05  5.540823e-08  2.368095e-10  7.103245e-11 -1.794584e-11  4.097845e-12  2.134585e-14 -8.854389e-15 -9.297599e-15  3.062887e-12 -9.418810e-12
 6.746298e-05  5.683160e-08  2.429164e-10  7.286217e-11 -1.839676e-11  4.190768e-12  2.163786e-14  3.001335e-15 -1.067486e-14  3.138330e-12 -9.666545e-12
 6.577229e-05  5.540722e-08  2.368052e-10  7.103125e-11 -1.794511e-11  4.096642e-12  1.631838e-14  1.059122e-14 -4.976197e-15  3.077801e-12 -9.414735e-12
 9.217048e-05 -3.140207e-04 -1.120351e-07 -3.351229e-08  8.460168e-09 -1.930935e-09 -9.398541e-12 -6.209766e-14  2.182122e-12 -1.444070e-09  4.441507e-09
 6.577230e-05  5.531780e-08  2.367732e-10  7.102160e-11 -1.794300e-11  4.097365e-12  2.136456e-14  7.002403e-15 -5.032220e-15  3.064519e-12 -9.416615e-12
 6.792553e-05  5.722127e-08  2.445459e-10  7.334292e-11 -1.855445e-11  4.208198e-12  1.649965e-14 -2.766286e-14  2.847566e-14  3.162624e-12 -9.738739e-12
 7.549934e-05  6.360199e-08  2.718561e-10  8.155103e-11 -2.059988e-11  4.692320e-12  2.789482e-15 -1.605686e-14  3.318655e-14  3.526554e-12 -1.081895e-11
 6.577234e-05  5.546835e-08  3.268041e-10 -5.915470e-10  3.110478e-12  5.333187e-14  1.170751e-15 -2.847027e-15  3.903971e-15  1.828703e-13 -1.076898e-12
 6.577229e-05  5.540722e-08  2.368051e-10  7.103117e-11 -1.794572e-11  4.093405e-12  2.180012e-14  1.456082e-14 -5.758724e-15  3.065856e-12 -9.419438e-12
 6.577229e-05  5.540722e-08  2.368051e-10  7.103116e-11 -1.794584e-11  4.089671e-12  2.222440e-14 -6.931393e-15 -2.781821e-16  3.073895e-12 -9.418087e-12
 6.590521e-05  5.551920e-08  2.372840e-10  7.117421e-11 -1.798239e-11  4.134685e-12  2.196098e-14  3.601700e-15 -1.960626e-15  3.008687e-12 -9.442388e-12
 6.577229e-05  5.540722e-08  2.368053e-10  7.103131e-11 -1.794625e-11  4.048905e-12  4.638486e-14  8.587376e-15  2.939549e-16  3.169905e-12 -9.402074e-12
 6.577229e-05  5.540722e-08  2.368053e-10  7.103112e-11 -1.794566e-11  4.096081e-12  2.324495e-14  2.947396e-15 -4.653089e-15  3.059791e-12 -9.420440e-12
 6.577229e-05  5.540722e-08  2.368052e-10  7.103119e-11 -1.794556e-11  4.095275e-12  2.319166e-14  1.369420e-15 -5.142202e-15  3.061511e-12 -9.420056e-12
 6.616992e-05  5.574221e-08  2.382362e-10  7.146490e-11 -1.805095e-11  4.145398e-12  1.218244e-14 -1.528306e-15 -1.684854e-14  3.087455e-12 -9.472067e-12
 6.577229e-05  5.540722e-08  2.368051e-10  7.103123e-11 -1.794557e-11  4.095298e-12  2.254944e-14 -9.359764e-15 -5.448210e-15  3.061515e-12 -9.420122e-12
 6.577229e-05  5.540722e-08  2.368051e-10  7.103123e-11 -1.794560e-11  4.095295e-12  2.337212e-14 -4.775734e-15 -2.318228e-15  3.061521e-12 -9.420213e-12
 6.577229e-05  5.540722e-08  2.368052e-10  7.103118e-11 -1.794569e-11  4.095335e-12  2.096722e-14 -7.411321e-15 -6.027124e-15  3.061583e-12 -9.420279e-12
 6.577229e-05  5.540722e-08  2.368051e-10  7.103123e-11 -1.794560e-11  4.095388e-12  6.327083e-15 -1.231303e-14 -1.024152e-14  3.061658e-12 -9.420267e-12
 6.577229e-05  5.540722e-08  2.368052e-10  7.103122e-11 -1.794555e-11  4.095544e-12 -1.136651e-13 -3.586370e-15  1.298461e-14  3.062261e-12 -9.420117e-12
 6.577229e-05  5.540722e-08  2.368051e-10  7.103123e-11 -1.794564e-11  4.095267e-12  5.721206e-14  3.260269e-15 -7.300199e-15  3.061345e-12 -9.420181e-12
 6.577229e-05  5.540722e-08  2.368052e-10  7.103112e-11 -1.794580e-11  4.095282e-12  2.320930e-14 -1.966827e-14 -2.544561e-15  3.061526e-12 -9.420180e-12
 6.577229e-05  5.540722e-08  2.368052e-10  7.103125e-11 -1.794558e-11  4.095239e-12  2.318073e-14  7.357901e-15 -2.571016e-15  3.061485e-12 -9.420006e-12
 6.577229e-05  5.540722e-08  2.368051e-10  7.103121e-11 -1.794558e-11  4.095355e-12  2.356804e-14 -3.647126e-15 -1.863024e-15  3.061519e-12 -9.420229e-12
 6.577229e-05  5.540722e-08  2.368051e-10  7.103123e-11 -1.794561e-11  4.095309e-12  2.333699e-14  5.438885e-15 -1.976525e-15  3.061534e-12 -9.420165e-12
 6.577229e-05  5.540722e-08  2.368052e-10  7.103116e-11 -1.794568e-11  4.095330e-12  2.305527e-14 -1.377687e-15 -3.747964e-15  3.061546e-12 -9.420192e-12
 6.577229e-05  5.540722e-08  2.368052e-10  7.103114e-11 -1.794575e-11  4.095331e-12  2.834968e-14 -1.939828e-14  2.296500e-14  3.061565e-12 -9.420284e-12
 6.577229e-05  5.540722e-08  2.368052e-10  7.103117e-11 -1.794561e-11  4.095206e-12 -1.530064e-14  1.165001e-14 -2.001484e-13  3.061500e-12 -9.420070e-12
 6.577229e-05  5.540722e-08  2.368051e-10  7.103125e-11 -1.794559e-11  4.095344e-12 -1.831734e-14  4.458226e-14 -2.158726e-13  3.061546e-12 -9.420197e-12
 6.577229e-05  5.540722e-08  2.368052e-10  7.103121e-11 -1.794561e-11  4.095210e-12  2.270771e-14 -1.279124e-14 -6.343178e-15  3.061485e-12 -9.420005e-12
 6.577229e-05  5.540722e-08  2.368051e-10  7.103127e-11 -1.794558e-11  4.095329e-12  2.294882e-14 -2.447146e-14 -5.671172e-15  3.061543e-12 -9.420129e-12
 6.577229e-05  5.540722e-08  2.368051e-10  7.103124e-11 -1.794559e-11  4.095293e-12  2.273359e-14  1.051206e-14 -4.027156e-15  3.061530e-12 -9.420142e-12
 6.657008e-05  5.674585e-08 -7.031865e-09 -1.781693e-10  3.271096e-11 -7.023395e-12 -3.671667e-14  2.277103e-14 -5.735353e-15 -5.135443e-12  1.536660e-11
 6.577229e-05  5.540722e-08  2.368052e-10  7.103120e-11 -1.794577e-11  4.095303e-12  2.282272e-14 -2.469362e-16 -4.555107e-15  3.061537e-12 -9.420185e-12
 6.577229e-05  5.540722e-08  2.368052e-10  7.103126e-11 -1.794577e-11  4.095119e-12  2.281238e-14  3.083803e-15 -4.508652e-15  3.061422e-12 -9.420004e-12
 6.606577e-05  5.565447e-08  2.378614e-10  7.135228e-11 -1.802312e-11  4.111888e-12  1.812430e-14  1.637205e-14 -1.031922e-14  3.074524e-12 -9.474818e-12
 6.636937e-05  5.591024e-08  2.389537e-10  7.167760e-11 -1.810959e-11  4.147097e-12  2.619469e-14 -9.082913e-15  7.171903e-15  3.093817e-12 -9.500872e-12
 9.670771e-01  1.046860e+00  1.096723e+00  1.265395e+00 -1.423189e+00  1.291265e+00  1.063461e-02 -6.221105e-04 -6.659948e-03  1.075964e+01  2.675813e+00
 9.670771e-01  1.046860e+00  1.096723e+00  1.265395e+00 -1.423189e+00  1.291265e+00  1.063461e-02 -6.221105e-04 -6.659948e-03  1.075964e+01  2.675813e+00
 9.670907e-01  1.051574e+00 -1.146365e+01 -3.940503e-01  8.020952e-02 -1.759746e-02 -8.650192e-05  1.034069e-05  2.179981e-05 -1.298158e-02  3.929220e-02
 9.670907e-01  1.051574e+00 -1.146365e+01 -3.940503e-01  8.020952e-02 -1.759746e-02 -8.650192e-05  1.034069e-05  2.179981e-05 -1.298158e-02  3.929220e-02
 6.577229e-05  5.540722e-08  2.368052e-10  7.103121e-11 -1.794561e-11  4.095263e-12  2.285265e-14  3.461882e-16 -4.656350e-15  3.061496e-12 -9.420031e-12
 6.577265e-05  5.540752e-08  2.368065e-10  7.103151e-11 -1.794577e-11  4.095281e-12  2.275014e-14  3.473326e-16 -4.524682e-15  3.061576e-12 -9.420181e-12
 6.577229e-05  5.540722e-08  2.368052e-10  7.103128e-11 -1.794555e-11  4.095382e-12  2.281012e-14  3.817651e-16 -4.548443e-15  3.061548e-12 -9.420211e-12
 6.577229e-05  5.540820e-08  2.382541e-10  6.036437e-11 -1.760670e-11  4.030288e-12  2.247994e-14  4.694730e-16 -4.456642e-15  3.015192e-12 -9.285865e-12
 6.577229e-05  5.540722e-08  2.368052e-10  7.103124e-11 -1.794555e-11  4.095366e-12  2.284469e-14  4.271188e-16 -4.562733e-15  3.061556e-12 -9.420182e-12
 6.577229e-05  5.540722e-08  2.368052e-10  7.103128e-11 -1.794558e-11  4.095304e-12  2.284608e-14  4.427470e-16 -4.557217e-15  3.061568e-12 -9.420168e-12
 6.577229e-05  5.540722e-08  2.368052e-10  7.103126e-11 -1.794561e-11  4.095354e-12  2.282356e-14  4.112706e-16 -4.574792e-15  3.061541e-12 -9.420204e-12
 6.577229e-05  5.540722e-08  2.368052e-10  7.103127e-11 -1.794564e-11  4.095375e-12  2.285484e-14  3.731939e-16 -4.544385e-15  3.061541e-12 -9.420347e-12
 6.577229e-05  5.540722e-08  2.368052e-10  7.103129e-11 -1.794556e-11  4.095337e-12  2.284501e-14  4.326518e-16 -4.573702e-15  3.061531e-12 -9.420191e-12
 6.577229e-05  5.540722e-08  2.368052e-10  7.103123e-11 -1.794549e-11  4.095371e-12  2.284106e-14  3.816197e-16 -4.618421e-15  3.061614e-12 -9.420212e-12
 6.577229e-05  5.540722e-08  2.368052e-10  7.103125e-11 -1.794555e-11  4.095308e-12  2.280260e-14  4.013947e-16 -4.542161e-15  3.061549e-12 -9.420195e-12
 6.577229e-05  5.540722e-08  2.368052e-10  7.103133e-11 -1.794554e-11  4.095372e-12  2.285928e-14  4.387559e-16 -4.586564e-15  3.061537e-12 -9.420198e-12
 6.577229e-05  5.540722e-08  2.368052e-10  7.103128e-11 -1.794559e-11  4.095310e-12  2.283348e-14  4.492553e-16 -4.553068e-15  3.061515e-12 -9.420154e-12
 6.580581e-05  5.543546e-08  2.369259e-10  7.106768e-11 -1.795480e-11  4.096856e-12  2.260973e-14  5.283894e-16 -5.316552e-15  3.062922e-12 -9.425228e-12
 6.588835e-05  5.550496e-08  2.372228e-10  7.116002e-11 -1.796970e-11  4.142861e-12  8.227951e-15  4.821624e-15  6.630772e-15  3.068001e-12 -9.415683e-12
 6.932142e-05  6.038451e-07  8.037919e-07 -5.915682e-06  1.879779e-07 -3.608357e-08 -1.693454e-10  2.360168e-11  6.537376e-11 -2.570222e-08  7.448299e-08
 6.577231e-05  5.540723e-08  2.368052e-10  7.103130e-11 -1.794567e-11  4.095095e-12  2.277116e-14  3.426475e-16 -4.497579e-15  3.061513e-12 -9.419950e-12
 6.577229e-05  5.540722e-08  2.368052e-10  7.103123e-11 -1.794555e-11  4.095328e-12  2.282132e-14  4.215411e-16 -4.588088e-15  3.061515e-12 -9.420205e-12
 6.577322e-05  5.540800e-08  2.368085e-10  7.103221e-11 -1.794597e-11  4.095418e-12  2.278672e-14  3.900159e-16 -4.554355e-15  3.061588e-12 -9.420494e-12
 6.577229e-05  5.540722e-08  2.368052e-10  7.103130e-11 -1.794563e-11  4.095363e-12  2.285502e-14  3.572234e-16 -4.514690e-15  3.061542e-12 -9.420299e-12
 6.577229e-05  5.540722e-08  2.368052e-10  7.103118e-11 -1.794567e-11  4.095268e-12  2.279824e-14  3.832971e-16 -4.557010e-15  3.061573e-12 -9.420181e-12
 6.577229e-05  5.540722e-08  2.368052e-10  7.103123e-11 -1.794555e-11  4.095362e-12  2.281015e-14  4.290375e-16 -4.546940e-15  3.061580e-12 -9.420232e-12
 6.577399e-05  5.540865e-08  2.368113e-10  7.103289e-11 -1.794617e-11  4.095458e-12  2.275347e-14  3.873089e-16 -4.599527e-15  3.061675e-12 -9.420523e-12
 6.577407e-05  5.540872e-08  2.368116e-10  7.103315e-11 -1.794599e-11  4.095285e-12  2.284002e-14  4.171025e-16 -4.601808e-15  3.061651e-12 -9.420479e-12
 6.577889e-05  5.541278e-08  2.368290e-10  7.103827e-11 -1.794755e-11  4.095642e-12  2.277574e-14  4.619071e-16 -4.631628e-15  3.061707e-12 -9.421018e-12
 6.577230e-05  5.540734e-08  2.369689e-10  6.982638e-11 -1.790728e-11  4.087940e-12  2.272804e-14  3.968683e-16 -4.552636e-15  3.056271e-12 -9.404940e-12
 6.577229e-05  5.540722e-08  2.368052e-10  7.103119e-11 -1.794558e-11  4.095300e-12  2.277804e-14  3.280113e-16 -4.511378e-15  3.061561e-12 -9.420160e-12
 6.577229e-05  5.540722e-08  2.368052e-10  7.103125e-11 -1.794559e-11  4.095362e-12  2.281949e-14  4.220704e-16 -4.582403e-15  3.061562e-12 -9.420188e-12
 9.670771e-01  1.046774e+00  1.074973e+00  1.174132e+00 -1.057874e+00  5.235987e-01  3.108366e-03  5.509935e-04 -1.078368e-03  6.504489e-01 -1.091324e+01
 9.670771e-01  1.046774e+00  1.074973e+00  1.174132e+00 -1.057874e+00  5.235987e-01  3.108366e-03  5.509935e-04 -1.078368e-03  6.504489e-01 -1.091324e+01
 6.577229e-05  5.540722e-08  2.368052e-10  7.103128e-11 -1.794559e-11  4.095322e-12  2.281420e-14  4.558968e-16 -4.552474e-15  3.061490e-12 -9.420078e-12
 8.226071e-05  6.929830e-08  2.961753e-10  8.884059e-11 -2.244537e-11  5.119864e-12  2.780577e-14  5.210651e-16 -5.614437e-15  3.829279e-12 -1.178281e-11
 6.577315e-05  5.540795e-08  2.368083e-10  7.103213e-11 -1.794584e-11  4.095358e-12  2.277635e-14  4.397165e-16 -4.622976e-15  3.061583e-12 -9.420288e-12
 9.670771e-01  1.046889e+00  1.104183e+00  1.299173e+00 -1.608785e+00  2.335037e+00  2.243920e+00  7.520233e+00  6.853494e+00 -2.623695e+00  1.897123e+00
 9.670771e-01  1.046889e+00  1.104183e+00  1.299173e+00 -1.608785e+00  2.335037e+00  2.243920e+00  7.520233e+00  6.853494e+00 -2.623695e+00  1.897123e+00
 6.577229e-05  5.540722e-08  2.368052e-10  7.103122e-11 -1.794559e-11  4.095230e-12  2.278798e-14  4.195634e-16 -4.473543e-15  3.061471e-12 -9.420059e-12
 2.076044e-04  1.725592e-07  7.467145e-10  2.239790e-10 -5.658457e-11  1.290928e-11  5.725482e-14 -1.609098e-15  1.554820e-16  9.660959e-12 -2.971276e-11
 6.607168e-05  5.565945e-08  2.378825e-10  7.135706e-11 -1.802747e-11  4.116897e-12  2.910434e-14  2.418878e-14 -4.762109e-15  3.077964e-12 -9.463896e-12
 6.577229e-05  5.540722e-08  2.368052e-10  7.103114e-11 -1.794577e-11  4.095362e-12  2.280912e-14  4.185977e-16 -4.576736e-15  3.061484e-12 -9.420236e-12
 6.590281e-05  5.551718e-08  2.372750e-10  7.117373e-11 -1.798122e-11  4.094582e-12  2.327116e-14 -3.934766e-16 -1.544986e-15  3.067056e-12 -9.444052e-12
 6.577247e-05  5.540737e-08  2.368058e-10  7.103144e-11 -1.794582e-11  4.095246e-12  2.281935e-14  3.695725e-16 -4.552006e-15  3.061550e-12 -9.420189e-12
 6.577229e-05  5.540722e-08  2.368052e-10  7.103114e-11 -1.794560e-11  4.095299e-12  2.282147e-14  3.413595e-16 -4.563917e-15  3.061539e-12 -9.420101e-12
 7.409989e-05  6.242303e-08  2.667701e-10  8.001246e-11 -2.020764e-11  4.589881e-12  2.675523e-15 -1.708343e-14  5.687293e-14  3.455583e-12 -1.061986e-11
 6.577655e-05  5.541081e-08  2.368205e-10  7.103576e-11 -1.794682e-11  4.095505e-12  2.276931e-14  3.930387e-16 -4.666523e-15  3.061687e-12 -9.420697e-12
 1.263889e-04  1.064778e-07  4.550519e-10  1.365020e-10 -3.448586e-11  7.868443e-12  3.967746e-14  1.002398e-15 -8.479142e-15  5.885157e-12 -1.810543e-11
 6.577229e-05  5.540722e-08  2.368052e-10  7.103120e-11 -1.794564e-11  4.095296e-12  2.279254e-14  3.877963e-16 -4.559373e-15  3.061516e-12 -9.420154e-12
 6.577229e-05  5.540722e-08  2.368052e-10  7.103120e-11 -1.794575e-11  4.095292e-12  2.280283e-14  4.211729e-16 -4.587635e-15  3.061511e-12 -9.420159e-12
 6.577229e-05  5.540722e-08  2.368052e-10  7.103114e-11 -1.794570e-11  4.095338e-12  2.280800e-14  3.887503e-16 -4.650997e-15  3.061545e-12 -9.420192e-12
 9.680758e-01 -1.151877e+01 -4.117581e-03 -1.231671e-03  3.109363e-04 -7.095907e-05 -3.462619e-07 -2.061611e-09  8.049162e-08 -5.307297e-05  1.632428e-04
 9.680758e-01 -1.151877e+01 -4.117581e-03 -1.231671e-03  3.109363e-04 -7.095907e-05 -3.462619e-07 -2.061636e-09  8.049173e-08 -5.307297e-05  1.632428e-04
 6.577230e-05  5.540723e-08  2.368052e-10  7.103122e-11 -1.794564e-11  4.095298e-12  2.282801e-14  4.390505e-16 -4.611173e-15  3.061484e-12 -9.420147e-12
 6.577229e-05  5.540722e-08  2.368052e-10  7.103120e-11 -1.794567e-11  4.095328e-12  2.281701e-14  4.078674e-16 -4.603944e-15  3.061507e-12 -9.420137e-12
 6.577229e-05  5.540722e-08  2.368052e-10  7.103122e-11 -1.794566e-11  4.095310e-12  2.275888e-14  3.815669e-16 -4.540635e-15  3.061527e-12 -9.420163e-12
 6.577229e-05  5.540722e-08  2.368052e-10  7.103124e-11 -1.794568e-11  4.095286e-12  2.280259e-14  4.395650e-16 -4.615850e-15  3.061515e-12 -9.420155e-12
 9.670798e-01  1.047144e+00  1.174065e+00  1.694835e+00  1.124901e+01 -3.731775e-01 -1.314991e-03 -3.499766e-04  6.188521e-04 -2.200581e-01  5.322879e-01
 9.670798e-01  1.047144e+00  1.174065e+00  1.694835e+00  1.124901e+01 -3.731775e-01 -1.314991e-03 -3.499766e-04  6.188521e-04 -2.200581e-01  5.322879e-01
 6.577229e-05  5.540722e-08  2.368052e-10  7.103117e-11 -1.794564e-11  4.095315e-12  2.281080e-14  3.969497e-16 -4.555548e-15  3.061507e-12 -9.420094e-12
 6.577229e-05  5.540722e-08  2.368052e-10  7.103117e-11 -1.794569e-11  4.095310e-12  2.283096e-14  4.400848e-16 -4.617495e-15  3.061495e-12 -9.420164e-12
 6.577229e-05  5.540722e-08  2.368052e-10  7.103122e-11 -1.794572e-11  4.095338e-12  2.284465e-14  3.862430e-16 -4.574454e-15  3.061495e-12 -9.420164e-12
 6.577229e-05  5.540722e-08  2.368052e-10  7.103118e-11 -1.794576e-11  4.095211e-12  2.281895e-14  4.118451e-16 -4.592439e-15  3.061525e-12 -9.420167e-12
 6.577229e-05  5.540722e-08  2.368052e-10  7.103117e-11 -1.794576e-11  4.095266e-12  2.281021e-14  4.022606e-16 -4.601320e-15  3.061523e-12 -9.420173e-12
 3.936546e-04 -3.901558e-03 -1.394462e-06 -4.171180e-07  1.053017e-07 -2.403101e-08 -1.172623e-10 -6.978506e-13  2.725932e-11 -1.797371e-08  5.528385e-08
 6.577229e-05  5.540722e-08  2.368052e-10  7.103118e-11 -1.794568e-11  4.095326e-12  2.280596e-14  4.132299e-16 -4.595631e-15  3.061523e-12 -9.420193e-12
 6.577229e-05  5.540722e-08  2.368052e-10  7.103118e-11 -1.794571e-11  4.095297e-12  2.281441e-14  4.052814e-16 -4.612463e-15  3.061522e-12 -9.420177e-12
 9.670837e-01  1.048101e+00  1.542846e+00 -1.135854e+01  3.609629e-01 -6.929049e-02 -3.252424e-04  4.532800e-05  1.255928e-04 -4.935566e-02  1.430299e-01
 9.670837e-01  1.048101e+00  1.542846e+00 -1.135854e+01  3.609629e-01 -6.929049e-02 -3.252424e-04  4.532800e-05  1.255928e-04 -4.935566e-02  1.430299e-01
 7.809505e-05  6.578889e-08  2.811790e-10  8.434244e-11 -2.130702e-11  4.855866e-12  1.196135e-14 -6.591953e-15  2.739360e-14  3.646727e-12 -1.120061e-11
 6.577229e-05  5.540722e-08  2.368052e-10  7.103122e-11 -1.794568e-11  4.095302e-12  2.282977e-14  4.502795e-16 -4.605559e-15  3.061518e-12 -9.420121e-12
 6.577229e-05  5.540722e-08  2.368052e-10  7.103122e-11 -1.794567e-11  4.095300e-12  2.278566e-14  3.716881e-16 -4.547867e-15  3.061508e-12 -9.420144e-12
 6.577229e-05  5.540722e-08  2.368052e-10  7.103121e-11 -1.794572e-11  4.095291e-12  2.284414e-14  4.332382e-16 -4.606190e-15  3.061515e-12 -9.420108e-12
 6.577229e-05  5.540722e-08  2.368052e-10  7.103117e-11 -1.794567e-11  4.095309e-12  2.280344e-14  3.905488e-16 -4.529606e-15  3.061519e-12 -9.420167e-12
 6.577229e-05  5.540722e-08  2.368052e-10  7.103121e-11 -1.794562e-11  4.095248e-12  2.278066e-14  3.792958e-16 -4.493751e-15  3.061539e-12 -9.420106e-12
 6.577229e-05  5.540722e-08  2.368052e-10  7.103121e-11 -1.794567e-11  4.095246e-12  2.277942e-14  3.729371e-16 -4.514597e-15  3.061532e-12 -9.420097e-12
 6.576061e-05  5.540800e-08  2.368113e-10  7.103224e-11 -1.794595e-11  4.095405e-12  2.280291e-14  4.032204e-16 -4.543284e-15  3.061581e-12 -9.420324e-12
 1.096202e-04  9.234967e-08  3.946653e-10  1.183991e-10 -2.991780e-11  6.840452e-12  7.931168e-14  2.283441e-14 -8.512602e-14  5.070562e-12 -1.569577e-11
 1.504083e-04  1.255749e-07  5.411959e-10  1.623430e-10 -4.102401e-11  9.376203e-12  7.606108e-14  1.406237e-14 -6.306503e-14  6.984755e-12 -2.152881e-11
 6.577242e-05  5.540733e-08  2.368057e-10  7.103138e-11 -1.794566e-11  4.095257e-12  2.281582e-14  4.142953e-16 -4.632566e-15  3.061527e-12 -9.420138e-12
 6.577229e-05  5.540722e-08  2.368052e-10  7.103116e-11 -1.794567e-11  4.095303e-12  2.285491e-14  3.564809e-16 -4.547792e-15  3.061477e-12 -9.420129e-12
 6.577229e-05  5.540722e-08  2.368052e-10  7.103120e-11 -1.794566e-11  4.095280e-12  2.282964e-14  3.892107e-16 -4.574233e-15  3.061520e-12 -9.420140e-12
 6.577229e-05  5.540722e-08  2.368052e-10  7.103120e-11 -1.794567e-11  4.095295e-12  2.282779e-14  4.212939e-16 -4.573278e-15  3.061543e-12 -9.420113e-12
 6.577275e-05  5.540761e-08  2.368069e-10  7.103169e-11 -1.794577e-11  4.095330e-12  2.277481e-14  3.769628e-16 -4.570256e-15  3.061535e-12 -9.420208e-12
 6.577549e-05  5.540991e-08  2.368167e-10  7.103464e-11 -1.794652e-11  4.095509e-12  2.281296e-14  4.475612e-16 -4.621741e-15  3.061659e-12 -9.420651e-12
 6.577229e-05  5.540722e-08  2.368052e-10  7.103120e-11 -1.794570e-11  4.095284e-12  2.283660e-14  4.235923e-16 -4.621058e-15  3.061543e-12 -9.420100e-12
 6.577229e-05  5.540722e-08  2.368052e-10  7.103116e-11 -1.794567e-11  4.095289e-12  2.279782e-14  4.274180e-16 -4.545852e-15  3.061555e-12 -9.420148e-12
 6.616156e-05  5.573517e-08  2.382059e-10  7.145651e-11 -1.804811e-11  4.139821e-12  2.982046e-14  8.859631e-16 -2.633759e-15  3.084806e-12 -9.477236e-12
 6.577229e-05  5.540722e-08  2.368052e-10  7.103116e-11 -1.794572e-11  4.095275e-12  2.279868e-14  3.979086e-16 -4.538527e-15  3.061524e-12 -9.420152e-12
 6.577229e-05  5.540722e-08  2.368052e-10  7.103121e-11 -1.794568e-11  4.095284e-12  2.279442e-14  3.763238e-16 -4.604803e-15  3.061490e-12 -9.420117e-12
 6.577229e-05  5.540722e-08  2.368052e-10  7.103118e-11 -1.794566e-11  4.095297e-12  2.280817e-14  4.295830e-16 -4.564867e-15  3.061556e-12 -9.420154e-12
 6.577232e-05  5.540724e-08  2.368053e-10  7.103124e-11 -1.794570e-11  4.095265e-12  2.277494e-14  3.867913e-16 -4.495592e-15  3.061531e-12 -9.420109e-12
 1.316780e-04  1.109332e-07  4.740360e-10  1.422122e-10 -3.593015e-11  8.197730e-12  4.195821e-14  5.202126e-16 -5.969824e-15  6.130659e-12 -1.886407e-11
 6.577229e-05  5.540722e-08  2.368052e-10  7.103120e-11 -1.794565e-11  4.095245e-12  2.279493e-14  3.631741e-16 -4.509586e-15  3.061546e-12 -9.420115e-12
 9.670772e-01  1.046889e+00  1.104217e+00  1.299280e+00 -1.609570e+00  2.341306e+00 -1.029860e+01 -3.251496e-01 -1.550966e+00 -2.617132e+00  1.894627e+00
 9.670772e-01  1.046889e+00  1.104217e+00  1.299280e+00 -1.609570e+00  2.341306e+00 -1.029860e+01 -3.251496e-01 -1.550966e+00 -2.617132e+00  1.894627e+00
 6.592063e-05  5.553219e-08  2.373335e-10  7.119318e-11 -1.798596e-11  4.092104e-12  1.908951e-14 -6.975212e-17  7.618802e-16  3.067651e-12 -9.449495e-12
 6.591915e-05  5.553094e-08  2.373339e-10  7.119184e-11 -1.798554e-11  4.091993e-12  2.027107e-14 -1.361542e-16  6.418368e-16  3.067480e-12 -9.449115e-12
 6.586911e-05  5.548879e-08  2.371537e-10  7.113730e-11 -1.797205e-11  4.092607e-12  2.107467e-14 -5.083781e-17 -8.338678e-16  3.065419e-12 -9.439476e-12
 6.707196e-05  5.650897e-08  1.673125e-10  6.988201e-11 -1.778063e-11  4.020518e-12  2.470627e-14  1.326719e-14  3.150649e-15  3.026671e-12 -9.351814e-12
 6.577229e-05  5.540722e-08  2.368052e-10  7.103122e-11 -1.794561e-11  4.095324e-12  2.279690e-14  4.166539e-16 -4.610402e-15  3.061524e-12 -9.420175e-12
 6.577229e-05  5.540722e-08  2.368052e-10  7.103118e-11 -1.794559e-11  4.095331e-12  2.278725e-14  4.105606e-16 -4.560409e-15  3.061528e-12 -9.420107e-12
 6.577229e-05  5.540722e-08  2.368052e-10  7.103122e-11 -1.794562e-11  4.095334e-12  2.279654e-14  4.038364e-16 -4.641196e-15  3.061511e-12 -9.420135e-12
 6.589133e-05  5.550750e-08  2.372339e-10  7.116020e-11 -1.797967e-11  4.095242e-12  3.113179e-14  1.711964e-15 -7.018194e-15  3.064900e-12 -9.438270e-12
 6.577229e-05  5.540722e-08  2.368053e-10  7.103125e-11 -1.794560e-11  4.095307e-12  2.280001e-14  4.294718e-16 -4.637352e-15  3.061502e-12 -9.420134e-12
 6.577229e-05  5.540722e-08  2.368052e-10  7.103118e-11 -1.794566e-11  4.095363e-12  2.284446e-14  3.852515e-16 -4.635489e-15  3.061479e-12 -9.420106e-12
 6.577229e-05  5.540722e-08  2.368052e-10  7.103119e-11 -1.794571e-11  4.095265e-12  2.278986e-14  3.769516e-16 -4.603474e-15  3.061533e-12 -9.420181e-12
 6.577348e-05  5.540822e-08  2.368084e-10  7.103243e-11 -1.794599e-11  4.095329e-12  2.283150e-14  3.852667e-16 -4.546284e-15  3.061566e-12 -9.420308e-12
 6.577229e-05  5.540722e-08  2.368052e-10  7.103118e-11 -1.794563e-11  4.095297e-12  2.281063e-14  4.039385e-16 -4.566603e-15  3.061531e-12 -9.420103e-12
 6.577229e-05  5.540722e-08  2.368052e-10  7.103116e-11 -1.794568e-11  4.095291e-12  2.279485e-14  4.183720e-16 -4.551164e-15  3.061538e-12 -9.420124e-12
 6.690131e-05  5.851145e-08 -2.323519e-08 -7.347145e-10  1.460218e-10 -3.186876e-11 -1.712161e-13  3.603765e-14  4.871069e-14 -2.345798e-11  7.086596e-11
 6.577229e-05  5.540722e-08  2.368052e-10  7.103117e-11 -1.794561e-11  4.095320e-12  2.277972e-14  4.233210e-16 -4.575758e-15  3.061529e-12 -9.420103e-12
 6.577229e-05  5.540722e-08  2.368052e-10  7.103116e-11 -1.794565e-11  4.095275e-12  2.279097e-14  3.910919e-16 -4.514975e-15  3.061551e-12 -9.420136e-12
 6.581072e-05  9.719905e-08 -4.553536e-07 -1.558939e-08  3.169755e-09 -6.952662e-10 -3.415004e-12  4.113296e-13  8.618216e-13 -5.128546e-10  1.552138e-09
 6.577301e-05  5.540782e-08  2.368078e-10  7.103197e-11 -1.794585e-11  4.095310e-12  2.280080e-14  3.706704e-16 -4.467109e-15  3.061576e-12 -9.420214e-12
 6.577229e-05  5.540722e-08  2.368052e-10  7.103117e-11 -1.794567e-11  4.095265e-12  2.278670e-14  3.822572e-16 -4.564813e-15  3.061500e-12 -9.420146e-12
 6.772300e-05  5.705065e-08  2.438359e-10  7.315041e-11 -1.847506e-11  4.256646e-12  1.640237e-14 -2.254305e-14  2.498859e-14  3.159160e-12 -9.685830e-12
 6.577229e-05  5.540722e-08  2.368052e-10  7.103118e-11 -1.794565e-11  4.095335e-12  2.283365e-14  3.796331e-16 -4.604326e-15  3.061532e-12 -9.420154e-12
 6.577229e-05  5.540722e-08  2.368052e-10  7.103119e-11 -1.794557e-11  4.095297e-12  2.277250e-14  3.961527e-16 -4.510770e-15  3.061565e-12 -9.420183e-12
 6.577241e-05  5.553497e-08  3.800420e-10  2.778023e-10  1.354443e-09 -4.143265e-11 -1.376382e-13 -4.230488e-14  7.095481e-14 -2.378569e-11  5.551934e-11
 7.267681e-05  6.120978e-08  2.616661e-10  7.849113e-11 -1.982919e-11  4.527954e-12  2.614281e-14  2.786743e-15 -4.198823e-15  3.384215e-12 -1.041323e-11
 6.577526e-05  5.540970e-08  2.368159e-10  7.103441e-11 -1.794643e-11  4.095455e-12  2.279883e-14  4.059561e-16 -4.543579e-15  3.061666e-12 -9.420564e-12
 6.577236e-05  5.540728e-08  2.368054e-10  7.103128e-11 -1.794572e-11  4.095288e-12  2.278098e-14  3.664680e-16 -4.501346e-15  3.061517e-12 -9.420168e-12
 6.580581e-05  5.543546e-08  2.369259e-10  7.106761e-11 -1.795485e-11  4.096718e-12  2.244247e-14  5.695737e-16 -5.125942e-15  3.062959e-12 -9.425127e-12
 6.577229e-05  5.540722e-08  2.368052e-10  7.103116e-11 -1.794564e-11  4.095382e-12  2.281270e-14  3.889466e-16 -4.604257e-15  3.061536e-12 -9.420199e-12
 6.577229e-05  5.540722e-08  2.368052e-10  7.103120e-11 -1.794560e-11  4.095295e-12  2.285095e-14  4.167137e-16 -4.641675e-15  3.061499e-12 -9.420057e-12
 6.577229e-05  5.540722e-08  2.368052e-10  7.103118e-11 -1.794564e-11  4.095320e-12  2.281143e-14  4.081502e-16 -4.580728e-15  3.061499e-12 -9.420139e-12
 6.577238e-05  5.540729e-08  2.368055e-10  7.103138e-11 -1.794569e-11  4.095279e-12  2.282181e-14  4.123904e-16 -4.574196e-15  3.061492e-12 -9.420121e-12
 6.577229e-05  5.540722e-08  2.368052e-10  7.103117e-11 -1.794563e-11  4.095362e-12  2.278652e-14  4.055499e-16 -4.560853e-15  3.061539e-12 -9.420157e-12
 6.577229e-05  5.540722e-08  2.368052e-10  7.103115e-11 -1.794563e-11  4.095340e-12  2.282141e-14  3.797329e-16 -4.615455e-15  3.061505e-12 -9.420108e-12
 7.485108e-05  6.305582e-08  2.695125e-10  8.082867e-11 -2.042084e-11  4.654934e-12  2.051036e-14  1.234357e-14 -2.801906e-14  3.487955e-12 -1.071764e-11
 6.610464e-05  5.568728e-08  2.380990e-10  7.067418e-11 -1.801028e-11  4.120958e-12  3.286789e-14  6.169684e-15 -1.291526e-15  3.074961e-12 -9.466496e-12
 6.577229e-05  5.540722e-08  2.368052e-10  7.103124e-11 -1.794565e-11  4.095223e-12  2.281297e-14  3.762802e-16 -4.561760e-15  3.061476e-12 -9.420088e-12
 6.658953e-05  5.616962e-08 -5.659487e-10  4.421584e-11 -1.253780e-11  2.915561e-12 -3.544096e-16  1.031039e-14  1.122427e-15  2.180964e-12 -6.762520e-12
 6.580151e-05  5.543183e-08  2.369104e-10  7.106281e-11 -1.795367e-11  4.097084e-12  2.287013e-14  4.121081e-16 -4.679277e-15  3.062830e-12 -9.424238e-12
 6.577229e-05  5.540722e-08  2.368052e-10  7.103120e-11 -1.794562e-11  4.095336e-12  2.282627e-14  4.256964e-16 -4.550380e-15  3.061538e-12 -9.420189e-12
 7.795192e-05  6.566826e-08  2.806536e-10  8.418860e-11 -2.126982e-11  4.866408e-12  5.180120e-14  1.234634e-14 -2.695815e-14  3.618419e-12 -1.115072e-11
 6.577229e-05  5.540722e-08  2.368052e-10  7.103123e-11 -1.794560e-11  4.095360e-12  2.285535e-14  3.914991e-16 -4.632611e-15  3.061504e-12 -9.420156e-12
 6.577229e-05  5.540722e-08  2.368052e-10  7.103123e-11 -1.794557e-11  4.095265e-12  2.280842e-14  3.358930e-16 -4.541862e-15  3.061504e-12 -9.420117e-12
 6.805170e-05  5.732634e-08  2.450011e-10  7.349582e-11 -1.856198e-11  4.268586e-12  1.123297e-14 -2.392759e-14  3.178236e-14  3.189428e-12 -9.747785e-12
 6.628646e-05  5.584039e-08  2.386562e-10  7.158824e-11 -1.808410e-11  4.110245e-12  1.323085e-14 -3.111852e-15 -1.766056e-16  3.085081e-12 -9.514379e-12
 6.577229e-05  5.540722e-08  2.368051e-10  7.103117e-11 -1.794571e-11  4.095293e-12  2.282966e-14  3.918171e-16 -4.606860e-15  3.061515e-12 -9.420145e-12
 6.577229e-05  5.540722e-08  2.368052e-10  7.103121e-11 -1.794569e-11  4.095330e-12  2.282876e-14  4.092928e-16 -4.602579e-15  3.061499e-12 -9.420199e-12
 6.577229e-05  5.540722e-08  2.368052e-10  7.103118e-11 -1.794564e-11  4.095296e-12  2.280080e-14  3.727219e-16 -4.550169e-15  3.061545e-12 -9.420127e-12
 6.577322e-05  5.540800e-08  2.368086e-10  7.103225e-11 -1.794577e-11  4.095399e-12  2.275903e-14  4.034486e-16 -4.534946e-15  3.061611e-12 -9.420327e-12
 6.577229e-05  5.540722e-08  2.368052e-10  7.103117e-11 -1.794569e-11  4.095278e-12  2.279508e-14  4.441542e-16 -4.633743e-15  3.061488e-12 -9.420085e-12
 6.577229e-05  5.540722e-08  2.368052e-10  7.103116e-11 -1.794566e-11  4.095286e-12  2.277654e-14  3.885369e-16 -4.593990e-15  3.061502e-12 -9.420160e-12
 6.577229e-05  5.540722e-08  2.368052e-10  7.103119e-11 -1.794562e-11  4.095350e-12  2.284616e-14  3.461013e-16 -4.653941e-15  3.061501e-12 -9.420111e-12
 6.577229e-05  5.540722e-08  2.368052e-10  7.103118e-11 -1.794572e-11  4.095301e-12  2.277818e-14  4.539230e-16 -4.603047e-15  3.061576e-12 -9.420216e-12
 6.762837e-05  5.697369e-08  2.474841e-10  4.303352e-11 -1.750283e-11  3.991658e-12  9.567237e-15 -8.052858e-15  3.252645e-14  3.012603e-12 -9.336372e-12
 6.577229e-05  5.540722e-08  2.368052e-10  7.103119e-11 -1.794565e-11  4.095320e-12  2.278409e-14  4.079748e-16 -4.605178e-15  3.061504e-12 -9.420138e-12
 6.577229e-05  5.540722e-08  2.368052e-10  7.103116e-11 -1.794563e-11  4.095300e-12  2.279498e-14  4.124956e-16 -4.579518e-15  3.061489e-12 -9.420174e-12
 6.577229e-05  5.540722e-08  2.368052e-10  7.103114e-11 -1.794566e-11  4.095316e-12  2.281784e-14  4.008039e-16 -4.582614e-15  3.061495e-12 -9.420132e-12
 6.577229e-05  5.540722e-08  2.368052e-10  7.103115e-11 -1.794564e-11  4.095338e-12  2.280325e-14  4.219662e-16 -4.616279e-15  3.061501e-12 -9.420165e-12
 6.917965e-05  5.827782e-08  2.490908e-10  7.467867e-11 -1.886082e-11  4.275371e-12  5.591724e-15  1.424919e-14  2.723174e-14  3.230785e-12 -9.920067e-12
 6.577229e-05  5.540722e-08  2.368052e-10  7.103113e-11 -1.794558e-11  4.095337e-12  2.279881e-14  4.395250e-16 -4.583398e-15  3.061539e-12 -9.420175e-12
 6.577229e-05  5.540722e-08  2.368052e-10  7.103119e-11 -1.794556e-11  4.095315e-12  2.280261e-14  4.075737e-16 -4.503903e-15  3.061493e-12 -9.420053e-12
 6.577341e-05  5.540816e-08  2.368092e-10  7.103243e-11 -1.794578e-11  4.095410e-12  2.277352e-14  3.870099e-16 -4.547985e-15  3.061561e-12 -9.420229e-12
 6.577235e-05  5.540727e-08  2.368054e-10  7.103129e-11 -1.794564e-11  4.095279e-12  2.280098e-14  3.932857e-16 -4.536958e-15  3.061467e-12 -9.420011e-12
 6.577229e-05  5.540722e-08  2.368052e-10  7.103120e-11 -1.794565e-11  4.095326e-12  2.281136e-14  3.775164e-16 -4.563126e-15  3.061535e-12 -9.420160e-12
 6.577229e-05  5.540722e-08  2.368052e-10  7.103120e-11 -1.794559e-11  4.095337e-12  2.280230e-14  3.988065e-16 -4.563494e-15  3.061506e-12 -9.420147e-12
 6.577229e-05  5.540722e-08  2.368052e-10  7.103115e-11 -1.794568e-11  4.095341e-12  2.279962e-14  4.311009e-16 -4.635913e-15  3.061515e-12 -9.420132e-12
 6.577229e-05  5.540722e-08  2.368052e-10  7.103118e-11 -1.794564e-11  4.095348e-12  2.280502e-14  4.000555e-16 -4.630554e-15  3.061527e-12 -9.420147e-12
 6.577229e-05  5.540722e-08  2.368052e-10  7.103114e-11 -1.794566e-11  4.095309e-12  2.278509e-14  4.310832e-16 -4.606323e-15  3.061511e-12 -9.420147e-12
 6.577229e-05  5.540722e-08  2.368052e-10  7.103121e-11 -1.794566e-11  4.095262e-12  2.282797e-14  4.156486e-16 -4.594027e-15  3.061549e-12 -9.420162e-12
 1.167535e-04  9.835946e-08  4.203791e-10  1.260948e-10 -3.185858e-11  7.268742e-12  3.769826e-14  5.709093e-16 -7.756922e-15  5.435731e-12 -1.672669e-11
 6.692964e-05  5.638227e-08  2.409707e-10  7.227758e-11 -1.824268e-11  4.215600e-12  7.086711e-15  1.051183e-14  6.372561e-15  3.141995e-12 -9.572626e-12
 6.889032e-05  5.803412e-08  2.480508e-10  7.441424e-11 -1.881121e-11  4.266874e-12  5.949467e-14  1.208655e-14 -1.945874e-14  3.202095e-12 -9.880956e-12
 6.577457e-05  5.540914e-08  2.368134e-10  7.103361e-11 -1.794632e-11  4.095450e-12  2.273590e-14  4.088554e-16 -4.467395e-15  3.061613e-12 -9.420481e-12
 6.583720e-05  5.546191e-08  2.370392e-10  7.110153e-11 -1.796331e-11  4.100336e-12  2.290205e-14  6.465127e-16 -4.088682e-15  3.064784e-12 -9.428386e-12
 6.618710e-05  5.575669e-08  2.382981e-10  7.148260e-11 -1.805661e-11  4.147819e-12  2.349209e-15  4.255876e-15 -1.137488e-14  3.092196e-12 -9.467026e-12
 6.577229e-05  5.540722e-08  2.368052e-10  7.103112e-11 -1.794564e-11  4.095337e-12  2.277717e-14  4.239561e-16 -4.621490e-15  3.061512e-12 -9.420203e-12
 6.610128e-05  5.568438e-08  2.379893e-10  7.138853e-11 -1.803503e-11  4.126489e-12  4.156916e-14  2.618456e-15 -9.045123e-15  3.078155e-12 -9.467529e-12
 6.648804e-05  5.601022e-08  2.393799e-10  7.180499e-11 -1.815748e-11  4.081754e-12  2.201356e-14  1.284092e-14 -1.392590e-14  3.084690e-12 -9.517725e-12
 6.577229e-05  5.540722e-08  2.368052e-10  7.103125e-11 -1.794564e-11  4.095322e-12  2.284445e-14  3.716433e-16 -4.594835e-15  3.061457e-12 -9.420055e-12
 6.577229e-05  5.540722e-08  2.368052e-10  7.103112e-11 -1.794564e-11  4.095333e-12  2.277655e-14  4.284806e-16 -4.614420e-15  3.061484e-12 -9.420140e-12
 6.577229e-05  5.540722e-08  2.368052e-10  7.103112e-11 -1.794566e-11  4.095317e-12  2.281696e-14  4.090321e-16 -4.566645e-15  3.061492e-12 -9.420080e-12
 6.578089e-05  5.541446e-08  2.368362e-10  7.104054e-11 -1.794800e-11  4.095756e-12  2.268699e-14  3.894036e-16 -4.676846e-15  3.061919e-12 -9.421453e-12
 6.578205e-05  5.541544e-08  2.368403e-10  7.104195e-11 -1.794816e-11  4.095876e-12  2.267269e-14  4.220128e-16 -4.649832e-15  3.061944e-12 -9.421979e-12
 6.577229e-05  5.540722e-08  2.368052e-10  7.103117e-11 -1.794565e-11  4.095296e-12  2.282722e-14  3.722711e-16 -4.572978e-15  3.061511e-12 -9.420153e-12
 6.577549e-05  5.540991e-08  2.368168e-10  7.103465e-11 -1.794651e-11  4.095489e-12  2.281455e-14  3.810260e-16 -4.629626e-15  3.061669e-12 -9.420593e-12
 6.577391e-05  5.540858e-08  2.368110e-10  7.103298e-11 -1.794603e-11  4.095349e-12  2.278272e-14  4.075099e-16 -4.550758e-15  3.061596e-12 -9.420328e-12
 6.577506e-05  5.540955e-08  2.368152e-10  7.103418e-11 -1.794635e-11  4.095422e-12  2.280577e-14  3.287882e-16 -4.513712e-15  3.061697e-12 -9.420608e-12
 6.577229e-05  5.540722e-08  2.368052e-10  7.103125e-11 -1.794564e-11  4.095242e-12  2.283820e-14  3.980471e-16 -4.626392e-15  3.061479e-12 -9.420077e-12
 6.589132e-05  5.550750e-08  2.372338e-10  7.116120e-11 -1.797783e-11  4.094098e-12  2.342917e-14 -2.196913e-16 -2.235136e-15  3.066468e-12 -9.442206e-12
 6.577229e-05  5.540722e-08  2.368052e-10  7.103117e-11 -1.794568e-11  4.095274e-12  2.277561e-14  3.572825e-16 -4.525807e-15  3.061516e-12 -9.420126e-12
 6.577229e-05  5.540722e-08  2.368052e-10  7.103114e-11 -1.794566e-11  4.095321e-12  2.280565e-14  4.100536e-16 -4.624747e-15  3.061501e-12 -9.420157e-12
 6.577279e-05  5.540764e-08  2.368070e-10  7.103177e-11 -1.794575e-11  4.095294e-12  2.273338e-14  4.192764e-16 -4.517000e-15  3.061546e-12 -9.420209e-12
 6.880531e-05  5.796912e-08  1.747872e-10  7.182065e-11 -1.826409e-11  4.158065e-12  1.973919e-14  3.298396e-14 -2.840334e-14  3.114880e-12 -9.591981e-12
 6.656107e-05  5.607175e-08  2.396483e-10  7.187873e-11 -1.815408e-11  4.161410e-12 -1.232317e-14  5.857782e-15  2.021064e-15  3.106769e-12 -9.531423e-12
 6.591019e-05  5.552340e-08  2.373017e-10  7.118168e-11 -1.798313e-11  4.095746e-12  2.343807e-14 -2.926836e-16 -2.193802e-15  3.067298e-12 -9.444795e-12
 6.594632e-05  5.555383e-08  2.374317e-10  7.122060e-11 -1.799289e-11  4.095801e-12  2.177115e-14 -3.289007e-16  1.060209e-16  3.068985e-12 -9.451623e-12
 6.577247e-05  5.540737e-08  2.368059e-10  7.103138e-11 -1.794579e-11  4.095235e-12  2.276773e-14  4.032004e-16 -4.558566e-15  3.061539e-12 -9.420095e-12
 6.577229e-05  5.540722e-08  2.368052e-10  7.103117e-11 -1.794562e-11  4.095270e-12  2.279222e-14  4.058877e-16 -4.587494e-15  3.061504e-12 -9.420102e-12
 6.824185e-05  5.748776e-08  2.457149e-10  7.370020e-11 -1.862978e-11  4.231877e-12  1.474597e-14  1.234964e-14  5.669689e-15  3.163659e-12 -9.724614e-12
 6.606651e-05  5.565509e-08  2.378641e-10  7.135329e-11 -1.802306e-11  4.111609e-12  1.874771e-14  1.054240e-15 -7.430104e-15  3.074597e-12 -9.476265e-12
 6.577244e-05  5.540735e-08  2.368058e-10  7.103140e-11 -1.794585e-11  4.095229e-12  2.281346e-14  4.366962e-16 -4.651053e-15  3.061495e-12 -9.420099e-12
 6.577229e-05  5.540722e-08  2.368052e-10  7.103117e-11 -1.794572e-11  4.095226e-12  2.278740e-14  4.435894e-16 -4.534073e-15  3.061525e-12 -9.420146e-12
 6.577229e-05  5.540722e-08  2.368052e-10  7.103116e-11 -1.794567e-11  4.095282e-12  2.277064e-14  4.135786e-16 -4.515910e-15  3.061566e-12 -9.420196e-12
 7.330475e-05  6.175343e-08  2.637051e-10  7.915715e-11 -2.001327e-11  4.591469e-12  5.931288e-14  1.722478e-14 -8.948152e-14  3.409492e-12 -1.046505e-11
 6.577229e-05  5.540722e-08  2.368052e-10  7.103124e-11 -1.794564e-11  4.095289e-12  2.280683e-14  3.758190e-16 -4.615340e-15  3.061511e-12 -9.420120e-12
 6.577229e-05  5.540722e-08  2.368052e-10  7.103122e-11 -1.794576e-11  4.095270e-12  2.281209e-14  3.986621e-16 -4.583038e-15  3.061522e-12 -9.420120e-12
 6.577229e-05  5.540722e-08  2.368052e-10  7.103115e-11 -1.794558e-11  4.095376e-12  2.280657e-14  3.997388e-16 -4.624572e-15  3.061503e-12 -9.420119e-12
 6.945730e-05  5.851207e-08  2.463357e-10  7.488696e-11 -1.893408e-11  4.362394e-12  3.505009e-14  2.192725e-14 -3.460821e-14  3.231978e-12 -9.942766e-12
 6.577262e-05  5.540750e-08  2.368064e-10  7.103152e-11 -1.794569e-11  4.095305e-12  2.278113e-14  4.255052e-16 -4.573621e-15  3.061518e-12 -9.420103e-12
 6.703852e-05  5.647399e-08  2.413555e-10  7.239242e-11 -1.828812e-11  4.124473e-12  7.573963e-15 -6.748026e-16  4.714461e-15  3.103612e-12 -9.586718e-12
 6.577229e-05  5.540722e-08  2.368052e-10  7.103118e-11 -1.794565e-11  4.095285e-12  2.281810e-14  3.969104e-16 -4.628127e-15  3.061463e-12 -9.420051e-12
 7.900064e-05  6.655168e-08  2.844438e-10  8.532549e-11 -2.155901e-11  4.924965e-12  3.343609e-14  5.640217e-15 -2.298401e-14  3.674477e-12 -1.131472e-11
 6.577229e-05  5.540722e-08  2.368052e-10  7.103120e-11 -1.794553e-11  4.095360e-12  2.279499e-14  4.105139e-16 -4.580318e-15  3.061533e-12 -9.420151e-12
 6.577229e-05  5.540722e-08  2.368052e-10  7.103123e-11 -1.794569e-11  4.095255e-12  2.282260e-14  3.928139e-16 -4.557261e-15  3.061483e-12 -9.420054e-12
 6.577229e-05  5.540722e-08  2.368052e-10  7.103118e-11 -1.794555e-11  4.095319e-12  2.279224e-14  4.042044e-16 -4.578213e-15  3.061535e-12 -9.420136e-12
 6.577262e-05  5.540750e-08  2.368064e-10  7.103161e-11 -1.794577e-11  4.095283e-12  2.280874e-14  4.360337e-16 -4.579123e-15  3.061506e-12 -9.420153e-12
 6.775165e-05  5.707478e-08  2.439054e-10  7.316149e-11 -1.847971e-11  4.223419e-12  1.095600e-14 -5.039768e-15  1.750814e-14  3.158264e-12 -9.695632e-12
 6.577229e-05  5.540722e-08  2.368052e-10  7.103118e-11 -1.794564e-11  4.095351e-12  2.280865e-14  3.983153e-16 -4.567682e-15  3.061533e-12 -9.420158e-12
 6.577358e-05  5.540891e-08  2.368126e-10  7.103339e-11 -1.794620e-11  4.095411e-12  2.277821e-14  4.265783e-16 -4.596483e-15  3.061638e-12 -9.420511e-12
 6.672976e-05  5.621520e-08  2.257452e-10  7.156349e-11 -1.810649e-11  4.088979e-12  9.034871e-15  1.028274e-14 -2.723483e-15  3.096155e-12 -9.522506e-12
 6.577229e-05  5.540722e-08  2.368052e-10  7.103118e-11 -1.794558e-11  4.095386e-12  2.281577e-14  4.059129e-16 -4.622305e-15  3.061506e-12 -9.420143e-12
 6.577560e-05  5.541000e-08  2.368171e-10  7.103477e-11 -1.794660e-11  4.095434e-12  2.273190e-14  3.712174e-16 -4.502436e-15  3.061665e-12 -9.420609e-12
 6.726616e-05  5.666579e-08  2.422077e-10  7.265698e-11 -1.836613e-11  4.170526e-12  2.379324e-14 -2.345139e-14  7.266131e-15  3.121516e-12 -9.614722e-12
 6.577258e-05  5.540747e-08  2.368063e-10  7.103153e-11 -1.794573e-11  4.095334e-12  2.287005e-14  4.498927e-16 -4.677559e-15  3.061466e-12 -9.420083e-12
 6.578515e-05  5.541805e-08  2.368515e-10  7.104510e-11 -1.794912e-11  4.096004e-12  2.262064e-14  4.236856e-16 -4.619220e-15  3.062099e-12 -9.422014e-12
 6.577229e-05  5.540722e-08  2.368052e-10  7.103118e-11 -1.794567e-11  4.095219e-12  2.275207e-14  4.009901e-16 -4.545491e-15  3.061515e-12 -9.420070e-12
 6.577229e-05  5.540722e-08  2.368052e-10  7.103123e-11 -1.794566e-11  4.095262e-12  2.282448e-14  4.133612e-16 -4.695764e-15  3.061494e-12 -9.420124e-12
 6.592325e-05  5.553463e-08  2.347767e-10  7.110773e-11 -1.796883e-11  4.088349e-12  1.908190e-14 -1.233893e-17  5.168410e-16  3.064947e-12 -9.440992e-12
 6.577229e-05  5.540722e-08  2.368052e-10  7.103119e-11 -1.794564e-11  4.095242e-12  2.279969e-14  4.460725e-16 -4.587466e-15  3.061502e-12 -9.420158e-12
 6.577650e-05  5.541077e-08  2.368204e-10  7.103577e-11 -1.794676e-11  4.095572e-12  2.275724e-14  3.698867e-16 -4.557294e-15  3.061705e-12 -9.420799e-12
 6.577229e-05  5.540722e-08  2.368052e-10  7.103116e-11 -1.794563e-11  4.095300e-12  2.278214e-14  3.928244e-16 -4.490053e-15  3.061538e-12 -9.420147e-12
 6.577229e-05  5.540722e-08  2.368052e-10  7.103116e-11 -1.794559e-11  4.095338e-12  2.276881e-14  4.101086e-16 -4.548729e-15  3.061524e-12 -9.420149e-12
 6.577229e-05  5.540722e-08  2.368052e-10  7.103114e-11 -1.794561e-11  4.095332e-12  2.280586e-14  3.879122e-16 -4.608137e-15  3.061533e-12 -9.420197e-12
 6.577250e-05  5.540739e-08  2.368060e-10  7.103141e-11 -1.794576e-11  4.095226e-12  2.281692e-14  3.787956e-16 -4.589640e-15  3.061523e-12 -9.420074e-12
 6.577257e-05  5.540745e-08  2.368062e-10  7.103147e-11 -1.794580e-11  4.095217e-12  2.274176e-14  3.232307e-16 -4.423930e-15  3.061539e-12 -9.420136e-12
 6.577229e-05  5.540722e-08  2.368052e-10  7.103118e-11 -1.794561e-11  4.095337e-12  2.277277e-14  3.821847e-16 -4.592382e-15  3.061523e-12 -9.420156e-12
 6.763057e-05  5.697278e-08  2.434975e-10  7.303948e-11 -1.845170e-11  4.200916e-12  9.609276e-15 -2.002327e-15  6.498975e-15  3.149093e-12 -9.702134e-12
 6.577244e-05  5.540715e-08  2.368056e-10  7.103134e-11 -1.794567e-11  4.095285e-12  2.278587e-14  4.175229e-16 -4.545694e-15  3.061523e-12 -9.420140e-12
 6.577375e-05  5.540845e-08  2.368105e-10  7.103284e-11 -1.794603e-11  4.095459e-12  2.279963e-14  3.994678e-16 -4.621343e-15  3.061580e-12 -9.420412e-12
 6.577229e-05  5.540722e-08  2.368052e-10  7.103118e-11 -1.794556e-11  4.095381e-12  2.277889e-14  3.799383e-16 -4.535964e-15  3.061560e-12 -9.420253e-12
 6.577229e-05  5.540722e-08  2.368052e-10  7.103119e-11 -1.794564e-11  4.095239e-12  2.276960e-14  4.015705e-16 -4.551622e-15  3.061542e-12 -9.420158e-12
 6.577229e-05  5.540722e-08  2.368052e-10  7.103114e-11 -1.794565e-11  4.095297e-12  2.279180e-14  4.046789e-16 -4.548416e-15  3.061542e-12 -9.420174e-12
 6.577229e-05  5.540722e-08  2.368052e-10  7.103115e-11 -1.794566e-11  4.095295e-12  2.279228e-14  3.785842e-16 -4.583728e-15  3.061517e-12 -9.420193e-12
 6.608659e-05  5.567200e-08  2.379363e-10  7.137442e-11 -1.802875e-11  4.116067e-12  2.196470e-14 -2.351932e-15 -1.257528e-14  3.076712e-12 -9.475460e-12
 6.577229e-05  5.540722e-08  2.368052e-10  7.103117e-11 -1.794566e-11  4.095300e-12  2.277805e-14  3.991036e-16 -4.483954e-15  3.061549e-12 -9.420222e-12
 6.612996e-05  5.570854e-08  2.380929e-10  7.141852e-11 -1.803991e-11  4.126368e-12  3.250971e-14  5.622555e-15 -1.796531e-15  3.079966e-12 -9.478628e-12
 6.577661e-05  5.541086e-08  2.368206e-10  7.103584e-11 -1.794684e-11  4.095227e-12  2.267548e-14  4.005463e-16 -4.330045e-15  3.061767e-12 -9.421039e-12
 6.577229e-05  5.540722e-08  2.368052e-10  7.103122e-11 -1.794568e-11  4.095240e-12  2.279010e-14  3.818889e-16 -4.631667e-15  3.061502e-12 -9.420081e-12
 6.586610e-05  5.548626e-08  2.370652e-10  7.112984e-11 -1.797040e-11  4.101295e-12  2.211361e-14  1.012609e-15 -5.010342e-15  3.067132e-12 -9.433207e-12
 6.589856e-05  5.551360e-08  2.372597e-10  7.116722e-11 -1.797806e-11  4.108338e-12  2.122262e-14  1.358466e-15 -3.518529e-15  3.070160e-12 -9.436667e-12
 6.577229e-05  5.540722e-08  2.368052e-10  7.103124e-11 -1.794557e-11  4.095307e-12  2.280654e-14  3.631274e-16 -4.593412e-15  3.061471e-12 -9.420088e-12
 6.577230e-05  5.540723e-08  2.368053e-10  7.103116e-11 -1.794572e-11  4.095195e-12  2.277109e-14  3.759731e-16 -4.479919e-15  3.061501e-12 -9.420108e-12
 6.626283e-05  5.582128e-08  2.319479e-10  6.957140e-11 -1.797858e-11  4.116712e-12  2.245297e-14 -2.357541e-15 -3.416680e-15  3.066824e-12 -9.429948e-12
 6.577229e-05  5.540722e-08  2.368052e-10  7.103117e-11 -1.794572e-11  4.095331e-12  2.280109e-14  4.136070e-16 -4.606336e-15  3.061515e-12 -9.420158e-12
 6.693962e-05  5.639067e-08  2.410032e-10  7.228716e-11 -1.825204e-11  4.183512e-12  1.986119e-14  1.004892e-14  3.651297e-15  3.118460e-12 -9.575424e-12
 6.577600e-05  5.534478e-08  2.367951e-10  7.102812e-11 -1.794497e-11  4.095119e-12  2.305257e-14  4.334466e-16 -4.606928e-15  3.061385e-12 -9.419670e-12
 7.192765e-05  6.059295e-08  2.589197e-10  7.765436e-11 -1.961469e-11  4.480636e-12 -4.287772e-15  6.598456e-15  4.875498e-14  3.373119e-12 -1.032365e-11
 6.596504e-05  6.512937e-08 -1.040583e-07 -3.513823e-09  7.117479e-10 -1.560006e-10 -7.645478e-13  9.564261e-14  1.938009e-13 -1.150355e-10  3.480288e-10
 6.577229e-05  5.540722e-08  2.368052e-10  7.103127e-11 -1.794505e-11  4.095207e-12  2.277743e-14  3.951038e-16 -4.536175e-15  3.061491e-12 -9.420046e-12
 6.581774e-05  5.544551e-08  2.369588e-10  7.108003e-11 -1.795796e-11  4.097224e-12  2.255240e-14  6.542166e-16 -5.471622e-15  3.063359e-12 -9.426880e-12
 6.577229e-05  5.540722e-08  2.368052e-10  7.103108e-11 -1.794564e-11  4.095335e-12  2.279431e-14  3.976375e-16 -4.611110e-15  3.061529e-12 -9.420175e-12
 6.577229e-05  5.540722e-08  2.368052e-10  7.103114e-11 -1.794561e-11  4.095360e-12  2.282300e-14  3.814116e-16 -4.554320e-15  3.061548e-12 -9.420188e-12
 6.794208e-05  5.723521e-08  2.446405e-10  7.339314e-11 -1.854246e-11  4.252258e-12 -2.000646e-15  7.146303e-15 -1.140006e-14  3.172228e-12 -9.741807e-12
 6.577229e-05  5.540722e-08  2.368052e-10  7.103111e-11 -1.794561e-11  4.095306e-12  2.277162e-14  3.860437e-16 -4.467976e-15  3.061558e-12 -9.420198e-12
 6.577229e-05  5.540722e-08  2.368052e-10  7.103115e-11 -1.794563e-11  4.095264e-12  2.280094e-14  4.144956e-16 -4.626813e-15  3.061499e-12 -9.420128e-12
 6.577338e-05  5.540814e-08  2.368091e-10  7.103240e-11 -1.794589e-11  4.095345e-12  2.280598e-14  4.253888e-16 -4.573799e-15  3.061575e-12 -9.420375e-12
 6.577229e-05  5.540722e-08  2.368052e-10  7.103114e-11 -1.794563e-11  4.095334e-12  2.279988e-14  3.748190e-16 -4.577375e-15  3.061516e-12 -9.420140e-12
 6.594098e-05  5.554933e-08  2.374125e-10  7.121542e-11 -1.799158e-11  4.093285e-12  2.004964e-14 -1.189415e-16  1.284331e-15  3.068499e-12 -9.452398e-12
 6.580102e-05  5.543142e-08  2.369085e-10  7.106217e-11 -1.795346e-11  4.097210e-12  2.269560e-14  5.031762e-16 -4.636197e-15  3.063380e-12 -9.424095e-12
 6.617728e-05  5.574841e-08  2.382627e-10  7.147283e-11 -1.805333e-11  4.145219e-12  2.825688e-14  1.047572e-15 -2.084746e-16  3.088790e-12 -9.470763e-12
 6.658408e-05  7.598167e-08 -2.091667e-07 -1.381101e-08  1.664796e-09 -3.592838e-10 -1.749902e-12  2.175135e-13  4.903982e-13 -2.639650e-10  7.950860e-10
 6.577976e-05  5.541351e-08  2.368321e-10  7.103930e-11 -1.794776e-11  4.095604e-12  2.270963e-14  3.960838e-16 -4.621566e-15  3.061793e-12 -9.421079e-12
 6.577425e-05  5.540887e-08  2.368122e-10  7.103330e-11 -1.794626e-11  4.095327e-12  2.279225e-14  4.120723e-16 -4.520876e-15  3.061576e-12 -9.420277e-12
 6.588492e-05  3.661471e-08  2.304493e-10  6.913025e-11 -1.746449e-11  3.971612e-12  1.023166e-14 -6.443982e-16  1.510848e-14  2.988379e-12 -9.183465e-12
 6.577229e-05  5.540722e-08  2.368052e-10  7.103122e-11 -1.794559e-11  4.095377e-12  2.278458e-14  3.879790e-16 -4.523856e-15  3.061537e-12 -9.420200e-12
 6.578273e-05  5.541602e-08  2.368428e-10  7.104250e-11 -1.794854e-11  4.095866e-12  2.267519e-14  4.397118e-16 -4.640308e-15  3.061947e-12 -9.421641e-12
 6.711979e-05  5.654246e-08  2.416503e-10  7.247533e-11 -1.831163e-11  4.140348e-12  5.246777e-15 -6.972872e-15  1.169147e-14  3.129772e-12 -9.648054e-12
 6.603751e-05  5.563066e-08  2.377589e-10  7.131692e-11 -1.801639e-11  4.106527e-12  2.043095e-14 -7.574985e-16 -8.970042e-15  3.075754e-12 -9.467232e-12
 6.577229e-05  5.540722e-08  2.368052e-10  7.103118e-11 -1.794567e-11  4.095270e-12  2.280375e-14  3.837682e-16 -4.608901e-15  3.061514e-12 -9.420128e-12
 6.616593e-05  5.575049e-08  1.113267e-10  6.709291e-11 -1.716800e-11  3.927414e-12  1.366498e-14  4.270668e-15 -2.327628e-15  2.934825e-12 -9.035627e-12
 6.607615e-05  5.566321e-08  2.378986e-10  7.136556e-11 -1.802169e-11  4.117850e-12  2.258711e-14  5.342711e-15  6.892524e-15  3.071132e-12 -9.489638e-12
 6.578123e-05  5.541476e-08  2.368122e-10  7.103997e-11 -1.794796e-11  4.095390e-12  2.265140e-14  4.737518e-16 -4.465544e-15  3.061950e-12 -9.421441e-12
 6.986999e-05  2.220675e-05 -2.414924e-04 -8.300972e-06  1.689672e-06 -3.707032e-07 -1.822223e-09  2.178370e-10  4.592293e-10 -2.734662e-07  8.277181e-07
 6.577229e-05  5.540722e-08  2.368052e-10  7.103115e-11 -1.794566e-11  4.095292e-12  2.280892e-14  3.990564e-16 -4.653983e-15  3.061500e-12 -9.420095e-12
 6.577251e-05  5.540741e-08  2.368060e-10  7.103137e-11 -1.794578e-11  4.095230e-12  2.274379e-14  3.597097e-16 -4.422173e-15  3.061553e-12 -9.420135e-12
 6.578631e-05  5.541903e-08  2.368557e-10  7.104641e-11 -1.794942e-11  4.096076e-12  2.263979e-14  5.241609e-16 -4.636646e-15  3.062159e-12 -9.422174e-12
 6.577229e-05  5.540722e-08  2.368052e-10  7.103116e-11 -1.794569e-11  4.095310e-12  2.281637e-14  4.104243e-16 -4.581038e-15  3.061483e-12 -9.420119e-12
 6.577229e-05  5.540722e-08  2.368052e-10  7.103117e-11 -1.794560e-11  4.095313e-12  2.279592e-14  3.860085e-16 -4.605188e-15  3.061527e-12 -9.420136e-12
 6.577229e-05  5.540722e-08  2.368052e-10  7.103118e-11 -1.794559e-11  4.095302e-12  2.280585e-14  3.470148e-16 -4.523205e-15  3.061521e-12 -9.420144e-12
 6.655039e-05  5.606275e-08  2.396050e-10  7.186949e-11 -1.815823e-11  4.156966e-12  2.313321e-14  3.951630e-15 -6.056821e-15  3.117161e-12 -9.522089e-12
 6.577229e-05  5.540722e-08  2.368051e-10  7.103120e-11 -1.794576e-11  4.095137e-12  2.270232e-14  3.787219e-16 -4.466875e-15  3.061523e-12 -9.420060e-12
 6.577229e-05  5.540722e-08  2.368052e-10  7.103118e-11 -1.794564e-11  4.095336e-12  2.278469e-14  3.889573e-16 -4.599758e-15  3.061474e-12 -9.420085e-12
 6.577229e-05  5.540722e-08  2.368052e-10  7.103116e-11 -1.794573e-11  4.095276e-12  2.281860e-14  3.806941e-16 -4.585724e-15  3.061480e-12 -9.420139e-12
 6.577229e-05  5.540722e-08  2.368052e-10  7.103125e-11 -1.794566e-11  4.095405e-12  2.283777e-14  3.969887e-16 -4.663816e-15  3.061534e-12 -9.420168e-12
 6.589491e-05  5.551052e-08  2.372463e-10  7.116329e-11 -1.797869e-11  4.104090e-12  2.429511e-14  1.335903e-15 -6.498051e-15  3.069681e-12 -9.438126e-12
 6.577229e-05  5.540722e-08  2.368052e-10  7.103115e-11 -1.794559e-11  4.095337e-12  2.280608e-14  3.745007e-16 -4.544452e-15  3.061539e-12 -9.420194e-12
 6.577229e-05  5.540722e-08  2.368052e-10  7.103121e-11 -1.794560e-11  4.095312e-12  2.281732e-14  4.079781e-16 -4.606806e-15  3.061468e-12 -9.420031e-12
 2.037563e-04  1.683611e-07  7.325144e-10  2.197196e-10 -5.550812e-11  1.266228e-11  5.312238e-14 -3.049234e-15  5.392466e-15  9.479030e-12 -2.914866e-11
 6.577703e-05  5.541121e-08  2.368223e-10  7.103639e-11 -1.794695e-11  4.095206e-12  2.233126e-14  4.026850e-16 -4.589256e-15  3.061738e-12 -9.421258e-12
 6.577643e-05  5.541071e-08  2.368201e-10  7.103571e-11 -1.794674e-11  4.095593e-12  2.279819e-14  4.138969e-16 -4.680080e-15  3.061675e-12 -9.420769e-12
 6.578076e-05  5.541435e-08  2.368357e-10  7.104035e-11 -1.794796e-11  4.095660e-12  2.261378e-14  3.723507e-16 -4.459300e-15  3.061867e-12 -9.421274e-12
 6.577229e-05  5.540722e-08  2.368052e-10  7.103115e-11 -1.794551e-11  4.095393e-12  2.281203e-14  3.884910e-16 -4.612318e-15  3.061522e-12 -9.420201e-12
 6.577229e-05  5.540722e-08  2.368051e-10  7.103116e-11 -1.794564e-11  4.095322e-12  2.280432e-14  4.076368e-16 -4.614353e-15  3.061530e-12 -9.420155e-12
 6.577229e-05  5.540722e-08  2.368051e-10  7.103118e-11 -1.794554e-11  4.095362e-12  2.283384e-14  3.916150e-16 -4.624728e-15  3.061512e-12 -9.420178e-12
 6.577229e-05  5.540722e-08  2.368052e-10  7.103121e-11 -1.794558e-11  4.095356e-12  2.283354e-14  3.628467e-16 -4.565483e-15  3.061529e-12 -9.420199e-12
 6.577229e-05  5.540722e-08  2.368052e-10  7.103117e-11 -1.794570e-11  4.095253e-12  2.280432e-14  4.141590e-16 -4.562046e-15  3.061513e-12 -9.420089e-12
 6.577229e-05  5.540722e-08  2.368052e-10  7.103120e-11 -1.794566e-11  4.095195e-12  2.278323e-14  3.835763e-16 -4.521328e-15  3.061455e-12 -9.420002e-12
 6.577708e-05  5.541125e-08  2.368224e-10  7.103641e-11 -1.794688e-11  4.095328e-12  2.282512e-14  4.020572e-16 -4.491420e-15  3.061726e-12 -9.421090e-12
 6.645080e-05  5.597885e-08  2.392466e-10  7.176275e-11 -1.813764e-11  4.098042e-12  9.980395e-15  1.000418e-14 -6.531297e-15  3.081639e-12 -9.540847e-12
 6.577229e-05  5.540722e-08  2.368052e-10  7.103119e-11 -1.794558e-11  4.095346e-12  2.280895e-14  3.713527e-16 -4.575272e-15  3.061524e-12 -9.420215e-12
 6.577229e-05  5.540722e-08  2.368052e-10  7.103119e-11 -1.794564e-11  4.095339e-12  2.282006e-14  3.659379e-16 -4.566203e-15  3.061551e-12 -9.420201e-12
 6.577229e-05  5.540722e-08  2.368052e-10  7.103122e-11 -1.794557e-11  4.095275e-12  2.280598e-14  3.996181e-16 -4.564068e-15  3.061471e-12 -9.420035e-12
 6.577229e-05  5.540722e-08  2.368052e-10  7.103126e-11 -1.794558e-11  4.095418e-12  2.282913e-14  3.793994e-16 -4.662385e-15  3.061554e-12 -9.420227e-12
 6.578106e-05  5.541461e-08  2.368368e-10  7.104072e-11 -1.794807e-11  4.095754e-12  2.273163e-14  4.557268e-16 -4.726852e-15  3.061854e-12 -9.421324e-12
 6.578106e-05  5.541461e-08  2.368368e-10  7.104069e-11 -1.794809e-11  4.095782e-12  2.272262e-14  4.406830e-16 -4.704286e-15  3.061886e-12 -9.421399e-12
 6.578515e-05  5.541805e-08  2.368515e-10  7.104515e-11 -1.794919e-11  4.095995e-12  2.259639e-14  3.896948e-16 -4.604903e-15  3.062108e-12 -9.422012e-12
 6.577229e-05  5.540722e-08  2.368052e-10  7.103121e-11 -1.794560e-11  4.095381e-12  2.278835e-14  4.477455e-16 -4.526354e-15  3.061557e-12 -9.420243e-12
 6.577317e-05  5.636325e-08  1.308719e-09  1.618404e-09  1.025233e-08 -3.366131e-10 -1.177754e-12 -3.191373e-13  5.604355e-13 -1.978500e-10  4.765551e-10
 6.577229e-05  5.540722e-08  2.368052e-10  7.103113e-11 -1.794577e-11  4.095235e-12  2.281528e-14  4.045129e-16 -4.579386e-15  3.061456e-12 -9.420022e-12
 6.577229e-05  5.540722e-08  2.368052e-10  7.103123e-11 -1.794560e-11  4.095318e-12  2.281814e-14  4.006464e-16 -4.606626e-15  3.061499e-12 -9.420176e-12
 6.577229e-05  5.540722e-08  2.368081e-10  7.100980e-11 -1.794490e-11  4.095184e-12  2.277526e-14  3.720204e-16 -4.572157e-15  3.061458e-12 -9.419905e-12
 6.577229e-05  5.540722e-08  2.368052e-10  7.103121e-11 -1.794562e-11  4.095357e-12  2.282010e-14  4.112835e-16 -4.609780e-15  3.061533e-12 -9.420200e-12
 6.623450e-05  5.579662e-08  2.384685e-10  7.153341e-11 -1.806959e-11  4.145871e-12  5.479590e-14  2.899743e-15 -1.219434e-14  3.085392e-12 -9.486209e-12
 6.577229e-05  5.540722e-08  2.368052e-10  7.103121e-11 -1.794559e-11  4.095355e-12  2.280855e-14  3.964056e-16 -4.601761e-15  3.061528e-12 -9.420228e-12
 6.587630e-05  5.549485e-08  2.371797e-10  7.114362e-11 -1.797409e-11  4.101588e-12  2.268581e-14  4.209208e-16 -4.683495e-15  3.066281e-12 -9.434954e-12
 6.577889e-05  5.541278e-08  2.368290e-10  7.103841e-11 -1.794741e-11  4.095708e-12  2.276648e-14  4.643495e-16 -4.686512e-15  3.061794e-12 -9.421118e-12
 6.577229e-05  5.540722e-08  2.368052e-10  7.103114e-11 -1.794571e-11  4.095229e-12  2.278773e-14  3.943879e-16 -4.496976e-15  3.061535e-12 -9.420164e-12
 6.690752e-05  5.636364e-08  2.409092e-10  7.226660e-11 -1.826361e-11  4.151502e-12  2.029665e-14 -1.801199e-14  3.573551e-15  3.107494e-12 -9.570895e-12
 6.581638e-05  5.544437e-08  2.369638e-10  7.107929e-11 -1.795744e-11  4.095040e-12  2.117575e-14  3.719128e-16 -4.362550e-15  3.063356e-12 -9.429201e-12
 6.597814e-05  5.558064e-08  2.375462e-10  7.125654e-11 -1.800114e-11  4.091473e-12  2.761232e-15  5.788949e-16 -9.376913e-15  3.069353e-12 -9.464352e-12
 6.577229e-05  5.540722e-08  2.368052e-10  7.103119e-11 -1.794558e-11  4.095376e-12  2.280931e-14  3.646436e-16 -4.572758e-15  3.061523e-12 -9.420170e-12
 6.577259e-05  5.573635e-08 -3.351201e-09 -5.230259e-11  7.159151e-12 -1.412470e-12 -4.268072e-15  3.600518e-15  2.239039e-15 -1.001548e-12  2.877840e-12
 6.577229e-05  5.540722e-08  2.368052e-10  7.103120e-11 -1.794554e-11  4.095350e-12  2.281225e-14  3.675047e-16 -4.576671e-15  3.061511e-12 -9.420158e-12
 1.071491e-04  9.026767e-08  3.855741e-10  1.157038e-10 -2.922834e-11  6.652786e-12 -1.442992e-14 -2.420722e-14  8.294765e-14  5.025594e-12 -1.535710e-11
 6.591324e-05  5.552597e-08  2.373127e-10  7.118504e-11 -1.798423e-11  4.094628e-12  2.337783e-14 -4.256586e-16 -1.564945e-15  3.067182e-12 -9.445410e-12
 6.577229e-05  5.540722e-08  2.368052e-10  7.103122e-11 -1.794562e-11  4.095298e-12  2.277792e-14  3.878539e-16 -4.477744e-15  3.061539e-12 -9.420155e-12
 6.577242e-05  5.540733e-08  2.368057e-10  7.103136e-11 -1.794565e-11  4.095270e-12  2.272730e-14  4.198013e-16 -4.448685e-15  3.061567e-12 -9.420168e-12
 6.577233e-05  5.545944e-08  2.915200e-10  1.341610e-10 -8.894767e-11  6.851573e-11  5.533697e-13 -3.069530e-14 -3.367937e-13  5.398534e-10  1.240745e-10
 6.680256e-05  5.627520e-08  2.405109e-10  7.214059e-11 -1.822448e-11  4.155187e-12  1.017460e-14  2.066741e-14 -3.390901e-15  3.117141e-12 -9.585293e-12
 6.577229e-05  5.540722e-08  2.368052e-10  7.103119e-11 -1.794561e-11  4.095301e-12  2.280253e-14  3.943553e-16 -4.590775e-15  3.061519e-12 -9.420172e-12
 6.590361e-05  5.551785e-08  2.372779e-10  7.117450e-11 -1.798149e-11  4.093217e-12  2.182312e-14 -3.363280e-16 -7.872260e-16  3.066840e-12 -9.445204e-12
 6.577229e-05  5.540722e-08  2.368052e-10  7.103119e-11 -1.794559e-11  4.095309e-12  2.279437e-14  3.450651e-16 -4.548996e-15  3.061512e-12 -9.420147e-12
 6.661005e-05  5.611301e-08  2.398179e-10  7.193405e-11 -1.817106e-11  4.138801e-12  1.009488e-14 -2.251018e-16 -5.348075e-15  3.099935e-12 -9.564006e-12
 6.771968e-05  5.704806e-08  2.423740e-10  7.308492e-11 -1.846699e-11  4.214317e-12  2.341242e-14  3.898456e-16 -4.610538e-15  3.150690e-12 -9.694408e-12
 6.577229e-05  5.540722e-08  2.368052e-10  7.103120e-11 -1.794559e-11  4.095330e-12  2.278779e-14  3.792032e-16 -4.543884e-15  3.061526e-12 -9.420194e-12
 6.577229e-05  5.540722e-08  2.368052e-10  7.103112e-11 -1.794580e-11  4.095264e-12  2.282729e-14  3.601100e-16 -4.593292e-15  3.061509e-12 -9.420171e-12
 6.577229e-05  5.540722e-08  2.368052e-10  7.103119e-11 -1.794562e-11  4.095352e-12  2.281419e-14  3.694103e-16 -4.570057e-15  3.061532e-12 -9.420199e-12
 6.577238e-05  5.540729e-08  2.368055e-10  7.103129e-11 -1.794574e-11  4.095293e-12  2.280486e-14  4.445055e-16 -4.577167e-15  3.061510e-12 -9.420128e-12
 7.777017e-05  6.551524e-08  2.800144e-10  8.399179e-11 -2.122794e-11  4.851052e-12  3.922756e-14 -1.316101e-14 -2.663859e-14  3.607666e-12 -1.112953e-11
 6.579166e-05  5.542353e-08  2.368748e-10  7.105207e-11 -1.795085e-11  4.095944e-12  2.257959e-14  3.667359e-16 -4.336020e-15  3.062214e-12 -9.422544e-12
 6.578266e-05  5.541595e-08  2.368425e-10  7.104246e-11 -1.794850e-11  4.095893e-12  2.265375e-14  4.561548e-16 -4.712643e-15  3.062002e-12 -9.421693e-12
 6.577794e-05  2.758193e-08  2.268696e-10  6.805923e-11 -1.719526e-11  3.924143e-12  2.199107e-14  3.766321e-16 -4.431551e-15  2.933455e-12 -9.026316e-12
 6.577234e-05  5.540727e-08  2.368054e-10  7.103126e-11 -1.794563e-11  4.095366e-12  2.281238e-14  4.086735e-16 -4.612181e-15  3.061522e-12 -9.420155e-12
 6.577229e-05  5.540722e-08  2.368052e-10  7.103119e-11 -1.794553e-11  4.095398e-12  2.279652e-14  3.922395e-16 -4.574031e-15  3.061520e-12 -9.420176e-12
 6.577229e-05  5.540722e-08  2.368052e-10  7.103120e-11 -1.794556e-11  4.095390e-12  2.278532e-14  3.938636e-16 -4.565660e-15  3.061531e-12 -9.420200e-12
 6.577229e-05  5.540722e-08  2.368052e-10  7.103121e-11 -1.794561e-11  4.095297e-12  2.279602e-14  3.861554e-16 -4.558118e-15  3.061482e-12 -9.420137e-12
 6.624482e-05  5.580531e-08  2.385058e-10  7.154505e-11 -1.807373e-11  4.159437e-12  5.085712e-14  6.895598e-15 -3.580390e-17  3.099448e-12 -9.462293e-12
 6.577229e-05  5.540722e-08  2.368052e-10  7.103122e-11 -1.794559e-11  4.095253e-12  2.276530e-14  4.045312e-16 -4.558704e-15  3.061536e-12 -9.420116e-12
 6.577233e-05  5.540725e-08  2.368047e-10  7.103126e-11 -1.794562e-11  4.095286e-12  2.278225e-14  3.896070e-16 -4.514239e-15  3.061516e-12 -9.420129e-12
 6.577229e-05  5.540722e-08  2.368052e-10  7.103117e-11 -1.794570e-11  4.095271e-12  2.283541e-14  3.760112e-16 -4.571332e-15  3.061525e-12 -9.420152e-12
 6.577252e-05  5.540742e-08  2.368060e-10  7.103140e-11 -1.794575e-11  4.095236e-12  2.273969e-14  3.800410e-16 -4.460683e-15  3.061578e-12 -9.420198e-12
 6.577229e-05  5.540722e-08  2.368052e-10  7.103123e-11 -1.794553e-11  4.095394e-12  2.285004e-14  4.136027e-16 -4.588849e-15  3.061524e-12 -9.420179e-12
 6.577446e-05  5.540905e-08  2.368130e-10  7.103358e-11 -1.794622e-11  4.095388e-12  2.273751e-14  3.694911e-16 -4.464580e-15  3.061607e-12 -9.420438e-12
 6.641682e-05  5.595022e-08  2.391242e-10  7.172955e-11 -1.812798e-11  4.131388e-12 -3.489774e-14  4.129175e-15  1.209318e-14  3.097478e-12 -9.498936e-12
 6.577229e-05  5.540722e-08  2.368052e-10  7.103122e-11 -1.794552e-11  4.095363e-12  2.279435e-14  3.877553e-16 -4.558983e-15  3.061511e-12 -9.420157e-12
 6.581674e-05  5.544467e-08  2.369652e-10  7.107933e-11 -1.795754e-11  4.097953e-12  2.263134e-14  3.674805e-16 -4.549765e-15  3.063556e-12 -9.426540e-12
 6.577374e-05  5.540844e-08  2.368104e-10  7.103283e-11 -1.794599e-11  4.095324e-12  2.280882e-14  3.951281e-16 -4.585681e-15  3.061482e-12 -9.420193e-12
 6.577242e-05  5.540733e-08  2.368056e-10  7.103129e-11 -1.794567e-11  4.095330e-12  2.280985e-14  3.627761e-16 -4.551078e-15  3.061586e-12 -9.420229e-12
 6.577229e-05  5.540722e-08  2.368052e-10  7.103115e-11 -1.794554e-11  4.095350e-12  2.279120e-14  3.803174e-16 -4.555095e-15  3.061572e-12 -9.420237e-12
 6.577229e-05  5.540722e-08  2.368052e-10  7.103117e-11 -1.794556e-11  4.095369e-12  2.280652e-14  4.138634e-16 -4.629773e-15  3.061513e-12 -9.420194e-12
 6.577229e-05  5.540722e-08  2.368052e-10  7.103120e-11 -1.794560e-11  4.095247e-12  2.279711e-14  3.436040e-16 -4.439040e-15  3.061500e-12 -9.420138e-12
 6.577238e-05  5.540729e-08  2.368055e-10  7.103125e-11 -1.794569e-11  4.095304e-12  2.279896e-14  4.161161e-16 -4.571185e-15  3.061569e-12 -9.420269e-12
 6.577229e-05  5.540722e-08  2.368052e-10  7.103120e-11 -1.794553e-11  4.095403e-12  2.281609e-14  3.584749e-16 -4.567088e-15  3.061514e-12 -9.420181e-12
 6.577229e-05  5.540722e-08  2.368053e-10  7.103124e-11 -1.794567e-11  4.095238e-12  2.282788e-14  3.937021e-16 -4.606012e-15  3.061487e-12 -9.420100e-12
 6.577229e-05  5.540722e-08  2.368052e-10  7.103114e-11 -1.794568e-11  4.095220e-12  2.278183e-14  3.709263e-16 -4.464119e-15  3.061545e-12 -9.420166e-12
 6.577229e-05  5.540722e-08  2.368051e-10  7.103119e-11 -1.794557e-11  4.095353e-12  2.281265e-14  3.939335e-16 -4.603834e-15  3.061517e-12 -9.420188e-12
 6.577229e-05  5.540722e-08  2.368052e-10  7.103118e-11 -1.794557e-11  4.095378e-12  2.281892e-14  4.054918e-16 -4.607768e-15  3.061537e-12 -9.420208e-12
 7.065585e-05  5.343639e-06  5.929441e-06  8.559240e-06  5.680918e-05 -1.884598e-06 -6.640876e-09 -1.767434e-09  3.125291e-09 -1.111323e-06  2.688124e-06
 6.577229e-05  5.540722e-08  2.368052e-10  7.103114e-11 -1.794569e-11  4.095312e-12  2.278425e-14  3.791578e-16 -4.562068e-15  3.061551e-12 -9.420175e-12
 6.577229e-05  5.540722e-08  2.368052e-10  7.103121e-11 -1.794568e-11  4.095296e-12  2.284780e-14  4.167020e-16 -4.658492e-15  3.061449e-12 -9.420053e-12
 6.580659e-05  5.543611e-08  2.369286e-10  7.106839e-11 -1.795536e-11  4.095450e-12  2.259753e-14  7.874310e-16 -4.975956e-15  3.062767e-12 -9.425168e-12
 6.577229e-05  5.540722e-08  2.368052e-10  7.103117e-11 -1.794563e-11  4.095331e-12  2.280735e-14  4.064165e-16 -4.583198e-15  3.061533e-12 -9.420201e-12
 6.711329e-05  5.653698e-08  2.416258e-10  7.246874e-11 -1.830991e-11  4.137593e-12  2.010808e-14 -7.254944e-15  1.137862e-14  3.129055e-12 -9.648329e-12
 6.788348e-05  5.718584e-08  2.444131e-10  7.331647e-11 -1.851946e-11  4.208231e-12  2.394968e-14  4.733916e-16 -1.586995e-16  3.161245e-12 -9.741125e-12
 6.577229e-05  5.540722e-08  2.368052e-10  7.103119e-11 -1.794556e-11  4.095377e-12  2.282436e-14  3.595928e-16 -4.568384e-15  3.061518e-12 -9.420191e-12
 6.577229e-05  5.540722e-08  2.368051e-10  7.103126e-11 -1.794570e-11  4.095186e-12  2.280625e-14  3.742395e-16 -4.610816e-15  3.061441e-12 -9.419974e-12
 6.577229e-05  5.540722e-08  2.368051e-10  7.103116e-11 -1.794561e-11  4.095357e-12  2.278512e-14  4.109596e-16 -4.602426e-15  3.061557e-12 -9.420209e-12
 6.645080e-05  5.597885e-08  2.392463e-10  7.176306e-11 -1.813766e-11  4.098312e-12  1.315592e-14  9.091215e-15 -7.108685e-15  3.080579e-12 -9.540906e-12
 6.577229e-05  5.540722e-08  2.368052e-10  7.103120e-11 -1.794552e-11  4.095385e-12  2.281031e-14  3.738988e-16 -4.564929e-15  3.061532e-12 -9.420163e-12
 6.673716e-05  1.445866e-07 -9.637357e-07 -3.314395e-08  6.729236e-09 -1.476106e-09 -7.246132e-12  8.809901e-13  1.815239e-12 -1.088861e-09  3.295578e-09
 6.577229e-05  5.540951e-08  2.401883e-10  4.612443e-11 -1.715428e-11  3.943294e-12  2.213799e-14  5.399602e-16 -4.346408e-15  2.953249e-12 -9.106454e-12
 6.577261e-05  5.540710e-08  2.368062e-10  7.103149e-11 -1.794579e-11  4.095292e-12  2.279746e-14  3.859436e-16 -4.561389e-15  3.061534e-12 -9.420143e-12
 6.696052e-05  5.640827e-08  2.410854e-10  7.231688e-11 -1.826696e-11  4.147847e-12  2.667939e-14  1.049643e-15 -4.066800e-16  3.114518e-12 -9.609153e-12
 6.577229e-05  5.540722e-08  2.368051e-10  7.103115e-11 -1.794564e-11  4.095348e-12  2.279745e-14  4.146059e-16 -4.584525e-15  3.061544e-12 -9.420197e-12
 6.577229e-05  5.540722e-08  2.368052e-10  7.103117e-11 -1.794571e-11  4.095264e-12  2.279525e-14  4.106878e-16 -4.564956e-15  3.061535e-12 -9.420192e-12
 6.577229e-05  5.540722e-08  2.368052e-10  7.103117e-11 -1.794562e-11  4.095319e-12  2.280610e-14  4.261366e-16 -4.590794e-15  3.061553e-12 -9.420242e-12
 6.577230e-05  5.540722e-08  2.368052e-10  7.103126e-11 -1.794538e-11  4.095344e-12  2.274713e-14  3.897053e-16 -4.493092e-15  3.061528e-12 -9.420128e-12
 6.577229e-05  5.540722e-08  2.368052e-10  7.103116e-11 -1.794570e-11  4.095306e-12  2.280330e-14  4.133507e-16 -4.599228e-15  3.061561e-12 -9.420240e-12
 6.577229e-05  5.540722e-08  2.368051e-10  7.103120e-11 -1.794564e-11  4.095292e-12  2.282185e-14  3.739293e-16 -4.560354e-15  3.061535e-12 -9.420159e-12
 6.577229e-05  5.540722e-08  2.368052e-10  7.103115e-11 -1.794583e-11  4.095258e-12  2.282819e-14  4.332697e-16 -4.658793e-15  3.061555e-12 -9.420280e-12
 6.577229e-05  5.540722e-08  2.368052e-10  7.103119e-11 -1.794572e-11  4.095343e-12  2.282923e-14  4.266820e-16 -4.648608e-15  3.061559e-12 -9.420255e-12
 6.577229e-05  5.540722e-08  2.368052e-10  7.103117e-11 -1.794562e-11  4.095324e-12  2.280265e-14  3.942284e-16 -4.549536e-15  3.061539e-12 -9.420209e-12
 6.577229e-05  5.540722e-08  2.368052e-10  7.103117e-11 -1.794569e-11  4.095241e-12  2.281989e-14  3.879941e-16 -4.507691e-15  3.061522e-12 -9.420155e-12
 6.577229e-05  5.540722e-08  2.368052e-10  7.103118e-11 -1.794560e-11  4.095317e-12  2.280527e-14  4.075483e-16 -4.560836e-15  3.061521e-12 -9.420149e-12
 6.731552e-05  5.670737e-08  2.423708e-10  7.268963e-11 -1.836334e-11  4.181920e-12  2.230245e-14 -2.612432e-14  1.839423e-14  3.136866e-12 -9.690313e-12
 6.577229e-05  5.540722e-08  2.368052e-10  7.103120e-11 -1.794553e-11  4.095374e-12  2.275201e-14  3.683989e-16 -4.466157e-15  3.061600e-12 -9.420273e-12
 6.770539e-05  5.703495e-08  2.437664e-10  7.312810e-11 -1.847227e-11  4.176584e-12  1.678990e-14 -1.428856e-14  1.135079e-14  3.154555e-12 -9.741704e-12
 6.577229e-05  5.540722e-08  2.368052e-10  7.103122e-11 -1.794551e-11  4.095431e-12  2.284171e-14  4.017499e-16 -4.645859e-15  3.061544e-12 -9.420243e-12
 6.578551e-05  6.972118e-08  1.533462e-08  1.783591e-08 -2.202538e-08  3.201645e-08 -1.408114e-07 -4.445725e-09 -2.120615e-08 -3.578063e-08  2.589555e-08
 6.577229e-05  5.540722e-08  2.368052e-10  7.103118e-11 -1.794555e-11  4.095354e-12  2.278963e-14  4.213211e-16 -4.555626e-15  3.061540e-12 -9.420150e-12
 6.626343e-05  5.582100e-08  2.385717e-10  7.156166e-11 -1.808143e-11  4.126063e-12  5.990746e-15 -2.503083e-15 -9.165995e-15  3.093233e-12 -9.485987e-12
 6.693962e-05  5.639067e-08  2.410029e-10  7.228766e-11 -1.825342e-11  4.181670e-12  2.117739e-14  3.856209e-15  5.224917e-15  3.118570e-12 -9.574439e-12
 6.577229e-05  5.540722e-08  2.368052e-10  7.103115e-11 -1.794566e-11  4.095274e-12  2.279293e-14  4.089758e-16 -4.564148e-15  3.061554e-12 -9.420233e-12
 6.577229e-05  5.540722e-08  2.368051e-10  7.103119e-11 -1.794557e-11  4.095301e-12  2.281029e-14  3.796054e-16 -4.508626e-15  3.061528e-12 -9.420113e-12
 6.577229e-05  5.540722e-08  2.368053e-10  7.103120e-11 -1.794576e-11  4.095300e-12  2.282441e-14  4.103193e-16 -4.610755e-15  3.061539e-12 -9.420183e-12
 6.606097e-05  5.565042e-08  2.378442e-10  7.134711e-11 -1.802209e-11  4.111651e-12  1.722508e-14 -6.087147e-16 -1.277169e-14  3.073975e-12 -9.473958e-12
 6.606601e-05  5.565467e-08  2.378642e-10  7.134533e-11 -1.802523e-11  4.102258e-12  3.196962e-14  1.467578e-15 -2.169597e-15  3.073175e-12 -9.464908e-12
 6.578820e-05  5.542063e-08  2.368625e-10  7.104853e-11 -1.794994e-11  4.097159e-12  2.244400e-14  7.012016e-16 -5.118575e-15  3.062464e-12 -9.422052e-12
 7.742963e-05  6.522835e-08  2.787792e-10  8.362456e-11 -2.112529e-11  4.816952e-12  2.633945e-14  2.097668e-14 -2.154827e-14  3.607310e-12 -1.109203e-11
 6.581226e-05  5.544090e-08  2.369491e-10  7.107486e-11 -1.795636e-11  4.099894e-12  2.362973e-14  4.392514e-16 -4.431386e-15  3.063810e-12 -9.425783e-12
 6.777022e-05  2.218463e-06  2.304580e-06  2.793273e-06 -4.110588e-06 -2.270918e-05 -2.372003e-08  4.993867e-09  1.178173e-08 -1.895933e-06  2.780550e-06
 6.577229e-05  5.540722e-08  2.368052e-10  7.103117e-11 -1.794556e-11  4.095389e-12  2.280966e-14  3.918267e-16 -4.576152e-15  3.061550e-12 -9.420202e-12
 6.577229e-05  5.540722e-08  2.368052e-10  7.103125e-11 -1.794570e-11  4.095246e-12  2.281229e-14  4.206740e-16 -4.596366e-15  3.061514e-12 -9.420124e-12
 6.577229e-05  5.540722e-08  2.368051e-10  7.103119e-11 -1.794560e-11  4.095380e-12  2.281664e-14  3.985129e-16 -4.565864e-15  3.061567e-12 -9.420203e-12
 6.577239e-05  5.540730e-08  2.368055e-10  7.103129e-11 -1.794571e-11  4.095250e-12  2.289117e-14  4.377356e-16 -4.604378e-15  3.061504e-12 -9.420067e-12
 6.577229e-05  5.540722e-08  2.368051e-10  7.103117e-11 -1.794562e-11  4.095331e-12  2.282520e-14  3.995203e-16 -4.578403e-15  3.061537e-12 -9.420201e-12
 6.671964e-05  5.620534e-08  2.402135e-10  7.205141e-11 -1.820256e-11  4.161757e-12  2.850827e-14  1.188235e-14 -5.210671e-15  3.123723e-12 -9.557878e-12
 6.577229e-05  5.540722e-08  2.368052e-10  7.103113e-11 -1.794580e-11  4.095149e-12  2.283091e-14  3.922305e-16 -4.677056e-15  3.061428e-12 -9.419998e-12
 6.577229e-05  5.540722e-08  2.368051e-10  7.103117e-11 -1.794560e-11  4.095345e-12  2.282233e-14  3.975949e-16 -4.566897e-15  3.061524e-12 -9.420117e-12
 6.577229e-05  5.540722e-08  2.368051e-10  7.103118e-11 -1.794566e-11  4.095267e-12  2.284314e-14  3.990540e-16 -4.561075e-15  3.061481e-12 -9.420075e-12
 6.577229e-05  5.540722e-08  2.368052e-10  7.103116e-11 -1.794562e-11  4.095332e-12  2.284820e-14  3.892247e-16 -4.577408e-15  3.061533e-12 -9.420202e-12
 6.577229e-05  5.540722e-08  2.368052e-10  7.103123e-11 -1.794550e-11  4.095391e-12  2.278217e-14  4.093892e-16 -4.556269e-15  3.061549e-12 -9.420256e-12
 6.577229e-05  5.540722e-08  2.368051e-10  7.103118e-11 -1.794559e-11  4.095383e-12  2.281440e-14  3.682891e-16 -4.596185e-15  3.061512e-12 -9.420170e-12
 6.577229e-05  5.540722e-08  2.368052e-10  7.103123e-11 -1.794558e-11  4.095382e-12  2.283960e-14  3.927540e-16 -4.554281e-15  3.061532e-12 -9.420168e-12
 6.594305e-05  5.555108e-08  2.374197e-10  7.121890e-11 -1.798854e-11  4.107696e-12  2.055936e-14  2.925031e-15  1.602427e-15  3.066643e-12 -9.459220e-12
 6.826719e-05  5.750910e-08  2.457427e-10  7.373436e-11 -1.860996e-11  4.201515e-12 -4.631801e-15 -3.925176e-16  4.297432e-14  3.183909e-12 -9.776351e-12
 6.577239e-05  5.540730e-08  2.368055e-10  7.103134e-11 -1.794559e-11  4.095302e-12  2.279272e-14  3.911905e-16 -4.594430e-15  3.061476e-12 -9.420069e-12
 6.579005e-05  5.542218e-08  2.368689e-10  7.105045e-11 -1.795040e-11  4.095906e-12  2.259069e-14  3.761691e-16 -4.346398e-15  3.062317e-12 -9.422767e-12
 6.577229e-05  5.540722e-08  2.368052e-10  7.103121e-11 -1.794562e-11  4.095345e-12  2.283827e-14  3.959163e-16 -4.548833e-15  3.061513e-12 -9.420137e-12
 5.997140e-05  5.503928e-08  1.289818e-10  6.689653e-11 -1.708019e-11  3.904343e-12  2.175713e-14  5.045570e-16 -4.233034e-15  2.920404e-12 -8.991997e-12
 6.577229e-05  5.540722e-08  2.368052e-10  7.103118e-11 -1.794557e-11  4.095368e-12  2.281997e-14  3.806179e-16 -4.568052e-15  3.061538e-12 -9.420180e-12
 6.577229e-05  5.540722e-08  2.368052e-10  7.103117e-11 -1.794563e-11  4.095303e-12  2.284064e-14  4.039889e-16 -4.544507e-15  3.061464e-12 -9.419997e-12
 6.577229e-05  5.540722e-08  2.368053e-10  7.103128e-11 -1.794544e-11  4.095356e-12  2.282910e-14  4.233134e-16 -4.574579e-15  3.061512e-12 -9.420133e-12
 6.577229e-05  5.540722e-08  2.368053e-10  7.103124e-11 -1.794575e-11  4.095081e-12  2.280815e-14  3.403276e-16 -4.523908e-15  3.061482e-12 -9.419963e-12
 6.581046e-05  5.543954e-08  2.351680e-10  7.101180e-11 -1.794348e-11  4.094174e-12  2.263396e-14  5.959588e-16 -5.601218e-15  3.061119e-12 -9.419806e-12
 6.927538e-05  5.835858e-08  2.482363e-10  7.479083e-11 -1.890698e-11  4.289879e-12  4.114317e-14  1.288645e-14 -3.902413e-14  3.220090e-12 -9.932875e-12
 6.578577e-05  5.541857e-08  2.368536e-10  7.104589e-11 -1.794916e-11  4.095896e-12  2.255029e-14  4.067383e-16 -4.415993e-15  3.062186e-12 -9.422246e-12
 6.577229e-05  5.540722e-08  2.368051e-10  7.103112e-11 -1.794576e-11  4.095244e-12  2.284353e-14  4.084527e-16 -4.546304e-15  3.061522e-12 -9.420152e-12
 6.577229e-05  5.540722e-08  2.368051e-10  7.103122e-11 -1.794564e-11  4.095207e-12  2.273708e-14  3.785531e-16 -4.473906e-15  3.061539e-12 -9.420110e-12
 6.577229e-05  5.540722e-08  2.368051e-10  7.103123e-11 -1.794554e-11  4.095377e-12  2.281333e-14  3.857042e-16 -4.536666e-15  3.061531e-12 -9.420161e-12
 1.259261e-04  1.060879e-07  4.533954e-10  1.360023e-10 -3.436025e-11  7.839608e-12  3.962740e-14  9.159206e-16 -8.508397e-15  5.863540e-12 -1.803994e-11
 6.577229e-05  5.540722e-08  2.368051e-10  7.103121e-11 -1.794557e-11  4.095331e-12  2.280617e-14  3.842873e-16 -4.546940e-15  3.061524e-12 -9.420116e-12
 6.577229e-05  5.540722e-08  2.368051e-10  7.103120e-11 -1.794561e-11  4.095340e-12  2.282745e-14  3.663076e-16 -4.533957e-15  3.061523e-12 -9.420121e-12
 6.577229e-05  5.540722e-08  2.368052e-10  7.103119e-11 -1.794561e-11  4.095403e-12  2.284973e-14  3.777551e-16 -4.584728e-15  3.061534e-12 -9.420164e-12
 6.577229e-05  5.540722e-08  2.368051e-10  7.103116e-11 -1.794558e-11  4.095350e-12  2.282645e-14  4.212365e-16 -4.582915e-15  3.061553e-12 -9.420238e-12
 6.577229e-05  5.540722e-08  2.368052e-10  7.103115e-11 -1.794572e-11  4.095251e-12  2.281528e-14  3.818999e-16 -4.549528e-15  3.061450e-12 -9.419964e-12
 6.577229e-05  5.540722e-08  2.368051e-10  7.103115e-11 -1.794549e-11  4.095392e-12  2.284439e-14  3.921835e-16 -4.564537e-15  3.061511e-12 -9.420139e-12
 6.577229e-05  5.540722e-08  2.368052e-10  7.103117e-11 -1.794564e-11  4.095300e-12  2.279908e-14  4.088552e-16 -4.579911e-15  3.061541e-12 -9.420203e-12
 7.083451e-05  5.463853e-06 -5.895870e-05 -2.026577e-06  4.125093e-07 -9.050179e-08 -4.448662e-10  5.318395e-11  1.121140e-10 -6.676276e-08  2.020751e-07
 6.577229e-05  5.540722e-08  2.368052e-10  7.103117e-11 -1.794563e-11  4.095283e-12  2.281197e-14  4.055238e-16 -4.566617e-15  3.061558e-12 -9.420210e-12
 6.625990e-05  5.581801e-08  2.385610e-10  7.156007e-11 -1.807827e-11  4.118074e-12  2.007319e-14 -3.813632e-15 -1.064644e-15  3.085750e-12 -9.499384e-12
 6.577229e-05  5.540722e-08  2.368052e-10  7.103115e-11 -1.794562e-11  4.095390e-12  2.280207e-14  3.414823e-16 -4.516546e-15  3.061567e-12 -9.420262e-12
 6.577229e-05  5.540722e-08  2.368053e-10  7.103127e-11 -1.794570e-11  4.095217e-12  2.284330e-14  4.111616e-16 -4.663154e-15  3.061432e-12 -9.419908e-12
 6.577229e-05  5.540722e-08  2.368051e-10  7.103116e-11 -1.794566e-11  4.095309e-12  2.283811e-14  4.244300e-16 -4.598668e-15  3.061530e-12 -9.420221e-12
 6.577229e-05  5.540722e-08  2.368051e-10  7.103119e-11 -1.794559e-11  4.095308e-12  2.282859e-14  4.178651e-16 -4.573151e-15  3.061548e-12 -9.420200e-12
 6.577229e-05  5.540722e-08  2.368053e-10  7.103119e-11 -1.794578e-11  4.095273e-12  2.281144e-14  4.002109e-16 -4.630473e-15  3.061560e-12 -9.420300e-12
 6.577229e-05  5.540722e-08  2.368051e-10  7.103122e-11 -1.794568e-11  4.095275e-12  2.282620e-14  4.092885e-16 -4.551535e-15  3.061547e-12 -9.420166e-12
 6.577229e-05  5.540722e-08  2.368052e-10  7.103114e-11 -1.794573e-11  4.095245e-12  2.284122e-14  3.963571e-16 -4.583191e-15  3.061440e-12 -9.419987e-12
 6.577229e-05  5.540722e-08  2.368052e-10  7.103123e-11 -1.794572e-11  4.095243e-12  2.284340e-14  4.265588e-16 -4.603470e-15  3.061492e-12 -9.420148e-12
 6.577229e-05  5.540722e-08  2.368051e-10  7.103120e-11 -1.794564e-11  4.095307e-12  2.283852e-14  3.996496e-16 -4.563873e-15  3.061538e-12 -9.420213e-12
 6.577229e-05  5.540722e-08  2.368051e-10  7.103122e-11 -1.794560e-11  4.095331e-12  2.281418e-14  4.082415e-16 -4.566895e-15  3.061559e-12 -9.420238e-12
 6.577229e-05  5.540722e-08  2.368053e-10  7.103116e-11 -1.794593e-11  4.095192e-12  2.285505e-14  3.840855e-16 -4.521575e-15  3.061491e-12 -9.420102e-12
 6.577229e-05  5.540722e-08  2.368052e-10  7.103113e-11 -1.794585e-11  4.095223e-12  2.281190e-14  3.953020e-16 -4.523369e-15  3.061534e-12 -9.420194e-12
 6.577229e-05  5.540722e-08  2.368051e-10  7.103112e-11 -1.794577e-11  4.095254e-12  2.277002e-14  3.618447e-16 -4.583311e-15  3.061573e-12 -9.420226e-12
 6.577391e-05  5.540858e-08  2.368110e-10  7.103290e-11 -1.794613e-11  4.095523e-12  2.278557e-14  4.481775e-16 -4.782836e-15  3.061637e-12 -9.420564e-12
 6.716806e-05  5.658729e-08  2.479592e-10  2.748437e-11 -1.690469e-11  3.939433e-12  1.925373e-14 -6.023053e-15  4.832690e-15  2.923452e-12 -9.010098e-12
 6.577625e-05  5.541055e-08  2.368194e-10  7.103543e-11 -1.794680e-11  4.095603e-12  2.284083e-14  4.247650e-16 -4.697164e-15  3.061674e-12 -9.420688e-12
