 5.175956e-01  0.000000e+00  0.000000e+00  0.000000e+00  0.000000e+00
-1.177494e+00  0.000000e+00  0.000000e+00  0.000000e+00  0.000000e+00
-1.196590e+00  0.000000e+00  0.000000e+00  0.000000e+00  0.000000e+00
-2.020651e+00  0.000000e+00  0.000000e+00  0.000000e+00  0.000000e+00
 4.567028e-01  0.000000e+00  0.000000e+00  0.000000e+00  0.000000e+00
 2.012134e+00  0.000000e+00  0.000000e+00  0.000000e+00  0.000000e+00
-1.165559e+00  0.000000e+00  0.000000e+00  0.000000e+00  0.000000e+00
-1.536584e-01  0.000000e+00  0.000000e+00  0.000000e+00  0.000000e+00
-2.952682e+00  0.000000e+00  0.000000e+00  0.000000e+00  0.000000e+00
-1.038657e+00  0.000000e+00  0.000000e+00  0.000000e+00  0.000000e+00
 1.655661e+00  0.000000e+00  0.000000e+00  0.000000e+00  0.000000e+00
-9.478462e-01  0.000000e+00  0.000000e+00  0.000000e+00  0.000000e+00
-1.440587e+00  0.000000e+00  0.000000e+00  0.000000e+00  0.000000e+00
-2.606346e+00  0.000000e+00  0.000000e+00  0.000000e+00  0.000000e+00
 3.919941e+00  0.000000e+00  0.000000e+00  0.000000e+00  0.000000e+00
 4.331723e+00  0.000000e+00  0.000000e+00  0.000000e+00  0.000000e+00
 2.604851e+00  0.000000e+00  0.000000e+00  0.000000e+00  0.000000e+00
 6.135637e-01  0.000000e+00  0.000000e+00  0.000000e+00  0.000000e+00
 2.588069e+00  0.000000e+00  0.000000e+00  0.000000e+00  0.000000e+00
 1.146033e+00  0.000000e+00  0.000000e+00  0.000000e+00  0.000000e+00
 7.609692e-01  0.000000e+00  0.000000e+00  0.000000e+00  0.000000e+00
 1.011007e+00  0.000000e+00  0.000000e+00  0.000000e+00  0.000000e+00
-3.157539e-01  0.000000e+00  0.000000e+00  0.000000e+00  0.000000e+00
-3.469583e-02  0.000000e+00  0.000000e+00  0.000000e+00  0.000000e+00
-1.421070e+00  0.000000e+00  0.000000e+00  0.000000e+00  0.000000e+00
-1.125866e+00  0.000000e+00  0.000000e+00  0.000000e+00  0.000000e+00
-8.778854e-02  0.000000e+00  0.000000e+00  0.000000e+00  0.000000e+00
 6.568717e-01  0.000000e+00  0.000000e+00  0.000000e+00  0.000000e+00
 5.801722e-01  0.000000e+00  0.000000e+00  0.000000e+00  0.000000e+00
-1.629819e+00  0.000000e+00  0.000000e+00  0.000000e+00  0.000000e+00
-1.524209e+00  0.000000e+00  0.000000e+00  0.000000e+00  0.000000e+00
 1.184604e+00  0.000000e+00  0.000000e+00  0.000000e+00  0.000000e+00
 1.963343e+00  0.000000e+00  0.000000e+00  0.000000e+00  0.000000e+00
 3.276200e+00  0.000000e+00  0.000000e+00  0.000000e+00  0.000000e+00
-1.038657e+00  0.000000e+00  0.000000e+00  0.000000e+00  0.000000e+00
-1.564497e-01  0.000000e+00  0.000000e+00  0.000000e+00  0.000000e+00
 1.753333e+00  0.000000e+00  0.000000e+00  0.000000e+00  0.000000e+00
-1.038657e+00  0.000000e+00  0.000000e+00  0.000000e+00  0.000000e+00
-2.598862e+00  0.000000e+00  0.000000e+00  0.000000e+00  0.000000e+00
 1.430856e-01  0.000000e+00  0.000000e+00  0.000000e+00  0.000000e+00
 4.706862e-01  0.000000e+00  0.000000e+00  0.000000e+00  0.000000e+00
-3.718827e+00  0.000000e+00  0.000000e+00  0.000000e+00  0.000000e+00
-2.127907e+00  0.000000e+00  0.000000e+00  0.000000e+00  0.000000e+00
 3.580698e-01  0.000000e+00  0.000000e+00  0.000000e+00  0.000000e+00
 5.895464e-01  0.000000e+00  0.000000e+00  0.000000e+00  0.000000e+00
-1.521912e+00  0.000000e+00  0.000000e+00  0.000000e+00  0.000000e+00
 9.023612e-01  0.000000e+00  0.000000e+00  0.000000e+00  0.000000e+00
-1.653986e+00  0.000000e+00  0.000000e+00  0.000000e+00  0.000000e+00
 1.366398e+00  0.000000e+00  0.000000e+00  0.000000e+00  0.000000e+00
-1.683942e-01  0.000000e+00  0.000000e+00  0.000000e+00  0.000000e+00
 0.000000e+00 -1.267477e-01 -2.463382e+00  1.566987e+00 -7.370433e-01
 0.000000e+00 -7.682123e-02 -1.650652e+00  1.566987e+00 -7.370433e-01
 0.000000e+00 -1.398048e-01 -2.790368e+00  1.566987e+00 -7.370433e-01
 0.000000e+00  9.704151e-02  1.766049e+00  1.566987e+00 -7.370433e-01
 0.000000e+00 -8.125624e-02 -1.593378e+00  1.566987e+00 -7.370433e-01
 0.000000e+00  1.772396e-02 -4.393211e-02  1.566987e+00 -7.370433e-01
 0.000000e+00 -9.519605e-02 -2.149079e+00  1.566987e+00 -7.370433e-01
 0.000000e+00  1.689196e-01  3.321921e+00  1.566987e+00 -7.370433e-01
 0.000000e+00 -6.978197e-02 -1.399181e+00  1.566987e+00 -7.370433e-01
 0.000000e+00  9.307018e-02  1.531668e+00  1.566987e+00 -7.370433e-01
 0.000000e+00  1.761257e-01  3.482567e+00  1.566987e+00 -7.370433e-01
 0.000000e+00 -5.708077e-03 -3.174246e-01  1.566987e+00 -7.370433e-01
 0.000000e+00  5.803331e-02  1.280925e+00  1.566987e+00 -7.370433e-01
 0.000000e+00 -4.607866e-02 -1.183503e+00  1.566987e+00 -7.370433e-01
 0.000000e+00  7.205873e-02  1.372878e+00  1.566987e+00 -7.370433e-01
 0.000000e+00 -8.075334e-02 -1.539684e+00  1.566987e+00 -7.370433e-01
 0.000000e+00  2.763388e-03 -4.369984e-01  1.566987e+00 -7.370433e-01
 0.000000e+00  6.074690e-02  1.021672e+00  1.566987e+00 -7.370433e-01
 0.000000e+00 -3.648145e-02 -6.150426e-01  1.566987e+00 -7.370433e-01
 0.000000e+00  9.450296e-02  1.743450e+00  1.566987e+00 -7.370433e-01
 0.000000e+00 -8.314238e-02 -2.079435e+00  1.566987e+00 -7.370433e-01
 0.000000e+00  1.423473e-02  3.056077e-01  1.566987e+00 -7.370433e-01
 0.000000e+00 -7.772253e-02 -1.629489e+00  1.566987e+00 -7.370433e-01
 0.000000e+00 -2.375414e-02 -7.454286e-01  1.566987e+00 -7.370433e-01
 0.000000e+00 -3.419645e-02 -6.650032e-01  1.566987e+00 -7.370433e-01
 0.000000e+00 -7.036515e-02 -1.342866e+00  1.566987e+00 -7.370433e-01
 0.000000e+00 -1.074167e-01 -2.075883e+00  1.566987e+00 -7.370433e-01
 0.000000e+00 -1.478253e-01 -3.008465e+00  1.566987e+00 -7.370433e-01
 0.000000e+00 -2.938510e-02 -8.283364e-01  1.566987e+00 -7.370433e-01
 0.000000e+00  1.087939e-01  2.223078e+00  1.566987e+00 -7.370433e-01
 0.000000e+00  1.147134e-01  2.165144e+00  1.566987e+00 -7.370433e-01
 0.000000e+00  1.267493e-01  2.437346e+00  1.566987e+00 -7.370433e-01
 0.000000e+00  5.818972e-02  1.089819e+00  1.566987e+00 -7.370433e-01
 0.000000e+00 -7.938312e-02 -1.930914e+00  1.566987e+00 -7.370433e-01
 0.000000e+00  2.092952e-02 -1.795161e-01  1.566987e+00 -7.370433e-01
 0.000000e+00 -6.166621e-02 -1.585136e+00  1.566987e+00 -7.370433e-01
 0.000000e+00 -1.110643e-01 -2.234627e+00  1.566987e+00 -7.370433e-01
 0.000000e+00 -2.294338e-02 -3.196624e-01  1.566987e+00 -7.370433e-01
 0.000000e+00  3.968965e-02  4.536104e-01  1.566987e+00 -7.370433e-01
 0.000000e+00  8.347994e-02  1.457287e+00  1.566987e+00 -7.370433e-01
 0.000000e+00  5.929341e-02  7.681953e-01  1.566987e+00 -7.370433e-01
 0.000000e+00 -4.156008e-02 -1.092589e+00  1.566987e+00 -7.370433e-01
 0.000000e+00  5.913878e-02  1.084135e+00  1.566987e+00 -7.370433e-01
 0.000000e+00  1.688056e-01  3.364733e+00  1.566987e+00 -7.370433e-01
 0.000000e+00  5.075378e-02  7.164594e-01  1.566987e+00 -7.370433e-01
 0.000000e+00  3.218188e-02  3.002335e-01  1.566987e+00 -7.370433e-01
 0.000000e+00  3.095284e-02  3.146855e-01  1.566987e+00 -7.370433e-01
 0.000000e+00 -1.744880e-02 -4.300294e-01  1.566987e+00 -7.370433e-01
 0.000000e+00  1.562189e-01  3.253782e+00  1.566987e+00 -7.370433e-01
 0.000000e+00  4.244720e-02  6.162409e-01  1.566987e+00 -7.370433e-01
 0.000000e+00 -1.866538e-01 -1.896646e-02  7.352472e-01  1.573567e+00
 0.000000e+00 -2.055008e+00  1.965643e-02  7.352472e-01  1.573567e+00
 0.000000e+00  1.343242e+00 -6.033546e-02  7.352472e-01  1.573567e+00
 0.000000e+00 -6.540766e-01 -1.331712e-02  7.352472e-01  1.573567e+00
 0.000000e+00 -1.045802e-02 -2.657685e-02  7.352472e-01  1.573567e+00
 0.000000e+00  3.219915e+00 -1.025032e-01  7.352472e-01  1.573567e+00
 0.000000e+00 -2.282563e+00  1.730183e+00  8.595239e-01  1.228321e+00
 0.000000e+00  2.216814e+00 -8.051271e-02  7.352472e-01  1.573567e+00
 0.000000e+00  3.276047e-01 -3.721930e-02  7.352472e-01  1.573567e+00
 0.000000e+00  1.847003e+00 -6.906822e-02  7.352472e-01  1.573567e+00
 0.000000e+00 -6.844906e-01 -1.545441e-02  7.352472e-01  1.573567e+00
 0.000000e+00 -7.810024e-01 -1.266161e-02  7.352472e-01  1.573567e+00
 0.000000e+00  3.107536e-01 -3.746348e-02  7.352472e-01  1.573567e+00
 0.000000e+00 -2.363386e+00  2.701087e-02  7.352472e-01  1.573567e+00
 0.000000e+00 -1.982117e+00  2.004655e-02  7.352472e-01  1.573567e+00
 0.000000e+00 -6.790698e-01 -1.295911e-02  7.352472e-01  1.573567e+00
 0.000000e+00 -3.421022e-01 -2.184134e-02  7.352472e-01  1.573567e+00
 0.000000e+00  3.572201e+00 -1.087324e-01  7.352472e-01  1.573567e+00
 0.000000e+00  3.814619e+00 -1.157517e-01  7.352472e-01  1.573567e+00
 0.000000e+00 -1.958320e+00  1.318018e-02  7.352472e-01  1.573567e+00
 0.000000e+00  7.504051e-01 -4.594374e-02  7.352472e-01  1.573567e+00
 0.000000e+00 -2.619473e+00  3.309330e-02  7.352472e-01  1.573567e+00
 0.000000e+00  3.522383e+00 -1.100773e-01  7.352472e-01  1.573567e+00
 0.000000e+00 -1.434672e+00 -8.624275e-05  7.352472e-01  1.573567e+00
 0.000000e+00  3.181711e-01 -3.542769e-02  7.352472e-01  1.573567e+00
 0.000000e+00  1.627140e+00 -6.707982e-02  7.352472e-01  1.573567e+00
 0.000000e+00 -1.718328e+00  6.505313e-03  7.352472e-01  1.573567e+00
 0.000000e+00 -1.749939e+00  8.843006e-03  7.352472e-01  1.573567e+00
 0.000000e+00 -4.390843e-01 -1.804910e-02  7.352472e-01  1.573567e+00
 0.000000e+00  1.411078e+00 -6.419733e-02  7.352472e-01  1.573567e+00
 0.000000e+00  2.138316e+00 -7.967517e-02  7.352472e-01  1.573567e+00
 0.000000e+00  3.508764e+00 -1.094397e-01  7.352472e-01  1.573567e+00
 0.000000e+00 -4.304940e-01 -1.795781e-02  7.352472e-01  1.573567e+00
 0.000000e+00 -1.275451e+00 -3.561194e-03  7.352472e-01  1.573567e+00
 0.000000e+00 -1.096005e+00 -3.728704e-03  7.352472e-01  1.573567e+00
 0.000000e+00  2.723412e+00 -9.250980e-02  7.352472e-01  1.573567e+00
 0.000000e+00 -5.760536e-01 -1.237544e-02  7.352472e-01  1.573567e+00
 0.000000e+00 -5.328694e-01 -1.682292e-02  7.352472e-01  1.573567e+00
 0.000000e+00 -2.051705e+00  1.571158e-02  7.352472e-01  1.573567e+00
 0.000000e+00  4.346675e-01 -4.124115e-02  7.352472e-01  1.573567e+00
 0.000000e+00  2.353384e-01 -3.357318e-02  7.352472e-01  1.573567e+00
 0.000000e+00  1.543996e-01 -3.594860e-02  7.352472e-01  1.573567e+00
 0.000000e+00 -2.055008e+00  1.965643e-02  7.352472e-01  1.573567e+00
 0.000000e+00  7.345554e-01 -4.390179e-02  7.352472e-01  1.573567e+00
 0.000000e+00  3.531654e-01 -3.501261e-02  7.352472e-01  1.573567e+00
 0.000000e+00 -1.722003e-01 -2.704466e-02  7.352472e-01  1.573567e+00
 0.000000e+00 -1.307751e+00 -1.934100e-03  7.352472e-01  1.573567e+00
 0.000000e+00 -6.164553e-01 -1.671176e-02  7.352472e-01  1.573567e+00
 0.000000e+00 -9.781167e-01 -4.143754e-03  7.352472e-01  1.573567e+00
 0.000000e+00 -1.872149e+00  1.444030e-02  7.352472e-01  1.573567e+00
