-0.2067262441 -0.0911077715  0.0673560269  0.3241158335 -0.1059051056
-0.2038671907 -0.0710384791 -0.2777378620 -0.4113692067  0.9272423804
-0.2077978582 -0.1075320833 -0.3232026003 -0.2781322189  1.0376691843
-0.2030723124 -0.0725824559 -0.3969515976 -0.5382120058  1.1423367549
-0.2073681433 -0.1009561942  0.0482697299  0.3665649482 -0.1077330894
-0.1898941316 -0.0412872584  0.5154154269  0.8681482275 -1.3736899238
-0.2064486104 -0.0997734688 -0.2776093127 -0.1591264781  0.7650722223
-0.2055669311 -0.0713698848 -0.0199166646  0.1042230714  0.1301498059
-0.1993013705 -0.0898242856 -0.5924782777 -0.8564226166  1.7405160249
-0.2040123862 -0.0653679537 -0.2195228186 -0.3224590132  0.7536883581
-0.1993596058 -0.0757947459  0.3689273115  0.7193320964 -0.9254971028
-0.2040212267 -0.0622138552 -0.1284092792 -0.0760705065  0.3503582036
-0.2044459252 -0.0824095816 -0.3385750354 -0.4724403130  1.1193931861
-0.2015287356 -0.1503021178 -0.6135137595 -0.6844434748  2.0475052447
-0.1897935408 -0.1307844234  0.6161629856  1.2649948728 -1.7793922219
-0.1780972458 -0.1030041379  0.7804674048  1.4715751367 -2.3282881497
-0.1988366515 -0.1095989589  0.4034582955  0.9612082977 -1.1978429401
-0.2059159429 -0.0845401084  0.0715327828  0.3198693647 -0.1464140556
-0.1843513634 -0.0322623567  0.6673542680  0.9394345920 -1.5612625901
-0.2024249783 -0.0863274866  0.2229158660  0.6243861813 -0.6786191370
-0.1941642101 -0.0184309367  0.2987414228  0.3130619706 -0.5813280123
-0.2020669807 -0.0732348493  0.1848284829  0.5118538967 -0.5616944473
-0.2087464633 -0.1749953626 -0.2377405012  0.1764696261  0.7934138611
-0.1946376811 -0.0008720108  0.0556380109 -0.0322826741 -0.1468526436
-0.1943765321 -0.0059350979 -0.0700930883 -0.1868222395  0.0988747141
-0.1989825416 -0.0290174646 -0.1785957563 -0.4197901703  0.6102658377
-0.2009947069 -0.0388017276  0.0074776227  0.0594579394 -0.0307647976
-0.2035586602 -0.0696882947  0.1547058913  0.3631610359 -0.3247666589
-0.2053253063 -0.0813459282  0.0872531071  0.2771198204 -0.1059865133
-0.2025390835 -0.0550595890 -0.2803304972 -0.3879951920  0.7770224595
-0.2014528111 -0.0442638819 -0.2629341011 -0.4380881729  0.7681500135
-0.1974950905 -0.0422961914  0.2536088771  0.3708574842 -0.5412406037
-0.1978707922 -0.1145884808  0.3894694362  0.9817662805 -1.2164901722
-0.1917181612 -0.1209593252  0.5775267540  1.2608079831 -1.7618738951
-0.2040123862 -0.0653679537 -0.2195228186 -0.3224590132  0.7536883581
-0.2084119625 -0.1119766165 -0.1637211013 -0.0346109345  0.6498061838
-0.2012294100 -0.0945622309  0.2942017044  0.6120832670 -0.6562623085
-0.2040123862 -0.0653679537 -0.2195228186 -0.3224590132  0.7536883581
-0.2022178864 -0.1108139037 -0.5611492419 -0.7066835516  1.7175584081
-0.2046487045 -0.0672627529  0.0450016819  0.1755592637 -0.0216180239
-0.2082011430 -0.1055451567 -0.0114522616  0.2776703659  0.0779698231
-0.1839613774 -0.0715357089 -0.7463331854 -1.3773808270  2.1590889818
-0.2047496471 -0.1204499584 -0.4804280595 -0.4847528895  1.4622263847
-0.1975317842 -0.0322257591  0.0581145988  0.1650969716 -0.2659169149
-0.1887523814 -0.0070909662  0.3227896269  0.4970120847 -0.9370782622
-0.2032615016 -0.0687364553 -0.3361734745 -0.4881835360  1.0274490337
-0.2009579145 -0.0756931035  0.2414398470  0.5980684506 -0.7013253462
-0.2059293548 -0.0952331863 -0.3665552647 -0.3838261827  1.0992549753
-0.2013025375 -0.0791022405  0.3048159077  0.6555048259 -0.7817481975
-0.2069382233 -0.0832670591 -0.0844107356  0.0186906154  0.3548161272
 0.1080314139  0.0692865614  1.4730734194  0.2242205555  1.3756100807
 0.0975299801  0.2102432781  0.9059665884  0.4404981461  0.8600864205
 0.1189391396  0.0419484210  1.2940923025  0.1710031135  1.3627934048
 0.0414256255  0.4376663844 -0.3194241687 -0.7376897473 -0.7283271216
 0.1065751371  0.2034723374  0.8368215046  0.1672149968  0.9226840991
 0.0790815002  0.3528932264  0.0644056236 -0.0291973844 -0.0707154125
 0.1068888327  0.1680749255  0.7661785752  0.5194816861  0.9005542914
-0.0391288540  0.4176449635 -0.7062751186 -1.4291954696 -1.1784938198
 0.1022994675  0.1972540422  1.0578235220  0.1497453828  0.9962587905
 0.0259893313  0.4353633785 -0.4671946846 -0.5395950117 -0.9623671188
-0.0172975929  0.4313447258 -0.7645217971 -1.6374209551 -1.2069346680
 0.0705049492  0.3457259432  0.3235842634  0.2116059783  0.0616552636
 0.0460755235  0.4084977777  0.2432783961 -0.7202120715 -0.2817165202
 0.1023283582  0.2526344768  0.4808219625  0.2016094676  0.5656515948
 0.0108045888  0.4227965058  0.0734702320 -0.2665476686 -0.7563783908
 0.0939721560  0.1924953171  1.2125556482  0.3227425835  1.0304056656
 0.0801543540  0.3324444704 -0.0355457885  0.1869827337 -0.0915216016
 0.0470320125  0.4112782295  0.2654477023 -0.3334507358 -0.3047128321
 0.0939525964  0.2922572819  0.2611804793 -0.2813615803  0.2987871120
 0.0307146914  0.4426845896 -0.0629459968 -0.6415844193 -0.6503538204
 0.1077520006  0.1930500283  0.1939342194  0.5368502684  0.5281913214
 0.0573781274  0.3714770397  0.5390444563 -0.0227922159  0.0442397649
 0.1156915356  0.1877349671  0.4593826368 -0.0195978768  0.6960162376
 0.0970810206  0.2749695428  0.5172141046  0.0447400021  0.4845557308
 0.0832417604  0.2850478094  0.8832792566  0.1621252193  0.6231280098
 0.0939026385  0.2187457918  1.0798311387  0.2688946839  0.9318631559
 0.1145724044  0.1139740507  1.1466357236  0.0505422922  1.2066243081
 0.1263104636  0.0408552107  0.9729796970  0.2230310074  1.2431624266
 0.0922282413  0.2958527868  0.3546706106  0.2128793652  0.3646022608
-0.0017564851  0.4358481792  0.1176724629 -0.6609864972 -0.7633988349
 0.0205432030  0.4511130170 -0.2061232101 -0.8311774411 -0.8067992366
 0.0095944659  0.4519664526 -0.1753333801 -0.9140495207 -0.8492469655
 0.0391136882  0.4197781079  0.2086363596 -0.3058651415 -0.3956737536
 0.1197344738  0.1677374418  0.1494575094  0.1629007424  0.5247866856
 0.0733714825  0.3467073228 -0.2416881802  0.1131411239 -0.3338288248
 0.0891442614  0.2407298416  0.5158970782  0.5909022670  0.4748800956
 0.1111659676  0.1246785887  1.1411162825  0.3001123520  1.2021178641
 0.0866227041  0.3096143935  0.4935416640 -0.3004867266  0.3728495994
 0.0486874271  0.3964630130  0.0873042199 -0.0166819782 -0.4056671500
 0.0411968044  0.4358391832 -0.2357566440 -0.5598359070 -0.6748915365
 0.0643610121  0.3980996290 -0.1859087550 -0.3507034955 -0.4507942024
 0.0967839266  0.2651294660  0.5361243424  0.2657689504  0.5425018483
 0.0470033799  0.4178060918  0.1572636279 -0.3667901607 -0.3473879766
-0.0352193667  0.4238159461 -0.6644419027 -1.4628789423 -1.1476512993
 0.0576438607  0.4064953914 -0.0584165809 -0.2495619425 -0.4007554587
 0.0557256349  0.3845040673  0.2215560130  0.0102300416 -0.2448105978
 0.0596881142  0.3870815261  0.1392185162 -0.0313647910 -0.2385035989
 0.0794843274  0.3163669836  0.6732376686  0.1368814434  0.4098366073
-0.0553100642  0.3943275439 -0.5199722332 -1.2488656033 -1.0840953910
 0.0533840933  0.4036077150  0.1018343165 -0.1507095910 -0.3281854736
 0.1387049155 -0.3717110434 -0.6226009844  0.2903416131 -0.2529317141
 0.1336441537  0.0193209845 -1.1388114947  0.6284634538 -0.2543203850
 0.1435560900 -0.4256744333  0.2152472884 -0.3998426463 -0.1131038114
 0.1482068389 -0.1893312914 -0.5282861826  0.3674232332  0.0773014969
 0.1483467477 -0.3224438880 -0.4365368481  0.2126807058 -0.0391313348
 0.1160421289 -0.5721942665  0.6221612786 -1.4522764536 -1.2124399003
 0.0785330394  0.2528456463 -1.7241564376  0.0430595925 -1.4636990797
 0.1318866867 -0.4854601009  0.4712102934 -0.9608266691 -0.5937212713
 0.1456197706 -0.2819723026 -0.2234310766 -0.1367816495 -0.0856047752
 0.1277859803 -0.5166108832  0.3026275855 -0.5849401024 -0.4494920332
 0.1438023632 -0.1425918223 -0.2687493701  0.6323611156  0.4816730585
 0.1472183703 -0.1315341859 -0.5251661201  0.4026546130  0.1878307215
 0.1493224910 -0.2927048867 -0.0837384877  0.1706637096  0.2942352199
 0.1274988289  0.0545625173 -1.3196111651  0.5596524741 -0.4528118192
 0.1328633332 -0.0517075753 -1.2703867505  0.8127971040 -0.2136861038
 0.1453238787 -0.2102339912 -0.5137750601  0.6470587302  0.3031415993
 0.1492223212 -0.2059102293 -0.2781454709  0.3302819128  0.2623403332
 0.1008266916 -0.5897817337  0.7628539033 -1.5408046612 -1.3453398769
 0.1002602756 -0.5835175120  0.5341878268 -1.7201592555 -1.7199052653
 0.1249279038  0.0810622517 -0.9057725493  0.1594670399 -0.3451818593
 0.1455095672 -0.3839270698 -0.0028070757 -0.0007199228  0.1061783881
 0.1235050035  0.0757275582 -1.3090029193  0.7112489782 -0.4275218291
 0.1099775867 -0.5693360483  0.6682183207 -1.6126398294 -1.3718944998
 0.1372707467 -0.0007576597 -0.5613771692  0.5108058174  0.1996921109
 0.1472327277 -0.3377907435 -0.0958816040  0.1686800373  0.1780195601
 0.1390787043 -0.4367476403  0.4732852393 -0.5792764867 -0.1267885814
 0.1330298444  0.0345184815 -0.6214248787  0.5956939391  0.1490830684
 0.1342709326  0.0144515669 -0.6648698407  0.7074531279  0.1453628405
 0.1493824296 -0.2364152126 -0.5753929797  0.3434068345  0.0402224748
 0.1407770837 -0.3658717180  0.5028088386 -0.4657791033  0.1225201762
 0.1340063402 -0.4685295887  0.5016883810 -0.8898943504 -0.4192438752
 0.1035555369 -0.5632285639  0.9579561557 -1.4704605706 -0.9925100915
 0.1488457956 -0.2477703577 -0.6127787936  0.3612815004  0.0205415297
 0.1385252930 -0.0202552235 -0.4086961356  0.4153591208  0.2193096474
 0.1385851199 -0.0902536556 -0.6584596042  0.2238135670 -0.1447059880
 0.1240200327 -0.5333085596  0.6444722160 -1.1159907334 -0.6530939616
 0.1422820233 -0.2843028663 -0.5840223833  0.5828800033  0.1113248394
 0.1481647789 -0.1941954895 -0.3508859158  0.4217261233  0.2492568580
 0.1289590406  0.0540711084 -0.7561069390  0.7293006078  0.0355453677
 0.1475715211 -0.2908146650  0.0566086061  0.1809614497  0.4140387262
 0.1467928785 -0.3357408502 -0.2768583107  0.2381970987  0.1379637152
 0.1426484132 -0.2406208381 -0.0120342779  0.3890675059  0.5589312433
 0.1336441537  0.0193209845 -1.1388114947  0.6284634538 -0.2543203850
 0.1445144599 -0.4102161881 -0.1002503231 -0.0736670562 -0.0987006203
 0.1430415001 -0.3751667686 -0.2495304449  0.2014990605  0.0578012971
 0.1459758626 -0.2256830945 -0.2603634770  0.4520170216  0.4210474269
 0.1390394407 -0.0271151572 -0.6801484458  0.4286172885  0.0978953669
 0.1470794991 -0.1549352139 -0.3497898197  0.5262111653  0.3887376926
 0.1415761471 -0.2112564184 -0.6476696283  0.7496111600  0.2045416654
 0.1354284281 -0.0018875735 -0.8925721138  0.7212735299 -0.0326321675
