-1.965414e+02 -5.501147e+01  3.653638e+01 -1.319079e+01 -2.206746e+01 -3.457560e+01  2.123930e+01  1.014059e+01 -1.365446e+01 -1.195208e+00 -8.891456e-03 -8.870443e+00 -3.584331e-01
-1.725207e+02 -1.077019e+01  6.618400e+00 -8.766647e+00 -4.682146e+00 -5.121997e+00  1.101982e+00  2.755385e-01 -1.048161e-01  1.018426e-01 -5.995114e-04 -4.465216e+00 -3.023569e-02
-3.115625e+02  5.216949e+00  3.352640e+00  2.878008e-01 -9.127260e-01 -1.310947e+00  5.877859e-01  3.060856e-01 -4.348987e-01 -8.783056e-02  2.980419e-03  3.091490e+00  5.007967e-02
-6.201406e+02  3.550327e+01 -2.336792e+01 -1.454771e+01  1.646534e-01  1.016592e+00 -7.681966e-01 -3.701639e-01  5.032934e-01  5.684683e-02 -1.066336e-03 -1.607927e+00 -2.385166e-02
 1.611379e+02 -4.088037e+01 -4.351339e+01  2.594320e+01  7.502884e+00 -1.184950e+01  2.032684e+01 -5.992652e+00  1.819789e+01  9.269200e+00  1.739917e+00 -4.309275e-02  6.349450e+00
-5.903396e+02  3.270144e+01 -1.971665e+01 -1.106254e+01  6.819239e-01  1.618677e+00 -1.092864e+00 -5.258285e-01  7.159945e-01  8.303405e-02 -1.616231e-03 -2.456405e+00 -3.668111e-02
-4.399329e+02  7.553440e+00  1.999012e+01  2.832312e+01  5.087204e+00  5.286558e+00 -2.193987e+00 -9.756076e-01  1.267151e+00  1.321680e-01 -2.429012e-03 -3.262708e+00 -4.788697e-02
-4.356558e+02  1.783945e+01 -2.878434e+00  2.795747e+00  2.011667e+00  2.881684e+00 -1.693799e+00 -7.948947e-01  1.066573e+00  1.080888e-01 -1.480614e-03 -2.451396e+00 -3.375007e-02
-1.661626e+02 -1.190692e+01  6.778523e+00 -9.239455e+00 -4.640171e+00 -4.656592e+00  3.966076e-01 -1.576001e-01  5.696054e-01  2.110796e-01 -3.451701e-04 -4.646471e+00 -1.266410e-03
-1.672620e+02 -8.826418e+00  5.063694e+00 -8.602269e+00 -3.493073e+00 -2.736997e+00 -9.352340e-01 -8.279720e-01  1.500172e+00  2.960057e-01  1.567069e-03 -2.963052e+00  5.390935e-02
-6.503274e+02  3.833906e+01 -2.704682e+01 -1.804547e+01 -3.471289e-01  4.277217e-01 -4.569797e-01 -2.221628e-01  3.022868e-01  3.293458e-02 -5.904722e-04 -8.905232e-01 -1.315407e-02
-4.309766e+02  4.579044e+00  2.386178e+01  3.122290e+01  4.883421e+00  4.606830e+00 -1.584470e+00 -6.544987e-01  8.037383e-01  6.318783e-02 -7.934899e-04 -6.857766e-01 -8.671111e-03
-4.705538e+02  8.584057e+00  2.323398e+01  3.448417e+01  6.689550e+00  7.329728e+00 -3.347477e+00 -1.557562e+00  2.091318e+00  2.621665e-01 -6.050200e-03 -8.799778e+00 -1.351610e-01
-2.837890e+02 -8.331935e+00  1.409543e+01  1.248722e+00 -5.509114e+00 -9.380762e+00  6.229286e+00  3.158935e+00 -4.451847e+00 -6.291928e-01  1.388040e-02  1.961981e+01  2.893548e-01
-6.874282e+02  4.181332e+01 -3.155149e+01 -2.233064e+01 -9.774666e-01 -3.006738e-01 -6.966673e-02 -3.760478e-02  5.127205e-02  2.849853e-03  1.528873e-05  2.780736e-02  5.845361e-04
-4.531324e+02  1.766036e+01  9.852571e-01  8.755005e+00  3.278290e+00  4.342039e+00 -2.396117e+00 -1.133646e+00  1.532019e+00  1.752734e-01 -3.243228e-03 -4.890676e+00 -7.164513e-02
-4.203977e+02  1.637384e+01 -9.945233e-01  4.540808e+00  2.233802e+00  3.105890e+00 -1.784274e+00 -8.316723e-01  1.109997e+00  1.078709e-01 -1.267911e-03 -2.037997e+00 -2.633843e-02
-2.547519e+02 -6.384718e-01  4.665149e+00 -3.504962e+00 -2.879582e+00 -3.895573e+00  1.810031e+00  8.550098e-01 -1.140085e+00 -1.460286e-01  3.109724e-03  2.020014e+00  2.712928e-02
-8.192225e+02  5.430852e+01 -4.790740e+01 -3.796403e+01 -3.290717e+00 -2.987047e+00  1.378239e+00  6.573129e-01 -8.991302e-01 -1.149713e-01  2.517903e-03  3.905443e+00  5.937664e-02
 4.600889e+01 -1.678800e+01 -8.827751e+00 -2.132175e+00  9.328897e+00  7.379419e+00 -6.899339e-01  3.913621e+00 -6.857175e+00 -1.783300e-01 -1.048165e-01  2.167282e-01 -7.463284e-01
 1.163786e+02 -2.075260e+01 -2.106704e+01  9.595571e+00  9.717557e+00 -6.195444e+00  1.759453e+00  2.966548e+00  1.326553e+00  1.463898e+01  4.651371e-01  1.711633e-02  3.551884e-01
 1.302174e+02 -2.568414e+00 -6.943550e+00  1.155132e+00  3.901528e+00  2.070594e+00  5.447423e+00 -1.494031e+00  2.785525e+00 -4.302829e+00  1.749663e-01 -2.086666e-01  8.189803e+00
-1.566178e+02 -1.117379e+01  5.703962e+00 -9.338825e+00 -3.769181e+00 -2.887939e+00 -1.075016e+00 -9.200863e-01  1.657112e+00  3.341223e-01  5.885278e-04 -3.588327e+00  4.666420e-02
-1.366970e+02 -1.195007e+01  4.712974e+00 -1.001688e+01 -2.563009e+00  1.849334e-01 -4.159893e+00 -2.651678e+00  4.227979e+00  6.767622e-01  3.024894e-03 -1.618700e+00  1.762753e-01
 3.751395e+01 -5.309336e+01 -1.712941e+01 -2.847595e+00  2.030477e+01  2.167516e+01  8.570601e+00  1.215035e+01 -2.322522e+01 -5.614904e+00 -3.272605e-02 -1.413214e+00 -3.988172e+00
 6.387220e+01 -9.536818e+00 -8.183728e+00 -7.121309e-01  7.503748e+00  3.269731e+00 -1.629369e+00  2.880950e+00 -4.153379e+00  1.333213e+00 -1.363176e-01 -6.673705e-03  3.284082e-01
-3.233768e+02 -3.728035e+00  1.432253e+01  6.332542e+00 -3.345730e+00 -6.504865e+00  4.756984e+00  2.484015e+00 -3.568665e+00 -5.562517e-01  1.414957e-02  2.071774e+01  3.173974e-01
-4.357713e+02  4.680376e+00  2.453389e+01  3.239386e+01  5.174853e+00  4.978802e+00 -1.798627e+00 -7.632722e-01  9.585374e-01  8.793850e-02 -1.485077e-03 -1.761568e+00 -2.561724e-02
-2.503940e+01 -1.888180e+01 -1.499586e+00 -8.195037e+00  3.873944e+00  6.824564e+00 -6.470437e+00 -1.810932e+00  2.438090e+00  8.992507e-01 -6.103244e-02  1.887867e+00  6.901258e-02
-1.566999e+02 -9.672396e+00  4.873741e+00 -9.062355e+00 -3.185409e+00 -1.811557e+00 -1.941139e+00 -1.391286e+00  2.340257e+00  4.123959e-01  1.986787e-03 -2.675325e+00  8.951585e-02
-4.348618e+02  6.036332e+00  2.192630e+01  2.974075e+01  5.002938e+00  5.013530e+00 -1.977751e+00 -8.655220e-01  1.112225e+00  1.102236e-01 -1.865277e-03 -2.491858e+00 -3.581843e-02
-6.552321e+02  3.881422e+01 -2.767688e+01 -1.865071e+01 -4.365439e-01  3.239784e-01 -4.006727e-01 -1.949835e-01  2.649446e-01  2.816746e-02 -4.845810e-04 -7.236885e-01 -1.059846e-02
-1.107303e+02 -1.279299e+01  3.512916e+00 -1.043295e+01 -1.202174e+00  2.840326e+00 -6.270089e+00 -3.594742e+00  5.505109e+00  8.059786e-01  2.639120e-03 -9.830362e-02  2.277135e-01
-3.738773e+02  1.163861e+01  1.825215e+00  4.342761e+00  1.258519e+00  1.595548e+00 -8.566024e-01 -3.617300e-01  4.456116e-01  4.604657e-03  1.571768e-03  2.069300e+00  3.802458e-02
-2.192669e+02 -4.245329e+00  5.320224e+00 -5.839947e+00 -3.907641e+00 -5.079666e+00  2.190019e+00  9.840343e-01 -1.260126e+00 -1.228982e-01  1.353718e-03 -1.297611e+00 -3.007354e-02
-3.267835e+01 -1.244245e+01 -1.550776e+00 -7.030983e+00  3.268904e+00  4.842685e+00 -4.981350e+00 -6.213976e-01  5.514871e-01  5.636591e-01 -6.910061e-02 -2.731675e-01 -5.801062e-01
 8.940981e+00 -1.235048e+01 -3.964695e+00 -5.436814e+00  5.115701e+00  5.946907e+00 -5.629677e+00 -6.666525e-01  8.572130e-01  1.066464e+00 -8.199465e-02  2.154881e+00  1.487632e-01
-2.277099e+02 -1.280392e+01  1.188341e+01 -5.160588e+00 -6.542323e+00 -9.423899e+00  4.879137e+00  2.238850e+00 -2.924506e+00 -2.710970e-01  4.254813e-03  3.270664e+00  5.841411e-02
-1.414308e+02 -1.076120e+01  4.494236e+00 -9.578403e+00 -2.638070e+00 -4.709858e-01 -3.225625e+00 -2.048618e+00  3.288412e+00  5.331909e-01  2.036120e-03 -2.160742e+00  1.268536e-01
 1.345792e+02 -2.905637e+01 -2.952986e+01  1.591804e+01  9.303470e+00 -1.095892e+01  3.137065e+00  1.641708e+00  5.199889e+00  2.041611e+01  3.518112e-01  3.573040e-01 -9.857260e+00
 1.008125e+02 -6.684243e+00 -1.011469e+01  2.564267e+00  6.558302e+00 -1.915210e+00 -1.253166e+00  1.844810e+00 -5.993709e-01  3.789610e+00 -1.748121e-01 -5.620910e-02  2.729504e+00
-1.560557e+02 -1.900900e+01  9.495139e+00 -1.085385e+01 -5.695215e+00 -5.289276e+00 -1.693165e-01 -6.746557e-01  1.485778e+00  4.208016e-01 -1.149841e-03 -4.479427e+00  5.727025e-02
-2.170767e+02 -1.072232e+01  9.628190e+00 -6.073948e+00 -5.805874e+00 -8.008457e+00  3.840029e+00  1.727329e+00 -2.220932e+00 -2.039242e-01  4.350773e-03  3.176447e+00  6.543390e-02
 2.323092e+02  1.377668e+00 -1.260958e+01  1.019349e+01 -8.323772e+00 -7.539489e+00 -8.760912e+00 -3.599452e+00 -5.953255e-01 -1.140280e+01 -4.725173e-02  3.485188e-02 -3.040691e-01
 3.058430e+00 -1.404042e+01 -3.801784e+00 -6.112396e+00  5.630610e+00  7.379369e+00 -5.537777e+00 -2.570399e-01 -2.533119e-01  4.614602e-01 -7.449444e-02  2.169351e+00 -4.255184e-01
-2.047622e+02 -8.142226e+00  7.203508e+00 -7.031698e+00 -5.223823e+00 -7.042354e+00  3.305247e+00  1.495705e+00 -1.927628e+00 -1.637875e-01 -7.786847e-05 -3.495617e+00 -7.753994e-02
-1.879453e+02 -7.122704e+00  5.364815e+00 -7.623142e+00 -3.977967e+00 -4.340367e+00  9.037438e-01  2.144976e-01 -6.742561e-02  7.010734e-02  9.180666e-04 -3.057277e+00 -9.942198e-03
-1.076001e+02 -1.913429e+01  5.329986e+00 -1.163602e+01 -1.796739e+00  2.306039e+00 -5.948357e+00 -3.386861e+00  5.180538e+00  7.866540e-01 -2.826390e-03 -6.654890e-01  1.555931e-01
-1.830159e+02 -1.013341e+01  6.948436e+00 -8.324498e+00 -4.967427e+00 -5.829084e+00  1.756764e+00  6.009885e-01 -5.675411e-01  4.330671e-02 -1.179168e-04 -4.326668e+00 -3.711548e-02
-4.078565e+02  6.704137e+00  1.616363e+01  2.145151e+01  3.417921e+00  3.244393e+00 -1.116043e+00 -4.407515e-01  5.179139e-01  1.694168e-02  7.472902e-04  1.431140e+00  2.590894e-02
-2.832597e+02 -6.093288e+00  1.194694e+01  5.988770e-01 -4.770834e+00 -7.998574e+00  5.214487e+00  2.642149e+00 -3.720959e+00 -5.301499e-01  1.187949e-02  1.649137e+01  2.436902e-01
-4.202654e+02 -2.328850e+00  3.385944e+01  3.936925e+01  4.622290e+00  3.230843e+00 -2.617228e-01  4.335249e-02 -2.029004e-01 -8.485199e-02  2.704312e-03  4.795503e+00  7.489659e-02
-3.238637e+02  6.463625e+00  3.114385e+00  1.065225e+00 -5.737706e-01 -9.331436e-01  4.861684e-01  2.786230e-01 -4.197609e-01 -1.007408e-01  3.620282e-03  4.287477e+00  6.893739e-02
-5.156183e+02  2.563638e+01 -1.049436e+01 -2.262593e+00  1.979065e+00  3.120352e+00 -1.897082e+00 -9.106884e-01  1.241195e+00  1.473214e-01 -2.955536e-03 -4.515189e+00 -6.774848e-02
-1.901725e+02 -3.248680e+01  2.140526e+01 -1.095758e+01 -1.346454e+01 -2.015856e+01  1.157807e+01  5.442029e+00 -7.234243e+00 -5.890395e-01 -6.449608e-03 -8.292108e+00 -2.468121e-01
-2.449956e+02 -2.631408e+00  5.690239e+00 -4.074966e+00 -3.571570e+00 -4.965869e+00  2.463534e+00  1.172909e+00 -1.575634e+00 -1.972125e-01  3.885444e-03  3.078317e+00  4.049659e-02
-8.610802e+01 -1.446427e+01  2.761061e+00 -1.116788e+01 -9.009636e-02  5.480968e+00 -8.753310e+00 -4.880258e+00  7.362249e+00  1.039221e+00  3.398717e-03  1.461197e+00  3.129435e-01
-4.189203e+02  5.897478e+00  1.961649e+01  2.602347e+01  4.180812e+00  4.020599e+00 -1.437612e+00 -5.940359e-01  7.282767e-01  5.046398e-02 -2.833359e-04 -5.346621e-02  2.048973e-03
-4.330559e+02  1.023854e+01  1.356380e+01  2.103115e+01  4.230231e+00  4.663347e+00 -2.115783e+00 -9.564505e-01  1.254932e+00  1.283993e-01 -2.033507e-03 -2.851745e+00 -3.988466e-02
-9.454224e+01 -1.531474e+01 -3.887366e+00  2.893597e-01 -3.832840e+00 -9.604039e-01  7.859172e+00 -1.684649e+00 -1.078466e+00 -1.005320e+00  3.207040e+00  7.969622e+00 -3.024399e+00
 2.279062e+02  5.145087e+00 -7.188816e+00  5.798837e+00 -5.318264e+00 -4.528231e+00 -6.105613e+00 -2.290525e+00 -1.014605e+00 -6.035928e+00  2.798805e-01 -1.561196e-02  1.778710e+00
-1.372367e+01  1.826232e+01 -1.053972e+00 -5.199566e+00 -2.237534e+00  7.705304e+00  1.210941e+00  1.904708e+00  1.228068e+00 -5.389872e-01  1.882152e+00 -1.114824e+00 -1.839504e-01
 2.940921e+02  1.648376e+01  3.930815e+00 -7.453368e-01 -6.940937e+00  3.345097e+00 -2.309302e+00  7.050880e+00  8.812609e-01  1.954574e+00  5.034087e-01  1.387134e-02 -1.447327e+00
 1.865603e+01  4.743628e+00 -2.028544e+00 -1.875952e+00 -1.383298e+00 -2.901386e+00 -3.329160e-02  1.043353e+00 -2.322527e+00 -1.364106e-01  1.865181e+00  4.407718e-01  2.467552e+00
 9.712933e+01 -2.515794e+00 -3.763079e+00  1.937674e+01  8.069055e-01  4.465590e+00  1.130518e-01  8.914261e-01 -3.458760e-01  5.314206e+00  1.904649e+00  1.956780e-01  4.796495e-01
 2.287250e+02  7.505468e+00 -4.056519e+00  3.373836e+00 -4.445703e+00 -2.126160e+00 -4.051346e+00 -1.929388e+00 -1.332237e+00 -2.554034e+00  1.049668e+00 -5.422516e-02  3.884452e+00
-7.322253e+01 -1.387688e+01 -1.461128e+01 -3.963379e+00 -4.105322e+00  4.858274e+00  4.922094e-01 -1.999849e+00  3.335033e-02  1.361966e+00 -2.953089e+00 -3.490178e+00  3.959073e-01
-8.130038e+01 -1.694975e+01 -1.326363e+01 -2.369092e+00 -7.071499e+00  6.698659e-01  1.141819e+00  4.558431e+00  2.248491e+00  2.123479e-01 -1.037924e+00 -1.721251e-01 -7.375827e-01
 1.507438e+02 -1.439623e+01 -2.031497e+01  1.095575e+01  6.106761e+00 -6.419341e+00  8.954809e+00 -2.026606e+00  9.055391e+00  7.378768e+00  1.624135e-01 -1.188721e-02  2.749207e+00
 1.812777e+02 -3.498376e+01 -3.930702e+01  2.643165e+01 -1.895259e+00 -2.536933e+01 -3.198910e+01  8.208366e+00 -1.387794e+01  1.041545e+01  2.468080e+00 -2.596263e-01  1.143446e+01
 1.731128e+01 -1.600311e+01 -5.738434e+00 -4.760683e+00  7.619641e+00  8.128713e+00 -2.914672e+00  2.420214e+00 -4.931283e+00 -4.436054e-01 -9.500139e-02  6.164280e-01 -1.406689e+00
 2.801912e+01  8.670974e+00 -7.253622e+00  2.545465e-01 -6.993683e-01 -9.964997e+00 -3.803370e-01 -1.578539e+00 -2.671635e+00  1.687911e+00 -2.250876e+00 -5.697691e-01 -2.677849e+00
-3.951200e+01 -4.573340e+00 -6.682927e+00 -3.404005e+00  9.225231e+00  1.925304e+00  2.064681e+00 -6.650017e-01 -1.485610e-01 -1.301086e+00  3.333048e+00 -1.803350e+00 -2.327993e+00
-9.984664e+01 -9.787388e+01  2.836992e+01 -3.164607e+01 -9.474255e+00  4.083909e+00 -1.230503e+01 -9.117661e+00  1.386897e+01  1.583560e+00  1.353828e-02 -9.402972e-01  2.724341e-01
 8.407309e-01 -1.587153e+01 -4.507869e+00 -5.386916e+00  6.515815e+00  7.052191e+00 -2.850164e+00  2.206395e+00 -4.504628e+00 -3.568783e-01 -9.890659e-02 -4.067828e-01 -1.518545e+00
 1.018003e+01  2.149627e+01 -2.578976e+00 -3.468558e+00 -5.809385e+00  2.501236e+00  1.433278e-01  1.357643e-01 -2.367381e-01  9.375403e-01 -1.059387e+00  1.954740e+00 -2.603845e-01
 4.806241e+01  5.277328e-01 -4.243538e-01  9.720540e-01 -1.044459e+00 -1.674110e+00 -3.472903e-02 -5.621640e-01  7.221075e-01  1.167615e+00  1.095303e+00  1.832884e-01  6.772152e-01
-7.244590e+01  1.326554e+01  1.780188e+01  1.719016e+00 -1.289098e+01  4.922218e+00 -3.058676e+00 -7.251276e+00 -2.914132e+00 -8.236809e-01  4.017304e+00 -2.068994e+00 -2.158675e+00
 1.448879e+02 -4.635143e+01 -4.492597e+01  2.669651e+01  9.656145e+00 -2.111662e+01 -4.320313e+00  7.731845e-01  5.922345e+00 -6.023702e+00 -4.788008e+00  2.915307e-01 -1.504889e+01
-2.836624e+01  1.356502e+01  1.428358e+00 -4.904089e+00 -2.304358e+00  1.095401e+01  2.036161e-01 -2.435791e-01  2.545556e+00  1.247746e+00 -4.283909e+00  1.630103e+00 -4.073390e+00
 1.643896e+02 -1.641512e+01  1.171319e+01 -1.911617e+01 -3.438198e-01 -1.966717e+00 -8.209814e-02 -1.497956e+00  2.950042e+00  2.102892e+00  7.934325e-01  4.358883e-02  1.361666e-01
 1.916417e+02  2.524577e+00 -5.205814e+00  1.929629e+00 -2.461101e-01  4.107685e+00  1.376359e+01 -5.807495e+00  9.268617e+00 -6.055598e+00 -1.323010e+00  2.476057e-01 -9.240075e+00
 3.105673e+02  1.123666e+01 -4.000144e+00  6.406079e+00 -2.694859e+01  1.397645e+01  1.933945e-01  2.073054e+01  8.557549e+00 -3.709128e-01  4.907785e+00  1.969966e-02 -1.152933e+00
-8.768758e+01 -1.274445e+01 -4.913414e-01  7.143900e-01 -4.142767e+00 -6.671921e-01  6.477208e+00 -8.774269e-01 -2.553107e-01  6.016526e-02 -7.273346e-01 -2.016623e+00  1.448677e+00
-9.338834e+01 -9.952483e+00  8.020911e+00  3.017416e+00  4.104270e+00 -3.562182e+00 -1.657915e+00 -8.955907e-01 -1.213816e+00 -1.259894e+00  4.118728e+00  4.438313e+00 -2.700463e+00
-1.337010e+01  1.571854e+01  9.883145e-01 -4.280769e+00 -3.005360e+00  7.701109e+00  1.593539e+00  1.372271e+00  1.322233e+00  4.264230e-01  6.170092e-01 -6.785200e-01 -1.622163e+00
-6.506352e+01 -8.011095e+00 -4.245488e-01 -2.767489e-01 -1.074961e+00  5.390351e-01 -1.329476e+01  9.271008e-01  1.113205e-02  9.668588e-02  5.661414e-01 -4.044410e+00  1.685433e-01
 3.678865e+02  2.564484e+01  1.585326e+01 -9.854461e+00  1.447138e+01 -4.862928e+00 -1.074019e+00  4.033745e+00  2.606933e+00 -7.033076e-01 -5.271875e+00 -1.995436e-02  1.383150e+00
 2.332032e+02  7.994240e+00 -2.060081e+00  1.462013e+00 -4.727803e+00  3.747626e+00  4.782039e+00 -3.010617e+00  1.349909e+00  1.832722e+00  2.024774e+00 -2.105275e-02  3.214483e+00
 3.183722e+02  1.014345e+01 -5.790080e+00  8.114702e+00 -3.219116e+01  1.697725e+01  7.722083e-01  2.640803e+01  1.172126e+01 -1.275050e+00  7.766942e+00  2.705963e-02 -1.482630e+00
-5.056957e+01 -6.458673e+00 -9.712251e+00 -4.224432e+00  6.685813e+00  5.434200e+00  1.056709e+00 -7.152276e+00 -2.413285e+00  4.367413e-02  1.342260e-01  5.419299e-02  7.334977e-01
-1.176073e+01 -1.257063e+00 -8.001753e+00 -3.313671e+00  7.980652e+00 -3.224389e+00  2.537795e+00  6.543757e+00  4.166530e-01 -1.391845e+00  4.422202e+00 -1.437295e+00  4.240983e+00
-6.374510e+01 -1.048405e+01 -9.815918e+00 -3.198645e+00 -4.531515e+00  4.489426e+00  1.827338e+00 -3.439063e+00 -9.830054e-01  7.966525e-01 -1.892281e+00 -1.450354e+00  1.716329e+00
 1.526045e+02 -1.477165e+01  1.024597e+01 -1.508817e+01 -2.776421e-01 -7.642895e-01 -2.987976e-02 -6.690982e-01  1.528402e+00  2.031470e+00  7.662390e-01  6.072077e-02  1.757899e-01
 1.048153e+02 -6.002661e+00  6.125134e-01  1.103769e+01  4.098304e-01  5.295275e+00  2.052706e-01  3.034628e+00 -5.212704e+00 -1.611211e+00 -5.736357e-01  1.606382e-02  8.403200e-02
-5.064715e+01 -1.188096e+02  1.545034e+01 -3.118182e+01  2.254571e+00  2.104200e+01 -1.378724e+01 -8.704541e+00  1.149055e+01  1.515223e-01  5.911233e-02  5.054338e+00  6.246210e-01
 3.136582e+02  9.536121e+00 -5.594791e+00  7.348155e+00 -2.378184e+01  1.004146e+01  5.124800e+00 -3.105720e+01 -1.891457e+01  6.963691e+00 -1.080981e+01  1.292078e-03 -7.281849e-01
 1.121775e+01  7.045151e+00 -3.417120e+00 -1.895693e+00 -4.279133e-01 -3.589356e+00  1.034343e+00  1.418126e+00 -2.592072e+00  2.018089e+00 -4.595688e-01 -3.375660e-01 -1.070331e+00
 2.521493e+02  1.244781e+01  2.347829e+00 -1.212810e+00 -4.260332e+00  5.226078e+00  3.881235e+00 -1.107884e+00 -1.056686e+00  7.505919e+00  2.034037e+00 -6.276116e-02  3.614394e+00
 3.318106e+01  2.766392e+00 -1.383174e+00 -4.867270e-01 -1.293733e+00 -3.031272e+00 -5.770529e-02  5.351832e-02 -1.472931e+00  1.137752e+00  7.318091e-01  1.894789e-01  4.681767e-01
 1.950164e+02  4.957757e+00 -3.780101e+00  1.526488e+00 -8.214370e-01  1.288522e+00  4.844834e+00 -3.376894e+00  3.724664e+00 -4.666638e+00 -2.513807e-01  5.490620e-02 -1.375537e+00
 3.667590e+02  2.553328e+01  1.570497e+01 -9.740680e+00  1.418259e+01 -4.748345e+00 -1.091353e+00  4.033365e+00  2.546280e+00 -6.419347e-01 -5.144093e+00 -1.908510e-02  1.311990e+00
-1.916908e+00  2.044483e+01 -2.447056e+00 -4.724410e+00 -3.698254e+00  5.365644e+00  6.307069e-01  2.306178e+00  7.625443e-01 -1.660219e-02  1.084185e+00  1.075846e+00  2.203609e+00
 2.416055e+01  5.310096e+00 -3.057874e+00 -1.300018e+00 -1.462304e+00 -4.228844e+00 -3.020241e-02  6.488285e-01 -2.486172e+00  1.001442e+00  6.920434e-01  6.245514e-01  1.166320e+00
 2.393015e+02  1.055794e+01  1.342929e-01  2.225410e-01 -3.865656e+00  2.606660e+00  1.346516e+00 -1.483103e+00 -9.101380e-01  3.912094e+00  1.921816e+00 -7.170856e-02  4.705751e+00
 1.281482e+02 -1.129234e+01  7.204610e+00 -7.176617e+00 -1.840108e-01  1.398361e+00  6.706904e-02  9.491776e-01 -1.466479e+00  4.761091e-01  1.518823e-01  3.123615e-02  5.557491e-02
-7.881171e+01 -1.641792e+01 -1.190738e+01 -1.957004e+00 -6.008884e+00 -3.725347e-01  3.335431e+00  3.990225e+00  1.707664e+00 -2.361062e-01 -5.222598e-01  3.130344e+00  1.865294e-01
-5.598498e+01 -8.480470e+00 -4.547661e+00 -1.664935e+00 -4.870818e-01  1.035698e+00 -2.986530e+00 -2.087924e+00 -1.571567e+00 -9.535854e-01  2.500569e+00  1.584070e+00  8.403515e-01
 1.316631e+02 -1.179139e+01  7.367433e+00 -6.547315e+00 -8.052945e-02  2.044857e+00  9.189453e-02  1.316139e+00 -1.908437e+00  2.054845e+00  7.315009e-01  1.046877e-01  2.596515e-01
 2.271159e+02  8.851706e+00 -1.776741e+00  1.414504e+00 -3.478615e+00  4.292640e-01 -6.769472e-01 -1.898755e+00 -6.559953e-01  5.001353e-01  1.532058e+00 -6.096940e-02  4.508659e+00
 3.645178e+02  2.452803e+01  1.465060e+01 -9.061317e+00  1.452557e+01 -5.800658e+00 -1.817206e-01 -6.877337e+00 -2.774873e+00 -6.645567e-01  1.216162e+01  3.163195e-02 -1.906861e+00
 1.179097e+02 -9.857974e+00  6.208904e+00 -5.526933e+00 -2.480773e-01  1.426865e+00  7.114831e-02  1.032716e+00 -1.781824e+00 -1.071775e+00 -4.112330e-01 -2.894780e-02 -1.099421e-01
 3.166730e+02  1.987492e+01  8.427785e+00 -4.268521e+00  1.886511e+00 -5.174985e-01 -1.439609e+00 -2.066192e+00 -3.084769e+00  2.445364e+00 -1.359349e+00  1.064653e-02 -1.264693e+00
 4.162038e+00  4.938369e+00 -5.686311e-01 -2.317203e+00 -8.671874e-01 -2.312258e-01  1.336762e+00  1.966528e+00 -1.044686e+00 -9.164492e-02  1.733886e+00  1.865860e-01  1.955482e+00
 5.709153e+01  1.806014e+00 -3.345007e+00  6.601105e+00 -6.806832e-01 -3.497540e+00 -1.800031e-01 -3.658113e+00  6.438030e+00 -1.311772e+00  1.372292e-01 -3.568432e-02  1.231828e-01
 3.064432e+01  7.113470e+00 -5.769081e+00  2.635024e-01 -1.107170e+00 -8.242424e+00 -2.460456e-01 -1.229639e+00 -2.154487e+00  1.726293e+00 -1.701471e+00 -8.483313e-03 -1.896070e+00
-6.330582e+01 -9.030139e+00 -5.067892e+00 -1.643064e+00 -4.070799e+00  2.068170e+00 -1.009532e+01  1.441643e+00  3.864744e-01 -3.489995e-01  2.630972e+00 -2.048318e+00 -3.473335e+00
 1.049118e+02 -1.950252e+00 -5.944310e+00  2.618349e+01  1.140278e+00  5.615848e+00  1.526174e-01  1.904897e+00 -3.513242e+00 -5.335412e+00 -2.272257e+00 -2.353004e-01 -7.381922e-01
 6.893875e+01 -2.514925e+00  2.162658e+00 -5.153485e+00 -1.181511e+00 -3.170770e+00 -9.278318e-02 -1.370451e+00  1.178935e+00 -8.718781e+00 -2.536641e+00 -2.361381e-01 -3.421765e-01
 3.650526e+02  2.526716e+01  1.533254e+01 -9.436288e+00  1.334095e+01 -4.351884e+00 -1.099020e+00  4.405862e+00  2.604176e+00 -4.500897e-01 -7.011844e+00 -2.365066e-02  1.575151e+00
 2.973579e+02  1.765569e+01  5.510641e+00 -2.032867e+00 -3.746964e+00  1.838429e+00 -2.337348e+00  4.016552e+00 -6.713060e-01  2.255004e+00  3.249353e+00  2.494028e-02 -2.280350e+00
-3.630463e+01  3.592330e+01  1.763836e+01  4.654726e-01  1.616915e+01  2.138338e-01  7.649452e+00  2.452545e-02  4.410575e-01 -3.072081e-01  1.814370e+00 -3.575530e+00 -2.642084e+00
 8.392441e+01 -4.186834e-01 -4.817226e+00  1.819653e+01  5.794522e-01  2.194076e+00  8.613679e-03 -9.422942e-01  3.043101e+00  7.426789e+00  2.822792e+00  2.671074e-01  7.589676e-01
 6.118990e+01  1.532767e+00 -3.424603e+00  6.940114e+00 -6.586109e-01 -3.845606e+00 -2.071937e-01 -4.376002e+00  7.821483e+00 -2.882808e+00 -2.778736e-01 -9.975713e-02  6.471345e-02
 6.162519e+01  5.870850e-01 -2.082958e+00  4.508805e+00 -7.790308e-01 -3.317397e+00 -1.659804e-01 -3.593194e+00  6.471086e+00 -2.318614e+00  3.174156e-02 -3.364886e-02  2.869094e-01
 6.252783e+01  3.941745e-01 -2.520526e+00  8.120902e+00 -5.082379e-01 -1.258435e+00 -8.628884e-02 -2.415808e+00  4.730910e+00 -9.601352e-01  4.044248e-01  1.688196e-02  3.634052e-01
 9.099021e+01 -5.956768e+00  3.234492e+00  2.869129e-01 -3.575030e-01  2.004500e+00  9.853949e-02  1.329898e+00 -2.184351e+00 -7.729705e-01 -3.033359e-02  4.162680e-02  1.944489e-01
-3.034277e+01 -2.189078e+00 -2.542345e+00 -2.196580e+00  9.378249e+00  4.501763e-01  4.661054e+00  3.476973e+00  2.222207e+00  1.026340e+00 -2.988695e+00 -1.030371e+00 -2.556846e+00
 1.016603e+02 -7.328404e+00  4.045096e+00 -7.606600e-01 -2.357764e-01  2.271637e+00  1.136114e-01  1.919873e+00 -3.883820e+00 -4.870299e+00 -1.924364e+00 -1.753792e-01 -5.714062e-01
 3.574063e+02  2.338350e+01  1.251386e+01 -7.004662e+00  6.089857e+00 -7.048912e-01 -8.364008e-01  6.754480e+00  2.609482e+00  1.515208e+00 -2.182542e+01 -5.370835e-02  3.073300e+00
 3.005726e+02  6.445025e+00 -1.026820e+01  1.138562e+01 -3.608258e+01  1.636982e+01  4.350867e+00 -1.513643e+01 -1.155210e+01  5.724453e+00 -5.078635e-01  3.203808e-02 -2.691482e+00
-1.061612e+02 -1.111302e+01  1.101716e+01  4.354981e+00  4.643206e+00 -5.084847e+00 -4.273123e+00  2.477123e+00  6.024469e-01  7.144560e-02 -6.927377e-01 -2.368405e-01  9.640683e-01
 3.678420e+02  2.533958e+01  1.581001e+01 -1.002490e+01  1.696152e+01 -6.811788e+00 -3.964937e-01 -5.618103e+00 -1.877226e+00 -7.321551e-01  2.797377e+00  1.885642e-05  2.285185e-01
 3.247345e+02  2.042557e+01  8.950711e+00 -4.526025e+00  1.869876e+00 -2.029497e-01 -8.154689e-01 -4.238639e+00 -4.238956e+00  2.944565e+00 -1.923036e+00  1.434861e-02 -1.604371e+00
 2.630763e+02  1.160201e+01  1.178295e+00 -6.648543e-02 -8.294194e+00  8.346796e+00  6.541458e+00 -2.176118e+00 -8.334195e-01  8.077742e+00  3.145401e+00 -6.465502e-02  4.134199e+00
 2.109656e+02  6.626960e+00 -3.674504e+00  2.292149e+00 -2.139578e+00 -9.340620e-01 -3.307799e-01 -2.090915e+00  6.697465e-01 -5.072675e-01  1.058358e+00 -3.970184e-02  3.748295e+00
 1.850009e+02  4.056562e+00 -3.449750e+00  5.116180e-01  1.050532e+00  4.315742e+00  1.402064e+01 -5.251650e+00  9.521555e+00 -5.328843e+00 -2.087432e+00  2.888210e-01 -1.157695e+01
-9.067038e+01 -6.494800e+00  1.111757e+01  2.830158e+00  3.528190e+00 -1.427019e+00 -5.771444e-01  5.274132e-01  5.233797e-01  1.834343e-01 -9.912957e-01 -3.154848e+00  1.127463e+00
 3.482810e+02  2.287521e+01  1.200195e+01 -6.736971e+00  5.973476e+00 -9.841572e-01 -1.200499e+00  6.691772e+00  2.525804e+00  1.208691e+00 -1.758299e+01 -4.471513e-02  2.604874e+00
 3.343024e+02  2.187654e+01  1.092686e+01 -6.101204e+00  5.772930e+00 -1.779029e+00 -1.011005e+00 -2.088411e+00 -2.384714e+00  1.760181e+00 -3.689482e-01  1.118601e-02 -1.150941e+00
 3.268060e+02  2.096230e+01  9.526094e+00 -4.898832e+00  1.713685e+00  4.121907e-01 -1.520506e+00  4.610741e+00  5.251974e-01  1.809046e+00 -3.326755e+00  5.249839e-03 -8.585910e-01
 1.297655e+02 -2.637200e+01 -2.018415e+01  7.061101e+00  7.055700e+00  9.932336e+00  2.279144e+01 -4.603009e+00  6.143540e+00 -1.784091e+01  1.284442e+00 -7.284162e-01  2.162623e+01
-9.348400e+01 -8.753964e+00  1.059240e+01  3.689618e+00  2.951966e+00 -4.354296e+00 -2.662640e+00  3.468126e+00  1.136439e+00 -2.237339e-01 -1.267581e-01  1.022272e+00 -1.857732e-01
 3.801778e+02  2.726854e+01  1.802001e+01 -1.155076e+01  1.875262e+01 -6.682686e+00 -8.608138e-01  2.279874e+00  2.339912e+00 -1.326106e+00 -1.368233e+00 -1.144327e-02  9.442433e-01
 3.474746e+01 -1.123886e+01 -6.122070e+00 -3.282433e+00  6.784670e+00  5.458194e+00 -3.438745e+00  1.703907e+00 -2.954293e+00  7.448383e-01 -1.202121e-01  9.093503e-01 -4.274323e-01
 5.449424e+01 -5.126791e+01 -2.076095e+01  6.593311e-01  2.063609e+01  1.935074e+01  1.198490e+01  1.222511e+01 -2.238069e+01 -5.436401e+00  8.284195e-02 -2.352583e+00 -2.138306e+00
 2.457446e+01  1.112759e+01 -9.451989e+00  5.983465e-02 -2.219156e-01 -1.220248e+01 -2.369614e-01 -1.391361e+00 -4.051630e+00  2.945379e+00 -3.598862e+00 -1.218082e+00 -4.645747e+00
 3.052944e+02  1.607670e+01  3.113256e+00  1.653728e-01 -1.015935e+01  5.531237e+00 -1.864937e+00  1.441326e+01  5.355598e+00  3.608185e-01  1.212046e+00  8.415316e-03 -7.203937e-01
 2.648301e+02  1.334876e+01  9.229076e-01  8.479293e-01 -5.716786e+00  4.333262e-01 -3.555250e+00 -8.023290e-01 -3.200746e+00  2.014258e+00  4.983196e-01  8.663886e-04 -5.816666e-01
 3.762367e+02  2.536026e+01  1.579838e+01 -9.948510e+00  1.721855e+01 -7.034914e+00  2.507115e-01 -9.117874e+00 -3.189035e+00 -1.529644e+00  1.890748e+01  4.689660e-02 -2.724712e+00
-7.162553e+01  2.143438e+01  2.505416e+01  4.907857e+00 -1.360155e+01 -3.155161e+00  7.061169e-02  8.008672e+00  3.285235e+00  7.388185e-01 -2.925764e+00  1.073499e+00  4.379225e-01
-4.902343e+01  2.114059e+01  1.853167e+01  1.334200e+00  4.021790e+00  2.255736e+00 -1.335236e+00 -6.283758e+00 -2.462484e+00  8.302830e-01 -3.553689e+00  3.806779e+00  4.669219e+00
 3.984227e+00  4.884395e+01 -2.606544e+01 -7.879889e+00 -1.954016e+00 -4.484007e+00 -2.905305e+00  6.015649e-01 -1.050950e+00 -2.278556e+00  2.258927e+00  4.032540e-01  3.039691e+00
 2.360911e+02  7.989443e+00 -4.490971e+00  4.138336e+00 -4.437633e+00 -4.421945e+00 -7.029187e+00 -1.153294e+00 -1.888101e+00 -4.564760e+00 -6.350139e-01  1.772723e-02 -8.943295e-01
 2.799297e+02  1.544225e+01  2.902580e+00 -2.135771e-01 -6.573669e+00  2.197887e+00 -2.515185e+00 -6.396343e-01 -3.694739e+00  3.346040e+00  4.054892e-01  1.782856e-02 -1.984226e+00
 1.777134e+02  2.910744e+00 -4.591887e+00  1.228032e+00  1.280407e+00  2.782409e+00  1.126613e+01 -4.639755e+00  8.201980e+00 -5.829903e+00 -1.741795e+00  2.104383e-01 -8.328025e+00
-4.826329e+01 -4.565539e+00 -2.676491e-01 -7.770539e-01  8.889656e+00 -6.241648e-02 -6.910862e+00 -1.245783e+00 -5.449870e-01  1.540225e+00 -5.041615e+00  4.039911e+00  3.567277e+00
 6.731763e+00 -2.010639e+01 -5.591449e+00 -4.849119e+00  7.383677e+00  7.152021e+00 -1.496447e+00  3.111424e+00 -5.865981e+00 -3.940146e-01 -1.119459e-01 -1.169051e+00 -1.494892e+00
 2.528222e+02  1.053911e+01 -2.219285e+00  2.962715e+00 -5.785165e+00 -2.252700e+00 -6.002789e+00 -9.657107e-01 -2.824514e+00 -1.933807e+00 -2.871977e-01  1.976972e-02 -1.637113e+00
 3.085256e+02  1.721104e+01  4.660840e+00 -1.103817e+00 -7.048371e+00  4.122380e+00 -2.083048e+00  1.337822e+01  4.883959e+00  4.905391e-01  9.882134e-01  9.047697e-03 -8.532023e-01
-9.344914e+01 -1.215170e+01  3.771456e+00  1.864471e+00 -1.427537e+00 -1.477025e+00  5.304861e+00 -2.822352e+00 -1.383792e+00  3.574897e-01 -1.199652e+00 -2.850690e+00  2.720516e+00
 2.333098e+02 -1.255127e+00 -1.571886e+01  1.264420e+01 -1.038356e+01 -9.095317e+00 -1.183480e+01 -3.928097e+00 -1.773561e+00 -1.686625e+01 -4.799734e-01  2.594894e-02 -1.214767e+00
 3.548519e+02  2.361266e+01  1.340381e+01 -8.090492e+00  1.193250e+01 -4.724581e+00 -3.751164e-01 -6.274862e+00 -2.965919e+00 -2.903345e-01  1.429189e+01  4.107128e-02 -2.600562e+00
 2.354591e+02 -8.759259e-01 -1.540458e+01  1.239290e+01 -1.077315e+01 -7.714898e+00 -8.804261e+00 -4.871365e+00 -8.782524e-02 -1.507863e+01  2.261685e-01  4.743895e-02 -3.762161e-01
 3.112000e+02  1.852359e+01  6.468964e+00 -2.600978e+00 -3.331326e+00  2.410197e+00 -2.302347e+00  1.173934e+01  4.122231e+00  6.464275e-01  6.004933e-01  8.813779e-03 -8.997116e-01
-9.357960e+01 -1.231313e+01  3.416549e+00  1.901755e+00 -2.745268e+00 -1.801655e+00  7.528904e+00 -1.032477e+00 -3.914687e-01  1.570849e-01 -1.079174e+00 -3.143135e+00  1.972256e+00
 2.165434e+02 -5.087212e+00 -1.810442e+01  1.347103e+01 -7.118398e+00 -1.067609e+01 -1.025275e+01 -3.664429e+00  2.651788e-01 -1.763439e+01 -1.542805e+00  2.242876e-02 -1.726991e+00
 2.228740e+02  6.333485e+00 -3.827156e+00  2.538535e+00 -4.147991e+00  1.777452e+00  3.088029e+00 -3.202431e+00  1.485360e+00 -2.200927e-01  1.699217e+00 -2.095752e-02  3.238244e+00
 1.513224e+02 -6.366346e+00 -1.307337e+01  6.333973e+00  4.557170e+00 -3.538329e+00  6.989330e+00 -2.034476e+00  7.083072e+00  2.698676e+00 -4.135168e-01  1.265708e-02  9.218632e-01
 2.940988e+02  1.116756e+01 -3.494088e+00  5.519516e+00 -2.155753e+01  9.587965e+00  1.148001e+00 -7.794141e+00 -7.553400e+00  4.617144e+00 -1.002197e+00  2.343594e-02 -2.249838e+00
-8.232758e+01 -6.725801e+00  9.570232e+00  2.812013e+00  3.755419e+00 -2.895038e+00 -3.044734e+00 -2.544110e-01 -8.062762e-01 -1.028425e+00  2.977183e+00  6.007591e-01 -7.446315e-01
-4.241288e+01  2.015864e+00 -9.122392e+00 -6.012100e+00  1.477263e+01  7.608774e+00 -4.416551e+00  1.946454e+00  2.790682e+00  6.167490e-01 -2.313489e+00  2.109190e+00 -1.406693e+00
 2.546000e+02  1.268956e+01  2.292999e+00 -1.004369e+00 -4.830056e+00  4.817506e+00  2.612887e+00 -1.195814e+00 -1.653981e+00  6.313029e+00  2.032407e+00 -6.943794e-02  3.871227e+00
 1.637089e+02  3.850472e-01 -7.677142e+00  3.280231e+00  3.014828e+00 -1.689308e+00  6.315726e+00 -2.328648e+00  6.377772e+00  1.397030e+00 -7.266048e-01  8.335215e-02 -1.839894e+00
 1.511104e+02 -1.187964e+00 -8.645559e+00  3.582508e+00  3.655495e+00 -2.453648e+00  4.444891e+00 -1.720171e+00  5.253942e+00  3.296554e-01 -6.544012e-01  1.603397e-02  4.784377e-01
 5.530494e+01 -1.801170e+01 -1.024545e+01 -1.038544e+00  9.942946e+00  6.982276e+00  4.140035e-01  4.293840e+00 -7.161249e+00  8.895523e-03 -9.297233e-02 -5.164891e-03 -1.487110e-01
 5.144026e+01 -1.380967e+01 -8.489846e+00 -1.670273e+00  8.569361e+00  5.859573e+00 -1.127587e+00  3.461570e+00 -5.760281e+00  3.715196e-01 -1.160476e-01  1.650331e-01 -3.745188e-01
 3.696946e+02  2.552508e+01  1.606476e+01 -1.022495e+01  1.749026e+01 -7.027544e+00 -3.736997e-01 -5.609113e+00 -1.774276e+00 -7.976551e-01  1.715635e+00 -4.046463e-03  5.147034e-01
