 0.000000e+00  0.000000e+00  0.000000e+00  1.000000e+00
 0.000000e+00  9.427118e-02  0.000000e+00  1.000000e+00
 0.000000e+00 -2.425622e+00  0.000000e+00  1.000000e+00
 0.000000e+00  1.304419e-08  0.000000e+00  1.000000e+00
 0.000000e+00 -2.428117e+00  0.000000e+00  1.000000e+00
 0.000000e+00 -1.971565e-02  0.000000e+00  1.000000e+00
 0.000000e+00 -9.932019e-02  0.000000e+00  1.000000e+00
 0.000000e+00 -2.421747e+00  0.000000e+00  1.000000e+00
 0.000000e+00  4.355575e-01  0.000000e+00  1.000000e+00
 0.000000e+00 -1.217984e-01  0.000000e+00  1.000000e+00
 0.000000e+00 -8.302342e-01  0.000000e+00  1.000000e+00
 0.000000e+00 -3.281618e-01  0.000000e+00  1.000000e+00
 0.000000e+00 -1.971524e-02  0.000000e+00  1.000000e+00
 0.000000e+00 -9.932026e-02  0.000000e+00  1.000000e+00
 0.000000e+00 -9.637587e-02  0.000000e+00  1.000000e+00
 0.000000e+00 -2.423174e+00  0.000000e+00  1.000000e+00
 0.000000e+00  3.445010e+00  0.000000e+00  1.000000e+00
 0.000000e+00  3.446237e+00  0.000000e+00  1.000000e+00
 0.000000e+00 -8.060728e-01  0.000000e+00  1.000000e+00
 0.000000e+00 -8.106934e-01  0.000000e+00  1.000000e+00
 0.000000e+00 -1.405090e+00  0.000000e+00  1.000000e+00
 0.000000e+00 -1.125760e+00  0.000000e+00  1.000000e+00
 0.000000e+00  3.445236e+00  0.000000e+00  1.000000e+00
 0.000000e+00 -7.826528e-01  0.000000e+00  1.000000e+00
 0.000000e+00 -8.176107e-01  0.000000e+00  1.000000e+00
 0.000000e+00 -7.829861e-01  0.000000e+00  1.000000e+00
 0.000000e+00 -1.959107e+00  0.000000e+00  1.000000e+00
 0.000000e+00 -1.964186e+00  0.000000e+00  1.000000e+00
 0.000000e+00  1.985335e+00  0.000000e+00  1.000000e+00
 0.000000e+00  1.971588e+00  0.000000e+00  1.000000e+00
 0.000000e+00 -8.117621e-01  0.000000e+00  1.000000e+00
 0.000000e+00 -1.962831e+00  0.000000e+00  1.000000e+00
 0.000000e+00  1.982789e+00  0.000000e+00  1.000000e+00
 0.000000e+00 -1.962596e+00  0.000000e+00  1.000000e+00
 0.000000e+00 -1.960424e+00  0.000000e+00  1.000000e+00
 0.000000e+00 -8.859126e-01  0.000000e+00  1.000000e+00
 0.000000e+00  1.110937e-01  0.000000e+00  1.000000e+00
 0.000000e+00  1.975885e+00  0.000000e+00  1.000000e+00
 0.000000e+00  1.971167e+00  0.000000e+00  1.000000e+00
 0.000000e+00 -7.827850e-01  0.000000e+00  1.000000e+00
 0.000000e+00 -1.963944e+00  0.000000e+00  1.000000e+00
 0.000000e+00  1.173799e+00  0.000000e+00  1.000000e+00
 0.000000e+00 -7.827786e-01  0.000000e+00  1.000000e+00
 0.000000e+00 -7.828539e-01  0.000000e+00  1.000000e+00
 0.000000e+00  1.511306e+00  0.000000e+00  1.000000e+00
 0.000000e+00 -7.825067e-01  0.000000e+00  1.000000e+00
 0.000000e+00  8.906943e-01  0.000000e+00  1.000000e+00
 0.000000e+00  1.303301e+00  0.000000e+00  1.000000e+00
 0.000000e+00  1.222793e+00  0.000000e+00  1.000000e+00
 0.000000e+00  8.906943e-01  0.000000e+00  1.000000e+00
 0.000000e+00 -1.597100e-03  0.000000e+00  1.000000e+00
 0.000000e+00  6.819748e-02  0.000000e+00  1.000000e+00
 0.000000e+00 -1.597115e-03  0.000000e+00  1.000000e+00
 0.000000e+00 -3.053670e+00  0.000000e+00  1.000000e+00
 0.000000e+00 -9.849444e-01  0.000000e+00  1.000000e+00
 0.000000e+00 -7.479466e-02  0.000000e+00  1.000000e+00
 0.000000e+00 -2.390695e+00  0.000000e+00  1.000000e+00
 0.000000e+00  1.404005e-01  0.000000e+00  1.000000e+00
 0.000000e+00 -4.885637e+00  0.000000e+00  1.000000e+00
 0.000000e+00 -4.401074e+00  0.000000e+00  1.000000e+00
 0.000000e+00  1.041751e-01  0.000000e+00  1.000000e+00
 0.000000e+00  1.514758e-01  0.000000e+00  1.000000e+00
 0.000000e+00  8.949574e-02  0.000000e+00  1.000000e+00
 0.000000e+00  1.492007e-01  0.000000e+00  1.000000e+00
 0.000000e+00  1.434645e-01  0.000000e+00  1.000000e+00
 0.000000e+00  1.514297e-01  0.000000e+00  1.000000e+00
 0.000000e+00  0.000000e+00  0.000000e+00  2.000000e+00
-3.394223e-01  0.000000e+00  1.152948e-02  2.000000e+00
-6.828394e-01  0.000000e+00  2.103148e-01  2.000000e+00
-7.752039e-01  0.000000e+00  3.004972e-02  2.000000e+00
 4.247464e-01  0.000000e+00 -2.094686e-02  2.000000e+00
-1.307003e+00  0.000000e+00  5.265060e-02  2.000000e+00
-1.599919e+00  0.000000e+00  6.509921e-02  2.000000e+00
-1.274239e+00  0.000000e+00  6.284054e-02  2.000000e+00
 2.678077e-02  0.000000e+00 -4.033753e-03  2.000000e+00
 4.247464e-01  0.000000e+00 -2.094686e-02  2.000000e+00
-6.828394e-01  0.000000e+00  2.103148e-01  2.000000e+00
-1.067404e+00  0.000000e+00  4.246792e-02  2.000000e+00
 4.247464e-01  0.000000e+00 -2.094686e-02  2.000000e+00
-6.441981e+00  0.000000e+00  3.176937e-01  2.000000e+00
-6.828394e-01  0.000000e+00  2.103148e-01  2.000000e+00
 4.247464e-01  0.000000e+00 -2.094686e-02  2.000000e+00
-1.599919e+00  0.000000e+00  6.509921e-02  2.000000e+00
-1.599919e+00  0.000000e+00  6.509921e-02  2.000000e+00
-1.599919e+00  0.000000e+00  6.509921e-02  2.000000e+00
-6.441981e+00  0.000000e+00  3.176937e-01  2.000000e+00
-1.245400e+00  0.000000e+00  5.003252e-02  2.000000e+00
-2.548476e-01  0.000000e+00  1.256810e-02  2.000000e+00
-6.828394e-01  0.000000e+00  2.103148e-01  2.000000e+00
-6.828393e-01  0.000000e+00  2.103148e-01  2.000000e+00
 4.247464e-01  0.000000e+00 -2.094686e-02  2.000000e+00
-6.441981e+00  0.000000e+00  3.176937e-01  2.000000e+00
-6.828394e-01  0.000000e+00  2.103148e-01  2.000000e+00
-1.925022e-01  0.000000e+00  1.420927e-01  2.000000e+00
-1.599919e+00  0.000000e+00  6.509921e-02  2.000000e+00
-1.599919e+00  0.000000e+00  6.509921e-02  2.000000e+00
-1.599919e+00  0.000000e+00  6.509921e-02  2.000000e+00
-6.828393e-01  0.000000e+00  2.103148e-01  2.000000e+00
-6.828393e-01  0.000000e+00  2.103148e-01  2.000000e+00
-6.828394e-01  0.000000e+00  2.103148e-01  2.000000e+00
-6.828393e-01  0.000000e+00  2.103148e-01  2.000000e+00
 1.057418e+00  0.000000e+00  2.104703e-01  2.000000e+00
 1.057418e+00  0.000000e+00  2.104703e-01  2.000000e+00
-6.828393e-01  0.000000e+00  2.103148e-01  2.000000e+00
-6.828393e-01  0.000000e+00  2.103148e-01  2.000000e+00
-6.828393e-01  0.000000e+00  2.103148e-01  2.000000e+00
 1.057418e+00  0.000000e+00  2.104703e-01  2.000000e+00
-6.828393e-01  0.000000e+00  2.103148e-01  2.000000e+00
 1.057418e+00  0.000000e+00  2.104703e-01  2.000000e+00
 1.057418e+00  0.000000e+00  2.104703e-01  2.000000e+00
-6.828394e-01  0.000000e+00  2.103148e-01  2.000000e+00
-6.828393e-01  0.000000e+00  2.103148e-01  2.000000e+00
 1.057418e+00  0.000000e+00  2.104703e-01  2.000000e+00
-6.828393e-01  0.000000e+00  2.103148e-01  2.000000e+00
 1.057418e+00  0.000000e+00  2.104703e-01  2.000000e+00
 1.057418e+00  0.000000e+00  2.104703e-01  2.000000e+00
 1.057418e+00  0.000000e+00  2.104703e-01  2.000000e+00
 1.057418e+00  0.000000e+00  2.104703e-01  2.000000e+00
-6.828394e-01  0.000000e+00  2.103148e-01  2.000000e+00
-6.828393e-01  0.000000e+00  2.103148e-01  2.000000e+00
-6.828393e-01  0.000000e+00  2.103148e-01  2.000000e+00
-6.828393e-01  0.000000e+00  2.103148e-01  2.000000e+00
 1.057418e+00  0.000000e+00  2.104703e-01  2.000000e+00
 1.057418e+00  0.000000e+00  2.104703e-01  2.000000e+00
 1.057418e+00  0.000000e+00  2.104703e-01  2.000000e+00
 1.049388e+00  0.000000e+00  7.118189e-01  2.000000e+00
 1.048880e+00  0.000000e+00  7.435218e-01  2.000000e+00
 0.000000e+00  0.000000e+00 -5.074271e+00  2.000000e+00
 0.000000e+00  0.000000e+00 -4.491287e+00  2.000000e+00
 1.044342e+00  0.000000e+00  1.026855e+00  2.000000e+00
 0.000000e+00  0.000000e+00 -5.355985e+00  2.000000e+00
 0.000000e+00  0.000000e+00 -3.994129e+00  2.000000e+00
 1.036311e+00  0.000000e+00  1.528204e+00  2.000000e+00
 0.000000e+00  0.000000e+00 -5.087193e+00  2.000000e+00
 0.000000e+00  0.000000e+00  2.005474e+00  2.000000e+00
 1.036311e+00  0.000000e+00  1.528204e+00  2.000000e+00
 0.000000e+00  0.000000e+00  2.590843e+00  2.000000e+00
 0.000000e+00  0.000000e+00 -2.542597e+00  2.000000e+00
 1.036311e+00  0.000000e+00  1.528204e+00  2.000000e+00
 0.000000e+00  0.000000e+00 -6.390527e-03  2.000000e+00
 0.000000e+00  0.000000e+00 -8.152703e-01  2.000000e+00
 0.000000e+00  0.000000e+00  1.701600e+00  2.000000e+00
 0.000000e+00  0.000000e+00 -7.302517e-03  2.000000e+00
 0.000000e+00  0.000000e+00  1.915816e+00  2.000000e+00
 0.000000e+00  0.000000e+00  1.737973e+00  2.000000e+00
 0.000000e+00  0.000000e+00 -4.569445e-03  2.000000e+00
 0.000000e+00  0.000000e+00  1.994561e+00  2.000000e+00
 0.000000e+00  0.000000e+00 -1.072137e-03  2.000000e+00
 0.000000e+00  0.000000e+00  1.915816e+00  2.000000e+00
 0.000000e+00  0.000000e+00  1.729065e+00  2.000000e+00
 0.000000e+00  0.000000e+00  1.915816e+00  2.000000e+00
 0.000000e+00  0.000000e+00 -2.705953e-03  2.000000e+00
 0.000000e+00  0.000000e+00 -2.599106e-03  2.000000e+00
 0.000000e+00  0.000000e+00  1.992137e+00  2.000000e+00
 0.000000e+00  0.000000e+00 -1.134971e-02  2.000000e+00
 0.000000e+00  0.000000e+00  1.961297e+00  2.000000e+00
 0.000000e+00  0.000000e+00 -1.015925e-03  2.000000e+00
 0.000000e+00  0.000000e+00 -7.721641e-02  2.000000e+00
 0.000000e+00  0.000000e+00  0.000000e+00  2.000000e+00
 0.000000e+00  0.000000e+00  1.996958e+00  2.000000e+00
 0.000000e+00  0.000000e+00  0.000000e+00  2.000000e+00
 0.000000e+00  0.000000e+00  0.000000e+00  2.000000e+00
 0.000000e+00  0.000000e+00  0.000000e+00  2.000000e+00
 0.000000e+00  0.000000e+00  0.000000e+00  2.000000e+00
 0.000000e+00  0.000000e+00  0.000000e+00  2.000000e+00
 0.000000e+00  0.000000e+00 -1.286069e-02  2.000000e+00
 0.000000e+00  0.000000e+00  0.000000e+00  2.000000e+00
 0.000000e+00  0.000000e+00  0.000000e+00  2.000000e+00
 0.000000e+00  0.000000e+00  0.000000e+00  2.000000e+00
 0.000000e+00  0.000000e+00  0.000000e+00  2.000000e+00
 0.000000e+00  0.000000e+00  0.000000e+00  2.000000e+00
 0.000000e+00  0.000000e+00  0.000000e+00  2.000000e+00
 0.000000e+00  0.000000e+00  0.000000e+00  2.000000e+00
 0.000000e+00  0.000000e+00  2.415746e-02  2.000000e+00
 0.000000e+00  0.000000e+00  0.000000e+00  2.000000e+00
 0.000000e+00  0.000000e+00  0.000000e+00  2.000000e+00
 0.000000e+00  0.000000e+00  0.000000e+00  2.000000e+00
 0.000000e+00  0.000000e+00  0.000000e+00  2.000000e+00
 0.000000e+00  0.000000e+00  0.000000e+00  2.000000e+00
 0.000000e+00  0.000000e+00  0.000000e+00  2.000000e+00
 0.000000e+00  0.000000e+00  0.000000e+00  2.000000e+00
