-0.286118950  1.794953126 -0.871009679  1.000000000
-0.265241262  1.703943241 -0.855079752  1.000000000
-0.288787207  1.809703313 -0.874014285  1.000000000
-0.244109316  1.611839694 -0.838960437  1.000000000
-0.268057008  1.719325375 -0.858193421  1.000000000
-0.229346978  1.547939371 -0.827836853  1.000000000
-0.222770415  1.518842889 -0.822685993  1.000000000
-0.266363796  1.713281240 -0.857316745  1.000000000
-0.221041013  1.512618260 -0.821774483  1.000000000
-0.207996489  1.454890755 -0.811553154  1.000000000
-0.271303483  1.736578280 -0.861633759  1.000000000
-0.219272295  1.506235621 -0.820837204  1.000000000
-0.212708027  1.477178449 -0.815691213  1.000000000
-0.193188242  1.390792880 -0.800395319  1.000000000
-0.186493526  1.361182906 -0.795154812  1.000000000
-0.224386106  1.530282639 -0.825284151  1.000000000
-0.158032684  1.236730114 -0.773318966  1.000000000
-0.150332258  1.204024947 -0.767711185  1.000000000
-0.221873358  1.521975553 -0.824188926  1.000000000
-0.215246818  1.492645099 -0.818994821  1.000000000
-0.162506044  1.259245970 -0.777668335  1.000000000
-0.155904215  1.230038976 -0.772498061  1.000000000
-0.128802409  1.110200646 -0.751292537  1.000000000
-0.214053539  1.488761575 -0.818493843  1.000000000
-0.194186153  1.400829324 -0.802922644  1.000000000
-0.193081913  1.397342930 -0.802492375  1.000000000
-0.159845318  1.250264283 -0.776450865  1.000000000
-0.139998424  1.162453370 -0.760905384  1.000000000
-0.085648259  0.922140297 -0.718383224  1.000000000
-0.071588968  0.860028171 -0.707399883  1.000000000
-0.165361029  1.276053909 -0.781201629  1.000000000
-0.118785875  1.070001455 -0.744725413  1.000000000
-0.071107910  0.859199559 -0.707426387  1.000000000
-0.124275882  1.095663236 -0.749451516  1.000000000
-0.117594852  1.066106757 -0.744219441  1.000000000
-0.090855466  0.947837830 -0.723286965  1.000000000
-0.077303029  0.887912555 -0.712683127  1.000000000
-0.049533853  0.765182434 -0.690973971  1.000000000
-0.035622570  0.703713444 -0.680102934  1.000000000
-0.150023280  1.210950310 -0.770044375  1.000000000
-0.109822572  1.033099209 -0.738560282  1.000000000
-0.049034495  0.764280866 -0.690988554  1.000000000
-0.141015805  1.173841494 -0.763841464  1.000000000
-0.121213128  1.086241095 -0.748335018  1.000000000
-0.006034597  0.576885178 -0.658194403  1.000000000
-0.106790671  1.023809628 -0.737466749  1.000000000
-0.046274036  0.756121091 -0.690084805  1.000000000
 0.015246187  0.484145548 -0.641965402  1.000000000
-0.025017234  0.663476321 -0.673871042  1.000000000
-0.003751523  0.570794163 -0.657650921  1.000000000
 0.009954526  0.510198746 -0.646929629  1.000000000
 0.016729722  0.480233968 -0.641626356  1.000000000
 0.023622745  0.449763959 -0.636235865  1.000000000
-0.029903798  0.687800645 -0.678538375  1.000000000
-0.009476901  0.597474299 -0.662554221  1.000000000
 0.044889609  0.357071457 -0.620013119  1.000000000
-0.008622807  0.595050049 -0.662305965  1.000000000
 0.018547345  0.474893395 -0.641041325  1.000000000
-0.014773964  0.623585156 -0.667533983  1.000000000
-0.008007487  0.593656924 -0.662236846  1.000000000
 0.026298049  0.441975568 -0.635397227  1.000000000
 0.039865318  0.381975561 -0.624778698  1.000000000
 0.040783658  0.379268228 -0.624480457  1.000000000
 0.067819212  0.259698594 -0.603318609  1.000000000
 0.074480772  0.230229660 -0.598102166  1.000000000
 0.068753763  0.256916429 -0.603006605  1.000000000
 1.939992863 -0.657355061 -0.035097624  2.000000000
 1.584907098 -1.069561795 -0.528960069  2.000000000
 2.137051407 -0.305337662  0.419838979  2.000000000
 1.436675910 -1.201959612 -0.684800761  2.000000000
 1.658058521 -0.888880352 -0.296247430  2.000000000
 1.264586554 -1.369154682 -0.885347633  2.000000000
 1.092544424 -1.534958282 -1.086571630  2.000000000
 1.723403648 -0.634547311  0.049651942  2.000000000
 1.427709527 -0.974039949 -0.369994433  2.000000000
 1.550186322 -0.801156830 -0.151301403  2.000000000
 1.920771632 -0.282572310  0.505240062  2.000000000
 1.278448954 -1.105606454 -0.528576311  2.000000000
 1.497880405 -0.794955808 -0.132094996  2.000000000
 1.716587273 -0.484193698  0.264998260  2.000000000
 1.865970846 -0.276901128  0.526766849  2.000000000
 1.492751672 -0.719841042 -0.023357073  2.000000000
 0.860746672 -1.542177869 -1.064701361  2.000000000
 0.908365545 -1.473142316 -0.977521151  2.000000000
 1.028380790 -1.299441403 -0.758182478  2.000000000
 1.631674262 -0.438106991  0.351605566  2.000000000
 1.097840328 -1.119793008 -0.520342461  2.000000000
 1.458207363 -0.604383551  0.149738677  2.000000000
 1.700229095 -0.259839789  0.591843873  2.000000000
 1.792620562 -0.047652687  0.875249354  2.000000000
 1.190565536 -0.832153253 -0.127988202  2.000000000
 1.441487368 -0.455402663  0.372547435  2.000000000
 1.539717197 -0.317508109  0.547969116  2.000000000
 0.580424653 -1.617879152 -1.130281173  2.000000000
 0.722163573 -1.410105198 -0.867501992  2.000000000
 0.770016954 -1.340603756 -0.779413397  2.000000000
 0.843758643 -1.236946232 -0.648149855  2.000000000
 1.578452391 -0.099426267  0.852717447  2.000000000
 1.423111821 -0.231505448  0.700450703  2.000000000
 1.295592933 -0.329065771  0.590871416  2.000000000
 1.517717049 -0.018852259  0.983892200  2.000000000
 0.464474021 -1.451858059 -0.889805551  2.000000000
 0.340936508 -1.549252580 -1.005136571  2.000000000
 1.284687689 -0.179776227  0.808684912  2.000000000
 1.383565786 -0.041912723  0.983256853  2.000000000
 1.475597013  0.170635776  1.268034516  2.000000000
 0.305446962 -1.432184077 -0.841434166  2.000000000
 1.396797852  0.142093468  1.245825158  2.000000000
 0.159844473 -1.562965820 -1.000051302  2.000000000
 0.038754842 -1.658482247 -1.114734696  2.000000000
 1.137392656  0.021226670  1.133192254  2.000000000
 1.204316981  0.199904933  1.375957636  2.000000000
-0.075350258 -1.570836040 -0.978812077  2.000000000
 1.174137176  0.240187516  1.441534218  2.000000000
-0.215747897 -1.697573868 -1.136752719  2.000000000
-0.128354799 -1.564358376 -0.962614391  2.000000000
-0.225310459 -1.624994270 -1.034190346  2.000000000
-0.136474218 -1.489941165 -0.858936652  2.000000000
 0.970598549  0.113219105  1.305297045  2.000000000
 1.159573594  0.390653124  1.666381893  2.000000000
 1.012341213  0.257477434  1.505148638  2.000000000
 0.886582926  0.158728377  1.389392887  2.000000000
-0.437532378 -1.598908678 -0.969842752  2.000000000
-0.351576595 -1.465851847 -0.793733430  2.000000000
-0.447554881 -1.525817908 -0.865732269  2.000000000
-0.702472951 -1.565281616 -0.890109264  2.000000000
-0.554710003 -1.336225107 -0.580444174  2.000000000
 0.604262328  0.337489263  1.716938670  2.000000000
 0.722368558  0.514288354  1.953673701  2.000000000
-0.691856111 -1.460212658 -0.741680581  2.000000000
 0.544310799  0.419868057  1.852832427  2.000000000
 0.341243435  0.289178720  1.699407185  2.000000000
-0.946379484 -1.499396178 -0.764878875  2.000000000
 0.359065707  0.401633098  1.866954139  2.000000000
 0.376689598  0.514375310  2.033831650  2.000000000
-0.990097781 -1.388647299 -0.599243069  2.000000000
 0.323108110  0.520306873  2.055123425  2.000000000
 0.126711292  0.312164942  1.782520034  2.000000000
-1.158897692 -1.472091617 -0.703388263  2.000000000
-1.139710692 -1.265314810 -0.398647381  2.000000000
-0.080271311  0.260521116  1.741059125  2.000000000
-0.070216898  0.448417072  2.039393131  2.000000000
-1.300122298 -1.246273078 -0.349792040  2.000000000
-0.147845361  0.417914495  2.012113096  2.000000000
-0.124292929  0.453097253  2.063121360  2.000000000
-1.353457307 -1.239476705 -0.335047032  2.000000000
-0.201611613  0.423200354  2.034646582  2.000000000
-1.362145241 -1.168674881 -0.220331807  2.000000000
-0.393399473  0.224028149  1.735690480  2.000000000
-0.326065623  0.323472436  1.902531226  2.000000000
-0.256033895  0.427813050  2.059235849  2.000000000
-1.575480040 -1.314459564 -0.432194511  2.000000000
-1.554974531 -1.109789500 -0.113874019  2.000000000
-0.634641447  0.206940220  1.782673829  2.000000000
-0.770314113  0.090253379  1.559168579  2.000000000
-0.525464435  0.450736844  2.176291075  2.000000000
-1.749887646 -1.223913002 -0.283947008  2.000000000
-0.828808904  0.089476703  1.595478613  2.000000000
-1.601254762 -0.929577356  0.187612052  2.000000000
-0.754404979  0.282731896  1.973603962  2.000000000
-1.031328817 -0.059698045  1.075367798  2.000000000
-1.323619582 -0.374853303  0.845792604  2.000000000
-1.858641378 -1.037851227  0.014534503  2.000000000
-1.671544229 -0.781459456  0.437246710  2.000000000
-1.680489042 -0.710598795  0.554872968  2.000000000
-1.099717758  0.116667599  1.836726793  2.000000000
-1.828515717 -0.832490719  0.354095423  2.000000000
-1.735674067 -0.704213475  0.566323450  2.000000000
-1.439304216 -0.286908861  1.117973256  2.000000000
-1.335390368 -0.136780128  1.414136697  2.000000000
-2.054574036 -0.979420147  0.114765619  2.000000000
-1.916205781 -0.787474185  0.429412041  2.000000000
-1.703520364 -0.491295831  0.888129574  2.000000000
-1.339652566  0.026502080  1.884569888  2.000000000
-1.980794534 -0.710609173  0.558759001  2.000000000
-1.801005562 -0.462107809  1.008510323  2.000000000
-1.692315998 -0.308851991  1.297174450  2.000000000
-1.692898774 -0.225565938  1.525107395  2.000000000
-2.228822799 -0.889371192  0.263518430  2.000000000
-1.997384130 -0.569512502  0.792575990  2.000000000
-2.245792607 -0.748464009  0.495522205  2.000000000
