 0.000000000  0.000000000  0.000000000  1.000000000
 0.000000000  0.000000000  0.000000000  1.000000000
 0.000000000  0.000000000  0.000000000  1.000000000
 0.000000000  0.000000000  0.000000000  1.000000000
 0.000000000  0.000000000  0.000000000  1.000000000
 0.000000000  0.000000000  0.000000000  1.000000000
 0.000000000  0.000000000  0.000000000  1.000000000
 0.000000000  0.000000000  0.000000000  1.000000000
 0.000000000  0.000000000  0.000000000  1.000000000
 0.000000000  0.000000000  0.000000000  1.000000000
 0.000000000  0.000000000  0.000000000  1.000000000
 0.000000000  0.000000000  0.000000000  1.000000000
 0.000000000  0.000000000  0.000000000  1.000000000
 0.000000000  0.000000000  0.000000000  1.000000000
 0.000000000  0.000000000  0.000000000  1.000000000
 0.000000000  0.000000000  0.000000000  1.000000000
 0.000000000  0.000000000  0.000000000  1.000000000
 0.000000000  0.000000000  0.000000000  1.000000000
 0.000000000  0.000000000  0.000000000  1.000000000
 0.000000000  0.000000000  0.000000000  1.000000000
 0.000000000  0.000000000  0.000000000  1.000000000
 0.000000000  0.000000000  0.000000000  1.000000000
 0.000000000  0.000000000  0.000000000  1.000000000
 0.000000000  0.000000000  0.000000000  1.000000000
 0.000000000  0.000000000  0.000000000  1.000000000
 0.000000000  0.000000000  0.000000000  1.000000000
 0.000000000  0.000000000  0.000000000  1.000000000
 0.000000000  0.000000000  0.000000000  1.000000000
 0.000000000  0.000000000  0.000000000  1.000000000
 0.000000000  0.000000000  0.000000000  1.000000000
 0.000000000  0.000000000  0.000000000  1.000000000
 0.000000000  0.000000000  0.000000000  1.000000000
 0.000000000  0.000000000  0.000000000  1.000000000
 0.000000000  0.000000000  0.000000000  1.000000000
 0.000000000  0.000000000  0.000000000  1.000000000
 0.000000000  0.000000000  0.000000000  1.000000000
 0.000000000  0.000000000  0.000000000  1.000000000
 0.000000000  0.000000000  0.000000000  1.000000000
 0.000000000  0.000000000  0.000000000  1.000000000
 0.000000000  0.000000000  0.000000000  1.000000000
 0.000000000  0.000000000  0.000000000  1.000000000
 0.000000000  0.000000000  0.000000000  1.000000000
 0.000000000  0.000000000  0.000000000  1.000000000
 0.000000000  0.000000000  0.000000000  1.000000000
 0.000000000  0.000000000  0.000000000  1.000000000
 0.000000000  0.000000000  0.000000000  1.000000000
 0.000000000  0.000000000  0.000000000  1.000000000
 0.000000000  0.000000000  0.000000000  1.000000000
 0.000000000  0.000000000  0.000000000  1.000000000
 0.000000000  0.000000000  0.000000000  1.000000000
 0.000000000  0.000000000  0.000000000  1.000000000
 0.000000000  0.000000000  0.000000000  1.000000000
 0.000000000  0.000000000  0.000000000  1.000000000
 0.000000000  0.000000000  0.000000000  1.000000000
 0.000000000  0.000000000  0.000000000  1.000000000
 0.000000000  0.000000000  0.000000000  1.000000000
 0.000000000  0.000000000  0.000000000  1.000000000
 0.000000000  0.000000000  0.000000000  1.000000000
 0.000000000  0.000000000  0.000000000  1.000000000
 0.000000000  0.000000000  0.000000000  1.000000000
 0.000000000  0.000000000  0.000000000  1.000000000
 0.000000000  0.000000000  0.000000000  1.000000000
 0.000000000  0.000000000  0.000000000  1.000000000
 0.000000000  0.000000000  0.000000000  1.000000000
 0.000000000  0.000000000  0.000000000  1.000000000
 0.000000000  0.000000000  0.000000000  1.000000000
 1.685482313  0.591291371 -1.254556912  2.000000000
 1.836246550 -0.111711817 -1.254556913  2.000000000
 1.483637593  1.158259190 -1.254556911  2.000000000
 1.859466052 -0.351243717 -1.254556913  2.000000000
 1.703788839  0.167350958 -1.254556912  2.000000000
 1.898319221 -0.650697927 -1.254556914  2.000000000
 1.935583890 -0.949456610 -1.254556914  2.000000000
 1.496369315  0.556547417 -1.254556912  2.000000000
 1.600831671 -0.040014577 -1.254556913  2.000000000
 1.523665013  0.253467731 -1.254556912  2.000000000
 1.301455355  1.130541082 -1.254556911  2.000000000
 1.605721586 -0.289645561 -1.254556913  2.000000000
 1.475024676  0.243991029 -1.254556912  2.000000000
 1.343635692  0.775444508 -1.254556911  2.000000000
 1.253902865  1.123654330 -1.254556911  2.000000000
 1.396575508  0.352320709 -1.254556912  2.000000000
 1.728797984 -1.063066261 -1.254556914  2.000000000
 1.691231908 -0.949003993 -1.254556914  2.000000000
 1.598733101 -0.662490255 -1.254556914  2.000000000
 1.233644121  0.817665036 -1.254556911  2.000000000
 1.457286043 -0.387892218 -1.254556913  2.000000000
 1.260002832  0.515514463 -1.254556912  2.000000000
 1.113501389  1.102730937 -1.254556910  2.000000000
 0.987735856  1.443880827 -1.254556910  2.000000000
 1.256000678  0.073494029 -1.254556912  2.000000000
 1.106617684  0.738409756 -1.254556911  2.000000000
 1.047236739  0.971905991 -1.254556911  2.000000000
 1.558456648 -1.290244482 -1.254556915  2.000000000
 1.444353179 -0.947843041 -1.254556914  2.000000000
 1.407137998 -0.833663440 -1.254556914  2.000000000
 1.356719595 -0.660754277 -1.254556913  2.000000000
 0.872007940  1.308095092 -1.254556910  2.000000000
 0.877401676  1.068084380 -1.254556910  2.000000000
 0.872962519  0.886427799 -1.254556911  2.000000000
 0.752594640  1.412700303 -1.254556910  2.000000000
 1.253394760 -1.119807372 -1.254556914  2.000000000
 1.255591681 -1.306257351 -1.254556914  2.000000000
 0.718163959  1.104305891 -1.254556910  2.000000000
 0.667350300  1.339097694 -1.254556910  2.000000000
 0.554020128  1.689809065 -1.254556909  2.000000000
 1.079268688 -1.162523084 -1.254556914  2.000000000
 0.514015849  1.622224843 -1.254556909  2.000000000
 1.103689670 -1.406531719 -1.254556914  2.000000000
 1.111792248 -1.594723028 -1.254556915  2.000000000
 0.401381085  1.356547406 -1.254556910  2.000000000
 0.303554082  1.650603482 -1.254556909  2.000000000
 0.890248015 -1.520469850 -1.254556914  2.000000000
 0.244259225  1.703193250 -1.254556909  2.000000000
 0.921913709 -1.765869042 -1.254556915  2.000000000
 0.831550606 -1.534352776 -1.254556914  2.000000000
 0.818861845 -1.665361231 -1.254556914  2.000000000
 0.726864733 -1.431769272 -1.254556914  2.000000000
 0.180109226  1.443610484 -1.254556909  2.000000000
 0.109655768  1.932294839 -1.254556908  2.000000000
 0.090385128  1.676146206 -1.254556909  2.000000000
 0.066288998  1.485050158 -1.254556909  2.000000000
 0.581136317 -1.720286776 -1.254556914  2.000000000
 0.493737765 -1.487900532 -1.254556914  2.000000000
 0.476862653 -1.617391131 -1.254556914  2.000000000
 0.279830067 -1.787691470 -1.254556914  2.000000000
 0.140385544 -1.386050837 -1.254556913  2.000000000
-0.331268379  1.664505754 -1.254556908  2.000000000
-0.361458977  1.985328010 -1.254556908  2.000000000
 0.160461760 -1.628351691 -1.254556914  2.000000000
-0.447479502  1.774447687 -1.254556908  2.000000000
-0.534492821  1.490037424 -1.254556908  2.000000000
-0.035769579 -1.797162552 -1.254556914  2.000000000
-0.598832991  1.680760428 -1.254556908  2.000000000
-0.664559767  1.869241956 -1.254556908  2.000000000
-0.207328279 -1.651170037 -1.254556914  2.000000000
-0.715953386  1.861501669 -1.254556908  2.000000000
-0.742441254  1.452280888 -1.254556908  2.000000000
-0.285424489 -1.854678661 -1.254556914  2.000000000
-0.481074946 -1.529353368 -1.254556913  2.000000000
-0.892019764  1.287634243 -1.254556908  2.000000000
-1.011970457  1.612508297 -1.254556908  2.000000000
-0.665988408 -1.572534864 -1.254556913  2.000000000
-1.058253798  1.536431718 -1.254556908  2.000000000
-1.062611122  1.605182181 -1.254556908  2.000000000
-0.727807172 -1.587378558 -1.254556913  2.000000000
-1.109106303  1.527918579 -1.254556908  2.000000000
-0.807518170 -1.479754583 -1.254556913  2.000000000
-1.145209866  1.106462583 -1.254556909  2.000000000
-1.149351625  1.311934490 -1.254556908  2.000000000
-1.160200669  1.519482765 -1.254556908  2.000000000
-0.880699239 -1.810548286 -1.254556913  2.000000000
-1.065927306 -1.479986427 -1.254556913  2.000000000
-1.345827199  1.002634040 -1.254556909  2.000000000
-1.394956236  0.721647825 -1.254556909  2.000000000
-1.407355031  1.472441941 -1.254556908  2.000000000
-1.156523210 -1.754792781 -1.254556913  2.000000000
-1.444902604  0.712827743 -1.254556909  2.000000000
-1.288251105 -1.211263006 -1.254556912  2.000000000
-1.501543342  1.114259199 -1.254556908  2.000000000
-1.543784114  0.220176625 -1.254556910  2.000000000
-1.593437842 -0.327527696 -1.254556910  2.000000000
-1.463266352 -1.522903352 -1.254556912  2.000000000
-1.505098833 -1.008424574 -1.254556911  2.000000000
-1.584039246 -0.899672850 -1.254556911  2.000000000
-1.693325732  0.735248420 -1.254556909  2.000000000
-1.627871579 -1.175771912 -1.254556912  2.000000000
-1.649450591 -0.918088432 -1.254556911  2.000000000
-1.740710668 -0.156800188 -1.254556910  2.000000000
-1.741312150  0.181833230 -1.254556909  2.000000000
-1.736003958 -1.536690166 -1.254556912  2.000000000
-1.766334063 -1.150222916 -1.254556911  2.000000000
-1.820759153 -0.572826799 -1.254556911  2.000000000
-1.839242446  0.570215453 -1.254556909  2.000000000
-1.909398481 -1.060352377 -1.254556911  2.000000000
-1.942352168 -0.538659656 -1.254556910  2.000000000
-1.940428454 -0.199434936 -1.254556910  2.000000000
-1.985212800 -0.003311613 -1.254556910  2.000000000
-2.010033874 -1.483618604 -1.254556912  2.000000000
-2.060942487 -0.840152473 -1.254556911  2.000000000
-2.161790613 -1.265456180 -1.254556911  2.000000000
