 0.00000000  0.00000000  0.00000000  1.00000000
 0.00000000  0.00000000  0.00000000  1.00000000
 0.00000000  0.00000000  0.00000000  1.00000000
 0.00000000  0.00000000  0.00000000  1.00000000
 0.00000000  0.00000000  0.00000000  1.00000000
 0.00000000  0.00000000  0.00000000  1.00000000
 0.00000000  0.00000000  0.00000000  1.00000000
 0.00000000  0.00000000  0.00000000  1.00000000
 0.00000000  0.00000000  0.00000000  1.00000000
 0.00000000  0.00000000  0.00000000  1.00000000
 0.00000000  0.00000000  0.00000000  1.00000000
 0.00000000  0.00000000  0.00000000  1.00000000
 0.00000000  0.00000000  0.00000000  1.00000000
 0.00000000  0.00000000  0.00000000  1.00000000
 0.00000000  0.00000000  0.00000000  1.00000000
 0.00000000  0.00000000  0.00000000  1.00000000
 0.00000000  0.00000000  0.00000000  1.00000000
 0.00000000  0.00000000  0.00000000  1.00000000
 0.00000000  0.00000000  0.00000000  1.00000000
 0.00000000  0.00000000  0.00000000  1.00000000
 0.00000000  0.00000000  0.00000000  1.00000000
 0.00000000  0.00000000  0.00000000  1.00000000
 0.00000000  0.00000000  0.00000000  1.00000000
 0.00000000  0.00000000  0.00000000  1.00000000
 0.00000000  0.00000000  0.00000000  1.00000000
 0.00000000  0.00000000  0.00000000  1.00000000
 0.00000000  0.00000000  0.00000000  1.00000000
 0.00000000  0.00000000  0.00000000  1.00000000
 0.00000000  0.00000000  0.00000000  1.00000000
 0.00000000  0.00000000  0.00000000  1.00000000
 0.00000000  0.00000000  0.00000000  1.00000000
 0.00000000  0.00000000  0.00000000  1.00000000
 0.00000000  0.00000000  0.00000000  1.00000000
 0.00000000  0.00000000  0.00000000  1.00000000
 0.00000000  0.00000000  0.00000000  1.00000000
 0.00000000  0.00000000  0.00000000  1.00000000
 0.00000000  0.00000000  0.00000000  1.00000000
 0.00000000  0.00000000  0.00000000  1.00000000
 0.00000000  0.00000000  0.00000000  1.00000000
 0.00000000  0.00000000  0.00000000  1.00000000
 0.00000000  0.00000000  0.00000000  1.00000000
 0.00000000  0.00000000  0.00000000  1.00000000
 0.00000000  0.00000000  0.00000000  1.00000000
 0.00000000  0.00000000  0.00000000  1.00000000
 0.00000000  0.00000000  0.00000000  1.00000000
 0.00000000  0.00000000  0.00000000  1.00000000
 0.00000000  0.00000000  0.00000000  1.00000000
 0.00000000  0.00000000  0.00000000  1.00000000
 0.00000000  0.00000000  0.00000000  1.00000000
 0.00000000  0.00000000  0.00000000  1.00000000
 0.00000000  0.00000000  0.00000000  1.00000000
 0.00000000  0.00000000  0.00000000  1.00000000
 0.00000000  0.00000000  0.00000000  1.00000000
 0.00000000  0.00000000  0.00000000  1.00000000
 0.00000000  0.00000000  0.00000000  1.00000000
 0.00000000  0.00000000  0.00000000  1.00000000
 0.00000000  0.00000000  0.00000000  1.00000000
 0.00000000  0.00000000  0.00000000  1.00000000
 0.00000000  0.00000000  0.00000000  1.00000000
 0.00000000  0.00000000  0.00000000  1.00000000
 0.00000000  0.00000000  0.00000000  1.00000000
 0.00000000  0.00000000  0.00000000  1.00000000
 0.00000000  0.00000000  0.00000000  1.00000000
 0.00000000  0.00000000  0.00000000  1.00000000
 0.00000000  0.00000000  0.00000000  1.00000000
 0.00000000  0.00000000  0.00000000  1.00000000
-1.76360153  0.53366037  1.25455691  2.00000000
-1.42548292  1.11157064  1.25455691  2.00000000
-2.01176196  0.01575563  1.25455691  2.00000000
-1.28957708  1.30235812  1.25455691  2.00000000
-1.49833582  0.83315779  1.25455691  2.00000000
-1.13020248  1.54668610  1.25455691  2.00000000
-0.97175409  1.78967574  1.25455691  2.00000000
-1.59347923  0.43234961  1.25455691  2.00000000
-1.30686111  0.92404675  1.25455691  2.00000000
-1.42929333  0.66429686  1.25455691  2.00000000
-1.81681598 -0.09786486  1.25455691  2.00000000
-1.15994371  1.11828660  1.25455691  2.00000000
-1.38997180  0.64146896  1.25455691  2.00000000
-1.60723941  0.17569374  1.25455691  2.00000000
-1.76708319 -0.12664200  1.25455691  2.00000000
-1.39373616  0.51193871  1.25455691  2.00000000
-0.76553441  1.76514344  1.25455691  2.00000000
-0.81045641  1.66070833  1.25455691  2.00000000
-0.92602682  1.39612449  1.25455691  2.00000000
-1.53840020  0.06926486  1.25455691  2.00000000
-1.00277570  1.11259578  1.25455691  2.00000000
-1.36970156  0.29951418  1.25455691  2.00000000
-1.61303687 -0.21520374  1.25455691  2.00000000
-1.69352119 -0.55386568  1.25455691  2.00000000
-1.14708182  0.63073511  1.25455691  2.00000000
-1.36491707  0.03352603  1.25455691  2.00000000
-1.46201838 -0.17183044  1.25455691  2.00000000
-0.51362007  1.84168497  1.25455691  2.00000000
-0.64479023  1.52930442  1.25455691  2.00000000
-0.69183978  1.42375215  1.25455691  2.00000000
-0.76661872  1.26629490  1.25455691  2.00000000
-1.49988200 -0.53942089  1.25455691  2.00000000
-1.35830639 -0.36271803  1.25455691  2.00000000
-1.23713079 -0.23801811  1.25455691  2.00000000
-1.44340647 -0.70379224  1.25455691  2.00000000
-0.40650792  1.55882820  1.25455691  2.00000000
-0.29870702  1.69604919  1.25455691  2.00000000
-1.23258373 -0.50145011  1.25455691  2.00000000
-1.32247048 -0.70809356  1.25455691  2.00000000
-1.39556506 -1.07233242  1.25455691  2.00000000
-0.24519594  1.50694658  1.25455691  2.00000000
-1.32770030 -1.04280799  1.25455691  2.00000000
-0.13877091  1.69033355  1.25455691  2.00000000
-0.05846525  1.82342001  1.25455691  2.00000000
-1.09951250 -0.89432033  1.25455691  2.00000000
-1.15317278 -1.20730956  1.25455691  2.00000000
 0.08250374  1.66799381  1.25455691  2.00000000
-1.12750445 -1.29538319  1.25455691  2.00000000
 0.16551170  1.85238863  1.25455691  2.00000000
 0.13520720  1.64996077  1.25455691  2.00000000
 0.20306787  1.73516665  1.25455691  2.00000000
 0.17389318  1.53141022  1.25455691  2.00000000
-0.94449776 -1.11360965  1.25455691  2.00000000
-1.11977994 -1.59008220  1.25455691  2.00000000
-0.97844281 -1.37216928  1.25455691  2.00000000
-0.86443131 -1.22102027  1.25455691  2.00000000
 0.41396391  1.66396888  1.25455691  2.00000000
 0.38665893  1.45967020  1.25455691  2.00000000
 0.45298376  1.54328372  1.25455691  2.00000000
 0.67800335  1.57242442  1.25455691  2.00000000
 0.63096494  1.22223888  1.25455691  2.00000000
-0.59565549 -1.62778694  1.25455691  2.00000000
-0.72496450 -1.94637827  1.25455691  2.00000000
 0.71066196  1.40218692  1.25455691  2.00000000
-0.54616484 -1.80457314  1.25455691  2.00000000
-0.33570556 -1.59023343  1.25455691  2.00000000
 0.93646188  1.43047487  1.25455691  2.00000000
-0.36962951 -1.81422699  1.25455691  2.00000000
-0.40197351 -2.03693703  1.25455691  2.00000000
 1.02042844  1.24223690  1.25455691  2.00000000
-0.35448174 -2.06552354  1.25455691  2.00000000
-0.13464438 -1.68727179  1.25455691  2.00000000
 1.15084213  1.35688993  1.25455691  2.00000000
 1.18811247  1.01212831  1.25455691  2.00000000
 0.07534786 -1.61827957  1.25455691  2.00000000
 0.02362666 -2.02961780  1.25455691  2.00000000
 1.38370175  0.96788364  1.25455691  2.00000000
 0.10260415 -1.98151347  1.25455691  2.00000000
 0.07289191 -2.05400979  1.25455691  2.00000000
 1.44913026  0.95317964  1.25455691  2.00000000
 0.15130086 -2.00423979  1.25455691  2.00000000
 1.45161472  0.82424896  1.25455691  2.00000000
 0.38323629 -1.59631332  1.25455691  2.00000000
 0.29051538 -1.80979449  1.25455691  2.00000000
 0.19975790 -2.02543105  1.25455691  2.00000000
 1.73643045  1.08003109  1.25455691  2.00000000
 1.68109298  0.70698008  1.25455691  2.00000000
 0.61196341 -1.62275784  1.25455691  2.00000000
 0.78638957 -1.37234125  1.25455691  2.00000000
 0.44244922 -2.12989854  1.25455691  2.00000000
 1.93662720  0.91011384  1.25455691  2.00000000
 0.83531622 -1.39458922  1.25455691  2.00000000
 1.71986149  0.36709919  1.25455691  2.00000000
 0.69637193 -1.82991396  1.25455691  2.00000000
 1.17502438 -0.99979538  1.25455691  2.00000000
 1.49680480 -0.52942411  1.25455691  2.00000000
 2.04998447  0.57238617  1.25455691  2.00000000
 1.79079878  0.08879448  1.25455691  2.00000000
 1.79668753 -0.04324887  1.25455691  2.00000000
 1.05013400 -1.57650884  1.25455691  2.00000000
 1.98678242  0.18782532  1.25455691  2.00000000
 1.86264020 -0.05450251  1.25455691  2.00000000
 1.53990579 -0.76871426  1.25455691  2.00000000
 1.36874639 -1.08334446  1.25455691  2.00000000
 2.28683882  0.46773991  1.25455691  2.00000000
 2.09034158  0.10504770  1.25455691  2.00000000
 1.82920098 -0.43598277  1.25455691  2.00000000
 1.25846090 -1.50214709  1.25455691  2.00000000
 2.16410238 -0.03682943  1.25455691  2.00000000
 1.90839147 -0.52697667  1.25455691  2.00000000
 1.72973260 -0.84366574  1.25455691  2.00000000
 1.67496020 -1.05299027  1.25455691  2.00000000
 2.49019062  0.30437471  1.25455691  2.00000000
 2.17466536 -0.30118964  1.25455691  2.00000000
 2.49684299  0.04158622  1.25455691  2.00000000
