 0.000000e+00  0.000000e+00  0.000000e+00  1.000000e+00
 0.000000e+00  0.000000e+00  0.000000e+00  1.000000e+00
 0.000000e+00  0.000000e+00  0.000000e+00  1.000000e+00
 0.000000e+00  0.000000e+00  0.000000e+00  1.000000e+00
 0.000000e+00  0.000000e+00  0.000000e+00  1.000000e+00
 0.000000e+00  0.000000e+00  0.000000e+00  1.000000e+00
 0.000000e+00  0.000000e+00  0.000000e+00  1.000000e+00
 0.000000e+00  0.000000e+00  0.000000e+00  1.000000e+00
 0.000000e+00  0.000000e+00  0.000000e+00  1.000000e+00
 0.000000e+00  0.000000e+00  0.000000e+00  1.000000e+00
 0.000000e+00  0.000000e+00  0.000000e+00  1.000000e+00
 0.000000e+00  0.000000e+00  0.000000e+00  1.000000e+00
 0.000000e+00  0.000000e+00  0.000000e+00  1.000000e+00
 0.000000e+00  0.000000e+00  0.000000e+00  1.000000e+00
 0.000000e+00  0.000000e+00  0.000000e+00  1.000000e+00
 0.000000e+00  0.000000e+00  0.000000e+00  1.000000e+00
 0.000000e+00  0.000000e+00  0.000000e+00  1.000000e+00
 0.000000e+00  0.000000e+00  0.000000e+00  1.000000e+00
 0.000000e+00  0.000000e+00  0.000000e+00  1.000000e+00
 0.000000e+00  0.000000e+00  0.000000e+00  1.000000e+00
 0.000000e+00  0.000000e+00  0.000000e+00  1.000000e+00
 0.000000e+00  0.000000e+00  0.000000e+00  1.000000e+00
 0.000000e+00  0.000000e+00  0.000000e+00  1.000000e+00
 0.000000e+00  0.000000e+00  0.000000e+00  1.000000e+00
 0.000000e+00  0.000000e+00  0.000000e+00  1.000000e+00
 0.000000e+00  0.000000e+00  0.000000e+00  1.000000e+00
 0.000000e+00  0.000000e+00  0.000000e+00  1.000000e+00
 0.000000e+00  0.000000e+00  0.000000e+00  1.000000e+00
 0.000000e+00  0.000000e+00  0.000000e+00  1.000000e+00
 0.000000e+00  0.000000e+00  0.000000e+00  1.000000e+00
 0.000000e+00  0.000000e+00  0.000000e+00  1.000000e+00
 0.000000e+00  0.000000e+00  0.000000e+00  1.000000e+00
 0.000000e+00  0.000000e+00  0.000000e+00  1.000000e+00
 0.000000e+00  0.000000e+00  0.000000e+00  1.000000e+00
 0.000000e+00  0.000000e+00  0.000000e+00  1.000000e+00
 0.000000e+00  0.000000e+00  0.000000e+00  1.000000e+00
 0.000000e+00  0.000000e+00  0.000000e+00  1.000000e+00
 0.000000e+00  0.000000e+00  0.000000e+00  1.000000e+00
 0.000000e+00  0.000000e+00  0.000000e+00  1.000000e+00
 0.000000e+00  0.000000e+00  0.000000e+00  1.000000e+00
 0.000000e+00  0.000000e+00  0.000000e+00  1.000000e+00
 0.000000e+00  0.000000e+00  0.000000e+00  1.000000e+00
 0.000000e+00  0.000000e+00  0.000000e+00  1.000000e+00
 0.000000e+00  0.000000e+00  0.000000e+00  1.000000e+00
 0.000000e+00  0.000000e+00  0.000000e+00  1.000000e+00
 0.000000e+00  0.000000e+00  0.000000e+00  1.000000e+00
 0.000000e+00  0.000000e+00  0.000000e+00  1.000000e+00
 0.000000e+00  0.000000e+00  0.000000e+00  1.000000e+00
 0.000000e+00  0.000000e+00  0.000000e+00  1.000000e+00
 0.000000e+00  0.000000e+00  0.000000e+00  1.000000e+00
 0.000000e+00  0.000000e+00  0.000000e+00  1.000000e+00
 0.000000e+00  0.000000e+00  0.000000e+00  1.000000e+00
 0.000000e+00  0.000000e+00  0.000000e+00  1.000000e+00
 0.000000e+00  0.000000e+00  0.000000e+00  1.000000e+00
 0.000000e+00  0.000000e+00  0.000000e+00  1.000000e+00
 0.000000e+00  0.000000e+00  0.000000e+00  1.000000e+00
 0.000000e+00  0.000000e+00  0.000000e+00  1.000000e+00
 0.000000e+00  0.000000e+00  0.000000e+00  1.000000e+00
 0.000000e+00  0.000000e+00  0.000000e+00  1.000000e+00
 0.000000e+00  0.000000e+00  0.000000e+00  1.000000e+00
 0.000000e+00  0.000000e+00  0.000000e+00  1.000000e+00
 0.000000e+00  0.000000e+00  0.000000e+00  1.000000e+00
 0.000000e+00  0.000000e+00  0.000000e+00  1.000000e+00
 0.000000e+00  0.000000e+00  0.000000e+00  1.000000e+00
 0.000000e+00  0.000000e+00  0.000000e+00  1.000000e+00
 0.000000e+00  0.000000e+00  0.000000e+00  1.000000e+00
 1.462754e+00 -1.450384e+00  0.000000e+00  2.000000e+00
 1.078990e+00 -1.450384e+00  1.625126e-09  2.000000e+00
 1.555144e+00 -1.450384e+00 -3.644149e-10  2.000000e+00
 8.586661e-01 -1.450384e+00  2.593852e-09  2.000000e+00
 1.296886e+00 -1.450384e+00  6.853388e-10  2.000000e+00
 5.909682e-01 -1.450384e+00  3.768633e-09  2.000000e+00
 3.254427e-01 -1.450384e+00  4.933652e-09  2.000000e+00
 1.451818e+00 -1.450384e+00  6.092685e-11  2.000000e+00
 1.072288e+00 -1.450384e+00  1.692087e-09  2.000000e+00
 1.321217e+00 -1.450384e+00  6.066119e-10  2.000000e+00
 1.575556e+00 -1.450384e+00 -4.390369e-10  2.000000e+00
 8.461060e-01 -1.450384e+00  2.687968e-09  2.000000e+00
 1.300499e+00 -1.450384e+00  7.047975e-10  2.000000e+00
 1.535709e+00 -1.450384e+00 -2.803552e-10  2.000000e+00
 1.580767e+00 -1.450384e+00 -4.580583e-10  2.000000e+00
 1.367102e+00 -1.450384e+00  4.257958e-10  2.000000e+00
 1.616979e-01 -1.450384e+00  5.687175e-09  2.000000e+00
 2.577484e-01 -1.450384e+00  5.269304e-09  2.000000e+00
 4.978429e-01 -1.450384e+00  4.224175e-09  2.000000e+00
 1.554553e+00 -1.450384e+00 -3.515743e-10  2.000000e+00
 7.129776e-01 -1.450384e+00  3.297333e-09  2.000000e+00
 1.453499e+00 -1.450384e+00  7.086617e-11  2.000000e+00
 1.597059e+00 -1.450384e+00 -5.175909e-10  2.000000e+00
 1.645443e+00 -1.450384e+00 -7.291898e-10  2.000000e+00
 1.109705e+00 -1.450384e+00  1.572687e-09  2.000000e+00
 1.563899e+00 -1.450384e+00 -3.839404e-10  2.000000e+00
 1.593177e+00 -1.450384e+00 -4.991944e-10  2.000000e+00
-9.822478e-02 -1.450384e+00  6.860828e-09  2.000000e+00
 1.888605e-01 -1.450384e+00  5.610822e-09  2.000000e+00
 2.884492e-01 -1.450384e+00  5.176690e-09  2.000000e+00
 4.351575e-01 -1.450384e+00  4.537095e-09  2.000000e+00
 1.648019e+00 -1.450384e+00 -7.234902e-10  2.000000e+00
 1.624412e+00 -1.450384e+00 -6.175919e-10  2.000000e+00
 1.607919e+00 -1.450384e+00 -5.512265e-10  2.000000e+00
 1.673787e+00 -1.450384e+00 -8.225588e-10  2.000000e+00
-2.902404e-02 -1.450384e+00  6.600330e-09  2.000000e+00
-2.040577e-01 -1.450384e+00  7.373342e-09  2.000000e+00
 1.648348e+00 -1.450384e+00 -7.071892e-10  2.000000e+00
 1.678029e+00 -1.450384e+00 -8.284947e-10  2.000000e+00
 1.725795e+00 -1.450384e+00 -1.032111e-09  2.000000e+00
-1.220145e-01 -1.450384e+00  7.034469e-09  2.000000e+00
 1.724688e+00 -1.450384e+00 -1.019911e-09  2.000000e+00
-3.452202e-01 -1.450384e+00  8.020882e-09  2.000000e+00
-4.290909e-01 -1.450384e+00  8.277537e-09  2.000000e+00
 1.714086e+00 -1.450384e+00 -9.508197e-10  2.000000e+00
 1.754649e+00 -1.450384e+00 -1.120435e-09  2.000000e+00
-5.279907e-01 -1.450384e+00  8.877572e-09  2.000000e+00
 1.768268e+00 -1.450384e+00 -1.171597e-09  2.000000e+00
-6.226156e-01 -1.450384e+00  9.131039e-09  2.000000e+00
-5.700100e-01 -1.450384e+00  9.085315e-09  2.000000e+00
-6.398985e-01 -1.450384e+00  9.322014e-09  2.000000e+00
-5.851365e-01 -1.450384e+00  9.268525e-09  2.000000e+00
 1.751117e+00 -1.450384e+00 -1.084189e-09  2.000000e+00
 5.875789e-01 -3.977329e-01 -1.814511e+00  2.000000e+00
 1.784876e+00 -1.450384e+00 -1.222833e-09  2.000000e+00
 1.769456e+00 -1.450384e+00 -1.149900e-09  2.000000e+00
-8.088990e-01 -1.450384e+00  1.016288e-08  2.000000e+00
-7.520236e-01 -1.450384e+00  1.009413e-08  2.000000e+00
-8.231837e-01 -1.450384e+00  1.034072e-08  2.000000e+00
-1.019456e+00 -1.450384e+00  1.121050e-08  2.000000e+00
-9.375888e-01 -1.450384e+00  1.114043e-08  2.000000e+00
 9.631532e-02  8.273374e-02 -2.642717e+00  2.000000e+00
 9.643801e-02  8.273374e-02 -2.642717e+00  2.000000e+00
-1.025815e+00 -1.450384e+00  1.138755e-08  2.000000e+00
 9.641409e-02  8.273374e-02 -2.642717e+00  2.000000e+00
 9.635968e-02  8.273374e-02 -2.642717e+00  2.000000e+00
-1.219130e+00 -1.450384e+00  1.224987e-08  2.000000e+00
 9.646353e-02  8.273374e-02 -2.642717e+00  2.000000e+00
 9.656627e-02  8.273374e-02 -2.642717e+00  2.000000e+00
-1.276911e+00 -1.450384e+00  1.267348e-08  2.000000e+00
 9.659081e-02  8.273374e-02 -2.642717e+00  2.000000e+00
 9.645349e-02  8.273374e-02 -2.642717e+00  2.000000e+00
-1.387202e+00 -1.450384e+00  1.308473e-08  2.000000e+00
-1.423395e+00 -1.450384e+00  1.353406e-08  2.000000e+00
-2.815841e-02  1.822813e-03 -2.503246e+00  2.000000e+00
 5.339556e-01  3.666385e-01 -3.132098e+00  2.000000e+00
-1.507161e+00 -1.450384e+00  1.403432e-08  2.000000e+00
 5.338931e-01  3.666385e-01 -3.132098e+00  2.000000e+00
 5.339282e-01  3.666385e-01 -3.132098e+00  2.000000e+00
-1.534816e+00 -1.450384e+00  1.419937e-08  2.000000e+00
 5.338652e-01  3.666385e-01 -3.132098e+00  2.000000e+00
-1.584124e+00 -1.450384e+00  1.448389e-08  2.000000e+00
-8.580972e-02 -3.564103e-02 -2.438668e+00  2.000000e+00
 2.241877e-01  1.656101e-01 -2.785575e+00  2.000000e+00
 5.338382e-01  3.666385e-01 -3.132098e+00  2.000000e+00
-1.586345e+00 -1.450384e+00  1.452077e-08  2.000000e+00
-1.705802e+00 -1.450384e+00  1.520551e-08  2.000000e+00
-7.813540e-02 -3.068850e-02 -2.447205e+00  2.000000e+00
-4.479912e-01 -2.708067e-01 -2.033300e+00  2.000000e+00
 6.580700e-01  4.472406e-01 -3.271037e+00  2.000000e+00
-1.715366e+00 -1.450384e+00  1.528137e-08  2.000000e+00
-4.246941e-01 -2.556912e-01 -2.059356e+00  2.000000e+00
-1.896887e+00 -1.450384e+00  1.639012e-08  2.000000e+00
 2.028416e-01  1.516961e-01 -2.761591e+00  2.000000e+00
-8.990986e-01 -5.638245e-01 -1.528210e+00  2.000000e+00
-1.422638e+00 -9.039095e-01 -9.419871e-01  2.000000e+00
-1.882255e+00 -1.450384e+00  1.625380e-08  2.000000e+00
-2.066148e+00 -1.450384e+00  1.743712e-08  2.000000e+00
-2.133399e+00 -1.450384e+00  1.784899e-08  2.000000e+00
-2.095034e-01 -1.160389e-01 -2.300082e+00  2.000000e+00
-2.057033e+00 -1.450384e+00  1.734233e-08  2.000000e+00
-2.153460e+00 -1.450384e+00  1.795864e-08  2.000000e+00
-1.278959e+00 -8.104981e-01 -1.103005e+00  2.000000e+00
-9.651930e-01 -6.066611e-01 -1.454370e+00  2.000000e+00
-1.985988e+00 -1.450384e+00  1.684416e-08  2.000000e+00
-2.120282e+00 -1.450384e+00  1.770960e-08  2.000000e+00
-1.677964e+00 -1.069669e+00 -6.562581e-01  2.000000e+00
-3.409534e-01 -2.014092e-01 -2.152924e+00  2.000000e+00
-2.208389e+00 -1.450384e+00  1.823549e-08  2.000000e+00
-1.645004e+00 -1.048208e+00 -6.932522e-01  2.000000e+00
-1.337034e+00 -8.481298e-01 -1.038138e+00  2.000000e+00
-1.168417e+00 -7.385632e-01 -1.227003e+00  2.000000e+00
-2.111488e+00 -1.450384e+00  1.757444e-08  2.000000e+00
-1.920292e+00 -1.227010e+00 -3.850423e-01  2.000000e+00
-2.241515e+00 -1.450384e+00  1.837214e-08  2.000000e+00
