 -0.02643931   0.02787685  -0.03250733   1.00000000
 -0.02643594   0.02787288  -0.03250186   1.00000000
 -0.02643594   0.02787288  -0.03250185   1.00000000
 -0.02643616   0.02787312  -0.03250215   1.00000000
 -0.02666932   0.02816355  -0.03298055   1.00000000
 -0.03415113   0.03644051  -0.04323470   1.00000000
 -0.05606491   0.06304077  -0.08180513   1.00000000
 -0.02644217   0.02787972  -0.03251028   1.00000000
 -0.13284950   0.16677307  -0.26688140   1.00000000
 -0.02643778   0.02787490  -0.03250434   1.00000000
 -0.03384106   0.03754376  -0.04883291   1.00000000
 -0.02649877   0.02794183  -0.03258676   1.00000000
 -0.02656491   0.02801442  -0.03267615   1.00000000
 -0.02704249   0.02853906  -0.03332315   1.00000000
 -0.02643594   0.02787288  -0.03250185   1.00000000
 -0.02643594   0.02787288  -0.03250185   1.00000000
 -0.02644091   0.02787833  -0.03250857   1.00000000
 -0.02644109   0.02787854  -0.03250882   1.00000000
 -0.08701513   0.10118651  -0.13831134   1.00000000
 -0.02643787   0.02787500  -0.03250446   1.00000000
 -0.09960215   0.11662937  -0.16116309   1.00000000
 -0.04941234   0.05500953  -0.07024121   1.00000000
 -0.02654181   0.02798907  -0.03264495   1.00000000
 -0.02643594   0.02787288  -0.03250185   1.00000000
 -0.02643818   0.02787534  -0.03250488   1.00000000
 -0.02643594   0.02787288  -0.03250185   1.00000000
 -0.07311807   0.08285308  -0.10813797   1.00000000
 -0.02643620   0.02787317  -0.03250220   1.00000000
 -0.02643610   0.02787309  -0.03250220   1.00000000
 -0.03524833   0.03767570  -0.04481306   1.00000000
 -0.03126848   0.03320511  -0.03911962   1.00000000
 -0.02643594   0.02787288  -0.03250185   1.00000000
 -0.02643594   0.02787288  -0.03250185   1.00000000
 -0.02643640   0.02787339  -0.03250248   1.00000000
 -0.02644146   0.02787894  -0.03250931   1.00000000
 -0.09453276   0.11080719  -0.15339625   1.00000000
 -0.02643594   0.02787288  -0.03250185   1.00000000
 -0.02643594   0.02787288  -0.03250185   1.00000000
 -0.02644091   0.02787833  -0.03250857   1.00000000
 -0.02643594   0.02787288  -0.03250185   1.00000000
 -0.02643594   0.02787289  -0.03250186   1.00000000
 -0.02643594   0.02787288  -0.03250185   1.00000000
 -0.02652332   0.02796878  -0.03261994   1.00000000
 -0.02926313   0.03099633  -0.03638524   1.00000000
 -0.03080263   0.03269093  -0.03848118   1.00000000
 -0.02644298   0.02788061  -0.03251137   1.00000000
 -0.02645109   0.02788950  -0.03252232   1.00000000
 -0.02643594   0.02787289  -0.03250186   1.00000000
 -0.02645357   0.02789223  -0.03252568   1.00000000
 -0.02644373   0.02788143  -0.03251238   1.00000000
 -0.03611685   0.03865647  -0.04607199   1.00000000
 -0.02643594   0.02787288  -0.03250185   1.00000000
 -0.02643594   0.02787288  -0.03250185   1.00000000
 -0.02643594   0.02787288  -0.03250185   1.00000000
 -0.03194509   0.03396977  -0.04010126   1.00000000
 -0.02643594   0.02787288  -0.03250185   1.00000000
 -0.02643594   0.02787288  -0.03250185   1.00000000
 -0.02713995   0.02864701  -0.03345826   1.00000000
 -0.02643785   0.02787520  -0.03250520   1.00000000
 -0.03194509   0.03396977  -0.04010126   1.00000000
 -0.02666695   0.02812646  -0.03281423   1.00000000
 -0.07252649   0.08221111  -0.10736486   1.00000000
 -0.02643616   0.02787312  -0.03250215   1.00000000
 -0.02650426   0.02794786  -0.03259418   1.00000000
 -0.03611685   0.03865647  -0.04607199   1.00000000
 -0.13338155   0.16737604  -0.26768905   1.00000000
 -0.02644373   0.02788143  -0.03251238   1.00000000
 -0.02643594   0.02787288  -0.03250185   1.00000000
 -0.02643606   0.02787301  -0.03250202   1.00000000
 -0.02643594   0.02787288  -0.03250185   1.00000000
 -0.02704011   0.02853646  -0.03331995   1.00000000
 -0.02643606   0.02787301  -0.03250202   1.00000000
 -0.02645170   0.02789018  -0.03252315   1.00000000
 -0.02659744   0.02805093  -0.03272254   1.00000000
 -0.02644452   0.02788231  -0.03251348   1.00000000
 -0.02652332   0.02796878  -0.03261994   1.00000000
 -0.02643594   0.02787288  -0.03250185   1.00000000
 -0.02643594   0.02787288  -0.03250185   1.00000000
 -0.03071944   0.03292588  -0.03947031   1.00000000
 -0.02643594   0.02787288  -0.03250185   1.00000000
 -0.02643594   0.02787288  -0.03250185   1.00000000
 -0.02643594   0.02787288  -0.03250185   1.00000000
 -0.02643594   0.02787288  -0.03250186   1.00000000
 -0.02643594   0.02787288  -0.03250185   1.00000000
 -0.15954159   0.21157411  -0.39035756   1.00000000
 -0.08701433   0.10118565  -0.13831030   1.00000000
 -0.02713282   0.02863842  -0.03344593   1.00000000
 -0.02643814   0.02787529  -0.03250482   1.00000000
 -0.02643594   0.02787288  -0.03250185   1.00000000
 -0.02657147   0.02802164  -0.03268506   1.00000000
 -0.02646004   0.02789934  -0.03253444   1.00000000
 -0.03524833   0.03767570  -0.04481306   1.00000000
 -0.02857977   0.03024078  -0.03544483   1.00000000
 -0.02666652   0.02812599  -0.03281364   1.00000000
 -0.03415113   0.03644051  -0.04323470   1.00000000
 -0.02659056   0.02804541  -0.03272083   1.00000000
 -0.02643594   0.02787289  -0.03250186   1.00000000
 -0.15953396   0.21156587  -0.39034764   1.00000000
 -0.02645354   0.02789220  -0.03252564   1.00000000
 -0.02657147   0.02802163  -0.03268505   1.00000000
 -0.02645284   0.02789143  -0.03252469   2.00000000
 -0.02643660   0.02787360  -0.03250274   2.00000000
 -0.02643594   0.02787288  -0.03250185   2.00000000
 -0.02660329   0.02805658  -0.03272811   2.00000000
 -0.02643689   0.02787393  -0.03250315   2.00000000
 -0.02643594   0.02787288  -0.03250185   2.00000000
 -0.02643597   0.02787291  -0.03250189   2.00000000
 -0.02643822   0.02787539  -0.03250494   2.00000000
 -0.02657487   0.02802536  -0.03268964   2.00000000
 -0.02643594   0.02787288  -0.03250185   2.00000000
 -0.02643594   0.02787288  -0.03250185   2.00000000
 -0.04863163   0.05309018  -0.06520228   2.00000000
 -0.02643598   0.02787293  -0.03250191   2.00000000
 -0.02939643   0.03115389  -0.03659957   2.00000000
 -0.02643595   0.02787289  -0.03250187   2.00000000
 -0.02653383   0.02798398  -0.03264566   2.00000000
 -0.02643594   0.02787288  -0.03250185   2.00000000
 -0.02643594   0.02787288  -0.03250185   2.00000000
 -0.03601577   0.03854218  -0.04592503   2.00000000
 -0.02643780   0.02787495  -0.03250443   2.00000000
 -0.04245309   0.04589296  -0.05551963   2.00000000
 -0.02645284   0.02789143  -0.03252469   2.00000000
 -0.19429174   0.27012367  -0.57535047   2.00000000
 -0.02657487   0.02802536  -0.03268965   2.00000000
 -0.02643594   0.02787288  -0.03250185   2.00000000
 -0.04795065   0.05228819  -0.06410532   2.00000000
 -0.02643594   0.02787288  -0.03250185   2.00000000
 -0.02713343   0.02863905  -0.03344662   2.00000000
 -0.02649549   0.02794826  -0.03263693   2.00000000
 -0.02643594   0.02787288  -0.03250185   2.00000000
 -0.02643594   0.02787288  -0.03250185   2.00000000
 -0.02706544   0.02856429  -0.03335431   2.00000000
 -0.02643596   0.02787290  -0.03250188   2.00000000
 -0.02643594   0.02787288  -0.03250185   2.00000000
 -0.02831623   0.02994210  -0.03506011   2.00000000
 -0.02643594   0.02787288  -0.03250185   2.00000000
 -0.19567201   0.27207026  -0.57957327   2.00000000
 -0.02643746   0.02787456  -0.03250392   2.00000000
 -0.03135863   0.03331578  -0.03927711   2.00000000
 -0.02643661   0.02787363  -0.03250277   2.00000000
 -0.02643595   0.02787290  -0.03250188   2.00000000
 -0.02643594   0.02787288  -0.03250186   2.00000000
 -0.02644356   0.02788125  -0.03251215   2.00000000
 -0.02680805   0.02828143  -0.03300528   2.00000000
 -0.02643594   0.02787288  -0.03250185   2.00000000
 -0.02643594   0.02787288  -0.03250185   2.00000000
 -0.02706544   0.02856429  -0.03335431   2.00000000
 -0.02643822   0.02787539  -0.03250494   2.00000000
 -0.02643664   0.02787365  -0.03250280   2.00000000
 -0.02643594   0.02787288  -0.03250185   2.00000000
 -0.02643594   0.02787288  -0.03250185   2.00000000
 -0.02658955   0.02804147  -0.03270949   2.00000000
 -0.02643750   0.02787460  -0.03250399   2.00000000
 -0.02646560   0.02790544  -0.03254200   2.00000000
 -0.02644485   0.02788266  -0.03251390   2.00000000
 -0.02643606   0.02787302  -0.03250204   2.00000000
 -0.02643664   0.02787365  -0.03250280   2.00000000
 -0.02643613   0.02787309  -0.03250211   2.00000000
 -0.02643594   0.02787288  -0.03250185   2.00000000
 -0.06943231   0.08103634  -0.11229583   2.00000000
 -0.04795303   0.05229077  -0.06410843   2.00000000
 -0.02643594   0.02787288  -0.03250185   2.00000000
 -0.02644356   0.02788125  -0.03251215   2.00000000
 -0.04245309   0.04589296  -0.05551963   2.00000000
 -0.02643602   0.02787297  -0.03250197   2.00000000
 -0.02643594   0.02787288  -0.03250185   2.00000000
 -0.02643594   0.02787288  -0.03250185   2.00000000
 -0.03116726   0.03311645  -0.03905068   2.00000000
 -0.03601577   0.03854218  -0.04592503   2.00000000
 -0.02643594   0.02787288  -0.03250185   2.00000000
 -0.02643594   0.02787288  -0.03250186   2.00000000
 -0.02643613   0.02787309  -0.03250211   2.00000000
 -0.02680897   0.02828244  -0.03300652   2.00000000
 -0.02646074   0.02790011  -0.03253539   2.00000000
 -0.02643660   0.02787360  -0.03250274   2.00000000
 -0.11125168   0.13219046  -0.18793239   2.00000000
 -0.02658083   0.02803191  -0.03269772   2.00000000
 -0.05390608   0.05934743  -0.07386260   2.00000000
 -0.02643800   0.02787514  -0.03250463   2.00000000
 -0.02645190   0.02789039  -0.03252342   2.00000000
 -0.02662779   0.02808345  -0.03276119   2.00000000
 -0.09958650   0.11823871  -0.16795641   2.00000000
 -0.02643594   0.02787288  -0.03250185   2.00000000
 -0.14718599   0.20259510  -0.42546076   2.00000000
 -0.02643594   0.02787288  -0.03250185   2.00000000
 -0.04863163   0.05309018  -0.06520227   2.00000000
 -0.02643603   0.02787298  -0.03250197   2.00000000
 -0.03135863   0.03331578  -0.03927711   2.00000000
 -0.02713343   0.02863905  -0.03344662   2.00000000
 -0.02643594   0.02787288  -0.03250185   2.00000000
 -0.02643595   0.02787289  -0.03250187   2.00000000
 -0.02643594   0.02787288  -0.03250185   2.00000000
 -0.02643594   0.02787288  -0.03250185   2.00000000
 -0.02643594   0.02787288  -0.03250185   2.00000000
 -0.02643594   0.02787288  -0.03250185   2.00000000
 -0.05390613   0.05934748  -0.07386266   2.00000000
 -0.02645190   0.02789039  -0.03252342   2.00000000
 -0.02831671   0.02994263  -0.03506076   2.00000000
 -0.02643800   0.02787514  -0.03250463   2.00000000
 -0.03343820   0.03560859  -0.04212001   2.00000000
 -0.02643594   0.02787288  -0.03250185   3.00000000
 -0.02643604   0.02787299  -0.03250199   3.00000000
 -0.02643594   0.02787288  -0.03250185   3.00000000
 -0.02687255   0.02835229  -0.03309267   3.00000000
 -0.02643594   0.02787288  -0.03250185   3.00000000
 -0.02643594   0.02787288  -0.03250185   3.00000000
 -0.02675043   0.02821816  -0.03292729   3.00000000
 -0.02644253   0.02788012  -0.03251077   3.00000000
 -0.03088400   0.03290239  -0.03897423   3.00000000
 -0.03186744   0.03388310  -0.03999192   3.00000000
 -0.02643604   0.02787299  -0.03250199   3.00000000
 -0.04248994   0.04588407  -0.05541353   3.00000000
 -0.02799104   0.02958151  -0.03460948   3.00000000
 -0.02714470   0.02865143  -0.03346187   3.00000000
 -0.02643602   0.02787297  -0.03250197   3.00000000
 -0.02643594   0.02787288  -0.03250185   3.00000000
 -0.05349446   0.05884974  -0.07315453   3.00000000
 -0.02643595   0.02787290  -0.03250187   3.00000000
 -0.02643594   0.02787288  -0.03250185   3.00000000
 -0.02737653   0.02890736  -0.03377972   3.00000000
 -0.04492145   0.04875137  -0.05933025   3.00000000
 -0.02643614   0.02787311  -0.03250213   3.00000000
 -0.04492145   0.04875137  -0.05933025   3.00000000
 -0.02643624   0.02787322  -0.03250227   3.00000000
 -0.02747270   0.02903472  -0.03397705   3.00000000
 -0.02794778   0.02953568  -0.03455596   3.00000000
 -0.04723472   0.05131979  -0.06254898   3.00000000
 -0.03889472   0.04180399  -0.05013335   3.00000000
 -0.02647012   0.02791041  -0.03254810   3.00000000
 -0.02643784   0.02787497  -0.03250442   3.00000000
 -0.02648668   0.02792856  -0.03257041   3.00000000
 -0.02643614   0.02787310  -0.03250212   3.00000000
 -0.02643596   0.02787290  -0.03250188   3.00000000
 -0.02643625   0.02787322  -0.03250227   3.00000000
 -0.02662214   0.02807726  -0.03275359   3.00000000
 -0.02643594   0.02787288  -0.03250185   3.00000000
 -0.02643594   0.02787288  -0.03250185   3.00000000
 -0.02643594   0.02787288  -0.03250185   3.00000000
 -0.02643594   0.02787288  -0.03250185   3.00000000
 -0.02643604   0.02787299  -0.03250199   3.00000000
 -0.02657693   0.02803387  -0.03271231   3.00000000
 -0.02643594   0.02787288  -0.03250185   3.00000000
 -0.05345273   0.05880454  -0.07309989   3.00000000
 -0.02643613   0.02787309  -0.03250211   3.00000000
 -0.02643594   0.02787288  -0.03250185   3.00000000
 -0.02643594   0.02787288  -0.03250185   3.00000000
 -0.03875199   0.04164876  -0.04994462   3.00000000
 -0.02644253   0.02788012  -0.03251077   3.00000000
 -0.03260187   0.03470357  -0.04102860   3.00000000
 -0.04156967   0.04488042  -0.05418789   3.00000000
 -0.02643604   0.02787299  -0.03250199   3.00000000
 -0.02643613   0.02787309  -0.03250211   3.00000000
 -0.02643594   0.02787288  -0.03250185   3.00000000
 -0.02678383   0.02825479  -0.03297236   3.00000000
 -0.02643594   0.02787288  -0.03250185   3.00000000
 -0.03464952   0.03697981  -0.04388490   3.00000000
 -0.02710542   0.02860922  -0.03341147   3.00000000
 -0.02644053   0.02787792  -0.03250805   3.00000000
 -0.02643594   0.02787288  -0.03250185   3.00000000
 -0.02643596   0.02787290  -0.03250188   3.00000000
 -0.02673148   0.02819748  -0.03290204   3.00000000
 -0.02643594   0.02787288  -0.03250185   3.00000000
 -0.02643594   0.02787288  -0.03250185   3.00000000
 -0.02652141   0.02796668  -0.03261737   3.00000000
 -0.02643594   0.02787288  -0.03250185   3.00000000
 -0.02643594   0.02787289  -0.03250186   3.00000000
 -0.02686168   0.02835410  -0.03312085   3.00000000
 -0.02662214   0.02807726  -0.03275359   3.00000000
 -0.02653412   0.02798065  -0.03263460   3.00000000
 -0.02686137   0.02834002  -0.03307755   3.00000000
 -0.02643798   0.02787513  -0.03250462   3.00000000
 -0.02713374   0.02863941  -0.03344708   3.00000000
 -0.02643594   0.02787288  -0.03250185   3.00000000
 -0.02643608   0.02787304  -0.03250205   3.00000000
 -0.02961450   0.03137785  -0.03684774   3.00000000
 -0.02643642   0.02787341  -0.03250250   3.00000000
 -0.03378700   0.03603766  -0.04273219   3.00000000
 -0.02643606   0.02787302  -0.03250202   3.00000000
 -0.02643607   0.02787302  -0.03250203   3.00000000
 -0.02677696   0.02825415  -0.03298431   3.00000000
 -0.02671886   0.02818348  -0.03288451   3.00000000
 -0.02643594   0.02787288  -0.03250185   3.00000000
 -0.02643594   0.02787288  -0.03250185   3.00000000
 -0.02838405   0.03006226  -0.03529360   3.00000000
 -0.02643596   0.02787291  -0.03250188   3.00000000
 -0.02644053   0.02787792  -0.03250805   3.00000000
 -0.03260187   0.03470357  -0.04102860   3.00000000
 -0.02643654   0.02787354  -0.03250267   3.00000000
 -0.02643594   0.02787288  -0.03250185   3.00000000
 -0.02643594   0.02787289  -0.03250186   3.00000000
 -0.02961450   0.03137785  -0.03684773   3.00000000
 -0.02775770   0.02934098  -0.03434140   3.00000000
 -0.03186744   0.03388310  -0.03999192   3.00000000
 -0.04033690   0.04343483  -0.05223272   3.00000000
 -0.02643594   0.02787288  -0.03250185   3.00000000
 -0.02643627   0.02787325  -0.03250230   3.00000000
 -0.02648668   0.02792856  -0.03257041   3.00000000
 -0.02794778   0.02953568  -0.03455596   3.00000000
 -0.03984563   0.04289992  -0.05158113   3.00000000
 -0.04540406   0.04931144  -0.06007409   3.00000000
 -0.02643630   0.02787328  -0.03250235   4.00000000
 -0.02643598   0.02787293  -0.03250191   4.00000000
 -0.02643597   0.02787292  -0.03250190   4.00000000
 -0.02643594   0.02787288  -0.03250185   4.00000000
 -0.02704210   0.02853864  -0.03332264   4.00000000
 -0.02643594   0.02787288  -0.03250185   4.00000000
 -0.02820719   0.02982178  -0.03491079   4.00000000
 -0.02821115   0.02982612  -0.03491611   4.00000000
 -0.02643594   0.02787288  -0.03250185   4.00000000
 -0.02646264   0.02790219  -0.03253794   4.00000000
 -0.02643597   0.02787292  -0.03250190   4.00000000
 -0.03822037   0.04104292  -0.04915656   4.00000000
 -0.03362769   0.03585273  -0.04248641   4.00000000
 -0.02643594   0.02787288  -0.03250185   4.00000000
 -0.02643594   0.02787288  -0.03250185   4.00000000
 -0.02643597   0.02787291  -0.03250189   4.00000000
 -0.02691098   0.02839452  -0.03314478   4.00000000
 -0.02643594   0.02787288  -0.03250185   4.00000000
 -0.02643594   0.02787288  -0.03250185   4.00000000
 -0.02643617   0.02787314  -0.03250217   4.00000000
 -0.02643594   0.02787288  -0.03250185   4.00000000
 -0.02643772   0.02787484  -0.03250427   4.00000000
 -0.02643594   0.02787288  -0.03250185   4.00000000
 -0.02646026   0.02789960  -0.03253482   4.00000000
 -0.02643594   0.02787288  -0.03250186   4.00000000
 -0.02691098   0.02839452  -0.03314478   4.00000000
 -0.02643594   0.02787288  -0.03250185   4.00000000
 -0.02735894   0.02888715  -0.03375321   4.00000000
 -0.02643768   0.02787480  -0.03250421   4.00000000
 -0.02643600   0.02787295  -0.03250194   4.00000000
 -0.03055906   0.03242606  -0.03815941   4.00000000
 -0.02643595   0.02787290  -0.03250188   4.00000000
 -0.02714876   0.02865592  -0.03346745   4.00000000
 -0.03988151   0.04293861  -0.05162844   4.00000000
 -0.02643594   0.02787288  -0.03250185   4.00000000
 -0.02643597   0.02787292  -0.03250190   4.00000000
 -0.02643594   0.02787288  -0.03250185   4.00000000
 -0.03209684   0.03413918  -0.04031511   4.00000000
 -0.02643594   0.02787288  -0.03250185   4.00000000
 -0.02643598   0.02787293  -0.03250191   4.00000000
 -0.02643594   0.02787288  -0.03250185   4.00000000
 -0.02643988   0.02787721  -0.03250719   4.00000000
 -0.02672719   0.02819273  -0.03289611   4.00000000
 -0.02643594   0.02787289  -0.03250186   4.00000000
 -0.02643601   0.02787296  -0.03250195   4.00000000
 -0.02643718   0.02787424  -0.03250353   4.00000000
 -0.02653399   0.02798065  -0.03263486   4.00000000
 -0.02644056   0.02787797  -0.03250815   4.00000000
 -0.02643594   0.02787288  -0.03250185   4.00000000
 -0.02643597   0.02787292  -0.03250190   4.00000000
 -0.03822436   0.04104725  -0.04916182   4.00000000
 -0.02643594   0.02787288  -0.03250185   4.00000000
 -0.02643594   0.02787288  -0.03250186   4.00000000
 -0.70760610 -15.14483877   0.56228613   4.00000000
 -0.02643594   0.02787288  -0.03250185   4.00000000
 -0.02643594   0.02787288  -0.03250185   4.00000000
 -0.02643594   0.02787288  -0.03250185   4.00000000
 -0.02644734   0.02788539  -0.03251726   4.00000000
 -0.03209684   0.03413917  -0.04031510   4.00000000
 -0.02714876   0.02865592  -0.03346745   4.00000000
 -0.02737798   0.02890802  -0.03377886   4.00000000
 -0.70760610 -15.14483877   0.56228613   4.00000000
 -0.02643856   0.02787575  -0.03250539   4.00000000
 -0.02643732   0.02787440  -0.03250372   4.00000000
 -0.02643594   0.02787275  -0.03250185   4.00000000
 -0.02643594   0.02787288  -0.03250185   4.00000000
 -0.02643601   0.02787296  -0.03250195   4.00000000
 -0.02643600   0.02787295  -0.03250194   4.00000000
 -0.02643598   0.02787293  -0.03250192   4.00000000
 -0.03034273   0.03218639  -0.03786015   4.00000000
 -0.02704210   0.02853864  -0.03332264   4.00000000
 -0.02643594   0.02787288  -0.03250185   4.00000000
 -0.02643594   0.02787289  -0.03250186   4.00000000
 -0.02643598   0.02787293  -0.03250192   4.00000000
 -0.02643594   0.02787288  -0.03250185   4.00000000
 -0.02643594   0.02787288  -0.03250185   4.00000000
 -0.02643596   0.02787291  -0.03250189   4.00000000
 -0.02643715   0.02787421  -0.03250349   4.00000000
 -0.02692997   0.02841652  -0.03317395   4.00000000
 -0.02643627   0.02787326  -0.03250233   4.00000000
 -0.02643594   0.02787288  -0.03250185   4.00000000
 -0.02643594   0.02787288  -0.03250185   4.00000000
 -0.02643594   0.02787288  -0.03250185   4.00000000
 -0.02643856   0.02787575  -0.03250539   4.00000000
 -0.03988151   0.04293861  -0.05162844   4.00000000
 -0.02643594   0.02787288  -0.03250185   4.00000000
 -0.02643630   0.02787328  -0.03250235   4.00000000
 -0.02644849   0.02788674  -0.03251906   4.00000000
 -0.02643594   0.02787288  -0.03250185   4.00000000
 -0.02643594   0.02787288  -0.03250185   4.00000000
 -0.02643597   0.02787292  -0.03250190   4.00000000
 -0.02643594   0.02787288  -0.03250185   4.00000000
 -0.02643596   0.02787291  -0.03250189   4.00000000
 -0.02653997   0.02798705  -0.03264245   4.00000000
 -0.03362767   0.03585270  -0.04248637   4.00000000
 -0.02643594   0.02787288  -0.03250185   4.00000000
 -0.02643594   0.02787288  -0.03250185   4.00000000
 -0.02643594   0.02787288  -0.03250185   4.00000000
 -0.03049334   0.03235103  -0.03806179   4.00000000
 -0.03055907   0.03242607  -0.03815941   4.00000000
 -0.02653152   0.02797778  -0.03263103   5.00000000
 -0.02643594   0.02787289  -0.03250186   5.00000000
 -0.02643594   0.02787288  -0.03250185   5.00000000
 -0.10050154   0.11961028  -0.17089224   5.00000000
 -0.14962980   0.26315059   5.97399558   5.00000000
 -0.02643594   0.02787288  -0.03250185   5.00000000
 -0.02833390   0.02996550  -0.03509603   5.00000000
 -0.02643594   0.02787288  -0.03250185   5.00000000
 -0.02643594   0.02787288  -0.03250185   5.00000000
 -0.09661085   0.11420750  -0.16103731   5.00000000
 -0.02848894   0.03013277  -0.03529690   5.00000000
 -0.05730661   0.06343821  -0.07965088   5.00000000
 -0.02728377   0.02881341  -0.03367828   5.00000000
 -0.02644076   0.02787818  -0.03250838   5.00000000
 -0.02644446   0.02788224  -0.03251337   5.00000000
 -0.02643666   0.02787367  -0.03250283   5.00000000
 -0.04221680   0.04562050  -0.05515879   5.00000000
 -0.02643595   0.02787290  -0.03250187   5.00000000
 -0.02970523   0.03147038  -0.03694915   5.00000000
 -0.02662223   0.02807735  -0.03275370   5.00000000
 -0.02643594   0.02787288  -0.03250185   5.00000000
 -0.03133527   0.03328975  -0.03924436   5.00000000
 -0.02653150   0.02797776  -0.03263100   5.00000000
 -0.02645360   0.02789226  -0.03252572   5.00000000
 -0.02643594   0.02787288  -0.03250185   5.00000000
 -0.02643702   0.02787406  -0.03250331   5.00000000
 -0.02650413   0.02794772  -0.03259401   5.00000000
 -0.02643594   0.02787288  -0.03250185   5.00000000
 -0.33360798   0.61215046  14.79912354   5.00000000
 -0.02643594   0.02787289  -0.03250186   5.00000000
 -0.10050117   0.11960989  -0.17089177   5.00000000
 -0.02685299   0.02833081  -0.03306581   5.00000000
 -0.02644074   0.02787815  -0.03250834   5.00000000
 -0.02645360   0.02789226  -0.03252572   5.00000000
 -0.02643608   0.02787304  -0.03250205   5.00000000
 -0.02644008   0.02787802  -0.03250960   5.00000000
 -0.02643594   0.02787288  -0.03250185   5.00000000
 -0.02743225   0.02896780  -0.03385290   5.00000000
 -0.02848832   0.03013209  -0.03529606   5.00000000
 -0.02653039   0.02797670  -0.03262997   5.00000000
 -0.02643594   0.02787288  -0.03250185   5.00000000
 -0.04222144   0.04562555  -0.05516492   5.00000000
 -0.09124829   0.10687845  -0.14807333   5.00000000
 -0.02643795   0.02787509  -0.03250458   5.00000000
 -0.02647571   0.02791652  -0.03255559   5.00000000
 -0.05730661   0.06343821  -0.07965088   5.00000000
 -0.02643594   0.02787288  -0.03250185   5.00000000
 -0.02680709   0.02828038  -0.03300398   5.00000000
 -0.03404700   0.03632699  -0.04309599   5.00000000
 -0.02643594   0.02787288  -0.03250185   5.00000000
 -0.02643594   0.02787289  -0.03250186   5.00000000
 -0.09661069   0.11420733  -0.16103710   5.00000000
 -0.02647641   0.02791730  -0.03255655   5.00000000
 -0.02643594   0.02787288  -0.03250185   5.00000000
 -0.02665621   0.02811467  -0.03279968   5.00000000
 -0.02650143   0.02794475  -0.03259036   5.00000000
 -0.02663317   0.02808936  -0.03276851   5.00000000
 -0.02808698   0.02968917  -0.03474626   5.00000000
 -0.02643594   0.02787289  -0.03250186   5.00000000
 -0.02643665   0.02787366  -0.03250281   5.00000000
 -0.02808698   0.02968917  -0.03474626   5.00000000
 -0.02643594   0.02787288  -0.03250185   5.00000000
 -0.02643594   0.02787288  -0.03250185   5.00000000
 -0.02743995   0.02897628  -0.03386338   5.00000000
 -0.02798529   0.02958114  -0.03461955   5.00000000
 -0.33070804   0.60693944  14.67738242   5.00000000
 -0.02742401   0.02895875  -0.03384172   5.00000000
 -0.03453422   0.03685857  -0.04374526   5.00000000
 -0.02643594   0.02787288  -0.03250185   5.00000000
 -0.02643718   0.02787524  -0.03244225   5.00000000
 -0.02643594   0.02787288  -0.03250185   5.00000000
 -0.02643613   0.02787309  -0.03250211   5.00000000
 -0.02643594   0.02787288  -0.03250185   5.00000000
 -0.02643594   0.02787288  -0.03250185   5.00000000
 -0.02643594   0.02787288  -0.03250185   5.00000000
 -0.02643594   0.02787288  -0.03250185   5.00000000
 -0.02643594   0.02787288  -0.03250185   5.00000000
 -0.03133527   0.03328975  -0.03924436   5.00000000
 -0.02685300   0.02833081  -0.03306617   5.00000000
 -0.02665621   0.02811466  -0.03279968   5.00000000
 -0.02643594   0.02787288  -0.03250185   5.00000000
 -0.02680985   0.02828368  -0.03300855   5.00000000
 -0.02662223   0.02807735  -0.03275370   5.00000000
 -0.02743994   0.02897627  -0.03386337   5.00000000
 -0.02643594   0.02787288  -0.03250185   5.00000000
 -0.02643594   0.02787288  -0.03250185   5.00000000
 -0.02643596   0.02787291  -0.03250189   5.00000000
 -0.02643594   0.02787288  -0.03250185   5.00000000
 -0.02643594   0.02787288  -0.03250185   5.00000000
 -0.02643594   0.02787288  -0.03250185   5.00000000
 -0.02743399   0.02896971  -0.03385525   5.00000000
 -0.02643702   0.02787406  -0.03250331   5.00000000
 -0.02742505   0.02896002  -0.03384361   5.00000000
 -0.02643594   0.02787289  -0.03250186   5.00000000
 -0.02644429   0.02788204  -0.03251313   5.00000000
 -0.02643594   0.02787288  -0.03250185   5.00000000
 -0.02643594   0.02787288  -0.03250185   5.00000000
 -0.09124829   0.10687845  -0.14807333   5.00000000
 -0.02663317   0.02808936  -0.03276851   5.00000000
 -0.02643594   0.02787288  -0.03250185   5.00000000
 -0.02643594   0.02787288  -0.03250185   6.00000000
 -0.10552122   0.12601913  -0.18114800   6.00000000
 -0.02643594   0.02787289  -0.03250186   6.00000000
 -0.02649485   0.02793753  -0.03258146   6.00000000
 -0.02695736   0.02844557  -0.03320789   6.00000000
 -0.02643594   0.02787288  -0.03250185   6.00000000
 -0.05095959   0.05583884  -0.06897812   6.00000000
 -0.02866816   0.03033156  -0.03554545   6.00000000
 -0.02643594   0.02787288  -0.03250185   6.00000000
 -0.05096007   0.05583936  -0.06897875   6.00000000
 -0.02643599   0.02787294  -0.03250193   6.00000000
 -0.02643614   0.02787310  -0.03250212   6.00000000
 -0.02643594   0.02787288  -0.03250185   6.00000000
 -0.02643682   0.02787388  -0.03250316   6.00000000
 -0.02643594   0.02787288  -0.03250185   6.00000000
 -0.02643932   0.02787659  -0.03250642   6.00000000
 -0.02643594   0.02787288  -0.03250185   6.00000000
 -0.02643594   0.02787288  -0.03250185   6.00000000
 -0.02643594   0.02787288  -0.03250185   6.00000000
 -0.02732254   0.02884707  -0.03370363   6.00000000
 -0.02724247   0.02875899  -0.03359478   6.00000000
 -0.03069993   0.03258266  -0.03835584   6.00000000
 -0.02732093   0.02884530  -0.03370145   6.00000000
 -0.02643594   0.02787288  -0.03250186   6.00000000
 -0.04267271   0.04614638  -0.05585564   6.00000000
 -0.03377875   0.03602283  -0.04270362   6.00000000
 -0.02711703   0.02862102  -0.03342435   6.00000000
 -0.02643604   0.02787300  -0.03250200   6.00000000
 -0.02643594   0.02787288  -0.03250185   6.00000000
 -0.02643631   0.02787329  -0.03250236   6.00000000
 -0.02791162   0.02949561  -0.03450592   6.00000000
 -0.02643594   0.02787288  -0.03250185   6.00000000
 -0.02643594   0.02787288  -0.03250185   6.00000000
 -0.02643594   0.02787288  -0.03250185   6.00000000
 -0.02643594   0.02787288  -0.03250185   6.00000000
 -0.02643614   0.02787310  -0.03250212   6.00000000
 -0.03507107   0.03860597  -0.04879356   6.00000000
 -0.02643594   0.02787288  -0.03250185   6.00000000
 -0.02643765   0.02787476  -0.03250416   6.00000000
 -0.10527366   0.12574034  -0.18078475   6.00000000
 -0.02764626   0.02920345  -0.03414446   6.00000000
 -0.02643594   0.02787288  -0.03250185   6.00000000
 -0.02793537   0.02956323  -0.03467472   6.00000000
 -0.02643594   0.02787288  -0.03250185   6.00000000
 -0.02775138   0.02931906  -0.03428725   6.00000000
 -0.05405823   0.05952951  -0.07411810   6.00000000
 -0.02643594   0.02787288  -0.03250185   6.00000000
 -0.02643836   0.02787565  -0.03250546   6.00000000
 -0.02643594   0.02787288  -0.03250186   6.00000000
 -0.02653361   0.02798009  -0.03263391   6.00000000
 -0.02685845   0.02833784  -0.03307671   6.00000000
 -0.02643594   0.02787288  -0.03250186   6.00000000
 -0.02643604   0.02787300  -0.03250200   6.00000000
 -0.02643594   0.02787288  -0.03250185   6.00000000
 -0.02657617   0.02802679  -0.03269141   6.00000000
 -0.04267271   0.04614638  -0.05585564   6.00000000
 -0.02643594   0.02787288  -0.03250185   6.00000000
 -0.02643594   0.02787289  -0.03250186   6.00000000
 -0.02643594   0.02787288  -0.03250185   6.00000000
 -0.02643594   0.02787288  -0.03250185   6.00000000
 -0.03344938   0.03565271  -0.04223218   6.00000000
 -0.02708594   0.02859441  -0.03340516   6.00000000
 -0.02643600   0.02787294  -0.03250193   6.00000000
 -0.02643594   0.02787288  -0.03250185   6.00000000
 -0.02765138   0.02920906  -0.03415135   6.00000000
 -0.02643932   0.02787659  -0.03250642   6.00000000
 -0.02643594   0.02787288  -0.03250185   6.00000000
 -0.02643765   0.02787476  -0.03250416   6.00000000
 -0.02727647   0.02879639  -0.03364099   6.00000000
 -0.02786341   0.02944277  -0.03444097   6.00000000
 -0.02649479   0.02793747  -0.03258138   6.00000000
 -0.02893511   0.03062384  -0.03590418   6.00000000
 -0.03405254   0.03632150  -0.04306833   6.00000000
 -0.02643594   0.02787288  -0.03250185   6.00000000
 -0.02664350   0.02810110  -0.03278365   6.00000000
 -0.02645198   0.02789048  -0.03252352   6.00000000
 -0.06835093   0.07664983  -0.09825523   6.00000000
 -0.02643594   0.02787288  -0.03250186   6.00000000
 -0.03069997   0.03258270  -0.03835589   6.00000000
 -0.02643606   0.02787302  -0.03250202   6.00000000
 -0.02727656   0.02879648  -0.03364111   6.00000000
 -0.02643594   0.02787288  -0.03250185   6.00000000
 -0.05405822   0.05952951  -0.07411809   6.00000000
 -0.02643594   0.02787288  -0.03250185   6.00000000
 -0.02724247   0.02875899  -0.03359478   6.00000000
 -0.02657617   0.02802679  -0.03269141   6.00000000
 -0.02643594   0.02787288  -0.03250186   6.00000000
 -0.02643631   0.02787329  -0.03250236   6.00000000
 -0.03607243   0.03904519  -0.04748036   6.00000000
 -0.02665300   0.02811120  -0.03279553   6.00000000
 -0.03344938   0.03565271  -0.04223218   6.00000000
 -0.02643594   0.02787288  -0.03250186   6.00000000
 -0.02643595   0.02787290  -0.03250187   6.00000000
 -0.02775551   0.02932357  -0.03429280   6.00000000
 -0.06638675   0.07446978  -0.09551379   6.00000000
 -0.02645198   0.02789048  -0.03252352   6.00000000
 -0.02711703   0.02862102  -0.03342435   6.00000000
 -0.02643603   0.02787298  -0.03250198   6.00000000
 -0.02687776   0.02835808  -0.03309993   6.00000000
 -0.02644153   0.02787903  -0.03250944   6.00000000
 -0.04360379   0.04718178  -0.05715663   7.00000000
 -0.02653793   0.02798503  -0.03264034   7.00000000
 -0.02707371   0.02857340  -0.03336556   7.00000000
 -0.02643594   0.02787288  -0.03250185   7.00000000
 -0.10006503   0.11900083  -0.16976837   7.00000000
 -0.02918761   0.03090512  -0.03625801   7.00000000
 -0.02643595   0.02787289  -0.03250186   7.00000000
 -0.02644827   0.02788641  -0.03251851   7.00000000
 -0.02643594   0.02787288  -0.03250185   7.00000000
 -0.02644301   0.02788064  -0.03251140   7.00000000
 -0.02661297   0.02806719  -0.03274118   7.00000000
 -0.02700185   0.02849662  -0.03327470   7.00000000
 -0.02643594   0.02787288  -0.03250185   7.00000000
 -0.02777533   0.02934523  -0.03431930   7.00000000
 -0.02768240   0.02924343  -0.03419424   7.00000000
 -0.02643594   0.02787288  -0.03250185   7.00000000
 -0.02643594   0.02787288  -0.03250185   7.00000000
 -0.02643594   0.02787289  -0.03250186   7.00000000
 -0.02643594   0.02787288  -0.03250185   7.00000000
 -0.02939148   0.03112690  -0.03652764   7.00000000
 -0.02643594   0.02787288  -0.03250185   7.00000000
 -0.02643594   0.02787288  -0.03250185   7.00000000
 -0.02643594   0.02787288  -0.03250185   7.00000000
 -0.02643594   0.02787288  -0.03250185   7.00000000
 -0.02643594   0.02787288  -0.03250185   7.00000000
 -0.02849886   0.03014387  -0.03531097   7.00000000
 -0.03003154   0.03184028  -0.03742571   7.00000000
 -0.02707852   0.02857867  -0.03337204   7.00000000
 -0.02645699   0.02789598  -0.03253030   7.00000000
 -0.02662516   0.02808057  -0.03275766   7.00000000
 -0.02643594   0.02787288  -0.03250185   7.00000000
 -0.02644832   0.02788647  -0.03251859   7.00000000
 -0.02643594   0.02787288  -0.03250185   7.00000000
 -0.02643594   0.02787289  -0.03250186   7.00000000
 -0.02643594   0.02787288  -0.03250185   7.00000000
 -0.02643594   0.02787288  -0.03250185   7.00000000
 -0.10006501   0.11900081  -0.16976834   7.00000000
 -0.02643646   0.02787346  -0.03250256   7.00000000
 -0.02643594   0.02787288  -0.03250185   7.00000000
 -0.02644677   0.02788477  -0.03251649   7.00000000
 -0.02855159   0.03020158  -0.03538174   7.00000000
 -0.02643595   0.02787289  -0.03250186   7.00000000
 -0.02643594   0.02787288  -0.03250185   7.00000000
 -0.02644677   0.02788477  -0.03251649   7.00000000
 -0.02643594   0.02787289  -0.03250186   7.00000000
 -0.02643618   0.02787318  -0.03250231   7.00000000
 -0.02661592   0.02807043  -0.03274517   7.00000000
 -0.02643594   0.02787288  -0.03250185   7.00000000
 -0.02643594   0.02787288  -0.03250185   7.00000000
 -0.03003199   0.03184077  -0.03742631   7.00000000
 -0.02643594   0.02787288  -0.03250186   7.00000000
 -0.02644816   0.02788629  -0.03251836   7.00000000
 -0.02644336   0.02788103  -0.03251189   7.00000000
 -0.02643651   0.02787351  -0.03250264   7.00000000
 -0.02644641   0.02788437  -0.03251600   7.00000000
 -0.02644098   0.02787842  -0.03250868   7.00000000
 -0.02643594   0.02787288  -0.03250185   7.00000000
 -0.02643658   0.02787359  -0.03250272   7.00000000
 -0.02643594   0.02787288  -0.03250185   7.00000000
 -0.02691759   0.02840186  -0.03315395   7.00000000
 -0.02643594   0.02787288  -0.03250185   7.00000000
 -0.02661598   0.02807049  -0.03274525   7.00000000
 -0.02643594   0.02787288  -0.03250186   7.00000000
 -0.02700793   0.02850093  -0.03327584   7.00000000
 -0.02650255   0.02794621  -0.03259256   7.00000000
 -0.02643599   0.02787294  -0.03250193   7.00000000
 -0.02643594   0.02787288  -0.03250185   7.00000000
 -0.02700377   0.02849650  -0.03327062   7.00000000
 -0.02644301   0.02788064  -0.03251140   7.00000000
 -0.02661297   0.02806719  -0.03274118   7.00000000
 -0.02643594   0.02787288  -0.03250185   7.00000000
 -0.02891232   0.03060228  -0.03588374   7.00000000
 -0.02643594   0.02787288  -0.03250185   7.00000000
 -0.02643594   0.02787288  -0.03250185   7.00000000
 -0.05547877   0.06123378  -0.07651908   7.00000000
 -0.02785630   0.02947238  -0.03454775   7.00000000
 -0.02645849   0.02789763  -0.03253232   7.00000000
 -0.04296189   0.04648280  -0.05630496   7.00000000
 -0.02643594   0.02787288  -0.03250186   7.00000000
 -0.02643594   0.02787288  -0.03250185   7.00000000
 -0.05547877   0.06123378  -0.07651908   7.00000000
 -0.02643594   0.02787288  -0.03250185   7.00000000
 -0.02643594   0.02787289  -0.03250186   7.00000000
 -0.02643600   0.02787295  -0.03250194   7.00000000
 -0.02643594   0.02787288  -0.03250186   7.00000000
 -0.02918761   0.03090512  -0.03625801   7.00000000
 -0.02644816   0.02788629  -0.03251836   7.00000000
 -0.02643594   0.02787288  -0.03250185   7.00000000
 -0.02643594   0.02787288  -0.03250186   7.00000000
 -0.02644081   0.02787823  -0.03250844   7.00000000
 -0.02643606   0.02787301  -0.03250202   7.00000000
 -0.02643594   0.02787288  -0.03250185   7.00000000
 -0.02643896   0.02787620  -0.03250595   7.00000000
 -0.02645680   0.02789578  -0.03253006   7.00000000
 -0.02644491   0.02788273  -0.03251398   7.00000000
 -0.02644092   0.02787835  -0.03250859   7.00000000
 -0.02661784   0.02807254  -0.03274778   7.00000000
 -0.02655027   0.02799842  -0.03265658   7.00000000
 -0.02700442   0.02849721  -0.03327150   7.00000000
 -0.02643594   0.02787288  -0.03250185   7.00000000
 -0.02643609   0.02787305  -0.03250206   8.00000000
 -0.03102713   0.03294664  -0.03881289   8.00000000
 -0.02643594   0.02787288  -0.03250185   8.00000000
 -0.04152457   0.04523361  -0.05545695   8.00000000
 -0.02643595   0.02787290  -0.03250187   8.00000000
 -0.02643614   0.02787311  -0.03250213   8.00000000
 -0.04531779   0.09887757  -0.13665183   8.00000000
 -0.02643594   0.02787288  -0.03250185   8.00000000
 -0.02644538   0.02788325  -0.03251461   8.00000000
 -0.02677339   0.02824326  -0.03295805   8.00000000
 -0.03321073   0.03538515  -0.04189236   8.00000000
 -0.02643594   0.02787288  -0.03250185   8.00000000
 -0.02943073   0.03117427  -0.03659363   8.00000000
 -0.03321027   0.03538466  -0.04189176   8.00000000
 -0.02644048   0.02787787  -0.03250799   8.00000000
 -0.02648254   0.02792421  -0.03256540   8.00000000
 -0.02682463   0.02829965  -0.03302774   8.00000000
 -0.02686721   0.02834638  -0.03308532   8.00000000
 -0.02643594   0.02787288  -0.03250185   8.00000000
 -0.02643594   0.02787288  -0.03250185   8.00000000
 -0.02932253   0.03105334  -0.03644082   8.00000000
 -0.02643595   0.02787290  -0.03250187   8.00000000
 -0.05729341   0.09941337  -0.13692372   8.00000000
 -0.02643594   0.02787288  -0.03250185   8.00000000
 -0.02645413   0.02789284  -0.03252643   8.00000000
 15.00889033  -0.65672642   0.32355456   8.00000000
 -0.05576108   0.06159064  -0.07704059   8.00000000
 -0.02887328   0.03055743  -0.03582496   8.00000000
 -0.02643594   0.02787288  -0.03250186   8.00000000
 -0.02657954   0.02803115  -0.03269796   8.00000000
 -0.02683601   0.02831225  -0.03304347   8.00000000
 -0.02643594   0.02787288  -0.03250185   8.00000000
 -0.02643594   0.02787288  -0.03250185   8.00000000
 -0.02943073   0.03117427  -0.03659363   8.00000000
 -0.02643606   0.02787315  -0.03250224   8.00000000
 -0.02645217   0.02789069  -0.03252378   8.00000000
 -0.02644082   0.02787830  -0.03250863   8.00000000
 -0.02643594   0.02787288  -0.03250185   8.00000000
 -0.02643594   0.02787288  -0.03250185   8.00000000
 -0.02643594   0.02787288  -0.03250185   8.00000000
 -0.02699016   0.02848141  -0.03325175   8.00000000
 -0.02643616   0.02787312  -0.03250215   8.00000000
 -0.02643594   0.02787288  -0.03250185   8.00000000
 -0.02643617   0.02787313  -0.03250216   8.00000000
 -0.02643594   0.02787288  -0.03250185   8.00000000
 -0.02643594   0.02787288  -0.03250185   8.00000000
 -0.02645413   0.02789284  -0.03252643   8.00000000
 -0.02643594   0.02787288  -0.03250185   8.00000000
 -0.02643594   0.02787288  -0.03250185   8.00000000
 -0.02643609   0.02787305  -0.03250206   8.00000000
 -0.02817143   0.02983312  -0.03492677   8.00000000
 -0.02644538   0.02788325  -0.03251461   8.00000000
 -0.02646793   0.02790798  -0.03254507   8.00000000
 -0.02888789   0.03057340  -0.03584454   8.00000000
 -0.02643594   0.02787288  -0.03250186   8.00000000
 -0.02659466   0.02804714  -0.03271656   8.00000000
 -0.02643594   0.02787288  -0.03250185   8.00000000
 -0.02646793   0.02790798  -0.03254508   8.00000000
 -0.02645863   0.02789778  -0.03253251   8.00000000
 -0.02643654   0.02787354  -0.03250266   8.00000000
 -0.02643597   0.02787292  -0.03250190   8.00000000
 -0.02643594   0.02787288  -0.03250186   8.00000000
 15.00888207  -0.65670822   0.32352875   8.00000000
 -0.02893899   0.03063009  -0.03591542   8.00000000
 -0.02643594   0.02787289  -0.03250186   8.00000000
 -0.02643594   0.02787288  -0.03250185   8.00000000
 -0.02643594   0.02787288  -0.03250185   8.00000000
 -0.02643615   0.02787312  -0.03250214   8.00000000
 -0.03308326   0.03524238  -0.04171128   8.00000000
 -0.02643594   0.02787288  -0.03250185   8.00000000
 -0.02747488   0.02981859  -0.03493558   8.00000000
 -0.02643594   0.02787288  -0.03250185   8.00000000
 -0.02643594   0.02787288  -0.03250185   8.00000000
 -0.02643597   0.02787292  -0.03250190   8.00000000
 -0.02643594   0.02787288  -0.03250185   8.00000000
 -0.02643594   0.02787288  -0.03250185   8.00000000
 -0.02671897   0.02818365  -0.03288484   8.00000000
 -0.02920402   0.03092372  -0.03628198   8.00000000
 -0.02643594   0.02787288  -0.03250185   8.00000000
 -0.02682463   0.02829965  -0.03302774   8.00000000
 -0.02644241   0.02787998  -0.03251060   8.00000000
 -0.02643615   0.02787312  -0.03250214   8.00000000
 -0.02893899   0.03063009  -0.03591542   8.00000000
 -0.02643594   0.02787288  -0.03250185   8.00000000
 -0.06064300   0.06705550  -0.08398993   8.00000000
 -0.02643635   0.02787334  -0.03250242   8.00000000
 -0.02648110   0.02792244  -0.03256288   8.00000000
 -0.03308326   0.03524238  -0.04171128   8.00000000
 -0.02648110   0.02792244  -0.03256288   8.00000000
 -0.02661680   0.02807145  -0.03274651   8.00000000
 -0.02643594   0.02787288  -0.03250185   8.00000000
 -0.02644048   0.02787787  -0.03250799   8.00000000
 -0.02643594   0.02787288  -0.03250185   8.00000000
 -0.02643595   0.02787290  -0.03250187   8.00000000
 -0.02643594   0.02787288  -0.03250186   8.00000000
 -0.02643594   0.02787288  -0.03250185   8.00000000
 -0.03102713   0.03294664  -0.03881289   8.00000000
 -0.02643594   0.02787288  -0.03250185   8.00000000
 -0.02643594   0.02787288  -0.03250186   8.00000000
 -0.02643594   0.02787288  -0.03250185   8.00000000
 -0.02643665   0.02787367  -0.03250282   9.00000000
 -0.05637205   0.06285749  -0.08068215   9.00000000
 -0.05819697   0.06524710  -0.08479519   9.00000000
 -0.02649739   0.02794032  -0.03258490   9.00000000
 -0.02643594   0.02787288  -0.03250185   9.00000000
 -0.02777565   0.02934628  -0.03432182   9.00000000
 -0.02643594   0.02787288  -0.03250186   9.00000000
 -0.02697154   0.02846197  -0.03322957   9.00000000
 -0.02646295   0.02790252  -0.03253835   9.00000000
 -0.02643594   0.02787288  -0.03250185   9.00000000
 -0.02643614   0.02787310  -0.03250213   9.00000000
 -0.14095467   0.17985240  -0.29905436   9.00000000
 -0.03844146   0.04126051  -0.04937701   9.00000000
 -0.02652637   0.02797213  -0.03262407   9.00000000
 -0.02649739   0.02794032  -0.03258490   9.00000000
 -0.02643594   0.02787288  -0.03250185   9.00000000
 -0.02643646   0.02787345  -0.03250255   9.00000000
 -0.02880519   0.03048216  -0.03573132   9.00000000
 -0.02643594   0.02787288  -0.03250185   9.00000000
 -0.03447479   0.03685061  -0.04384226   9.00000000
 -0.02803076   0.02962598  -0.03466579   9.00000000
 -0.02643594   0.02787288  -0.03250185   9.00000000
 -0.02806513   0.02966524  -0.03471686   9.00000000
 -0.02643594   0.02787288  -0.03250185   9.00000000
 -0.02643595   0.02787289  -0.03250187   9.00000000
 -0.02646295   0.02790252  -0.03253835   9.00000000
 -0.02795524   0.02954420  -0.03456703   9.00000000
 -0.02643594   0.02787288  -0.03250185   9.00000000
 -0.02788285   0.02946385  -0.03446648   9.00000000
 -0.03310245   0.03526388  -0.04173855   9.00000000
 -0.02643594   0.02787288  -0.03250185   9.00000000
 -0.02647092   0.02791126  -0.03254912   9.00000000
 -0.02643594   0.02787288  -0.03250185   9.00000000
 -0.02880519   0.03048216  -0.03573132   9.00000000
 -0.02643594   0.02787288  -0.03250185   9.00000000
 -0.02643599   0.02787294  -0.03250192   9.00000000
 -0.02643659   0.02787361  -0.03250278   9.00000000
 -0.02866680   0.03032923  -0.03554109   9.00000000
 -0.02643594   0.02787288  -0.03250185   9.00000000
 -0.02653708   0.02798411  -0.03263924   9.00000000
 -0.03302082   0.03518771  -0.04166867   9.00000000
 -0.02643594   0.02787288  -0.03250185   9.00000000
 -0.02643594   0.02787288  -0.03250185   9.00000000
 -0.02686517   0.02834418  -0.03308268   9.00000000
 -0.02643594   0.02787288  -0.03250185   9.00000000
 -0.02786822   0.02944782  -0.03444678   9.00000000
 -0.02647844   0.02791952  -0.03255929   9.00000000
 -0.02643594   0.02787288  -0.03250185   9.00000000
 -0.02643596   0.02787291  -0.03250189   9.00000000
 -0.02866680   0.03032923  -0.03554110   9.00000000
 -0.02643601   0.02787296  -0.03250195   9.00000000
 -0.03310245   0.03526388  -0.04173855   9.00000000
 -0.03778591   0.04053639  -0.04847644   9.00000000
 -0.02643594   0.02787288  -0.03250185   9.00000000
 -0.02643594   0.02787288  -0.03250185   9.00000000
 -0.03948535   0.04248560  -0.05103595   9.00000000
 -0.04396888   0.04764563  -0.05785076   9.00000000
 -0.02643746   0.02787455  -0.03250391   9.00000000
 -0.02643594   0.02787288  -0.03250185   9.00000000
 -0.03948522   0.04248546  -0.05103578   9.00000000
 -0.03032562   0.03216718  -0.03783573   9.00000000
 -0.02686537   0.02834440  -0.03308294   9.00000000
 -0.02643594   0.02787288  -0.03250185   9.00000000
 -0.02643594   0.02787288  -0.03250185   9.00000000
 -0.02643594   0.02787288  -0.03250185   9.00000000
 -0.02643797   0.02787511  -0.03250460   9.00000000
 -0.02643646   0.02787345  -0.03250255   9.00000000
 -0.02648047   0.02792175  -0.03256202   9.00000000
 -0.02643594   0.02787288  -0.03250186   9.00000000
 -0.02643594   0.02787288  -0.03250185   9.00000000
 -0.03063445   0.03250986  -0.03826451   9.00000000
 -0.03041321   0.03226308  -0.03795347   9.00000000
 -0.02643594   0.02787288  -0.03250185   9.00000000
 -0.02643599   0.02787294  -0.03250193   9.00000000
 -0.02643594   0.02787288  -0.03250186   9.00000000
 -0.02643594   0.02787288  -0.03250185   9.00000000
 -0.02652637   0.02797213  -0.03262407   9.00000000
 -0.03063446   0.03250987  -0.03826451   9.00000000
 -0.14156255   0.18054859  -0.29998468   9.00000000
 -0.02659275   0.02804500  -0.03271384   9.00000000
 -0.02657712   0.02802783  -0.03269269   9.00000000
 -0.02643594   0.02787288  -0.03250185   9.00000000
 -0.02643675   0.02787377  -0.03250295   9.00000000
 -0.02643594   0.02787289  -0.03250186   9.00000000
 -0.02657712   0.02802783  -0.03269269   9.00000000
 -0.02643594   0.02787289  -0.03250186   9.00000000
 -0.02652272   0.02796832  -0.03261973   9.00000000
 -0.02643594   0.02787288  -0.03250185   9.00000000
 -0.02643594   0.02787288  -0.03250185   9.00000000
 -0.02643594   0.02787288  -0.03250185   9.00000000
 -0.03507669   0.03744134  -0.04444006   9.00000000
 -0.02647092   0.02791127  -0.03254912   9.00000000
 -0.02659275   0.02804500  -0.03271384   9.00000000
 -0.02940298   0.03116887  -0.03663238   9.00000000
 -0.02643594   0.02787288  -0.03250186   9.00000000
 -0.02643601   0.02787296  -0.03250195   9.00000000
 -0.02643596   0.02787291  -0.03250189   9.00000000
 -0.04396888   0.04764563  -0.05785076   9.00000000
 -0.02644221   0.02787978  -0.03251038   9.00000000
 -0.02643594   0.02787288  -0.03250185   9.00000000
