 0.012712200  0.174762286 -0.403798571  1.000000000
 0.008676014  0.118695514 -0.271659350  1.000000000
 0.004391242  0.059090723 -0.130780525  1.000000000
 0.005174495  0.069895473 -0.155894694  1.000000000
 0.010633680  0.145965167 -0.336284168  1.000000000
 0.006441546  0.087461121 -0.197131679  1.000000000
 0.010255028  0.140728841 -0.324052989  1.000000000
 0.011767993  0.161734230 -0.373507106  1.000000000
 0.012281488  0.168738280 -0.389408998  1.000000000
 0.008274184  0.113231128 -0.259331461  1.000000000
 0.012226223  0.167974273 -0.387625729  1.000000000
 0.009410557  0.129030117 -0.296629350  1.000000000
 0.007496136  0.102405617 -0.233733430  1.000000000
 0.007253133  0.098731131 -0.223675265  1.000000000
 0.006182722  0.083990735 -0.189535315  1.000000000
 0.007000295  0.095310017 -0.216037671  1.000000000
 0.006481795  0.088293994 -0.200376326  1.000000000
 0.008468218  0.115854109 -0.265174016  1.000000000
 0.010689039  0.146682586 -0.337733985  1.000000000
 0.007758065  0.105977852 -0.241842995  1.000000000
 0.010580084  0.145238378 -0.334654070  1.000000000
 0.010186786  0.139777531 -0.321795222  1.000000000
 0.007989090  0.109243385 -0.249803181  1.000000000
 0.012623911  0.173566116 -0.401121677  1.000000000
 0.007806271  0.106628394 -0.243286808  1.000000000
 0.005050830  0.068166178 -0.151766263  1.000000000
 0.012608602  0.173309580 -0.400310972  1.000000000
 0.009978848  0.136846112 -0.314686828  1.000000000
 0.012126878  0.166577370 -0.384254060  1.000000000
 0.007374654  0.100707677 -0.229685191  1.000000000
 0.011001627  0.151110875 -0.348573712  1.000000000
 0.010347207  0.141857930 -0.326004272  1.000000000
 0.009120772  0.124748149 -0.285336981  1.000000000
 0.010642845  0.145990518 -0.335866126  1.000000000
 0.010083948  0.138380671 -0.318650911  1.000000000
 0.010722318  0.147211702 -0.339293410  1.000000000
 0.007718719  0.105455615 -0.240727835  1.000000000
 0.009290844  0.127158504 -0.291240735  1.000000000
 0.007080872  0.096615531 -0.219988110  1.000000000
 0.008502122  0.116225099 -0.265579980  1.000000000
 0.009601515  0.131656141 -0.302696085  1.000000000
 0.005256493  0.071040302 -0.158620589  1.000000000
 0.010668005  0.146285088 -0.336302065  1.000000000
 0.010657417  0.146335722 -0.337348782  1.000000000
 0.011045136  0.151711396 -0.349971142  1.000000000
 0.007714792  0.105391537 -0.240530418  1.000000000
 0.006200688  0.084115700 -0.189248303  1.000000000
 0.008279165  0.113139143 -0.258358078  1.000000000
 0.006754301  0.091805443 -0.207369323  1.000000000
 0.007477039  0.102112704 -0.232914070  1.000000000
 0.005379359  0.072714878 -0.162417199  1.000000000
 0.005883465  0.079920066 -0.180344416  1.000000000
 0.008643684  0.118107929 -0.269625422  1.000000000
 0.012456327  0.171252079 -0.395732929  1.000000000
 0.010401994  0.142650520 -0.328020524  1.000000000
 0.009430292  0.129103124 -0.295860291  1.000000000
 0.006329740  0.086000989 -0.194122808  1.000000000
 0.010453322  0.143423268 -0.330123187  1.000000000
 0.010350611  0.141966134 -0.326545877  1.000000000
 0.010633393  0.145860862 -0.335567777  1.000000000
 0.010259193  0.140680035 -0.323438582  1.000000000
 0.012561259  0.172646258 -0.398720976  1.000000000
 0.005935696  0.080455227 -0.180716588  1.000000000
 0.010034888  0.137696272 -0.317024236  1.000000000
 0.005276047  0.071282316 -0.159052752  1.000000000
 0.012232135  0.168050106 -0.387774918  1.000000000
 0.008099295  0.110757477 -0.253293399  1.000000000
 0.007879048  0.107447550 -0.244319775  1.000000000
 0.004018294  0.053861431 -0.118230189  1.000000000
 0.007786729  0.106262377 -0.241981542  1.000000000
 0.007725522  0.105295890 -0.239160283  1.000000000
 0.004466268  0.060074041 -0.132824869  1.000000000
 0.008695465  0.119062666 -0.272980474  1.000000000
 0.010656268  0.146322462 -0.337329952  1.000000000
 0.011266156  0.154769159 -0.357119834  1.000000000
 0.010660729  0.146169795 -0.335963731  1.000000000
 0.009675674  0.132434893 -0.303352380  1.000000000
 0.008266758  0.113041114 -0.258476982  1.000000000
 0.012548156  0.172469664 -0.398330231  1.000000000
 0.005899268  0.080223184 -0.181452809  1.000000000
 0.004766911  0.064415216 -0.143825010  1.000000000
 0.011603355  0.159458803 -0.368197956  1.000000000
 0.007825217  0.106872224 -0.243770500  1.000000000
 0.011765140  0.161583160 -0.372628096  1.000000000
 0.010913648  0.149838477 -0.345339258  1.000000000
 0.010820876  0.148514311 -0.342052727  1.000000000
 0.010792045  0.148133208 -0.341245821  1.000000000
 0.008061691  0.110157723 -0.251517285  1.000000000
 0.011957295  0.164315816 -0.379366409  1.000000000
 0.012281461  0.168856291 -0.390242837  1.000000000
 0.007984024  0.109185447 -0.249724628  1.000000000
 0.007452636  0.101793731 -0.232257970  1.000000000
 0.010792332  0.148200673 -0.341701697  1.000000000
 0.009846019  0.134930522 -0.309840564  1.000000000
 0.006171340  0.083710572 -0.188305718  1.000000000
 0.010122730  0.138876860 -0.319621762  1.000000000
 0.009282113  0.127072130 -0.291200894  1.000000000
 0.010868976  0.149216067 -0.343863596  1.000000000
 0.008618588  0.118004179 -0.270529543  1.000000000
 0.012467005  0.171421274 -0.396229830  1.000000000
 0.004817277  0.053701488 -0.016473016  2.000000000
 0.004379119  0.048758686 -0.014922075  2.000000000
 0.003713530  0.041234808 -0.012551507  2.000000000
 0.006771868  0.075827124 -0.023463341  2.000000000
 0.004589440  0.051135881 -0.015670885  2.000000000
 0.004167868  0.046355096 -0.014155007  2.000000000
 0.005193482  0.057957675 -0.017816234  2.000000000
 0.004575601  0.050985825 -0.015627631  2.000000000
 0.003274961  0.036259928 -0.010973249  2.000000000
 0.005186698  0.057879727 -0.017790884  2.000000000
 0.004966378  0.055414357 -0.017029895  2.000000000
 0.006056371  0.067726529 -0.020903259  2.000000000
 0.005453769  0.060927147 -0.018768864  2.000000000
 0.005785454  0.064667326 -0.019941474  2.000000000
 0.005407021  0.060375436 -0.018580430  2.000000000
 0.004151917  0.046186528 -0.014109242  2.000000000
 0.006340129  0.070939339 -0.021918768  2.000000000
 0.004064626  0.045194054 -0.013792925  2.000000000
 0.004505850  0.050200384 -0.015382050  2.000000000
 0.006209620  0.069474463 -0.021463771  2.000000000
 0.003638713  0.040387964 -0.012283990  2.000000000
 0.004647653  0.051781948 -0.015866924  2.000000000
 0.005179315  0.057808236 -0.017775874  2.000000000
 0.003565521  0.039544178 -0.012007870  2.000000000
 0.005480768  0.061226003 -0.018859032  2.000000000
 0.003903393  0.043376477 -0.013223417  2.000000000
 0.004013254  0.044619576 -0.013615829  2.000000000
 0.006262605  0.070065565 -0.021645099  2.000000000
 0.005005086  0.055838788 -0.017155409  2.000000000
 0.005972654  0.066789036 -0.020613490  2.000000000
 0.003006029  0.033222504 -0.010017847  2.000000000
 0.003954306  0.043943605 -0.013396852  2.000000000
 0.005587543  0.062416302 -0.019223584  2.000000000
 0.006226144  0.069644981 -0.021507277  2.000000000
 0.004448572  0.049559302 -0.015184057  2.000000000
 0.005317086  0.059365788 -0.018266708  2.000000000
 0.005092186  0.056822689 -0.017464959  2.000000000
 0.006468618  0.072403729 -0.022387639  2.000000000
 0.006477722  0.072502982 -0.022416628  2.000000000
 0.004983308  0.055606384 -0.017090811  2.000000000
 0.006063238  0.067813473 -0.020936516  2.000000000
 0.003452221  0.038264479 -0.011605321  2.000000000
 0.005430924  0.060649596 -0.018669287  2.000000000
 0.003977536  0.044215655 -0.013488502  2.000000000
 0.003090399  0.034202912 -0.010343448  2.000000000
 0.004170588  0.046402308 -0.014180196  2.000000000
 0.004152470  0.046183481 -0.014102463  2.000000000
 0.004841491  0.053991731 -0.016574874  2.000000000
 0.004131962  0.045969795 -0.014046493  2.000000000
 0.004062795  0.045195948 -0.013807708  2.000000000
 0.003824238  0.042468946 -0.012929521  2.000000000
 0.005031900  0.056153934 -0.017262244  2.000000000
 0.005452349  0.060899370 -0.018752749  2.000000000
 0.004689272  0.052267286 -0.016029187  2.000000000
 0.005380092  0.060091423 -0.018503764  2.000000000
 0.006002737  0.067135778 -0.020726899  2.000000000
 0.004570634  0.050930523 -0.015610697  2.000000000
 0.005022700  0.056051034 -0.017230507  2.000000000
 0.003677215  0.040835957 -0.012433122  2.000000000
 0.006491038  0.072657113 -0.022467448  2.000000000
 0.004002288  0.044494454 -0.013575702  2.000000000
 0.006207652  0.069441893 -0.021447023  2.000000000
 0.005085644  0.056743128 -0.017436358  2.000000000
 0.003559920  0.039497629 -0.012003683  2.000000000
 0.004630433  0.051615627 -0.015832300  2.000000000
 0.002543243  0.028019121 -0.008395884  2.000000000
 0.003380480  0.037473475 -0.011368599  2.000000000
 0.006083279  0.068037591 -0.021005604  2.000000000
 0.004482116  0.049931411 -0.015296879  2.000000000
 0.004361230  0.048550712 -0.014852907  2.000000000
 0.005694970  0.063641839 -0.019616736  2.000000000
 0.004571601  0.050949792 -0.015622014  2.000000000
 0.004236226  0.047140850 -0.014410743  2.000000000
 0.006591426  0.073783244 -0.022816784  2.000000000
 0.003993134  0.044394460 -0.013546374  2.000000000
 0.006551790  0.073344363 -0.022684295  2.000000000
 0.004881383  0.054451099 -0.016724868  2.000000000
 0.005853297  0.065444492 -0.020192774  2.000000000
 0.004838222  0.053941647 -0.016550793  2.000000000
 0.003213939  0.035589113 -0.010773768  2.000000000
 0.006693372  0.074937540 -0.023181650  2.000000000
 0.006568711  0.073535951 -0.022744849  2.000000000
 0.004301972  0.047900914 -0.014660782  2.000000000
 0.005111018  0.057036051 -0.017532490  2.000000000
 0.005423836  0.060566636 -0.018641359  2.000000000
 0.006088498  0.068090534 -0.021018475  2.000000000
 0.004870198  0.054323083 -0.016683550  2.000000000
 0.006414030  0.071782977 -0.022189769  2.000000000
 0.006236836  0.069772884 -0.021552010  2.000000000
 0.005681420  0.063478417 -0.019558795  2.000000000
 0.006034000  0.067471617 -0.020821672  2.000000000
 0.002899691  0.032019290 -0.009638027  2.000000000
 0.003164986  0.035030770 -0.010594721  2.000000000
 0.006809349  0.076256170 -0.023601888  2.000000000
 0.004507863  0.050228389 -0.015394141  2.000000000
 0.005881025  0.065758365 -0.020291936  2.000000000
 0.003561211  0.039514121 -0.012010086  2.000000000
 0.004672913  0.052096180 -0.015983926  2.000000000
 0.004588627  0.051120039 -0.015661686  2.000000000
 0.005949676  0.066525566 -0.020528106  2.000000000
 0.191438315 -0.192906277  0.011357978  3.000000000
 0.149335778 -0.149592097  0.008703125  3.000000000
 0.210578467 -0.212508624  0.012548654  3.000000000
 0.293835322 -0.298234936  0.017811958  3.000000000
 0.164581971 -0.165341426  0.009676280  3.000000000
 0.198528039 -0.200177589  0.011800927  3.000000000
 0.342022909 -0.347684169  0.020827580  3.000000000
 0.258384314 -0.261775446  0.015578726  3.000000000
 0.277724142 -0.281615618  0.016787945  3.000000000
 0.345145368 -0.350932903  0.021031127  3.000000000
 0.346782354 -0.352689201  0.021147543  3.000000000
 0.392310639 -0.399487246  0.024010918  3.000000000
 0.308656223 -0.313412746  0.018733787  3.000000000
 0.311422747 -0.316323590  0.018920048  3.000000000
 0.322615790 -0.327814843  0.019621466  3.000000000
 0.371548419 -0.378088743  0.022694669  3.000000000
 0.308917218 -0.313637361  0.018742195  3.000000000
 0.310105507 -0.314957600  0.018835017  3.000000000
 0.248693266 -0.251805730  0.014967675  3.000000000
 0.297392234 -0.301821802  0.018023022  3.000000000
 0.227829342 -0.230234311  0.013632532  3.000000000
 0.185840578 -0.187196893  0.011014060  3.000000000
 0.233230155 -0.235785902  0.013972237  3.000000000
 0.381982487 -0.388857960  0.023358967  3.000000000
 0.176569326 -0.177669403  0.010431367  3.000000000
 0.244297689 -0.247223646  0.014679538  3.000000000
 0.282091556 -0.286111688  0.017063877  3.000000000
 0.276932175 -0.280752784  0.016729174  3.000000000
 0.314136280 -0.318988623  0.019068022  3.000000000
 0.343326363 -0.349138715  0.020930540  3.000000000
 0.244823231 -0.247835503  0.014725720  3.000000000
 0.242312310 -0.245225513  0.014562453  3.000000000
 0.223242075 -0.225540331  0.013347906  3.000000000
 0.365468217 -0.371846535  0.022313658  3.000000000
 0.274184694 -0.277901900  0.016551496  3.000000000
 0.292744730 -0.297047307  0.017731203  3.000000000
 0.294498995 -0.298839508  0.017839511  3.000000000
 0.227325740 -0.229788570  0.013613994  3.000000000
 0.277037935 -0.280842334  0.016732374  3.000000000
 0.176688862 -0.177701441  0.010422287  3.000000000
 0.291330395 -0.295550917  0.017634431  3.000000000
 0.276921239 -0.280849966  0.016748328  3.000000000
 0.315066212 -0.319963156  0.019129895  3.000000000
 0.341210388 -0.346944914  0.020794018  3.000000000
 0.242610502 -0.245482977  0.014572227  3.000000000
 0.369847029 -0.376326779  0.022585268  3.000000000
 0.273366156 -0.277083420  0.016504183  3.000000000
 0.234141317 -0.236849020  0.014052655  3.000000000
 0.312162475 -0.317091306  0.018967930  3.000000000
 0.391960631 -0.399131167  0.023989580  3.000000000
 0.344955688 -0.350814332  0.021033164  3.000000000
 0.213449681 -0.215551971  0.012746074  3.000000000
 0.175630942 -0.176650362  0.010362377  3.000000000
 0.332774344 -0.338167858  0.020244123  3.000000000
 0.185526813 -0.186752588  0.010972013  3.000000000
 0.189036045 -0.190336281  0.011188486  3.000000000
 0.314173074 -0.319095022  0.019082869  3.000000000
 0.348599094 -0.354517591  0.021254671  3.000000000
 0.356624257 -0.362718871  0.021750662  3.000000000
 0.195870222 -0.197405927  0.011626531  3.000000000
 0.214293183 -0.216297332  0.012776924  3.000000000
 0.241410217 -0.244186243  0.014485251  3.000000000
 0.256665342 -0.259978972  0.015465209  3.000000000
 0.284474062 -0.288523188  0.017206878  3.000000000
 0.146515355 -0.146683248  0.008523954  3.000000000
 0.309897430 -0.314638401  0.018802683  3.000000000
 0.297657336 -0.302128099  0.018045873  3.000000000
 0.292008058 -0.296232279  0.017674283  3.000000000
 0.276218298 -0.280040325  0.016688220  3.000000000
 0.290897003 -0.295208603  0.017626049  3.000000000
 0.361623678 -0.367954210  0.022082740  3.000000000
 0.319553887 -0.324687778  0.019432588  3.000000000
 0.157911093 -0.158451266  0.009250615  3.000000000
 0.377766836 -0.384551359  0.023098706  3.000000000
 0.327449864 -0.332707106  0.019911491  3.000000000
 0.343560449 -0.349372318  0.020943980  3.000000000
 0.191123049 -0.192481424  0.011319736  3.000000000
 0.383991244 -0.390931092  0.023486829  3.000000000
 0.375559548 -0.382269912  0.022957581  3.000000000
 0.294573393 -0.298893650  0.017840091  3.000000000
 0.219421802 -0.221570316  0.013099728  3.000000000
 0.325551759 -0.330827111  0.019805098  3.000000000
 0.339162886 -0.344738548  0.020646635  3.000000000
 0.390439668 -0.397558748  0.023892271  3.000000000
 0.345784906 -0.351612816  0.021075469  3.000000000
 0.354541260 -0.360641079  0.021631239  3.000000000
 0.303037925 -0.307708019  0.018393281  3.000000000
 0.357852910 -0.364065914  0.021843327  3.000000000
 0.172502783 -0.173355382  0.010151075  3.000000000
 0.255931538 -0.259237799  0.015421437  3.000000000
 0.329882419 -0.335214814  0.020065817  3.000000000
 0.179419586 -0.180453636  0.010584030  3.000000000
 0.349978175 -0.355910272  0.021336861  3.000000000
 0.189669329 -0.191137233  0.011255735  3.000000000
 0.268278640 -0.271864559  0.016186140  3.000000000
 0.365122932 -0.371503708  0.022294156  3.000000000
 0.239858966 -0.242730220  0.014413025  3.000000000
 0.237307355 -0.240035565  0.014239373  3.000000000
 0.188845596 -0.190291652  0.011204129  3.000000000
 0.284543224 -0.288636098  0.017218868  3.000000000
-0.217465715 -0.156374672  0.010399394  4.000000000
-0.439156368 -0.319119963  0.021664946  4.000000000
-0.439046068 -0.319022844  0.021655959  4.000000000
-0.293800549 -0.212326476  0.014260646  4.000000000
-0.234987555 -0.169104800  0.011262344  4.000000000
-0.230737280 -0.166069859  0.011063934  4.000000000
-0.433497298 -0.314890569  0.021361816  4.000000000
-0.440741573 -0.320217045  0.021731669  4.000000000
-0.442779471 -0.321771636  0.021847381  4.000000000
-0.335298367 -0.242724239  0.016355729  4.000000000
-0.248172440 -0.178728609  0.011920964  4.000000000
-0.287323394 -0.207479698  0.013912528  4.000000000
-0.156430128 -0.111440301  0.007271439  4.000000000
-0.304652738 -0.220338480  0.014821559  4.000000000
-0.251898013 -0.181605991  0.012139677  4.000000000
-0.413661117 -0.300404402  0.020369535  4.000000000
-0.296518962 -0.214355722  0.014405752  4.000000000
-0.439369375 -0.319209514  0.021661893  4.000000000
-0.421098810 -0.305845779  0.020743641  4.000000000
-0.457278726 -0.332403403  0.022581593  4.000000000
-0.233585796 -0.168179059  0.011212528  4.000000000
-0.159581818 -0.113741692  0.007429067  4.000000000
-0.351686075 -0.254745632  0.017186658  4.000000000
-0.385727262 -0.279896744  0.018949825  4.000000000
-0.384790123 -0.279119263  0.018883633  4.000000000
-0.308196359 -0.222930582  0.014999657  4.000000000
-0.201698052 -0.144811747  0.009600692  4.000000000
-0.349773687 -0.253500603  0.017122343  4.000000000
-0.171823118 -0.122714180  0.008048255  4.000000000
-0.404042934 -0.293288223  0.019869310  4.000000000
-0.403795843 -0.293148814  0.019865504  4.000000000
-0.333548861 -0.241463914  0.016271777  4.000000000
-0.373137692 -0.270628344  0.018304695  4.000000000
-0.273543226 -0.197503620  0.013241306  4.000000000
-0.345988672 -0.250722874  0.016930231  4.000000000
-0.283755399 -0.204847072  0.013728484  4.000000000
-0.236650468 -0.170310709  0.011343841  4.000000000
-0.211123618 -0.151699444  0.010073196  4.000000000
-0.367595537 -0.266577020  0.018026634  4.000000000
-0.424283803 -0.308205422  0.020909931  4.000000000
-0.164793797 -0.117636816  0.007708059  4.000000000
-0.358368211 -0.259806474  0.017558357  4.000000000
-0.453428402 -0.329569802  0.022384483  4.000000000
-0.248525349 -0.179146329  0.011971772  4.000000000
-0.323938709 -0.234371982  0.015775821  4.000000000
-0.418398164 -0.303862658  0.020606235  4.000000000
-0.321852593 -0.232834919  0.015668621  4.000000000
-0.434595995 -0.315690707  0.021416314  4.000000000
-0.282041018 -0.203652511  0.013654542  4.000000000
-0.392822737 -0.285109917  0.019311301  4.000000000
-0.296759152 -0.214406157  0.014391933  4.000000000
-0.339382171 -0.245793924  0.016578055  4.000000000
-0.392685317 -0.284940137  0.019289988  4.000000000
-0.217425387 -0.156360660  0.010400611  4.000000000
-0.408030388 -0.296229674  0.020074846  4.000000000
-0.273161739 -0.197260568  0.013229554  4.000000000
-0.319871579 -0.231441034  0.015580442  4.000000000
-0.322825727 -0.233573361  0.015723032  4.000000000
-0.203589770 -0.146170375  0.009690673  4.000000000
-0.366582260 -0.265811831  0.017970721  4.000000000
-0.363261102 -0.263403695  0.017808105  4.000000000
-0.216468231 -0.155658437  0.010352060  4.000000000
-0.210869480 -0.151351928  0.010026986  4.000000000
-0.346466437 -0.250910731  0.016920755  4.000000000
-0.257311174 -0.185633188  0.012425846  4.000000000
-0.222048268 -0.159711882  0.010626816  4.000000000
-0.298097508 -0.215385660  0.014459362  4.000000000
-0.384266829 -0.278751507  0.018860460  4.000000000
-0.383390126 -0.278155373  0.018825711  4.000000000
-0.443079750 -0.321952600  0.021854438  4.000000000
-0.222014442 -0.159582033  0.010603279  4.000000000
-0.316282818 -0.228884403  0.015414153  4.000000000
-0.368087032 -0.266926756  0.018049325  4.000000000
-0.358345823 -0.259759167  0.017550789  4.000000000
-0.317726987 -0.229945549  0.015487877  4.000000000
-0.162941279 -0.116262234  0.007610902  4.000000000
-0.303879335 -0.219808369  0.014790011  4.000000000
-0.415899099 -0.302038335  0.020481380  4.000000000
-0.447550837 -0.325252421  0.022085278  4.000000000
-0.258846086 -0.186574263  0.012465413  4.000000000
-0.310926118 -0.224972362  0.015146277  4.000000000
-0.445944621 -0.324062979  0.022001503  4.000000000
-0.386477778 -0.280318025  0.018961103  4.000000000
-0.239685343 -0.172498101  0.011489701  4.000000000
-0.279926142 -0.202189108  0.013565614  4.000000000
-0.222220763 -0.159716807  0.010610317  4.000000000
-0.201689892 -0.144800965  0.009599262  4.000000000
-0.429730981 -0.312137735  0.021172927  4.000000000
-0.355587988 -0.257720227  0.017407716  4.000000000
-0.232881486 -0.167672134  0.011178879  4.000000000
-0.378438019 -0.274548198  0.018579981  4.000000000
-0.336273667 -0.243550036  0.016428054  4.000000000
-0.277742053 -0.200624540  0.013462596  4.000000000
-0.326258916 -0.236077055  0.015894062  4.000000000
-0.147387978 -0.104811653  0.006813852  4.000000000
-0.410510393 -0.297978180  0.020185970  4.000000000
-0.339579683 -0.245844597  0.016568640  4.000000000
-0.247330382 -0.178282502  0.011913682  4.000000000
-0.442528444 -0.321553689  0.021827628  4.000000000
-0.398350302 -0.289147563  0.019588037  4.000000000
 0.011206665  0.162700587  0.362409944  5.000000000
 0.011092048  0.160841357  0.357377241  5.000000000
 0.006783502  0.097689348  0.214154722  5.000000000
 0.012629777  0.183591850  0.409934747  5.000000000
 0.009260384  0.134110094  0.297282505  5.000000000
 0.010165486  0.147188741  0.326089350  5.000000000
 0.012700576  0.184603495  0.412109315  5.000000000
 0.008999837  0.130143393  0.287612564  5.000000000
 0.008860791  0.128036052  0.282517586  5.000000000
 0.009497245  0.137471257  0.304401703  5.000000000
 0.013430550  0.195245428  0.435979728  5.000000000
 0.005661929  0.081076253  0.175686453  5.000000000
 0.010038514  0.145507998  0.323098088  5.000000000
 0.006862823  0.098636835  0.215328162  5.000000000
 0.005092498  0.072643107  0.156170475  5.000000000
 0.013818333  0.200962928  0.449099299  5.000000000
 0.012698072  0.184502201  0.411584035  5.000000000
 0.010673358  0.154866657  0.344566355  5.000000000
 0.012332688  0.179197149  0.399784466  5.000000000
 0.011161668  0.162016904  0.360749621  5.000000000
 0.011497872  0.166791700  0.370878861  5.000000000
 0.011174659  0.162069912  0.360241733  5.000000000
 0.011779720  0.171118369  0.381583689  5.000000000
 0.012545084  0.182348439  0.407105252  5.000000000
 0.007937061  0.114423107  0.251313799  5.000000000
 0.011341199  0.164593484  0.366342079  5.000000000
 0.010759445  0.156009523  0.346614399  5.000000000
 0.008618549  0.124659354  0.275651958  5.000000000
 0.009643563  0.139739089  0.310105828  5.000000000
 0.008300012  0.119842197  0.264052394  5.000000000
 0.012638446  0.183720504  0.410233824  5.000000000
 0.009562374  0.138547320  0.307395342  5.000000000
 0.006378563  0.091524714  0.199134007  5.000000000
 0.012640694  0.183758487  0.410342605  5.000000000
 0.012573279  0.182632297  0.407157443  5.000000000
 0.013214424  0.192174285  0.429457326  5.000000000
 0.008551799  0.123463644  0.271952429  5.000000000
 0.010841337  0.157142854  0.348879225  5.000000000
 0.013203358  0.191897068  0.428302792  5.000000000
 0.009748634  0.141243299  0.313354022  5.000000000
 0.007229351  0.104253544  0.229173594  5.000000000
 0.012486414  0.181388460  0.404470761  5.000000000
 0.006448536  0.092598035  0.201784759  5.000000000
 0.011884481  0.172492036  0.383959243  5.000000000
 0.005944554  0.085238039  0.185212632  5.000000000
 0.005469199  0.078247444  0.169253163  5.000000000
 0.008432589  0.121920517  0.269381994  5.000000000
 0.011359881  0.164826936  0.366686449  5.000000000
 0.009875788  0.143124743  0.317701965  5.000000000
 0.012455172  0.180878836  0.403080075  5.000000000
 0.012007511  0.174319147  0.388213147  5.000000000
 0.009609368  0.139116275  0.308139681  5.000000000
 0.006590666  0.094722306  0.206785738  5.000000000
 0.014067584  0.204667145  0.457732138  5.000000000
 0.013566226  0.197347113  0.441262788  5.000000000
 0.010531956  0.152654730  0.338913280  5.000000000
 0.011271832  0.163645210  0.364504542  5.000000000
 0.011485573  0.166609727  0.370459869  5.000000000
 0.013930923  0.202684353  0.453328467  5.000000000
 0.007404568  0.106671589  0.233974797  5.000000000
 0.011789944  0.171091980  0.380720272  5.000000000
 0.007291319  0.104970467  0.229929042  5.000000000
 0.009565991  0.138534012  0.307062178  5.000000000
 0.009030203  0.130560333  0.288430115  5.000000000
 0.011920961  0.173148840  0.386006485  5.000000000
 0.009655210  0.139910388  0.310497059  5.000000000
 0.009380994  0.135793029  0.300712145  5.000000000
 0.009876597  0.143133781  0.317709490  5.000000000
 0.011139616  0.161680185  0.359924149  5.000000000
 0.010344305  0.150031086  0.333542275  5.000000000
 0.013443567  0.195450773  0.436512324  5.000000000
 0.005932539  0.084974319  0.184220407  5.000000000
 0.010015560  0.144987631  0.321079305  5.000000000
 0.013644282  0.198406450  0.443277090  5.000000000
 0.008311111  0.119971642  0.264194460  5.000000000
 0.010431944  0.151289121  0.336273914  5.000000000
 0.009572325  0.138632423  0.307310614  5.000000000
 0.011488340  0.166685131  0.370787935  5.000000000
 0.009722868  0.140904605  0.312763658  5.000000000
 0.013831131  0.201231553  0.450079183  5.000000000
 0.011785333  0.171175804  0.381600033  5.000000000
 0.011874867  0.172400991  0.383980328  5.000000000
 0.011755523  0.170741217  0.380625898  5.000000000
 0.009072263  0.131172561  0.289799153  5.000000000
 0.007550067  0.108837155  0.239037353  5.000000000
 0.013298340  0.193399765  0.432215624  5.000000000
 0.004341001  0.061617512  0.131116495  5.000000000
 0.005904212  0.084568954  0.183345970  5.000000000
 0.014209296  0.206759003  0.462543135  5.000000000
 0.008493722  0.122802774  0.271318597  5.000000000
 0.011237542  0.162971671  0.362195913  5.000000000
 0.010676953  0.154843694  0.344168472  5.000000000
 0.009362111  0.135505423  0.300010768  5.000000000
 0.013592553  0.197700844  0.441917788  5.000000000
 0.005336067  0.076219862  0.164312767  5.000000000
 0.007598550  0.109653871  0.241371357  5.000000000
 0.008450919  0.122007229  0.268748658  5.000000000
 0.006590687  0.094687272  0.206548726  5.000000000
 0.011294021  0.163975492  0.365276622  5.000000000
 0.008307159  0.120089383  0.265262743  5.000000000
 0.003405236  0.034558309 -0.007885271  6.000000000
 0.001972567  0.019854524 -0.004457294  6.000000000
 0.003130731  0.031730709 -0.007221278  6.000000000
 0.003094068  0.031363862 -0.007140109  6.000000000
 0.002480832  0.025072369 -0.005674390  6.000000000
 0.001957464  0.019694092 -0.004417475  6.000000000
 0.003121892  0.031644006 -0.007202908  6.000000000
 0.002658336  0.026899890 -0.006103240  6.000000000
 0.002254416  0.022745102 -0.005130205  6.000000000
 0.003108435  0.031505462 -0.007170407  6.000000000
 0.002472785  0.024984729 -0.005651626  6.000000000
 0.001968924  0.019814016 -0.004446445  6.000000000
 0.002742761  0.027749241 -0.006293222  6.000000000
 0.003042713  0.030833405 -0.007014870  6.000000000
 0.003268212  0.033156665 -0.007560718  6.000000000
 0.002577688  0.026054675 -0.005898020  6.000000000
 0.002634081  0.026658190 -0.006050195  6.000000000
 0.002337502  0.023591289 -0.005324553  6.000000000
 0.002852655  0.028875836 -0.006555311  6.000000000
 0.002952774  0.029922645 -0.006808360  6.000000000
 0.002104258  0.021208234 -0.004773853  6.000000000
 0.002743626  0.027761089 -0.006297348  6.000000000
 0.003032175  0.030736486 -0.006997595  6.000000000
 0.002197244  0.022163037 -0.004996667  6.000000000
 0.002277184  0.022988169 -0.005191209  6.000000000
 0.002461437  0.024885108 -0.005636319  6.000000000
 0.001968146  0.019832154 -0.004462804  6.000000000
 0.003271726  0.033187377 -0.007565386  6.000000000
 0.002617310  0.026461452 -0.005992937  6.000000000
 0.003415412  0.034660648 -0.007908166  6.000000000
 0.002427444  0.024524314 -0.005546558  6.000000000
 0.002344036  0.023685639 -0.005359165  6.000000000
 0.003171471  0.032166275 -0.007330965  6.000000000
 0.002080979  0.020985300 -0.004729309  6.000000000
 0.001383198  0.013809644 -0.003049956  6.000000000
 0.002162336  0.021795746 -0.004906940  6.000000000
 0.001935286  0.019472300 -0.004368370  6.000000000
 0.003179679  0.032234881 -0.007339679  6.000000000
 0.002215354  0.022365432 -0.005051632  6.000000000
 0.001939440  0.019515271 -0.004378540  6.000000000
 0.002807283  0.028433525 -0.006463077  6.000000000
 0.002191829  0.022124257 -0.004995457  6.000000000
 0.001262572  0.012575266 -0.002763856  6.000000000
 0.002987482  0.030260552 -0.006878545  6.000000000
 0.002822062  0.028583165 -0.006497034  6.000000000
 0.002613472  0.026446066 -0.006000518  6.000000000
 0.003387604  0.034373557 -0.007840426  6.000000000
 0.002983299  0.030221627 -0.006871315  6.000000000
 0.001534693  0.015364896 -0.003412749  6.000000000
 0.002728407  0.027620879 -0.006272183  6.000000000
 0.002556631  0.025858743 -0.005861750  6.000000000
 0.003213254  0.032590778 -0.007427942  6.000000000
 0.003218634  0.032640348 -0.007436859  6.000000000
 0.001457106  0.014591343 -0.003242771  6.000000000
 0.002298644  0.023196487 -0.005234272  6.000000000
 0.002213789  0.022338635 -0.005040288  6.000000000
 0.002387148  0.024121186 -0.005457432  6.000000000
 0.003191700  0.032357042 -0.007367578  6.000000000
 0.003089903  0.031326417 -0.007133854  6.000000000
 0.001840807  0.018498171 -0.004139307  6.000000000
 0.002718987  0.027516208 -0.006244070  6.000000000
 0.002493190  0.025211251 -0.005712478  6.000000000
 0.002809915  0.028451221 -0.006462778  6.000000000
 0.002411209  0.024348506 -0.005501440  6.000000000
 0.002747760  0.027823268 -0.006321109  6.000000000
 0.002501443  0.025272912 -0.005716105  6.000000000
 0.002781298  0.028149638 -0.006388815  6.000000000
 0.002368108  0.023930875 -0.005415531  6.000000000
 0.002534288  0.025634637 -0.005811849  6.000000000
 0.002339542  0.023623986 -0.005337508  6.000000000
 0.002996352  0.030362882 -0.006907628  6.000000000
 0.002573008  0.026025487 -0.005900005  6.000000000
 0.002533927  0.025628208 -0.005809158  6.000000000
 0.002307147  0.023307114 -0.005270972  6.000000000
 0.002736895  0.027709758 -0.006293724  6.000000000
 0.002689771  0.027229285 -0.006183155  6.000000000
 0.001395179  0.013933615 -0.003079330  6.000000000
 0.002224368  0.022442254 -0.005062148  6.000000000
 0.002671141  0.027017857 -0.006124397  6.000000000
 0.002986120  0.030255467 -0.006881470  6.000000000
 0.002494183  0.025223188 -0.005715996  6.000000000
 0.002028959  0.020449227 -0.004603304  6.000000000
 0.002581276  0.026115996 -0.005923731  6.000000000
 0.003104410  0.031478848 -0.007171114  6.000000000
 0.002124440  0.021415488 -0.004822230  6.000000000
 0.002277834  0.022983781 -0.005185086  6.000000000
 0.002480021  0.025056425 -0.005667160  6.000000000
 0.003391533  0.034413388 -0.007849501  6.000000000
 0.001322209  0.013186396 -0.002905903  6.000000000
 0.002695148  0.027278856 -0.006192129  6.000000000
 0.002689774  0.027217374 -0.006174860  6.000000000
 0.003325226  0.033738711 -0.007694964  6.000000000
 0.002820124  0.028564376 -0.006493161  6.000000000
 0.002735090  0.027691799 -0.006289800  6.000000000
 0.001424184  0.014230929 -0.003148475  6.000000000
 0.002762442  0.027974210 -0.006356389  6.000000000
 0.001901993  0.019154162 -0.004305175  6.000000000
 0.002663905  0.026962266 -0.006120127  6.000000000
 0.002440674  0.024661678 -0.005579318  6.000000000
 0.002593593  0.026242938 -0.005953563  6.000000000
 0.003941640  0.043041777 -0.012267849  7.000000000
 0.004655582  0.050956353 -0.014589966  7.000000000
 0.005788662  0.063502437 -0.018261978  7.000000000
 0.002300073  0.024837318 -0.006922796  7.000000000
 0.006078520  0.066727994 -0.019215507  7.000000000
 0.004840293  0.053005165 -0.015191677  7.000000000
 0.003872231  0.042262075 -0.012033087  7.000000000
 0.005482312  0.060105335 -0.017264728  7.000000000
 0.005120524  0.056107393 -0.016099270  7.000000000
 0.005646628  0.061945344 -0.017815484  7.000000000
 0.005200567  0.056979773 -0.016346443  7.000000000
 0.003602321  0.039239750 -0.011128650  7.000000000
 0.005042276  0.055214148 -0.015822086  7.000000000
 0.004640408  0.050787357 -0.014539924  7.000000000
 0.004447512  0.048648446 -0.013912075  7.000000000
 0.003954897  0.043153157 -0.012279616  7.000000000
 0.003071909  0.033402477 -0.009441010  7.000000000
 0.004231737  0.046225538 -0.013183031  7.000000000
 0.005662146  0.062101969 -0.017852315  7.000000000
 0.003821453  0.041669427 -0.011841757  7.000000000
 0.002595820  0.028085371 -0.007857972  7.000000000
 0.006034387  0.066245111 -0.019077623  7.000000000
 0.005202927  0.057015669 -0.016362672  7.000000000
 0.005069901  0.055520065 -0.015911637  7.000000000
 0.003854531  0.042058644 -0.011969188  7.000000000
 0.003835765  0.041828320 -0.011888496  7.000000000
 0.004881380  0.053441196 -0.015308155  7.000000000
 0.005845616  0.064134499 -0.018447820  7.000000000
 0.002805136  0.030423503 -0.008554375  7.000000000
 0.005373955  0.058922756 -0.016928818  7.000000000
 0.003015907  0.032773469 -0.009251642  7.000000000
 0.005689127  0.062402022 -0.017940888  7.000000000
 0.005293429  0.058021609 -0.016659455  7.000000000
 0.003599328  0.039247484 -0.011154851  7.000000000
 0.005279441  0.057871636 -0.016618460  7.000000000
 0.002980272  0.032367642 -0.009126222  7.000000000
 0.006062389  0.066548533 -0.019162480  7.000000000
 0.004534292  0.049613744 -0.014197200  7.000000000
 0.003326946  0.036215024 -0.010257549  7.000000000
 0.004592445  0.050218754 -0.014351422  7.000000000
 0.004018919  0.043858872 -0.012484343  7.000000000
 0.004132275  0.045147319 -0.012881056  7.000000000
 0.003260570  0.035477230 -0.010039922  7.000000000
 0.004833539  0.052894547 -0.015138271  7.000000000
 0.003866857  0.042212449 -0.012024300  7.000000000
 0.006134167  0.067343983 -0.019395703  7.000000000
 0.006127641  0.067276377 -0.019378682  7.000000000
 0.005435856  0.059610446 -0.017131404  7.000000000
 0.003630635  0.039595336 -0.011257414  7.000000000
 0.004715941  0.051606258 -0.014769259  7.000000000
 0.004078741  0.044532831 -0.012688358  7.000000000
 0.004040157  0.044121911 -0.012577647  7.000000000
 0.005244842  0.057491702 -0.016509115  7.000000000
 0.004454055  0.048704237 -0.013918519  7.000000000
 0.002859796  0.031030483 -0.008733077  7.000000000
 0.005911763  0.064869494 -0.018664455  7.000000000
 0.005718139  0.062739136 -0.018048927  7.000000000
 0.004518654  0.049440088 -0.014146079  7.000000000
 0.004390374  0.047987306 -0.013701747  7.000000000
 0.004438643  0.048536586 -0.013871313  7.000000000
 0.003265401  0.035503939 -0.010032100  7.000000000
 0.006092582  0.066885913 -0.019263063  7.000000000
 0.004110969  0.044914038 -0.012814310  7.000000000
 0.004558852  0.049869008 -0.014262115  7.000000000
 0.003954197  0.043139928 -0.012272567  7.000000000
 0.005545351  0.060809825 -0.017474735  7.000000000
 0.003746543  0.040880375 -0.011634497  7.000000000
 0.003437057  0.037405714 -0.010589412  7.000000000
 0.005789130  0.063524665 -0.018278582  7.000000000
 0.005132150  0.056219108 -0.016121971  7.000000000
 0.004768665  0.052207869 -0.014955927  7.000000000
 0.003999190  0.043639979 -0.012420027  7.000000000
 0.003798435  0.041435932 -0.011785881  7.000000000
 0.002304227  0.024873412 -0.006927624  7.000000000
 0.003739595  0.040772563 -0.011584747  7.000000000
 0.003944046  0.043068107 -0.012275378  7.000000000
 0.002982889  0.032393912 -0.009132436  7.000000000
 0.003887541  0.042442202 -0.012092029  7.000000000
 0.005324572  0.058375045 -0.016767905  7.000000000
 0.004656135  0.050940738 -0.014572531  7.000000000
 0.003769430  0.041103801 -0.011682220  7.000000000
 0.004002743  0.043692967 -0.012443468  7.000000000
 0.004672766  0.051116306 -0.014618908  7.000000000
 0.006131000  0.067309785 -0.019386219  7.000000000
 0.002846104  0.030857333 -0.008669742  7.000000000
 0.004687971  0.051315830 -0.014695608  7.000000000
 0.004111496  0.044914642 -0.012811337  7.000000000
 0.004519170  0.049446104 -0.014147989  7.000000000
 0.005428604  0.059526825 -0.017104934  7.000000000
 0.004181417  0.045696926 -0.013045130  7.000000000
 0.004832881  0.052923889 -0.015168424  7.000000000
 0.005160132  0.056525676 -0.016209785  7.000000000
 0.003273792  0.035595898 -0.010058476  7.000000000
 0.004641977  0.050788683 -0.014530842  7.000000000
 0.003182909  0.034612096 -0.009783731  7.000000000
 0.004052349  0.044267109 -0.012626211  7.000000000
 0.005220731  0.057223148 -0.016429587  7.000000000
 0.004650632  0.050885931 -0.014560151  7.000000000
 0.003215293  0.034948033 -0.009868766  7.000000000
 0.004677086  0.051192970 -0.014658266  7.000000000
 0.003877632  0.043882946 -0.014487410  8.000000000
 0.007179082  0.082142701 -0.027717487  8.000000000
 0.006919384  0.079112585 -0.026655718  8.000000000
 0.004307504  0.048909619 -0.016256480  8.000000000
 0.005632780  0.064228572 -0.021526706  8.000000000
 0.006967677  0.079707570 -0.026885551  8.000000000
 0.006855906  0.078407513 -0.026432757  8.000000000
 0.006582978  0.075206002 -0.025299283  8.000000000
 0.005231123  0.059646416 -0.019991767  8.000000000
 0.006178498  0.070597143 -0.023759259  8.000000000
 0.006307600  0.072071891 -0.024254584  8.000000000
 0.003498751  0.039508030 -0.012985366  8.000000000
 0.005466157  0.062305976 -0.020867719  8.000000000
 0.006467695  0.073921112 -0.024889878  8.000000000
 0.005984153  0.068245921 -0.022878633  8.000000000
 0.007199400  0.082341105 -0.027760750  8.000000000
 0.005423976  0.061799206 -0.020680238  8.000000000
 0.005128294  0.058354247 -0.019476332  8.000000000
 0.004347486  0.049321669 -0.016363823  8.000000000
 0.006200193  0.070756022 -0.023750972  8.000000000
 0.005114549  0.058175463 -0.019401186  8.000000000
 0.005975846  0.068176145 -0.022872554  8.000000000
 0.006802578  0.077791174 -0.026220768  8.000000000
 0.006068541  0.069290286 -0.023285143  8.000000000
 0.002952112  0.033206477 -0.010829011  8.000000000
 0.006990099  0.079960893 -0.026968699  8.000000000
 0.004112402  0.046658023 -0.015484290  8.000000000
 0.007093805  0.081128539 -0.027349078  8.000000000
 0.004076358  0.046227603 -0.015326774  8.000000000
 0.005339050  0.060769533 -0.020292996  8.000000000
 0.004638410  0.052688441 -0.017524861  8.000000000
 0.003186348  0.035943226 -0.011790619  8.000000000
 0.006978572  0.079819225 -0.026914164  8.000000000
 0.005574205  0.063551390 -0.021293787  8.000000000
 0.007065406  0.080818391 -0.027254831  8.000000000
 0.004389978  0.049797578 -0.016517101  8.000000000
 0.006326904  0.072301102 -0.024337610  8.000000000
 0.003505310  0.039635266 -0.013064365  8.000000000
 0.004632694  0.052739061 -0.017622117  8.000000000
 0.005646960  0.064354557 -0.021544174  8.000000000
 0.004927303  0.056027389 -0.018673338  8.000000000
 0.006070934  0.069300968 -0.023277113  8.000000000
 0.004844191  0.055179822 -0.018459176  8.000000000
 0.005624572  0.064145873 -0.021506581  8.000000000
 0.003898080  0.044133366 -0.014583198  8.000000000
 0.007497023  0.085786041 -0.028949168  8.000000000
 0.003297585  0.037191350 -0.012194209  8.000000000
 0.004051613  0.046024042 -0.015313049  8.000000000
 0.005270567  0.059973876 -0.020016479  8.000000000
 0.004314088  0.048921684 -0.016216667  8.000000000
 0.006461991  0.073865338 -0.024877678  8.000000000
 0.005512937  0.062904669 -0.021113264  8.000000000
 0.004874449  0.055532730 -0.018582751  8.000000000
 0.007205131  0.082417302 -0.027793784  8.000000000
 0.006050520  0.069006783 -0.023136073  8.000000000
 0.006065096  0.069285894 -0.023307832  8.000000000
 0.004653489  0.052913702 -0.017637216  8.000000000
 0.004547768  0.051757263 -0.017284272  8.000000000
 0.004328289  0.049084164 -0.016271416  8.000000000
 0.005672165  0.064624262 -0.021622084  8.000000000
 0.005368498  0.061198293 -0.020500971  8.000000000
 0.004423524  0.050213556 -0.016679593  8.000000000
 0.006990273  0.079962714 -0.026969195  8.000000000
 0.003974128  0.044998470 -0.014871278  8.000000000
 0.005036731  0.057353455 -0.019171402  8.000000000
 0.005540515  0.063210002 -0.021209073  8.000000000
 0.004342281  0.049323151 -0.016406630  8.000000000
 0.005195048  0.059106436 -0.019721813  8.000000000
 0.005231149  0.059559595 -0.019902371  8.000000000
 0.002742307  0.030824371 -0.010038940  8.000000000
 0.006655441  0.076098185 -0.025643634  8.000000000
 0.006093941  0.069543169 -0.023344306  8.000000000
 0.003055340  0.034449841 -0.011291224  8.000000000
 0.005493580  0.062653165 -0.021007694  8.000000000
 0.007346617  0.084065889 -0.028369972  8.000000000
 0.004917431  0.055974858 -0.018697498  8.000000000
 0.004865680  0.055321324 -0.018434699  8.000000000
 0.004905526  0.055758904 -0.018569477  8.000000000
 0.006572522  0.075088893 -0.025261654  8.000000000
 0.005296266  0.060327184 -0.020176671  8.000000000
 0.004691196  0.053276533 -0.017712072  8.000000000
 0.006606400  0.075538662 -0.025456168  8.000000000
 0.003773550  0.042683556 -0.014077289  8.000000000
 0.006808735  0.077782102 -0.026162659  8.000000000
 0.004131644  0.046878655 -0.015558977  8.000000000
 0.005496685  0.062591449 -0.020919674  8.000000000
 0.005669653  0.064689717 -0.021709317  8.000000000
 0.005065568  0.057646797 -0.019245092  8.000000000
 0.005421084  0.061822561 -0.020727037  8.000000000
 0.005938472  0.067825637 -0.022807783  8.000000000
 0.004103120  0.046615755 -0.015514117  8.000000000
 0.005646544  0.064337849 -0.021530238  8.000000000
 0.006807493  0.077791073 -0.026181714  8.000000000
 0.005506415  0.062743336 -0.020998919  8.000000000
 0.004107256  0.046565892 -0.015430184  8.000000000
 0.006451821  0.073732259 -0.024821284  8.000000000
 0.007240848  0.082855526 -0.027961949  8.000000000
 0.007441865  0.085164918 -0.028746761  8.000000000
 0.004403131  0.049997050 -0.016618328  8.000000000
 0.003884583  0.044004559 -0.014557526  8.000000000
 0.003933805  0.043879699 -0.013598973  9.000000000
 0.006588149  0.074077722 -0.023322979  9.000000000
 0.006623787  0.074484143 -0.023454476  9.000000000
 0.006183779  0.069505668 -0.021868991  9.000000000
 0.006677533  0.075122195 -0.023677026  9.000000000
 0.003275585  0.036420541 -0.011215582  9.000000000
 0.006911911  0.077784889 -0.024531975  9.000000000
 0.003473504  0.038669756 -0.011938289  9.000000000
 0.004821615  0.054037439 -0.016906418  9.000000000
 0.004591442  0.051353328 -0.016000298  9.000000000
 0.003347454  0.037224228 -0.011465609  9.000000000
 0.006527195  0.073384398 -0.023099822  9.000000000
 0.005334109  0.059830674 -0.018748023  9.000000000
 0.002928797  0.032475214 -0.009945237  9.000000000
 0.006357519  0.071482674 -0.022505869  9.000000000
 0.006133114  0.068936963 -0.021690713  9.000000000
 0.005710012  0.064114096 -0.020131795  9.000000000
 0.004763144  0.053353140 -0.016673815  9.000000000
 0.003818299  0.042627563 -0.013235425  9.000000000
 0.005147241  0.057707095 -0.018065733  9.000000000
 0.003503487  0.039008151 -0.012045533  9.000000000
 0.004138936  0.046238293 -0.014374292  9.000000000
 0.004433935  0.049622429 -0.015482084  9.000000000
 0.005775814  0.064827022 -0.020338517  9.000000000
 0.005487676  0.061594506 -0.019326699  9.000000000
 0.004518686  0.050595850 -0.015801226  9.000000000
 0.004218006  0.047168547 -0.014693625  9.000000000
 0.005557767  0.062356640 -0.019549627  9.000000000
 0.006402776  0.072005229 -0.022679061  9.000000000
 0.005735322  0.064367374 -0.020191138  9.000000000
 0.003394496  0.037760257 -0.011638654  9.000000000
 0.004833728  0.054173302 -0.016949064  9.000000000
 0.005137610  0.057616210 -0.018048568  9.000000000
 0.004608485  0.051594299 -0.016107883  9.000000000
 0.005161892  0.057869197 -0.018115070  9.000000000
 0.006784351  0.076315706 -0.024047345  9.000000000
 0.003619936  0.040366476 -0.012504273  9.000000000
 0.006950672  0.078216903 -0.024665317  9.000000000
 0.006753260  0.075980853 -0.023951608  9.000000000
 0.006249536  0.070264465 -0.022120195  9.000000000
 0.005972209  0.067107526 -0.021102504  9.000000000
 0.004958347  0.055525666 -0.017342668  9.000000000
 0.003714984  0.041451041 -0.012855832  9.000000000
 0.002699570  0.029868285 -0.009106369  9.000000000
 0.002937281  0.032570805 -0.009975323  9.000000000
 0.006474040  0.072814368 -0.022938576  9.000000000
 0.005830582  0.065503699 -0.020590768  9.000000000
 0.003724750  0.041515597 -0.012846719  9.000000000
 0.004776972  0.053467194 -0.016682963  9.000000000
 0.006964663  0.078378769 -0.024719173  9.000000000
 0.005439453  0.061020259 -0.019125413  9.000000000
 0.005872495  0.065928349 -0.020694026  9.000000000
 0.005312368  0.059585397 -0.018670367  9.000000000
 0.005659314  0.063547534 -0.019955973  9.000000000
 0.004869410  0.054525458 -0.017027950  9.000000000
 0.004039765  0.045137325 -0.014037087  9.000000000
 0.004201057  0.046982990 -0.014638262  9.000000000
 0.003970340  0.044293595 -0.013731125  9.000000000
 0.003995351  0.044636115 -0.013878503  9.000000000
 0.003956382  0.044190818 -0.013733656  9.000000000
 0.004381804  0.049029043 -0.015290804  9.000000000
 0.002938177  0.032577004 -0.009974887  9.000000000
 0.003078540  0.034220674 -0.010534088  9.000000000
 0.004117526  0.046016116 -0.014316400  9.000000000
 0.003510120  0.039067233 -0.012054223  9.000000000
 0.005434201  0.060997717 -0.019142110  9.000000000
 0.005431012  0.060938445 -0.019108215  9.000000000
 0.005526656  0.062049594 -0.019480823  9.000000000
 0.003899399  0.043486787 -0.013471473  9.000000000
 0.004938131  0.055299235 -0.017272035  9.000000000
 0.005802759  0.065171436 -0.020473583  9.000000000
 0.004542653  0.050857400 -0.015878551  9.000000000
 0.003694761  0.041163697 -0.012726588  9.000000000
 0.006626838  0.074522358 -0.023469010  9.000000000
 0.005154757  0.057803073 -0.018103416  9.000000000
 0.006707643  0.075446684 -0.023769881  9.000000000
 0.002813496  0.031168716 -0.009527869  9.000000000
 0.005907961  0.066368812 -0.020859475  9.000000000
 0.006542094  0.073553872 -0.023154370  9.000000000
 0.004680660  0.052395612 -0.016353275  9.000000000
 0.004709588  0.052758254 -0.016491713  9.000000000
 0.003800129  0.042359526 -0.013109811  9.000000000
 0.003709925  0.041334231 -0.012780287  9.000000000
 0.005078004  0.056951610 -0.017843168  9.000000000
 0.004467205  0.050004260 -0.015607143  9.000000000
 0.003760582  0.041960751 -0.013013941  9.000000000
 0.006645215  0.074759194 -0.023563135  9.000000000
 0.006237054  0.070093780 -0.022046797  9.000000000
 0.005708354  0.064071839 -0.020103164  9.000000000
 0.006587057  0.074080740 -0.023333815  9.000000000
 0.006034366  0.067814772 -0.021330304  9.000000000
 0.004767673  0.053423818 -0.016708979  9.000000000
 0.004792719  0.053672112 -0.016765360  9.000000000
 0.005970211  0.067086319 -0.021096653  9.000000000
 0.006407680  0.072030703 -0.022667745  9.000000000
 0.005822656  0.065380432 -0.020529773  9.000000000
 0.004598035  0.051430657 -0.016026670  9.000000000
 0.004106644  0.045910728 -0.014294155  9.000000000
 0.004737110  0.053069011 -0.016590286  9.000000000
 0.003573883  0.039792758 -0.012287838  9.000000000
