-5.054857e-02 -8.251187e-01 -1.011407e+01  1.000000e+00
-8.992422e-02 -8.878265e-01 -1.162998e+01  1.000000e+00
 2.622604e-03 -9.370005e-01 -1.280483e+01  1.000000e+00
 2.696449e-02 -9.097272e-01 -1.202852e+01  1.000000e+00
-4.525226e-02 -7.617446e-01 -8.695862e+00  1.000000e+00
 4.142530e-02 -8.630261e-01 -1.082247e+01  1.000000e+00
-5.838420e-02 -7.567150e-01 -8.592256e+00  1.000000e+00
-9.023080e-02 -8.068900e-01 -9.688236e+00  1.000000e+00
-3.191760e-02 -8.246820e-01 -1.008873e+01  1.000000e+00
-1.356086e-01 -8.043606e-01 -9.560224e+00  1.000000e+00
-2.901811e-02 -8.189307e-01 -9.952551e+00  1.000000e+00
-8.396840e-02 -7.545989e-01 -8.538516e+00  1.000000e+00
-3.754711e-02 -7.244998e-01 -7.913294e+00  1.000000e+00
 2.163232e-02 -8.758336e-01 -1.119851e+01  1.000000e+00
 5.110980e-02 -7.955263e-01 -9.227846e+00  1.000000e+00
 4.315007e-02 -8.090700e-01 -9.558937e+00  1.000000e+00
-1.495321e-01 -8.617018e-01 -1.088659e+01  1.000000e+00
-9.403033e-03 -7.469048e-01 -8.343269e+00  1.000000e+00
-9.204358e-02 -8.566619e-01 -1.085873e+01  1.000000e+00
 4.415093e-03 -7.471838e-01 -8.323493e+00  1.000000e+00
-5.658486e-02 -7.608046e-01 -8.679473e+00  1.000000e+00
-5.528429e-02 -7.555361e-01 -8.566753e+00  1.000000e+00
-3.389578e-02 -7.308254e-01 -8.039903e+00  1.000000e+00
-6.731598e-02 -8.261305e-01 -1.014177e+01  1.000000e+00
 1.187112e-02 -7.556884e-01 -8.485551e+00  1.000000e+00
 6.027148e-02 -8.673475e-01 -1.085330e+01  1.000000e+00
-4.141013e-02 -8.214676e-01 -1.002342e+01  1.000000e+00
-1.104175e-01 -8.485688e-01 -1.064397e+01  1.000000e+00
-3.464690e-02 -8.358276e-01 -1.035188e+01  1.000000e+00
-1.461105e-01 -8.383108e-01 -1.032878e+01  1.000000e+00
-9.692348e-02 -7.930266e-01 -9.368025e+00  1.000000e+00
-5.768462e-02 -8.746035e-01 -1.130315e+01  1.000000e+00
 1.814945e-02 -8.195147e-01 -9.873787e+00  1.000000e+00
-7.498220e-03 -7.892217e-01 -9.250122e+00  1.000000e+00
-8.958255e-02 -7.675496e-01 -8.812596e+00  1.000000e+00
-5.599355e-02 -7.626962e-01 -8.719968e+00  1.000000e+00
-1.305705e-01 -8.668496e-01 -1.105617e+01  1.000000e+00
-4.833163e-02 -8.875320e-01 -1.161895e+01  1.000000e+00
-1.453046e-01 -8.537321e-01 -1.070246e+01  1.000000e+00
 2.062827e-02 -7.871738e-01 -9.141520e+00  1.000000e+00
-1.215205e-01 -8.106679e-01 -9.733829e+00  1.000000e+00
 6.314487e-02 -8.472925e-01 -1.036267e+01  1.000000e+00
-4.222865e-02 -8.683348e-01 -1.113891e+01  1.000000e+00
-1.000210e-01 -7.892724e-01 -9.280435e+00  1.000000e+00
-9.869817e-02 -7.976803e-01 -9.470918e+00  1.000000e+00
-2.714510e-03 -7.408252e-01 -8.205156e+00  1.000000e+00
 3.026974e-02 -8.867888e-01 -1.144142e+01  1.000000e+00
-6.451987e-02 -8.994296e-01 -1.192729e+01  1.000000e+00
 2.202138e-02 -8.852392e-01 -1.142903e+01  1.000000e+00
-1.517792e-02 -7.305534e-01 -8.013765e+00  1.000000e+00
 4.673115e-02 -8.834302e-01 -1.129996e+01  1.000000e+00
-9.028471e-02 -9.223564e-01 -1.251529e+01  1.000000e+00
-1.995968e-02 -8.875734e-01 -1.158552e+01  1.000000e+00
-4.946519e-02 -7.953344e-01 -9.433893e+00  1.000000e+00
-7.267879e-02 -8.716466e-01 -1.123286e+01  1.000000e+00
 1.211541e-02 -7.972396e-01 -9.386224e+00  1.000000e+00
-2.263099e-02 -9.182942e-01 -1.237013e+01  1.000000e+00
-1.005900e-01 -8.522367e-01 -1.074409e+01  1.000000e+00
-8.756346e-02 -8.657844e-01 -1.108408e+01  1.000000e+00
-6.936252e-02 -8.692569e-01 -1.117415e+01  1.000000e+00
-7.667038e-03 -7.789387e-01 -9.024614e+00  1.000000e+00
-4.029070e-02 -8.233042e-01 -1.006500e+01  1.000000e+00
 1.954330e-02 -9.022741e-01 -1.186262e+01  1.000000e+00
-8.245463e-02 -7.620899e-01 -8.700163e+00  1.000000e+00
 4.615888e-02 -8.869413e-01 -1.138886e+01  1.000000e+00
-3.046535e-02 -8.242469e-01 -1.007699e+01  1.000000e+00
-2.256767e-02 -7.353406e-01 -8.121609e+00  1.000000e+00
 1.679951e-03 -8.849855e-01 -1.147747e+01  1.000000e+00
 7.661451e-02 -8.691812e-01 -1.082455e+01  1.000000e+00
 3.187181e-02 -7.963493e-01 -9.311557e+00  1.000000e+00
 1.749759e-02 -8.714716e-01 -1.110392e+01  1.000000e+00
 7.214924e-02 -8.593350e-01 -1.060878e+01  1.000000e+00
-1.327514e-01 -8.220851e-01 -9.976551e+00  1.000000e+00
-9.592400e-02 -7.835260e-01 -9.157037e+00  1.000000e+00
-9.901730e-02 -8.082063e-01 -9.709966e+00  1.000000e+00
-3.524016e-02 -8.660607e-01 -1.107632e+01  1.000000e+00
-1.368712e-02 -8.685751e-01 -1.110590e+01  1.000000e+00
-1.105537e-01 -8.802043e-01 -1.141984e+01  1.000000e+00
-3.801204e-02 -8.172387e-01 -9.923049e+00  1.000000e+00
-1.627753e-01 -8.421358e-01 -1.037390e+01  1.000000e+00
-7.814059e-02 -9.399667e-01 -1.298325e+01  1.000000e+00
-7.605469e-02 -7.833815e-01 -9.168517e+00  1.000000e+00
-8.659567e-02 -8.997532e-01 -1.193360e+01  1.000000e+00
-2.131296e-02 -8.019512e-01 -9.556171e+00  1.000000e+00
-3.887961e-02 -7.671879e-01 -8.808889e+00  1.000000e+00
-9.098728e-02 -8.551001e-01 -1.082164e+01  1.000000e+00
-9.892085e-02 -8.465609e-01 -1.060913e+01  1.000000e+00
 1.498608e-02 -7.646752e-01 -8.668809e+00  1.000000e+00
-8.309874e-02 -8.354471e-01 -1.035632e+01  1.000000e+00
-7.799518e-02 -8.045024e-01 -9.641404e+00  1.000000e+00
-4.405601e-02 -7.294680e-01 -8.018474e+00  1.000000e+00
-1.458156e-01 -8.346667e-01 -1.024270e+01  1.000000e+00
-1.033243e-01 -7.996594e-01 -9.510234e+00  1.000000e+00
-9.678012e-04 -7.793369e-01 -9.020696e+00  1.000000e+00
 4.517448e-02 -8.633181e-01 -1.081584e+01  1.000000e+00
-4.715442e-02 -7.547233e-01 -8.546996e+00  1.000000e+00
-6.535535e-02 -8.874744e-01 -1.162573e+01  1.000000e+00
-3.755067e-02 -7.669229e-01 -8.802170e+00  1.000000e+00
-1.332281e-01 -8.136547e-01 -9.779416e+00  1.000000e+00
-7.541807e-02 -8.111431e-01 -9.793924e+00  1.000000e+00
 4.678298e-01 -4.103228e-01  1.128275e+00  2.000000e+00
 4.268820e-01 -5.255515e-01 -8.806580e-01  2.000000e+00
 4.148265e-01 -5.458509e-01 -1.341795e+00  2.000000e+00
 4.069626e-01 -4.355919e-01 -6.687883e-02  2.000000e+00
 3.905270e-01 -3.547905e-01  5.121721e-01  2.000000e+00
 4.862321e-01 -4.201130e-01  1.330546e+00  2.000000e+00
 4.621801e-01 -4.556356e-01  5.452784e-01  2.000000e+00
 3.760311e-01 -5.262972e-01 -1.619029e+00  2.000000e+00
 5.084388e-01 -4.280365e-01  1.628619e+00  2.000000e+00
 4.628774e-01 -4.247630e-01  8.979319e-01  2.000000e+00
 3.242126e-01 -4.272145e-01 -1.041359e+00  2.000000e+00
 4.203236e-01 -4.006167e-01  4.959490e-01  2.000000e+00
 3.341678e-01 -4.485130e-01 -1.166419e+00  2.000000e+00
 3.854394e-01 -3.864523e-01  1.479526e-01  2.000000e+00
 4.539885e-01 -4.643490e-01  3.130571e-01  2.000000e+00
 4.090096e-01 -3.450185e-01  8.524199e-01  2.000000e+00
 4.202623e-01 -4.676245e-01 -2.424555e-01  2.000000e+00
 4.709311e-01 -3.807139e-01  1.468838e+00  2.000000e+00
 3.570452e-01 -5.207541e-01 -1.793667e+00  2.000000e+00
 3.597851e-01 -4.230367e-01 -5.646051e-01  2.000000e+00
 3.722330e-01 -3.356546e-01  4.367706e-01  2.000000e+00
 4.739156e-01 -4.160819e-01  1.168086e+00  2.000000e+00
 4.194603e-01 -5.083091e-01 -7.628169e-01  2.000000e+00
 5.014301e-01 -4.275434e-01  1.511649e+00  2.000000e+00
 3.591168e-01 -3.909426e-01 -2.386002e-01  2.000000e+00
 4.157273e-01 -3.403282e-01  9.875671e-01  2.000000e+00
 4.564149e-01 -5.155137e-01 -2.855136e-01  2.000000e+00
 4.042127e-01 -4.808215e-01 -6.358643e-01  2.000000e+00
 4.098461e-01 -5.160836e-01 -1.006777e+00  2.000000e+00
 3.809606e-01 -4.901056e-01 -1.075656e+00  2.000000e+00
 5.123932e-01 -4.637260e-01  1.302791e+00  2.000000e+00
 4.864511e-01 -4.731095e-01  7.421452e-01  2.000000e+00
 4.535988e-01 -4.478218e-01  4.973240e-01  2.000000e+00
 4.342116e-01 -4.303656e-01  3.908201e-01  2.000000e+00
 3.123943e-01 -4.609509e-01 -1.565940e+00  2.000000e+00
 3.968109e-01 -3.723209e-01  4.377504e-01  2.000000e+00
 4.205358e-01 -5.101531e-01 -7.709479e-01  2.000000e+00
 3.684748e-01 -4.271754e-01 -4.982387e-01  2.000000e+00
 3.883705e-01 -4.728319e-01 -7.600638e-01  2.000000e+00
 3.231100e-01 -4.506382e-01 -1.321132e+00  2.000000e+00
 3.750028e-01 -3.996383e-01 -1.221301e-01  2.000000e+00
 5.021068e-01 -4.148929e-01  1.655290e+00  2.000000e+00
 4.427439e-01 -4.825918e-01 -8.283466e-02  2.000000e+00
 3.979652e-01 -3.400882e-01  7.410377e-01  2.000000e+00
 2.831853e-01 -4.188977e-01 -1.395544e+00  2.000000e+00
 3.699299e-01 -3.494157e-01  2.886975e-01  2.000000e+00
 4.835878e-01 -4.678047e-01  7.565452e-01  2.000000e+00
 3.841746e-01 -5.214435e-01 -1.442094e+00  2.000000e+00
 3.497566e-01 -3.586813e-01 -4.652421e-02  2.000000e+00
 3.236698e-01 -5.055317e-01 -1.999975e+00  2.000000e+00
 4.958534e-01 -4.411761e-01  1.268234e+00  2.000000e+00
 3.392633e-01 -4.898187e-01 -1.608977e+00  2.000000e+00
 3.795979e-01 -3.786366e-01  1.458533e-01  2.000000e+00
 4.084147e-01 -5.241280e-01 -1.135559e+00  2.000000e+00
 3.473115e-01 -4.863815e-01 -1.466091e+00  2.000000e+00
 3.494349e-01 -4.345825e-01 -8.217585e-01  2.000000e+00
 3.534381e-01 -3.681547e-01 -8.892304e-02  2.000000e+00
 3.322203e-01 -4.790762e-01 -1.558333e+00  2.000000e+00
 3.052028e-01 -3.958718e-01 -9.197703e-01  2.000000e+00
 3.724230e-01 -4.620260e-01 -8.449223e-01  2.000000e+00
 4.167978e-01 -3.429407e-01  9.807635e-01  2.000000e+00
 4.015364e-01 -3.988827e-01  2.450080e-01  2.000000e+00
 4.509826e-01 -4.855653e-01  9.791063e-03  2.000000e+00
 3.693681e-01 -3.345773e-01  4.091380e-01  2.000000e+00
 3.148799e-01 -4.433179e-01 -1.329996e+00  2.000000e+00
 2.667243e-01 -4.457104e-01 -1.863760e+00  2.000000e+00
 3.740778e-01 -5.543767e-01 -2.040591e+00  2.000000e+00
 3.860617e-01 -3.956962e-01  6.470705e-02  2.000000e+00
 3.599354e-01 -5.228365e-01 -1.784678e+00  2.000000e+00
 4.470402e-01 -3.662302e-01  1.225378e+00  2.000000e+00
 4.132794e-01 -4.964394e-01 -7.007383e-01  2.000000e+00
 3.245558e-01 -4.865729e-01 -1.743471e+00  2.000000e+00
 3.956651e-01 -3.461734e-01  6.575001e-01  2.000000e+00
 4.126205e-01 -4.218567e-01  1.637039e-01  2.000000e+00
 4.350970e-01 -5.312717e-01 -8.327874e-01  2.000000e+00
 3.737530e-01 -4.589980e-01 -7.914159e-01  2.000000e+00
 3.405161e-01 -4.968571e-01 -1.684194e+00  2.000000e+00
 3.490633e-01 -4.206803e-01 -6.731669e-01  2.000000e+00
 4.563685e-01 -3.908363e-01  1.139567e+00  2.000000e+00
 3.948883e-01 -5.603473e-01 -1.839003e+00  2.000000e+00
 4.113062e-01 -4.300522e-01  5.625461e-02  2.000000e+00
 3.733591e-01 -4.568407e-01 -7.711890e-01  2.000000e+00
 3.092676e-01 -4.267791e-01 -1.205397e+00  2.000000e+00
 4.173275e-01 -5.109971e-01 -8.296659e-01  2.000000e+00
 4.431338e-01 -3.971627e-01  8.718102e-01  2.000000e+00
 4.176200e-01 -4.001642e-01  4.611684e-01  2.000000e+00
 3.482317e-01 -5.046702e-01 -1.690576e+00  2.000000e+00
 3.845789e-01 -4.746924e-01 -8.346631e-01  2.000000e+00
 4.099941e-01 -4.796505e-01 -5.382995e-01  2.000000e+00
 4.501507e-01 -4.259752e-01  6.833593e-01  2.000000e+00
 4.299097e-01 -4.081412e-01  5.609297e-01  2.000000e+00
 5.177929e-01 -4.464445e-01  1.594908e+00  2.000000e+00
 3.988341e-01 -3.205480e-01  9.132037e-01  2.000000e+00
 3.871651e-01 -4.428943e-01 -4.247711e-01  2.000000e+00
 3.183022e-01 -4.112989e-01 -9.359978e-01  2.000000e+00
 3.488588e-01 -4.232751e-01 -7.038761e-01  2.000000e+00
 3.964368e-01 -5.519638e-01 -1.695781e+00  2.000000e+00
 3.171183e-01 -4.590177e-01 -1.489233e+00  2.000000e+00
 4.558374e-01 -3.811943e-01  1.223594e+00  2.000000e+00
 3.862026e-01 -3.912906e-01  1.105559e-01  2.000000e+00
 8.148829e-01 -1.485903e-01  1.021219e+01  3.000000e+00
 8.225153e-01  8.252458e-02  1.016656e+01  3.000000e+00
 9.144295e-01 -6.080194e-02  1.311675e+01  3.000000e+00
 7.804984e-01 -9.351122e-02  9.383914e+00  3.000000e+00
 7.105883e-01 -2.505468e-02  7.667551e+00  3.000000e+00
 8.438231e-01 -1.441325e-01  1.101504e+01  3.000000e+00
 8.579604e-01 -1.529051e-02  1.142436e+01  3.000000e+00
 7.513537e-01 -3.789116e-03  8.608242e+00  3.000000e+00
 8.227626e-01 -1.166639e-01  1.047767e+01  3.000000e+00
 8.252887e-01  4.356109e-03  1.048975e+01  3.000000e+00
 7.875484e-01 -6.860047e-02  9.573454e+00  3.000000e+00
 8.188197e-01 -4.861318e-02  1.038960e+01  3.000000e+00
 8.101667e-01  2.039212e-02  1.005012e+01  3.000000e+00
 7.812118e-01 -8.477723e-02  9.407063e+00  3.000000e+00
 7.819393e-01 -1.733286e-03  9.367428e+00  3.000000e+00
 8.467846e-01 -5.585771e-02  1.115722e+01  3.000000e+00
 8.763310e-01 -6.486542e-02  1.199708e+01  3.000000e+00
 7.715777e-01 -6.974350e-03  9.114634e+00  3.000000e+00
 7.561405e-01  1.104753e-02  8.697180e+00  3.000000e+00
 8.129540e-01  2.542473e-02  1.011060e+01  3.000000e+00
 8.683321e-01  3.661474e-02  1.159191e+01  3.000000e+00
 7.189467e-01 -5.495573e-02  7.880597e+00  3.000000e+00
 8.690222e-01  3.372572e-02  1.162031e+01  3.000000e+00
 8.230588e-01 -6.360424e-02  1.051051e+01  3.000000e+00
 7.175958e-01 -6.567655e-02  7.849550e+00  3.000000e+00
 8.545999e-01 -1.225137e-01  1.135163e+01  3.000000e+00
 8.184465e-01 -1.147952e-01  1.036308e+01  3.000000e+00
 8.817815e-01 -8.199332e-02  1.215711e+01  3.000000e+00
 8.646565e-01 -3.765655e-03  1.159159e+01  3.000000e+00
 7.771134e-01 -4.753469e-02  9.299872e+00  3.000000e+00
 7.396588e-01 -2.572745e-02  8.354773e+00  3.000000e+00
 7.736174e-01  3.170288e-02  9.080844e+00  3.000000e+00
 8.376695e-01  5.190529e-02  1.069187e+01  3.000000e+00
 8.398538e-01 -7.044489e-02  1.097012e+01  3.000000e+00
 8.923851e-01 -5.478842e-02  1.245825e+01  3.000000e+00
 8.402048e-01 -1.082805e-01  1.096469e+01  3.000000e+00
 8.555828e-01 -1.003231e-01  1.140070e+01  3.000000e+00
 8.280457e-01 -1.354681e-01  1.059447e+01  3.000000e+00
 8.528366e-01  2.503824e-02  1.119198e+01  3.000000e+00
 8.216445e-01  7.147270e-02  1.018871e+01  3.000000e+00
 8.815421e-01 -7.033592e-02  1.214930e+01  3.000000e+00
 7.670116e-01 -8.816865e-02  9.044436e+00  3.000000e+00
 8.738492e-01 -6.442663e-02  1.192554e+01  3.000000e+00
 7.838004e-01 -1.282445e-02  9.433600e+00  3.000000e+00
 8.712122e-01 -1.130563e-01  1.183545e+01  3.000000e+00
 8.470332e-01 -2.659536e-02  1.113677e+01  3.000000e+00
 8.844034e-01 -7.998010e-02  1.223344e+01  3.000000e+00
 7.446313e-01  2.018054e-03  8.434537e+00  3.000000e+00
 7.664180e-01 -5.956310e-02  9.034550e+00  3.000000e+00
 8.158146e-01 -4.783470e-02  1.030866e+01  3.000000e+00
 7.813617e-01 -5.955362e-02  9.413173e+00  3.000000e+00
 7.698466e-01  4.178760e-02  8.957704e+00  3.000000e+00
 8.283317e-01 -1.551392e-01  1.056371e+01  3.000000e+00
 8.584565e-01 -8.689857e-03  1.142663e+01  3.000000e+00
 9.247878e-01 -5.160653e-02  1.342338e+01  3.000000e+00
 9.162833e-01 -2.664529e-03  1.309217e+01  3.000000e+00
 8.053502e-01  1.692985e-02  9.932173e+00  3.000000e+00
 8.037211e-01 -5.583462e-04  9.927466e+00  3.000000e+00
 8.580254e-01 -4.998855e-02  1.146779e+01  3.000000e+00
 8.338518e-01  6.302686e-02  1.054836e+01  3.000000e+00
 9.072300e-01 -4.763713e-03  1.282655e+01  3.000000e+00
 9.049013e-01 -3.809747e-02  1.281197e+01  3.000000e+00
 8.047081e-01 -1.221142e-01  9.986101e+00  3.000000e+00
 8.214365e-01  3.087624e-02  1.032083e+01  3.000000e+00
 8.393693e-01  8.200749e-02  1.062159e+01  3.000000e+00
 8.533483e-01  9.571422e-03  1.124565e+01  3.000000e+00
 8.122696e-01 -1.078336e-01  1.020454e+01  3.000000e+00
 8.860394e-01 -5.247807e-02  1.227128e+01  3.000000e+00
 8.147753e-01  3.389189e-02  1.013519e+01  3.000000e+00
 7.845957e-01 -9.829428e-02  9.485802e+00  3.000000e+00
 7.864765e-01 -4.697406e-02  9.538937e+00  3.000000e+00
 7.802981e-01 -7.883707e-02  9.385756e+00  3.000000e+00
 8.102654e-01 -1.613098e-01  1.005915e+01  3.000000e+00
 7.969980e-01 -4.603658e-02  9.810837e+00  3.000000e+00
 8.414056e-01  8.107381e-03  1.091916e+01  3.000000e+00
 7.784181e-01 -2.710247e-02  9.315589e+00  3.000000e+00
 9.141313e-01  5.520260e-04  1.302059e+01  3.000000e+00
 8.103339e-01 -2.442651e-02  1.013997e+01  3.000000e+00
 7.997183e-01 -2.467841e-02  9.861254e+00  3.000000e+00
 8.766316e-01 -7.762666e-02  1.200822e+01  3.000000e+00
 9.029926e-01  2.728088e-04  1.269024e+01  3.000000e+00
 8.069801e-01 -9.448713e-02  1.007433e+01  3.000000e+00
 8.660458e-01 -3.120987e-02  1.167572e+01  3.000000e+00
 8.220164e-01 -5.304657e-02  1.047817e+01  3.000000e+00
 8.291725e-01 -8.685428e-02  1.067518e+01  3.000000e+00
 7.979604e-01 -7.619970e-03  9.790051e+00  3.000000e+00
 7.636941e-01 -6.250367e-02  8.966830e+00  3.000000e+00
 7.876672e-01 -2.307486e-02  9.547062e+00  3.000000e+00
 9.296442e-01 -3.311951e-02  1.355058e+01  3.000000e+00
 7.681829e-01  2.085883e-02  8.972862e+00  3.000000e+00
 8.369313e-01  8.857094e-03  1.079511e+01  3.000000e+00
 9.210937e-01 -5.341466e-03  1.324257e+01  3.000000e+00
 8.218434e-01  2.166566e-03  1.040187e+01  3.000000e+00
 7.230934e-01 -6.776738e-02  7.978898e+00  3.000000e+00
 8.766123e-01 -9.483606e-02  1.200397e+01  3.000000e+00
 8.307464e-01 -7.522549e-02  1.072044e+01  3.000000e+00
 7.394408e-01 -1.786249e-02  8.340289e+00  3.000000e+00
 8.597604e-01 -1.228470e-01  1.149730e+01  3.000000e+00
 7.237357e-01 -7.101898e-02  7.993550e+00  3.000000e+00
 8.157586e-01 -1.135770e-01  1.029207e+01  3.000000e+00
-5.272648e-01 -4.330332e-01  7.606240e-01  4.000000e+00
-4.485304e-01 -3.780185e-01  2.934554e-01  4.000000e+00
-4.535572e-01 -4.090379e-01 -1.720421e-02  4.000000e+00
-3.619478e-01 -3.646902e-01 -6.071514e-01  4.000000e+00
-4.306702e-01 -5.012622e-01 -1.600186e+00  4.000000e+00
-4.886119e-01 -4.793933e-01 -4.844642e-01  4.000000e+00
-4.059927e-01 -4.056638e-01 -5.870976e-01  4.000000e+00
-4.110530e-01 -4.064483e-01 -5.352163e-01  4.000000e+00
-4.360281e-01 -3.749222e-01  1.627129e-01  4.000000e+00
-4.164032e-01 -4.675181e-01 -1.283161e+00  4.000000e+00
-3.609393e-01 -4.655451e-01 -1.886347e+00  4.000000e+00
-3.937168e-01 -4.763616e-01 -1.679178e+00  4.000000e+00
-3.095880e-01 -4.095913e-01 -1.650891e+00  4.000000e+00
-4.051040e-01 -3.231530e-01  3.338733e-01  4.000000e+00
-3.656318e-01 -3.343958e-01 -2.407667e-01  4.000000e+00
-4.699101e-01 -3.930432e-01  4.098091e-01  4.000000e+00
-3.781014e-01 -3.405448e-01 -1.657336e-01  4.000000e+00
-4.261600e-01 -4.226012e-01 -5.519066e-01  4.000000e+00
-4.269797e-01 -3.618055e-01  1.952626e-01  4.000000e+00
-4.331121e-01 -3.960828e-01 -1.283814e-01  4.000000e+00
-3.952241e-01 -3.029132e-01  4.133321e-01  4.000000e+00
-3.114683e-01 -4.210077e-01 -1.776093e+00  4.000000e+00
-3.768983e-01 -4.270236e-01 -1.195673e+00  4.000000e+00
-4.812731e-01 -3.933764e-01  5.693789e-01  4.000000e+00
-4.423987e-01 -4.488642e-01 -6.921588e-01  4.000000e+00
-3.841767e-01 -3.392988e-01 -8.290527e-02  4.000000e+00
-5.392574e-01 -3.987691e-01  1.402675e+00  4.000000e+00
-4.937183e-01 -3.942390e-01  7.428126e-01  4.000000e+00
-3.170852e-01 -4.288631e-01 -1.825067e+00  4.000000e+00
-3.985575e-01 -3.737028e-01 -2.935263e-01  4.000000e+00
-4.395999e-01 -3.532178e-01  4.568087e-01  4.000000e+00
-4.342663e-01 -4.689662e-01 -1.079327e+00  4.000000e+00
-4.284809e-01 -3.405970e-01  4.477408e-01  4.000000e+00
-4.130636e-01 -3.096238e-01  5.678894e-01  4.000000e+00
-4.771781e-01 -3.501329e-01  1.015318e+00  4.000000e+00
-3.694773e-01 -4.579120e-01 -1.689681e+00  4.000000e+00
-3.366064e-01 -3.984620e-01 -1.261093e+00  4.000000e+00
-4.427449e-01 -2.869487e-01  1.172860e+00  4.000000e+00
-4.584908e-01 -3.447604e-01  8.076600e-01  4.000000e+00
-4.597394e-01 -3.777840e-01  4.502751e-01  4.000000e+00
-4.542258e-01 -5.215113e-01 -1.606997e+00  4.000000e+00
-4.904823e-01 -4.029969e-01  5.852985e-01  4.000000e+00
-4.240462e-01 -3.907720e-01 -1.804960e-01  4.000000e+00
-4.394681e-01 -2.989568e-01  1.015378e+00  4.000000e+00
-3.648620e-01 -4.186538e-01 -1.219784e+00  4.000000e+00
-4.631498e-01 -4.151149e-01  3.758591e-02  4.000000e+00
-4.008417e-01 -4.671341e-01 -1.464811e+00  4.000000e+00
-4.109655e-01 -4.157286e-01 -6.531978e-01  4.000000e+00
-4.404955e-01 -4.849428e-01 -1.230337e+00  4.000000e+00
-4.742850e-01 -3.754449e-01  6.839345e-01  4.000000e+00
-3.938893e-01 -4.729471e-01 -1.628315e+00  4.000000e+00
-4.597147e-01 -4.588243e-01 -5.977693e-01  4.000000e+00
-4.524091e-01 -4.413168e-01 -4.556522e-01  4.000000e+00
-5.300204e-01 -3.653382e-01  1.656893e+00  4.000000e+00
-4.582150e-01 -4.291995e-01 -2.143287e-01  4.000000e+00
-4.869375e-01 -3.278219e-01  1.400223e+00  4.000000e+00
-3.643540e-01 -3.821608e-01 -7.808363e-01  4.000000e+00
-4.232401e-01 -4.727081e-01 -1.272520e+00  4.000000e+00
-4.397751e-01 -2.841264e-01  1.158563e+00  4.000000e+00
-4.228055e-01 -3.390890e-01  3.905199e-01  4.000000e+00
-4.890775e-01 -3.909637e-01  7.138598e-01  4.000000e+00
-5.301246e-01 -3.646371e-01  1.666752e+00  4.000000e+00
-3.348232e-01 -4.435213e-01 -1.849457e+00  4.000000e+00
-4.003640e-01 -4.572994e-01 -1.332882e+00  4.000000e+00
-5.166682e-01 -3.637972e-01  1.460607e+00  4.000000e+00
-4.273349e-01 -2.902704e-01  9.361463e-01  4.000000e+00
-3.588781e-01 -4.281231e-01 -1.404608e+00  4.000000e+00
-3.880809e-01 -3.773776e-01 -4.593469e-01  4.000000e+00
-4.738613e-01 -4.251551e-01  5.806911e-02  4.000000e+00
-4.123196e-01 -3.930044e-01 -3.544721e-01  4.000000e+00
-4.264922e-01 -5.056775e-01 -1.719873e+00  4.000000e+00
-4.896845e-01 -4.410321e-01  7.477911e-02  4.000000e+00
-4.414747e-01 -3.390298e-01  6.362939e-01  4.000000e+00
-4.767613e-01 -4.361609e-01 -4.698468e-02  4.000000e+00
-4.365581e-01 -3.211038e-01  7.575707e-01  4.000000e+00
-4.360629e-01 -5.257503e-01 -1.911246e+00  4.000000e+00
-5.080602e-01 -3.946186e-01  9.564865e-01  4.000000e+00
-4.677542e-01 -4.063434e-01  2.138533e-01  4.000000e+00
-4.196859e-01 -3.858114e-01 -1.762105e-01  4.000000e+00
-3.847289e-01 -4.819430e-01 -1.861799e+00  4.000000e+00
-4.684952e-01 -3.286837e-01  1.121074e+00  4.000000e+00
-4.381333e-01 -4.167390e-01 -3.216916e-01  4.000000e+00
-4.148106e-01 -4.474724e-01 -1.024158e+00  4.000000e+00
-3.432953e-01 -4.394390e-01 -1.712076e+00  4.000000e+00
-4.160110e-01 -3.109454e-01  5.921466e-01  4.000000e+00
-4.050870e-01 -5.032772e-01 -1.943584e+00  4.000000e+00
-5.348798e-01 -4.259499e-01  9.785003e-01  4.000000e+00
-4.037277e-01 -3.931931e-01 -4.615877e-01  4.000000e+00
-3.928311e-01 -3.521584e-01 -1.197119e-01  4.000000e+00
-4.546921e-01 -2.963937e-01  1.248893e+00  4.000000e+00
-4.739466e-01 -3.639257e-01  8.129316e-01  4.000000e+00
-4.018853e-01 -3.365246e-01  1.563526e-01  4.000000e+00
-5.154156e-01 -3.856701e-01  1.181135e+00  4.000000e+00
-4.080557e-01 -4.684618e-01 -1.397861e+00  4.000000e+00
-3.061535e-01 -4.078566e-01 -1.660230e+00  4.000000e+00
-4.123272e-01 -4.346771e-01 -8.826843e-01  4.000000e+00
-3.844053e-01 -4.471528e-01 -1.378080e+00  4.000000e+00
-5.112639e-01 -4.454915e-01  3.390156e-01  4.000000e+00
-4.133530e-01 -3.886043e-01 -2.887106e-01  4.000000e+00
-4.361936e-01 -3.504544e-01  4.420448e-01  4.000000e+00
-5.482912e-02  5.303870e-02 -4.604194e-01  5.000000e+00
-2.007142e-02 -4.903283e-02 -5.306968e-01  5.000000e+00
 2.230333e-02  1.188223e-01 -6.617129e-01  5.000000e+00
-9.662184e-03  5.830523e-02 -5.234711e-01  5.000000e+00
-7.059188e-02  6.668743e-02 -4.422699e-01  5.000000e+00
-1.093273e-03 -6.232031e-02 -5.590028e-01  5.000000e+00
-4.700804e-02  4.681251e-03 -4.528075e-01  5.000000e+00
 7.822717e-02  3.648840e-02 -4.175894e-01  5.000000e+00
 7.184887e-02 -3.635828e-02 -4.331069e-01  5.000000e+00
-6.382214e-02 -4.078221e-02 -4.611509e-01  5.000000e+00
 1.541122e-02 -1.145571e-02 -4.936664e-01  5.000000e+00
 1.195043e-01 -1.012397e-02 -2.709709e-01  5.000000e+00
 1.221131e-02  8.653152e-02 -5.783906e-01  5.000000e+00
 3.217848e-03 -9.886068e-02 -6.463490e-01  5.000000e+00
-2.573444e-03 -1.207744e-01 -7.181570e-01  5.000000e+00
 6.597265e-03 -6.475157e-03 -4.943021e-01  5.000000e+00
 3.810697e-02  1.951490e-02 -4.750101e-01  5.000000e+00
-4.203747e-02  7.283539e-02 -5.107791e-01  5.000000e+00
-5.178922e-02  2.746825e-03 -4.452998e-01  5.000000e+00
 1.088125e-03  7.641140e-02 -5.569901e-01  5.000000e+00
 3.413384e-02 -3.403028e-02 -4.961095e-01  5.000000e+00
 5.852660e-02  9.789283e-04 -4.414300e-01  5.000000e+00
-4.776122e-02  5.099598e-02 -4.713371e-01  5.000000e+00
-4.882343e-02  2.785604e-02 -4.523358e-01  5.000000e+00
 1.919572e-02 -8.454928e-02 -5.992515e-01  5.000000e+00
-5.512717e-02 -1.936261e-02 -4.521929e-01  5.000000e+00
 5.905643e-02  3.407941e-02 -4.546382e-01  5.000000e+00
-9.393844e-02  2.325752e-02 -3.411885e-01  5.000000e+00
-6.774335e-02  6.393593e-02 -4.454605e-01  5.000000e+00
 8.929874e-02  2.404341e-02 -3.788587e-01  5.000000e+00
-1.138854e-02  5.804710e-02 -5.221547e-01  5.000000e+00
-5.851936e-02  7.517328e-02 -4.836921e-01  5.000000e+00
 1.082004e-02 -1.039412e-01 -6.581502e-01  5.000000e+00
-4.451989e-02  3.519302e-02 -4.633376e-01  5.000000e+00
 3.741051e-02 -6.327527e-03 -4.739312e-01  5.000000e+00
-5.575409e-03  4.903641e-02 -5.138334e-01  5.000000e+00
 3.110440e-02 -7.384610e-02 -5.631626e-01  5.000000e+00
 4.964761e-02 -2.956341e-02 -4.705718e-01  5.000000e+00
 1.580202e-02 -1.657868e-02 -4.963030e-01  5.000000e+00
 1.955055e-02  8.723344e-02 -5.783715e-01  5.000000e+00
-1.078354e-01  2.573592e-02 -2.946852e-01  5.000000e+00
 4.117846e-02  1.984824e-02 -4.715980e-01  5.000000e+00
-4.791859e-02 -9.290126e-02 -6.019737e-01  5.000000e+00
 4.374387e-02 -1.524038e-02 -4.694203e-01  5.000000e+00
 1.168450e-01  1.557199e-02 -2.855331e-01  5.000000e+00
 1.217462e-01 -1.115184e-02 -2.625283e-01  5.000000e+00
 7.696931e-03  1.047385e-01 -6.227379e-01  5.000000e+00
 5.453479e-02  2.605218e-02 -4.561044e-01  5.000000e+00
 3.199547e-03  9.031840e-02 -5.863644e-01  5.000000e+00
 8.582835e-03 -3.271678e-02 -5.128650e-01  5.000000e+00
-2.129833e-02 -3.677945e-02 -5.123168e-01  5.000000e+00
-6.205265e-02 -4.101287e-02 -4.650067e-01  5.000000e+00
 1.095806e-01  1.242019e-02 -3.097740e-01  5.000000e+00
-1.537036e-02  3.712283e-03 -4.871986e-01  5.000000e+00
-1.638018e-02  4.046450e-02 -4.995533e-01  5.000000e+00
 6.380199e-02  2.800099e-02 -4.410664e-01  5.000000e+00
-1.180539e-02  7.568410e-02 -5.499523e-01  5.000000e+00
 2.042011e-03 -4.674886e-02 -5.322335e-01  5.000000e+00
-2.442149e-02  1.499453e-02 -4.805130e-01  5.000000e+00
 1.006647e-01  7.704046e-03 -3.375007e-01  5.000000e+00
-1.738641e-03 -4.307258e-02 -5.271693e-01  5.000000e+00
 6.606666e-02 -6.845608e-02 -4.932234e-01  5.000000e+00
 4.265704e-02  7.602327e-02 -5.381365e-01  5.000000e+00
 8.286210e-02  1.345975e-02 -3.903094e-01  5.000000e+00
-5.708354e-02  2.137379e-03 -4.358090e-01  5.000000e+00
-6.681328e-02  6.493790e-02 -4.490754e-01  5.000000e+00
-7.428574e-02 -2.842256e-02 -4.215969e-01  5.000000e+00
 6.957426e-03  8.961487e-02 -5.853025e-01  5.000000e+00
 1.423098e-02  7.321222e-02 -5.512842e-01  5.000000e+00
-6.644021e-02  5.278196e-02 -4.350672e-01  5.000000e+00
-8.831526e-03 -1.722264e-02 -4.989744e-01  5.000000e+00
-4.963418e-04 -1.100241e-01 -6.815071e-01  5.000000e+00
 3.757516e-02 -5.276514e-02 -5.163421e-01  5.000000e+00
 2.062147e-02  3.889083e-03 -4.868800e-01  5.000000e+00
 8.729241e-02 -1.694884e-02 -3.793554e-01  5.000000e+00
-7.556429e-02  1.206477e-02 -3.928700e-01  5.000000e+00
-8.007216e-02 -1.128835e-02 -3.907312e-01  5.000000e+00
 5.496889e-02  3.313569e-03 -4.476789e-01  5.000000e+00
-5.273964e-02  7.779179e-02 -5.001526e-01  5.000000e+00
-1.193133e-02  3.523257e-02 -4.981923e-01  5.000000e+00
-6.039095e-02  1.632726e-02 -4.276594e-01  5.000000e+00
 4.812654e-02  2.559560e-02 -4.655439e-01  5.000000e+00
 4.434282e-04  6.939363e-02 -5.442845e-01  5.000000e+00
 8.261512e-02  7.706172e-03 -3.892116e-01  5.000000e+00
-6.879261e-02 -6.443293e-02 -4.940695e-01  5.000000e+00
-3.865321e-02  1.645538e-02 -4.647249e-01  5.000000e+00
 2.732273e-03 -1.312509e-01 -7.550439e-01  5.000000e+00
-2.298886e-02 -1.081604e-01 -6.720330e-01  5.000000e+00
-1.026046e-03  1.914693e-02 -4.936402e-01  5.000000e+00
-9.377265e-02 -2.247306e-03 -3.460650e-01  5.000000e+00
 4.780191e-02 -2.411489e-02 -4.690448e-01  5.000000e+00
-6.479942e-02 -1.751177e-02 -4.317350e-01  5.000000e+00
-7.135813e-02 -3.335974e-02 -4.345772e-01  5.000000e+00
-3.099708e-02  4.598839e-03 -4.741881e-01  5.000000e+00
-1.062583e-02 -1.171766e-01 -7.059301e-01  5.000000e+00
 3.157241e-02  1.060886e-01 -6.196013e-01  5.000000e+00
 6.589381e-02 -5.122971e-02 -4.648198e-01  5.000000e+00
-4.806046e-02 -9.102436e-02 -5.964233e-01  5.000000e+00
-1.857749e-02  7.456374e-02 -5.428135e-01  5.000000e+00
-1.271602e-02  1.074615e-01 -6.212986e-01  5.000000e+00
 4.201870e-01  3.851221e-01 -5.598819e-02  6.000000e+00
 4.715454e-01  4.958742e-01 -8.284627e-01  6.000000e+00
 4.400397e-01  4.367774e-01 -4.344731e-01  6.000000e+00
 3.923789e-01  4.172897e-01 -7.719349e-01  6.000000e+00
 3.766748e-01  4.619723e-01 -1.523746e+00  6.000000e+00
 5.202416e-01  4.316087e-01  7.804331e-01  6.000000e+00
 4.085361e-01  4.360014e-01 -8.177169e-01  6.000000e+00
 4.821015e-01  3.313554e-01  1.365970e+00  6.000000e+00
 4.273585e-01  4.961747e-01 -1.413626e+00  6.000000e+00
 4.099379e-01  4.382874e-01 -8.303809e-01  6.000000e+00
 4.092223e-01  4.829278e-01 -1.443539e+00  6.000000e+00
 5.009784e-01  4.677927e-01 -2.513840e-03  6.000000e+00
 4.429088e-01  4.651613e-01 -7.764319e-01  6.000000e+00
 3.983759e-01  4.353071e-01 -9.287698e-01  6.000000e+00
 4.329336e-01  3.486166e-01  5.078639e-01  6.000000e+00
 4.781324e-01  4.479974e-01 -6.416020e-02  6.000000e+00
 3.788387e-01  3.395257e-01 -5.461857e-02  6.000000e+00
 5.040417e-01  4.221976e-01  6.526117e-01  6.000000e+00
 4.661706e-01  4.389940e-01 -1.127371e-01  6.000000e+00
 4.496717e-01  3.241072e-01  9.804096e-01  6.000000e+00
 4.117991e-01  5.033014e-01 -1.707292e+00  6.000000e+00
 4.134626e-01  4.677230e-01 -1.180620e+00  6.000000e+00
 4.481335e-01  3.297337e-01  9.035164e-01  6.000000e+00
 3.913317e-01  4.919383e-01 -1.778975e+00  6.000000e+00
 3.576981e-01  4.512621e-01 -1.581725e+00  6.000000e+00
 4.743460e-01  3.063053e-01  1.498822e+00  6.000000e+00
 4.227205e-01  2.673913e-01  1.137373e+00  6.000000e+00
 4.550502e-01  3.690771e-01  5.813092e-01  6.000000e+00
 4.874736e-01  4.274430e-01  3.396084e-01  6.000000e+00
 4.363265e-01  3.860201e-01  1.394150e-01  6.000000e+00
 3.795281e-01  4.690923e-01 -1.589441e+00  6.000000e+00
 3.799244e-01  3.138299e-01  2.085116e-01  6.000000e+00
 4.089925e-01  3.507960e-01  1.831532e-01  6.000000e+00
 3.396549e-01  3.817741e-01 -9.185888e-01  6.000000e+00
 5.570616e-01  4.071052e-01  1.691590e+00  6.000000e+00
 4.960638e-01  4.583202e-01  5.577858e-02  6.000000e+00
 4.767669e-01  4.945516e-01 -7.362048e-01  6.000000e+00
 4.582176e-01  4.111307e-01  1.317809e-01  6.000000e+00
 4.358413e-01  2.786366e-01  1.214353e+00  6.000000e+00
 4.719628e-01  4.975885e-01 -8.478972e-01  6.000000e+00
 4.117871e-01  3.174302e-01  5.528542e-01  6.000000e+00
 3.527126e-01  3.485293e-01 -4.293787e-01  6.000000e+00
 5.655661e-01  3.940832e-01  1.996665e+00  6.000000e+00
 4.329478e-01  4.513949e-01 -7.180116e-01  6.000000e+00
 4.485512e-01  3.143688e-01  1.060049e+00  6.000000e+00
 4.319402e-01  2.997876e-01  9.751639e-01  6.000000e+00
 4.225055e-01  4.043224e-01 -2.526448e-01  6.000000e+00
 4.048757e-01  4.467953e-01 -1.001629e+00  6.000000e+00
 5.495793e-01  3.785393e-01  1.910043e+00  6.000000e+00
 4.694542e-01  3.211802e-01  1.284978e+00  6.000000e+00
 4.814870e-01  3.210633e-01  1.460120e+00  6.000000e+00
 4.516880e-01  3.513557e-01  7.283551e-01  6.000000e+00
 4.614355e-01  3.779710e-01  5.689684e-01  6.000000e+00
 3.086392e-01  3.958677e-01 -1.368506e+00  6.000000e+00
 4.482012e-01  4.893188e-01 -1.047939e+00  6.000000e+00
 3.549029e-01  4.525075e-01 -1.626716e+00  6.000000e+00
 3.521620e-01  4.016318e-01 -1.020521e+00  6.000000e+00
 4.462334e-01  4.260082e-01 -2.151677e-01  6.000000e+00
 3.886495e-01  3.889155e-01 -4.770460e-01  6.000000e+00
 5.293012e-01  4.212961e-01  1.056574e+00  6.000000e+00
 4.889936e-01  3.568764e-01  1.198831e+00  6.000000e+00
 4.676829e-01  3.032405e-01  1.431976e+00  6.000000e+00
 3.752313e-01  4.208257e-01 -1.007787e+00  6.000000e+00
 5.042290e-01  4.072685e-01  8.424526e-01  6.000000e+00
 4.140687e-01  3.123543e-01  6.295911e-01  6.000000e+00
 4.758648e-01  4.571176e-01 -2.193973e-01  6.000000e+00
 3.999396e-01  4.597215e-01 -1.231701e+00  6.000000e+00
 4.411776e-01  2.867185e-01  1.215246e+00  6.000000e+00
 3.685804e-01  3.501554e-01 -2.772397e-01  6.000000e+00
 3.743329e-01  4.702933e-01 -1.662295e+00  6.000000e+00
 3.850147e-01  4.153991e-01 -8.325491e-01  6.000000e+00
 4.845481e-01  3.269595e-01  1.446355e+00  6.000000e+00
 4.711834e-01  3.085434e-01  1.432036e+00  6.000000e+00
 4.010321e-01  2.932684e-01  6.445128e-01  6.000000e+00
 4.553309e-01  3.115914e-01  1.179626e+00  6.000000e+00
 3.971863e-01  3.201966e-01  3.488230e-01  6.000000e+00
 5.575424e-01  3.912861e-01  1.893333e+00  6.000000e+00
 3.815318e-01  4.844239e-01 -1.780825e+00  6.000000e+00
 4.126908e-01  4.720765e-01 -1.250031e+00  6.000000e+00
 3.887808e-01  4.277093e-01 -9.426337e-01  6.000000e+00
 3.649026e-01  3.546928e-01 -3.644581e-01  6.000000e+00
 3.362944e-01  4.130284e-01 -1.314110e+00  6.000000e+00
 4.337068e-01  2.979066e-01  1.015545e+00  6.000000e+00
 4.218182e-01  3.347655e-01  5.079026e-01  6.000000e+00
 4.064131e-01  5.012400e-01 -1.740614e+00  6.000000e+00
 4.418744e-01  4.925112e-01 -1.176496e+00  6.000000e+00
 4.329718e-01  4.834403e-01 -1.159787e+00  6.000000e+00
 4.398198e-01  3.958677e-01  6.987866e-02  6.000000e+00
 5.619519e-01  3.898906e-01  1.985195e+00  6.000000e+00
 4.755262e-01  3.252470e-01  1.331829e+00  6.000000e+00
 4.895199e-01  3.529677e-01  1.248978e+00  6.000000e+00
 4.438126e-01  3.614717e-01  5.134520e-01  6.000000e+00
 4.311000e-01  3.120810e-01  8.494873e-01  6.000000e+00
 4.486316e-01  3.087964e-01  1.114254e+00  6.000000e+00
 5.558908e-01  3.896530e-01  1.884957e+00  6.000000e+00
 3.945835e-01  3.283558e-01  2.384870e-01  6.000000e+00
 4.271755e-01  2.633923e-01  1.227897e+00  6.000000e+00
 3.700552e-01  3.645042e-01 -4.129682e-01  6.000000e+00
 3.714063e-01  4.585967e-01 -1.535202e+00  6.000000e+00
 4.136170e-01  3.031857e-01  7.095239e-01  6.000000e+00
-7.285037e-01  6.286646e-03  8.162371e+00  7.000000e+00
-7.485033e-01  4.155336e-03  8.640861e+00  7.000000e+00
-8.505455e-01  1.728192e-02  1.134150e+01  7.000000e+00
-8.028403e-01  1.567970e-01  1.004459e+01  7.000000e+00
-8.256045e-01  4.345907e-02  1.069695e+01  7.000000e+00
-7.743786e-01  7.528288e-02  9.370480e+00  7.000000e+00
-7.733505e-01 -5.045361e-02  9.100179e+00  7.000000e+00
-8.505073e-01  6.278769e-02  1.140397e+01  7.000000e+00
-8.052843e-01  8.245686e-02  1.017709e+01  7.000000e+00
-7.798970e-01  1.134456e-02  9.440649e+00  7.000000e+00
-8.503595e-01 -1.372006e-02  1.126062e+01  7.000000e+00
-9.156327e-01  6.154430e-02  1.330182e+01  7.000000e+00
-8.757955e-01  5.429334e-02  1.211615e+01  7.000000e+00
-7.510519e-01 -2.812506e-03  8.688003e+00  7.000000e+00
-7.473009e-01 -6.779054e-03  8.586904e+00  7.000000e+00
-9.026545e-01 -4.326599e-03  1.279002e+01  7.000000e+00
-7.084894e-01  5.237011e-02  7.752492e+00  7.000000e+00
-8.876442e-01  7.733010e-02  1.247911e+01  7.000000e+00
-8.422040e-01 -4.570987e-04  1.106996e+01  7.000000e+00
-9.096529e-01  6.109525e-02  1.312103e+01  7.000000e+00
-9.477091e-01  4.648794e-02  1.427075e+01  7.000000e+00
-7.972043e-01  2.359451e-02  9.910631e+00  7.000000e+00
-8.263518e-01  8.167747e-02  1.074456e+01  7.000000e+00
-8.775215e-01  1.432626e-02  1.210106e+01  7.000000e+00
-8.086840e-01 -5.985243e-02  9.973442e+00  7.000000e+00
-9.118482e-01  1.035444e-02  1.310177e+01  7.000000e+00
-8.521421e-01  8.381180e-02  1.146021e+01  7.000000e+00
-8.498193e-01  2.331882e-02  1.133290e+01  7.000000e+00
-8.289352e-01 -8.598285e-02  1.039761e+01  7.000000e+00
-7.672332e-01  1.696340e-02  9.130409e+00  7.000000e+00
-7.836454e-01  1.317186e-01  9.579111e+00  7.000000e+00
-8.434061e-01  5.818617e-02  1.120181e+01  7.000000e+00
-7.967686e-01 -1.860079e-02  9.803209e+00  7.000000e+00
-7.443551e-01  8.932570e-02  8.618316e+00  7.000000e+00
-7.744918e-01 -4.283501e-03  9.268895e+00  7.000000e+00
-8.612039e-01  1.327445e-01  1.169536e+01  7.000000e+00
-8.271181e-01  4.428452e-02  1.073912e+01  7.000000e+00
-7.445738e-01  4.506052e-02  8.607518e+00  7.000000e+00
-8.232087e-01  1.304555e-01  1.063537e+01  7.000000e+00
-8.943673e-01  3.564069e-02  1.263276e+01  7.000000e+00
-9.075680e-01  1.283023e-02  1.297947e+01  7.000000e+00
-7.676274e-01 -3.984768e-02  8.993872e+00  7.000000e+00
-8.369533e-01  1.311742e-01  1.101328e+01  7.000000e+00
-8.869472e-01  3.981068e-02  1.242154e+01  7.000000e+00
-7.561555e-01  9.177510e-02  8.909942e+00  7.000000e+00
-8.284732e-01  3.244815e-02  1.075968e+01  7.000000e+00
-8.105424e-01  1.964721e-02  1.025543e+01  7.000000e+00
-7.750515e-01  4.960204e-02  9.372823e+00  7.000000e+00
-7.204442e-01  4.244816e-02  8.024724e+00  7.000000e+00
-8.540171e-01  8.795470e-02  1.151373e+01  7.000000e+00
-8.823025e-01  8.861414e-02  1.232629e+01  7.000000e+00
-8.228751e-01  1.127154e-01  1.064237e+01  7.000000e+00
-7.620185e-01  2.416398e-02  9.011947e+00  7.000000e+00
-8.497327e-01  9.730856e-02  1.139262e+01  7.000000e+00
-8.130503e-01 -8.550192e-02  9.976429e+00  7.000000e+00
-8.470524e-01  3.206153e-02  1.127083e+01  7.000000e+00
-7.927592e-01  5.450418e-02  9.833815e+00  7.000000e+00
-7.418885e-01  3.509699e-02  8.531021e+00  7.000000e+00
-8.818248e-01 -1.525867e-02  1.214890e+01  7.000000e+00
-8.086123e-01 -4.510297e-02  1.002777e+01  7.000000e+00
-9.293480e-01  2.110678e-02  1.365631e+01  7.000000e+00
-8.148727e-01  1.423917e-02  1.036047e+01  7.000000e+00
-7.549052e-01 -3.069148e-02  8.707858e+00  7.000000e+00
-8.140159e-01 -4.218810e-02  1.018111e+01  7.000000e+00
-9.108061e-01  1.980720e-02  1.309173e+01  7.000000e+00
-8.373776e-01  6.768276e-02  1.104177e+01  7.000000e+00
-7.282224e-01  5.794220e-02  8.221794e+00  7.000000e+00
-9.241717e-01  4.707672e-02  1.354399e+01  7.000000e+00
-7.883956e-01  9.375043e-03  9.654925e+00  7.000000e+00
-8.567969e-01 -1.152294e-02  1.144683e+01  7.000000e+00
-7.606747e-01 -1.143130e-02  8.904655e+00  7.000000e+00
-9.057410e-01  5.830052e-02  1.300089e+01  7.000000e+00
-8.520204e-01  1.139857e-01  1.145049e+01  7.000000e+00
-8.299298e-01 -1.003194e-01  1.035299e+01  7.000000e+00
-8.937745e-01 -2.650906e-02  1.246094e+01  7.000000e+00
-7.301236e-01  6.941589e-04  8.189424e+00  7.000000e+00
-8.218759e-01 -8.190079e-02  1.022760e+01  7.000000e+00
-7.265785e-01  8.687609e-03  8.121269e+00  7.000000e+00
-7.844056e-01  6.553485e-02  9.624415e+00  7.000000e+00
-8.571328e-01 -2.735611e-02  1.140813e+01  7.000000e+00
-8.916322e-01 -2.774713e-02  1.239416e+01  7.000000e+00
-8.777704e-01 -3.284478e-02  1.197533e+01  7.000000e+00
-8.802171e-01  6.761940e-02  1.225629e+01  7.000000e+00
-8.241322e-01  2.023917e-02  1.062105e+01  7.000000e+00
-9.414863e-01  3.512714e-02  1.405811e+01  7.000000e+00
-7.739934e-01  8.010626e-02  9.361411e+00  7.000000e+00
-8.147215e-01  1.106645e-01  1.042256e+01  7.000000e+00
-7.514432e-01  6.135829e-02  8.788775e+00  7.000000e+00
-7.961315e-01  6.911130e-02  9.931529e+00  7.000000e+00
-7.479182e-01 -2.034600e-02  8.566939e+00  7.000000e+00
-7.497332e-01  2.761479e-02  8.712793e+00  7.000000e+00
-8.667347e-01 -3.402382e-05  1.175836e+01  7.000000e+00
-9.295921e-01  3.889161e-02  1.369735e+01  7.000000e+00
-8.288240e-01 -3.867948e-02  1.059025e+01  7.000000e+00
-8.108414e-01 -7.693155e-02  9.957665e+00  7.000000e+00
-7.404519e-01 -1.530411e-02  8.399291e+00  7.000000e+00
-7.636177e-01  1.102076e-02  9.028632e+00  7.000000e+00
-8.207631e-01 -3.952568e-02  1.037035e+01  7.000000e+00
-9.299137e-01  4.858876e-02  1.372188e+01  7.000000e+00
-7.864497e-01  8.824347e-02  9.682170e+00  7.000000e+00
-3.018153e-01  4.458420e-01 -1.277417e+00  8.000000e+00
-4.378089e-01  4.394345e-01  5.879005e-01  8.000000e+00
-4.099600e-01  4.858513e-01 -3.577353e-01  8.000000e+00
-3.906326e-01  5.469508e-01 -1.425196e+00  8.000000e+00
-4.152483e-01  3.747323e-01  8.861363e-01  8.000000e+00
-4.456068e-01  4.549664e-01  5.400631e-01  8.000000e+00
-4.366609e-01  4.773492e-01  1.451270e-01  8.000000e+00
-4.061392e-01  3.979125e-01  5.397783e-01  8.000000e+00
-4.800573e-01  4.138421e-01  1.529390e+00  8.000000e+00
-4.637528e-01  4.668919e-01  6.967071e-01  8.000000e+00
-4.505788e-01  4.096794e-01  1.091959e+00  8.000000e+00
-2.984327e-01  4.070205e-01 -8.989587e-01  8.000000e+00
-4.026594e-01  5.233074e-01 -9.349713e-01  8.000000e+00
-4.477670e-01  4.124430e-01  1.020538e+00  8.000000e+00
-3.562894e-01  4.778038e-01 -9.984501e-01  8.000000e+00
-4.094343e-01  4.192133e-01  3.758732e-01  8.000000e+00
-3.799737e-01  5.184229e-01 -1.191254e+00  8.000000e+00
-3.681271e-01  3.737139e-01  2.485341e-01  8.000000e+00
-3.441071e-01  3.701486e-01 -2.098010e-02  8.000000e+00
-3.845453e-01  3.933975e-01  2.828711e-01  8.000000e+00
-3.420689e-01  3.982364e-01 -3.102611e-01  8.000000e+00
-3.976330e-01  3.831550e-01  5.590185e-01  8.000000e+00
-4.369704e-01  4.792414e-01  1.276614e-01  8.000000e+00
-4.243086e-01  5.073784e-01 -4.094333e-01  8.000000e+00
-2.810876e-01  4.570803e-01 -1.627022e+00  8.000000e+00
-4.384527e-01  4.689114e-01  2.709084e-01  8.000000e+00
-3.936506e-01  5.516181e-01 -1.446958e+00  8.000000e+00
-4.170094e-01  4.152942e-01  5.257760e-01  8.000000e+00
-3.687017e-01  5.454883e-01 -1.707658e+00  8.000000e+00
-3.436821e-01  4.052936e-01 -3.604332e-01  8.000000e+00
-3.568604e-01  3.681775e-01  1.545084e-01  8.000000e+00
-3.829176e-01  3.231278e-01  8.647655e-01  8.000000e+00
-4.363097e-01  4.217119e-01  7.499368e-01  8.000000e+00
-3.989354e-01  5.204956e-01 -9.519294e-01  8.000000e+00
-4.255749e-01  4.767283e-01 -1.707757e-02  8.000000e+00
-3.193169e-01  4.079614e-01 -6.761757e-01  8.000000e+00
-4.558162e-01  4.176291e-01  1.095962e+00  8.000000e+00
-4.008903e-01  3.286842e-01  1.066570e+00  8.000000e+00
-4.933281e-01  4.758417e-01  1.091735e+00  8.000000e+00
-3.574983e-01  4.940989e-01 -1.181522e+00  8.000000e+00
-3.611769e-01  3.728755e-01  1.668618e-01  8.000000e+00
-4.208345e-01  3.857795e-01  8.671132e-01  8.000000e+00
-4.922453e-01  4.266240e-01  1.607664e+00  8.000000e+00
-4.268351e-01  3.768983e-01  1.036865e+00  8.000000e+00
-3.112048e-01  4.879034e-01 -1.668469e+00  8.000000e+00
-4.076712e-01  4.501480e-01  2.149520e-02  8.000000e+00
-2.893950e-01  4.566388e-01 -1.534750e+00  8.000000e+00
-5.090664e-01  4.557926e-01  1.593349e+00  8.000000e+00
-3.349246e-01  4.228231e-01 -6.463430e-01  8.000000e+00
-3.113746e-01  4.408714e-01 -1.115441e+00  8.000000e+00
-4.504908e-01  4.778326e-01  3.565556e-01  8.000000e+00
-4.773945e-01  4.222790e-01  1.400734e+00  8.000000e+00
-4.937098e-01  4.512560e-01  1.373703e+00  8.000000e+00
-4.173862e-01  4.202300e-01  4.812467e-01  8.000000e+00
-3.529245e-01  4.651128e-01 -8.917568e-01  8.000000e+00
-4.634596e-01  4.739915e-01  6.104682e-01  8.000000e+00
-4.202698e-01  3.545185e-01  1.134549e+00  8.000000e+00
-5.001031e-01  4.463664e-01  1.537443e+00  8.000000e+00
-3.153998e-01  4.155424e-01 -7.985485e-01  8.000000e+00
-3.419671e-01  4.561846e-01 -9.261278e-01  8.000000e+00
-4.399026e-01  3.761709e-01  1.240575e+00  8.000000e+00
-3.346371e-01  5.075797e-01 -1.639524e+00  8.000000e+00
-4.382511e-01  4.691715e-01  2.647899e-01  8.000000e+00
-3.174173e-01  3.902897e-01 -5.230006e-01  8.000000e+00
-4.309036e-01  3.652182e-01  1.200647e+00  8.000000e+00
-4.625897e-01  3.979231e-01  1.396648e+00  8.000000e+00
-4.080180e-01  5.472958e-01 -1.178854e+00  8.000000e+00
-3.314446e-01  4.573242e-01 -1.067125e+00  8.000000e+00
-3.647984e-01  5.142240e-01 -1.341295e+00  8.000000e+00
-3.945314e-01  3.108979e-01  1.112285e+00  8.000000e+00
-4.458250e-01  4.757491e-01  3.069817e-01  8.000000e+00
-3.833891e-01  5.025837e-01 -9.414046e-01  8.000000e+00
-3.890590e-01  5.749804e-01 -1.845112e+00  8.000000e+00
-4.482355e-01  3.839632e-01  1.298953e+00  8.000000e+00
-4.257271e-01  4.336150e-01  4.660585e-01  8.000000e+00
-4.151056e-01  5.346931e-01 -9.027491e-01  8.000000e+00
-3.683603e-01  3.669901e-01  3.118425e-01  8.000000e+00
-3.376263e-01  3.965719e-01 -3.477349e-01  8.000000e+00
-3.975101e-01  4.947767e-01 -6.461759e-01  8.000000e+00
-3.841688e-01  5.232182e-01 -1.196095e+00  8.000000e+00
-3.220853e-01  4.214747e-01 -7.837012e-01  8.000000e+00
-4.556002e-01  4.582651e-01  6.619602e-01  8.000000e+00
-3.144263e-01  3.864335e-01 -5.197688e-01  8.000000e+00
-3.720141e-01  4.351114e-01 -3.084324e-01  8.000000e+00
-3.910235e-01  5.508404e-01 -1.473515e+00  8.000000e+00
-3.372005e-01  4.469559e-01 -8.803144e-01  8.000000e+00
-4.360968e-01  5.123156e-01 -2.909843e-01  8.000000e+00
-3.639873e-01  5.181263e-01 -1.402787e+00  8.000000e+00
-4.436212e-01  5.141372e-01 -1.962297e-01  8.000000e+00
-4.701271e-01  4.642370e-01  8.315024e-01  8.000000e+00
-5.055691e-01  4.213399e-01  1.892320e+00  8.000000e+00
-3.472777e-01  4.769291e-01 -1.102489e+00  8.000000e+00
-3.959680e-01  4.071994e-01  3.055960e-01  8.000000e+00
-3.909183e-01  3.734652e-01  5.545423e-01  8.000000e+00
-3.359739e-01  5.200748e-01 -1.785848e+00  8.000000e+00
-4.341705e-01  4.930493e-01 -8.108930e-02  8.000000e+00
-4.358476e-01  4.433108e-01  5.161030e-01  8.000000e+00
-4.208576e-01  4.555039e-01  1.554372e-01  8.000000e+00
-3.628534e-01  5.344786e-01 -1.635152e+00  8.000000e+00
-3.853913e-01  3.387095e-01  7.756975e-01  8.000000e+00
-4.504004e-02  8.779135e-01 -1.079458e+01  9.000000e+00
 2.472007e-02  8.582027e-01 -1.051374e+01  9.000000e+00
 2.416682e-02  8.556980e-01 -1.045363e+01  9.000000e+00
 1.463280e-02  7.945938e-01 -9.048865e+00  9.000000e+00
 3.378557e-02  8.032341e-01 -9.266226e+00  9.000000e+00
 6.930667e-02  9.466308e-01 -1.276943e+01  9.000000e+00
 4.102075e-02  8.169553e-01 -9.580369e+00  9.000000e+00
 7.312031e-02  9.405934e-01 -1.261198e+01  9.000000e+00
 1.099575e-01  7.968662e-01 -9.116880e+00  9.000000e+00
 2.245958e-03  9.096417e-01 -1.172367e+01  9.000000e+00
-6.532418e-02  8.551616e-01 -1.017057e+01  9.000000e+00
 1.696768e-02  8.535136e-01 -1.038993e+01  9.000000e+00
 8.896156e-02  8.810468e-01 -1.110068e+01  9.000000e+00
-7.641596e-02  8.393349e-01 -9.753453e+00  9.000000e+00
 2.217564e-02  7.953288e-01 -9.077018e+00  9.000000e+00
 8.615730e-02  8.234768e-01 -9.738113e+00  9.000000e+00
-3.287184e-03  7.972292e-01 -9.070387e+00  9.000000e+00
 1.132639e-01  8.649120e-01 -1.068754e+01  9.000000e+00
 5.000713e-02  7.237727e-01 -7.606557e+00  9.000000e+00
 9.301114e-02  8.830274e-01 -1.114727e+01  9.000000e+00
 6.690487e-02  9.417373e-01 -1.263986e+01  9.000000e+00
-4.603577e-02  8.139787e-01 -9.310778e+00  9.000000e+00
 3.726327e-02  7.377210e-01 -7.879347e+00  9.000000e+00
-7.597949e-04  8.688526e-01 -1.071647e+01  9.000000e+00
 1.021869e-01  8.432641e-01 -1.018476e+01  9.000000e+00
 1.135882e-01  7.895774e-01 -8.950863e+00  9.000000e+00
 3.891475e-02  7.326651e-01 -7.778400e+00  9.000000e+00
-1.653695e-02  8.425895e-01 -1.005692e+01  9.000000e+00
 5.740533e-02  7.935972e-01 -9.071156e+00  9.000000e+00
 3.063035e-02  8.911157e-01 -1.131819e+01  9.000000e+00
 2.836038e-02  9.469536e-01 -1.273561e+01  9.000000e+00
 7.747605e-02  7.572766e-01 -8.291500e+00  9.000000e+00
 6.244562e-03  7.666675e-01 -8.434827e+00  9.000000e+00
 1.150755e-01  8.694468e-01 -1.079491e+01  9.000000e+00
-2.391747e-02  8.153632e-01 -9.416292e+00  9.000000e+00
 3.781089e-02  8.540058e-01 -1.043220e+01  9.000000e+00
 1.384981e-01  8.666701e-01 -1.068789e+01  9.000000e+00
 3.433113e-02  8.329512e-01 -9.937585e+00  9.000000e+00
 6.498372e-02  8.321540e-01 -9.940564e+00  9.000000e+00
 6.453866e-02  7.920462e-01 -9.038747e+00  9.000000e+00
 3.562884e-02  7.764718e-01 -8.685597e+00  9.000000e+00
-1.780773e-02  8.794311e-01 -1.092474e+01  9.000000e+00
 1.923233e-02  7.244796e-01 -7.593328e+00  9.000000e+00
-8.183424e-02  8.521184e-01 -1.002166e+01  9.000000e+00
 3.366301e-02  9.586431e-01 -1.305313e+01  9.000000e+00
 5.207431e-02  7.941599e-01 -9.081222e+00  9.000000e+00
 7.325109e-02  7.836874e-01 -8.856091e+00  9.000000e+00
 4.828729e-02  9.397329e-01 -1.257377e+01  9.000000e+00
 2.875293e-02  9.148249e-01 -1.190774e+01  9.000000e+00
 3.662926e-02  8.285633e-01 -9.839586e+00  9.000000e+00
 7.526767e-02  8.897585e-01 -1.131803e+01  9.000000e+00
 3.045567e-02  8.871976e-01 -1.122158e+01  9.000000e+00
 9.179843e-02  8.784291e-01 -1.103520e+01  9.000000e+00
 1.786257e-02  7.740295e-01 -8.610771e+00  9.000000e+00
 5.209033e-02  9.130312e-01 -1.189065e+01  9.000000e+00
 1.309947e-01  8.595236e-01 -1.053019e+01  9.000000e+00
 1.277891e-01  8.111164e-01 -9.407310e+00  9.000000e+00
-3.986611e-02  8.864805e-01 -1.102152e+01  9.000000e+00
 3.513989e-03  7.381266e-01 -7.840890e+00  9.000000e+00
 1.333203e-01  8.572292e-01 -1.047076e+01  9.000000e+00
 2.756067e-02  7.379786e-01 -7.874916e+00  9.000000e+00
-7.561663e-02  8.528118e-01 -1.006818e+01  9.000000e+00
 2.664706e-02  7.072414e-01 -7.263929e+00  9.000000e+00
-2.995390e-02  7.742208e-01 -8.503278e+00  9.000000e+00
-5.735974e-02  8.729489e-01 -1.062549e+01  9.000000e+00
 7.061576e-02  7.694260e-01 -8.550039e+00  9.000000e+00
-1.268652e-02  8.010273e-01 -9.130474e+00  9.000000e+00
 7.679283e-02  7.766568e-01 -8.703273e+00  9.000000e+00
-3.032183e-02  9.028958e-01 -1.145921e+01  9.000000e+00
-2.556039e-02  8.656010e-01 -1.056912e+01  9.000000e+00
 9.262766e-02  8.513932e-01 -1.038409e+01  9.000000e+00
 3.074702e-02  7.410798e-01 -7.941478e+00  9.000000e+00
-1.334862e-02  9.241167e-01 -1.204757e+01  9.000000e+00
 4.494734e-02  8.626042e-01 -1.064368e+01  9.000000e+00
-1.271966e-02  7.881203e-01 -8.849347e+00  9.000000e+00
 1.793069e-02  8.351894e-01 -9.965155e+00  9.000000e+00
-7.903240e-02  8.324304e-01 -9.583622e+00  9.000000e+00
 9.095712e-02  8.473621e-01 -1.028990e+01  9.000000e+00
 1.823274e-02  8.542476e-01 -1.040948e+01  9.000000e+00
 8.680129e-02  9.032353e-01 -1.165252e+01  9.000000e+00
 5.660758e-02  7.454268e-01 -8.047201e+00  9.000000e+00
-2.244041e-02  9.140886e-01 -1.176538e+01  9.000000e+00
-4.078710e-02  8.963905e-01 -1.126050e+01  9.000000e+00
 8.852008e-02  7.734864e-01 -8.629041e+00  9.000000e+00
 6.229476e-02  7.412084e-01 -7.961440e+00  9.000000e+00
 1.317378e-01  8.769545e-01 -1.095182e+01  9.000000e+00
 5.146963e-02  8.016000e-01 -9.244903e+00  9.000000e+00
 1.026776e-03  8.277084e-01 -9.760352e+00  9.000000e+00
 6.048604e-02  8.897325e-01 -1.131349e+01  9.000000e+00
 6.447741e-02  8.537439e-01 -1.044484e+01  9.000000e+00
 3.938552e-02  7.778417e-01 -8.718457e+00  9.000000e+00
 8.465843e-02  7.606395e-01 -8.358477e+00  9.000000e+00
 9.033344e-02  8.971957e-01 -1.149980e+01  9.000000e+00
 4.380832e-02  7.758179e-01 -8.678670e+00  9.000000e+00
 5.568434e-02  8.688595e-01 -1.080186e+01  9.000000e+00
 7.362187e-02  8.788140e-01 -1.104904e+01  9.000000e+00
 1.739688e-02  9.162345e-01 -1.192324e+01  9.000000e+00
 1.291695e-01  8.084626e-01 -9.344728e+00  9.000000e+00
 4.313870e-02  7.445039e-01 -8.022159e+00  9.000000e+00
 9.109434e-04  9.350880e-01 -1.236841e+01  9.000000e+00
