-2.288530e-02 -1.233814e-01 -1.950454e-01  1.000000e+00
-2.723759e-02 -1.217721e-01 -2.057649e-01  1.000000e+00
-1.541234e-02 -1.223769e-01 -2.126522e-01  1.000000e+00
-1.241466e-02 -1.234885e-01 -2.075696e-01  1.000000e+00
-2.248942e-02 -1.225279e-01 -1.808453e-01  1.000000e+00
-1.026359e-02 -1.245440e-01 -1.988590e-01  1.000000e+00
-2.450531e-02 -1.220264e-01 -1.795109e-01  1.000000e+00
-2.861470e-02 -1.220677e-01 -1.902365e-01  1.000000e+00
-2.028912e-02 -1.238121e-01 -1.948888e-01  1.000000e+00
-3.489177e-02 -1.202706e-01 -1.867831e-01  1.000000e+00
-1.990327e-02 -1.238485e-01 -1.936591e-01  1.000000e+00
-2.838226e-02 -1.211620e-01 -1.783018e-01  1.000000e+00
-2.137214e-02 -1.214081e-01 -1.714566e-01  1.000000e+00
-1.298254e-02 -1.242339e-01 -2.025137e-01  1.000000e+00
-8.167896e-03 -1.246181e-01 -1.844077e-01  1.000000e+00
-9.500627e-03 -1.247141e-01 -1.880543e-01  1.000000e+00
-3.520233e-02 -1.198050e-01 -1.972346e-01  1.000000e+00
-1.696848e-02 -1.228616e-01 -1.766505e-01  1.000000e+00
-2.805968e-02 -1.221042e-01 -2.002228e-01  1.000000e+00
-1.480721e-02 -1.231019e-01 -1.761803e-01  1.000000e+00
-2.420828e-02 -1.221975e-01 -1.805347e-01  1.000000e+00
-2.404141e-02 -1.220780e-01 -1.792619e-01  1.000000e+00
-2.079078e-02 -1.217586e-01 -1.730732e-01  1.000000e+00
-2.519289e-02 -1.229318e-01 -1.950357e-01  1.000000e+00
-1.370423e-02 -1.234695e-01 -1.779102e-01  1.000000e+00
-7.772275e-03 -1.245166e-01 -1.979642e-01  1.000000e+00
-2.163563e-02 -1.235884e-01 -1.943002e-01  1.000000e+00
-3.059218e-02 -1.214983e-01 -1.977560e-01  1.000000e+00
-2.061490e-02 -1.237661e-01 -1.971665e-01  1.000000e+00
-3.541951e-02 -1.200411e-01 -1.930339e-01  1.000000e+00
-2.976263e-02 -1.216385e-01 -1.868448e-01  1.000000e+00
-2.335966e-02 -1.229208e-01 -2.043469e-01  1.000000e+00
-1.319332e-02 -1.245809e-01 -1.920313e-01  1.000000e+00
-1.680672e-02 -1.239329e-01 -1.866585e-01  1.000000e+00
-2.906230e-02 -1.213457e-01 -1.812315e-01  1.000000e+00
-2.410780e-02 -1.222673e-01 -1.810011e-01  1.000000e+00
-3.272803e-02 -1.205789e-01 -1.997910e-01  1.000000e+00
-2.202300e-02 -1.229286e-01 -2.065732e-01  1.000000e+00
-3.490139e-02 -1.200449e-01 -1.961256e-01  1.000000e+00
-1.261236e-02 -1.242837e-01 -1.848387e-01  1.000000e+00
-3.284711e-02 -1.209390e-01 -1.892675e-01  1.000000e+00
-7.132808e-03 -1.247440e-01 -1.939840e-01  1.000000e+00
-2.141329e-02 -1.233763e-01 -2.033080e-01  1.000000e+00
-3.025958e-02 -1.214604e-01 -1.858310e-01  1.000000e+00
-2.993967e-02 -1.216487e-01 -1.878037e-01  1.000000e+00
-1.588990e-02 -1.227720e-01 -1.748885e-01  1.000000e+00
-1.189791e-02 -1.240840e-01 -2.037788e-01  1.000000e+00
-2.390795e-02 -1.222742e-01 -2.083206e-01  1.000000e+00
-1.296541e-02 -1.240607e-01 -2.040681e-01  1.000000e+00
-1.781876e-02 -1.221576e-01 -1.726781e-01  1.000000e+00
-9.726666e-03 -1.242197e-01 -2.019574e-01  1.000000e+00
-2.662866e-02 -1.209175e-01 -2.109858e-01  1.000000e+00
-1.839844e-02 -1.234968e-01 -2.062626e-01  1.000000e+00
-2.294331e-02 -1.231372e-01 -1.886614e-01  1.000000e+00
-2.532570e-02 -1.225540e-01 -2.035722e-01  1.000000e+00
-1.394188e-02 -1.243314e-01 -1.875866e-01  1.000000e+00
-1.855843e-02 -1.226693e-01 -2.109859e-01  1.000000e+00
-2.924730e-02 -1.218388e-01 -1.989958e-01  1.000000e+00
-2.732632e-02 -1.221694e-01 -2.020695e-01  1.000000e+00
-2.493215e-02 -1.226791e-01 -2.032281e-01  1.000000e+00
-1.680701e-02 -1.237431e-01 -1.843072e-01  1.000000e+00
-2.146807e-02 -1.236222e-01 -1.946756e-01  1.000000e+00
-1.333178e-02 -1.236437e-01 -2.069199e-01  1.000000e+00
-2.807372e-02 -1.214385e-01 -1.801990e-01  1.000000e+00
-9.829972e-03 -1.241446e-01 -2.025851e-01  1.000000e+00
-2.008738e-02 -1.238412e-01 -1.947806e-01  1.000000e+00
-1.900380e-02 -1.221910e-01 -1.740744e-01  1.000000e+00
-1.561058e-02 -1.238637e-01 -2.051045e-01  1.000000e+00
-5.609317e-03 -1.244513e-01 -1.965882e-01  1.000000e+00
-1.102185e-02 -1.245182e-01 -1.861490e-01  1.000000e+00
-1.351505e-02 -1.242695e-01 -2.020095e-01  1.000000e+00
-6.067249e-03 -1.246071e-01 -1.953032e-01  1.000000e+00
-3.409514e-02 -1.205686e-01 -1.908522e-01  1.000000e+00
-2.976335e-02 -1.214973e-01 -1.847149e-01  1.000000e+00
-2.981343e-02 -1.217743e-01 -1.901111e-01  1.000000e+00
-2.051185e-02 -1.235554e-01 -2.028582e-01  1.000000e+00
-1.765169e-02 -1.239206e-01 -2.028757e-01  1.000000e+00
-2.994057e-02 -1.211903e-01 -2.034843e-01  1.000000e+00
-2.118101e-02 -1.236439e-01 -1.934011e-01  1.000000e+00
-3.741052e-02 -1.192640e-01 -1.921456e-01  1.000000e+00
-2.488796e-02 -1.206913e-01 -2.137118e-01  1.000000e+00
-2.690015e-02 -1.221653e-01 -1.854728e-01  1.000000e+00
-2.661267e-02 -1.216320e-01 -2.077955e-01  1.000000e+00
-1.883857e-02 -1.238600e-01 -1.898851e-01  1.000000e+00
-2.150752e-02 -1.228319e-01 -1.821477e-01  1.000000e+00
-2.794943e-02 -1.221503e-01 -1.999761e-01  1.000000e+00
-2.913475e-02 -1.219225e-01 -1.979944e-01  1.000000e+00
-1.329215e-02 -1.237528e-01 -1.799159e-01  1.000000e+00
-2.721834e-02 -1.224699e-01 -1.964799e-01  1.000000e+00
-2.693305e-02 -1.224423e-01 -1.901697e-01  1.000000e+00
-2.239822e-02 -1.214499e-01 -1.727564e-01  1.000000e+00
-3.547899e-02 -1.200492e-01 -1.923247e-01  1.000000e+00
-3.055419e-02 -1.215085e-01 -1.879997e-01  1.000000e+00
-1.580209e-02 -1.238601e-01 -1.841466e-01  1.000000e+00
-9.760584e-03 -1.245532e-01 -1.986050e-01  1.000000e+00
-2.280586e-02 -1.222727e-01 -1.791248e-01  1.000000e+00
-2.417551e-02 -1.225038e-01 -2.064026e-01  1.000000e+00
-2.130763e-02 -1.228570e-01 -1.820775e-01  1.000000e+00
-3.435579e-02 -1.204801e-01 -1.890155e-01  1.000000e+00
-2.649064e-02 -1.225936e-01 -1.916877e-01  1.000000e+00
 7.749132e-02 -8.382213e-02  2.924653e-02  2.000000e+00
 6.306390e-02 -9.866251e-02 -1.859511e-02  2.000000e+00
 5.983857e-02 -1.011483e-01 -2.893665e-02  2.000000e+00
 6.695195e-02 -8.962233e-02  7.442567e-04  2.000000e+00
 6.991852e-02 -7.881102e-02  1.663117e-02  2.000000e+00
 7.914479e-02 -8.419208e-02  3.323820e-02  2.000000e+00
 7.326911e-02 -8.956473e-02  1.457671e-02  2.000000e+00
 5.571989e-02 -1.012116e-01 -3.631266e-02  2.000000e+00
 8.125487e-02 -8.403317e-02  3.914974e-02  2.000000e+00
 7.573617e-02 -8.586093e-02  2.351457e-02  2.000000e+00
 5.403325e-02 -9.129980e-02 -2.404808e-02  2.000000e+00
 7.145913e-02 -8.449424e-02  1.499728e-02  2.000000e+00
 5.437836e-02 -9.387663e-02 -2.699482e-02  2.000000e+00
 6.700109e-02 -8.370132e-02  6.810393e-03  2.000000e+00
 7.150131e-02 -9.095529e-02  9.126719e-03  2.000000e+00
 7.351888e-02 -7.677340e-02  2.531641e-02  2.000000e+00
 6.656268e-02 -9.292746e-02 -3.784980e-03  2.000000e+00
 8.010317e-02 -7.978509e-02  3.819424e-02  2.000000e+00
 5.321239e-02 -1.014737e-01 -4.092032e-02  2.000000e+00
 6.035401e-02 -8.966850e-02 -1.160087e-02  2.000000e+00
 6.809765e-02 -7.625913e-02  1.521236e-02  2.000000e+00
 7.786268e-02 -8.427349e-02  2.987761e-02  2.000000e+00
 6.336874e-02 -9.735752e-02 -1.604308e-02  2.000000e+00
 8.045185e-02 -8.433388e-02  3.672716e-02  2.000000e+00
 6.235513e-02 -8.514301e-02 -3.077066e-03  2.000000e+00
 7.488042e-02 -7.585097e-02  2.876022e-02  2.000000e+00
 6.777273e-02 -9.612165e-02 -5.064003e-03  2.000000e+00
 6.324343e-02 -9.514692e-02 -1.321447e-02  2.000000e+00
 6.141951e-02 -9.861002e-02 -2.171784e-02  2.000000e+00
 5.907650e-02 -9.719272e-02 -2.387215e-02  2.000000e+00
 7.883282e-02 -8.778897e-02  3.052773e-02  2.000000e+00
 7.497812e-02 -9.021938e-02  1.833438e-02  2.000000e+00
 7.272446e-02 -8.907642e-02  1.372068e-02  2.000000e+00
 7.133894e-02 -8.783250e-02  1.173224e-02  2.000000e+00
 4.984437e-02 -9.613764e-02 -3.728426e-02  2.000000e+00
 6.977270e-02 -8.127395e-02  1.432848e-02  2.000000e+00
 6.337802e-02 -9.748957e-02 -1.621614e-02  2.000000e+00
 6.150209e-02 -8.994243e-02 -9.904711e-03  2.000000e+00
 6.144967e-02 -9.491548e-02 -1.629856e-02  2.000000e+00
 5.235171e-02 -9.448874e-02 -3.104055e-02  2.000000e+00
 6.442178e-02 -8.592438e-02 -1.873249e-04  2.000000e+00
 8.152604e-02 -8.278325e-02  4.043861e-02  2.000000e+00
 6.856691e-02 -9.351684e-02 -2.045117e-04  2.000000e+00
 7.207770e-02 -7.631529e-02  2.274071e-02  2.000000e+00
 4.716232e-02 -9.109566e-02 -3.384453e-02  2.000000e+00
 6.684434e-02 -7.851757e-02  1.111250e-02  2.000000e+00
 7.505167e-02 -8.980911e-02  1.882930e-02  2.000000e+00
 5.728893e-02 -1.003601e-01 -3.211914e-02  2.000000e+00
 6.279822e-02 -8.046912e-02  2.274543e-03  2.000000e+00
 4.888533e-02 -1.011189e-01 -4.697047e-02  2.000000e+00
 7.869289e-02 -8.620504e-02  3.089382e-02  2.000000e+00
 5.249482e-02 -9.878706e-02 -3.742506e-02  2.000000e+00
 6.656939e-02 -8.273277e-02  6.901543e-03  2.000000e+00
 6.060634e-02 -9.946827e-02 -2.462507e-02  2.000000e+00
 5.403751e-02 -9.809756e-02 -3.384236e-02  2.000000e+00
 5.786464e-02 -9.155765e-02 -1.818538e-02  2.000000e+00
 6.284389e-02 -8.186000e-02  1.044667e-03  2.000000e+00
 5.204650e-02 -9.776729e-02 -3.647868e-02  2.000000e+00
 5.257105e-02 -8.721936e-02 -2.115419e-02  2.000000e+00
 5.973740e-02 -9.426152e-02 -1.851500e-02  2.000000e+00
 7.487461e-02 -7.622318e-02  2.850116e-02  2.000000e+00
 6.870959e-02 -8.493622e-02  8.968389e-03  2.000000e+00
 6.944236e-02 -9.341484e-02  1.867747e-03  2.000000e+00
 6.767720e-02 -7.615089e-02  1.453072e-02  2.000000e+00
 5.138782e-02 -9.375353e-02 -3.145606e-02  2.000000e+00
 4.256187e-02 -9.523138e-02 -4.600853e-02  2.000000e+00
 5.339232e-02 -1.039384e-01 -4.542359e-02  2.000000e+00
 6.647931e-02 -8.500964e-02  4.567053e-03  2.000000e+00
 5.351448e-02 -1.015655e-01 -4.060061e-02  2.000000e+00
 7.781133e-02 -7.868757e-02  3.334968e-02  2.000000e+00
 6.339465e-02 -9.643052e-02 -1.467463e-02  2.000000e+00
 5.027371e-02 -9.891556e-02 -4.107114e-02  2.000000e+00
 7.131220e-02 -7.733179e-02  2.048746e-02  2.000000e+00
 6.878971e-02 -8.762866e-02  6.532467e-03  2.000000e+00
 6.372337e-02 -9.875633e-02 -1.740997e-02  2.000000e+00
 6.015905e-02 -9.384063e-02 -1.719755e-02  2.000000e+00
 5.222566e-02 -9.954500e-02 -3.911214e-02  2.000000e+00
 5.871803e-02 -8.967878e-02 -1.441261e-02  2.000000e+00
 7.737048e-02 -8.175337e-02  3.033353e-02  2.000000e+00
 5.595318e-02 -1.034361e-01 -4.020078e-02  2.000000e+00
 6.800405e-02 -8.874194e-02  3.799477e-03  2.000000e+00
 6.024718e-02 -9.358979e-02 -1.670670e-02  2.000000e+00
 5.142599e-02 -9.163048e-02 -2.846137e-02  2.000000e+00
 6.286387e-02 -9.773380e-02 -1.759121e-02  2.000000e+00
 7.504554e-02 -8.314100e-02  2.394594e-02  2.000000e+00
 7.108483e-02 -8.453339e-02  1.417703e-02  2.000000e+00
 5.293733e-02 -1.001222e-01 -3.896826e-02  2.000000e+00
 6.073589e-02 -9.528856e-02 -1.812477e-02  2.000000e+00
 6.417761e-02 -9.475609e-02 -1.087049e-02  2.000000e+00
 7.390904e-02 -8.658629e-02  1.861670e-02  2.000000e+00
 7.234037e-02 -8.513793e-02  1.632634e-02  2.000000e+00
 8.086687e-02 -8.562518e-02  3.743001e-02  2.000000e+00
 7.346447e-02 -7.316465e-02  2.763171e-02  2.000000e+00
 6.339452e-02 -9.132148e-02 -8.086226e-03  2.000000e+00
 5.398914e-02 -8.919849e-02 -2.143235e-02  2.000000e+00
 5.851339e-02 -9.004280e-02 -1.519982e-02  2.000000e+00
 5.680345e-02 -1.026338e-01 -3.713799e-02  2.000000e+00
 5.078434e-02 -9.575181e-02 -3.529191e-02  2.000000e+00
 7.799504e-02 -8.045909e-02  3.265899e-02  2.000000e+00
 6.679928e-02 -8.437560e-02  5.787768e-03  2.000000e+00
 1.199617e-01 -3.530412e-02  1.922547e-01  3.000000e+00
 1.246351e-01 -4.349293e-03  1.913053e-01  3.000000e+00
 1.215474e-01 -2.257258e-02  2.169606e-01  3.000000e+00
 1.217132e-01 -2.876147e-02  1.869508e-01  3.000000e+00
 1.214205e-01 -1.913728e-02  1.678687e-01  3.000000e+00
 1.201517e-01 -3.394999e-02  1.994057e-01  3.000000e+00
 1.237855e-01 -1.756813e-02  2.059131e-01  3.000000e+00
 1.232899e-01 -1.598399e-02  1.791960e-01  3.000000e+00
 1.212951e-01 -3.105457e-02  1.964470e-01  3.000000e+00
 1.243263e-01 -1.501549e-02  1.979527e-01  3.000000e+00
 1.226045e-01 -2.521504e-02  1.895449e-01  3.000000e+00
 1.233767e-01 -2.218176e-02  1.975527e-01  3.000000e+00
 1.244903e-01 -1.276526e-02  1.935244e-01  3.000000e+00
 1.220136e-01 -2.754064e-02  1.874611e-01  3.000000e+00
 1.239698e-01 -1.577615e-02  1.874320e-01  3.000000e+00
 1.231002e-01 -2.285714e-02  2.039273e-01  3.000000e+00
 1.224532e-01 -2.360908e-02  2.099802e-01  3.000000e+00
 1.237116e-01 -1.651059e-02  1.848679e-01  3.000000e+00
 1.236274e-01 -1.379186e-02  1.798968e-01  3.000000e+00
 1.245409e-01 -1.208500e-02  1.939025e-01  3.000000e+00
 1.241265e-01 -1.093438e-02  2.055135e-01  3.000000e+00
 1.210560e-01 -2.376065e-02  1.705019e-01  3.000000e+00
 1.241002e-01 -1.130646e-02  2.058535e-01  3.000000e+00
 1.230034e-01 -2.413705e-02  1.984448e-01  3.000000e+00
 1.206941e-01 -2.540973e-02  1.699501e-01  3.000000e+00
 1.209385e-01 -3.104840e-02  2.033081e-01  3.000000e+00
 1.213542e-01 -3.090771e-02  1.955218e-01  3.000000e+00
 1.218738e-01 -2.559188e-02  2.106825e-01  3.000000e+00
 1.238465e-01 -1.607657e-02  2.069346e-01  3.000000e+00
 1.229936e-01 -2.234093e-02  1.870120e-01  3.000000e+00
 1.225349e-01 -1.926112e-02  1.764597e-01  3.000000e+00
 1.242096e-01 -1.088159e-02  1.834592e-01  3.000000e+00
 1.245923e-01 -8.690562e-03  1.977604e-01  3.000000e+00
 1.227706e-01 -2.481702e-02  2.021985e-01  3.000000e+00
 1.223361e-01 -2.217468e-02  2.131378e-01  3.000000e+00
 1.215719e-01 -2.961882e-02  2.009447e-01  3.000000e+00
 1.217221e-01 -2.831348e-02  2.046956e-01  3.000000e+00
 1.205585e-01 -3.330714e-02  1.964522e-01  3.000000e+00
 1.243127e-01 -1.234898e-02  2.030418e-01  3.000000e+00
 1.246743e-01 -5.844019e-03  1.922548e-01  3.000000e+00
 1.222036e-01 -2.419528e-02  2.109074e-01  3.000000e+00
 1.216167e-01 -2.821109e-02  1.835231e-01  3.000000e+00
 1.225119e-01 -2.359043e-02  2.094952e-01  3.000000e+00
 1.238219e-01 -1.736755e-02  1.882936e-01  3.000000e+00
 1.210660e-01 -2.951743e-02  2.073219e-01  3.000000e+00
 1.237240e-01 -1.907753e-02  2.038245e-01  3.000000e+00
 1.218753e-01 -2.530526e-02  2.112407e-01  3.000000e+00
 1.231860e-01 -1.508159e-02  1.770705e-01  3.000000e+00
 1.224650e-01 -2.413882e-02  1.840506e-01  3.000000e+00
 1.233885e-01 -2.210214e-02  1.968326e-01  3.000000e+00
 1.227592e-01 -2.401080e-02  1.880621e-01  3.000000e+00
 1.242094e-01 -9.364796e-03  1.817252e-01  3.000000e+00
 1.197091e-01 -3.573531e-02  1.949128e-01  3.000000e+00
 1.238767e-01 -1.671974e-02  2.058188e-01  3.000000e+00
 1.213934e-01 -2.137405e-02  2.187006e-01  3.000000e+00
 1.225094e-01 -1.579139e-02  2.164676e-01  3.000000e+00
 1.244367e-01 -1.322157e-02  1.925342e-01  3.000000e+00
 1.242183e-01 -1.565531e-02  1.929540e-01  3.000000e+00
 1.231152e-01 -2.198764e-02  2.063679e-01  3.000000e+00
 1.246271e-01 -7.156586e-03  1.959118e-01  3.000000e+00
 1.227894e-01 -1.607545e-02  2.150175e-01  3.000000e+00
 1.223391e-01 -2.004651e-02  2.153548e-01  3.000000e+00
 1.209911e-01 -3.215650e-02  1.917042e-01  3.000000e+00
 1.245833e-01 -1.139229e-02  1.955854e-01  3.000000e+00
 1.245290e-01 -4.697410e-03  1.952540e-01  3.000000e+00
 1.241710e-01 -1.436398e-02  2.039966e-01  3.000000e+00
 1.215822e-01 -3.013017e-02  1.943999e-01  3.000000e+00
 1.225445e-01 -2.197669e-02  2.119633e-01  3.000000e+00
 1.246038e-01 -1.092869e-02  1.937898e-01  3.000000e+00
 1.216189e-01 -2.935438e-02  1.878296e-01  3.000000e+00
 1.231589e-01 -2.220119e-02  1.894774e-01  3.000000e+00
 1.221845e-01 -2.672564e-02  1.874005e-01  3.000000e+00
 1.193543e-01 -3.703463e-02  1.899695e-01  3.000000e+00
 1.233098e-01 -2.199890e-02  1.921805e-01  3.000000e+00
 1.242836e-01 -1.453903e-02  2.014606e-01  3.000000e+00
 1.234720e-01 -1.941616e-02  1.872014e-01  3.000000e+00
 1.226203e-01 -1.542060e-02  2.159854e-01  3.000000e+00
 1.238645e-01 -1.895041e-02  1.952861e-01  3.000000e+00
 1.237916e-01 -1.901829e-02  1.926597e-01  3.000000e+00
 1.221032e-01 -2.515478e-02  2.097932e-01  3.000000e+00
 1.229810e-01 -1.548754e-02  2.140886e-01  3.000000e+00
 1.220121e-01 -2.846601e-02  1.937107e-01  3.000000e+00
 1.233874e-01 -1.954648e-02  2.079182e-01  3.000000e+00
 1.232733e-01 -2.274581e-02  1.982987e-01  3.000000e+00
 1.223248e-01 -2.709500e-02  1.993255e-01  3.000000e+00
 1.240713e-01 -1.663632e-02  1.917695e-01  3.000000e+00
 1.223207e-01 -2.458461e-02  1.832662e-01  3.000000e+00
 1.236910e-01 -1.882243e-02  1.895518e-01  3.000000e+00
 1.215712e-01 -1.921565e-02  2.193640e-01  3.000000e+00
 1.240106e-01 -1.242354e-02  1.826746e-01  3.000000e+00
 1.243260e-01 -1.443178e-02  2.004224e-01  3.000000e+00
 1.223049e-01 -1.608363e-02  2.173499e-01  3.000000e+00
 1.243041e-01 -1.530737e-02  1.972367e-01  3.000000e+00
 1.208615e-01 -2.568872e-02  1.715519e-01  3.000000e+00
 1.215861e-01 -2.722607e-02  2.092442e-01  3.000000e+00
 1.226725e-01 -2.556239e-02  2.000220e-01  3.000000e+00
 1.226849e-01 -1.807188e-02  1.762357e-01  3.000000e+00
 1.208686e-01 -3.096256e-02  2.043872e-01  3.000000e+00
 1.207895e-01 -2.617603e-02  1.716728e-01  3.000000e+00
 1.213893e-01 -3.080703e-02  1.949410e-01  3.000000e+00
-9.973737e-02 -6.236869e-02  2.030462e-02  4.000000e+00
-9.347257e-02 -6.036605e-02  1.134607e-02  4.000000e+00
-9.294379e-02 -6.469661e-02  3.269716e-03  4.000000e+00
-8.160174e-02 -6.408342e-02 -1.151886e-02  4.000000e+00
-8.613330e-02 -7.884371e-02 -3.437316e-02  4.000000e+00
-9.360400e-02 -7.143915e-02 -8.180172e-03  4.000000e+00
-8.691168e-02 -6.765246e-02 -1.085709e-02  4.000000e+00
-8.757684e-02 -6.741043e-02 -9.529668e-03  4.000000e+00
-9.197105e-02 -6.075989e-02  8.226945e-03  4.000000e+00
-8.592238e-02 -7.569661e-02 -2.762710e-02  4.000000e+00
-7.847043e-02 -7.958151e-02 -4.353044e-02  4.000000e+00
-8.260457e-02 -7.860138e-02 -3.748933e-02  4.000000e+00
-7.209748e-02 -7.480114e-02 -3.956086e-02  4.000000e+00
-8.911099e-02 -5.420429e-02  1.362121e-02  4.000000e+00
-8.283905e-02 -5.864493e-02 -1.591149e-03  4.000000e+00
-9.551837e-02 -6.111931e-02  1.373608e-02  4.000000e+00
-8.466010e-02 -5.893383e-02  3.531452e-04  4.000000e+00
-8.899020e-02 -6.871031e-02 -9.916127e-03  4.000000e+00
-9.118058e-02 -5.928315e-02  9.292659e-03  4.000000e+00
-9.086721e-02 -6.425163e-02  7.261412e-04  4.000000e+00
-8.805007e-02 -5.122224e-02  1.613456e-02  4.000000e+00
-7.214456e-02 -7.647005e-02 -4.264561e-02  4.000000e+00
-8.209422e-02 -7.293315e-02 -2.645168e-02  4.000000e+00
-9.681134e-02 -6.033274e-02  1.743261e-02  4.000000e+00
-8.994258e-02 -7.118107e-02 -1.324750e-02  4.000000e+00
-8.561804e-02 -5.833269e-02  2.548347e-03  4.000000e+00
-1.024958e-01 -5.675604e-02  3.549448e-02  4.000000e+00
-9.815260e-02 -5.953755e-02  2.135780e-02  4.000000e+00
-7.286748e-02 -7.730842e-02 -4.367197e-02  4.000000e+00
-8.686404e-02 -6.314543e-02 -3.253675e-03  4.000000e+00
-9.312559e-02 -5.702709e-02  1.594150e-02  4.000000e+00
-8.807169e-02 -7.449748e-02 -2.247978e-02  4.000000e+00
-9.199433e-02 -5.568185e-02  1.605673e-02  4.000000e+00
-9.057057e-02 -5.133010e-02  1.990777e-02  4.000000e+00
-9.793017e-02 -5.396060e-02  2.931213e-02  4.000000e+00
-7.996793e-02 -7.790724e-02 -3.859320e-02  4.000000e+00
-7.677504e-02 -7.127666e-02 -2.894705e-02  4.000000e+00
-9.524069e-02 -4.548624e-02  3.564246e-02  4.000000e+00
-9.581843e-02 -5.436723e-02  2.465804e-02  4.000000e+00
-9.487241e-02 -5.953323e-02  1.510890e-02  4.000000e+00
-8.776563e-02 -7.926450e-02 -3.365084e-02  4.000000e+00
-9.743387e-02 -6.105541e-02  1.748973e-02  4.000000e+00
-8.986006e-02 -6.408273e-02 -5.146282e-04  4.000000e+00
-9.453355e-02 -4.781566e-02  3.135203e-02  4.000000e+00
-8.059241e-02 -7.252125e-02 -2.730512e-02  4.000000e+00
-9.384065e-02 -6.486353e-02  4.484218e-03  4.000000e+00
-8.392483e-02 -7.683605e-02 -3.229328e-02  4.000000e+00
-8.724003e-02 -6.881093e-02 -1.250057e-02  4.000000e+00
-8.807195e-02 -7.604716e-02 -2.580166e-02  4.000000e+00
-9.669839e-02 -5.813315e-02  2.067248e-02  4.000000e+00
-8.276656e-02 -7.813765e-02 -3.631176e-02  4.000000e+00
-9.151961e-02 -7.115974e-02 -1.090044e-02  4.000000e+00
-9.146477e-02 -6.937444e-02 -7.530420e-03  4.000000e+00
-1.030795e-01 -5.259059e-02  4.274373e-02  4.000000e+00
-9.267066e-02 -6.724313e-02 -1.684738e-03  4.000000e+00
-9.979899e-02 -4.968778e-02  3.914122e-02  4.000000e+00
-8.154425e-02 -6.681385e-02 -1.609332e-02  4.000000e+00
-8.655476e-02 -7.584872e-02 -2.720497e-02  4.000000e+00
-9.488950e-02 -4.515945e-02  3.540878e-02  4.000000e+00
-9.125146e-02 -5.580123e-02  1.467209e-02  4.000000e+00
-9.777979e-02 -5.939893e-02  2.081964e-02  4.000000e+00
-1.031180e-01 -5.247801e-02  4.299378e-02  4.000000e+00
-7.527543e-02 -7.830148e-02 -4.364254e-02  4.000000e+00
-8.425595e-02 -7.553985e-02 -2.921074e-02  4.000000e+00
-1.018040e-01 -5.331686e-02  3.862459e-02  4.000000e+00
-9.302208e-02 -4.700879e-02  2.972619e-02  4.000000e+00
-7.940745e-02 -7.436320e-02 -3.203357e-02  4.000000e+00
-8.523854e-02 -6.444932e-02 -7.578263e-03  4.000000e+00
-9.464159e-02 -6.547650e-02  4.800507e-03  4.000000e+00
-8.820151e-02 -6.525736e-02 -4.915281e-03  4.000000e+00
-8.542448e-02 -7.971116e-02 -3.716318e-02  4.000000e+00
-9.563494e-02 -6.642106e-02  4.915480e-03  4.000000e+00
-9.378916e-02 -5.456083e-02  2.073173e-02  4.000000e+00
-9.447193e-02 -6.677642e-02  2.185601e-03  4.000000e+00
-9.360968e-02 -5.185019e-02  2.427088e-02  4.000000e+00
-8.553106e-02 -8.125472e-02 -4.087757e-02  4.000000e+00
-9.965219e-02 -5.852219e-02  2.611145e-02  4.000000e+00
-9.473752e-02 -6.324527e-02  8.812422e-03  4.000000e+00
-8.943954e-02 -6.361764e-02 -3.595016e-04  4.000000e+00
-8.117321e-02 -8.001318e-02 -4.201154e-02  4.000000e+00
-9.755218e-02 -5.105148e-02  3.267419e-02  4.000000e+00
-9.073992e-02 -6.696882e-02 -4.204676e-03  4.000000e+00
-8.654742e-02 -7.309632e-02 -2.154359e-02  4.000000e+00
-7.670205e-02 -7.712025e-02 -4.002195e-02  4.000000e+00
-9.096895e-02 -5.138063e-02  2.048163e-02  4.000000e+00
-8.291540e-02 -8.112918e-02 -4.297565e-02  4.000000e+00
-1.007879e-01 -6.082084e-02  2.523208e-02  4.000000e+00
-8.700657e-02 -6.588958e-02 -7.652040e-03  4.000000e+00
-8.660978e-02 -5.996705e-02  1.437508e-03  4.000000e+00
-9.663843e-02 -4.642689e-02  3.707367e-02  4.000000e+00
-9.707373e-02 -5.636876e-02  2.408086e-02  4.000000e+00
-8.832791e-02 -5.672274e-02  8.799878e-03  4.000000e+00
-1.007849e-01 -5.667013e-02  3.143870e-02  4.000000e+00
-8.481273e-02 -7.646325e-02 -3.052225e-02  4.000000e+00
-7.156162e-02 -7.474421e-02 -3.989777e-02  4.000000e+00
-8.672266e-02 -7.147751e-02 -1.815983e-02  4.000000e+00
-8.246321e-02 -7.530946e-02 -3.071188e-02  4.000000e+00
-9.759550e-02 -6.529022e-02  1.074502e-02  4.000000e+00
-8.848641e-02 -6.449882e-02 -3.223028e-03  4.000000e+00
-9.275663e-02 -5.680449e-02  1.565452e-02  4.000000e+00
-1.189766e-02  1.445700e-02 -7.705406e-03  5.000000e+00
-6.345203e-03 -1.144320e-02 -9.844218e-03  5.000000e+00
 8.859320e-03  2.802440e-02 -1.460171e-02  5.000000e+00
-6.639800e-04  1.442513e-02 -9.854965e-03  5.000000e+00
-1.532731e-02  1.819936e-02 -7.139588e-03  5.000000e+00
-2.060666e-03 -1.523409e-02 -1.079128e-02  5.000000e+00
-1.141315e-02  2.458423e-03 -7.340929e-03  5.000000e+00
 2.026139e-02  6.456820e-03 -6.555656e-03  5.000000e+00
 1.661358e-02 -1.104714e-02 -6.898237e-03  5.000000e+00
-1.683403e-02 -8.112094e-03 -7.510074e-03  5.000000e+00
 3.488877e-03 -3.340201e-03 -8.765691e-03  5.000000e+00
 2.891757e-02 -6.055410e-03 -1.850251e-03  5.000000e+00
 5.508966e-03  2.060135e-02 -1.177585e-02  5.000000e+00
-2.061229e-03 -2.416087e-02 -1.360425e-02  5.000000e+00
-4.105950e-03 -2.920712e-02 -1.589347e-02  5.000000e+00
 1.460754e-03 -1.861481e-03 -8.776155e-03  5.000000e+00
 9.973278e-03  3.544021e-03 -8.273477e-03  5.000000e+00
-8.176851e-03  1.888445e-02 -9.428771e-03  5.000000e+00
-1.264208e-02  2.127922e-03 -7.084351e-03  5.000000e+00
 2.496919e-03  1.849287e-02 -1.102465e-02  5.000000e+00
 7.438584e-03 -9.396234e-03 -8.853465e-03  5.000000e+00
 1.445159e-02 -1.585369e-03 -7.190958e-03  5.000000e+00
-1.022976e-02  1.375967e-02 -8.065305e-03  5.000000e+00
-1.117731e-02  8.162780e-03 -7.378139e-03  5.000000e+00
 2.273620e-03 -2.119229e-02 -1.212298e-02  5.000000e+00
-1.410016e-02 -3.163705e-03 -7.262406e-03  5.000000e+00
 1.552118e-02  6.457895e-03 -7.699502e-03  5.000000e+00
-2.230511e-02  8.342535e-03 -3.699188e-03  5.000000e+00
-1.471836e-02  1.745661e-02 -7.237179e-03  5.000000e+00
 2.260502e-02  3.100662e-03 -5.300421e-03  5.000000e+00
-1.095743e-03  1.441347e-02 -9.807882e-03  5.000000e+00
-1.213028e-02  1.991129e-02 -8.530596e-03  5.000000e+00
-3.479198e-04 -2.559524e-02 -1.399801e-02  5.000000e+00
-9.905077e-03  9.824367e-03 -7.763570e-03  5.000000e+00
 9.056306e-03 -2.740911e-03 -8.182160e-03  5.000000e+00
 7.231840e-05  1.205096e-02 -9.521389e-03  5.000000e+00
 5.512872e-03 -1.895699e-02 -1.098612e-02  5.000000e+00
 1.138206e-02 -8.760801e-03 -8.065617e-03  5.000000e+00
 3.435755e-03 -4.602584e-03 -8.843810e-03  5.000000e+00
 7.324650e-03  2.054798e-02 -1.179264e-02  5.000000e+00
-2.558083e-02  9.334355e-03 -2.193760e-03  5.000000e+00
 1.073744e-02  3.532946e-03 -8.170497e-03  5.000000e+00
-1.439324e-02 -2.118939e-02 -1.206307e-02  5.000000e+00
 1.035334e-02 -5.101272e-03 -8.035017e-03  5.000000e+00
 2.900821e-02  2.224668e-04 -2.360985e-03  5.000000e+00
 2.942430e-02 -6.366931e-03 -1.585869e-03  5.000000e+00
 4.914044e-03  2.510870e-02 -1.326569e-02  5.000000e+00
 1.418949e-02  4.641812e-03 -7.714577e-03  5.000000e+00
 3.409512e-03  2.178357e-02 -1.202904e-02  5.000000e+00
 1.184815e-03 -8.325231e-03 -9.343620e-03  5.000000e+00
-6.294334e-03 -8.424830e-03 -9.257881e-03  5.000000e+00
-1.640875e-02 -8.222078e-03 -7.637967e-03  5.000000e+00
 2.717741e-02 -3.227097e-04 -3.107657e-03  5.000000e+00
-3.659085e-03  1.282539e-03 -8.518805e-03  5.000000e+00
-2.835465e-03  1.028393e-02 -9.009871e-03  5.000000e+00
 1.651086e-02  4.835193e-03 -7.254859e-03  5.000000e+00
-6.864934e-04  1.869883e-02 -1.076775e-02  5.000000e+00
-8.361716e-04 -1.154751e-02 -9.943005e-03  5.000000e+00
-5.559403e-03  4.307769e-03 -8.307897e-03  5.000000e+00
 2.489690e-02 -1.199495e-03 -3.960915e-03  5.000000e+00
-1.660318e-03 -1.054115e-02 -9.774331e-03  5.000000e+00
 1.423240e-02 -1.863748e-02 -8.803796e-03  5.000000e+00
 1.266640e-02  1.713390e-02 -1.049935e-02  5.000000e+00
 2.074677e-02  7.260216e-04 -5.625972e-03  5.000000e+00
-1.395666e-02  2.135832e-03 -6.765627e-03  5.000000e+00
-1.446149e-02  1.767273e-02 -7.359230e-03  5.000000e+00
-1.903528e-02 -4.791347e-03 -6.225174e-03  5.000000e+00
 4.309460e-03  2.150183e-02 -1.199979e-02  5.000000e+00
 5.629779e-03  1.732480e-02 -1.085584e-02  5.000000e+00
-1.473929e-02  1.472298e-02 -6.863880e-03  5.000000e+00
-2.656635e-03 -4.027161e-03 -8.877145e-03  5.000000e+00
-3.291516e-03 -2.671585e-02 -1.472443e-02  5.000000e+00
 7.729554e-03 -1.404616e-02 -9.498302e-03  5.000000e+00
 5.219369e-03  2.527485e-04 -8.585246e-03  5.000000e+00
 2.094816e-02 -6.783657e-03 -5.226537e-03  5.000000e+00
-1.817807e-02  5.095885e-03 -5.365619e-03  5.000000e+00
-1.995407e-02 -4.521577e-04 -5.242396e-03  5.000000e+00
 1.364724e-02 -9.109537e-04 -7.389652e-03  5.000000e+00
-1.064189e-02  2.038127e-02 -9.083079e-03  5.000000e+00
-1.893017e-03  8.877082e-03 -8.959861e-03  5.000000e+00
-1.434995e-02  5.691386e-03 -6.527456e-03  5.000000e+00
 1.260623e-02  4.724416e-03 -8.004446e-03  5.000000e+00
 2.138075e-03  1.681422e-02 -1.058752e-02  5.000000e+00
 2.052365e-02 -6.638623e-04 -5.576879e-03  5.000000e+00
-1.869936e-02 -1.368788e-02 -8.547696e-03  5.000000e+00
-9.017015e-03  5.084999e-03 -7.770359e-03  5.000000e+00
-3.111957e-03 -3.183499e-02 -1.708209e-02  5.000000e+00
-8.733011e-03 -2.560205e-02 -1.437138e-02  5.000000e+00
 3.259605e-04  4.626548e-03 -8.792718e-03  5.000000e+00
-2.301479e-02  2.149535e-03 -3.796819e-03  5.000000e+00
 1.108969e-02 -7.381572e-03 -8.019003e-03  5.000000e+00
-1.641189e-02 -2.422787e-03 -6.584676e-03  5.000000e+00
-1.846199e-02 -6.079730e-03 -6.644312e-03  5.000000e+00
-7.481446e-03  1.963777e-03 -8.066115e-03  5.000000e+00
-5.968403e-03 -2.811678e-02 -1.548518e-02  5.000000e+00
 1.077316e-02  2.470303e-02 -1.321631e-02  5.000000e+00
 1.471329e-02 -1.447836e-02 -7.895931e-03  5.000000e+00
-1.437686e-02 -2.073501e-02 -1.188444e-02  5.000000e+00
-2.379796e-03  1.862642e-02 -1.051880e-02  5.000000e+00
 7.844566e-06  2.636311e-02 -1.318821e-02  5.000000e+00
 8.901345e-02  6.321715e-02 -4.373654e-04  6.000000e+00
 9.020239e-02  7.467401e-02 -1.962476e-02  6.000000e+00
 8.953127e-02  6.947227e-02 -1.036007e-02  6.000000e+00
 8.402347e-02  7.018505e-02 -1.870215e-02  6.000000e+00
 8.012816e-02  7.782497e-02 -3.740991e-02  6.000000e+00
 9.855717e-02  6.244347e-02  1.730100e-02  6.000000e+00
 8.552468e-02  7.175870e-02 -1.978515e-02  6.000000e+00
 9.876690e-02  5.024288e-02  3.507841e-02  6.000000e+00
 8.519835e-02  7.836484e-02 -3.357150e-02  6.000000e+00
 8.561852e-02  7.198214e-02 -2.009010e-02  6.000000e+00
 8.358832e-02  7.813650e-02 -3.471051e-02  6.000000e+00
 9.475315e-02  6.874228e-02 -8.144172e-04  6.000000e+00
 8.857076e-02  7.313249e-02 -1.861442e-02  6.000000e+00
 8.417969e-02  7.241702e-02 -2.259671e-02  6.000000e+00
 9.195346e-02  5.642120e-02  1.431878e-02  6.000000e+00
 9.341827e-02  6.802387e-02 -1.821480e-03  6.000000e+00
 8.438123e-02  5.845105e-02  4.833007e-04  6.000000e+00
 9.742947e-02  6.244015e-02  1.493411e-02  6.000000e+00
 9.252424e-02  6.774671e-02 -2.780452e-03  6.000000e+00
 9.493199e-02  5.118838e-02  2.656356e-02  6.000000e+00
 8.294945e-02  8.050406e-02 -4.061510e-02  6.000000e+00
 8.481925e-02  7.579808e-02 -2.849095e-02  6.000000e+00
 9.456163e-02  5.224231e-02  2.450399e-02  6.000000e+00
 8.086118e-02  8.070269e-02 -4.291680e-02  6.000000e+00
 7.780364e-02  7.770937e-02 -3.928454e-02  6.000000e+00
 9.860983e-02  4.655553e-02  3.942936e-02  6.000000e+00
 9.254649e-02  4.277484e-02  3.280860e-02  6.000000e+00
 9.413430e-02  5.820417e-02  1.534534e-02  6.000000e+00
 9.543515e-02  6.447043e-02  7.818850e-03  6.000000e+00
 9.112240e-02  6.220424e-02  4.308439e-03  6.000000e+00
 8.024073e-02  7.858980e-02 -3.889131e-02  6.000000e+00
 8.513472e-02  5.383439e-02  7.868062e-03  6.000000e+00
 8.855938e-02  5.839844e-02  6.275981e-03  6.000000e+00
 7.713963e-02  6.818735e-02 -2.272850e-02  6.000000e+00
 1.031453e-01  5.619983e-02  3.740742e-02  6.000000e+00
 9.477181e-02  6.793436e-02  6.710573e-04  6.000000e+00
 9.082287e-02  7.407515e-02 -1.751024e-02  6.000000e+00
 9.285149e-02  6.439023e-02  3.503792e-03  6.000000e+00
 9.420615e-02  4.406474e-02  3.417396e-02  6.000000e+00
 9.015203e-02  7.484526e-02 -2.005818e-02  6.000000e+00
 8.986463e-02  5.248012e-02  1.648124e-02  6.000000e+00
 8.004602e-02  6.168866e-02 -9.500642e-03  6.000000e+00
 1.045219e-01  5.374431e-02  4.433179e-02  6.000000e+00
 8.800460e-02  7.205954e-02 -1.725729e-02  6.000000e+00
 9.506372e-02  4.959559e-02  2.887784e-02  6.000000e+00
 9.317623e-02  4.809750e-02  2.749175e-02  6.000000e+00
 8.862285e-02  6.602599e-02 -5.598314e-03  6.000000e+00
 8.459669e-02  7.357592e-02 -2.432244e-02  6.000000e+00
 1.039057e-01  5.274596e-02  4.372932e-02  6.000000e+00
 9.755458e-02  4.939389e-02  3.377524e-02  6.000000e+00
 9.903151e-02  4.858090e-02  3.775072e-02  6.000000e+00
 9.433186e-02  5.559062e-02  1.947846e-02  6.000000e+00
 9.458910e-02  5.914204e-02  1.473189e-02  6.000000e+00
 7.168107e-02  7.252840e-02 -3.493574e-02  6.000000e+00
 8.798570e-02  7.580973e-02 -2.486384e-02  6.000000e+00
 7.734687e-02  7.809019e-02 -4.044582e-02  6.000000e+00
 7.857872e-02  7.058045e-02 -2.531580e-02  6.000000e+00
 9.076160e-02  6.746231e-02 -4.988932e-03  6.000000e+00
 8.445579e-02  6.603747e-02 -1.108130e-02  6.000000e+00
 9.994553e-02  6.032403e-02  2.361470e-02  6.000000e+00
 9.865346e-02  5.387299e-02  2.999752e-02  6.000000e+00
 9.786073e-02  4.645481e-02  3.806943e-02  6.000000e+00
 8.144097e-02  7.195358e-02 -2.477722e-02  6.000000e+00
 9.816567e-02  6.032114e-02  1.970651e-02  6.000000e+00
 9.032096e-02  5.144130e-02  1.855864e-02  6.000000e+00
 9.271361e-02  6.942080e-02 -5.512568e-03  6.000000e+00
 8.340050e-02  7.575481e-02 -2.993953e-02  6.000000e+00
 9.477042e-02  4.519987e-02  3.382457e-02  6.000000e+00
 8.252782e-02  6.095184e-02 -5.493459e-03  6.000000e+00
 7.946989e-02  7.914495e-02 -4.075335e-02  6.000000e+00
 8.304389e-02  7.042841e-02 -2.026785e-02  6.000000e+00
 9.920460e-02  4.935505e-02  3.711817e-02  6.000000e+00
 9.815034e-02  4.714053e-02  3.779090e-02  6.000000e+00
 8.881233e-02  4.881778e-02  1.959842e-02  6.000000e+00
 9.603502e-02  4.868151e-02  3.181374e-02  6.000000e+00
 8.763917e-02  5.389235e-02  1.128124e-02  6.000000e+00
 1.039884e-01  5.396610e-02  4.249915e-02  6.000000e+00
 7.987802e-02  8.048775e-02 -4.328711e-02  6.000000e+00
 8.452497e-02  7.643955e-02 -3.013675e-02  6.000000e+00
 8.313680e-02  7.200775e-02 -2.301973e-02  6.000000e+00
 8.183945e-02  6.196939e-02 -7.841397e-03  6.000000e+00
 7.576044e-02  7.346130e-02 -3.307527e-02  6.000000e+00
 9.346885e-02  4.765397e-02  2.854516e-02  6.000000e+00
 9.083730e-02  5.483354e-02  1.478786e-02  6.000000e+00
 8.237544e-02  8.068212e-02 -4.154060e-02  6.000000e+00
 8.709468e-02  7.672572e-02 -2.789032e-02  6.000000e+00
 8.649969e-02  7.630760e-02 -2.766893e-02  6.000000e+00
 9.119926e-02  6.347096e-02  2.398606e-03  6.000000e+00
 1.044316e-01  5.343401e-02  4.441290e-02  6.000000e+00
 9.817524e-02  4.967273e-02  3.463203e-02  6.000000e+00
 9.886177e-02  5.321882e-02  3.131629e-02  6.000000e+00
 9.297132e-02  5.777799e-02  1.401156e-02  6.000000e+00
 9.275057e-02  5.031534e-02  2.394727e-02  6.000000e+00
 9.522788e-02  4.862743e-02  3.041111e-02  6.000000e+00
 1.039270e-01  5.386139e-02  4.244786e-02  6.000000e+00
 8.705116e-02  5.549281e-02  8.257449e-03  6.000000e+00
 9.326945e-02  4.177622e-02  3.518304e-02  6.000000e+00
 8.238763e-02  6.329689e-02 -9.216372e-03  6.000000e+00
 7.951569e-02  7.774617e-02 -3.781641e-02  6.000000e+00
 9.047181e-02  4.983974e-02  2.086663e-02  6.000000e+00
-1.218257e-01  1.609747e-02  1.781665e-01  7.000000e+00
-1.225041e-01  1.585535e-02  1.839324e-01  7.000000e+00
-1.230535e-01  1.773766e-02  2.103275e-01  7.000000e+00
-1.184897e-01  3.679379e-02  1.944996e-01  7.000000e+00
-1.226634e-01  2.135170e-02  2.050711e-01  7.000000e+00
-1.213238e-01  2.624897e-02  1.917330e-01  7.000000e+00
-1.237154e-01  7.899158e-03  1.874152e-01  7.000000e+00
-1.220064e-01  2.365260e-02  2.106860e-01  7.000000e+00
-1.214938e-01  2.685608e-02  1.996395e-01  7.000000e+00
-1.230480e-01  1.700131e-02  1.929063e-01  7.000000e+00
-1.235218e-01  1.365925e-02  2.090168e-01  7.000000e+00
-1.205836e-01  2.262230e-02  2.232970e-01  7.000000e+00
-1.218437e-01  2.227481e-02  2.160411e-01  7.000000e+00
-1.226947e-01  1.481162e-02  1.843648e-01  7.000000e+00
-1.226569e-01  1.418829e-02  1.831022e-01  7.000000e+00
-1.222649e-01  1.488251e-02  2.198988e-01  7.000000e+00
-1.199036e-01  2.329982e-02  1.728746e-01  7.000000e+00
-1.209501e-01  2.492826e-02  2.180295e-01  7.000000e+00
-1.234337e-01  1.540529e-02  2.078493e-01  7.000000e+00
-1.207911e-01  2.265637e-02  2.222865e-01  7.000000e+00
-1.196812e-01  2.046984e-02  2.282903e-01  7.000000e+00
-1.230132e-01  1.874627e-02  1.977862e-01  7.000000e+00
-1.215820e-01  2.644518e-02  2.048084e-01  7.000000e+00
-1.226537e-01  1.725863e-02  2.158680e-01  7.000000e+00
-1.240826e-01  7.028181e-03  1.957983e-01  7.000000e+00
-1.217635e-01  1.662315e-02  2.220769e-01  7.000000e+00
-1.213616e-01  2.631696e-02  2.106120e-01  7.000000e+00
-1.229476e-01  1.853130e-02  2.103197e-01  7.000000e+00
-1.240409e-01  3.734359e-03  1.979808e-01  7.000000e+00
-1.227106e-01  1.781346e-02  1.896357e-01  7.000000e+00
-1.193713e-01  3.395999e-02  1.915410e-01  7.000000e+00
-1.221984e-01  2.313942e-02  2.091573e-01  7.000000e+00
-1.237082e-01  1.275150e-02  1.959514e-01  7.000000e+00
-1.200927e-01  2.864582e-02  1.828755e-01  7.000000e+00
-1.232305e-01  1.470530e-02  1.908235e-01  7.000000e+00
-1.194580e-01  3.219136e-02  2.101110e-01  7.000000e+00
-1.226403e-01  2.145138e-02  2.054329e-01  7.000000e+00
-1.214735e-01  2.204077e-02  1.836718e-01  7.000000e+00
-1.197747e-01  3.286417e-02  2.016750e-01  7.000000e+00
-1.218376e-01  1.978957e-02  2.195353e-01  7.000000e+00
-1.218663e-01  1.694018e-02  2.214177e-01  7.000000e+00
-1.235375e-01  9.396479e-03  1.867222e-01  7.000000e+00
-1.197263e-01  3.261760e-02  2.048577e-01  7.000000e+00
-1.219390e-01  2.036701e-02  2.181851e-01  7.000000e+00
-1.203484e-01  2.884945e-02  1.861685e-01  7.000000e+00
-1.229119e-01  1.984977e-02  2.056397e-01  7.000000e+00
-1.231757e-01  1.816527e-02  2.010542e-01  7.000000e+00
-1.220924e-01  2.255551e-02  1.922225e-01  7.000000e+00
-1.206908e-01  2.171410e-02  1.765202e-01  7.000000e+00
-1.212070e-01  2.680977e-02  2.108898e-01  7.000000e+00
-1.207215e-01  2.638369e-02  2.166828e-01  7.000000e+00
-1.204866e-01  3.057867e-02  2.026966e-01  7.000000e+00
-1.224453e-01  1.887835e-02  1.883691e-01  7.000000e+00
-1.209358e-01  2.806880e-02  2.096093e-01  7.000000e+00
-1.240951e-01  3.511817e-03  1.941870e-01  7.000000e+00
-1.227979e-01  1.969153e-02  2.098735e-01  7.000000e+00
-1.222206e-01  2.312672e-02  1.969101e-01  7.000000e+00
-1.216460e-01  2.054232e-02  1.828182e-01  7.000000e+00
-1.229642e-01  1.352851e-02  2.154584e-01  7.000000e+00
-1.240135e-01  9.099413e-03  1.970812e-01  7.000000e+00
-1.209485e-01  1.778061e-02  2.252393e-01  7.000000e+00
-1.232907e-01  1.740934e-02  2.019677e-01  7.000000e+00
-1.231749e-01  1.062631e-02  1.838442e-01  7.000000e+00
-1.240030e-01  9.563722e-03  1.986553e-01  7.000000e+00
-1.216445e-01  1.775661e-02  2.221714e-01  7.000000e+00
-1.219736e-01  2.445206e-02  2.076813e-01  7.000000e+00
-1.205576e-01  2.407451e-02  1.788299e-01  7.000000e+00
-1.206312e-01  2.083207e-02  2.247534e-01  7.000000e+00
-1.232004e-01  1.672582e-02  1.950931e-01  7.000000e+00
-1.234077e-01  1.396292e-02  2.105300e-01  7.000000e+00
-1.230655e-01  1.357103e-02  1.866577e-01  7.000000e+00
-1.209844e-01  2.238166e-02  2.216307e-01  7.000000e+00
-1.203073e-01  3.011279e-02  2.093103e-01  7.000000e+00
-1.239695e-01  1.806605e-03  1.964743e-01  7.000000e+00
-1.227554e-01  1.215331e-02  2.170675e-01  7.000000e+00
-1.219870e-01  1.523641e-02  1.784243e-01  7.000000e+00
-1.240860e-01  4.168471e-03  1.967578e-01  7.000000e+00
-1.217089e-01  1.646283e-02  1.776797e-01  7.000000e+00
-1.217955e-01  2.475738e-02  1.946104e-01  7.000000e+00
-1.235672e-01  1.189334e-02  2.096679e-01  7.000000e+00
-1.228253e-01  1.199256e-02  2.165870e-01  7.000000e+00
-1.232147e-01  1.129183e-02  2.135625e-01  7.000000e+00
-1.213973e-01  2.386267e-02  2.167849e-01  7.000000e+00
-1.231761e-01  1.821400e-02  2.043697e-01  7.000000e+00
-1.201902e-01  1.927215e-02  2.273192e-01  7.000000e+00
-1.211595e-01  2.694140e-02  1.915059e-01  7.000000e+00
-1.205447e-01  3.047651e-02  2.008274e-01  7.000000e+00
-1.212149e-01  2.443762e-02  1.855792e-01  7.000000e+00
-1.218354e-01  2.513590e-02  1.976194e-01  7.000000e+00
-1.228709e-01  1.212760e-02  1.825309e-01  7.000000e+00
-1.220562e-01  1.940196e-02  1.849669e-01  7.000000e+00
-1.230928e-01  1.545781e-02  2.131659e-01  7.000000e+00
-1.206024e-01  1.982754e-02  2.255653e-01  7.000000e+00
-1.239455e-01  1.018569e-02  2.024928e-01  7.000000e+00
-1.241074e-01  4.668047e-03  1.946008e-01  7.000000e+00
-1.225852e-01  1.283529e-02  1.806682e-01  7.000000e+00
-1.227513e-01  1.692979e-02  1.884517e-01  7.000000e+00
-1.239798e-01  9.997856e-03  2.005066e-01  7.000000e+00
-1.203790e-01  2.093431e-02  2.256614e-01  7.000000e+00
-1.210962e-01  2.792227e-02  1.945962e-01  7.000000e+00
-4.871094e-02  9.517018e-02 -3.151351e-02  8.000000e+00
-7.064035e-02  8.958141e-02  1.540135e-02  8.000000e+00
-6.327948e-02  9.635405e-02 -7.930078e-03  8.000000e+00
-5.603118e-02  1.035598e-01 -3.307248e-02  8.000000e+00
-7.196808e-02  8.162065e-02  2.498183e-02  8.000000e+00
-7.054623e-02  9.112182e-02  1.374479e-02  8.000000e+00
-6.763729e-02  9.414275e-02  4.010573e-03  8.000000e+00
-6.899783e-02  8.529130e-02  1.571979e-02  8.000000e+00
-7.819024e-02  8.443104e-02  3.778370e-02  8.000000e+00
-7.202301e-02  9.161947e-02  1.682490e-02  8.000000e+00
-7.459823e-02  8.519256e-02  2.825007e-02  8.000000e+00
-5.042274e-02  8.964991e-02 -2.161598e-02  8.000000e+00
-5.947343e-02  1.006892e-01 -2.172792e-02  8.000000e+00
-7.400862e-02  8.567750e-02  2.648675e-02  8.000000e+00
-5.576036e-02  9.762006e-02 -2.373878e-02  8.000000e+00
-6.801109e-02  8.811914e-02  1.106119e-02  8.000000e+00
-5.655674e-02  1.012383e-01 -2.800910e-02  8.000000e+00
-6.456366e-02  8.289115e-02  9.176346e-03  8.000000e+00
-6.072459e-02  8.294202e-02  2.261633e-03  8.000000e+00
-6.594230e-02  8.536049e-02  9.519981e-03  8.000000e+00
-5.862401e-02  8.730414e-02 -5.784921e-03  8.000000e+00
-6.869054e-02  8.344094e-02  1.669200e-02  8.000000e+00
-6.753552e-02  9.434039e-02  3.562367e-03  8.000000e+00
-6.367332e-02  9.800102e-02 -9.334229e-03  8.000000e+00
-4.437435e-02  9.719908e-02 -4.081078e-02  8.000000e+00
-6.852066e-02  9.309476e-02  7.129772e-03  8.000000e+00
-5.611285e-02  1.038418e-01 -3.346824e-02  8.000000e+00
-6.941210e-02  8.730022e-02  1.478988e-02  8.000000e+00
-5.297028e-02  1.044481e-01 -4.002223e-02  8.000000e+00
-5.845221e-02  8.830525e-02 -7.179895e-03  8.000000e+00
-6.302794e-02  8.232370e-02  6.890151e-03  8.000000e+00
-7.019891e-02  7.440571e-02  2.649034e-02  8.000000e+00
-7.173325e-02  8.737841e-02  1.983923e-02  8.000000e+00
-5.915398e-02  1.005829e-01 -2.216187e-02  8.000000e+00
-6.615942e-02  9.459917e-02  2.562517e-04  8.000000e+00
-5.408451e-02  8.932327e-02 -1.557061e-02  8.000000e+00
-7.472518e-02  8.601104e-02  2.795753e-02  8.000000e+00
-7.276810e-02  7.488605e-02  3.131269e-02  8.000000e+00
-7.496319e-02  9.103186e-02  2.498325e-02  8.000000e+00
-5.484313e-02  9.949869e-02 -2.818109e-02  8.000000e+00
-6.345896e-02  8.294624e-02  7.098323e-03  8.000000e+00
-7.204744e-02  8.303991e-02  2.406839e-02  8.000000e+00
-7.873210e-02  8.544703e-02  3.870605e-02  8.000000e+00
-7.355078e-02  8.154250e-02  2.849170e-02  8.000000e+00
-4.773721e-02  1.003606e-01 -4.099259e-02  8.000000e+00
-6.554760e-02  9.220896e-02  1.715071e-03  8.000000e+00
-4.587722e-02  9.694490e-02 -3.828936e-02  8.000000e+00
-7.841664e-02  8.797641e-02  3.660353e-02  8.000000e+00
-5.585522e-02  9.107700e-02 -1.480586e-02  8.000000e+00
-5.068235e-02  9.424080e-02 -2.721201e-02  8.000000e+00
-6.944987e-02  9.351522e-02  8.822865e-03  8.000000e+00
-7.720961e-02  8.562427e-02  3.449205e-02  8.000000e+00
-7.697691e-02  8.829045e-02  3.227484e-02  8.000000e+00
-6.911697e-02  8.794889e-02  1.355959e-02  8.000000e+00
-5.607716e-02  9.617467e-02 -2.111193e-02  8.000000e+00
-7.143158e-02  9.242930e-02  1.463783e-02  8.000000e+00
-7.409271e-02  7.841593e-02  3.183483e-02  8.000000e+00
-7.812743e-02  8.739170e-02  3.601784e-02  8.000000e+00
-5.293465e-02  9.053508e-02 -1.885992e-02  8.000000e+00
-5.488621e-02  9.540128e-02 -2.205797e-02  8.000000e+00
-7.550179e-02  8.096905e-02  3.331151e-02  8.000000e+00
-5.032147e-02  1.018850e-01 -3.959961e-02  8.000000e+00
-6.847353e-02  9.313436e-02  6.981606e-03  8.000000e+00
-5.481959e-02  8.669103e-02 -1.137760e-02  8.000000e+00
-7.495412e-02  7.968257e-02  3.290832e-02  8.000000e+00
-7.709183e-02  8.311246e-02  3.574804e-02  8.000000e+00
-5.842472e-02  1.027233e-01 -2.718502e-02  8.000000e+00
-5.306876e-02  9.588164e-02 -2.573386e-02  8.000000e+00
-5.458034e-02  1.014450e-01 -3.181836e-02  8.000000e+00
-7.285748e-02  7.209219e-02  3.319132e-02  8.000000e+00
-6.899237e-02  9.351509e-02  7.760567e-03  8.000000e+00
-5.819404e-02  9.939436e-02 -2.207630e-02  8.000000e+00
-5.375172e-02  1.061078e-01 -4.219917e-02  8.000000e+00
-7.613201e-02  8.176698e-02  3.426853e-02  8.000000e+00
-6.936349e-02  8.936378e-02  1.275669e-02  8.000000e+00
-6.034481e-02  1.011843e-01 -2.085916e-02  8.000000e+00
-6.503171e-02  8.184344e-02  1.097649e-02  8.000000e+00
-5.796777e-02  8.716977e-02 -6.752822e-03  8.000000e+00
-6.083157e-02  9.791300e-02 -1.490758e-02  8.000000e+00
-5.682805e-02  1.015455e-01 -2.804178e-02  8.000000e+00
-5.373653e-02  9.122851e-02 -1.845075e-02  8.000000e+00
-7.162872e-02  9.103291e-02  1.638616e-02  8.000000e+00
-5.451711e-02  8.615698e-02 -1.126636e-02  8.000000e+00
-6.114540e-02  9.161489e-02 -6.174551e-03  8.000000e+00
-5.580093e-02  1.039001e-01 -3.412897e-02  8.000000e+00
-5.469603e-02  9.433535e-02 -2.091858e-02  8.000000e+00
-6.488165e-02  9.790655e-02 -6.641727e-03  8.000000e+00
-5.418553e-02  1.018948e-01 -3.326662e-02  8.000000e+00
-6.572920e-02  9.769333e-02 -4.504322e-03  8.000000e+00
-7.304339e-02  9.099400e-02  1.991269e-02  8.000000e+00
-8.074680e-02  8.413714e-02  4.505191e-02  8.000000e+00
-5.438130e-02  9.783736e-02 -2.641440e-02  8.000000e+00
-6.679994e-02  8.695638e-02  9.699906e-03  8.000000e+00
-6.827837e-02  8.220219e-02  1.690743e-02  8.000000e+00
-4.970907e-02  1.032120e-01 -4.294544e-02  8.000000e+00
-6.610422e-02  9.599499e-02 -1.537453e-03  8.000000e+00
-7.008036e-02  9.015082e-02  1.359992e-02  8.000000e+00
-6.706822e-02  9.230924e-02  4.789012e-03  8.000000e+00
-5.287445e-02  1.036280e-01 -3.860471e-02  8.000000e+00
-6.963229e-02  7.690812e-02  2.366531e-02  8.000000e+00
 8.967295e-03  1.259698e-01 -1.990749e-01  9.000000e+00
 1.811159e-02  1.253123e-01 -1.991527e-01  9.000000e+00
 1.805141e-02  1.253396e-01 -1.986635e-01  9.000000e+00
 1.690484e-02  1.251983e-01 -1.855454e-01  9.000000e+00
 1.963433e-02  1.249106e-01 -1.879155e-01  9.000000e+00
 2.257843e-02  1.222868e-01 -2.132890e-01  9.000000e+00
 2.057487e-02  1.248915e-01 -1.910022e-01  9.000000e+00
 2.311520e-02  1.223904e-01 -2.124312e-01  9.000000e+00
 3.041190e-02  1.223389e-01 -1.847192e-01  9.000000e+00
 1.502493e-02  1.248660e-01 -2.073083e-01  9.000000e+00
 6.064187e-03  1.262908e-01 -1.929575e-01  9.000000e+00
 1.710296e-02  1.254947e-01 -1.980630e-01  9.000000e+00
 2.607252e-02  1.233155e-01 -2.028150e-01  9.000000e+00
 4.342977e-03  1.263677e-01 -1.886162e-01  9.000000e+00
 1.799570e-02  1.250533e-01 -1.859172e-01  9.000000e+00
 2.669822e-02  1.235842e-01 -1.917274e-01  9.000000e+00
 1.430854e-02  1.255646e-01 -1.854484e-01  9.000000e+00
 2.942367e-02  1.225817e-01 -1.987333e-01  9.000000e+00
 2.242252e-02  1.220915e-01 -1.684680e-01  9.000000e+00
 2.653482e-02  1.231482e-01 -2.030049e-01  9.000000e+00
 2.238791e-02  1.225281e-01 -2.126974e-01  9.000000e+00
 8.270005e-03  1.262321e-01 -1.863084e-01  9.000000e+00
 2.038821e-02  1.230482e-01 -1.720962e-01  9.000000e+00
 1.472366e-02  1.256670e-01 -2.002962e-01  9.000000e+00
 2.847058e-02  1.230817e-01 -1.951366e-01  9.000000e+00
 3.105572e-02  1.220457e-01 -1.828113e-01  9.000000e+00
 2.065743e-02  1.227960e-01 -1.707945e-01  9.000000e+00
 1.258006e-02  1.260530e-01 -1.944482e-01  9.000000e+00
 2.307096e-02  1.241207e-01 -1.857626e-01  9.000000e+00
 1.865718e-02  1.247714e-01 -2.051423e-01  9.000000e+00
 1.790246e-02  1.232462e-01 -2.133321e-01  9.000000e+00
 2.636042e-02  1.225404e-01 -1.766457e-01  9.000000e+00
 1.564208e-02  1.247353e-01 -1.786489e-01  9.000000e+00
 2.954527e-02  1.224739e-01 -1.994663e-01  9.000000e+00
 1.142625e-02  1.260564e-01 -1.883037e-01  9.000000e+00
 1.987080e-02  1.250463e-01 -1.985512e-01  9.000000e+00
 3.249001e-02  1.214999e-01 -1.972964e-01  9.000000e+00
 1.954845e-02  1.251502e-01 -1.943164e-01  9.000000e+00
 2.371937e-02  1.243247e-01 -1.940959e-01  9.000000e+00
 2.410464e-02  1.238757e-01 -1.853120e-01  9.000000e+00
 2.001766e-02  1.243456e-01 -1.817361e-01  9.000000e+00
 1.250866e-02  1.257405e-01 -2.013036e-01  9.000000e+00
 1.756714e-02  1.229273e-01 -1.683260e-01  9.000000e+00
 3.801342e-03  1.262921e-01 -1.905451e-01  9.000000e+00
 1.838814e-02  1.226821e-01 -2.148472e-01  9.000000e+00
 2.230368e-02  1.242850e-01 -1.859302e-01  9.000000e+00
 2.544345e-02  1.234210e-01 -1.831811e-01  9.000000e+00
 2.028104e-02  1.230781e-01 -2.125782e-01  9.000000e+00
 1.823435e-02  1.242729e-01 -2.088797e-01  9.000000e+00
 1.989082e-02  1.250793e-01 -1.934322e-01  9.000000e+00
 2.423002e-02  1.236301e-01 -2.047297e-01  9.000000e+00
 1.866533e-02  1.248448e-01 -2.044785e-01  9.000000e+00
 2.647312e-02  1.232514e-01 -2.022463e-01  9.000000e+00
 1.738950e-02  1.246970e-01 -1.808136e-01  9.000000e+00
 2.107121e-02  1.237891e-01 -2.087775e-01  9.000000e+00
 3.175764e-02  1.218741e-01 -1.965299e-01  9.000000e+00
 3.252883e-02  1.218099e-01 -1.867555e-01  9.000000e+00
 9.692376e-03  1.257968e-01 -2.009936e-01  9.000000e+00
 1.513227e-02  1.238313e-01 -1.713706e-01  9.000000e+00
 3.210531e-02  1.217817e-01 -1.959128e-01  9.000000e+00
 1.888175e-02  1.233043e-01 -1.720361e-01  9.000000e+00
 4.648868e-03  1.263023e-01 -1.913946e-01  9.000000e+00
 1.872934e-02  1.219119e-01 -1.638640e-01  9.000000e+00
 1.023856e-02  1.254670e-01 -1.784696e-01  9.000000e+00
 7.316760e-03  1.260832e-01 -1.970789e-01  9.000000e+00
 2.521724e-02  1.231447e-01 -1.798238e-01  9.000000e+00
 1.296100e-02  1.257607e-01 -1.858216e-01  9.000000e+00
 2.603677e-02  1.231327e-01 -1.814145e-01  9.000000e+00
 1.097872e-02  1.253849e-01 -2.044292e-01  9.000000e+00
 1.145235e-02  1.259997e-01 -1.983141e-01  9.000000e+00
 2.707959e-02  1.234257e-01 -1.971789e-01  9.000000e+00
 1.937289e-02  1.233476e-01 -1.728871e-01  9.000000e+00
 1.309489e-02  1.246491e-01 -2.087206e-01  9.000000e+00
 2.073466e-02  1.248172e-01 -2.002258e-01  9.000000e+00
 1.289565e-02  1.255500e-01 -1.828648e-01  9.000000e+00
 1.729450e-02  1.255097e-01 -1.944485e-01  9.000000e+00
 3.875834e-03  1.263714e-01 -1.868947e-01  9.000000e+00
 2.693522e-02  1.234927e-01 -1.964536e-01  9.000000e+00
 1.726887e-02  1.254665e-01 -1.982396e-01  9.000000e+00
 2.539416e-02  1.230029e-01 -2.066048e-01  9.000000e+00
 2.332634e-02  1.227987e-01 -1.740621e-01  9.000000e+00
 1.198326e-02  1.250313e-01 -2.066997e-01  9.000000e+00
 9.632433e-03  1.255993e-01 -2.025872e-01  9.000000e+00
 2.777370e-02  1.226357e-01 -1.802541e-01  9.000000e+00
 2.422332e-02  1.224605e-01 -1.729075e-01  9.000000e+00
 3.139451e-02  1.217060e-01 -1.997060e-01  9.000000e+00
 2.215792e-02  1.244262e-01 -1.876248e-01  9.000000e+00
 1.497129e-02  1.257926e-01 -1.923023e-01  9.000000e+00
 2.240197e-02  1.240651e-01 -2.049851e-01  9.000000e+00
 2.338365e-02  1.243369e-01 -1.984228e-01  9.000000e+00
 2.056517e-02  1.242832e-01 -1.820963e-01  9.000000e+00
 2.738224e-02  1.223968e-01 -1.772486e-01  9.000000e+00
 2.593422e-02  1.230061e-01 -2.055018e-01  9.000000e+00
 2.122631e-02  1.241164e-01 -1.816343e-01  9.000000e+00
 2.205804e-02  1.244807e-01 -2.013604e-01  9.000000e+00
 2.419942e-02  1.238446e-01 -2.028800e-01  9.000000e+00
 1.684686e-02  1.244487e-01 -2.088335e-01  9.000000e+00
 3.277488e-02  1.217124e-01 -1.860613e-01  9.000000e+00
 2.127256e-02  1.231536e-01 -1.738738e-01  9.000000e+00
 1.477558e-02  1.241203e-01 -2.109497e-01  9.000000e+00
