-0.1141931234 -0.1812761018 -0.5485145665  1.0000000000
-0.0458951076 -0.0651357301 -0.1490309324  1.0000000000
-0.0116298423 -0.0133339307 -0.0123066548  1.0000000000
-0.0212393916 -0.0253249992 -0.0263647414  1.0000000000
-0.1294881956 -0.2088128038 -0.6583371853  1.0000000000
-0.0278291643 -0.0334707078 -0.0354819160  1.0000000000
-0.1287400906 -0.2082763357 -0.6610697613  1.0000000000
-0.1364874622 -0.2207117270 -0.6965880108  1.0000000000
-0.1061209391 -0.1676853675 -0.5025957768  1.0000000000
-0.0523186685 -0.0798851085 -0.2259824036  1.0000000000
-0.1043200027 -0.1648056309 -0.4940635091  1.0000000000
-0.0882658021 -0.1418469235 -0.4457363825  1.0000000000
-0.0618162368 -0.0957619113 -0.2801986658  1.0000000000
-0.0306753421 -0.0374260603 -0.0433802325  1.0000000000
-0.0168999409 -0.0211015425 -0.0323445979  1.0000000000
-0.0189159843 -0.0238989503 -0.0382283291  1.0000000000
-0.0258341993 -0.0347163684 -0.0693170674  1.0000000000
-0.0640968587 -0.0974835643 -0.2730880125  1.0000000000
-0.0757562622 -0.1133904053 -0.2984444921  1.0000000000
-0.0471398472 -0.0694500646 -0.1809241370  1.0000000000
-0.1333881074 -0.2159637960 -0.6862218094  1.0000000000
-0.1287599863 -0.2081210573 -0.6594323896  1.0000000000
-0.0737236954 -0.1150663607 -0.3413175202  1.0000000000
-0.1082971355 -0.1718409797 -0.5201385786  1.0000000000
-0.0417762071 -0.0605256054 -0.1511803613  1.0000000000
-0.0247266224 -0.0294216720 -0.0294127001  1.0000000000
-0.1165386835 -0.1850557691 -0.5602212544  1.0000000000
-0.0656481467 -0.0981706416 -0.2595263646  1.0000000000
-0.0943182365 -0.1479368624 -0.4365561342  1.0000000000
-0.0369210505 -0.0522271863 -0.1217306431  1.0000000000
-0.1360279448 -0.2207630945 -0.7028025272  1.0000000000
-0.0551706363 -0.0795169687 -0.1895700166  1.0000000000
-0.0255027880 -0.0347545155 -0.0731488340  1.0000000000
-0.0616920713 -0.0934657500 -0.2583297924  1.0000000000
-0.1058172907 -0.1711030052 -0.5428826442  1.0000000000
-0.1344084526 -0.2176529853 -0.6917150540  1.0000000000
-0.0336482174 -0.0469696169 -0.1044058055  1.0000000000
-0.0404979268 -0.0565372199 -0.1234252702  1.0000000000
-0.0317928855 -0.0438260045 -0.0945230740  1.0000000000
-0.0351088792 -0.0492000770 -0.1121069962  1.0000000000
-0.0811407069 -0.1274160138 -0.3806520834  1.0000000000
-0.0192231231 -0.0226676421 -0.0223895662  1.0000000000
-0.0500711993 -0.0725353027 -0.1765479894  1.0000000000
-0.1280995751 -0.2077037139 -0.6604964135  1.0000000000
-0.1351285498 -0.2189809465 -0.6949210274  1.0000000000
-0.0519962227 -0.0776714441 -0.2091954514  1.0000000000
-0.0309069260 -0.0374207039 -0.0409126194  1.0000000000
-0.0362589946 -0.0500335195 -0.1055187648  1.0000000000
-0.0307703478 -0.0374376567 -0.0425253671  1.0000000000
-0.0566665402 -0.0860754397 -0.2411179485  1.0000000000
-0.0285050901 -0.0342374824 -0.0356426178  1.0000000000
-0.0174778390 -0.0220948719 -0.0350562472  1.0000000000
-0.0271025598 -0.0356836566 -0.0644040742  1.0000000000
-0.1135605401 -0.1820208706 -0.5646339920  1.0000000000
-0.0641103388 -0.0935337581 -0.2299146285  1.0000000000
-0.0393845189 -0.0563652055 -0.1359148092  1.0000000000
-0.0147451219 -0.0178506473 -0.0230073682  1.0000000000
-0.0733874829 -0.1101403274 -0.2925422931  1.0000000000
-0.0700644886 -0.1034856614 -0.2628975161  1.0000000000
-0.0645437680 -0.0944351194 -0.2340561465  1.0000000000
-0.0631303010 -0.0956806481 -0.2650574348  1.0000000000
-0.1149671791 -0.1823702595 -0.5508388458  1.0000000000
-0.0247153460 -0.0297744238 -0.0326313815  1.0000000000
-0.1062066730 -0.1716589180 -0.5444344916  1.0000000000
-0.0277930932 -0.0333659204 -0.0347138253  1.0000000000
-0.1043340775 -0.1647542389 -0.4932206825  1.0000000000
-0.0711886239 -0.1101074491 -0.3202688683  1.0000000000
-0.0269262406 -0.0335764039 -0.0459652231  1.0000000000
-0.0184649450 -0.0216565659 -0.0205605986  1.0000000000
-0.0260064386 -0.0347843800 -0.0688545245  1.0000000000
-0.0291504592 -0.0357698122 -0.0434881882  1.0000000000
-0.0196546033 -0.0231192415 -0.0222103516  1.0000000000
-0.0558244739 -0.0841584885 -0.2303294089  1.0000000000
-0.1267538447 -0.2057133359 -0.6556696873  1.0000000000
-0.1282282075 -0.2067136315 -0.6487983109  1.0000000000
-0.0474012761 -0.0687254223 -0.1681853981  1.0000000000
-0.0318333545 -0.0434491031 -0.0892040587  1.0000000000
-0.0393576292 -0.0558057080 -0.1283799806  1.0000000000
-0.1154463362 -0.1833233901 -0.5552121298  1.0000000000
-0.0241222584 -0.0323515289 -0.0646795748  1.0000000000
-0.0124286192 -0.0147583093 -0.0176363754  1.0000000000
-0.1344735877 -0.2184093267 -0.6969054620  1.0000000000
-0.0345257449 -0.0475984682 -0.1004229575  1.0000000000
-0.0846291662 -0.1323018576 -0.3896147125  1.0000000000
-0.1194886381 -0.1918231202 -0.5994323888  1.0000000000
-0.0771883985 -0.1158543126 -0.3070963043  1.0000000000
-0.0783882117 -0.1188889584 -0.3243026925  1.0000000000
-0.0402116359 -0.0577703317 -0.1410497435  1.0000000000
-0.0948676484 -0.1480286656 -0.4318210949  1.0000000000
-0.1346077969 -0.2177138366 -0.6872155553  1.0000000000
-0.0730570440 -0.1146539853 -0.3441620813  1.0000000000
-0.0380934768 -0.0542789332 -0.1291723200  1.0000000000
-0.1272684602 -0.2056678084 -0.6493149384  1.0000000000
-0.0557221455 -0.0830625087 -0.2215090779  1.0000000000
-0.0275719240 -0.0330926865 -0.0346114210  1.0000000000
-0.1268210243 -0.2043638252 -0.6437115109  1.0000000000
-0.0484079324 -0.0685243635 -0.1551285221  1.0000000000
-0.1173960914 -0.1882397139 -0.5869078636  1.0000000000
-0.0575330559 -0.0877040472 -0.2465549016  1.0000000000
-0.1272516282 -0.2049052376 -0.6405727700  1.0000000000
-0.0299180578 -0.0358596006 -0.0335374529  2.0000000000
-0.0360893078 -0.0442124273 -0.0432638286  2.0000000000
-0.0263911768 -0.0318704496 -0.0303796048  2.0000000000
-0.0366518171 -0.0450240662 -0.0442787079  2.0000000000
-0.0382192319 -0.0467217270 -0.0454906482  2.0000000000
-0.0266154367 -0.0316021534 -0.0289928741  2.0000000000
-0.0258605958 -0.0308339878 -0.0285794419  2.0000000000
-0.0282593378 -0.0341262996 -0.0325023259  2.0000000000
-0.0210015155 -0.0246063454 -0.0219886130  2.0000000000
-0.0311907045 -0.0374672507 -0.0351919057  2.0000000000
-0.0331284574 -0.0402871986 -0.0388625061  2.0000000000
-0.0393478399 -0.0483271740 -0.0474690149  2.0000000000
-0.0380649823 -0.0465615759 -0.0453885399  2.0000000000
-0.0460659271 -0.0570395018 -0.0568955277  2.0000000000
-0.0257777743 -0.0308293592 -0.0287746903  2.0000000000
-0.0316498553 -0.0383568933 -0.0367448229  2.0000000000
-0.0340100551 -0.0416218072 -0.0406548846  2.0000000000
-0.0204748552 -0.0241995709 -0.0220685402  2.0000000000
-0.0263261523 -0.0316577848 -0.0299007106  2.0000000000
-0.0411304891 -0.0507418708 -0.0502961170  2.0000000000
-0.0265660466 -0.0319692550 -0.0302385578  2.0000000000
-0.0291776028 -0.0348750531 -0.0324277855  2.0000000000
-0.0441517457 -0.0544699912 -0.0539660350  2.0000000000
-0.0231200466 -0.0272086107 -0.0245226443  2.0000000000
-0.0351056871 -0.0431057724 -0.0423822313  2.0000000000
-0.0273761825 -0.0329848920 -0.0312617094  2.0000000000
-0.0195508906 -0.0232958878 -0.0216648129  2.0000000000
-0.0422977655 -0.0522264473 -0.0518431348  2.0000000000
-0.0434977158 -0.0536094247 -0.0530153883  2.0000000000
-0.0388864844 -0.0478332354 -0.0471554244  2.0000000000
-0.0155349830 -0.0179325045 -0.0155763353  2.0000000000
-0.0179698219 -0.0209704223 -0.0186341528  2.0000000000
-0.0281452947 -0.0337610234 -0.0316653175  2.0000000000
-0.0338805194 -0.0412191196 -0.0397537758  2.0000000000
-0.0296650255 -0.0358888286 -0.0342721336  2.0000000000
-0.0415856848 -0.0512068144 -0.0505508265  2.0000000000
-0.0436648522 -0.0538458574 -0.0533062028  2.0000000000
-0.0415496921 -0.0513152221 -0.0509701855  2.0000000000
-0.0425150493 -0.0525333901 -0.0522237943  2.0000000000
-0.0354363815 -0.0431634043 -0.0417381128  2.0000000000
-0.0440539977 -0.0545333722 -0.0543867966  2.0000000000
-0.0212943185 -0.0250212070 -0.0224952067  2.0000000000
-0.0285322885 -0.0345130188 -0.0329715654  2.0000000000
-0.0330707976 -0.0401172867 -0.0384945349  2.0000000000
-0.0144440614 -0.0167547143 -0.0147599066  2.0000000000
-0.0307818656 -0.0373163484 -0.0357908829  2.0000000000
-0.0197144658 -0.0231091166 -0.0207103225  2.0000000000
-0.0323372061 -0.0393405705 -0.0379932057  2.0000000000
-0.0223304193 -0.0267570687 -0.0251386960  2.0000000000
-0.0241950638 -0.0290177004 -0.0272673843  2.0000000000
-0.0233496648 -0.0274828418 -0.0247806836  2.0000000000
-0.0344526211 -0.0418873220 -0.0403548169  2.0000000000
-0.0433706100 -0.0535495041 -0.0531406200  2.0000000000
-0.0400301827 -0.0491692731 -0.0483299428  2.0000000000
-0.0357645573 -0.0436015249 -0.0422313570  2.0000000000
-0.0406642470 -0.0500424290 -0.0493609788  2.0000000000
-0.0262277287 -0.0317180398 -0.0303227507  2.0000000000
-0.0345902162 -0.0420752749 -0.0405735171  2.0000000000
-0.0154203982 -0.0180081119 -0.0160880287  2.0000000000
-0.0416952973 -0.0514758124 -0.0510905550  2.0000000000
-0.0275045589 -0.0331529998 -0.0314459159  2.0000000000
-0.0445810826 -0.0551434405 -0.0548946101  2.0000000000
-0.0250568624 -0.0300825973 -0.0283312403  2.0000000000
-0.0249993701 -0.0300098830 -0.0282577542  2.0000000000
-0.0321160021 -0.0389542905 -0.0373790060  2.0000000000
-0.0112388084 -0.0127953347 -0.0108468713  2.0000000000
-0.0177638931 -0.0209092154 -0.0189669234  2.0000000000
-0.0464837503 -0.0576135490 -0.0575751686  2.0000000000
-0.0260286390 -0.0312850752 -0.0295244828  2.0000000000
-0.0202253507 -0.0239821872 -0.0220408574  2.0000000000
-0.0445096655 -0.0549716195 -0.0545758263  2.0000000000
-0.0306608236 -0.0371186934 -0.0354816613  2.0000000000
-0.0355248597 -0.0432372909 -0.0417463994  2.0000000000
-0.0393257771 -0.0483596161 -0.0476250456  2.0000000000
-0.0285719276 -0.0347112804 -0.0334655021  2.0000000000
-0.0418890717 -0.0517342509 -0.0513837100  2.0000000000
-0.0329660062 -0.0400018681 -0.0384000293  2.0000000000
-0.0387745800 -0.0476774809 -0.0469701689  2.0000000000
-0.0278613692 -0.0334184088 -0.0313419094  2.0000000000
-0.0186436554 -0.0220213415 -0.0201169174  2.0000000000
-0.0373217777 -0.0458336265 -0.0450373435  2.0000000000
-0.0418331361 -0.0516656084 -0.0513169310  2.0000000000
-0.0265452898 -0.0319248003 -0.0301625034  2.0000000000
-0.0444288641 -0.0548149665 -0.0543121030  2.0000000000
-0.0325892414 -0.0394804764 -0.0377554257  2.0000000000
-0.0400826161 -0.0492905625 -0.0485303572  2.0000000000
-0.0313626987 -0.0379905116 -0.0363593877  2.0000000000
-0.0422676724 -0.0522085494 -0.0518650114  2.0000000000
-0.0409723379 -0.0505249841 -0.0500375917  2.0000000000
-0.0327390225 -0.0395581617 -0.0376096034  2.0000000000
-0.0377277431 -0.0461409051 -0.0449422484  2.0000000000
-0.0170782669 -0.0198031495 -0.0173466088  2.0000000000
-0.0225619973 -0.0269530963 -0.0251447061  2.0000000000
-0.0397289612 -0.0490187536 -0.0486106351  2.0000000000
-0.0245575942 -0.0294827378 -0.0277808721  2.0000000000
-0.0393256645 -0.0483668929 -0.0476670639  2.0000000000
-0.0225316869 -0.0269046536 -0.0250963975  2.0000000000
-0.0322951287 -0.0391927428 -0.0376400806  2.0000000000
-0.0243995132 -0.0291153437 -0.0270523445  2.0000000000
-0.0465427612 -0.0576720007 -0.0576044020  2.0000000000
-0.0287781406 -0.0368132944 -0.0437546249  3.0000000000
-0.0172533909 -0.0210199967 -0.0224334545  3.0000000000
-0.0284119754 -0.0362483427 -0.0424275593  3.0000000000
-0.0609275864 -0.0847519336 -0.1223051956  3.0000000000
-0.0154203689 -0.0187433169 -0.0200047885  3.0000000000
-0.0287777697 -0.0367713147 -0.0434821670  3.0000000000
-0.0529928067 -0.0722334113 -0.0996391006  3.0000000000
-0.0454510229 -0.0624004131 -0.0884924998  3.0000000000
-0.0552972801 -0.0741950277 -0.0980169615  3.0000000000
-0.0849560514 -0.1199960243 -0.1785875999  3.0000000000
-0.0885034207 -0.1257588725 -0.1892099233  3.0000000000
-0.0868650989 -0.1233388628 -0.1849300565  3.0000000000
-0.0789200143 -0.1113579121 -0.1656613212  3.0000000000
-0.0710940746 -0.0997602913 -0.1464855208  3.0000000000
-0.0861139185 -0.1227587456 -0.1865106098  3.0000000000
-0.0663413643 -0.0914597126 -0.1283044062  3.0000000000
-0.0636909280 -0.0856249682 -0.1124133806  3.0000000000
-0.0765676909 -0.1086148457 -0.1636503933  3.0000000000
-0.0429922030 -0.0588228944 -0.0828708654  3.0000000000
-0.0728123175 -0.1022683831 -0.1508176234  3.0000000000
-0.0270144972 -0.0351090191 -0.0440244436  3.0000000000
-0.0193345679 -0.0238058336 -0.0261632307  3.0000000000
-0.0281455324 -0.0367036592 -0.0463608020  3.0000000000
-0.0792504334 -0.1114007083 -0.1633866534  3.0000000000
-0.0184528905 -0.0225395400 -0.0242140034  3.0000000000
-0.0381431986 -0.0498130473 -0.0617745478  3.0000000000
-0.0566329008 -0.0762464450 -0.1015558912  3.0000000000
-0.0565450530 -0.0755059894 -0.0975621505  3.0000000000
-0.0472398644 -0.0638643117 -0.0867247838  3.0000000000
-0.0920967361 -0.1317871788 -0.2013227578  3.0000000000
-0.0326658640 -0.0436761440 -0.0587184499  3.0000000000
-0.0374783527 -0.0509086226 -0.0706918896  3.0000000000
-0.0331058176 -0.0437427341 -0.0569937853  3.0000000000
-0.0680602090 -0.0939847812 -0.1323370147  3.0000000000
-0.0490811707 -0.0649595906 -0.0824391590  3.0000000000
-0.0528165476 -0.0706911536 -0.0927392143  3.0000000000
-0.0502919395 -0.0670754487 -0.0870549976  3.0000000000
-0.0403070159 -0.0527533416 -0.0659184928  3.0000000000
-0.0476596092 -0.0647417109 -0.0891685251  3.0000000000
-0.0216913346 -0.0272936829 -0.0317397702  3.0000000000
-0.0615402816 -0.0824536579 -0.1073176785  3.0000000000
-0.0540837051 -0.0751765459 -0.1086348117  3.0000000000
-0.0642618279 -0.0865197935 -0.1140222543  3.0000000000
-0.0972816040 -0.1394945212 -0.2141188178  3.0000000000
-0.0360196264 -0.0469864847 -0.0579821730  3.0000000000
-0.0591475341 -0.0815576982 -0.1151853646  3.0000000000
-0.0560067089 -0.0747349214 -0.0963993141  3.0000000000
-0.0358976467 -0.0484104728 -0.0662687895  3.0000000000
-0.0725778649 -0.1027235822 -0.1538285042  3.0000000000
-0.0897683445 -0.1277621714 -0.1925195903  3.0000000000
-0.0922075106 -0.1315960878 -0.1998385050  3.0000000000
-0.0262238202 -0.0346077525 -0.0453124828  3.0000000000
-0.0250833977 -0.0316406260 -0.0363339896  3.0000000000
-0.0531579493 -0.0724840192 -0.1001690020  3.0000000000
-0.0212824967 -0.0263200481 -0.0285787801  3.0000000000
-0.0211114338 -0.0253928822 -0.0254579280  3.0000000000
-0.0815849163 -0.1154616112 -0.1727886688  3.0000000000
-0.0974840999 -0.1393505067 -0.2124399502  3.0000000000
-0.0610103629 -0.0831388512 -0.1134587020  3.0000000000
-0.0260895884 -0.0335223446 -0.0409954574  3.0000000000
-0.0230657763 -0.0281322672 -0.0293998208  3.0000000000
-0.0310360105 -0.0396047437 -0.0463843535  3.0000000000
-0.0465779219 -0.0623328265 -0.0821905785  3.0000000000
-0.0647601291 -0.0902143921 -0.1309230623  3.0000000000
-0.0169252355 -0.0205578584 -0.0217480797  3.0000000000
-0.0565611544 -0.0775556059 -0.1086844572  3.0000000000
-0.0599103478 -0.0813640089 -0.1106366414  3.0000000000
-0.0528305719 -0.0703210974 -0.0904346198  3.0000000000
-0.0606916493 -0.0844334921 -0.1223066049  3.0000000000
-0.0578396250 -0.0800222936 -0.1141069582  3.0000000000
-0.1013878209 -0.1455055420 -0.2233124457  3.0000000000
-0.0766152142 -0.1080325141 -0.1602018720  3.0000000000
-0.0197814832 -0.0244899307 -0.0269197756  3.0000000000
-0.1032453724 -0.1481867492 -0.2273061051  3.0000000000
-0.0694380804 -0.0965871162 -0.1393794262  3.0000000000
-0.0950145829 -0.1362817285 -0.2092750722  3.0000000000
-0.0209627987 -0.0252233586 -0.0253349320  3.0000000000
-0.0974197441 -0.1396126617 -0.2136582450  3.0000000000
-0.1062207801 -0.1528167822 -0.2356660987  3.0000000000
-0.0615744665 -0.0825801894 -0.1077588837  3.0000000000
-0.0227842372 -0.0279022352 -0.0295768632  3.0000000000
-0.0661860050 -0.0912703005 -0.1285927472  3.0000000000
-0.0494995210 -0.0667593712 -0.0894763678  3.0000000000
-0.0833918681 -0.1179334264 -0.1752854380  3.0000000000
-0.0651257206 -0.0894720981 -0.1247000037  3.0000000000
-0.1018686208 -0.1461282279 -0.2242774128  3.0000000000
-0.0669598529 -0.0943951941 -0.1403297544  3.0000000000
-0.1046905871 -0.1506062065 -0.2324030472  3.0000000000
-0.0186780310 -0.0225484942 -0.0229293484  3.0000000000
-0.0451857560 -0.0621139209 -0.0882886118  3.0000000000
-0.0736856004 -0.1029403793 -0.1498715935  3.0000000000
-0.0203193948 -0.0243491913 -0.0241433488  3.0000000000
-0.0879018814 -0.1245282104 -0.1864357440  3.0000000000
-0.0200255600 -0.0248314993 -0.0278147468  3.0000000000
-0.0486302465 -0.0645406621 -0.0824398318  3.0000000000
-0.0699710112 -0.0970183773 -0.1380040531  3.0000000000
-0.0330776043 -0.0442491138 -0.0595587378  3.0000000000
-0.0352848472 -0.0458686457 -0.0562774608  3.0000000000
-0.0197534333 -0.0244955991 -0.0274519424  3.0000000000
-0.0571683050 -0.0771255806 -0.1032456752  3.0000000000
-0.0206682707 -0.0300482410  0.0639687666  4.0000000000
-0.1768032884 -0.3370370466  1.5593798673  4.0000000000
-0.1657750644 -0.3138881967  1.4309926280  4.0000000000
-0.0360420607 -0.0603192522  0.2126482648  4.0000000000
-0.0357137855 -0.0547551214  0.1350583240  4.0000000000
-0.0170799982 -0.0244000469  0.0478392906  4.0000000000
-0.1839140907 -0.3542134791  1.6730111832  4.0000000000
-0.1959821305 -0.3780407711  1.7898171765  4.0000000000
-0.1927580232 -0.3697490989  1.7321327392  4.0000000000
-0.0868734193 -0.1480749667  0.5141208276  4.0000000000
-0.0341222696 -0.0525797789  0.1332575973  4.0000000000
-0.0698854859 -0.1156988608  0.3667458428  4.0000000000
-0.0157721397 -0.0190460542 -0.0012195772  4.0000000000
-0.0683860805 -0.1187126551  0.4498577321  4.0000000000
-0.0309639860 -0.0496612440  0.1541435682  4.0000000000
-0.1520757412 -0.2851274268  1.2746429548  4.0000000000
-0.0490502958 -0.0835660952  0.3052131932  4.0000000000
-0.1611205016 -0.3058357582  1.4007092519  4.0000000000
-0.1670826876 -0.3175039798  1.4619033393  4.0000000000
-0.2132654069 -0.4116735078  1.9504521651  4.0000000000
-0.0354206390 -0.0569004980  0.1749724561  4.0000000000
-0.0166661899 -0.0203528703  0.0011907273  4.0000000000
-0.0606208927 -0.1055376300  0.4011454781  4.0000000000
-0.1309414882 -0.2426405739  1.0592874139  4.0000000000
-0.0910040465 -0.1631114523  0.6578173802  4.0000000000
-0.0566747482 -0.0979330221  0.3696529235  4.0000000000
-0.0220883386 -0.0327097042  0.0756018364  4.0000000000
-0.1018289342 -0.1853664684  0.7805235484  4.0000000000
-0.0174712309 -0.0218023519  0.0068951510  4.0000000000
-0.1397431522 -0.2658902171  1.2311768675  4.0000000000
-0.1453615054 -0.2727789873  1.2248869379  4.0000000000
-0.0705650767 -0.1198686236  0.4163502946  4.0000000000
-0.1206080923 -0.2221577101  0.9606700360  4.0000000000
-0.0573787101 -0.0968547803  0.3411052257  4.0000000000
-0.0743456561 -0.1338312155  0.5532701013  4.0000000000
-0.0465364345 -0.0746726228  0.2182154954  4.0000000000
-0.0186675350 -0.0255600349  0.0373944020  4.0000000000
-0.0331145507 -0.0509803865  0.1339892207  4.0000000000
-0.0999361239 -0.1831636505  0.7850751411  4.0000000000
-0.1559903901 -0.2945121642  1.3368558976  4.0000000000
-0.0154874089 -0.0201604381  0.0170044612  4.0000000000
-0.1067995006 -0.1952451766  0.8292593010  4.0000000000
-0.2233504841 -0.4325598686  2.0631402678  4.0000000000
-0.0456265276 -0.0740799170  0.2332190028  4.0000000000
-0.0419903181 -0.0698118408  0.2372729691  4.0000000000
-0.1448639447 -0.2711821412  1.2079956370  4.0000000000
-0.0851981163 -0.1440760011  0.4874273026  4.0000000000
-0.1716473754 -0.3283821310  1.5293266955  4.0000000000
-0.0456157475 -0.0735201874  0.2185561043  4.0000000000
-0.1258549823 -0.2339142732  1.0290788328  4.0000000000
-0.0737800206 -0.1228091447  0.3959079598  4.0000000000
-0.0587317427 -0.1018414066  0.3819246610  4.0000000000
-0.0988496864 -0.1799689341  0.7551417024  4.0000000000
-0.0258993679 -0.0393446483  0.1004820377  4.0000000000
-0.1216656385 -0.2254001191  0.9827650637  4.0000000000
-0.0323699193 -0.0532680506  0.1784407199  4.0000000000
-0.0423895590 -0.0731698257  0.2786245764  4.0000000000
-0.0766264194 -0.1292611662  0.4364569410  4.0000000000
-0.0316227360 -0.0482906467  0.1230127997  4.0000000000
-0.1138175855 -0.2085510544  0.8921806700  4.0000000000
-0.1123712978 -0.2060451328  0.8806464262  4.0000000000
-0.0255285804 -0.0386759544  0.0977515270  4.0000000000
-0.0209498772 -0.0285093735  0.0372207423  4.0000000000
-0.0904281730 -0.1554930176  0.5543968001  4.0000000000
-0.0354843276 -0.0575552441  0.1833832457  4.0000000000
-0.0382941980 -0.0604631497  0.1738862161  4.0000000000
-0.0356113975 -0.0561421805  0.1601682866  4.0000000000
-0.1077424615 -0.2026169898  0.9193464239  4.0000000000
-0.1098635887 -0.2019506451  0.8672189773  4.0000000000
-0.2132927633 -0.4131312084  1.9721524553  4.0000000000
-0.0327864849 -0.0495532701  0.1151977162  4.0000000000
-0.0532582083 -0.0925086712  0.3522380974  4.0000000000
-0.1136154334 -0.2087254280  0.8978004840  4.0000000000
-0.0823928464 -0.1485531358  0.6129936407  4.0000000000
-0.0797676960 -0.1407726956  0.5541039854  4.0000000000
-0.0177442037 -0.0237570114  0.0266472485  4.0000000000
-0.0673352571 -0.1183857195  0.4627414484  4.0000000000
-0.1503906456 -0.2817718051  1.2573796958  4.0000000000
-0.2181601129 -0.4223511463  2.0139107257  4.0000000000
-0.0532845465 -0.0862832592  0.2557506794  4.0000000000
-0.0553184668 -0.0964515995  0.3716960042  4.0000000000
-0.1690041855 -0.3216207515  1.4811147771  4.0000000000
-0.1053892416 -0.1881449457  0.7455617671  4.0000000000
-0.0252481866 -0.0361009093  0.0661786696  4.0000000000
-0.0610335059 -0.1037056253  0.3715003422  4.0000000000
-0.0361558041 -0.0559877108  0.1428516142  4.0000000000
-0.0188637127 -0.0267079278  0.0495346591  4.0000000000
-0.1872692711 -0.3615226632  1.7166997684  4.0000000000
-0.0843293761 -0.1530501816  0.6454180207  4.0000000000
-0.0338782742 -0.0531883307  0.1509905350  4.0000000000
-0.1055845173 -0.1946236528  0.8433257750  4.0000000000
-0.0808328332 -0.1439654377  0.5804283607  4.0000000000
-0.0516579473 -0.0880217877  0.3195710875  4.0000000000
-0.0871274518 -0.1477599955  0.5042557474  4.0000000000
-0.0150480437 -0.0180043406 -0.0030325974  4.0000000000
-0.1233697407 -0.2277621395  0.9814597164  4.0000000000
-0.0697059647 -0.1187585544  0.4174601087  4.0000000000
-0.0250320468 -0.0386143798  0.1051897570  4.0000000000
-0.2129301475 -0.4123238187  1.9675991134  4.0000000000
-0.1417007882 -0.2651724262  1.1841942533  4.0000000000
-0.0899183432 -0.1322429190 -0.2371650802  5.0000000000
-0.0322748467 -0.0422630545 -0.0563922068  5.0000000000
-0.0386806324 -0.0555767349 -0.0974856550  5.0000000000
-0.1153002630 -0.1737550288 -0.3288772420  5.0000000000
-0.0647304604 -0.0939908884 -0.1649270125  5.0000000000
-0.0290969418 -0.0371339405 -0.0457319825  5.0000000000
-0.0912933963 -0.1322797386 -0.2272580484  5.0000000000
-0.0393784492 -0.0514771740 -0.0657605693  5.0000000000
-0.0297519873 -0.0380763192 -0.0463416868  5.0000000000
-0.0404377386 -0.0548239017 -0.0812696742  5.0000000000
-0.0652745225 -0.0894099799 -0.1308105061  5.0000000000
-0.0199349867 -0.0242283052 -0.0254169475  5.0000000000
-0.0997618988 -0.1501506077 -0.2854536319  5.0000000000
-0.0212442374 -0.0251118073 -0.0239588601  5.0000000000
-0.0194109422 -0.0226176196 -0.0204335009  5.0000000000
-0.0654929352 -0.0907290236 -0.1377006996  5.0000000000
-0.0629174965 -0.0855471800 -0.1216458681  5.0000000000
-0.0825827587 -0.1221355293 -0.2227662158  5.0000000000
-0.0883395394 -0.1276228711 -0.2178942377  5.0000000000
-0.1173386374 -0.1774528238 -0.3395091233  5.0000000000
-0.0503863636 -0.0670532945 -0.0903877839  5.0000000000
-0.0622128388 -0.0833104660 -0.1127037132  5.0000000000
-0.0955441784 -0.1410337547 -0.2547141725  5.0000000000
-0.0973352104 -0.1426690821 -0.2522794086  5.0000000000
-0.0207630473 -0.0250475546 -0.0258610595  5.0000000000
-0.0638196247 -0.0898835244 -0.1451644259  5.0000000000
-0.0515314154 -0.0688070230 -0.0929604984  5.0000000000
-0.0335926057 -0.0460554743 -0.0711372145  5.0000000000
-0.0706636767 -0.1029516340 -0.1817150084  5.0000000000
-0.0393864924 -0.0509997401 -0.0633099709  5.0000000000
-0.1151162859 -0.1734113853 -0.3279096129  5.0000000000
-0.0689295659 -0.1006313295 -0.1787111057  5.0000000000
-0.0202887845 -0.0238737109 -0.0224065881  5.0000000000
-0.0993012569 -0.1462049682 -0.2615069456  5.0000000000
-0.0676685139 -0.0916751338 -0.1286032490  5.0000000000
-0.1042740881 -0.1563049244 -0.2923117241  5.0000000000
-0.0217603457 -0.0267841506 -0.0295370148  5.0000000000
-0.0488042036 -0.0646398820 -0.0856554257  5.0000000000
-0.0634529369 -0.0865491435 -0.1251646285  5.0000000000
-0.0864786326 -0.1295210487 -0.2442576707  5.0000000000
-0.0206573273 -0.0269313041 -0.0370450324  5.0000000000
-0.0634069897 -0.0859992525 -0.1212147126  5.0000000000
-0.0142011823 -0.0165797051 -0.0156986204  5.0000000000
-0.0622215972 -0.0836644858 -0.1149624370  5.0000000000
-0.0235005348 -0.0290508150 -0.0319232019  5.0000000000
-0.0188545073 -0.0228033453 -0.0236019333  5.0000000000
-0.0724526892 -0.1078201794 -0.2012920672  5.0000000000
-0.0596942027 -0.0801625140 -0.1095893374  5.0000000000
-0.1021183417 -0.1538485140 -0.2929532176  5.0000000000
-0.0518861218 -0.0697686406 -0.0977755189  5.0000000000
-0.0401659573 -0.0539722664 -0.0771069872  5.0000000000
-0.0403359661 -0.0546764227 -0.0810098680  5.0000000000
-0.0280721972 -0.0351681565 -0.0400113807  5.0000000000
-0.0761978171 -0.1093277534 -0.1832937787  5.0000000000
-0.1019492543 -0.1518236538 -0.2792174283  5.0000000000
-0.0551247086 -0.0734681492 -0.0983430043  5.0000000000
-0.1138733820 -0.1719637483 -0.3277659931  5.0000000000
-0.0399989152 -0.0526905181 -0.0704016358  5.0000000000
-0.0911340207 -0.1329523557 -0.2321196803  5.0000000000
-0.0334213891 -0.0424584759 -0.0500995787  5.0000000000
-0.0419465045 -0.0556030948 -0.0756313919  5.0000000000
-0.0172701799 -0.0209780033 -0.0223050084  5.0000000000
-0.0394206243 -0.0564375748 -0.0975225707  5.0000000000
-0.0465993146 -0.0609222786 -0.0774090459  5.0000000000
-0.0847434078 -0.1220631066 -0.2071419399  5.0000000000
-0.0712682728 -0.1038872051 -0.1835771228  5.0000000000
-0.0474063787 -0.0652174501 -0.1000546028  5.0000000000
-0.1015945710 -0.1530112816 -0.2912368148  5.0000000000
-0.0993070031 -0.1494422178 -0.2835740538  5.0000000000
-0.0762847937 -0.1113256791 -0.1967055880  5.0000000000
-0.0583885395 -0.0808292834 -0.1235144825  5.0000000000
-0.0209189638 -0.0245171632 -0.0225982210  5.0000000000
-0.0329929567 -0.0425388862 -0.0531061527  5.0000000000
-0.0660520545 -0.0909295785 -0.1347555810  5.0000000000
-0.0305074076 -0.0389096059 -0.0466689726  5.0000000000
-0.0623617012 -0.0887495329 -0.1474473666  5.0000000000
-0.0519199631 -0.0723375502 -0.1144137468  5.0000000000
-0.0649973058 -0.0873139471 -0.1191074713  5.0000000000
-0.0688803169 -0.1007881760 -0.1799876336  5.0000000000
-0.0950067310 -0.1408098903 -0.2561184726  5.0000000000
-0.0857815308 -0.1243306838 -0.2143313750  5.0000000000
-0.0604204197 -0.0815124325 -0.1130969265  5.0000000000
-0.1177577916 -0.1780303241 -0.3400378697  5.0000000000
-0.0459843186 -0.0600662642 -0.0761674310  5.0000000000
-0.0209810220 -0.0266932068 -0.0338188025  5.0000000000
-0.0985682908 -0.1440948818 -0.2526781298  5.0000000000
-0.0166313903 -0.0192507804 -0.0170867128  5.0000000000
-0.0176632180 -0.0205582693 -0.0186657422  5.0000000000
-0.0735710552 -0.1060867371 -0.1803967113  5.0000000000
-0.0357675248 -0.0488331343 -0.0741893140  5.0000000000
-0.0541476100 -0.0721777776 -0.0970984211  5.0000000000
-0.0631125777 -0.0887072031 -0.1426871508  5.0000000000
-0.0451107606 -0.0617512088 -0.0936346371  5.0000000000
-0.0869327157 -0.1259360388 -0.2161575053  5.0000000000
-0.0194002832 -0.0226098472 -0.0204576229  5.0000000000
-0.0457438189 -0.0664409637 -0.1188547002  5.0000000000
-0.0250267522 -0.0315348987 -0.0369711552  5.0000000000
-0.0143754004 -0.0168354469 -0.0161418466  5.0000000000
-0.1068798500 -0.1609411982 -0.3049001820  5.0000000000
-0.0552960769 -0.0814891637 -0.1494922884  5.0000000000
-0.0583623786  0.1332799866 -0.0062554100  6.0000000000
-0.0206118831 -0.0226912696 -0.0219450978  6.0000000000
-0.0366484174 -0.0190648319 -0.0362845214  6.0000000000
-0.0429820152 -0.0257007134 -0.0451183447  6.0000000000
-0.0491400925 -0.0508445026 -0.0599838089  6.0000000000
-0.0155811107 -0.0151770243 -0.0145397172  6.0000000000
-0.0534261382 -0.0414005425 -0.0606567673  6.0000000000
-0.3848635267  1.5257363139  0.1420092150  6.0000000000
-0.0368333091 -0.0401698987 -0.0438926386  6.0000000000
-0.0538468769 -0.0429538420 -0.0615986609  6.0000000000
-0.0496871866 -0.0529271056 -0.0608829155  6.0000000000
-0.0162096634 -0.0169342189 -0.0158829505  6.0000000000
-0.0367078907 -0.0357092889 -0.0419132867  6.0000000000
-0.0543122862 -0.0448009040 -0.0626877665  6.0000000000
-0.2521908970  0.9512441205  0.0794755901  6.0000000000
-0.0230454058 -0.0195206051 -0.0225016557  6.0000000000
-0.0790631879  0.2327067496  0.0075083633  6.0000000000
-0.0179649782 -0.0134106767 -0.0159405575  6.0000000000
-0.0261340517 -0.0159059292 -0.0244563043  6.0000000000
-0.5662069068  2.2610621269  0.2124968991  6.0000000000
-0.0339029794 -0.0372531899 -0.0405200944  6.0000000000
-0.0548186290 -0.0555706639 -0.0667601442  6.0000000000
-0.5116571739  2.0333539958  0.1893464433  6.0000000000
-0.0398387973 -0.0432473072 -0.0485011308  6.0000000000
-0.0325163397 -0.0337260446 -0.0382258013  6.0000000000
-0.4722086187  1.8919396491  0.1794119050  6.0000000000
-0.1448791788  0.5319625862  0.0423796233  6.0000000000
-0.1382564150  0.4783678297  0.0318905066  6.0000000000
-0.0208648450 -0.0125367691 -0.0182727543  6.0000000000
-0.0724346741  0.1897897975 -0.0006342681  6.0000000000
-0.0492639837 -0.0517119894 -0.0604395590  6.0000000000
-0.0998798911  0.3318740738  0.0197679870  6.0000000000
-0.1387410646  0.4837902357  0.0331333671  6.0000000000
-0.0164244861 -0.0039257630 -0.0121888603  6.0000000000
-0.0169535988 -0.0186232476 -0.0163849544  6.0000000000
-0.0184360885 -0.0183736359 -0.0180613924  6.0000000000
-0.0193551568 -0.0212897160 -0.0203094045  6.0000000000
-0.0342692760  0.0336745603 -0.0161523061  6.0000000000
-0.2694261051  1.0412116719  0.0921428390  6.0000000000
-0.0201062948 -0.0221837391 -0.0213486136  6.0000000000
-0.3189863064  1.2204969990  0.1051877600  6.0000000000
-0.0298675806  0.0431679959 -0.0088551236  6.0000000000
-0.0176046706 -0.0194583235 -0.0170937684  6.0000000000
-0.0427076057 -0.0365888997 -0.0482887812  6.0000000000
-0.6013600554  2.4077314222  0.2273827211  6.0000000000
-0.4621495611  1.8245699555  0.1677540934  6.0000000000
-0.0436886070  0.0416832537 -0.0227484142  6.0000000000
-0.0577948508 -0.0523168322 -0.0686842417  6.0000000000
-0.0166857374 -0.0162002821 -0.0155221777  6.0000000000
-0.5496146042  2.2041513697  0.2091639593  6.0000000000
-0.4383341205  1.7496987491  0.1648854410  6.0000000000
-0.2756040596  1.0514426390  0.0901929815  6.0000000000
-0.0928043397  0.2940067640  0.0141052983  6.0000000000
-0.0107278132 -0.0109527662 -0.0097463354  6.0000000000
-0.0309956653 -0.0335313212 -0.0355560077  6.0000000000
-0.0302374682 -0.0316142769 -0.0353700027  6.0000000000
-0.0190515595 -0.0119260510 -0.0173854617  6.0000000000
-0.0339771732 -0.0008463014 -0.0274066874  6.0000000000
-0.0311727201  0.0188912441 -0.0186599874  6.0000000000
-0.0152696555 -0.0151529450 -0.0142285166  6.0000000000
-0.1436803367  0.5286598363  0.0424051560  6.0000000000
-0.5012844412  2.0099286636  0.1907412123  6.0000000000
-0.0362511635 -0.0286808989 -0.0396915321  6.0000000000
-0.0178153618 -0.0038438521 -0.0130738962  6.0000000000
-0.3460171897  1.3336345981  0.1167343799  6.0000000000
-0.0230921509 -0.0214076108 -0.0232729462  6.0000000000
-0.0589202700 -0.0584503846 -0.0719180879  6.0000000000
-0.3682267177  1.4480765477  0.1324215914  6.0000000000
-0.0473273616  0.1030037518 -0.0051587515  6.0000000000
-0.0451162867 -0.0477146654 -0.0551344669  6.0000000000
-0.0390335483 -0.0250580995 -0.0410874745  6.0000000000
-0.3849830874  1.5286834225  0.1427523930  6.0000000000
-0.5169346959  2.0744280764  0.1971808630  6.0000000000
-0.1854818250  0.6873501124  0.0555035167  6.0000000000
-0.6060926565  2.4327013276  0.2309293528  6.0000000000
-0.1992159784  0.7271371068  0.0563460779  6.0000000000
-0.0183563640 -0.0199769499 -0.0177822570  6.0000000000
-0.0412764895 -0.0444653195 -0.0503962481  6.0000000000
-0.0539517653 -0.0556559737 -0.0659265979  6.0000000000
-0.0478192643 -0.0378901997 -0.0539913550  6.0000000000
-0.0397150644  0.0730513683 -0.0078878511  6.0000000000
-0.0148889154 -0.0138259631 -0.0143259620  6.0000000000
-0.4588952740  1.8129258670  0.1669369549  6.0000000000
-0.3068479470  1.1748398585  0.1014085844  6.0000000000
-0.0354359446 -0.0388561335 -0.0425933717  6.0000000000
-0.0328452982 -0.0356956383 -0.0382184322  6.0000000000
-0.0407883244 -0.0434235943 -0.0485621309  6.0000000000
-0.0557581030  0.1153760483 -0.0094114774  6.0000000000
-0.0180241994 -0.0197844446 -0.0174886140  6.0000000000
-0.4840159866  1.9344335447  0.1825582058  6.0000000000
-0.1658507925  0.6207068570  0.0516846562  6.0000000000
-0.1812854114  0.6542087327  0.0490457207  6.0000000000
-0.4988613515  1.9721053920  0.1816436467  6.0000000000
-0.5909638095  2.3661434827  0.2234965400  6.0000000000
-0.0183113250 -0.0197750047 -0.0176934171  6.0000000000
-0.1659209095  0.5889854137  0.0424810296  6.0000000000
-0.1281959420  0.4655441881  0.0362190928  6.0000000000
-0.0363846109  0.0590323528 -0.0095020837  6.0000000000
-0.0452475068 -0.0467489595 -0.0548375373  6.0000000000
-0.3283299226  1.2649259191  0.1107173502  6.0000000000
-0.0658396246 -0.0903846638 -0.1203576490  7.0000000000
-0.0933775301 -0.1293037559 -0.1745933099  7.0000000000
-0.0411564645 -0.0514552362 -0.0541573074  7.0000000000
-0.0111041628 -0.0125774530 -0.0105640250  7.0000000000
-0.0460440261 -0.0584398177 -0.0640372096  7.0000000000
-0.0345458681 -0.0436149927 -0.0481302608  7.0000000000
-0.0258829367 -0.0332281617 -0.0387939290  7.0000000000
-0.0376975021 -0.0466249678 -0.0477232793  7.0000000000
-0.0304891073 -0.0377070858 -0.0392574726  7.0000000000
-0.0735148819 -0.1003216433 -0.1314121429  7.0000000000
-0.0315724928 -0.0386801610 -0.0388824601  7.0000000000
-0.0300600564 -0.0361576700 -0.0342212865  7.0000000000
-0.0327444914 -0.0399146041 -0.0392659433  7.0000000000
-0.0928743015 -0.1286485751 -0.1738375840  7.0000000000
-0.0883035075 -0.1222429290 -0.1650770122  7.0000000000
-0.0263307151 -0.0315419941 -0.0297499046  7.0000000000
-0.0205145178 -0.0257636359 -0.0286993852  7.0000000000
-0.0266173456 -0.0320035092 -0.0304744813  7.0000000000
-0.0367405937 -0.0457574481 -0.0479190000  7.0000000000
-0.0310590945 -0.0374191637 -0.0355524619  7.0000000000
-0.0220999580 -0.0262351245 -0.0241719062  7.0000000000
-0.0541681559 -0.0717776927 -0.0880818654  7.0000000000
-0.0316759523 -0.0388985689 -0.0394249156  7.0000000000
-0.0326448558 -0.0398339757 -0.0393484332  7.0000000000
-0.0228550663 -0.0273825586 -0.0265385895  7.0000000000
-0.0290174586 -0.0348589219 -0.0329601681  7.0000000000
-0.0317844929 -0.0387251676 -0.0382492335  7.0000000000
-0.0422213058 -0.0528964838 -0.0559386244  7.0000000000
-0.0175262096 -0.0203808040 -0.0181922990  7.0000000000
-0.0841127058 -0.1156121644 -0.1536917396  7.0000000000
-0.0123496568 -0.0141863286 -0.0123971157  7.0000000000
-0.0402734282 -0.0501622497 -0.0522820930  7.0000000000
-0.0372807931 -0.0487305141 -0.0586175083  7.0000000000
-0.0197484452 -0.0241411473 -0.0249497268  7.0000000000
-0.0754325578 -0.1034691283 -0.1371394210  7.0000000000
-0.0143842199 -0.0166300241 -0.0146206811  7.0000000000
-0.0458437737 -0.0581068859 -0.0634299751  7.0000000000
-0.0499539495 -0.0667666730 -0.0842608249  7.0000000000
-0.0172232235 -0.0200788281 -0.0180014502  7.0000000000
-0.0335674869 -0.0406746713 -0.0392330488  7.0000000000
-0.0304338098 -0.0366371345 -0.0348023121  7.0000000000
-0.0375988450 -0.0499576907 -0.0625985484  7.0000000000
-0.0173750278 -0.0202616904 -0.0181545917  7.0000000000
-0.0329874496 -0.0400639852 -0.0389397810  7.0000000000
-0.0220922039 -0.0271020574 -0.0281225584  7.0000000000
-0.0483492960 -0.0615689227 -0.0679739449  7.0000000000
-0.0492763248 -0.0641323388 -0.0752408817  7.0000000000
-0.0473961482 -0.0623039491 -0.0755091406  7.0000000000
-0.0333279161 -0.0436655467 -0.0531572711  7.0000000000
-0.0301045886 -0.0365351790 -0.0357580098  7.0000000000
-0.0231718592 -0.0277114151 -0.0261556815  7.0000000000
-0.0215553075 -0.0255871901 -0.0239548197  7.0000000000
-0.0795523160 -0.1090723130 -0.1443628662  7.0000000000
-0.0272544971 -0.0328470009 -0.0316725447  7.0000000000
-0.0185087432 -0.0216190134 -0.0195312151  7.0000000000
-0.0436556122 -0.0548339066 -0.0583391469  7.0000000000
-0.0413711090 -0.0531482117 -0.0608407937  7.0000000000
-0.0596412314 -0.0807710087 -0.1046366289  7.0000000000
-0.0282651444 -0.0340525391 -0.0326827348  7.0000000000
-0.0251531927 -0.0306673653 -0.0311606874  7.0000000000
-0.0278223727 -0.0333303298 -0.0312704703  7.0000000000
-0.0467791447 -0.0605467444 -0.0700872139  7.0000000000
-0.0544428947 -0.0741237388 -0.0972714704  7.0000000000
-0.0252414485 -0.0307070634 -0.0309609726  7.0000000000
-0.0320163624 -0.0385856125 -0.0366916117  7.0000000000
-0.0377907981 -0.0468690800 -0.0484174477  7.0000000000
-0.0297463816 -0.0383573508 -0.0450878794  7.0000000000
-0.0328009374 -0.0395022578 -0.0374212911  7.0000000000
-0.0631692443 -0.0853563581 -0.1095343014  7.0000000000
-0.0324269690 -0.0396806810 -0.0396885044  7.0000000000
-0.0828816776 -0.1143805817 -0.1535306859  7.0000000000
-0.0322929198 -0.0389687550 -0.0371612286  7.0000000000
-0.0211215056 -0.0250121378 -0.0231886995  7.0000000000
-0.0147456821 -0.0169780405 -0.0147960288  7.0000000000
-0.0222677811 -0.0264778074 -0.0246762001  7.0000000000
-0.0688906121 -0.0947815573 -0.1267186512  7.0000000000
-0.0191673759 -0.0224140229 -0.0202914046  7.0000000000
-0.0617349136 -0.0845399643 -0.1120867119  7.0000000000
-0.0387634287 -0.0493722296 -0.0554924875  7.0000000000
-0.0261963694 -0.0316425510 -0.0307556416  7.0000000000
-0.0223796493 -0.0266209608 -0.0248382800  7.0000000000
-0.0227739217 -0.0271697699 -0.0255758705  7.0000000000
-0.0305335891 -0.0369888150 -0.0358343080  7.0000000000
-0.0474899384 -0.0608056589 -0.0682422123  7.0000000000
-0.0256162076 -0.0305772240 -0.0284680572  7.0000000000
-0.0321779271 -0.0403672548 -0.0438840704  7.0000000000
-0.0210698042 -0.0250657011 -0.0236629624  7.0000000000
-0.0373935687 -0.0485438454 -0.0575534061  7.0000000000
-0.0363016682 -0.0457488542 -0.0499654063  7.0000000000
-0.0708672400 -0.0975454685 -0.1304998690  7.0000000000
-0.0741559524 -0.1014835589 -0.1339952377  7.0000000000
-0.0339908192 -0.0416337069 -0.0416195538  7.0000000000
-0.0315629013 -0.0379470836 -0.0358204782  7.0000000000
-0.0239402165 -0.0288928349 -0.0283899471  7.0000000000
-0.0200191792 -0.0235588479 -0.0217236485  7.0000000000
-0.0725386467 -0.1000002388 -0.1341699179  7.0000000000
-0.0904513309 -0.1248064376 -0.1672019723  7.0000000000
-0.0248677577 -0.0301549794 -0.0300789666  7.0000000000
-0.0305994765 -0.0367622880 -0.0346562035  7.0000000000
-0.0288914012 -0.0357906032 -0.0376483209  7.0000000000
-0.0153200341 -0.0230065941 -0.0209770528  8.0000000000
 1.6255706992  0.3106062047  0.1017048001  8.0000000000
 1.1064659909  0.2088706523  0.0671217786  8.0000000000
 0.1371954136 -0.0013606783 -0.0200548449  8.0000000000
 0.1956112870  0.0100659167 -0.0163070059  8.0000000000
 2.2232162968  0.4383162801  0.1535728126  8.0000000000
 2.3906778378  0.4750492774  0.1691930983  8.0000000000
 0.3538708912  0.0410901034 -0.0058230865  8.0000000000
 0.3083471036  0.0448774473  0.0054854774  8.0000000000
 1.8061866989  0.3566191100  0.1258598116  8.0000000000
 0.6335730044  0.1035886904  0.0214789745  8.0000000000
-0.0160592511 -0.0241444850 -0.0222858958  8.0000000000
 0.3443071573  0.0404660480 -0.0048103185  8.0000000000
 0.7184444367  0.1203957497  0.0273257606  8.0000000000
 0.0404585359 -0.0142700938 -0.0196775602  8.0000000000
 0.6379936609  0.1034348528  0.0204437815  8.0000000000
 0.2112525410  0.0099671880 -0.0185742405  8.0000000000
 0.0370555040 -0.0199908782 -0.0256012600  8.0000000000
-0.0001224936 -0.0240892476 -0.0246019064  8.0000000000
 0.1468837466  0.0022134338 -0.0176974011  8.0000000000
-0.0057225292 -0.0309762594 -0.0312071201  8.0000000000
 0.1853756263  0.0074453172 -0.0176719280  8.0000000000
 2.3463569634  0.4660694042  0.1659089623  8.0000000000
 0.9462973868  0.1748619526  0.0535994842  8.0000000000
-0.0125225489 -0.0157923406 -0.0136731553  8.0000000000
 2.5093129863  0.4988049407  0.1776605167  8.0000000000
 0.1183891767 -0.0029823637 -0.0190638832  8.0000000000
 0.7078775200  0.1155492039  0.0233826005  8.0000000000
 0.0837857255 -0.0084526057 -0.0199834837  8.0000000000
-0.0051064695 -0.0302201685 -0.0304752530  8.0000000000
 0.0125785570 -0.0229667816 -0.0252318705  8.0000000000
-0.0048168679 -0.0146057110 -0.0134673253  8.0000000000
 1.0208693274  0.1815432669  0.0495312072  8.0000000000
 0.3430501584  0.0392511941 -0.0059596030  8.0000000000
 2.0416550678  0.4027323235  0.1414447792  8.0000000000
-0.0184164880 -0.0337607794 -0.0322949574  8.0000000000
 0.7285703912  0.1249040897  0.0308651384  8.0000000000
 0.0031084855 -0.0139064693 -0.0138739346  8.0000000000
 0.4285935906  0.0764218898  0.0222832183  8.0000000000
 0.0693468558 -0.0104450545 -0.0198236542  8.0000000000
 0.0219062288 -0.0226626062 -0.0262691602  8.0000000000
 0.3048775832  0.0306321989 -0.0099782124  8.0000000000
 0.2655716220  0.0380332018  0.0044626454  8.0000000000
 0.2268225353  0.0170507095 -0.0132749750  8.0000000000
-0.0064835490 -0.0149757810 -0.0137010568  8.0000000000
 0.9688946521  0.1812150115  0.0569281640  8.0000000000
-0.0134021499 -0.0178182915 -0.0156848248  8.0000000000
 0.1890785705  0.0260464565  0.0025511319  8.0000000000
-0.0128610498 -0.0314990660 -0.0306381019  8.0000000000
-0.0160386888 -0.0268324616 -0.0250107301  8.0000000000
 2.2683493681  0.4513854025  0.1613824724  8.0000000000
 0.4298764800  0.0691002551  0.0141223800  8.0000000000
 0.4268028842  0.0727906053  0.0187951248  8.0000000000
 0.8019219085  0.1360299958  0.0319284394  8.0000000000
 0.0191643376 -0.0182572949 -0.0208576346  8.0000000000
 1.7770142476  0.3514749974  0.1245163954  8.0000000000
 0.0823418419 -0.0046807794 -0.0156652384  8.0000000000
 0.2851227968  0.0438245085  0.0079717282  8.0000000000
-0.0188015651 -0.0326523020 -0.0310125340  8.0000000000
 0.0004187185 -0.0234836774 -0.0237575234  8.0000000000
 0.2077813966  0.0169507303 -0.0105626040  8.0000000000
 0.0182459061 -0.0145794368 -0.0168802127  8.0000000000
 2.5071502735  0.4983783417  0.1775131552  8.0000000000
-0.0156816168 -0.0288713756 -0.0274623106  8.0000000000
 0.1396212509  0.0039426458 -0.0147266267  8.0000000000
 0.3343335973  0.0468986827  0.0036399216  8.0000000000
 0.1485562563  0.0055581499 -0.0141845417  8.0000000000
-0.0060884320 -0.0246269844 -0.0240374940  8.0000000000
 0.1233615404 -0.0044246551 -0.0213150363  8.0000000000
-0.0072769225 -0.0134608558 -0.0119058362  8.0000000000
 2.4277855497  0.4834131823  0.1729098002  8.0000000000
 0.2695120902  0.0269199764 -0.0086115312  8.0000000000
 0.0303494998 -0.0098953720 -0.0137363629  8.0000000000
 0.2591234126  0.0288016705 -0.0051582980  8.0000000000
 1.2700645866  0.2354079431  0.0717148171  8.0000000000
 0.2641174177  0.0299459016 -0.0045160965  8.0000000000
 0.0293730161 -0.0200705606 -0.0245488792  8.0000000000
-0.0094072616 -0.0321292719 -0.0319065444  8.0000000000
 0.5535273132  0.0907072487  0.0193071001  8.0000000000
 0.2236476975  0.0118243137 -0.0183747896  8.0000000000
-0.0178586062 -0.0332886916 -0.0318182141  8.0000000000
 2.0623208878  0.4071225799  0.1432773814  8.0000000000
-0.0149159563 -0.0262458333 -0.0247521407  8.0000000000
 0.0845987174  0.0005263564 -0.0102687837  8.0000000000
 0.1189405687 -0.0034218405 -0.0196243943  8.0000000000
-0.0063337797 -0.0260052171 -0.0255243359  8.0000000000
 0.8332971624  0.1550351118  0.0485489354  8.0000000000
 0.1179401791 -0.0055162495 -0.0217212099  8.0000000000
 0.7189170069  0.1336680223  0.0419928956  8.0000000000
 1.4491992667  0.2834487826  0.0984533573  8.0000000000
 0.1261603578  0.0121815529 -0.0033985584  8.0000000000
 0.0199037249 -0.0185795492 -0.0213114750  8.0000000000
 0.3145188557  0.0371221393 -0.0043484161  8.0000000000
 0.1085740565 -0.0060332675 -0.0209988879  8.0000000000
 0.0212390907 -0.0132853707 -0.0159788514  8.0000000000
 1.7353374168  0.3402895455  0.1183532870  8.0000000000
 1.7657780395  0.3404020261  0.1136587597  8.0000000000
 1.6855923125  0.3276064592  0.1115247854  8.0000000000
 0.0904930870 -0.0084482434 -0.0209421251  8.0000000000
 0.0075773099 -0.0153493839 -0.0161011595  8.0000000000
-0.0214612755 -0.0252957800 -0.0232274478  9.0000000000
-0.0586627247 -0.0766483020 -0.0891602190  9.0000000000
-0.0596711043 -0.0780756025 -0.0911048031  9.0000000000
-0.0595005197 -0.0795099826 -0.0979753035  9.0000000000
-0.0765147520 -0.1034346280 -0.1300633563  9.0000000000
-0.0167609457 -0.0195286956 -0.0174858839  9.0000000000
-0.0702607158 -0.0944044372 -0.1171162857  9.0000000000
-0.0175125536 -0.0205265333 -0.0186528035  9.0000000000
-0.0245870787 -0.0308912156 -0.0337382847  9.0000000000
-0.0221634499 -0.0264819003 -0.0252320456  9.0000000000
-0.0184301957 -0.0213795041 -0.0188583134  9.0000000000
-0.0563781226 -0.0736374696 -0.0856883299  9.0000000000
-0.0463006430 -0.0583556426 -0.0621494259  9.0000000000
-0.0165111681 -0.0190125495 -0.0164792547  9.0000000000
-0.0682939086 -0.0918985752 -0.1146926801  9.0000000000
-0.0341642660 -0.0438517162 -0.0496490905  9.0000000000
-0.0401300356 -0.0522570358 -0.0612758803  9.0000000000
-0.0365321880 -0.0453192053 -0.0466847412  9.0000000000
-0.0434428363 -0.0571806567 -0.0686923372  9.0000000000
-0.0444475635 -0.0558864338 -0.0592014287  9.0000000000
-0.0180208466 -0.0211132274 -0.0191533938  9.0000000000
-0.0155621941 -0.0184311123 -0.0174631065  9.0000000000
-0.0589525029 -0.0784763914 -0.0962048766  9.0000000000
-0.0352817020 -0.0446609262 -0.0487409799  9.0000000000
-0.0329849851 -0.0411135453 -0.0430874974  9.0000000000
-0.0231072621 -0.0289439445 -0.0314472681  9.0000000000
-0.0551362598 -0.0731767613 -0.0892191069  9.0000000000
-0.0273216878 -0.0341584670 -0.0364886548  9.0000000000
-0.0822934342 -0.1118619116 -0.1423278794  9.0000000000
-0.0350725347 -0.0441353222 -0.0473767915  9.0000000000
-0.0164652836 -0.0191350389 -0.0170349761  9.0000000000
-0.0549906531 -0.0736156174 -0.0913313370  9.0000000000
-0.0424882906 -0.0559469538 -0.0672217294  9.0000000000
-0.0357677369 -0.0443100698 -0.0454934268  9.0000000000
-0.0240319757 -0.0298877024 -0.0317748987  9.0000000000
-0.0610527371 -0.0799826979 -0.0935304932  9.0000000000
-0.0236476099 -0.0285801158 -0.0278388817  9.0000000000
-0.0649586435 -0.0861949498 -0.1039045465  9.0000000000
-0.0473950226 -0.0620704119 -0.0730213100  9.0000000000
-0.0770774194 -0.1045807524 -0.1326896527  9.0000000000
-0.0793373445 -0.1075572480 -0.1362483761  9.0000000000
-0.0253582131 -0.0307584362 -0.0304229132  9.0000000000
-0.0379979326 -0.0495256050 -0.0583758939  9.0000000000
-0.0165307392 -0.0190292870 -0.0164681111  9.0000000000
-0.0143618497 -0.0165355538 -0.0144002389  9.0000000000
-0.0847129117 -0.1152164952 -0.1467053620  9.0000000000
-0.0704411765 -0.0952571996 -0.1202354425  9.0000000000
-0.0189718418 -0.0222702981 -0.0202928843  9.0000000000
-0.0240253328 -0.0290213241 -0.0283753050  9.0000000000
-0.0655894058 -0.0873148454 -0.1060673970  9.0000000000
-0.0441171283 -0.0556261702 -0.0593761271  9.0000000000
-0.0377625116 -0.0478244606 -0.0520529722  9.0000000000
-0.0459511817 -0.0578687341 -0.0615244003  9.0000000000
-0.0594948594 -0.0796786786 -0.0987438272  9.0000000000
-0.0265134138 -0.0323829430 -0.0324142465  9.0000000000
-0.0271384713 -0.0330586761 -0.0327585824  9.0000000000
-0.0172543619 -0.0206327455 -0.0199915821  9.0000000000
-0.0219782684 -0.0259506080 -0.0239260158  9.0000000000
-0.0301145408 -0.0388103887 -0.0447795056  9.0000000000
-0.0255843175 -0.0310667124 -0.0305835184  9.0000000000
-0.0540209402 -0.0716280234 -0.0871703320  9.0000000000
-0.0174840719 -0.0201836094 -0.0175810466  9.0000000000
-0.0264718092 -0.0338034307 -0.0383044003  9.0000000000
-0.0176092959 -0.0215056168 -0.0220828639  9.0000000000
-0.0192917367 -0.0225283349 -0.0202093436  9.0000000000
-0.0706682121 -0.0954897615 -0.1203960654  9.0000000000
-0.0322329516 -0.0412258935 -0.0466055832  9.0000000000
-0.0663616121 -0.0895141796 -0.1125201315  9.0000000000
-0.0207673664 -0.0244507598 -0.0223960910  9.0000000000
-0.0241599669 -0.0292668709 -0.0289020084  9.0000000000
-0.0394920600 -0.0497014449 -0.0530794378  9.0000000000
-0.0580586282 -0.0772522342 -0.0946249988  9.0000000000
-0.0179680071 -0.0210020779 -0.0189375581  9.0000000000
-0.0553571156 -0.0719267261 -0.0825659887  9.0000000000
-0.0313736671 -0.0401727618 -0.0455945251  9.0000000000
-0.0581871537 -0.0766414050 -0.0910077297  9.0000000000
-0.0152232331 -0.0174755372 -0.0150547326  9.0000000000
-0.0381258564 -0.0480427105 -0.0515498242  9.0000000000
-0.0570253315 -0.0745044100 -0.0867315268  9.0000000000
-0.0340662594 -0.0423995268 -0.0440220954  9.0000000000
-0.0611461954 -0.0818499100 -0.1014322873  9.0000000000
-0.0192286686 -0.0225488045 -0.0204718995  9.0000000000
-0.0204493476 -0.0240310050 -0.0218989400  9.0000000000
-0.0503242752 -0.0671216804 -0.0827259350  9.0000000000
-0.0533597362 -0.0711031424 -0.0874192522  9.0000000000
-0.0253766812 -0.0308454480 -0.0304190526  9.0000000000
-0.0799719897 -0.1085072491 -0.1374755353  9.0000000000
-0.0414362207 -0.0537448104 -0.0621126951  9.0000000000
-0.0414423164 -0.0523341203 -0.0562331260  9.0000000000
-0.0481667310 -0.0620833070 -0.0700746009  9.0000000000
-0.0824886921 -0.1120028913 -0.1422700532  9.0000000000
-0.0495634099 -0.0661055030 -0.0814909502  9.0000000000
-0.0376749975 -0.0470974127 -0.0493181294  9.0000000000
-0.0836100715 -0.1135821282 -0.1444260668  9.0000000000
-0.0501848741 -0.0645406593 -0.0723371964  9.0000000000
-0.0479518360 -0.0608195214 -0.0658078102  9.0000000000
-0.0225628173 -0.0270371386 -0.0259395209  9.0000000000
-0.0168140760 -0.0200707088 -0.0193831777  9.0000000000
-0.0644528727 -0.0862452995 -0.1067540673  9.0000000000
-0.0167988847 -0.0195798361 -0.0175575651  9.0000000000
