 1.2883501804 -1.5217878017  0.0328610335  1.0000000000
 0.0034724649  0.0447480797 -0.0306113168  1.0000000000
 0.0031826928  0.0409754215 -0.0275543965  1.0000000000
 0.0036314934  0.0468217019 -0.0323284744  1.0000000000
-3.0440659390 -2.4641870262  0.0684159190  1.0000000000
 0.0048407266  0.0626442250 -0.0463542716  1.0000000000
-5.4649229256 -4.4940434691  0.1839886059  1.0000000000
 0.0076494601  0.1003723972 -0.1411715505  1.0000000000
 4.3435124399 -5.2375470299  0.1773376367  1.0000000000
 0.0040656570  0.0525050269 -0.0374304285  1.0000000000
 3.4607213670 -4.1670904688  0.1379074275  1.0000000000
-0.0005041153  0.0526320658 -0.0411974692  1.0000000000
 0.0045737238  0.0681875284 -0.0520466335  1.0000000000
 0.0054474873  0.0705862955 -0.0534764161  1.0000000000
 0.0033046841  0.0425623937 -0.0288182958  1.0000000000
 0.0033409873  0.0430346322 -0.0291940898  1.0000000000
 0.0038611324  0.0498195821 -0.0348736493  1.0000000000
 0.0043027353  0.0556737129 -0.0400839579  1.0000000000
 0.0088598853  0.1158418048 -0.1070242295  1.0000000000
 0.0045223725  0.0584698976 -0.0423638385  1.0000000000
-5.8360025522 -4.7992683543  0.1959879928  1.0000000000
-5.5662029591 -4.5749196188  0.1849780630  1.0000000000
 0.0042773176  0.0683044796 -0.0522721830  1.0000000000
 0.0295994933  0.0111944915 -0.0282205822  1.0000000000
 0.0042289931  0.0546219342 -0.0389471444  1.0000000000
 0.0036437071  0.0469889978 -0.0325918982  1.0000000000
 4.0447758510 -4.8729518709  0.1621659901  1.0000000000
 0.0048869437  0.0634448121 -0.0512847380  1.0000000000
 1.1647664156 -1.3727971490  0.0280557345  1.0000000000
 0.0050206373  0.0649936390 -0.0483693921  1.0000000000
 0.0169492161  0.2264731199 -0.4165305316  1.0000000000
 0.0040027928  0.0516829774 -0.0367567095  1.0000000000
 0.0031889378  0.0410566460 -0.0276194233  1.0000000000
 0.0047073125  0.0543078024 -0.0394625531  1.0000000000
 0.0027630177  0.0553219925 -0.0440412758  1.0000000000
-5.3550050632 -4.4004963594  0.1773580356  1.0000000000
 0.0032363696  0.0416750026 -0.0281313968  1.0000000000
 0.0033971311  0.0437694151 -0.0298646838  1.0000000000
 0.0040346261  0.0520841175 -0.0367962505  1.0000000000
 0.0035499851  0.0457519518 -0.0313857337  1.0000000000
 0.0038736781  0.0500220471 -0.0363059810  1.0000000000
 0.0033429942  0.0430639213 -0.0292637842  1.0000000000
 0.0041659921  0.0536418908 -0.0380783882  1.0000000000
 0.0152188712  0.2032591372 -0.3693783456  1.0000000000
 0.0171116356  0.2284994415 -0.4178574227  1.0000000000
 0.0046737367  0.0604686015 -0.0440530627  1.0000000000
 0.0046592705  0.0602848928 -0.0445126673  1.0000000000
 0.0035296047  0.0454947857 -0.0312508295  1.0000000000
 0.0051225235  0.0663358519 -0.0497225410  1.0000000000
 0.0041414522  0.0539454182 -0.0386471479  1.0000000000
 0.0049839834  0.0645242027 -0.0481243474  1.0000000000
 0.0031974988  0.0411679867 -0.0277071306  1.0000000000
 0.0032102717  0.0413339661 -0.0278387334  1.0000000000
 0.0065237153  0.0367288554 -0.0273969283  1.0000000000
 0.0051734579  0.0670167897 -0.0506587502  1.0000000000
 0.0034534122  0.0444745103 -0.0303840779  1.0000000000
 0.0031827461  0.0409761153 -0.0275549442  1.0000000000
 0.0081422034  0.1063415266 -0.0962782459  1.0000000000
 0.0054897607  0.0714113872 -0.0599900404  1.0000000000
 0.0051910511  0.0672389277 -0.0507049405  1.0000000000
 0.0049026752  0.0624033302 -0.0459528583  1.0000000000
 4.2396900106 -5.1094621910  0.1710039568  1.0000000000
 0.0037407913  0.0482491266 -0.0335535804  1.0000000000
-0.0034127378  0.0554297892 -0.0460473078  1.0000000000
 0.0049754897  0.0644137464 -0.0480369177  1.0000000000
 4.1203381956 -4.9671156667  0.1675082523  1.0000000000
 0.0043069919  0.0575264432 -0.0418599746  1.0000000000
 0.0032543777  0.0419117910 -0.0283604997  1.0000000000
 0.0036906031  0.0475920130 -0.0329581954  1.0000000000
 0.0034365901  0.0442791048 -0.0302005518  1.0000000000
 0.0048487003  0.0627729167 -0.0468687787  1.0000000000
 0.0038676553  0.0498941059 -0.0347771809  1.0000000000
 0.0042865117  0.0553905682 -0.0399160162  1.0000000000
 0.0101071771  0.1347837955 -0.2267751842  1.0000000000
 0.0092834885  0.1228910532 -0.1932372274  1.0000000000
 0.0041184893  0.0527073854 -0.0373443622  1.0000000000
 0.0032177030  0.0414290408 -0.0279188393  1.0000000000
 0.0031948423  0.0411337295 -0.0276853467  1.0000000000
 3.9020671714 -4.7022284797  0.1574739331  1.0000000000
 0.0033358193  0.0429765224 -0.0292889801  1.0000000000
 0.0031923307  0.0411007362 -0.0276532980  1.0000000000
 0.0027181558  0.0423786736 -0.0307547399  1.0000000000
 0.0034603770  0.0445891756 -0.0304534586  1.0000000000
 0.0511168117 -0.0167473553 -0.0257331748  1.0000000000
-1.2689346886 -0.9857130443 -0.0067425257  1.0000000000
 0.0087468994  0.1143537325 -0.1055955459  1.0000000000
 0.0072936140  0.0951481729 -0.0847523536  1.0000000000
 0.0038502463  0.0496806639 -0.0348395633  1.0000000000
 0.0036102424  0.0424700726 -0.0293774304  1.0000000000
 0.0050590694  0.0633705032 -0.0560532125  1.0000000000
 0.0023963042  0.0608432788 -0.0468934100  1.0000000000
 0.0049590706  0.0641938363 -0.0477471328  1.0000000000
 0.0142279409  0.1897184056 -0.3388485224  1.0000000000
 0.0047744305  0.0609300627 -0.0447159076  1.0000000000
 0.0049034090  0.0634586363 -0.0469903338  1.0000000000
-3.3582685884 -2.7372727803  0.0927665838  1.0000000000
 0.0038156815  0.0492263066 -0.0343868698  1.0000000000
-1.1451093328 -0.8840880787 -0.0105353363  1.0000000000
 0.0048626268  0.0628908366 -0.0460311349  1.0000000000
 0.0052014097  0.0587065493 -0.0485406979  1.0000000000
 0.0041330981  0.0533706908 -0.0378911155  2.0000000000
 0.0044941577  0.0583702292 -0.0519660446  2.0000000000
 0.0032328563  0.0416316947 -0.0281806168  2.0000000000
 0.0045197823  0.0584472474 -0.0426611080  2.0000000000
 0.0041380026  0.0534828546 -0.0388431888  2.0000000000
 0.0036477647  0.0470419083 -0.0326294437  2.0000000000
 0.0038347904  0.0494661107 -0.0344275142  2.0000000000
 0.0038769991  0.0500257062 -0.0350412021  2.0000000000
 0.0044496875  0.0575105720 -0.0415153073  2.0000000000
 0.0037850888  0.0488261199 -0.0340164064  2.0000000000
 0.0034348531  0.0442587641 -0.0302168257  2.0000000000
 0.0054082599  0.0700824252 -0.0531923080  2.0000000000
 0.0037524418  0.0484201389 -0.0339932678  2.0000000000
 0.0077092225  0.1005643003 -0.0878954026  2.0000000000
 0.0036277314  0.0467723423 -0.0322787910  2.0000000000
 0.0065859761  0.0856847815 -0.0707529458  2.0000000000
 0.0033363753  0.0429827852 -0.0292978032  2.0000000000
 0.0033733649  0.0434601827 -0.0295961954  2.0000000000
 0.0048784670  0.0631370933 -0.0467788332  2.0000000000
 0.0052551963  0.0681171258 -0.0521562628  2.0000000000
 0.0051344851  0.0664903618 -0.0498212644  2.0000000000
 0.0043518379  0.0562152621 -0.0401462469  2.0000000000
 0.0145110103  0.1928723385 -0.2929418596  2.0000000000
 0.0046716856  0.0603967522 -0.0437939200  2.0000000000
 0.0032508334  0.0418674034 -0.0283671247  2.0000000000
 0.0069446928  0.0904250352 -0.0758506662  2.0000000000
 0.0031837993  0.0409898586 -0.0275670269  2.0000000000
 0.0045620676  0.0590038731 -0.0436027716  2.0000000000
 0.0090209203  0.1190920336 -0.1588092066  2.0000000000
 0.0033910425  0.0437027906 -0.0300303741  2.0000000000
 0.0032276015  0.0415594904 -0.0280175973  2.0000000000
 0.0043024750  0.0555852594 -0.0398312420  2.0000000000
 0.0036329995  0.0468408002 -0.0323321849  2.0000000000
 0.0032800221  0.0422430908 -0.0285871324  2.0000000000
 0.0049943702  0.0646725181 -0.0484400452  2.0000000000
 0.0034147419  0.0440230265 -0.0305071093  2.0000000000
 0.0144849732  0.1925312435 -0.2925717469  2.0000000000
 0.0040211148  0.0519516481 -0.0374338158  2.0000000000
 0.0050600343  0.0655724586 -0.0504262263  2.0000000000
 0.0048802719  0.0631467078 -0.0465812595  2.0000000000
 0.0044989685  0.0583113705 -0.0452524384  2.0000000000
 0.0037898153  0.0488989295 -0.0342470112  2.0000000000
 0.0038394625  0.0495318516 -0.0345527671  2.0000000000
 0.0053502379  0.0693840938 -0.0537532549  2.0000000000
 0.0031832630  0.0409828413 -0.0275603248  2.0000000000
 0.0036880700  0.0475836462 -0.0333467682  2.0000000000
 0.0043042658  0.0556085427 -0.0398496202  2.0000000000
 0.0037695282  0.0486239070 -0.0338872325  2.0000000000
 0.0036762412  0.0474022719 -0.0327645831  2.0000000000
 0.0032857251  0.0423216270 -0.0287181889  2.0000000000
 0.0034448766  0.0443977973 -0.0304543985  2.0000000000
 0.0056795695  0.0736118647 -0.0559759026  2.0000000000
 0.0048186113  0.0625220253 -0.0495619171  2.0000000000
 0.0056766045  0.0742755751 -0.0812647846  2.0000000000
 0.0046969073  0.0607864658 -0.0450930707  2.0000000000
 0.0043873725  0.0567725417 -0.0422070360  2.0000000000
 0.0036753192  0.0473902020 -0.0327539131  2.0000000000
 0.0041646149  0.0538021494 -0.0385965891  2.0000000000
 0.0032008284  0.0412113168 -0.0277418564  2.0000000000
 0.0093628598  0.1229109973 -0.1264367569  2.0000000000
 0.0069315719  0.0902541939 -0.0757120391  2.0000000000
 0.0037487420  0.0484178325 -0.0348884814  2.0000000000
 0.0038392785  0.0495294438 -0.0345503434  2.0000000000
 0.0050980105  0.0660161575 -0.0494456511  2.0000000000
 0.0040542032  0.0523608227 -0.0373660736  2.0000000000
 0.0031827069  0.0409756049 -0.0275545409  2.0000000000
 0.0032002629  0.0412043754 -0.0277423956  2.0000000000
 0.0075757055  0.0988204812 -0.0863686194  2.0000000000
 0.0048987338  0.0634001800 -0.0469800332  2.0000000000
 0.0032510416  0.0418661036 -0.0282861141  2.0000000000
 0.0052380855  0.0685055932 -0.0746377733  2.0000000000
 0.0039467614  0.0509527748 -0.0360874833  2.0000000000
 0.0054957272  0.0712614054 -0.0549874646  2.0000000000
 0.0043545952  0.0562895957 -0.0408091225  2.0000000000
 0.0037861923  0.0488940909 -0.0359177736  2.0000000000
 0.0098690635  0.1296098047 -0.1342859139  2.0000000000
 0.0053424635  0.0692127449 -0.0522528132  2.0000000000
 0.0062750263  0.0815169144 -0.0650154960  2.0000000000
 0.0039586538  0.0510839864 -0.0358117646  2.0000000000
 0.0038999530  0.0503217523 -0.0352258792  2.0000000000
 0.0050405396  0.0652330391 -0.0482512211  2.0000000000
 0.0094805844  0.1244763050 -0.1284414566  2.0000000000
 0.0034224833  0.0440975439 -0.0300829812  2.0000000000
 0.0148357659  0.1971641810 -0.2985255235  2.0000000000
 0.0034409098  0.0443415214 -0.0303407822  2.0000000000
 0.0053331639  0.0691059365 -0.0524198366  2.0000000000
 0.0039840060  0.0514578084 -0.0368128382  2.0000000000
 0.0051600796  0.0668910184 -0.0518651873  2.0000000000
 0.0045872886  0.0593314414 -0.0439279305  2.0000000000
 0.0035227014  0.0454033166 -0.0311512784  2.0000000000
 0.0039042939  0.0504130911 -0.0358680288  2.0000000000
 0.0032546699  0.0419125689 -0.0283131005  2.0000000000
 0.0032324818  0.0416277146 -0.0281512088  2.0000000000
 0.0033208787  0.0428037710 -0.0296763193  2.0000000000
 0.0033175200  0.0427296690 -0.0289560610  2.0000000000
 0.0064453637  0.0837371492 -0.0668671939  2.0000000000
 0.0039160252  0.0505304927 -0.0353883720  2.0000000000
 0.0053930197  0.0698685209 -0.0527419593  2.0000000000
 0.0039516835  0.0509926015 -0.0357285721  2.0000000000
 0.0083599921  0.1091331926 -0.0966062237  2.0000000000
 0.0035307569  0.0455042812 -0.0311786407  3.0000000000
 0.0036509684  0.0470729036 -0.0324930957  3.0000000000
 0.0033571807  0.0432457992 -0.0293716954  3.0000000000
 0.0059013024  0.0765724397 -0.0596608024  3.0000000000
 0.0031830316  0.0409798458 -0.0275581854  3.0000000000
 0.0032545116  0.0419103122 -0.0283116697  3.0000000000
 0.0048927057  0.0633277691 -0.0470194705  3.0000000000
 0.0040222708  0.0519172680 -0.0365605085  3.0000000000
 0.0092575612  0.1216629542 -0.1295490590  3.0000000000
 0.0053077436  0.0687777877 -0.0522209517  3.0000000000
 0.0042267189  0.0546289883 -0.0395736822  3.0000000000
 0.0079069960  0.1031838491 -0.0908760893  3.0000000000
 0.0072725559  0.0947283226 -0.0799936895  3.0000000000
 0.0061479826  0.0798044992 -0.0625976894  3.0000000000
 0.0041049324  0.0530061874 -0.0376370253  3.0000000000
 0.0035251510  0.0454355020 -0.0311951584  3.0000000000
 0.0099877488  0.1313496744 -0.1429409492  3.0000000000
 0.0038392517  0.0495407406 -0.0347382553  3.0000000000
 0.0035818131  0.0461763285 -0.0318254555  3.0000000000
 0.0075379010  0.0982019256 -0.0831455546  3.0000000000
 0.0049116517  0.0635741306 -0.0472166968  3.0000000000
 0.0046341583  0.0600851816 -0.0469176167  3.0000000000
 0.0049194018  0.0636747454 -0.0472941944  3.0000000000
 0.0047069279  0.0610167846 -0.0473920816  3.0000000000
 0.0071337010  0.0929719891 -0.0798666137  3.0000000000
 0.0045356595  0.0586385355 -0.0425713483  3.0000000000
 0.0111723202  0.1470174493 -0.1599398497  3.0000000000
 0.0107798070  0.1419706432 -0.1591841238  3.0000000000
 0.0045741536  0.0591704357 -0.0435000402  3.0000000000
 0.0043737748  0.0565269104 -0.0408086276  3.0000000000
 0.0040083795  0.0517396969 -0.0364665344  3.0000000000
 0.0039102350  0.0504489605 -0.0352311509  3.0000000000
 0.0035248658  0.0454310116 -0.0311650738  3.0000000000
 0.0038713465  0.0499581296 -0.0350952192  3.0000000000
 0.0045223325  0.0585583851 -0.0449676151  3.0000000000
 0.0033448778  0.0431087573 -0.0297809500  3.0000000000
 0.0032793540  0.0422352103 -0.0286061685  3.0000000000
 0.0033780157  0.0435422875 -0.0301891105  3.0000000000
 0.0034314269  0.0442230047 -0.0303266933  3.0000000000
 0.0037274206  0.0480679829 -0.0332931232  3.0000000000
 0.0109178988  0.1437602752 -0.1602477987  3.0000000000
 0.0038020761  0.0490915054 -0.0349672661  3.0000000000
 0.0091663334  0.1204641605 -0.1295355225  3.0000000000
 0.0046308990  0.0598659076 -0.0433631297  3.0000000000
 0.0034303045  0.0442095440 -0.0303614193  3.0000000000
 0.0033595423  0.0432859147 -0.0295485117  3.0000000000
 0.0106453957  0.1402049316 -0.1573336379  3.0000000000
 0.0040106888  0.0517661468 -0.0364334313  3.0000000000
 0.0050279906  0.0650916833 -0.0484896438  3.0000000000
 0.0073874154  0.0963608172 -0.0842542218  3.0000000000
 0.0045123485  0.0583376318 -0.0423927378  3.0000000000
 0.0036520711  0.0470909341 -0.0325606457  3.0000000000
 0.0033786266  0.0435252283 -0.0296008443  3.0000000000
 0.0053193241  0.0688949437 -0.0517318031  3.0000000000
 0.0033792859  0.0435326934 -0.0295885804  3.0000000000
 0.0100074498  0.1312647273 -0.1307797549  3.0000000000
 0.0059607031  0.0775088797 -0.0635665096  3.0000000000
 0.0040514262  0.0523197245 -0.0372812491  3.0000000000
 0.0034755795  0.0447970838 -0.0308540381  3.0000000000
 0.0036729923  0.0473579701 -0.0326997023  3.0000000000
 0.0082381002  0.1078347203 -0.1035193692  3.0000000000
 0.0032112907  0.0413490636 -0.0278847676  3.0000000000
 0.0043237642  0.0561278332 -0.0466317118  3.0000000000
 0.0056996864  0.0740555633 -0.0598061011  3.0000000000
 0.0032850614  0.0423083735 -0.0286339601  3.0000000000
 0.0039363129  0.0508259922 -0.0361383333  3.0000000000
 0.0082682323  0.1084825112 -0.1120104372  3.0000000000
 0.0048068340  0.0623323665 -0.0496882277  3.0000000000
 0.0061192421  0.0795653303 -0.0651063721  3.0000000000
 0.0050406937  0.0653221781 -0.0498013215  3.0000000000
 0.0045525445  0.0588481853 -0.0426007096  3.0000000000
 0.0055351982  0.0717857142 -0.0554354589  3.0000000000
 0.0034138738  0.0439841762 -0.0299699304  3.0000000000
 0.0038354400  0.0495051313 -0.0349660672  3.0000000000
 0.0052521020  0.0680402598 -0.0513927181  3.0000000000
 0.0039959555  0.0515915872 -0.0365554347  3.0000000000
 0.0096815564  0.1269575265 -0.1259193048  3.0000000000
 0.0036760037  0.0474090684 -0.0329268132  3.0000000000
 0.0040773806  0.0526414884 -0.0372544784  3.0000000000
 0.0108547582  0.1429663138 -0.1603761546  3.0000000000
 0.0066529481  0.0868850348 -0.0799850855  3.0000000000
 0.0036333437  0.0469464558 -0.0347757734  3.0000000000
 0.0032963068  0.0424583970 -0.0288139341  3.0000000000
 0.0073524184  0.0958675711 -0.0831765209  3.0000000000
 0.0036210195  0.0466934617 -0.0323626588  3.0000000000
 0.0041938855  0.0541653267 -0.0386045293  3.0000000000
 0.0048843238  0.0632207618 -0.0469651766  3.0000000000
 0.0045911537  0.0593483321 -0.0429430600  3.0000000000
 0.0032147233  0.0413922350 -0.0278890121  3.0000000000
 0.0036328782  0.0468398364 -0.0323406883  3.0000000000
 0.0053347920  0.0691284199 -0.0524552404  3.0000000000
 0.0078499290  0.1027808279 -0.0993881421  3.0000000000
 0.0050762724  0.0657553941 -0.0496332285  3.0000000000
 0.0077930179  0.1016514136 -0.0886482838  3.0000000000
 0.0042237148  0.0548100676 -0.0454845208  3.0000000000
 0.0042395085  0.0547598519 -0.0391523396  3.0000000000
 0.0040597607  0.0524083316 -0.0370028667  3.0000000000
 0.0045923823  0.0593752218 -0.0431424441  3.0000000000
 0.0072733415  0.0948376245 -0.0822248659  3.0000000000
 0.0110892627  0.1458960787 -0.1581273679  3.0000000000
 0.0036495568  0.0470536977 -0.0324657259  4.0000000000
 0.0038133519  0.0491924330 -0.0343094297  4.0000000000
 0.0038854263  0.0501431800 -0.0352464205  4.0000000000
 0.0032355697  0.0416630479 -0.0280985973  4.0000000000
 0.0043369887  0.0560350094 -0.0402011342  4.0000000000
 0.0031826599  0.0409749940 -0.0275540592  4.0000000000
 0.0069117932  0.0901149010 -0.0791088813  4.0000000000
 0.0070675268  0.0921512317 -0.0809335668  4.0000000000
 0.0036921505  0.0476387653 -0.0335529104  4.0000000000
 0.0055263718  0.0717034758 -0.0561250411  4.0000000000
 0.0035321249  0.0455239936 -0.0312177429  4.0000000000
 0.0071036075  0.0925191061 -0.0780179581  4.0000000000
 0.0053040332  0.0687122286 -0.0518513772  4.0000000000
 0.0036688788  0.0473199631 -0.0329148268  4.0000000000
 0.0034428713  0.0443716857 -0.0304338685  4.0000000000
 0.0041533296  0.0536713444 -0.0387839310  4.0000000000
 0.0045306997  0.0585635263 -0.0423447263  4.0000000000
 0.0035521909  0.0457973942 -0.0316807877  4.0000000000
 0.0037527125  0.0484336038 -0.0341870843  4.0000000000
 0.0044028751  0.0570963158 -0.0454674247  4.0000000000
 0.0032416838  0.0417462880 -0.0282221185  4.0000000000
 0.0045067312  0.0582699298 -0.0424280017  4.0000000000
 0.0033846960  0.0436056673 -0.0296838106  4.0000000000
 0.0056237667  0.0729593156 -0.0567835962  4.0000000000
 0.0034896407  0.0449723035 -0.0307932285  4.0000000000
 0.0045107097  0.0583038386 -0.0421422847  4.0000000000
 0.0031838569  0.0409905807 -0.0275666995  4.0000000000
 0.0062952356  0.0817688809 -0.0650390792  4.0000000000
 0.0038719894  0.0499763574 -0.0352493124  4.0000000000
 0.0036642362  0.0472656783 -0.0330764537  4.0000000000
 0.0054700427  0.0709129393 -0.0542813628  4.0000000000
 0.0037528950  0.0484266831 -0.0340470452  4.0000000000
 0.0052751567  0.0683338826 -0.0515298683  4.0000000000
 0.0050257372  0.0650633027 -0.0484806641  4.0000000000
 0.0034020119  0.0438314708 -0.0298721736  4.0000000000
 0.0035666401  0.0459726490 -0.0315708753  4.0000000000
 0.0031830181  0.0409796777 -0.0275581612  4.0000000000
 0.0054131706  0.0701308155 -0.0529553028  4.0000000000
 0.0033261393  0.0428467976 -0.0291294162  4.0000000000
 0.0037870138  0.0488495868 -0.0340173883  4.0000000000
 0.0032136644  0.0413781667 -0.0278728917  4.0000000000
 0.0050881577  0.0659634495 -0.0507508264  4.0000000000
 0.0079359632  0.1038270935 -0.0984597052  4.0000000000
 0.0040845835  0.0527606941 -0.0377643840  4.0000000000
 0.0037009310  0.0477217687 -0.0329943838  4.0000000000
 0.0044727905  0.0577967839 -0.0415344766  4.0000000000
 0.0073493349  0.0957116064 -0.0804337789  4.0000000000
 0.0051548762  0.0669299659 -0.0540251268  4.0000000000
 0.0033100650  0.0426366090 -0.0289442035  4.0000000000
 0.0038248865  0.0493471638 -0.0344937814  4.0000000000
 0.0074361681  0.0968885966 -0.0822450132  4.0000000000
 0.0032374242  0.0416880002 -0.0281303438  4.0000000000
 0.0036996314  0.0477052510 -0.0329882680  4.0000000000
 0.0054494424  0.0706360894 -0.0539322283  4.0000000000
 0.0037240897  0.0480313878 -0.0333653109  4.0000000000
 0.0032188808  0.0414460526 -0.0279273032  4.0000000000
 0.0032377742  0.0416917349 -0.0281216097  4.0000000000
 0.0046905880  0.0607140190 -0.0453511223  4.0000000000
 0.0052920411  0.0685553152 -0.0516985922  4.0000000000
 0.0047426179  0.0613809029 -0.0455800424  4.0000000000
 0.0064401771  0.0836719970 -0.0668380775  4.0000000000
 0.0054472841  0.0706080361 -0.0539100981  4.0000000000
 0.0037580560  0.0484699343 -0.0336636435  4.0000000000
 0.0049205160  0.0638118317 -0.0497247813  4.0000000000
 0.0037908368  0.0489353836 -0.0346696751  4.0000000000
 0.0037626751  0.0485573717 -0.0341713610  4.0000000000
 0.0036444000  0.0469873876 -0.0324237179  4.0000000000
 0.0035856972  0.0462282229 -0.0319274227  4.0000000000
 0.0038664359  0.0498861871 -0.0348875566  4.0000000000
 0.0101889602  0.1336336790 -0.1322569322  4.0000000000
 0.0043243872  0.0558713541 -0.0400743938  4.0000000000
 0.0033844450  0.0436031487 -0.0296930367  4.0000000000
 0.0043376938  0.0560880303 -0.0409753888  4.0000000000
 0.0037665414  0.0485795752 -0.0337421300  4.0000000000
 0.0032822278  0.0422758114 -0.0286779197  4.0000000000
 0.0032257622  0.0415360011 -0.0280054329  4.0000000000
 0.0038735724  0.0500038972 -0.0354158309  4.0000000000
 0.0043138689  0.0557370557 -0.0400221098  4.0000000000
 0.0089926235  0.1178507912 -0.1152838301  4.0000000000
 0.0045595738  0.0590879584 -0.0455063971  4.0000000000
 0.0032535156  0.0418965928 -0.0282861068  4.0000000000
 0.0034827721  0.0448848727 -0.0307685464  4.0000000000
 0.0035576622  0.0458687143 -0.0317153344  4.0000000000
 0.0037789098  0.0487410398 -0.0338770299  4.0000000000
 0.0049972156  0.0646930091 -0.0481953472  4.0000000000
 0.0031966749  0.0411579160 -0.0277090061  4.0000000000
 0.0036350271  0.0468649746 -0.0323194568  4.0000000000
 0.0071061353  0.0928775150 -0.0864051232  4.0000000000
 0.0034283497  0.0441800234 -0.0302404461  4.0000000000
 0.0035297888  0.0455117575 -0.0314951381  4.0000000000
 0.0037562182  0.0484448475 -0.0336307685  4.0000000000
 0.0035142590  0.0452961442 -0.0311094652  4.0000000000
 0.0035789426  0.0461421713 -0.0318624614  4.0000000000
 0.0066055730  0.0859191215 -0.0705428859  4.0000000000
 0.0051272906  0.0664102661 -0.0499697963  4.0000000000
 0.0035153223  0.0453112732 -0.0311652133  4.0000000000
 0.0032816622  0.0422676138 -0.0286648612  4.0000000000
 0.0032092023  0.0413205159 -0.0278326331  4.0000000000
 0.0102724074  0.1347728734 -0.1343201297  4.0000000000
 0.0058406732  0.0757470912 -0.0583420165  4.0000000000
 0.0054451710  0.0708430901 -0.0625343598  5.0000000000
 0.0035271019  0.0454602738 -0.0311931311  5.0000000000
 0.0033057279  0.0425771003 -0.0288531069  5.0000000000
 0.0068095198  0.0885745514 -0.0725840118  5.0000000000
 0.0122327435  0.1617936354 -0.2057827264  5.0000000000
 0.0033767302  0.0435099292 -0.0297297826  5.0000000000
 0.0062873588  0.0817148750 -0.0659311363  5.0000000000
 0.0034428752  0.0443810171 -0.0306258638  5.0000000000
 0.0032883100  0.0423497686 -0.0286549946  5.0000000000
 0.0063080622  0.0819699042 -0.0658366601  5.0000000000
 0.0053273981  0.0690005467 -0.0518253739  5.0000000000
 0.0049519008  0.0641046631 -0.0477552542  5.0000000000
 0.0085131027  0.1112119118 -0.1002358408  5.0000000000
 0.0043451611  0.0561493636 -0.0404221014  5.0000000000
 0.0048724424  0.0630317560 -0.0462579717  5.0000000000
 0.0042623732  0.0550902648 -0.0398750277  5.0000000000
 0.0063075877  0.0820590710 -0.0678536155  5.0000000000
 0.0038356327  0.0495619430 -0.0366412149  5.0000000000
 0.0069038365  0.0897987405 -0.0734706808  5.0000000000
 0.0063658444  0.0828039927 -0.0684815141  5.0000000000
 0.0034672976  0.0446937227 -0.0307625442  5.0000000000
 0.0047193816  0.0610550416 -0.0449367955  5.0000000000
 0.0045903651  0.0594722411 -0.0467698389  5.0000000000
 0.0042080940  0.0543528314 -0.0388323628  5.0000000000
 0.0033052065  0.0425701893 -0.0288399776  5.0000000000
 0.0038696574  0.0499459848 -0.0352457689  5.0000000000
 0.0059393518  0.0771827489 -0.0624200674  5.0000000000
 0.0033532917  0.0431946081 -0.0293202247  5.0000000000
 0.0131938081  0.1745461077 -0.2226321342  5.0000000000
 0.0037542500  0.0484370236 -0.0338988615  5.0000000000
 0.0066974733  0.0871086069 -0.0712657548  5.0000000000
 0.0065617418  0.0857842198 -0.0854053988  5.0000000000
 0.0042418344  0.0548012983 -0.0392886923  5.0000000000
 0.0041430979  0.0535108981 -0.0382781623  5.0000000000
 0.0038112387  0.0491844346 -0.0345931308  5.0000000000
 0.0053370074  0.0692430918 -0.0541688341  5.0000000000
 0.0032823291  0.0422713604 -0.0285835095  5.0000000000
 0.0048632224  0.0629443353 -0.0467054001  5.0000000000
 0.0050570610  0.0654809200 -0.0489668884  5.0000000000
 0.0060268547  0.0784795267 -0.0668625844  5.0000000000
 0.0033414642  0.0430408040 -0.0291984167  5.0000000000
 0.0068417638  0.0890656602 -0.0744515569  5.0000000000
 0.0050205194  0.0650073069 -0.0486398839  5.0000000000
 0.0045839487  0.0592789354 -0.0432886617  5.0000000000
 0.0041360384  0.0534175964 -0.0380630186  5.0000000000
 0.0049485732  0.0640613630 -0.0477205083  5.0000000000
 0.0039846096  0.0515495825 -0.0386420368  5.0000000000
 0.0071301900  0.0928322529 -0.0776579444  5.0000000000
 0.0079823447  0.1042691305 -0.0939491424  5.0000000000
 0.0036509464  0.0470932959 -0.0328316588  5.0000000000
 0.0035055658  0.0451791055 -0.0309538208  5.0000000000
 0.0061138395  0.0794307129 -0.0636001093  5.0000000000
 0.0045377280  0.0586460373 -0.0422788476  5.0000000000
 0.0035021999  0.0451393151 -0.0309858442  5.0000000000
 0.0046906001  0.0606937728 -0.0449349160  5.0000000000
 0.0057581726  0.0747984849 -0.0600443022  5.0000000000
 0.0052762213  0.0684055167 -0.0527903275  5.0000000000
 0.0047807175  0.0618407779 -0.0453445762  5.0000000000
 0.0038672384  0.0498995036 -0.0349620793  5.0000000000
 0.0039708091  0.0512616649 -0.0362514714  5.0000000000
 0.0047786485  0.0618143446 -0.0453302133  5.0000000000
 0.0032475844  0.0418195279 -0.0282257500  5.0000000000
 0.0031855734  0.0410132850 -0.0275918969  5.0000000000
 0.0047889219  0.0619421654 -0.0453468745  5.0000000000
 0.0061347006  0.0797223220 -0.0642354118  5.0000000000
 0.0131505764  0.1739627350 -0.2215908560  5.0000000000
 0.0053325477  0.0691481649 -0.0533948311  5.0000000000
 0.0089409095  0.1168758561 -0.1065817416  5.0000000000
 0.0047398035  0.0614686332 -0.0482439207  5.0000000000
 0.0068477786  0.0898132032 -0.0971122130  5.0000000000
 0.0032544554  0.0419115505 -0.0283401859  5.0000000000
 0.0048106336  0.0622289635 -0.0456334362  5.0000000000
 0.0032289557  0.0415776427 -0.0280403759  5.0000000000
 0.0034588131  0.0445843701 -0.0306949863  5.0000000000
 0.0031889013  0.0410563661 -0.0276215971  5.0000000000
 0.0033434198  0.0430737629 -0.0293517807  5.0000000000
 0.0034444661  0.0443917278 -0.0304539425  5.0000000000
 0.0047673314  0.0616826971 -0.0455063298  5.0000000000
 0.0054091996  0.0703552263 -0.0615364308  5.0000000000
 0.0045366189  0.0586743827 -0.0430489998  5.0000000000
 0.0039580614  0.0511333005 -0.0368447175  5.0000000000
 0.0071251599  0.0927909550 -0.0780565997  5.0000000000
 0.0057319252  0.0744455263 -0.0596686570  5.0000000000
 0.0046045018  0.0595441039 -0.0434448066  5.0000000000
 0.0031955775  0.0411444928 -0.0277134303  5.0000000000
 0.0041099914  0.0530977493 -0.0381873998  5.0000000000
 0.0036960368  0.0476815693 -0.0333216298  5.0000000000
 0.0033515187  0.0431798967 -0.0294356822  5.0000000000
 0.0032422216  0.0417521451 -0.0282098509  5.0000000000
 0.0032707612  0.0421216151 -0.0284759789  5.0000000000
 0.0052620004  0.0681416800 -0.0510027925  5.0000000000
 0.0042040746  0.0543156134 -0.0390492668  5.0000000000
 0.0060144052  0.0780864967 -0.0616641636  5.0000000000
 0.0040020594  0.0516726814 -0.0367002722  5.0000000000
 0.0045345520  0.0586288371 -0.0426345712  5.0000000000
 0.0033033749  0.0425477621 -0.0288530842  5.0000000000
 0.0033411218  0.0430359293 -0.0291887832  5.0000000000
 0.0050204574  0.0650065026 -0.0486392689  5.0000000000
 0.0046686142  0.0604406730 -0.0453519563  5.0000000000
 0.0032146015  0.0413940854 -0.0279552484  5.0000000000
 0.0033056219  0.0425758148 -0.0288465615  6.0000000000
 0.0084559694  0.1106240161 -0.1038693644  6.0000000000
 0.0035443640  0.0456818146 -0.0313234762  6.0000000000
 0.0048187990  0.0623547763 -0.0460765406  6.0000000000
 0.0076222857  0.0993881662 -0.0859690625  6.0000000000
 0.0033973688  0.0437682227 -0.0297800454  6.0000000000
 0.0068147026  0.0886425983 -0.0726151789  6.0000000000
 0.0094708007  0.1244715267 -0.1320600527  6.0000000000
 0.0036546713  0.0471312957 -0.0326968370  6.0000000000
 0.0067909473  0.0883325332 -0.0723512272  6.0000000000
 0.0039701320  0.0512693048 -0.0365316308  6.0000000000
 0.0036064381  0.0464925748 -0.0320159166  6.0000000000
 0.0032672715  0.0420762057 -0.0284388166  6.0000000000
 0.0053667124  0.0696241243 -0.0543657896  6.0000000000
 0.0033417133  0.0430458409 -0.0292311215  6.0000000000
 0.0039137991  0.0504976376 -0.0353036780  6.0000000000
 0.0034444236  0.0443950925 -0.0305054023  6.0000000000
 0.0033963262  0.0437541562 -0.0297617534  6.0000000000
 0.0033471720  0.0431183986 -0.0293087212  6.0000000000
 0.0065684136  0.0855246193 -0.0725809461  6.0000000000
 0.0044645373  0.0577053797 -0.0417039671  6.0000000000
 0.0050414078  0.0652742106 -0.0487602931  6.0000000000
 0.0053618580  0.0696436579 -0.0563730296  6.0000000000
 0.0035746999  0.0460905446 -0.0318948611  6.0000000000
 0.0051317255  0.0664853750 -0.0504457129  6.0000000000
 0.0085146027  0.1115172587 -0.1086695850  6.0000000000
 0.0044052056  0.0569295861 -0.0410262700  6.0000000000
 0.0038310067  0.0494167591 -0.0343861522  6.0000000000
 0.0032479480  0.0418245575 -0.0282340444  6.0000000000
 0.0037276070  0.0480699279 -0.0332880237  6.0000000000
 0.0073286021  0.0955345311 -0.0822962587  6.0000000000
 0.0032474599  0.0418200511 -0.0282585372  6.0000000000
 0.0032031991  0.0412421854 -0.0277669576  6.0000000000
 0.0031869070  0.0410302178 -0.0275976775  6.0000000000
 0.0044472634  0.0579559495 -0.0591527492  6.0000000000
 0.0036365207  0.0468841093 -0.0323306919  6.0000000000
 0.0078188695  0.1022256890 -0.0949735143  6.0000000000
 0.0032177458  0.0414316356 -0.0279207784  6.0000000000
 0.0040195321  0.0519025652 -0.0369085281  6.0000000000
 0.0084077059  0.1099885974 -0.1032107370  6.0000000000
 0.0051382471  0.0665514320 -0.0500665004  6.0000000000
 0.0035905106  0.0463062232 -0.0321912576  6.0000000000
 0.0115778751  0.1537300226 -0.2381348737  6.0000000000
 0.0033406314  0.0430309198 -0.0292051581  6.0000000000
 0.0082455994  0.1076794358 -0.0966878623  6.0000000000
 0.0059053867  0.0766444414 -0.0601361479  6.0000000000
 0.0032459142  0.0417982774 -0.0282157567  6.0000000000
 0.0053726985  0.0697103200 -0.0545968871  6.0000000000
 0.0050118459  0.0655476074 -0.0736104194  6.0000000000
 0.0080385769  0.1053828488 -0.1061236813  6.0000000000
 0.0103024510  0.1354677473 -0.1446503873  6.0000000000
 0.0035423660  0.0456607644 -0.0313857399  6.0000000000
 0.0036065901  0.0464973454 -0.0320598700  6.0000000000
 0.0031826823  0.0409752853 -0.0275542890  6.0000000000
 0.0043078254  0.0556605514 -0.0399834463  6.0000000000
 0.0050488700  0.0653986314 -0.0494165025  6.0000000000
 0.0032102466  0.0413336942 -0.0278373040  6.0000000000
 0.0034933367  0.0450183502 -0.0307997108  6.0000000000
 0.0031845635  0.0409998650 -0.0275755325  6.0000000000
 0.0033694379  0.0434050347 -0.0294932481  6.0000000000
 0.0047191361  0.0610504353 -0.0449243826  6.0000000000
 0.0078105162  0.1021912564 -0.0975338137  6.0000000000
 0.0039143992  0.0505368185 -0.0358333317  6.0000000000
 0.0033176816  0.0427316308 -0.0289551424  6.0000000000
 0.0054870301  0.0711013241 -0.0539061958  6.0000000000
 0.0038215069  0.0492986236 -0.0343705647  6.0000000000
 0.0037310430  0.0481565626 -0.0340671911  6.0000000000
 0.0042950147  0.0555166302 -0.0402999278  6.0000000000
 0.0049739013  0.0643733922 -0.0476669563  6.0000000000
 0.0072585926  0.0946143885 -0.0813932943  6.0000000000
 0.0049055730  0.0634770726 -0.0468670946  6.0000000000
 0.0103007836  0.1354688200 -0.1453182932  6.0000000000
 0.0091705183  0.1201714659 -0.1181884811  6.0000000000
 0.0033110253  0.0426520423 -0.0290031491  6.0000000000
 0.0077627823  0.1013798653 -0.0915709646  6.0000000000
 0.0041946983  0.0541787904 -0.0386586731  6.0000000000
 0.0149841730  0.1993847167 -0.3203691426  6.0000000000
 0.0039169744  0.0506025876 -0.0365702790  6.0000000000
 0.0052116666  0.0674892533 -0.0505332599  6.0000000000
 0.0046390512  0.0600190839 -0.0443012495  6.0000000000
 0.0051484118  0.0666455503 -0.0495131307  6.0000000000
 0.0032060784  0.0412794987 -0.0277945419  6.0000000000
 0.0058937068  0.0764917170 -0.0600002928  6.0000000000
 0.0032910405  0.0423879458 -0.0287282315  6.0000000000
 0.0044775479  0.0578747427 -0.0418416746  6.0000000000
 0.0045448500  0.0587413232 -0.0423962872  6.0000000000
 0.0038151348  0.0492239050 -0.0344410023  6.0000000000
 0.0036800319  0.0474516692 -0.0328043870  6.0000000000
 0.0146511085  0.1949302752 -0.3126654161  6.0000000000
 0.0105838652  0.1391662520 -0.1484361005  6.0000000000
 0.0047322276  0.0612237944 -0.0451316637  6.0000000000
 0.0037127357  0.0478765356 -0.0331359981  6.0000000000
 0.0043406151  0.0561661544 -0.0418505720  6.0000000000
 0.0076556335  0.0999407638 -0.0893017304  6.0000000000
 0.0140353364  0.1866668321 -0.2974182105  6.0000000000
 0.0040124080  0.0517976353 -0.0366069747  6.0000000000
 0.0044029061  0.0568996569 -0.0410021048  6.0000000000
 0.0039709399  0.0512791226 -0.0365183560  6.0000000000
 0.0063892581  0.0831760173 -0.0699185064  6.0000000000
 0.0045141331  0.0583916585 -0.0429377969  6.0000000000
 0.0073316871  0.0955348047 -0.0814701030  7.0000000000
 0.0056983733  0.0740048951 -0.0589610080  7.0000000000
 0.0046907033  0.0606827643 -0.0446298559  7.0000000000
 0.0031827054  0.0409755859 -0.0275545276  7.0000000000
 0.0057781963  0.0749644909 -0.0582564639  7.0000000000
 0.0048825301  0.0631771271 -0.0465951943  7.0000000000
 0.0034872619  0.0449402702 -0.0307518547  7.0000000000
 0.0041452205  0.0535308412 -0.0380612570  7.0000000000
 0.0033056228  0.0425761387 -0.0288520028  7.0000000000
 0.0043221772  0.0558463223 -0.0401323124  7.0000000000
 0.0044403508  0.0573799441 -0.0412731486  7.0000000000
 0.0056155230  0.0728821718 -0.0572554313  7.0000000000
 0.0034141631  0.0439898224 -0.0300017931  7.0000000000
 0.0068583287  0.0891904263 -0.0726737888  7.0000000000
 0.0068181974  0.0886557822 -0.0720326214  7.0000000000
 0.0033801004  0.0435624361 -0.0299251298  7.0000000000
 0.0032967411  0.0424589550 -0.0287343335  7.0000000000
 0.0037404298  0.0482361826 -0.0334129458  7.0000000000
 0.0034057901  0.0438873646 -0.0300192675  7.0000000000
 0.0063427231  0.0823983527 -0.0657917664  7.0000000000
 0.0035323886  0.0455386599 -0.0314112494  7.0000000000
 0.0035234385  0.0454234075 -0.0313289146  7.0000000000
 0.0032486491  0.0418348089 -0.0282594700  7.0000000000
 0.0032292959  0.0415819265 -0.0280413692  7.0000000000
 0.0035592856  0.0459018109 -0.0319136942  7.0000000000
 0.0058120802  0.0754278822 -0.0590455589  7.0000000000
 0.0050630141  0.0655622112 -0.0490995302  7.0000000000
 0.0050904210  0.0658894669 -0.0488946431  7.0000000000
 0.0044152233  0.0570754454 -0.0413903341  7.0000000000
 0.0053836749  0.0697449460 -0.0526289835  7.0000000000
 0.0031826931  0.0409754253 -0.0275543994  7.0000000000
 0.0043350564  0.0560017346 -0.0400534404  7.0000000000
 0.0031843641  0.0409972365 -0.0275729268  7.0000000000
 0.0034568374  0.0445430411 -0.0304144685  7.0000000000
 0.0035029478  0.0451581762 -0.0311527403  7.0000000000
 0.0031982266  0.0411774789 -0.0277150948  7.0000000000
 0.0057438292  0.0745163837 -0.0578811966  7.0000000000
 0.0038316779  0.0494352934 -0.0345487152  7.0000000000
 0.0034164657  0.0440181577 -0.0300011961  7.0000000000
 0.0038736315  0.0499794428 -0.0349568031  7.0000000000
 0.0060264609  0.0782302467 -0.0615052545  7.0000000000
 0.0035829040  0.0461854441 -0.0317611323  7.0000000000
 0.0033587127  0.0432657566 -0.0293859148  7.0000000000
 0.0038970076  0.0502823047 -0.0351790825  7.0000000000
 0.0034733842  0.0447591020 -0.0305989337  7.0000000000
 0.0046320210  0.0599461447 -0.0445404741  7.0000000000
 0.0046585732  0.0602429410 -0.0439387039  7.0000000000
 0.0032658937  0.0420594386 -0.0284426195  7.0000000000
 0.0033472183  0.0431155126 -0.0292560740  7.0000000000
 0.0052765315  0.0683425817 -0.0513660729  7.0000000000
 0.0034826376  0.0448816814 -0.0307272433  7.0000000000
 0.0039225588  0.0506148823 -0.0354454250  7.0000000000
 0.0046935745  0.0607289139 -0.0448301338  7.0000000000
 0.0042099784  0.0544065569 -0.0393021124  7.0000000000
 0.0047794886  0.0618340771 -0.0454889373  7.0000000000
 0.0042219491  0.0545592286 -0.0393627365  7.0000000000
 0.0035655263  0.0459631859 -0.0316386069  7.0000000000
 0.0041350443  0.0533886273 -0.0378049845  7.0000000000
 0.0034990700  0.0451099189 -0.0311419852  7.0000000000
 0.0051331344  0.0665108100 -0.0504848898  7.0000000000
 0.0033745372  0.0434844957 -0.0297689499  7.0000000000
 0.0047179408  0.0610197492 -0.0446267206  7.0000000000
 0.0037023521  0.0477652429 -0.0334471800  7.0000000000
 0.0058514760  0.0758996897 -0.0586752005  7.0000000000
 0.0053359502  0.0691969661 -0.0534726075  7.0000000000
 0.0038762268  0.0500212055 -0.0351126640  7.0000000000
 0.0032735275  0.0421573357 -0.0284995054  7.0000000000
 0.0054707301  0.0709215972 -0.0543068893  7.0000000000
 0.0040151497  0.0518352834 -0.0366691550  7.0000000000
 0.0044565968  0.0575908660 -0.0414353095  7.0000000000
 0.0042638704  0.0551502193 -0.0406840478  7.0000000000
 0.0057277703  0.0743563327 -0.0586666638  7.0000000000
 0.0032923413  0.0424056286 -0.0287533693  7.0000000000
 0.0034260358  0.0441527513 -0.0302648121  7.0000000000
 0.0051754758  0.0670342376 -0.0504224328  7.0000000000
 0.0065147973  0.0848084731 -0.0711208256  7.0000000000
 0.0050536445  0.0654073022 -0.0484414655  7.0000000000
 0.0068464569  0.0891724889 -0.0754934603  7.0000000000
 0.0039928241  0.0515378877 -0.0363240976  7.0000000000
 0.0034782379  0.0448320373 -0.0308034691  7.0000000000
 0.0052392549  0.0678624810 -0.0510640697  7.0000000000
 0.0035030260  0.0451620568 -0.0311939585  7.0000000000
 0.0036641490  0.0472435662 -0.0326176807  7.0000000000
 0.0042378218  0.0547594978 -0.0394345291  7.0000000000
 0.0038915948  0.0502321955 -0.0354797769  7.0000000000
 0.0048342439  0.0625480214 -0.0460798174  7.0000000000
 0.0038831273  0.0501025854 -0.0350464641  7.0000000000
 0.0032474872  0.0418195887 -0.0282454693  7.0000000000
 0.0037211359  0.0479896201 -0.0332850458  7.0000000000
 0.0048955075  0.0633940861 -0.0476961636  7.0000000000
 0.0040447665  0.0522262207 -0.0370702877  7.0000000000
 0.0034050431  0.0438748868 -0.0299674445  7.0000000000
 0.0050764913  0.0657474512 -0.0494525736  7.0000000000
 0.0044048754  0.0569775993 -0.0419424657  7.0000000000
 0.0044779494  0.0578973399 -0.0421382574  7.0000000000
 0.0049895932  0.0646585404 -0.0493812648  7.0000000000
 0.0050572374  0.0654961782 -0.0492211581  7.0000000000
 0.0055454259  0.0718914120 -0.0550526877  7.0000000000
 0.0054678661  0.0708783538 -0.0541736532  7.0000000000
 0.0034630898  0.0446373600 -0.0306897348  7.0000000000
 0.0036888312  0.0475665149 -0.0329026053  8.0000000000
 0.0052240507  0.0677166921 -0.0208493265  8.0000000000
 0.0034275762  0.0442415899  0.0086023020  8.0000000000
 0.0087005278  0.1139894926 -0.1112592085  8.0000000000
 0.0039959169  0.0515830264 -0.0364242361  8.0000000000
 0.0056199666  0.0740126050  0.5637699563  8.0000000000
 0.0255197203  0.3484266459  7.8198195274  8.0000000000
 0.0035394330  0.0456250721 -0.0313977508  8.0000000000
 0.0039210505  0.0505975782 -0.0354662394  8.0000000000
 0.0067307264  0.0880064038  0.2593029665  8.0000000000
 0.0059687501  0.0774679335 -0.0606370696  8.0000000000
 0.0032447939  0.0417864067 -0.0282476390  8.0000000000
 0.0047662582  0.0616655059 -0.0454185153  8.0000000000
 0.0059968693  0.0778339254 -0.0609082835  8.0000000000
 0.0041838850  0.0540270850 -0.0383537849  8.0000000000
 0.0055091973  0.0714809982 -0.0557212890  8.0000000000
 0.0047352001  0.0612530357 -0.0449610152  8.0000000000
 0.0069097831  0.0899856372 -0.0758774644  8.0000000000
 0.0037327499  0.0482046743 -0.0346132895  8.0000000000
 0.0033369135  0.0429836829 -0.0291850445  8.0000000000
 0.0060399313  0.0784011789 -0.0615674689  8.0000000000
 0.0036799242  0.0474482186 -0.0327753212  8.0000000000
 0.0236077204  0.3221205573  7.1521846759  8.0000000000
 0.0035840994  0.0462434324 -0.0144610222  8.0000000000
 0.0039156015  0.0505276749 -0.0354242898  8.0000000000
 0.0235405076  0.3212973022  7.1760367351  8.0000000000
 0.0089427163  0.1171788454 -0.1146167153  8.0000000000
 0.0060518544  0.0785885603 -0.0621389933  8.0000000000
 0.0034932159  0.0450264068 -0.0309989631  8.0000000000
 0.0052258089  0.0677514535 -0.0521076114  8.0000000000
 0.0063805493  0.0830118930 -0.0687474087  8.0000000000
 0.0033804652  0.0435477677 -0.0295965729  8.0000000000
 0.0038035436  0.0491050298 -0.0339884192  8.0000000000
 0.0048366085  0.0625838721 -0.0461984785  8.0000000000
 0.0098901735  0.1333639325  2.3613814017  8.0000000000
 0.0044182879  0.0571115363 -0.0413542475  8.0000000000
 0.0049796788  0.0645251855 -0.0490966750  8.0000000000
 0.0032825987  0.0422749483 -0.0285873494  8.0000000000
 0.0031896643  0.0410665154 -0.0275567703  8.0000000000
 0.0033341947  0.0429517359 -0.0292098342  8.0000000000
 0.0074156846  0.0966132490 -0.0819887863  8.0000000000
 0.0040904574  0.0528169477 -0.0374666868  8.0000000000
 0.0035206973  0.0453770946 -0.0311276145  8.0000000000
 0.0045837521  0.0592401640 -0.0426742805  8.0000000000
 0.0031827319  0.0409759305 -0.0275548097  8.0000000000
 0.0033429402  0.0430661833 -0.0265283156  8.0000000000
 0.0039848018  0.0514274366 -0.0361349786  8.0000000000
 0.0035547562  0.0458272422 -0.0315888066  8.0000000000
 0.0035535628  0.0458183050 -0.0316932929  8.0000000000
 0.0036168672  0.0466297912 -0.0321484128  8.0000000000
 0.0139459008  0.1888707941  3.6106107397  8.0000000000
 0.0039697557  0.0512310597 -0.0359703025  8.0000000000
 0.0040920519  0.0528325471 -0.0373612094  8.0000000000
 0.0061822748  0.0802903101 -0.0634756793  8.0000000000
 0.0039430938  0.0508926496 -0.0358263868  8.0000000000
 0.0063635523  0.0834809829  0.4001267491  8.0000000000
 0.0033469274  0.0431160519 -0.0293204708  8.0000000000
 0.0042165254  0.0544503786 -0.0386614166  8.0000000000
 0.0047626618  0.0615975806 -0.0450218534  8.0000000000
 0.0043691777  0.0564456458 -0.0404032142  8.0000000000
 0.0040159019  0.0518356476 -0.0365162294  8.0000000000
 0.0034440770  0.0443766164 -0.0302755812  8.0000000000
 0.0238597979  0.3256900418  7.2875621075  8.0000000000
 0.0046321014  0.0599031923 -0.0437428525  8.0000000000
 0.0039134653  0.0505042719 -0.0354730642  8.0000000000
 0.0033805595  0.0435662790 -0.0298900685  8.0000000000
 0.0039352584  0.0509002483 -0.0382484285  8.0000000000
 0.0040712592  0.0525656694 -0.0372455564  8.0000000000
 0.0049866097  0.0645561538 -0.0481036301  8.0000000000
 0.0032847001  0.0423023604 -0.0286102234  8.0000000000
 0.0209966732  0.2859774735  6.1251388841  8.0000000000
 0.0034359233  0.0442791559 -0.0302846304  8.0000000000
 0.0032027848  0.0412413297 -0.0278601253  8.0000000000
 0.0036055473  0.0464873507 -0.0321080966  8.0000000000
 0.0040764950  0.0526766443 -0.0331644698  8.0000000000
 0.0034662515  0.0446802755 -0.0308049754  8.0000000000
 0.0065918505  0.0858090373 -0.0718306114  8.0000000000
 0.0056418591  0.0732003802 -0.0570452069  8.0000000000
 0.0033852372  0.0436139362 -0.0281363925  8.0000000000
 0.0046371655  0.0599773600 -0.0439425264  8.0000000000
 0.0044529080  0.0575545463 -0.0415952492  8.0000000000
 0.0051395977  0.0671295484  0.2488002347  8.0000000000
 0.0045722630  0.0591231367 -0.0430942796  8.0000000000
 0.0031826652  0.0409750637 -0.0275541177  8.0000000000
 0.0092061821  0.1206650329 -0.1186142481  8.0000000000
 0.0041044364  0.0529981378 -0.0376029855  8.0000000000
 0.0042811380  0.0553117891 -0.0291724258  8.0000000000
 0.0050221671  0.0650179489 -0.0484615839  8.0000000000
 0.0040640484  0.0524773525 -0.0331844001  8.0000000000
 0.0054695911  0.0712048853  0.1000686047  8.0000000000
 0.0033394382  0.0430156924 -0.0291966418  8.0000000000
 0.0041468645  0.0535467021 -0.0379879895  8.0000000000
 0.0035041587  0.0451670274 -0.0310494166  8.0000000000
 0.0035510511  0.0457741077 -0.0314820691  8.0000000000
 0.0034437908  0.0443729281 -0.0302731632  8.0000000000
 0.0054912955  0.0726929639  0.7547391651  8.0000000000
 0.0052695391  0.0683374891 -0.0070896190  8.0000000000
 0.0035324843  0.0456353590  0.0195914567  8.0000000000
 0.0036083408  0.0465252104 -0.0321743960  8.0000000000
 0.0033219648  0.0427871462 -0.0289965007  8.0000000000
 0.0039952332  0.0515678398 -0.0363176269  9.0000000000
 0.0146187268  0.1951626090 -0.3777915548  9.0000000000
 0.0157245197  0.2100405062 -0.4104276941  9.0000000000
 0.0041338258  0.0533802213 -0.0379070601  9.0000000000
 0.0036361376  0.0468993519 -0.0326885834  9.0000000000
 0.0063665046  0.0827814056 -0.0675222860  9.0000000000
 0.0038104255  0.0491780888 -0.0347025695  9.0000000000
 0.0062094272  0.0807227030 -0.0656171849  9.0000000000
 0.0039484574  0.0509557971 -0.0357777307  9.0000000000
 0.0032719693  0.0421375008 -0.0284897311  9.0000000000
 0.0039322504  0.0507717114 -0.0360526179  9.0000000000
 0.0146788500  0.1960307126 -0.3821383016  9.0000000000
 0.0091720870  0.1201562536 -0.1163287821  9.0000000000
 0.0046508516  0.0601437098 -0.0438834641  9.0000000000
 0.0042357356  0.0547067238 -0.0389849455  9.0000000000
 0.0031933409  0.0411142458 -0.0276697438  9.0000000000
 0.0039746470  0.0512952326 -0.0360277601  9.0000000000
 0.0046614543  0.0602964872 -0.0442591871  9.0000000000
 0.0036795846  0.0475337824 -0.0346372505  9.0000000000
 0.0089520317  0.1172617316 -0.1133589667  9.0000000000
 0.0065144461  0.0847173465 -0.0692654989  9.0000000000
 0.0031894235  0.0410629505 -0.0276236770  9.0000000000
 0.0095803642  0.1254346989 -0.1191899833  9.0000000000
 0.0032359952  0.0416850860 -0.0288044345  9.0000000000
 0.0039807775  0.0514103887 -0.0366859747  9.0000000000
 0.0039389501  0.0508317272 -0.0356727417  9.0000000000
 0.0079450778  0.1038742923 -0.0963062120  9.0000000000
 0.0031897031  0.0410665965 -0.0276270480  9.0000000000
 0.0072567540  0.0944824756 -0.0789845500  9.0000000000
 0.0047040556  0.0608493575 -0.0446612613  9.0000000000
 0.0034189255  0.0440489997 -0.0300087814  9.0000000000
 0.0043595772  0.0563396399 -0.0406261340  9.0000000000
 0.0033645246  0.0433426334 -0.0294708602  9.0000000000
 0.0046806723  0.0605463530 -0.0444590387  9.0000000000
 0.0032372810  0.0416866376 -0.0281366750  9.0000000000
 0.0053339325  0.0698052207 -0.0857765703  9.0000000000
 0.0048360997  0.0626187198 -0.0469630691  9.0000000000
 0.0047975002  0.0620870132 -0.0465171435  9.0000000000
 0.0031978064  0.0411720140 -0.0277109534  9.0000000000
 0.0058383760  0.0758588225 -0.0611202056  9.0000000000
 0.0068652370  0.0894276930 -0.0759629358  9.0000000000
 0.0032959252  0.0424484045 -0.0287301198  9.0000000000
 0.0035430036  0.0457259881 -0.0325937492  9.0000000000
 0.0048002612  0.0621150010 -0.0458745524  9.0000000000
 0.0034116991  0.0439550542 -0.0299347030  9.0000000000
 0.0069689371  0.0907170267 -0.0756194266  9.0000000000
 0.0050391175  0.0652779332 -0.0494100827  9.0000000000
 0.0032728175  0.0421572071 -0.0286563785  9.0000000000
 0.0035303074  0.0455006824 -0.0312039478  9.0000000000
 0.0049069242  0.0635004498 -0.0472180342  9.0000000000
 0.0042357776  0.0547845904 -0.0407349705  9.0000000000
 0.0047022325  0.0608259328 -0.0446532139  9.0000000000
 0.0089557637  0.1173283455 -0.1137822863  9.0000000000
 0.0034929439  0.0450282244 -0.0310811230  9.0000000000
 0.0031894257  0.0410630617 -0.0276250413  9.0000000000
 0.0058722742  0.0761914877 -0.0592799818  9.0000000000
 0.0048751366  0.0630958484 -0.0467838692  9.0000000000
 0.0043024975  0.0555728905 -0.0396240786  9.0000000000
 0.0032053910  0.0412726728 -0.0278306143  9.0000000000
 0.0057615001  0.0747483662 -0.0580928608  9.0000000000
 0.0080669941  0.1055104406 -0.0986228413  9.0000000000
 0.0051246297  0.0663365665 -0.0492773409  9.0000000000
 0.0032190284  0.0414491858 -0.0279539974  9.0000000000
 0.0031908828  0.0410820916 -0.0276412134  9.0000000000
 0.0034551476  0.0445270752 -0.0304918291  9.0000000000
 0.0045430520  0.0587595670 -0.0430969351  9.0000000000
 0.0039788417  0.0513484119 -0.0360499640  9.0000000000
 0.0053092368  0.0687676290 -0.0517505790  9.0000000000
 0.0037184737  0.0479571903 -0.0332892891  9.0000000000
 0.0032827735  0.0422773272 -0.0285912777  9.0000000000
 0.0050572767  0.0654769416 -0.0488643195  9.0000000000
 0.0088963041  0.1164472354 -0.1102716839  9.0000000000
 0.0034281501  0.0441699668 -0.0301190927  9.0000000000
 0.0040967848  0.0530294108 -0.0438247443  9.0000000000
 0.0037056095  0.0477903687 -0.0331628903  9.0000000000
 0.0037062010  0.0479667464 -0.0405453706  9.0000000000
 0.0042332397  0.0546955909 -0.0393018659  9.0000000000
 0.0050900016  0.0659023705 -0.0491991741  9.0000000000
 0.0157216476  0.2100567482 -0.4127103229  9.0000000000
 0.0044171870  0.0571444089 -0.0424988449  9.0000000000
 0.0045667627  0.0590917039 -0.0440376513  9.0000000000
 0.0035685619  0.0459987734 -0.0316082255  9.0000000000
 0.0040784130  0.0526533214 -0.0372315452  9.0000000000
 0.0039995952  0.0516519094 -0.0368320343  9.0000000000
 0.0042829707  0.0553584786 -0.0402374274  9.0000000000
 0.0037463694  0.0483487314 -0.0340789368  9.0000000000
 0.0058720631  0.0763185713 -0.0618988134  9.0000000000
 0.0032261908  0.0415438302 -0.0281138307  9.0000000000
 0.0034263426  0.0441573944 -0.0303233490  9.0000000000
 0.0032619422  0.0420081592 -0.0284340810  9.0000000000
 0.0074165379  0.0966652654 -0.0829251006  9.0000000000
 0.0044393355  0.0573769026 -0.0414497145  9.0000000000
 0.0049517477  0.0641999036 -0.0501887932  9.0000000000
 0.0067105837  0.0874003775 -0.0740641986  9.0000000000
 0.0035710348  0.0460487297 -0.0323549759  9.0000000000
 0.0041295239  0.0534104105 -0.0398143111  9.0000000000
 0.0035860911  0.0462253186 -0.0317662579  9.0000000000
 0.0048770011  0.0631200860 -0.0468029672  9.0000000000
 0.0063657967  0.0830020119 -0.0731792921  9.0000000000
 0.0032279329  0.0415640789 -0.0280251342  9.0000000000
