 1.033199e-01 -1.357079e-01 -1.585166e-02  1.000000e+00
 9.669770e-02 -1.248124e-01 -1.640094e-02  1.000000e+00
 8.442465e-02 -1.145466e-01 -1.480658e-02  1.000000e+00
 8.616588e-02 -1.190537e-01 -1.443499e-02  1.000000e+00
 1.029678e-01 -1.348383e-01 -1.348772e-02  1.000000e+00
 8.905383e-02 -1.262927e-01 -1.359469e-02  1.000000e+00
 1.040417e-01 -1.335519e-01 -1.359033e-02  1.000000e+00
 1.054620e-01 -1.326549e-01 -1.588855e-02  1.000000e+00
 1.019239e-01 -1.361947e-01 -1.544903e-02  1.000000e+00
 1.042040e-01 -1.245618e-01 -1.567252e-02  1.000000e+00
 1.018592e-01 -1.364911e-01 -1.523306e-02  1.000000e+00
 1.058364e-01 -1.307788e-01 -1.399702e-02  1.000000e+00
 9.913165e-02 -1.306924e-01 -1.092887e-02  1.000000e+00
 9.139255e-02 -1.268687e-01 -1.456628e-02  1.000000e+00
 8.801927e-02 -1.311931e-01 -1.075128e-02  1.000000e+00
 9.023827e-02 -1.317333e-01 -1.187283e-02  1.000000e+00
 9.615284e-02 -1.178318e-01 -1.585341e-02  1.000000e+00
 9.687177e-02 -1.340908e-01 -1.122655e-02  1.000000e+00
 1.011385e-01 -1.293010e-01 -1.650402e-02  1.000000e+00
 9.439032e-02 -1.338090e-01 -1.054065e-02  1.000000e+00
 1.040560e-01 -1.340724e-01 -1.375138e-02  1.000000e+00
 1.036922e-01 -1.336591e-01 -1.344897e-02  1.000000e+00
 9.923079e-02 -1.317841e-01 -1.122763e-02  1.000000e+00
 1.040093e-01 -1.345814e-01 -1.610531e-02  1.000000e+00
 9.375417e-02 -1.341871e-01 -1.070350e-02  1.000000e+00
 8.487017e-02 -1.223591e-01 -1.277697e-02  1.000000e+00
 1.028683e-01 -1.362180e-01 -1.559528e-02  1.000000e+00
 1.013608e-01 -1.273874e-01 -1.639610e-02  1.000000e+00
 1.015712e-01 -1.354067e-01 -1.573826e-02  1.000000e+00
 9.981520e-02 -1.209078e-01 -1.590558e-02  1.000000e+00
 1.060621e-01 -1.315746e-01 -1.556289e-02  1.000000e+00
 9.890625e-02 -1.299432e-01 -1.638826e-02  1.000000e+00
 9.524489e-02 -1.340899e-01 -1.354486e-02  1.000000e+00
 9.917700e-02 -1.365228e-01 -1.346726e-02  1.000000e+00
 1.062983e-01 -1.312616e-01 -1.463937e-02  1.000000e+00
 1.040788e-01 -1.342818e-01 -1.382957e-02  1.000000e+00
 9.736167e-02 -1.214366e-01 -1.616380e-02  1.000000e+00
 9.677095e-02 -1.280165e-01 -1.624965e-02  1.000000e+00
 9.781675e-02 -1.197343e-01 -1.595069e-02  1.000000e+00
 9.420230e-02 -1.347852e-01 -1.206053e-02  1.000000e+00
 1.045019e-01 -1.274504e-01 -1.591475e-02  1.000000e+00
 8.536019e-02 -1.248782e-01 -1.215144e-02  1.000000e+00
 9.910530e-02 -1.314849e-01 -1.620009e-02  1.000000e+00
 1.061927e-01 -1.309954e-01 -1.546609e-02  1.000000e+00
 1.058808e-01 -1.314030e-01 -1.569327e-02  1.000000e+00
 9.507908e-02 -1.333572e-01 -1.047720e-02  1.000000e+00
 8.876600e-02 -1.236702e-01 -1.431661e-02  1.000000e+00
 9.514885e-02 -1.248457e-01 -1.627208e-02  1.000000e+00
 9.027722e-02 -1.250528e-01 -1.461055e-02  1.000000e+00
 9.619923e-02 -1.321781e-01 -1.036906e-02  1.000000e+00
 8.619223e-02 -1.218191e-01 -1.362843e-02  1.000000e+00
 9.020382e-02 -1.172126e-01 -1.589537e-02  1.000000e+00
 9.504622e-02 -1.279260e-01 -1.579745e-02  1.000000e+00
 1.041099e-01 -1.363381e-01 -1.502592e-02  1.000000e+00
 9.947957e-02 -1.293704e-01 -1.648771e-02  1.000000e+00
 9.615317e-02 -1.354398e-01 -1.295912e-02  1.000000e+00
 9.021843e-02 -1.210666e-01 -1.559166e-02  1.000000e+00
 1.013848e-01 -1.285936e-01 -1.646607e-02  1.000000e+00
 1.000823e-01 -1.286886e-01 -1.651623e-02  1.000000e+00
 9.979409e-02 -1.300115e-01 -1.647583e-02  1.000000e+00
 9.881903e-02 -1.362689e-01 -1.299256e-02  1.000000e+00
 1.027005e-01 -1.361548e-01 -1.561277e-02  1.000000e+00
 8.837976e-02 -1.217313e-01 -1.470464e-02  1.000000e+00
 1.059277e-01 -1.317031e-01 -1.431954e-02  1.000000e+00
 8.592117e-02 -1.212153e-01 -1.368208e-02  1.000000e+00
 1.018060e-01 -1.362232e-01 -1.540240e-02  1.000000e+00
 9.793765e-02 -1.327135e-01 -1.105654e-02  1.000000e+00
 9.313907e-02 -1.271761e-01 -1.526181e-02  1.000000e+00
 8.105909e-02 -1.187897e-01 -1.196863e-02  1.000000e+00
 9.230373e-02 -1.336000e-01 -1.191223e-02  1.000000e+00
 9.248415e-02 -1.281092e-01 -1.467839e-02  1.000000e+00
 8.271303e-02 -1.213617e-01 -1.198355e-02  1.000000e+00
 1.028146e-01 -1.248440e-01 -1.597178e-02  1.000000e+00
 1.063206e-01 -1.313817e-01 -1.527181e-02  1.000000e+00
 1.053521e-01 -1.313903e-01 -1.594044e-02  1.000000e+00
 9.894659e-02 -1.319033e-01 -1.607646e-02  1.000000e+00
 9.682136e-02 -1.310531e-01 -1.561938e-02  1.000000e+00
 9.687342e-02 -1.231807e-01 -1.633016e-02  1.000000e+00
 1.027521e-01 -1.364757e-01 -1.541612e-02  1.000000e+00
 9.742120e-02 -1.164293e-01 -1.558808e-02  1.000000e+00
 8.683310e-02 -1.137339e-01 -1.555333e-02  1.000000e+00
 1.057796e-01 -1.338914e-01 -1.508145e-02  1.000000e+00
 9.475033e-02 -1.228399e-01 -1.628170e-02  1.000000e+00
 1.012636e-01 -1.368888e-01 -1.448145e-02  1.000000e+00
 1.025136e-01 -1.355403e-01 -1.356691e-02  1.000000e+00
 1.013572e-01 -1.296220e-01 -1.650160e-02  1.000000e+00
 1.021082e-01 -1.294182e-01 -1.644778e-02  1.000000e+00
 9.390384e-02 -1.345661e-01 -1.110228e-02  1.000000e+00
 1.035156e-01 -1.324354e-01 -1.635162e-02  1.000000e+00
 1.053953e-01 -1.341475e-01 -1.574716e-02  1.000000e+00
 1.005318e-01 -1.311063e-01 -1.152706e-02  1.000000e+00
 1.002980e-01 -1.212279e-01 -1.589137e-02  1.000000e+00
 1.057525e-01 -1.307067e-01 -1.574927e-02  1.000000e+00
 9.775252e-02 -1.360387e-01 -1.271847e-02  1.000000e+00
 8.829774e-02 -1.256537e-01 -1.342855e-02  1.000000e+00
 1.028041e-01 -1.340833e-01 -1.317424e-02  1.000000e+00
 9.713287e-02 -1.272049e-01 -1.638524e-02  1.000000e+00
 1.023477e-01 -1.355661e-01 -1.351144e-02  1.000000e+00
 1.035746e-01 -1.249870e-01 -1.585365e-02  1.000000e+00
 1.050541e-01 -1.343567e-01 -1.588406e-02  1.000000e+00
-5.113695e-02 -1.432893e-01  4.317965e-02  2.000000e+00
-3.812671e-02 -1.398733e-01  4.643623e-02  2.000000e+00
-3.481572e-02 -1.368518e-01  4.522983e-02  2.000000e+00
-4.587815e-02 -1.496337e-01  5.350599e-02  2.000000e+00
-4.807272e-02 -1.396611e-01  5.636105e-02  2.000000e+00
-5.096057e-02 -1.403766e-01  3.991824e-02  2.000000e+00
-4.704633e-02 -1.438831e-01  4.546244e-02  2.000000e+00
-3.417502e-02 -1.429977e-01  4.902774e-02  2.000000e+00
-5.064579e-02 -1.355282e-01  3.563806e-02  2.000000e+00
-4.979240e-02 -1.444469e-01  4.478662e-02  2.000000e+00
-3.752882e-02 -1.431534e-01  6.108588e-02  2.000000e+00
-4.903512e-02 -1.471380e-01  5.171944e-02  2.000000e+00
-3.738700e-02 -1.459276e-01  5.849955e-02  2.000000e+00
-4.666600e-02 -1.451434e-01  5.727254e-02  2.000000e+00
-4.595979e-02 -1.446068e-01  4.666106e-02  2.000000e+00
-5.015221e-02 -1.382599e-01  5.220612e-02  2.000000e+00
-4.412015e-02 -1.482271e-01  5.088331e-02  2.000000e+00
-5.343407e-02 -1.406343e-01  4.041729e-02  2.000000e+00
-3.276585e-02 -1.436731e-01  5.003264e-02  2.000000e+00
-4.227239e-02 -1.474419e-01  5.897519e-02  2.000000e+00
-4.631748e-02 -1.336629e-01  5.997181e-02  2.000000e+00
-5.091451e-02 -1.425248e-01  4.224637e-02  2.000000e+00
-3.980517e-02 -1.437258e-01  4.847145e-02  2.000000e+00
-5.059188e-02 -1.371615e-01  3.713593e-02  2.000000e+00
-4.370171e-02 -1.436809e-01  6.076639e-02  2.000000e+00
-5.092537e-02 -1.373190e-01  5.043739e-02  2.000000e+00
-4.043538e-02 -1.374715e-01  4.436340e-02  2.000000e+00
-4.179793e-02 -1.481902e-01  5.170969e-02  2.000000e+00
-3.829022e-02 -1.432735e-01  4.852122e-02  2.000000e+00
-3.891328e-02 -1.478274e-01  5.256477e-02  2.000000e+00
-4.676530e-02 -1.324121e-01  3.662363e-02  2.000000e+00
-4.569609e-02 -1.377386e-01  4.149168e-02  2.000000e+00
-4.748505e-02 -1.455629e-01  4.681479e-02  2.000000e+00
-4.801949e-02 -1.479601e-01  4.979015e-02  2.000000e+00
-3.318988e-02 -1.429732e-01  5.760546e-02  2.000000e+00
-4.824528e-02 -1.433439e-01  5.539264e-02  2.000000e+00
-3.965107e-02 -1.433272e-01  4.823797e-02  2.000000e+00
-4.297153e-02 -1.484380e-01  5.795355e-02  2.000000e+00
-4.131441e-02 -1.491697e-01  5.348907e-02  2.000000e+00
-3.567953e-02 -1.444109e-01  5.863593e-02  2.000000e+00
-4.508989e-02 -1.463130e-01  5.844499e-02  2.000000e+00
-5.185026e-02 -1.370520e-01  3.607124e-02  2.000000e+00
-4.373068e-02 -1.445299e-01  4.766340e-02  2.000000e+00
-4.911812e-02 -1.367391e-01  5.449092e-02  2.000000e+00
-3.170375e-02 -1.338190e-01  6.371555e-02  2.000000e+00
-4.591624e-02 -1.367973e-01  6.030682e-02  2.000000e+00
-4.624057e-02 -1.388947e-01  4.196153e-02  2.000000e+00
-3.558512e-02 -1.436703e-01  4.931607e-02  2.000000e+00
-4.340100e-02 -1.364151e-01  6.352390e-02  2.000000e+00
-3.010771e-02 -1.430702e-01  5.191093e-02  2.000000e+00
-4.913794e-02 -1.380187e-01  3.904169e-02  2.000000e+00
-3.417317e-02 -1.458259e-01  5.390356e-02  2.000000e+00
-4.633848e-02 -1.435434e-01  5.827271e-02  2.000000e+00
-3.720758e-02 -1.419541e-01  4.785439e-02  2.000000e+00
-3.559409e-02 -1.467372e-01  5.416433e-02  2.000000e+00
-4.034422e-02 -1.471670e-01  5.895396e-02  2.000000e+00
-4.367835e-02 -1.389402e-01  6.254154e-02  2.000000e+00
-3.434759e-02 -1.456336e-01  5.523410e-02  2.000000e+00
-3.639031e-02 -1.355384e-01  6.562955e-02  2.000000e+00
-4.079091e-02 -1.493315e-01  5.536824e-02  2.000000e+00
-5.096691e-02 -1.379115e-01  5.032595e-02  2.000000e+00
-4.762836e-02 -1.472467e-01  5.473767e-02  2.000000e+00
-4.370083e-02 -1.429959e-01  4.652102e-02  2.000000e+00
-4.598928e-02 -1.330747e-01  6.057662e-02  2.000000e+00
-3.505312e-02 -1.427217e-01  5.968920e-02  2.000000e+00
-2.675372e-02 -1.326111e-01  5.967780e-02  2.000000e+00
-3.014846e-02 -1.375231e-01  4.556399e-02  2.000000e+00
-4.636173e-02 -1.464536e-01  5.705107e-02  2.000000e+00
-3.284501e-02 -1.434458e-01  4.974604e-02  2.000000e+00
-5.271499e-02 -1.412628e-01  4.482317e-02  2.000000e+00
-4.077343e-02 -1.459511e-01  4.987651e-02  2.000000e+00
-3.245046e-02 -1.444123e-01  5.437087e-02  2.000000e+00
-4.877247e-02 -1.380380e-01  5.515410e-02  2.000000e+00
-4.722449e-02 -1.489784e-01  5.299820e-02  2.000000e+00
-3.778944e-02 -1.376596e-01  4.526478e-02  2.000000e+00
-4.118483e-02 -1.494470e-01  5.550412e-02  2.000000e+00
-3.355288e-02 -1.454224e-01  5.306092e-02  2.000000e+00
-4.115736e-02 -1.461190e-01  6.003040e-02  2.000000e+00
-5.194263e-02 -1.434523e-01  4.443331e-02  2.000000e+00
-3.132046e-02 -1.351144e-01  4.436046e-02  2.000000e+00
-4.658474e-02 -1.493585e-01  5.307205e-02  2.000000e+00
-4.132632e-02 -1.494631e-01  5.568601e-02  2.000000e+00
-3.537802e-02 -1.404127e-01  6.180511e-02  2.000000e+00
-3.936669e-02 -1.434921e-01  4.842357e-02  2.000000e+00
-5.076548e-02 -1.453687e-01  4.746244e-02  2.000000e+00
-4.885831e-02 -1.471877e-01  5.216774e-02  2.000000e+00
-3.365328e-02 -1.452641e-01  5.206212e-02  2.000000e+00
-4.080140e-02 -1.490558e-01  5.361726e-02  2.000000e+00
-4.231672e-02 -1.479937e-01  5.128303e-02  2.000000e+00
-4.915828e-02 -1.461974e-01  4.711638e-02  2.000000e+00
-4.926654e-02 -1.472816e-01  5.022582e-02  2.000000e+00
-4.871086e-02 -1.323890e-01  3.477588e-02  2.000000e+00
-4.946256e-02 -1.318283e-01  5.360354e-02  2.000000e+00
-4.372990e-02 -1.498546e-01  5.538898e-02  2.000000e+00
-3.759963e-02 -1.404146e-01  6.304901e-02  2.000000e+00
-4.098351e-02 -1.463176e-01  5.985743e-02  2.000000e+00
-3.263025e-02 -1.370016e-01  4.535494e-02  2.000000e+00
-3.408359e-02 -1.437046e-01  5.778854e-02  2.000000e+00
-5.250532e-02 -1.424943e-01  4.391023e-02  2.000000e+00
-4.655617e-02 -1.458753e-01  5.709743e-02  2.000000e+00
-1.378703e-01 -9.681000e-02 -1.239528e-01  3.000000e+00
-1.404154e-01 -8.247964e-02 -1.224425e-01  3.000000e+00
-1.377846e-01 -8.967399e-02 -1.303982e-01  3.000000e+00
-1.493122e-01 -1.017051e-01 -1.322798e-01  3.000000e+00
-1.453295e-01 -9.261901e-02 -1.189264e-01  3.000000e+00
-1.372832e-01 -9.454301e-02 -1.257989e-01  3.000000e+00
-1.508570e-01 -9.635294e-02 -1.392882e-01  3.000000e+00
-1.520016e-01 -9.471702e-02 -1.297951e-01  3.000000e+00
-1.453979e-01 -9.918128e-02 -1.322252e-01  3.000000e+00
-1.533139e-01 -9.634194e-02 -1.385869e-01  3.000000e+00
-1.530097e-01 -1.016982e-01 -1.364381e-01  3.000000e+00
-1.546224e-01 -1.007411e-01 -1.405402e-01  3.000000e+00
-1.525447e-01 -9.432349e-02 -1.358391e-01  3.000000e+00
-1.506791e-01 -1.017830e-01 -1.336649e-01  3.000000e+00
-1.543699e-01 -9.664661e-02 -1.355544e-01  3.000000e+00
-1.519727e-01 -9.922308e-02 -1.402078e-01  3.000000e+00
-1.466855e-01 -9.592592e-02 -1.370677e-01  3.000000e+00
-1.540202e-01 -9.673042e-02 -1.342798e-01  3.000000e+00
-1.517564e-01 -9.302515e-02 -1.294052e-01  3.000000e+00
-1.518092e-01 -9.355636e-02 -1.352006e-01  3.000000e+00
-1.435277e-01 -8.922256e-02 -1.316841e-01  3.000000e+00
-1.454384e-01 -9.679033e-02 -1.211192e-01  3.000000e+00
-1.438717e-01 -8.960337e-02 -1.321512e-01  3.000000e+00
-1.534010e-01 -1.009076e-01 -1.398897e-01  3.000000e+00
-1.441724e-01 -9.746224e-02 -1.198994e-01  3.000000e+00
-1.413476e-01 -9.560721e-02 -1.306439e-01  3.000000e+00
-1.459640e-01 -9.961144e-02 -1.324287e-01  3.000000e+00
-1.438443e-01 -9.471218e-02 -1.347242e-01  3.000000e+00
-1.490871e-01 -9.470267e-02 -1.378077e-01  3.000000e+00
-1.540728e-01 -1.006705e-01 -1.361282e-01  3.000000e+00
-1.506094e-01 -9.623408e-02 -1.279211e-01  3.000000e+00
-1.510564e-01 -9.105320e-02 -1.297531e-01  3.000000e+00
-1.454678e-01 -8.856690e-02 -1.303950e-01  3.000000e+00
-1.515128e-01 -9.983305e-02 -1.394003e-01  3.000000e+00
-1.438967e-01 -9.358231e-02 -1.351847e-01  3.000000e+00
-1.458888e-01 -9.832299e-02 -1.340748e-01  3.000000e+00
-1.455929e-01 -9.723466e-02 -1.348635e-01  3.000000e+00
-1.407643e-01 -9.710483e-02 -1.280254e-01  3.000000e+00
-1.479241e-01 -9.223779e-02 -1.350629e-01  3.000000e+00
-1.430558e-01 -8.492124e-02 -1.254838e-01  3.000000e+00
-1.451587e-01 -9.510105e-02 -1.359247e-01  3.000000e+00
-1.490342e-01 -1.015477e-01 -1.306216e-01  3.000000e+00
-1.471968e-01 -9.626573e-02 -1.374134e-01  3.000000e+00
-1.549075e-01 -9.803542e-02 -1.366858e-01  3.000000e+00
-1.408385e-01 -9.428816e-02 -1.312412e-01  3.000000e+00
-1.526929e-01 -9.807837e-02 -1.404967e-01  3.000000e+00
-1.435391e-01 -9.439301e-02 -1.345659e-01  3.000000e+00
-1.509524e-01 -9.321878e-02 -1.276389e-01  3.000000e+00
-1.523258e-01 -1.008551e-01 -1.335242e-01  3.000000e+00
-1.547748e-01 -1.008092e-01 -1.404246e-01  3.000000e+00
-1.535222e-01 -1.013574e-01 -1.362241e-01  3.000000e+00
-1.495832e-01 -8.891255e-02 -1.272360e-01  3.000000e+00
-1.354567e-01 -9.483278e-02 -1.226839e-01  3.000000e+00
-1.504415e-01 -9.575170e-02 -1.387869e-01  3.000000e+00
-1.351870e-01 -8.766893e-02 -1.282816e-01  3.000000e+00
-1.367980e-01 -8.726390e-02 -1.289558e-01  3.000000e+00
-1.530834e-01 -9.479747e-02 -1.360144e-01  3.000000e+00
-1.546159e-01 -9.712562e-02 -1.379979e-01  3.000000e+00
-1.507910e-01 -9.806175e-02 -1.397660e-01  3.000000e+00
-1.436572e-01 -8.651783e-02 -1.277854e-01  3.000000e+00
-1.395346e-01 -8.902040e-02 -1.311692e-01  3.000000e+00
-1.412537e-01 -9.123956e-02 -1.331198e-01  3.000000e+00
-1.446094e-01 -9.989077e-02 -1.298758e-01  3.000000e+00
-1.505607e-01 -9.263724e-02 -1.346099e-01  3.000000e+00
-1.386149e-01 -8.234049e-02 -1.226059e-01  3.000000e+00
-1.497284e-01 -9.425555e-02 -1.372868e-01  3.000000e+00
-1.475244e-01 -1.004061e-01 -1.334511e-01  3.000000e+00
-1.454659e-01 -9.455020e-02 -1.363391e-01  3.000000e+00
-1.505481e-01 -9.217535e-02 -1.338038e-01  3.000000e+00
-1.487611e-01 -1.016039e-01 -1.321436e-01  3.000000e+00
-1.546423e-01 -1.008999e-01 -1.376081e-01  3.000000e+00
-1.514205e-01 -1.017590e-01 -1.342676e-01  3.000000e+00
-1.343372e-01 -9.569018e-02 -1.199066e-01  3.000000e+00
-1.550177e-01 -1.009761e-01 -1.389602e-01  3.000000e+00
-1.514502e-01 -9.521857e-02 -1.380453e-01  3.000000e+00
-1.547878e-01 -9.922482e-02 -1.364592e-01  3.000000e+00
-1.371610e-01 -8.737751e-02 -1.291538e-01  3.000000e+00
-1.553871e-01 -9.952588e-02 -1.400719e-01  3.000000e+00
-1.554930e-01 -9.956093e-02 -1.392005e-01  3.000000e+00
-1.453856e-01 -9.561590e-02 -1.359038e-01  3.000000e+00
-1.402803e-01 -8.928803e-02 -1.315868e-01  3.000000e+00
-1.499630e-01 -1.012273e-01 -1.353818e-01  3.000000e+00
-1.498972e-01 -9.655201e-02 -1.391781e-01  3.000000e+00
-1.542310e-01 -1.007588e-01 -1.404864e-01  3.000000e+00
-1.503641e-01 -1.002974e-01 -1.375760e-01  3.000000e+00
-1.550394e-01 -9.786878e-02 -1.380815e-01  3.000000e+00
-1.517870e-01 -1.008576e-01 -1.327511e-01  3.000000e+00
-1.552385e-01 -9.919633e-02 -1.377300e-01  3.000000e+00
-1.339766e-01 -8.637556e-02 -1.271744e-01  3.000000e+00
-1.519314e-01 -9.249661e-02 -1.305395e-01  3.000000e+00
-1.518709e-01 -9.535466e-02 -1.380588e-01  3.000000e+00
-1.355622e-01 -8.658602e-02 -1.280299e-01  3.000000e+00
-1.537247e-01 -9.669019e-02 -1.387458e-01  3.000000e+00
-1.450614e-01 -9.815582e-02 -1.215030e-01  3.000000e+00
-1.430799e-01 -9.483673e-02 -1.337274e-01  3.000000e+00
-1.517591e-01 -1.004462e-01 -1.389937e-01  3.000000e+00
-1.506460e-01 -9.530683e-02 -1.276188e-01  3.000000e+00
-1.405786e-01 -9.493474e-02 -1.302421e-01  3.000000e+00
-1.448310e-01 -9.841457e-02 -1.213979e-01  3.000000e+00
-1.462993e-01 -9.986250e-02 -1.325350e-01  3.000000e+00
 1.589855e-01 -3.071205e-02 -1.270551e-02  4.000000e+00
 1.749475e-01 -3.474994e-02 -6.118954e-03  4.000000e+00
 1.747766e-01 -3.685509e-02 -6.961464e-03  4.000000e+00
 1.658459e-01 -3.714226e-02  8.403797e-03  4.000000e+00
 1.618739e-01 -4.277295e-02 -6.288028e-03  4.000000e+00
 1.597835e-01 -3.644847e-02 -8.990854e-03  4.000000e+00
 1.749178e-01 -3.974794e-02 -1.509238e-03  4.000000e+00
 1.752369e-01 -3.954287e-02 -2.155168e-03  4.000000e+00
 1.750437e-01 -3.532625e-02 -4.327769e-03  4.000000e+00
 1.696588e-01 -4.293743e-02 -4.812711e-03  4.000000e+00
 1.654327e-01 -4.655536e-02 -5.949022e-04  4.000000e+00
 1.673487e-01 -4.507909e-02 -3.594599e-03  4.000000e+00
 1.553679e-01 -4.275296e-02  1.112908e-02  4.000000e+00
 1.659415e-01 -3.102664e-02  3.567788e-03  4.000000e+00
 1.616636e-01 -3.341663e-02  1.120096e-02  4.000000e+00
 1.736008e-01 -3.429046e-02 -8.782520e-03  4.000000e+00
 1.653421e-01 -3.400093e-02  7.834778e-03  4.000000e+00
 1.750862e-01 -3.979366e-02 -4.384086e-03  4.000000e+00
 1.737911e-01 -3.456339e-02 -2.566415e-03  4.000000e+00
 1.758119e-01 -3.738351e-02 -4.460034e-03  4.000000e+00
 1.598171e-01 -2.859534e-02  7.479976e-03  4.000000e+00
 1.562846e-01 -4.406698e-02  9.214278e-03  4.000000e+00
 1.712305e-01 -4.282800e-02  5.759904e-04  4.000000e+00
 1.721151e-01 -3.326708e-02 -1.005366e-02  4.000000e+00
 1.718707e-01 -4.002209e-02 -6.305464e-03  4.000000e+00
 1.661796e-01 -3.371451e-02  6.696032e-03  4.000000e+00
 1.589194e-01 -2.721235e-02 -1.565689e-02  4.000000e+00
 1.700538e-01 -3.209597e-02 -1.138200e-02  4.000000e+00
 1.579940e-01 -4.485391e-02  7.434763e-03  4.000000e+00
 1.728867e-01 -3.714963e-02  1.356055e-03  4.000000e+00
 1.730334e-01 -3.287054e-02 -4.374295e-03  4.000000e+00
 1.689794e-01 -4.152377e-02 -6.013287e-03  4.000000e+00
 1.710392e-01 -3.210473e-02 -2.058886e-03  4.000000e+00
 1.637375e-01 -2.888433e-02  2.657252e-03  4.000000e+00
 1.706881e-01 -2.956279e-02 -1.038973e-02  4.000000e+00
 1.676470e-01 -4.552635e-02 -7.943596e-04  4.000000e+00
 1.627448e-01 -4.122095e-02  8.604225e-03  4.000000e+00
 1.599415e-01 -2.393051e-02 -3.555862e-03  4.000000e+00
 1.715126e-01 -3.055773e-02 -7.425947e-03  4.000000e+00
 1.742857e-01 -3.386062e-02 -7.614233e-03  4.000000e+00
 1.538818e-01 -4.053656e-02 -7.316935e-03  4.000000e+00
 1.703377e-01 -3.306839e-02 -1.079357e-02  4.000000e+00
 1.756280e-01 -3.750531e-02 -3.157985e-03  4.000000e+00
 1.629195e-01 -2.594015e-02 -3.046603e-03  4.000000e+00
 1.695123e-01 -4.258012e-02  2.620811e-03  4.000000e+00
 1.735930e-01 -3.645077e-02 -7.929241e-03  4.000000e+00
 1.693273e-01 -4.409071e-02 -3.718309e-03  4.000000e+00
 1.750271e-01 -4.026187e-02 -2.546271e-03  4.000000e+00
 1.652315e-01 -4.145104e-02 -6.570506e-03  4.000000e+00
 1.728057e-01 -3.239700e-02 -9.533347e-03  4.000000e+00
 1.679626e-01 -4.489163e-02 -3.464960e-03  4.000000e+00
 1.687119e-01 -3.888101e-02 -7.570170e-03  4.000000e+00
 1.721385e-01 -3.882422e-02 -7.014378e-03  4.000000e+00
 1.620964e-01 -2.542414e-02 -1.701189e-02  4.000000e+00
 1.729667e-01 -3.770700e-02 -7.460174e-03  4.000000e+00
 1.668163e-01 -2.595275e-02 -1.261026e-02  4.000000e+00
 1.681866e-01 -3.902995e-02  6.111302e-03  4.000000e+00
 1.686472e-01 -4.259737e-02 -5.387097e-03  4.000000e+00
 1.590580e-01 -2.369752e-02 -2.740608e-03  4.000000e+00
 1.705142e-01 -3.223220e-02 -9.362223e-04  4.000000e+00
 1.709210e-01 -3.231236e-02 -1.097432e-02  4.000000e+00
 1.620537e-01 -2.533981e-02 -1.707501e-02  4.000000e+00
 1.622493e-01 -4.587826e-02  3.706544e-03  4.000000e+00
 1.707936e-01 -4.359855e-02 -3.291917e-03  4.000000e+00
 1.651876e-01 -2.687060e-02 -1.543074e-02  4.000000e+00
 1.600121e-01 -2.539040e-02  2.045058e-04  4.000000e+00
 1.681560e-01 -4.362862e-02  2.510846e-03  4.000000e+00
 1.718831e-01 -3.790265e-02  2.749737e-03  4.000000e+00
 1.714616e-01 -3.606869e-02 -8.830125e-03  4.000000e+00
 1.751873e-01 -3.835176e-02 -1.708162e-03  4.000000e+00
 1.609315e-01 -4.327837e-02 -6.169739e-03  4.000000e+00
 1.668868e-01 -3.525625e-02 -9.799864e-03  4.000000e+00
 1.710811e-01 -3.112196e-02 -4.394226e-03  4.000000e+00
 1.698094e-01 -3.634592e-02 -8.930250e-03  4.000000e+00
 1.678005e-01 -2.918970e-02 -3.003648e-03  4.000000e+00
 1.544991e-01 -4.257411e-02 -6.763149e-03  4.000000e+00
 1.671637e-01 -3.059062e-02 -1.286601e-02  4.000000e+00
 1.735364e-01 -3.546504e-02 -8.434641e-03  4.000000e+00
 1.753062e-01 -3.731615e-02 -2.391040e-03  4.000000e+00
 1.656868e-01 -4.603486e-02 -3.249938e-03  4.000000e+00
 1.685996e-01 -2.778626e-02 -9.269501e-03  4.000000e+00
 1.752399e-01 -3.856297e-02 -5.460032e-03  4.000000e+00
 1.726395e-01 -4.206643e-02 -4.095761e-03  4.000000e+00
 1.644251e-01 -4.519749e-02  3.204259e-03  4.000000e+00
 1.643343e-01 -2.893472e-02  1.897806e-03  4.000000e+00
 1.619668e-01 -4.525976e-02 -5.153663e-03  4.000000e+00
 1.576966e-01 -2.945178e-02 -1.361338e-02  4.000000e+00
 1.745665e-01 -3.879320e-02 -5.706608e-04  4.000000e+00
 1.696293e-01 -3.501064e-02  3.890538e-03  4.000000e+00
 1.625394e-01 -2.447695e-02 -6.544134e-03  4.000000e+00
 1.722184e-01 -3.131846e-02 -9.664265e-03  4.000000e+00
 1.682106e-01 -3.284248e-02  3.303566e-03  4.000000e+00
 1.657181e-01 -2.904543e-02 -1.406901e-02  4.000000e+00
 1.693719e-01 -4.362309e-02 -4.270971e-03  4.000000e+00
 1.541853e-01 -4.256947e-02  1.190622e-02  4.000000e+00
 1.739216e-01 -4.147835e-02 -3.434450e-03  4.000000e+00
 1.707021e-01 -4.395281e-02 -1.450294e-03  4.000000e+00
 1.613963e-01 -3.307918e-02 -1.112253e-02  4.000000e+00
 1.751021e-01 -3.790759e-02 -1.645069e-03  4.000000e+00
 1.726667e-01 -3.278252e-02 -3.736307e-03  4.000000e+00
-2.618260e-03  2.743996e-02  2.423524e-01  5.000000e+00
 9.724973e-04  1.327833e-02  2.469318e-01  5.000000e+00
-1.541066e-02  2.762602e-02  2.256887e-01  5.000000e+00
-7.962448e-03  2.480286e-02  2.483541e-01  5.000000e+00
-1.754655e-03  3.018705e-02  2.345915e-01  5.000000e+00
-4.656547e-04  1.033271e-02  2.446952e-01  5.000000e+00
-2.217508e-05  2.131234e-02  2.490526e-01  5.000000e+00
-1.658832e-02  1.571828e-02  2.388691e-01  5.000000e+00
-1.098960e-02  7.575048e-03  2.402390e-01  5.000000e+00
 6.255745e-03  1.636129e-02  2.392254e-01  5.000000e+00
-6.188908e-03  1.560510e-02  2.540561e-01  5.000000e+00
-1.805212e-02  6.118340e-03  2.233160e-01  5.000000e+00
-1.217817e-02  2.574096e-02  2.398660e-01  5.000000e+00
 1.862688e-03  4.776859e-03  2.313465e-01  5.000000e+00
 4.607424e-03  1.834665e-03  2.209114e-01  5.000000e+00
-5.517142e-03  1.680674e-02  2.547230e-01  5.000000e+00
-1.081494e-02  1.732082e-02  2.514188e-01  5.000000e+00
-5.262072e-03  2.875157e-02  2.404307e-01  5.000000e+00
 7.134782e-04  2.132458e-02  2.478191e-01  5.000000e+00
-1.027751e-02  2.572176e-02  2.435913e-01  5.000000e+00
-6.829491e-03  1.138574e-02  2.493373e-01  5.000000e+00
-1.188190e-02  1.357759e-02  2.474477e-01  5.000000e+00
-3.271622e-03  2.672819e-02  2.445150e-01  5.000000e+00
-1.560231e-03  2.413774e-02  2.476331e-01  5.000000e+00
-1.485976e-03  5.620474e-03  2.368364e-01  5.000000e+00
 3.020746e-03  1.876087e-02  2.453753e-01  5.000000e+00
-1.417500e-02  1.711301e-02  2.452130e-01  5.000000e+00
 4.169779e-03  2.596266e-02  2.324554e-01  5.000000e+00
-1.893220e-03  2.964037e-02  2.361834e-01  5.000000e+00
-1.698650e-02  1.340737e-02  2.361782e-01  5.000000e+00
-7.754146e-03  2.490491e-02  2.483199e-01  5.000000e+00
-3.597911e-03  3.029886e-02  2.358840e-01  5.000000e+00
 1.154044e-03  3.381838e-03  2.291244e-01  5.000000e+00
-2.571539e-03  2.472298e-02  2.478219e-01  5.000000e+00
-9.031820e-03  1.451163e-02  2.518444e-01  5.000000e+00
-7.837566e-03  2.357778e-02  2.505514e-01  5.000000e+00
-3.794499e-03  6.156560e-03  2.396132e-01  5.000000e+00
-8.902850e-03  1.061658e-02  2.472191e-01  5.000000e+00
-5.883033e-03  1.497221e-02  2.535911e-01  5.000000e+00
-1.308822e-02  2.519638e-02  2.390865e-01  5.000000e+00
 5.674712e-03  2.696909e-02  2.258457e-01  5.000000e+00
-1.118234e-02  1.711124e-02  2.508345e-01  5.000000e+00
 9.316534e-03  8.670335e-03  2.272377e-01  5.000000e+00
-9.161353e-03  1.292795e-02  2.501032e-01  5.000000e+00
-1.962493e-02  9.766803e-03  2.244353e-01  5.000000e+00
-1.823968e-02  5.724016e-03  2.221399e-01  5.000000e+00
-1.274512e-02  2.773284e-02  2.329662e-01  5.000000e+00
-1.310808e-02  1.666899e-02  2.473468e-01  5.000000e+00
-1.135591e-02  2.683090e-02  2.388019e-01  5.000000e+00
-3.901184e-03  1.352219e-02  2.517217e-01  5.000000e+00
 1.201773e-04  1.491308e-02  2.494856e-01  5.000000e+00
 6.025536e-03  1.626643e-02  2.397329e-01  5.000000e+00
-1.851988e-02  1.011206e-02  2.281224e-01  5.000000e+00
-3.693151e-03  1.940074e-02  2.542728e-01  5.000000e+00
-6.084606e-03  2.346125e-02  2.514342e-01  5.000000e+00
-1.430200e-02  1.609050e-02  2.446179e-01  5.000000e+00
-8.777719e-03  2.667801e-02  2.434629e-01  5.000000e+00
-2.067059e-03  1.218826e-02  2.489126e-01  5.000000e+00
-3.450674e-03  2.122485e-02  2.531024e-01  5.000000e+00
-1.713120e-02  1.042535e-02  2.323626e-01  5.000000e+00
-1.869810e-03  1.291801e-02  2.496681e-01  5.000000e+00
-8.402797e-03  3.457148e-03  2.345080e-01  5.000000e+00
-1.512915e-02  2.233947e-02  2.395838e-01  5.000000e+00
-1.548208e-02  1.281405e-02  2.394019e-01  5.000000e+00
 1.413977e-03  2.151124e-02  2.463482e-01  5.000000e+00
-2.059703e-03  2.969584e-02  2.362297e-01  5.000000e+00
 6.485910e-03  1.834867e-02  2.379341e-01  5.000000e+00
-1.175132e-02  2.645289e-02  2.389766e-01  5.000000e+00
-1.158661e-02  2.437976e-02  2.441423e-01  5.000000e+00
-1.304331e-03  2.818638e-02  2.390425e-01  5.000000e+00
-2.940097e-03  1.656631e-02  2.535536e-01  5.000000e+00
 3.351790e-03  3.356548e-03  2.262115e-01  5.000000e+00
-5.997575e-03  8.586950e-03  2.448881e-01  5.000000e+00
-7.817000e-03  1.697256e-02  2.542622e-01  5.000000e+00
-1.393937e-02  8.633098e-03  2.372279e-01  5.000000e+00
 2.863987e-03  2.362555e-02  2.403156e-01  5.000000e+00
 5.574774e-03  2.079896e-02  2.378321e-01  5.000000e+00
-1.163663e-02  1.415521e-02  2.483816e-01  5.000000e+00
-4.383024e-03  3.014721e-02  2.365886e-01  5.000000e+00
-6.240483e-03  2.260950e-02  2.525453e-01  5.000000e+00
 6.676101e-04  2.340621e-02  2.452559e-01  5.000000e+00
-1.234941e-02  1.714984e-02  2.489116e-01  5.000000e+00
-9.777132e-03  2.511157e-02  2.457052e-01  5.000000e+00
-1.505485e-02  1.217052e-02  2.396971e-01  5.000000e+00
 9.542473e-03  1.336471e-02  2.314808e-01  5.000000e+00
-1.908209e-03  2.223279e-02  2.506870e-01  5.000000e+00
 4.650861e-03 -2.900038e-04  2.157272e-01  5.000000e+00
 6.764339e-03  5.188290e-03  2.251771e-01  5.000000e+00
-6.397557e-03  2.016696e-02  2.545994e-01  5.000000e+00
 6.521735e-03  2.250774e-02  2.327238e-01  5.000000e+00
-9.043995e-03  1.147823e-02  2.483504e-01  5.000000e+00
 4.127465e-03  1.940232e-02  2.426664e-01  5.000000e+00
 6.575934e-03  1.760003e-02  2.381494e-01  5.000000e+00
-1.928031e-03  2.043036e-02  2.523006e-01  5.000000e+00
 5.592635e-03  3.002511e-03  2.221798e-01  5.000000e+00
-1.577193e-02  2.577002e-02  2.302883e-01  5.000000e+00
-9.407634e-03  6.069905e-03  2.390709e-01  5.000000e+00
 9.135144e-03  8.943046e-03  2.279728e-01  5.000000e+00
-7.954705e-03  2.710219e-02  2.433066e-01  5.000000e+00
-1.049668e-02  2.980954e-02  2.316015e-01  5.000000e+00
-1.320909e-01  2.621903e-02  1.793140e-02  6.000000e+00
-1.173197e-01  2.727411e-02  8.656711e-03  6.000000e+00
-1.292510e-01  2.790614e-02  1.320604e-02  6.000000e+00
-1.288166e-01  3.016446e-02  1.847611e-02  6.000000e+00
-1.230564e-01  3.392892e-02  1.505059e-02  6.000000e+00
-1.225283e-01  2.057002e-02  6.469214e-03  6.000000e+00
-1.286113e-01  3.020597e-02  1.560001e-02  6.000000e+00
-1.314400e-01  1.647064e-02  9.211485e-03  6.000000e+00
-1.196813e-01  3.134462e-02  1.020915e-02  6.000000e+00
-1.284543e-01  3.023164e-02  1.532323e-02  6.000000e+00
-1.220698e-01  3.243251e-02  1.180212e-02  6.000000e+00
-1.195589e-01  2.383395e-02  7.933409e-03  6.000000e+00
-1.251639e-01  2.891076e-02  1.152273e-02  6.000000e+00
-1.279949e-01  3.086938e-02  1.638959e-02  6.000000e+00
-1.320186e-01  2.241727e-02  1.777920e-02  6.000000e+00
-1.257063e-01  2.522334e-02  9.922070e-03  6.000000e+00
-1.256569e-01  2.504251e-02  2.784305e-02  6.000000e+00
-1.262128e-01  2.164326e-02  7.920181e-03  6.000000e+00
-1.279558e-01  2.587491e-02  1.108341e-02  6.000000e+00
-1.310543e-01  1.874601e-02  1.526870e-02  6.000000e+00
-1.181896e-01  3.301532e-02  1.005399e-02  6.000000e+00
-1.247433e-01  3.142158e-02  1.284718e-02  6.000000e+00
-1.314441e-01  1.944532e-02  1.551451e-02  6.000000e+00
-1.196531e-01  3.436874e-02  1.151715e-02  6.000000e+00
-1.218564e-01  3.456788e-02  1.720991e-02  6.000000e+00
-1.298675e-01  1.445593e-02  1.000360e-02  6.000000e+00
-1.216281e-01  1.466217e-02  2.260246e-02  6.000000e+00
-1.330098e-01  2.240793e-02  1.386952e-02  6.000000e+00
-1.275775e-01  2.345350e-02  9.486866e-03  6.000000e+00
-1.327196e-01  2.514158e-02  1.588515e-02  6.000000e+00
-1.223987e-01  3.412951e-02  1.417514e-02  6.000000e+00
-1.229759e-01  2.264339e-02  3.026854e-02  6.000000e+00
-1.303828e-01  2.426147e-02  2.163669e-02  6.000000e+00
-1.208930e-01  3.035006e-02  2.849222e-02  6.000000e+00
-1.186342e-01  1.529894e-02  1.804459e-03  6.000000e+00
-1.219691e-01  2.398595e-02  8.417701e-03  6.000000e+00
-1.170819e-01  2.675763e-02  8.490304e-03  6.000000e+00
-1.313120e-01  2.507818e-02  1.259025e-02  6.000000e+00
-1.247957e-01  1.486936e-02  1.882799e-02  6.000000e+00
-1.168960e-01  2.727090e-02  8.564703e-03  6.000000e+00
-1.277728e-01  2.101609e-02  2.312270e-02  6.000000e+00
-1.217138e-01  2.706068e-02  3.144230e-02  6.000000e+00
-1.182892e-01  1.335872e-02 -3.481202e-05  6.000000e+00
-1.274295e-01  2.915057e-02  1.289727e-02  6.000000e+00
-1.301413e-01  1.782241e-02  1.555336e-02  6.000000e+00
-1.274906e-01  1.765178e-02  1.939315e-02  6.000000e+00
-1.316496e-01  2.736145e-02  1.654586e-02  6.000000e+00
-1.272317e-01  3.104983e-02  1.498310e-02  6.000000e+00
-1.229733e-01  1.382315e-02  9.470909e-04  6.000000e+00
-1.310895e-01  1.662732e-02  1.137423e-02  6.000000e+00
-1.308964e-01  1.541566e-02  9.006632e-03  6.000000e+00
-1.326901e-01  2.118535e-02  1.463622e-02  6.000000e+00
-1.328196e-01  2.257349e-02  1.286609e-02  6.000000e+00
-1.140189e-01  3.283303e-02  2.984247e-02  6.000000e+00
-1.204473e-01  2.925567e-02  9.927463e-03  6.000000e+00
-1.213203e-01  3.483920e-02  1.719571e-02  6.000000e+00
-1.235921e-01  3.132163e-02  2.412525e-02  6.000000e+00
-1.303246e-01  2.687029e-02  1.320000e-02  6.000000e+00
-1.292504e-01  2.845463e-02  2.148931e-02  6.000000e+00
-1.223450e-01  1.911622e-02  5.381041e-03  6.000000e+00
-1.316823e-01  1.830967e-02  8.741936e-03  6.000000e+00
-1.295378e-01  1.477239e-02  1.136844e-02  6.000000e+00
-1.266325e-01  3.143733e-02  1.960211e-02  6.000000e+00
-1.277846e-01  2.074765e-02  7.745822e-03  6.000000e+00
-1.274203e-01  2.034959e-02  2.290846e-02  6.000000e+00
-1.244685e-01  2.577553e-02  9.841120e-03  6.000000e+00
-1.252986e-01  3.208533e-02  1.416316e-02  6.000000e+00
-1.264125e-01  1.535447e-02  1.739658e-02  6.000000e+00
-1.248286e-01  2.646817e-02  2.847922e-02  6.000000e+00
-1.217131e-01  3.459417e-02  1.424498e-02  6.000000e+00
-1.281261e-01  3.049369e-02  1.931526e-02  6.000000e+00
-1.311360e-01  1.575131e-02  8.615483e-03  6.000000e+00
-1.300661e-01  1.503966e-02  1.074155e-02  6.000000e+00
-1.232166e-01  1.928008e-02  2.705544e-02  6.000000e+00
-1.301031e-01  1.691126e-02  1.413756e-02  6.000000e+00
-1.263396e-01  2.223924e-02  2.599052e-02  6.000000e+00
-1.202801e-01  1.402874e-02  7.741440e-04  6.000000e+00
-1.202551e-01  3.481818e-02  1.251364e-02  6.000000e+00
-1.240244e-01  3.167695e-02  1.254179e-02  6.000000e+00
-1.277699e-01  3.104700e-02  1.780086e-02  6.000000e+00
-1.245065e-01  2.702296e-02  2.854681e-02  6.000000e+00
-1.203366e-01  3.298784e-02  2.403246e-02  6.000000e+00
-1.273838e-01  1.729586e-02  1.902651e-02  6.000000e+00
-1.303942e-01  2.197385e-02  2.027780e-02  6.000000e+00
-1.185070e-01  3.343173e-02  1.033922e-02  6.000000e+00
-1.200692e-01  2.991894e-02  9.977419e-03  6.000000e+00
-1.221275e-01  3.041846e-02  1.088752e-02  6.000000e+00
-1.324767e-01  2.555991e-02  1.507427e-02  6.000000e+00
-1.195022e-01  1.341600e-02  1.185998e-04  6.000000e+00
-1.312903e-01  1.647349e-02  1.028220e-02  6.000000e+00
-1.316343e-01  1.789403e-02  8.555361e-03  6.000000e+00
-1.328583e-01  2.268691e-02  1.567217e-02  6.000000e+00
-1.289120e-01  1.904033e-02  1.926316e-02  6.000000e+00
-1.295776e-01  1.721022e-02  1.556082e-02  6.000000e+00
-1.207778e-01  1.407787e-02  8.738742e-04  6.000000e+00
-1.268854e-01  2.316180e-02  2.587476e-02  6.000000e+00
-1.214163e-01  1.377498e-02  2.145132e-02  6.000000e+00
-1.259816e-01  2.757481e-02  2.655374e-02  6.000000e+00
-1.228808e-01  3.410357e-02  1.566257e-02  6.000000e+00
-1.262026e-01  1.943833e-02  2.347544e-02  6.000000e+00
 1.171607e-01  7.541201e-02 -1.333548e-01  7.000000e+00
 1.188885e-01  7.670602e-02 -1.383043e-01  7.000000e+00
 1.160771e-01  7.792246e-02 -1.467971e-01  7.000000e+00
 9.796080e-02  7.872084e-02 -1.241981e-01  7.000000e+00
 1.170296e-01  8.050111e-02 -1.473484e-01  7.000000e+00
 1.136503e-01  8.250354e-02 -1.401077e-01  7.000000e+00
 1.194266e-01  7.062969e-02 -1.362874e-01  7.000000e+00
 1.132573e-01  7.912136e-02 -1.450086e-01  7.000000e+00
 1.132400e-01  8.184699e-02 -1.425231e-01  7.000000e+00
 1.198337e-01  7.895278e-02 -1.443468e-01  7.000000e+00
 1.158136e-01  7.556189e-02 -1.447384e-01  7.000000e+00
 1.027496e-01  7.117957e-02 -1.345923e-01  7.000000e+00
 1.107969e-01  7.663892e-02 -1.430317e-01  7.000000e+00
 1.193312e-01  7.604294e-02 -1.384645e-01  7.000000e+00
 1.192540e-01  7.527549e-02 -1.373451e-01  7.000000e+00
 1.071720e-01  7.141659e-02 -1.378806e-01  7.000000e+00
 1.100632e-01  7.882217e-02 -1.263032e-01  7.000000e+00
 1.065767e-01  7.480399e-02 -1.387146e-01  7.000000e+00
 1.170945e-01  7.719620e-02 -1.464582e-01  7.000000e+00
 1.040665e-01  7.210527e-02 -1.360590e-01  7.000000e+00
 9.594114e-02  6.591668e-02 -1.265767e-01  7.000000e+00
 1.193036e-01  8.017451e-02 -1.465383e-01  7.000000e+00
 1.127479e-01  8.073251e-02 -1.433878e-01  7.000000e+00
 1.122573e-01  7.543818e-02 -1.436350e-01  7.000000e+00
 1.170202e-01  7.041769e-02 -1.376619e-01  7.000000e+00
 1.054800e-01  7.102206e-02 -1.366894e-01  7.000000e+00
 1.105071e-01  7.861967e-02 -1.421566e-01  7.000000e+00
 1.160090e-01  7.828939e-02 -1.469449e-01  7.000000e+00
 1.119148e-01  6.600177e-02 -1.314250e-01  7.000000e+00
 1.192165e-01  7.905402e-02 -1.425005e-01  7.000000e+00
 1.035170e-01  8.160214e-02 -1.296910e-01  7.000000e+00
 1.144091e-01  7.968619e-02 -1.458810e-01  7.000000e+00
 1.199833e-01  7.611974e-02 -1.439386e-01  7.000000e+00
 1.090641e-01  8.271158e-02 -1.319287e-01  7.000000e+00
 1.201996e-01  7.715083e-02 -1.426961e-01  7.000000e+00
 1.008062e-01  7.473053e-02 -1.309019e-01  7.000000e+00
 1.168735e-01  8.045414e-02 -1.473060e-01  7.000000e+00
 1.153537e-01  8.039734e-02 -1.371532e-01  7.000000e+00
 1.039250e-01  7.886786e-02 -1.328957e-01  7.000000e+00
 1.087304e-01  7.422779e-02 -1.407818e-01  7.000000e+00
 1.064445e-01  7.173523e-02 -1.377982e-01  7.000000e+00
 1.198996e-01  7.197754e-02 -1.372988e-01  7.000000e+00
 1.031271e-01  7.753399e-02 -1.326653e-01  7.000000e+00
 1.099074e-01  7.522822e-02 -1.420451e-01  7.000000e+00
 1.097630e-01  8.285000e-02 -1.341349e-01  7.000000e+00
 1.175725e-01  7.994984e-02 -1.477341e-01  7.000000e+00
 1.191450e-01  7.978406e-02 -1.474065e-01  7.000000e+00
 1.169179e-01  8.159063e-02 -1.429259e-01  7.000000e+00
 1.129684e-01  7.874099e-02 -1.307385e-01  7.000000e+00
 1.097186e-01  7.830196e-02 -1.413424e-01  7.000000e+00
 1.059724e-01  7.505943e-02 -1.379130e-01  7.000000e+00
 1.076153e-01  7.993737e-02 -1.373363e-01  7.000000e+00
 1.185191e-01  7.949057e-02 -1.415949e-01  7.000000e+00
 1.086737e-01  7.834265e-02 -1.399645e-01  7.000000e+00
 1.138309e-01  6.600032e-02 -1.314579e-01  7.000000e+00
 1.159664e-01  7.886117e-02 -1.470874e-01  7.000000e+00
 1.168404e-01  8.180001e-02 -1.448471e-01  7.000000e+00
 1.161328e-01  7.944846e-02 -1.369646e-01  7.000000e+00
 1.108420e-01  7.293270e-02 -1.407992e-01  7.000000e+00
 1.181962e-01  7.271220e-02 -1.406621e-01  7.000000e+00
 1.013576e-01  6.876962e-02 -1.324400e-01  7.000000e+00
 1.191329e-01  7.931901e-02 -1.474592e-01  7.000000e+00
 1.198945e-01  7.249695e-02 -1.363825e-01  7.000000e+00
 1.179933e-01  7.316953e-02 -1.414012e-01  7.000000e+00
 1.057200e-01  7.156058e-02 -1.372332e-01  7.000000e+00
 1.138878e-01  8.013067e-02 -1.451406e-01  7.000000e+00
 1.120114e-01  8.053444e-02 -1.318748e-01  7.000000e+00
 1.018084e-01  6.996798e-02 -1.334062e-01  7.000000e+00
 1.199578e-01  7.895708e-02 -1.453417e-01  7.000000e+00
 1.150353e-01  7.536297e-02 -1.444285e-01  7.000000e+00
 1.199826e-01  7.558200e-02 -1.397356e-01  7.000000e+00
 1.051041e-01  7.272711e-02 -1.371860e-01  7.000000e+00
 1.055036e-01  7.719491e-02 -1.362947e-01  7.000000e+00
 1.096895e-01  6.331068e-02 -1.272656e-01  7.000000e+00
 1.078422e-01  7.062990e-02 -1.372568e-01  7.000000e+00
 1.176474e-01  7.484076e-02 -1.335411e-01  7.000000e+00
 1.133150e-01  6.674712e-02 -1.325741e-01  7.000000e+00
 1.168113e-01  7.554282e-02 -1.329011e-01  7.000000e+00
 1.153833e-01  8.221154e-02 -1.427832e-01  7.000000e+00
 1.141989e-01  7.373593e-02 -1.424359e-01  7.000000e+00
 1.081860e-01  7.074073e-02 -1.374905e-01  7.000000e+00
 1.104421e-01  7.156250e-02 -1.390747e-01  7.000000e+00
 1.088722e-01  7.599270e-02 -1.411230e-01  7.000000e+00
 1.184137e-01  7.947224e-02 -1.477725e-01  7.000000e+00
 9.801746e-02  6.699691e-02 -1.288677e-01  7.000000e+00
 1.129061e-01  8.259712e-02 -1.393440e-01  7.000000e+00
 1.082449e-01  8.062414e-02 -1.375769e-01  7.000000e+00
 1.140068e-01  8.170229e-02 -1.374211e-01  7.000000e+00
 1.151258e-01  8.209402e-02 -1.436660e-01  7.000000e+00
 1.195998e-01  7.347567e-02 -1.362056e-01  7.000000e+00
 1.174618e-01  7.921402e-02 -1.390000e-01  7.000000e+00
 1.138967e-01  7.555374e-02 -1.443621e-01  7.000000e+00
 1.008918e-01  6.905767e-02 -1.322498e-01  7.000000e+00
 1.169114e-01  7.352289e-02 -1.421520e-01  7.000000e+00
 1.150836e-01  6.752708e-02 -1.336639e-01  7.000000e+00
 1.190929e-01  7.357516e-02 -1.349987e-01  7.000000e+00
 1.193748e-01  7.832092e-02 -1.416968e-01  7.000000e+00
 1.176141e-01  7.352158e-02 -1.420118e-01  7.000000e+00
 1.003541e-01  6.901690e-02 -1.317588e-01  7.000000e+00
 1.121196e-01  8.245546e-02 -1.397767e-01  7.000000e+00
 7.481672e-03  1.570902e-01  3.358637e-02  8.000000e+00
 1.694880e-02  1.638451e-01  2.196989e-02  8.000000e+00
 1.294008e-02  1.643859e-01  2.311371e-02  8.000000e+00
 8.040011e-03  1.548099e-01  1.957812e-02  8.000000e+00
 1.901228e-02  1.593734e-01  2.587321e-02  8.000000e+00
 1.641421e-02  1.625153e-01  2.088588e-02  8.000000e+00
 1.470495e-02  1.623870e-01  2.133431e-02  8.000000e+00
 1.731650e-02  1.633551e-01  2.702489e-02  8.000000e+00
 2.055749e-02  1.555424e-01  1.543245e-02  8.000000e+00
 1.643030e-02  1.585686e-01  1.876981e-02  8.000000e+00
 1.931186e-02  1.607269e-01  2.006464e-02  8.000000e+00
 8.994462e-03  1.525929e-01  4.000710e-02  8.000000e+00
 1.028090e-02  1.592401e-01  2.112042e-02  8.000000e+00
 1.899918e-02  1.613523e-01  2.054687e-02  8.000000e+00
 1.009579e-02  1.650030e-01  2.687624e-02  8.000000e+00
 1.649058e-02  1.654496e-01  2.596420e-02  8.000000e+00
 9.238731e-03  1.610519e-01  2.227841e-02  8.000000e+00
 1.571222e-02  1.581663e-01  3.431576e-02  8.000000e+00
 1.402039e-02  1.547301e-01  3.873466e-02  8.000000e+00
 1.609420e-02  1.626211e-01  3.048878e-02  8.000000e+00
 1.285439e-02  1.595926e-01  3.608478e-02  8.000000e+00
 1.742574e-02  1.612062e-01  2.882225e-02  8.000000e+00
 1.460634e-02  1.621624e-01  2.124960e-02  8.000000e+00
 1.235532e-02  1.600860e-01  2.102947e-02  8.000000e+00
 4.949902e-03  1.528093e-01  3.270739e-02  8.000000e+00
 1.528027e-02  1.628276e-01  2.139359e-02  8.000000e+00
 7.912014e-03  1.534889e-01  1.912785e-02  8.000000e+00
 1.713050e-02  1.647417e-01  2.504058e-02  8.000000e+00
 6.665205e-03  1.557428e-01  1.995939e-02  8.000000e+00
 1.269860e-02  1.608212e-01  3.513714e-02  8.000000e+00
 1.506768e-02  1.559133e-01  3.670700e-02  8.000000e+00
 1.874998e-02  1.463296e-01  3.403703e-02  8.000000e+00
 1.786425e-02  1.634536e-01  2.228096e-02  8.000000e+00
 1.025149e-02  1.600175e-01  2.147032e-02  8.000000e+00
 1.423933e-02  1.638351e-01  2.232784e-02  8.000000e+00
 1.069564e-02  1.571783e-01  3.763272e-02  8.000000e+00
 1.911179e-02  1.604579e-01  1.939834e-02  8.000000e+00
 2.002659e-02  1.485986e-01  2.943302e-02  8.000000e+00
 1.682113e-02  1.506315e-01  1.544520e-02  8.000000e+00
 9.222208e-03  1.638052e-01  2.523185e-02  8.000000e+00
 1.522636e-02  1.573629e-01  3.557018e-02  8.000000e+00
 1.884399e-02  1.609798e-01  2.480697e-02  8.000000e+00
 2.021699e-02  1.530986e-01  1.406423e-02  8.000000e+00
 1.968758e-02  1.591207e-01  2.372073e-02  8.000000e+00
 5.854117e-03  1.588984e-01  2.716135e-02  8.000000e+00
 1.480442e-02  1.665682e-01  2.504324e-02  8.000000e+00
 5.763090e-03  1.547753e-01  3.246906e-02  8.000000e+00
 1.870277e-02  1.477616e-01  1.288978e-02  8.000000e+00
 1.129930e-02  1.615499e-01  3.416034e-02  8.000000e+00
 8.560233e-03  1.587861e-01  3.373573e-02  8.000000e+00
 1.524865e-02  1.601517e-01  2.002949e-02  8.000000e+00
 1.986060e-02  1.565102e-01  1.620456e-02  8.000000e+00
 1.852999e-02  1.523728e-01  1.482969e-02  8.000000e+00
 1.690083e-02  1.650903e-01  2.488628e-02  8.000000e+00
 1.056042e-02  1.652415e-01  2.829682e-02  8.000000e+00
 1.597534e-02  1.580350e-01  1.876719e-02  8.000000e+00
 2.035248e-02  1.549845e-01  2.489543e-02  8.000000e+00
 1.909920e-02  1.508162e-01  1.376160e-02  8.000000e+00
 1.006357e-02  1.573632e-01  3.699008e-02  8.000000e+00
 1.022734e-02  1.641726e-01  2.987929e-02  8.000000e+00
 2.059359e-02  1.578554e-01  2.124276e-02  8.000000e+00
 6.595649e-03  1.604638e-01  2.430980e-02  8.000000e+00
 1.525613e-02  1.628376e-01  2.140697e-02  8.000000e+00
 1.121584e-02  1.540918e-01  4.031692e-02  8.000000e+00
 2.057513e-02  1.566400e-01  2.280508e-02  8.000000e+00
 2.068861e-02  1.577118e-01  1.774458e-02  8.000000e+00
 9.024376e-03  1.534548e-01  1.916366e-02  8.000000e+00
 9.353470e-03  1.627852e-01  3.037107e-02  8.000000e+00
 8.482628e-03  1.615933e-01  2.306144e-02  8.000000e+00
 2.025020e-02  1.430722e-01  3.140589e-02  8.000000e+00
 1.518726e-02  1.611427e-01  2.052177e-02  8.000000e+00
 1.044270e-02  1.634540e-01  2.347507e-02  8.000000e+00
 6.014459e-03  1.474324e-01  1.709273e-02  8.000000e+00
 2.068411e-02  1.581183e-01  1.987063e-02  8.000000e+00
 1.665575e-02  1.650822e-01  2.354543e-02  8.000000e+00
 1.020863e-02  1.557491e-01  1.983935e-02  8.000000e+00
 1.597830e-02  1.567711e-01  3.473890e-02  8.000000e+00
 1.257943e-02  1.586846e-01  3.684764e-02  8.000000e+00
 1.174522e-02  1.640865e-01  2.335411e-02  8.000000e+00
 9.198338e-03  1.601228e-01  2.174809e-02  8.000000e+00
 1.034979e-02  1.592779e-01  3.554331e-02  8.000000e+00
 1.664261e-02  1.606843e-01  1.972183e-02  8.000000e+00
 1.110923e-02  1.528013e-01  4.127853e-02  8.000000e+00
 1.339528e-02  1.662419e-01  2.941649e-02  8.000000e+00
 7.802504e-03  1.538382e-01  1.923615e-02  8.000000e+00
 1.033804e-02  1.633876e-01  3.121535e-02  8.000000e+00
 1.256599e-02  1.576466e-01  2.004304e-02  8.000000e+00
 8.171986e-03  1.609581e-01  2.270146e-02  8.000000e+00
 1.275351e-02  1.561116e-01  1.946652e-02  8.000000e+00
 1.683321e-02  1.574038e-01  1.804190e-02  8.000000e+00
 2.117650e-02  1.494390e-01  1.161570e-02  8.000000e+00
 9.486761e-03  1.642894e-01  2.738312e-02  8.000000e+00
 1.623815e-02  1.646271e-01  2.820215e-02  8.000000e+00
 1.737263e-02  1.593271e-01  3.033072e-02  8.000000e+00
 5.859651e-03  1.589737e-01  2.282667e-02  8.000000e+00
 1.366097e-02  1.609584e-01  2.100155e-02  8.000000e+00
 1.663396e-02  1.641079e-01  2.216127e-02  8.000000e+00
 1.521137e-02  1.655396e-01  2.352152e-02  8.000000e+00
 6.996388e-03  1.580038e-01  2.109724e-02  8.000000e+00
 1.835044e-02  1.509264e-01  3.280693e-02  8.000000e+00
-6.563107e-02  1.250262e-01 -4.219508e-02  9.000000e+00
-7.300967e-02  1.325649e-01 -4.567987e-02  9.000000e+00
-7.312067e-02  1.328281e-01 -4.567403e-02  9.000000e+00
-7.348488e-02  1.351307e-01 -4.355458e-02  9.000000e+00
-7.488091e-02  1.347999e-01 -4.442094e-02  9.000000e+00
-6.381358e-02  1.136674e-01 -4.163856e-02  9.000000e+00
-7.516537e-02  1.344734e-01 -4.509346e-02  9.000000e+00
-6.463509e-02  1.148904e-01 -4.199931e-02  9.000000e+00
-7.575833e-02  1.252052e-01 -4.209516e-02  9.000000e+00
-6.743183e-02  1.237041e-01 -4.375375e-02  9.000000e+00
-6.388273e-02  1.252564e-01 -4.059705e-02  9.000000e+00
-7.283761e-02  1.330398e-01 -4.552492e-02  9.000000e+00
-7.153746e-02  1.248622e-01 -4.445334e-02  9.000000e+00
-6.246835e-02  1.252740e-01 -3.929005e-02  9.000000e+00
-7.406663e-02  1.350239e-01 -4.378763e-02  9.000000e+00
-7.552940e-02  1.297512e-01 -4.444427e-02  9.000000e+00
-7.193611e-02  1.350242e-01 -4.305696e-02  9.000000e+00
-7.181537e-02  1.226453e-01 -4.343669e-02  9.000000e+00
-7.257876e-02  1.258975e-01 -3.712411e-02  9.000000e+00
-7.117612e-02  1.239839e-01 -4.422071e-02  9.000000e+00
-6.461198e-02  1.151453e-01 -4.206948e-02  9.000000e+00
-6.708372e-02  1.316987e-01 -4.121980e-02  9.000000e+00
-7.260582e-02  1.292203e-01 -3.881123e-02  9.000000e+00
-7.075586e-02  1.307112e-01 -4.489189e-02  9.000000e+00
-7.404586e-02  1.264166e-01 -4.408490e-02  9.000000e+00
-7.580691e-02  1.241040e-01 -4.144183e-02  9.000000e+00
-7.238156e-02  1.283468e-01 -3.821544e-02  9.000000e+00
-7.051257e-02  1.326286e-01 -4.410301e-02  9.000000e+00
-7.581623e-02  1.328377e-01 -4.383309e-02  9.000000e+00
-7.072938e-02  1.278921e-01 -4.514442e-02  9.000000e+00
-6.373029e-02  1.153004e-01 -4.191831e-02  9.000000e+00
-7.568357e-02  1.274400e-01 -4.052453e-02  9.000000e+00
-7.168993e-02  1.337610e-01 -4.112894e-02  9.000000e+00
-7.128957e-02  1.218125e-01 -4.326716e-02  9.000000e+00
-6.997004e-02  1.337420e-01 -4.287781e-02  9.000000e+00
-7.377996e-02  1.326884e-01 -4.581608e-02  9.000000e+00
-6.975415e-02  1.169374e-01 -4.157681e-02  9.000000e+00
-7.454206e-02  1.343070e-01 -4.554784e-02  9.000000e+00
-7.532019e-02  1.322027e-01 -4.532744e-02  9.000000e+00
-7.599442e-02  1.320258e-01 -4.362293e-02  9.000000e+00
-7.447687e-02  1.335213e-01 -4.265237e-02  9.000000e+00
-6.856214e-02  1.279357e-01 -4.392936e-02  9.000000e+00
-6.997089e-02  1.284392e-01 -3.683289e-02  9.000000e+00
-6.134994e-02  1.227180e-01 -3.895154e-02  9.000000e+00
-6.203397e-02  1.120002e-01 -4.099284e-02  9.000000e+00
-7.564472e-02  1.333461e-01 -4.392114e-02  9.000000e+00
-7.610912e-02  1.304894e-01 -4.286114e-02  9.000000e+00
-6.507812e-02  1.168162e-01 -4.249402e-02  9.000000e+00
-6.809911e-02  1.232377e-01 -4.407134e-02  9.000000e+00
-7.476095e-02  1.344053e-01 -4.545572e-02  9.000000e+00
-7.107908e-02  1.253132e-01 -4.470561e-02  9.000000e+00
-7.109087e-02  1.285591e-01 -4.526937e-02  9.000000e+00
-7.167934e-02  1.248011e-01 -4.439032e-02  9.000000e+00
-7.309492e-02  1.340962e-01 -4.213955e-02  9.000000e+00
-6.869311e-02  1.229257e-01 -4.416888e-02  9.000000e+00
-7.104249e-02  1.193622e-01 -4.222608e-02  9.000000e+00
-7.450336e-02  1.218189e-01 -4.158623e-02  9.000000e+00
-6.568002e-02  1.242633e-01 -4.239806e-02  9.000000e+00
-6.946929e-02  1.309457e-01 -3.802082e-02  9.000000e+00
-7.105935e-02  1.190134e-01 -4.205212e-02  9.000000e+00
-7.182618e-02  1.299264e-01 -3.870746e-02  9.000000e+00
-6.234625e-02  1.237759e-01 -3.958929e-02  9.000000e+00
-6.914440e-02  1.250560e-01 -3.460311e-02  9.000000e+00
-6.791315e-02  1.332830e-01 -3.985933e-02  9.000000e+00
-6.428165e-02  1.239705e-01 -4.127157e-02  9.000000e+00
-7.582516e-02  1.296663e-01 -4.181136e-02  9.000000e+00
-7.104040e-02  1.346987e-01 -4.281634e-02  9.000000e+00
-7.609083e-02  1.294894e-01 -4.223748e-02  9.000000e+00
-6.536259e-02  1.223053e-01 -4.249808e-02  9.000000e+00
-6.863072e-02  1.292525e-01 -4.367243e-02  9.000000e+00
-7.387632e-02  1.274952e-01 -4.462416e-02  9.000000e+00
-7.231414e-02  1.301470e-01 -3.912370e-02  9.000000e+00
-6.463918e-02  1.193127e-01 -4.235345e-02  9.000000e+00
-7.344759e-02  1.314940e-01 -4.579152e-02  9.000000e+00
-7.066604e-02  1.345513e-01 -4.199428e-02  9.000000e+00
-7.359913e-02  1.344806e-01 -4.533539e-02  9.000000e+00
-6.208079e-02  1.255481e-01 -3.884366e-02  9.000000e+00
-7.419889e-02  1.280428e-01 -4.468153e-02  9.000000e+00
-7.287556e-02  1.329763e-01 -4.555573e-02  9.000000e+00
-6.921245e-02  1.215637e-01 -4.376673e-02  9.000000e+00
-7.434814e-02  1.285161e-01 -3.969491e-02  9.000000e+00
-6.500368e-02  1.207733e-01 -4.244850e-02  9.000000e+00
-6.478669e-02  1.222759e-01 -4.204718e-02  9.000000e+00
-7.618366e-02  1.274713e-01 -4.157865e-02  9.000000e+00
-7.442927e-02  1.272833e-01 -3.915940e-02  9.000000e+00
-6.930637e-02  1.173934e-01 -4.195925e-02  9.000000e+00
-7.565195e-02  1.336434e-01 -4.435564e-02  9.000000e+00
-7.248541e-02  1.345954e-01 -4.460955e-02  9.000000e+00
-7.128877e-02  1.267418e-01 -4.506702e-02  9.000000e+00
-7.422365e-02  1.309093e-01 -4.558586e-02  9.000000e+00
-7.474454e-02  1.333861e-01 -4.278861e-02  9.000000e+00
-7.593100e-02  1.267706e-01 -4.061249e-02  9.000000e+00
-6.977042e-02  1.221513e-01 -4.387183e-02  9.000000e+00
-7.492827e-02  1.329287e-01 -4.264226e-02  9.000000e+00
-7.314499e-02  1.300946e-01 -4.563705e-02  9.000000e+00
-7.218685e-02  1.271344e-01 -4.506569e-02  9.000000e+00
-6.750296e-02  1.228257e-01 -4.382047e-02  9.000000e+00
-7.454594e-02  1.214563e-01 -4.137031e-02  9.000000e+00
-7.346858e-02  1.296820e-01 -3.962895e-02  9.000000e+00
-6.423988e-02  1.176213e-01 -4.221232e-02  9.000000e+00
