-1.834909e-02 -2.727092e-01 -1.083541e+00  1.000000e+00
-3.119799e-02 -2.903932e-01 -1.233706e+00  1.000000e+00
-9.608010e-04 -3.043945e-01 -1.348554e+00  1.000000e+00
 7.048068e-03 -2.969056e-01 -1.272390e+00  1.000000e+00
-1.661452e-02 -2.540640e-01 -9.396655e-01  1.000000e+00
 1.196122e-02 -2.837792e-01 -1.153078e+00  1.000000e+00
-2.100469e-02 -2.525034e-01 -9.289521e-01  1.000000e+00
-3.152069e-02 -2.671871e-01 -1.040057e+00  1.000000e+00
-1.218082e-02 -2.726541e-01 -1.081042e+00  1.000000e+00
-4.654796e-02 -2.661091e-01 -1.025721e+00  1.000000e+00
-1.121815e-02 -2.709922e-01 -1.067336e+00  1.000000e+00
-2.955409e-02 -2.517376e-01 -9.230877e-01  1.000000e+00
-1.403251e-02 -2.428686e-01 -8.590949e-01  1.000000e+00
 5.406433e-03 -2.874121e-01 -1.190958e+00  1.000000e+00
 1.544627e-02 -2.642360e-01 -9.926546e-01  1.000000e+00
 1.274598e-02 -2.682134e-01 -1.026432e+00  1.000000e+00
-5.082394e-02 -2.825231e-01 -1.157982e+00  1.000000e+00
-4.612301e-03 -2.497230e-01 -9.034099e-01  1.000000e+00
-3.198438e-02 -2.815587e-01 -1.157355e+00  1.000000e+00
 1.561068e-05 -2.498328e-01 -9.012407e-01  1.000000e+00
-2.040049e-02 -2.537354e-01 -9.379107e-01  1.000000e+00
-1.996949e-02 -2.521641e-01 -9.263623e-01  1.000000e+00
-1.280888e-02 -2.448001e-01 -8.721983e-01  1.000000e+00
-2.389588e-02 -2.729226e-01 -1.086159e+00  1.000000e+00
 2.492295e-03 -2.523968e-01 -9.177964e-01  1.000000e+00
 1.814231e-02 -2.849869e-01 -1.155400e+00  1.000000e+00
-1.532469e-02 -2.716864e-01 -1.074467e+00  1.000000e+00
-3.805392e-02 -2.791143e-01 -1.135448e+00  1.000000e+00
-1.308602e-02 -2.758702e-01 -1.107449e+00  1.000000e+00
-4.983532e-02 -2.758665e-01 -1.102566e+00  1.000000e+00
-3.377680e-02 -2.630750e-01 -1.007476e+00  1.000000e+00
-2.065634e-02 -2.868530e-01 -1.202014e+00  1.000000e+00
 4.417902e-03 -2.712561e-01 -1.058844e+00  1.000000e+00
-4.039316e-03 -2.623407e-01 -9.961382e-01  1.000000e+00
-3.139955e-02 -2.555746e-01 -9.510591e-01  1.000000e+00
-2.020168e-02 -2.543034e-01 -9.420642e-01  1.000000e+00
-4.458832e-02 -2.841604e-01 -1.175673e+00  1.000000e+00
-1.757513e-02 -2.905397e-01 -1.233236e+00  1.000000e+00
-4.948513e-02 -2.802936e-01 -1.139886e+00  1.000000e+00
 5.332381e-03 -2.617753e-01 -9.846758e-01  1.000000e+00
-4.186383e-02 -2.680685e-01 -1.043778e+00  1.000000e+00
 1.918913e-02 -2.792606e-01 -1.106449e+00  1.000000e+00
-1.558192e-02 -2.851453e-01 -1.185848e+00  1.000000e+00
-3.481565e-02 -2.619480e-01 -9.985062e-01  1.000000e+00
-3.435247e-02 -2.644320e-01 -1.017866e+00  1.000000e+00
-2.361167e-03 -2.479049e-01 -8.891289e-01  1.000000e+00
 8.207238e-03 -2.905014e-01 -1.214676e+00  1.000000e+00
-2.286089e-02 -2.937921e-01 -1.263383e+00  1.000000e+00
 5.506156e-03 -2.900640e-01 -1.213704e+00  1.000000e+00
-6.526626e-03 -2.447719e-01 -8.694608e-01  1.000000e+00
 1.362044e-02 -2.895493e-01 -1.200143e+00  1.000000e+00
-3.120989e-02 -2.999902e-01 -1.320288e+00  1.000000e+00
-8.271725e-03 -2.906524e-01 -1.229893e+00  1.000000e+00
-1.800688e-02 -2.640102e-01 -1.014877e+00  1.000000e+00
-2.558471e-02 -2.859376e-01 -1.194869e+00  1.000000e+00
 2.472250e-03 -2.647347e-01 -1.009689e+00  1.000000e+00
-9.166138e-03 -2.992010e-01 -1.306747e+00  1.000000e+00
-3.480870e-02 -2.802360e-01 -1.145721e+00  1.000000e+00
-3.048650e-02 -2.841851e-01 -1.179839e+00  1.000000e+00
-2.449999e-02 -2.852788e-01 -1.189108e+00  1.000000e+00
-4.079954e-03 -2.592975e-01 -9.731841e-01  1.000000e+00
-1.495362e-02 -2.722242e-01 -1.078652e+00  1.000000e+00
 4.644163e-03 -2.948310e-01 -1.256382e+00  1.000000e+00
-2.903442e-02 -2.539878e-01 -9.396888e-01  1.000000e+00
 1.341768e-02 -2.905370e-01 -1.208930e+00  1.000000e+00
-1.169973e-02 -2.725327e-01 -1.079860e+00  1.000000e+00
-9.011299e-03 -2.462016e-01 -8.806295e-01  1.000000e+00
-1.168472e-03 -2.899721e-01 -1.218955e+00  1.000000e+00
 2.350370e-02 -2.854734e-01 -1.151780e+00  1.000000e+00
 9.045795e-03 -2.644850e-01 -1.001696e+00  1.000000e+00
 4.059611e-03 -2.861752e-01 -1.181706e+00  1.000000e+00
 2.209160e-02 -2.826856e-01 -1.130572e+00  1.000000e+00
-4.552129e-02 -2.712984e-01 -1.067813e+00  1.000000e+00
-3.347061e-02 -2.602778e-01 -9.860581e-01  1.000000e+00
-3.442751e-02 -2.675146e-01 -1.042043e+00  1.000000e+00
-1.328345e-02 -2.845260e-01 -1.179648e+00  1.000000e+00
-6.193212e-03 -2.853049e-01 -1.182458e+00  1.000000e+00
-3.797547e-02 -2.881010e-01 -1.212394e+00  1.000000e+00
-1.419908e-02 -2.704687e-01 -1.064369e+00  1.000000e+00
-5.528221e-02 -2.768017e-01 -1.106244e+00  1.000000e+00
-2.721271e-02 -3.048935e-01 -1.365915e+00  1.000000e+00
-2.686357e-02 -2.603539e-01 -9.876171e-01  1.000000e+00
-3.007514e-02 -2.937519e-01 -1.263603e+00  1.000000e+00
-8.650012e-03 -2.660534e-01 -1.027285e+00  1.000000e+00
-1.448591e-02 -2.557131e-01 -9.512585e-01  1.000000e+00
-3.164145e-02 -2.811198e-01 -1.153691e+00  1.000000e+00
-3.427787e-02 -2.786223e-01 -1.132314e+00  1.000000e+00
 3.511248e-03 -2.550884e-01 -9.365360e-01  1.000000e+00
-2.909284e-02 -2.755282e-01 -1.107415e+00  1.000000e+00
-2.746979e-02 -2.665614e-01 -1.035562e+00  1.000000e+00
-1.621791e-02 -2.443525e-01 -8.699550e-01  1.000000e+00
-4.975839e-02 -2.748199e-01 -1.093963e+00  1.000000e+00
-3.588033e-02 -2.649817e-01 -1.021729e+00  1.000000e+00
-1.846625e-03 -2.594287e-01 -9.727145e-01  1.000000e+00
 1.319415e-02 -2.838598e-01 -1.152285e+00  1.000000e+00
-1.725188e-02 -2.519545e-01 -9.243895e-01  1.000000e+00
-2.315409e-02 -2.904413e-01 -1.233750e+00  1.000000e+00
-1.404216e-02 -2.556388e-01 -9.505741e-01  1.000000e+00
-4.571811e-02 -2.688432e-01 -1.047945e+00  1.000000e+00
-2.660302e-02 -2.685181e-01 -1.051014e+00  1.000000e+00
 1.582772e-01 -1.400667e-01  1.254761e-01  2.000000e+00
 1.432176e-01 -1.779385e-01 -9.510741e-02  2.000000e+00
 1.389611e-01 -1.845714e-01 -1.453925e-01  2.000000e+00
 1.379390e-01 -1.489767e-01 -5.723702e-03  2.000000e+00
 1.334105e-01 -1.223173e-01  5.896269e-02  2.000000e+00
 1.641310e-01 -1.430788e-01  1.472221e-01  2.000000e+00
 1.557932e-01 -1.549459e-01  6.103532e-02  2.000000e+00
 1.264982e-01 -1.787700e-01 -1.762147e-01  2.000000e+00
 1.711978e-01 -1.454091e-01  1.792777e-01  2.000000e+00
 1.564619e-01 -1.448581e-01  1.000551e-01  2.000000e+00
 1.104148e-01 -1.468975e-01 -1.134737e-01  2.000000e+00
 1.427936e-01 -1.373265e-01  5.651656e-02  2.000000e+00
 1.135309e-01 -1.538537e-01 -1.272094e-01  2.000000e+00
 1.313732e-01 -1.329184e-01  1.838482e-02  2.000000e+00
 1.529944e-01 -1.578732e-01  3.558545e-02  2.000000e+00
 1.396731e-01 -1.189152e-01  9.660992e-02  2.000000e+00
 1.418995e-01 -1.593152e-01 -2.520913e-02  2.000000e+00
 1.596815e-01 -1.302743e-01  1.633136e-01  2.000000e+00
 1.202864e-01 -1.771842e-01 -1.956125e-01  2.000000e+00
 1.223964e-01 -1.452501e-01 -6.058871e-02  2.000000e+00
 1.274780e-01 -1.160183e-01  5.088272e-02  2.000000e+00
 1.601827e-01 -1.418932e-01  1.296709e-01  2.000000e+00
 1.410512e-01 -1.724937e-01 -8.229136e-02  2.000000e+00
 1.689436e-01 -1.453321e-01  1.666411e-01  2.000000e+00
 1.225219e-01 -1.346079e-01 -2.439227e-02  2.000000e+00
 1.419562e-01 -1.172964e-01  1.115607e-01  2.000000e+00
 1.529934e-01 -1.743458e-01 -3.013113e-02  2.000000e+00
 1.364317e-01 -1.637765e-01 -6.842983e-02  2.000000e+00
 1.377822e-01 -1.751072e-01 -1.090015e-01  2.000000e+00
 1.286223e-01 -1.670310e-01 -1.168024e-01  2.000000e+00
 1.719095e-01 -1.569428e-01  1.430048e-01  2.000000e+00
 1.634019e-01 -1.603139e-01  8.211020e-02  2.000000e+00
 1.531068e-01 -1.524984e-01  5.593527e-02  2.000000e+00
 1.469932e-01 -1.469940e-01  4.455634e-02  2.000000e+00
 1.060806e-01 -1.581082e-01 -1.714681e-01  2.000000e+00
 1.353187e-01 -1.281260e-01  5.051590e-02  2.000000e+00
 1.413761e-01 -1.730744e-01 -8.317488e-02  2.000000e+00
 1.252525e-01 -1.465470e-01 -5.324998e-02  2.000000e+00
 1.313042e-01 -1.613399e-01 -8.211682e-02  2.000000e+00
 1.097949e-01 -1.546374e-01 -1.443760e-01  2.000000e+00
 1.277438e-01 -1.373804e-01 -1.155690e-02  2.000000e+00
 1.693487e-01 -1.411902e-01  1.825736e-01  2.000000e+00
 1.490532e-01 -1.639189e-01 -7.828626e-03  2.000000e+00
 1.360446e-01 -1.173405e-01  8.442402e-02  2.000000e+00
 9.663310e-02 -1.444003e-01 -1.530200e-01  2.000000e+00
 1.265716e-01 -1.206549e-01  3.433514e-02  2.000000e+00
 1.625595e-01 -1.586350e-01  8.378071e-02  2.000000e+00
 1.292553e-01 -1.771211e-01 -1.568012e-01  2.000000e+00
 1.197022e-01 -1.238899e-01 -2.895695e-03  2.000000e+00
 1.093579e-01 -1.725736e-01 -2.188300e-01  2.000000e+00
 1.669365e-01 -1.498414e-01  1.398960e-01  2.000000e+00
 1.147579e-01 -1.673317e-01 -1.757764e-01  2.000000e+00
 1.295080e-01 -1.303600e-01  1.823138e-02  2.000000e+00
 1.371930e-01 -1.777070e-01 -1.230586e-01  2.000000e+00
 1.174858e-01 -1.661412e-01 -1.599974e-01  2.000000e+00
 1.188031e-01 -1.491443e-01 -8.905918e-02  2.000000e+00
 1.208482e-01 -1.270402e-01 -7.665933e-03  2.000000e+00
 1.125306e-01 -1.638896e-01 -1.703383e-01  2.000000e+00
 1.043074e-01 -1.366023e-01 -1.000936e-01  2.000000e+00
 1.261501e-01 -1.579641e-01 -9.151879e-02  2.000000e+00
 1.422841e-01 -1.181633e-01  1.107638e-01  2.000000e+00
 1.365892e-01 -1.369154e-01  2.894971e-02  2.000000e+00
 1.516966e-01 -1.647816e-01  2.260015e-03  2.000000e+00
 1.265266e-01 -1.156734e-01  4.783785e-02  2.000000e+00
 1.071044e-01 -1.522850e-01 -1.454429e-01  2.000000e+00
 9.080146e-02 -1.533848e-01 -2.049546e-01  2.000000e+00
 1.254537e-01 -1.877771e-01 -2.220149e-01  2.000000e+00
 1.314776e-01 -1.359851e-01  9.108249e-03  2.000000e+00
 1.212175e-01 -1.778258e-01 -1.945727e-01  2.000000e+00
 1.520229e-01 -1.256906e-01  1.371011e-01  2.000000e+00
 1.391964e-01 -1.687367e-01 -7.552306e-02  2.000000e+00
 1.098772e-01 -1.663997e-01 -1.907615e-01  2.000000e+00
 1.352147e-01 -1.193961e-01  7.511860e-02  2.000000e+00
 1.399838e-01 -1.444064e-01  1.974927e-02  2.000000e+00
 1.458077e-01 -1.796631e-01 -8.983606e-02  2.000000e+00
 1.266300e-01 -1.569611e-01 -8.562071e-02  2.000000e+00
 1.150905e-01 -1.696092e-01 -1.839865e-01  2.000000e+00
 1.188325e-01 -1.445536e-01 -7.261653e-02  2.000000e+00
 1.547842e-01 -1.337600e-01  1.271620e-01  2.000000e+00
 1.322073e-01 -1.894298e-01 -1.996654e-01  2.000000e+00
 1.394458e-01 -1.471153e-01  7.858949e-03  2.000000e+00
 1.265256e-01 -1.562583e-01 -8.339364e-02  2.000000e+00
 1.053819e-01 -1.468551e-01 -1.317326e-01  2.000000e+00
 1.403120e-01 -1.733838e-01 -8.960735e-02  2.000000e+00
 1.503578e-01 -1.359756e-01  9.776728e-02  2.000000e+00
 1.419050e-01 -1.372009e-01  5.270392e-02  2.000000e+00
 1.175649e-01 -1.720728e-01 -1.845427e-01  2.000000e+00
 1.300240e-01 -1.619835e-01 -9.033187e-02  2.000000e+00
 1.383531e-01 -1.633347e-01 -5.771065e-02  2.000000e+00
 1.522830e-01 -1.453901e-01  7.662008e-02  2.000000e+00
 1.458649e-01 -1.397241e-01  6.352861e-02  2.000000e+00
 1.739213e-01 -1.512783e-01  1.750523e-01  2.000000e+00
 1.365295e-01 -1.107700e-01  1.037271e-01  2.000000e+00
 1.312864e-01 -1.515591e-01 -4.516797e-02  2.000000e+00
 1.085852e-01 -1.416588e-01 -1.018376e-01  2.000000e+00
 1.187355e-01 -1.454137e-01 -7.601813e-02  2.000000e+00
 1.328433e-01 -1.867454e-01 -1.841267e-01  2.000000e+00
 1.076901e-01 -1.574380e-01 -1.629626e-01  2.000000e+00
 1.547319e-01 -1.305759e-01  1.365597e-01  2.000000e+00
 1.315740e-01 -1.345209e-01  1.420950e-02  2.000000e+00
 2.691487e-01 -5.055482e-02  1.090636e+00  3.000000e+00
 2.721066e-01  2.554657e-02  1.085725e+00  3.000000e+00
 2.978902e-01 -2.152475e-02  1.379837e+00  3.000000e+00
 2.595019e-01 -3.256187e-02  1.008827e+00  3.000000e+00
 2.388211e-01 -9.839935e-03  8.335308e-01  3.000000e+00
 2.775157e-01 -4.892467e-02  1.171009e+00  3.000000e+00
 2.822732e-01 -6.714265e-03  1.213877e+00  3.000000e+00
 2.511875e-01 -2.781282e-03  9.302321e-01  3.000000e+00
 2.716902e-01 -4.004029e-02  1.118438e+00  3.000000e+00
 2.729528e-01 -2.124212e-04  1.120571e+00  3.000000e+00
 2.617164e-01 -2.430351e-02  1.028448e+00  3.000000e+00
 2.709381e-01 -1.766456e-02  1.110848e+00  3.000000e+00
 2.685839e-01  5.112905e-03  1.076153e+00  3.000000e+00
 2.597636e-01 -2.966987e-02  1.011345e+00  3.000000e+00
 2.602842e-01 -2.147549e-03  1.007568e+00  3.000000e+00
 2.789525e-01 -2.001742e-02  1.187424e+00  3.000000e+00
 2.872801e-01 -2.291745e-02  1.270375e+00  3.000000e+00
 2.572087e-01 -3.871239e-03  9.819421e-01  3.000000e+00
 2.526410e-01  2.150683e-03  9.391412e-01  3.000000e+00
 2.693970e-01  6.766419e-03  1.082118e+00  3.000000e+00
 2.852620e-01  1.025844e-02  1.229333e+00  3.000000e+00
 2.412623e-01 -1.984636e-02  8.554874e-01  3.000000e+00
 2.854575e-01  9.310957e-03  1.232231e+00  3.000000e+00
 2.720992e-01 -2.259672e-02  1.122847e+00  3.000000e+00
 2.408056e-01 -2.343160e-02  8.521889e-01  3.000000e+00
 2.807674e-01 -4.180849e-02  1.205273e+00  3.000000e+00
 2.704555e-01 -3.944509e-02  1.107017e+00  3.000000e+00
 2.887157e-01 -2.848847e-02  1.285839e+00  3.000000e+00
 2.841947e-01 -2.947254e-03  1.230274e+00  3.000000e+00
 2.587302e-01 -1.733677e-02  1.000882e+00  3.000000e+00
 2.476257e-01 -1.008275e-02  9.043837e-01  3.000000e+00
 2.578539e-01  8.969522e-03  9.778625e-01  3.000000e+00
 2.765252e-01  1.539660e-02  1.139510e+00  3.000000e+00
 2.768996e-01 -2.481472e-02  1.168658e+00  3.000000e+00
 2.918188e-01 -1.960685e-02  1.315712e+00  3.000000e+00
 2.767682e-01 -3.721863e-02  1.167308e+00  3.000000e+00
 2.812094e-01 -3.455570e-02  1.210825e+00  3.000000e+00
 2.730657e-01 -4.618048e-02  1.129454e+00  3.000000e+00
 2.808700e-01  6.518406e-03  1.190103e+00  3.000000e+00
 2.718796e-01  2.191306e-02  1.088436e+00  3.000000e+00
 2.887140e-01 -2.469069e-02  1.285266e+00  3.000000e+00
 2.555397e-01 -3.082867e-02  9.744279e-01  3.000000e+00
 2.865845e-01 -2.277890e-02  1.263340e+00  3.000000e+00
 2.608114e-01 -5.828064e-03  1.014390e+00  3.000000e+00
 2.855388e-01 -3.864644e-02  1.253394e+00  3.000000e+00
 2.791316e-01 -1.041566e-02  1.185433e+00  3.000000e+00
 2.894613e-01 -2.782541e-02  1.293368e+00  3.000000e+00
 2.491814e-01 -8.340500e-04  9.123721e-01  3.000000e+00
 2.555087e-01 -2.133756e-02  9.738130e-01  3.000000e+00
 2.700697e-01 -1.741026e-02  1.102731e+00  3.000000e+00
 2.599354e-01 -2.131700e-02  1.012302e+00  3.000000e+00
 2.567347e-01  1.233205e-02  9.650787e-01  3.000000e+00
 2.729734e-01 -5.261645e-02  1.125534e+00  3.000000e+00
 2.824286e-01 -4.551753e-03  1.214027e+00  3.000000e+00
 3.007718e-01 -1.852935e-02  1.409615e+00  3.000000e+00
 2.985905e-01 -2.664802e-03  1.377194e+00  3.000000e+00
 2.671779e-01  3.981976e-03  1.064354e+00  3.000000e+00
 2.666812e-01 -1.795100e-03  1.064175e+00  3.000000e+00
 2.821783e-01 -1.808111e-02  1.218263e+00  3.000000e+00
 2.754142e-01  1.907041e-02  1.124765e+00  3.000000e+00
 2.960936e-01 -3.333567e-03  1.351414e+00  3.000000e+00
 2.953597e-01 -1.416619e-02  1.350295e+00  3.000000e+00
 2.664093e-01 -4.191104e-02  1.068917e+00  3.000000e+00
 2.718581e-01  8.537756e-03  1.103079e+00  3.000000e+00
 2.769579e-01  2.527530e-02  1.131228e+00  3.000000e+00
 2.810051e-01  1.443965e-03  1.195791e+00  3.000000e+00
 2.687134e-01 -3.718122e-02  1.091312e+00  3.000000e+00
 2.900587e-01 -1.886277e-02  1.297414e+00  3.000000e+00
 2.699272e-01  9.554874e-03  1.084372e+00  3.000000e+00
 2.606805e-01 -3.413134e-02  1.019050e+00  3.000000e+00
 2.614958e-01 -1.714543e-02  1.025131e+00  3.000000e+00
 2.595267e-01 -2.770561e-02  1.009283e+00  3.000000e+00
 2.676914e-01 -5.475299e-02  1.074695e+00  3.000000e+00
 2.645898e-01 -1.682900e-02  1.052628e+00  3.000000e+00
 2.775935e-01  9.891745e-04  1.163374e+00  3.000000e+00
 2.591853e-01 -1.055926e-02  1.002495e+00  3.000000e+00
 2.980042e-01 -1.617437e-03  1.370184e+00  3.000000e+00
 2.685561e-01 -9.687798e-03  1.085782e+00  3.000000e+00
 2.654574e-01 -9.765929e-03  1.057712e+00  3.000000e+00
 2.872966e-01 -2.707936e-02  1.271288e+00  3.000000e+00
 2.949304e-01 -1.689586e-03  1.338042e+00  3.000000e+00
 2.672623e-01 -3.280525e-02  1.078555e+00  3.000000e+00
 2.845194e-01 -1.193037e-02  1.238838e+00  3.000000e+00
 2.718453e-01 -1.912212e-02  1.119699e+00  3.000000e+00
 2.737390e-01 -3.022844e-02  1.138962e+00  3.000000e+00
 2.649837e-01 -4.121722e-03  1.050400e+00  3.000000e+00
 2.546853e-01 -2.231735e-02  9.668839e-01  3.000000e+00
 2.619251e-01 -9.228647e-03  1.025951e+00  3.000000e+00
 3.021688e-01 -1.254197e-02  1.421917e+00  3.000000e+00
 2.562373e-01  5.383784e-03  9.671030e-01  3.000000e+00
 2.763113e-01  1.245262e-03  1.150999e+00  3.000000e+00
 2.999052e-01 -3.539847e-03  1.391825e+00  3.000000e+00
 2.719536e-01 -9.275277e-04  1.111806e+00  3.000000e+00
 2.424645e-01 -2.412323e-02  8.655178e-01  3.000000e+00
 2.871857e-01 -3.268889e-02  1.270507e+00  3.000000e+00
 2.742583e-01 -2.640394e-02  1.143689e+00  3.000000e+00
 2.475808e-01 -7.458497e-03  9.028666e-01  3.000000e+00
 2.822287e-01 -4.189186e-02  1.219679e+00  3.000000e+00
 2.426438e-01 -2.520819e-02  8.669916e-01  3.000000e+00
 2.696855e-01 -3.905597e-02  1.099933e+00  3.000000e+00
-1.787919e-01 -1.448275e-01  8.472896e-02  4.000000e+00
-1.538016e-01 -1.278810e-01  3.466620e-02  4.000000e+00
-1.551755e-01 -1.380732e-01  2.099128e-04  4.000000e+00
-1.251387e-01 -1.244348e-01 -6.486049e-02  4.000000e+00
-1.467380e-01 -1.684926e-01 -1.735020e-01  4.000000e+00
-1.658091e-01 -1.604981e-01 -5.127281e-02  4.000000e+00
-1.395356e-01 -1.375795e-01 -6.260168e-02  4.000000e+00
-1.412049e-01 -1.377760e-01 -5.686280e-02  4.000000e+00
-1.497118e-01 -1.270091e-01  2.031954e-02  4.000000e+00
-1.424161e-01 -1.577623e-01 -1.391216e-01  4.000000e+00
-1.240747e-01 -1.578626e-01 -2.060978e-01  4.000000e+00
-1.348514e-01 -1.609623e-01 -1.828049e-01  4.000000e+00
-1.072426e-01 -1.399657e-01 -1.810184e-01  4.000000e+00
-1.398233e-01 -1.100411e-01  3.979373e-02  4.000000e+00
-1.265515e-01 -1.142223e-01 -2.403490e-02  4.000000e+00
-1.606712e-01 -1.325734e-01  4.722575e-02  4.000000e+00
-1.306985e-01 -1.161669e-01 -1.572659e-02  4.000000e+00
-1.460531e-01 -1.429118e-01 -5.870091e-02  4.000000e+00
-1.468253e-01 -1.227504e-01  2.404684e-02  4.000000e+00
-1.485758e-01 -1.340655e-01 -1.192558e-02  4.000000e+00
-1.366405e-01 -1.033142e-01  4.883074e-02  4.000000e+00
-1.078097e-01 -1.437420e-01 -1.948233e-01  4.000000e+00
-1.297007e-01 -1.449989e-01 -1.299560e-01  4.000000e+00
-1.643714e-01 -1.325267e-01  6.467843e-02  4.000000e+00
-1.511336e-01 -1.513006e-01 -7.410400e-02  4.000000e+00
-1.327391e-01 -1.156861e-01 -6.525383e-03  4.000000e+00
-1.830240e-01 -1.334467e-01  1.551386e-01  4.000000e+00
-1.684057e-01 -1.326357e-01  8.359758e-02  4.000000e+00
-1.096542e-01 -1.462884e-01 -2.001383e-01  4.000000e+00
-1.373103e-01 -1.270482e-01 -3.005438e-02  4.000000e+00
-1.510584e-01 -1.197363e-01  5.296481e-02  4.000000e+00
-1.482639e-01 -1.579742e-01 -1.166039e-01  4.000000e+00
-1.474750e-01 -1.156452e-01  5.214362e-02  4.000000e+00
-1.425548e-01 -1.054033e-01  6.583781e-02  4.000000e+00
-1.634211e-01 -1.182502e-01  1.142856e-01  4.000000e+00
-1.269801e-01 -1.552538e-01 -1.843819e-01  4.000000e+00
-1.164167e-01 -1.359819e-01 -1.375739e-01  4.000000e+00
-1.525387e-01 -9.745526e-02  1.329047e-01  4.000000e+00
-1.573415e-01 -1.166887e-01  9.165221e-02  4.000000e+00
-1.574817e-01 -1.276594e-01  5.188744e-02  4.000000e+00
-1.541670e-01 -1.746190e-01 -1.737788e-01  4.000000e+00
-1.672687e-01 -1.355649e-01  6.624893e-02  4.000000e+00
-1.456294e-01 -1.324205e-01 -1.763992e-02  4.000000e+00
-1.513831e-01 -1.015383e-01  1.153473e-01  4.000000e+00
-1.257506e-01 -1.423752e-01 -1.327344e-01  4.000000e+00
-1.582539e-01 -1.399402e-01  6.169856e-03  4.000000e+00
-1.372919e-01 -1.578554e-01 -1.592297e-01  4.000000e+00
-1.410984e-01 -1.408444e-01 -6.989789e-02  4.000000e+00
-1.501290e-01 -1.630656e-01 -1.330375e-01  4.000000e+00
-1.622594e-01 -1.266937e-01  7.752523e-02  4.000000e+00
-1.349407e-01 -1.598472e-01 -1.772390e-01  4.000000e+00
-1.566824e-01 -1.542911e-01 -6.370246e-02  4.000000e+00
-1.544842e-01 -1.486876e-01 -4.810532e-02  4.000000e+00
-1.804123e-01 -1.225864e-01  1.836946e-01  4.000000e+00
-1.565032e-01 -1.446352e-01 -2.156788e-02  4.000000e+00
-1.667864e-01 -1.106911e-01  1.568707e-01  4.000000e+00
-1.258348e-01 -1.302504e-01 -8.415335e-02  4.000000e+00
-1.446102e-01 -1.593537e-01 -1.378693e-01  4.000000e+00
-1.515717e-01 -9.653201e-02  1.313895e-01  4.000000e+00
-1.456051e-01 -1.152034e-01  4.585388e-02  4.000000e+00
-1.669318e-01 -1.316218e-01  8.050310e-02  4.000000e+00
-1.804527e-01 -1.223533e-01  1.847847e-01  4.000000e+00
-1.155168e-01 -1.509385e-01 -2.025282e-01  4.000000e+00
-1.372260e-01 -1.546483e-01 -1.447771e-01  4.000000e+00
-1.761261e-01 -1.222640e-01  1.624569e-01  4.000000e+00
-1.474111e-01 -9.873025e-02  1.067837e-01  4.000000e+00
-1.236814e-01 -1.455772e-01 -1.531889e-01  4.000000e+00
-1.337955e-01 -1.283926e-01 -4.844184e-02  4.000000e+00
-1.616438e-01 -1.430820e-01  8.319779e-03  4.000000e+00
-1.417329e-01 -1.333059e-01 -3.686239e-02  4.000000e+00
-1.453227e-01 -1.699815e-01 -1.866048e-01  4.000000e+00
-1.666058e-01 -1.480328e-01  9.990875e-03  4.000000e+00
-1.517812e-01 -1.149732e-01  7.292902e-02  4.000000e+00
-1.624707e-01 -1.466408e-01 -3.273762e-03  4.000000e+00
-1.502801e-01 -1.090192e-01  8.657387e-02  4.000000e+00
-1.482133e-01 -1.762781e-01 -2.071575e-01  4.000000e+00
-1.730427e-01 -1.325537e-01  1.068616e-01  4.000000e+00
-1.598417e-01 -1.369892e-01  2.558333e-02  4.000000e+00
-1.442280e-01 -1.308280e-01 -1.713917e-02  4.000000e+00
-1.318271e-01 -1.629032e-01 -2.029371e-01  4.000000e+00
-1.607466e-01 -1.111986e-01  1.263324e-01  4.000000e+00
-1.500451e-01 -1.408203e-01 -3.331909e-02  4.000000e+00
-1.420849e-01 -1.512342e-01 -1.107327e-01  4.000000e+00
-1.183853e-01 -1.494949e-01 -1.872738e-01  4.000000e+00
-1.435278e-01 -1.058187e-01  6.849775e-02  4.000000e+00
-1.383303e-01 -1.695318e-01 -2.114092e-01  4.000000e+00
-1.813119e-01 -1.423968e-01  1.084946e-01  4.000000e+00
-1.388832e-01 -1.334728e-01 -4.871037e-02  4.000000e+00
-1.355496e-01 -1.199101e-01 -1.068933e-02  4.000000e+00
-1.564284e-01 -1.005163e-01  1.410569e-01  4.000000e+00
-1.622494e-01 -1.228772e-01  9.185961e-02  4.000000e+00
-1.386682e-01 -1.145696e-01  2.000902e-02  4.000000e+00
-1.755073e-01 -1.295012e-01  1.315012e-01  4.000000e+00
-1.396586e-01 -1.581881e-01 -1.517929e-01  4.000000e+00
-1.060922e-01 -1.394224e-01 -1.820972e-01  4.000000e+00
-1.413830e-01 -1.470690e-01 -9.519245e-02  4.000000e+00
-1.320311e-01 -1.515330e-01 -1.499463e-01  4.000000e+00
-1.735116e-01 -1.491407e-01  3.872677e-02  4.000000e+00
-1.421099e-01 -1.318327e-01 -2.957923e-02  4.000000e+00
-1.499546e-01 -1.188536e-01  5.137894e-02  4.000000e+00
-1.917602e-02  1.868723e-02 -4.831745e-02  5.000000e+00
-7.151191e-03 -1.723791e-02 -5.627137e-02  5.000000e+00
 8.080202e-03  4.160656e-02 -7.134931e-02  5.000000e+00
-3.276902e-03  2.044890e-02 -5.552436e-02  5.000000e+00
-2.468644e-02  2.350645e-02 -4.626278e-02  5.000000e+00
-4.987289e-04 -2.194182e-02 -5.950327e-02  5.000000e+00
-1.652502e-02  1.686435e-03 -4.741185e-02  5.000000e+00
 2.759669e-02  1.259905e-02 -4.352664e-02  5.000000e+00
 2.521352e-02 -1.296840e-02 -4.524048e-02  5.000000e+00
-2.252522e-02 -1.424670e-02 -4.833508e-02  5.000000e+00
 5.410788e-03 -4.111046e-03 -5.209266e-02  5.000000e+00
 4.199958e-02 -3.850635e-03 -2.687217e-02  5.000000e+00
 4.472987e-03  3.031041e-02 -6.182284e-02  5.000000e+00
 9.453706e-04 -3.476576e-02 -6.944206e-02  5.000000e+00
-1.134591e-03 -4.242796e-02 -7.760333e-02  5.000000e+00
 2.318264e-03 -2.343090e-03 -5.216119e-02  5.000000e+00
 1.345811e-02  6.724089e-03 -5.000679e-02  5.000000e+00
-1.463561e-02  2.561244e-02 -5.407775e-02  5.000000e+00
-1.821066e-02  1.016545e-03 -4.655387e-02  5.000000e+00
 5.409795e-04  2.678296e-02 -5.936738e-02  5.000000e+00
 1.195449e-02 -1.207880e-02 -5.237637e-02  5.000000e+00
 2.060535e-02  1.699844e-04 -4.619022e-02  5.000000e+00
-1.669499e-02  1.795672e-02 -4.956086e-02  5.000000e+00
-1.711679e-02  9.831668e-03 -4.737491e-02  5.000000e+00
 6.594603e-03 -2.978046e-02 -6.409551e-02  5.000000e+00
-1.942777e-02 -6.743404e-03 -4.732568e-02  5.000000e+00
 2.085395e-02  1.179539e-02 -4.771987e-02  5.000000e+00
-3.298255e-02  8.303775e-03 -3.471116e-02  5.000000e+00
-2.369168e-02  2.253589e-02 -4.662324e-02  5.000000e+00
 3.146388e-02  8.205250e-03 -3.912183e-02  5.000000e+00
-3.884856e-03  2.036174e-02 -5.537312e-02  5.000000e+00
-2.042488e-02  2.646268e-02 -5.099084e-02  5.000000e+00
 3.608684e-03 -3.656078e-02 -7.078924e-02  5.000000e+00
-1.558794e-02  1.240050e-02 -4.863586e-02  5.000000e+00
 1.316297e-02 -2.353857e-03 -4.986615e-02  5.000000e+00
-1.857168e-03  1.718562e-02 -5.442016e-02  5.000000e+00
 1.080599e-02 -2.604926e-02 -5.999842e-02  5.000000e+00
 1.742138e-02 -1.054027e-02 -4.948431e-02  5.000000e+00
 5.538204e-03 -5.911798e-03 -5.239068e-02  5.000000e+00
 7.055590e-03  3.054087e-02 -6.182687e-02  5.000000e+00
-3.785498e-02  9.200012e-03 -2.942478e-02  5.000000e+00
 1.453938e-02  6.834756e-03 -4.962130e-02  5.000000e+00
-1.702599e-02 -3.256677e-02 -6.436153e-02  5.000000e+00
 1.537358e-02 -5.497769e-03 -4.935365e-02  5.000000e+00
 4.111624e-02  5.171885e-03 -2.854035e-02  5.000000e+00
 4.278355e-02 -4.215661e-03 -2.591568e-02  5.000000e+00
 2.919577e-03  3.670408e-02 -6.688811e-02  5.000000e+00
 1.924916e-02  8.985806e-03 -4.787511e-02  5.000000e+00
 1.310534e-03  3.165763e-02 -6.272851e-02  5.000000e+00
 2.965273e-03 -1.156660e-02 -5.426469e-02  5.000000e+00
-7.559384e-03 -1.293228e-02 -5.418135e-02  5.000000e+00
-2.190355e-02 -1.433158e-02 -4.877453e-02  5.000000e+00
 3.856234e-02  4.081312e-03 -3.128269e-02  5.000000e+00
-5.394005e-03  1.281545e-03 -5.134373e-02  5.000000e+00
-5.676464e-03  1.419658e-02 -5.277905e-02  5.000000e+00
 2.251139e-02  9.650356e-03 -4.617452e-02  5.000000e+00
-3.996268e-03  2.655390e-02 -5.855695e-02  5.000000e+00
 6.353944e-04 -1.648155e-02 -5.646118e-02  5.000000e+00
-8.557204e-03  5.264336e-03 -5.058484e-02  5.000000e+00
 3.542460e-02  2.444668e-03 -3.441940e-02  5.000000e+00
-6.879068e-04 -1.518287e-02 -5.588299e-02  5.000000e+00
 2.311118e-02 -2.422163e-02 -5.207032e-02  5.000000e+00
 1.516150e-02  2.655680e-02 -5.725295e-02  5.000000e+00
 2.918341e-02  4.502929e-03 -4.040792e-02  5.000000e+00
-2.007391e-02  8.132204e-04 -4.547101e-02  5.000000e+00
-2.336260e-02  2.288587e-02 -4.703609e-02  5.000000e+00
-2.618048e-02 -9.884185e-03 -4.383357e-02  5.000000e+00
 2.630899e-03  3.140303e-02 -6.260942e-02  5.000000e+00
 5.158452e-03  2.563270e-02 -5.872354e-02  5.000000e+00
-2.325833e-02  1.861851e-02 -4.542779e-02  5.000000e+00
-3.133611e-03 -6.087876e-03 -5.267733e-02  5.000000e+00
-3.830538e-04 -3.866881e-02 -7.343792e-02  5.000000e+00
 1.312658e-02 -1.866379e-02 -5.467766e-02  5.000000e+00
 7.274749e-03  1.270058e-03 -5.133269e-02  5.000000e+00
 3.068039e-02 -6.183486e-03 -3.914897e-02  5.000000e+00
-2.655114e-02  4.337543e-03 -4.058494e-02  5.000000e+00
-2.818152e-02 -3.855011e-03 -4.032650e-02  5.000000e+00
 1.935868e-02  9.973849e-04 -4.689945e-02  5.000000e+00
-1.838751e-02  2.737106e-02 -5.286961e-02  5.000000e+00
-4.121247e-03  1.234968e-02 -5.262199e-02  5.000000e+00
-2.120848e-02  5.804634e-03 -4.455200e-02  5.000000e+00
 1.699443e-02  8.839091e-03 -4.894313e-02  5.000000e+00
 3.005412e-04  2.432123e-02 -5.791265e-02  5.000000e+00
 2.908578e-02  2.483053e-03 -4.027852e-02  5.000000e+00
-2.431416e-02 -2.253587e-02 -5.207587e-02  5.000000e+00
-1.356218e-02  5.806289e-03 -4.878079e-02  5.000000e+00
 7.096746e-04 -4.610358e-02 -8.179905e-02  5.000000e+00
-8.288465e-03 -3.796883e-02 -7.234561e-02  5.000000e+00
-3.147642e-04  6.675812e-03 -5.209736e-02  5.000000e+00
-3.297641e-02 -6.517460e-04 -3.524743e-02  5.000000e+00
 1.678327e-02 -8.623067e-03 -4.931078e-02  5.000000e+00
-2.282536e-02 -6.072889e-03 -4.499426e-02  5.000000e+00
-2.516066e-02 -1.162412e-02 -4.531014e-02  5.000000e+00
-1.089186e-02  1.624923e-03 -4.985387e-02  5.000000e+00
-3.958606e-03 -4.115210e-02 -7.620805e-02  5.000000e+00
 1.131616e-02  3.712483e-02 -6.655018e-02  5.000000e+00
 2.308845e-02 -1.817742e-02 -4.883997e-02  5.000000e+00
-1.707264e-02 -3.190864e-02 -6.373009e-02  5.000000e+00
-6.380799e-03  2.617414e-02 -5.773885e-02  5.000000e+00
-4.252564e-03  3.770010e-02 -6.671409e-02  5.000000e+00
 1.443228e-01  1.305658e-01 -5.125840e-03  6.000000e+00
 1.599683e-01  1.661335e-01 -9.050913e-02  6.000000e+00
 1.503834e-01  1.473793e-01 -4.721207e-02  6.000000e+00
 1.348416e-01  1.415888e-01 -8.434265e-02  6.000000e+00
 1.292397e-01  1.565185e-01 -1.673198e-01  6.000000e+00
 1.764518e-01  1.444646e-01  8.535219e-02  6.000000e+00
 1.400261e-01  1.475592e-01 -8.940023e-02  6.000000e+00
 1.651159e-01  1.118695e-01  1.517874e-01  6.000000e+00
 1.455927e-01  1.669446e-01 -1.546919e-01  6.000000e+00
 1.404676e-01  1.482930e-01 -9.079610e-02  6.000000e+00
 1.397889e-01  1.629158e-01 -1.581641e-01  6.000000e+00
 1.698165e-01  1.565545e-01 -3.179006e-04  6.000000e+00
 1.510225e-01  1.566266e-01 -8.484306e-02  6.000000e+00
 1.366730e-01  1.474649e-01 -1.016658e-01  6.000000e+00
 1.488257e-01  1.182301e-01  5.746133e-02  6.000000e+00
 1.626794e-01  1.504850e-01 -6.774936e-03  6.000000e+00
 1.308946e-01  1.157708e-01 -4.466206e-03  6.000000e+00
 1.713523e-01  1.416438e-01  7.172584e-02  6.000000e+00
 1.588947e-01  1.477241e-01 -1.197455e-02  6.000000e+00
 1.545317e-01  1.098221e-01  1.098374e-01  6.000000e+00
 1.404161e-01  1.694910e-01 -1.869457e-01  6.000000e+00
 1.413410e-01  1.578962e-01 -1.293113e-01  6.000000e+00
 1.539834e-01  1.117275e-01  1.012792e-01  6.000000e+00
 1.338026e-01  1.661058e-01 -1.950919e-01  6.000000e+00
 1.230190e-01  1.532395e-01 -1.739067e-01  6.000000e+00
 1.627709e-01  1.035651e-01  1.669971e-01  6.000000e+00
 1.459591e-01  9.095209e-02  1.283554e-01  6.000000e+00
 1.559427e-01  1.247897e-01  6.512075e-02  6.000000e+00
 1.659386e-01  1.436173e-01  3.756923e-02  6.000000e+00
 1.496408e-01  1.306618e-01  1.635531e-02  6.000000e+00
 1.301209e-01  1.588141e-01 -1.745001e-01  6.000000e+00
 1.314104e-01  1.070905e-01  2.498801e-02  6.000000e+00
 1.408765e-01  1.192335e-01  2.167580e-02  6.000000e+00
 1.174788e-01  1.303618e-01 -1.006339e-01  6.000000e+00
 1.885036e-01  1.358595e-01  1.844574e-01  6.000000e+00
 1.683527e-01  1.535611e-01  6.154441e-03  6.000000e+00
 1.616725e-01  1.656186e-01 -8.043240e-02  6.000000e+00
 1.565902e-01  1.386813e-01  1.514791e-02  6.000000e+00
 1.502558e-01  9.463878e-02  1.365672e-01  6.000000e+00
 1.600814e-01  1.666796e-01 -9.262943e-02  6.000000e+00
 1.420305e-01  1.079867e-01  6.297915e-02  6.000000e+00
 1.220734e-01  1.190658e-01 -4.612522e-02  6.000000e+00
 1.913605e-01  1.314599e-01  2.177556e-01  6.000000e+00
 1.479088e-01  1.522750e-01 -7.841996e-02  6.000000e+00
 1.542316e-01  1.065627e-01  1.187963e-01  6.000000e+00
 1.488353e-01  1.018272e-01  1.098128e-01  6.000000e+00
 1.449245e-01  1.369111e-01 -2.697705e-02  6.000000e+00
 1.387162e-01  1.511592e-01 -1.096784e-01  6.000000e+00
 1.864543e-01  1.266051e-01  2.090953e-01  6.000000e+00
 1.610569e-01  1.086133e-01  1.432348e-01  6.000000e+00
 1.649972e-01  1.084329e-01  1.623490e-01  6.000000e+00
 1.549864e-01  1.189229e-01  8.160120e-02  6.000000e+00
 1.579570e-01  1.276637e-01  6.358760e-02  6.000000e+00
 1.069338e-01  1.353926e-01 -1.507615e-01  6.000000e+00
 1.524736e-01  1.643964e-01 -1.145678e-01  6.000000e+00
 1.220764e-01  1.536841e-01 -1.788905e-01  6.000000e+00
 1.215467e-01  1.368611e-01 -1.119326e-01  6.000000e+00
 1.525210e-01  1.437511e-01 -2.305724e-02  6.000000e+00
 1.338287e-01  1.322079e-01 -5.163691e-02  6.000000e+00
 1.794789e-01  1.409495e-01  1.155174e-01  6.000000e+00
 1.671437e-01  1.202923e-01  1.328478e-01  6.000000e+00
 1.606066e-01  1.026092e-01  1.597838e-01  6.000000e+00
 1.291106e-01  1.429708e-01 -1.104551e-01  6.000000e+00
 1.715794e-01  1.367415e-01  9.271453e-02  6.000000e+00
 1.428216e-01  1.062515e-01  7.152901e-02  6.000000e+00
 1.618388e-01  1.534951e-01 -2.381982e-02  6.000000e+00
 1.369629e-01  1.554680e-01 -1.350153e-01  6.000000e+00
 1.519757e-01  9.731917e-02  1.364758e-01  6.000000e+00
 1.273919e-01  1.194526e-01 -2.924258e-02  6.000000e+00
 1.283870e-01  1.592765e-01 -1.825596e-01  6.000000e+00
 1.324106e-01  1.410534e-01 -9.105024e-02  6.000000e+00
 1.659504e-01  1.103698e-01  1.606754e-01  6.000000e+00
 1.617177e-01  1.043526e-01  1.596432e-01  6.000000e+00
 1.385882e-01  9.992956e-02  7.351944e-02  6.000000e+00
 1.564856e-01  1.055539e-01  1.319637e-01  6.000000e+00
 1.371471e-01  1.090695e-01  4.041670e-02  6.000000e+00
 1.888458e-01  1.306708e-01  2.067782e-01  6.000000e+00
 1.306392e-01  1.637964e-01 -1.954460e-01  6.000000e+00
 1.410424e-01  1.593287e-01 -1.369312e-01  6.000000e+00
 1.335590e-01  1.450807e-01 -1.032177e-01  6.000000e+00
 1.261303e-01  1.210158e-01 -3.895324e-02  6.000000e+00
 1.161437e-01  1.408305e-01 -1.445480e-01  6.000000e+00
 1.494325e-01  1.011741e-01  1.142913e-01  6.000000e+00
 1.452472e-01  1.137122e-01  5.771800e-02  6.000000e+00
 1.386704e-01  1.689046e-01 -1.906650e-01  6.000000e+00
 1.503749e-01  1.655308e-01 -1.286568e-01  6.000000e+00
 1.475719e-01  1.627273e-01 -1.268944e-01  6.000000e+00
 1.507031e-01  1.338842e-01  8.579580e-03  6.000000e+00
 1.902634e-01  1.301432e-01  2.167039e-01  6.000000e+00
 1.630148e-01  1.099047e-01  1.482377e-01  6.000000e+00
 1.673501e-01  1.189851e-01  1.384191e-01  6.000000e+00
 1.523128e-01  1.223957e-01  5.783302e-02  6.000000e+00
 1.484778e-01  1.059813e-01  9.573585e-02  6.000000e+00
 1.542966e-01  1.046871e-01  1.248712e-01  6.000000e+00
 1.883394e-01  1.301609e-01  2.059450e-01  6.000000e+00
 1.362277e-01  1.118468e-01  2.810409e-02  6.000000e+00
 1.474621e-01  8.955361e-02  1.384011e-01  6.000000e+00
 1.277939e-01  1.242553e-01 -4.439868e-02  6.000000e+00
 1.275201e-01  1.554790e-01 -1.686369e-01  6.000000e+00
 1.427275e-01  1.031609e-01  8.050930e-02  6.000000e+00
-2.442579e-01  3.489609e-03  8.866580e-01  7.000000e+00
-2.502841e-01  2.809534e-03  9.358548e-01  7.000000e+00
-2.800976e-01  7.282929e-03  1.208680e+00  7.000000e+00
-2.654732e-01  5.329938e-02  1.076097e+00  7.000000e+00
-2.728527e-01  1.589117e-02  1.144450e+00  7.000000e+00
-2.577220e-01  2.647717e-02  1.010256e+00  7.000000e+00
-2.577372e-01 -1.529601e-02  9.817314e-01  7.000000e+00
-2.799053e-01  2.222246e-02  1.214863e+00  7.000000e+00
-2.667607e-01  2.878684e-02  1.091817e+00  7.000000e+00
-2.596089e-01  5.247542e-03  1.017578e+00  7.000000e+00
-2.801077e-01 -2.899554e-03  1.200152e+00  7.000000e+00
-2.981336e-01  2.170745e-02  1.401329e+00  7.000000e+00
-2.871026e-01  1.940539e-02  1.285394e+00  7.000000e+00
-2.510615e-01  4.903554e-04  9.406110e-01  7.000000e+00
-2.499445e-01 -8.402816e-04  9.301915e-01  7.000000e+00
-2.947848e-01  2.894276e-04  1.351065e+00  7.000000e+00
-2.380296e-01  1.891105e-02  8.443137e-01  7.000000e+00
-2.902960e-01  2.690226e-02  1.320806e+00  7.000000e+00
-2.777573e-01  1.441897e-03  1.181427e+00  7.000000e+00
-2.964910e-01  2.157213e-02  1.383752e+00  7.000000e+00
-3.069320e-01  1.678853e-02  1.494996e+00  7.000000e+00
-2.646653e-01  9.325882e-03  1.065297e+00  7.000000e+00
-2.728751e-01  2.847914e-02  1.148832e+00  7.000000e+00
-2.877368e-01  6.338780e-03  1.283803e+00  7.000000e+00
-2.681075e-01 -1.824835e-02  1.069911e+00  7.000000e+00
-2.972920e-01  5.079913e-03  1.381729e+00  7.000000e+00
-2.802512e-01  2.911386e-02  1.220139e+00  7.000000e+00
-2.798726e-01  9.265123e-03  1.207872e+00  7.000000e+00
-2.739286e-01 -2.674869e-02  1.111420e+00  7.000000e+00
-2.558425e-01  7.100678e-03  9.860330e-01  7.000000e+00
-2.600726e-01  4.513664e-02  1.030053e+00  7.000000e+00
-2.779015e-01  2.072183e-02  1.194798e+00  7.000000e+00
-2.646254e-01 -4.649467e-03  1.053901e+00  7.000000e+00
-2.486928e-01  3.120945e-02  9.331685e-01  7.000000e+00
-2.580436e-01  4.737123e-05  9.999308e-01  7.000000e+00
-2.824554e-01  4.508355e-02  1.241978e+00  7.000000e+00
-2.732860e-01  1.616246e-02  1.148672e+00  7.000000e+00
-2.489794e-01  1.645270e-02  9.325567e-01  7.000000e+00
-2.716169e-01  4.453020e-02  1.136551e+00  7.000000e+00
-2.923748e-01  1.330341e-02  1.336169e+00  7.000000e+00
-2.961058e-01  5.880419e-03  1.369853e+00  7.000000e+00
-2.560411e-01 -1.179453e-02  9.711885e-01  7.000000e+00
-2.755640e-01  4.469698e-02  1.174294e+00  7.000000e+00
-2.902905e-01  1.466607e-02  1.315469e+00  7.000000e+00
-2.522095e-01  3.199565e-02  9.629964e-01  7.000000e+00
-2.737225e-01  1.226188e-02  1.150733e+00  7.000000e+00
-2.685708e-01  8.029434e-03  1.100058e+00  7.000000e+00
-2.580465e-01  1.795081e-02  1.010747e+00  7.000000e+00
-2.417064e-01  1.558421e-02  8.725395e-01  7.000000e+00
-2.807582e-01  3.046617e-02  1.225366e+00  7.000000e+00
-2.887319e-01  3.059601e-02  1.305581e+00  7.000000e+00
-2.716617e-01  3.870184e-02  1.137851e+00  7.000000e+00
-2.542701e-01  9.492427e-03  9.739755e-01  7.000000e+00
-2.794767e-01  3.354453e-02  1.213128e+00  7.000000e+00
-2.693361e-01 -2.668868e-02  1.069144e+00  7.000000e+00
-2.790539e-01  1.213622e-02  1.201741e+00  7.000000e+00
-2.632438e-01  1.956313e-02  1.057493e+00  7.000000e+00
-2.482103e-01  1.312817e-02  9.247228e-01  7.000000e+00
-2.890002e-01 -3.323665e-03  1.287967e+00  7.000000e+00
-2.680955e-01 -1.337625e-02  1.075888e+00  7.000000e+00
-3.020548e-01  8.583960e-03  1.435668e+00  7.000000e+00
-2.698444e-01  6.246686e-03  1.110583e+00  7.000000e+00
-2.522476e-01 -8.791810e-03  9.421692e-01  7.000000e+00
-2.696672e-01 -1.239182e-02  1.091420e+00  7.000000e+00
-2.969790e-01  8.151959e-03  1.380874e+00  7.000000e+00
-2.761262e-01  2.385217e-02  1.178748e+00  7.000000e+00
-2.439978e-01  2.076312e-02  8.927958e-01  7.000000e+00
-3.005436e-01  1.700274e-02  1.424907e+00  7.000000e+00
-2.621188e-01  4.605017e-03  1.039309e+00  7.000000e+00
-2.819362e-01 -2.162645e-03  1.218695e+00  7.000000e+00
-2.539501e-01 -2.360607e-03  9.626671e-01  7.000000e+00
-2.954261e-01  2.067023e-02  1.372072e+00  7.000000e+00
-2.800056e-01  3.899714e-02  1.218398e+00  7.000000e+00
-2.741764e-01 -3.145512e-02  1.106212e+00  7.000000e+00
-2.923452e-01 -6.960826e-03  1.318287e+00  7.000000e+00
-2.447595e-01  1.621911e-03  8.893957e-01  7.000000e+00
-2.719008e-01 -2.544848e-02  1.094564e+00  7.000000e+00
-2.436699e-01  4.289925e-03  8.824366e-01  7.000000e+00
-2.607344e-01  2.322765e-02  1.036177e+00  7.000000e+00
-2.820466e-01 -7.355807e-03  1.214458e+00  7.000000e+00
-2.917495e-01 -7.371478e-03  1.311702e+00  7.000000e+00
-2.878751e-01 -9.083149e-03  1.270369e+00  7.000000e+00
-2.882749e-01  2.375136e-02  1.299063e+00  7.000000e+00
-2.725094e-01  8.235270e-03  1.136791e+00  7.000000e+00
-3.053005e-01  1.312268e-02  1.474537e+00  7.000000e+00
-2.575810e-01  2.807847e-02  1.009259e+00  7.000000e+00
-2.693172e-01  3.805916e-02  1.115858e+00  7.000000e+00
-2.509670e-01  2.188095e-02  9.510363e-01  7.000000e+00
-2.641607e-01  2.439401e-02  1.067234e+00  7.000000e+00
-2.501480e-01 -5.364360e-03  9.279297e-01  7.000000e+00
-2.505896e-01  1.063482e-02  9.433717e-01  7.000000e+00
-2.847321e-01  1.624344e-03  1.249775e+00  7.000000e+00
-3.020575e-01  1.434611e-02  1.439748e+00  7.000000e+00
-2.739513e-01 -1.117745e-02  1.132597e+00  7.000000e+00
-2.687116e-01 -2.387502e-02  1.067639e+00  7.000000e+00
-2.478999e-01 -3.701679e-03  9.107954e-01  7.000000e+00
-2.547827e-01  5.119184e-03  9.756026e-01  7.000000e+00
-2.716233e-01 -1.148704e-02  1.110522e+00  7.000000e+00
-3.021030e-01  1.748671e-02  1.442114e+00  7.000000e+00
-2.612092e-01  3.074660e-02  1.041688e+00  7.000000e+00
-1.026380e-01  1.533339e-01 -1.401552e-01  8.000000e+00
-1.479850e-01  1.500715e-01  6.580536e-02  8.000000e+00
-1.381957e-01  1.655304e-01 -3.842703e-02  8.000000e+00
-1.309621e-01  1.854628e-01 -1.554925e-01  8.000000e+00
-1.413557e-01  1.288655e-01  9.983802e-02  8.000000e+00
-1.503225e-01  1.550755e-01  6.026999e-02  8.000000e+00
-1.470749e-01  1.624717e-01  1.673897e-02  8.000000e+00
-1.380672e-01  1.366549e-01  6.130567e-02  8.000000e+00
-1.621358e-01  1.412180e-01  1.691021e-01  8.000000e+00
-1.560642e-01  1.587574e-01  7.709642e-02  8.000000e+00
-1.525704e-01  1.401484e-01  1.215739e-01  8.000000e+00
-1.018726e-01  1.404498e-01 -9.813977e-02  8.000000e+00
-1.352599e-01  1.777329e-01 -1.018422e-01  8.000000e+00
-1.516123e-01  1.410880e-01  1.137031e-01  8.000000e+00
-1.205373e-01  1.634306e-01 -1.090065e-01  8.000000e+00
-1.389010e-01  1.436841e-01  4.292227e-02  8.000000e+00
-1.278607e-01  1.764068e-01 -1.300499e-01  8.000000e+00
-1.256681e-01  1.288733e-01  2.954548e-02  8.000000e+00
-1.176402e-01  1.278342e-01 -2.834696e-04  8.000000e+00
-1.309411e-01  1.353263e-01  3.307105e-02  8.000000e+00
-1.166744e-01  1.372452e-01 -3.262120e-02  8.000000e+00
-1.354126e-01  1.318125e-01  6.368230e-02  8.000000e+00
-1.471485e-01  1.630834e-01  1.480317e-02  8.000000e+00
-1.425913e-01  1.723455e-01 -4.422075e-02  8.000000e+00
-9.552838e-02  1.571825e-01 -1.790229e-01  8.000000e+00
-1.477831e-01  1.597050e-01  3.061518e-02  8.000000e+00
-1.318832e-01  1.869202e-01 -1.578219e-01  8.000000e+00
-1.414535e-01  1.423202e-01  5.945579e-02  8.000000e+00
-1.237625e-01  1.852399e-01 -1.866037e-01  8.000000e+00
-1.171433e-01  1.395869e-01 -3.823179e-02  8.000000e+00
-1.219466e-01  1.270929e-01  1.920243e-02  8.000000e+00
-1.311241e-01  1.117738e-01  9.849590e-02  8.000000e+00
-1.477297e-01  1.442571e-01  8.389986e-02  8.000000e+00
-1.340775e-01  1.768691e-01 -1.037147e-01  8.000000e+00
-1.434530e-01  1.623930e-01 -9.995518e-04  8.000000e+00
-1.089183e-01  1.406374e-01 -7.332212e-02  8.000000e+00
-1.541791e-01  1.427174e-01  1.218061e-01  8.000000e+00
-1.370759e-01  1.135358e-01  1.206594e-01  8.000000e+00
-1.654976e-01  1.612953e-01  1.197456e-01  8.000000e+00
-1.207368e-01  1.687391e-01 -1.291589e-01  8.000000e+00
-1.233477e-01  1.286393e-01  2.051477e-02  8.000000e+00
-1.430764e-01  1.324991e-01  9.751422e-02  8.000000e+00
-1.659059e-01  1.452794e-01  1.771790e-01  8.000000e+00
-1.451647e-01  1.294931e-01  1.163393e-01  8.000000e+00
-1.053498e-01  1.671089e-01 -1.832086e-01  8.000000e+00
-1.379247e-01  1.538895e-01  3.544087e-03  8.000000e+00
-9.833906e-02  1.569841e-01 -1.687339e-01  8.000000e+00
-1.708839e-01  1.545917e-01  1.746245e-01  8.000000e+00
-1.140187e-01  1.454777e-01 -7.003236e-02  8.000000e+00
-1.059101e-01  1.516247e-01 -1.221509e-01  8.000000e+00
-1.515831e-01  1.624696e-01  3.981652e-02  8.000000e+00
-1.611513e-01  1.440197e-01  1.548603e-01  8.000000e+00
-1.660086e-01  1.533081e-01  1.510248e-01  8.000000e+00
-1.415160e-01  1.439477e-01  5.447909e-02  8.000000e+00
-1.195692e-01  1.593007e-01 -9.723944e-02  8.000000e+00
-1.558614e-01  1.610683e-01  6.755453e-02  8.000000e+00
-1.432470e-01  1.220733e-01  1.275765e-01  8.000000e+00
-1.681469e-01  1.516372e-01  1.689088e-01  8.000000e+00
-1.075224e-01  1.431882e-01 -8.694552e-02  8.000000e+00
-1.160130e-01  1.564555e-01 -1.010662e-01  8.000000e+00
-1.494845e-01  1.291406e-01  1.386790e-01  8.000000e+00
-1.129580e-01  1.733326e-01 -1.796999e-01  8.000000e+00
-1.477134e-01  1.597920e-01  2.994226e-02  8.000000e+00
-1.084484e-01  1.347454e-01 -5.622815e-02  8.000000e+00
-1.466450e-01  1.255660e-01  1.345775e-01  8.000000e+00
-1.566568e-01  1.361471e-01  1.551374e-01  8.000000e+00
-1.366558e-01  1.853661e-01 -1.284513e-01  8.000000e+00
-1.124770e-01  1.569132e-01 -1.167019e-01  8.000000e+00
-1.228989e-01  1.752046e-01 -1.466315e-01  8.000000e+00
-1.351260e-01  1.075751e-01  1.260630e-01  8.000000e+00
-1.500924e-01  1.618469e-01  3.444338e-02  8.000000e+00
-1.292058e-01  1.712439e-01 -1.026214e-01  8.000000e+00
-1.300227e-01  1.944160e-01 -2.011423e-01  8.000000e+00
-1.521304e-01  1.316571e-01  1.448610e-01  8.000000e+00
-1.440931e-01  1.482804e-01  5.257500e-02  8.000000e+00
-1.391676e-01  1.812451e-01 -9.827011e-02  8.000000e+00
-1.258152e-01  1.266196e-01  3.664125e-02  8.000000e+00
-1.151979e-01  1.367192e-01 -3.677092e-02  8.000000e+00
-1.339724e-01  1.685630e-01 -7.014432e-02  8.000000e+00
-1.291778e-01  1.779098e-01 -1.305445e-01  8.000000e+00
-1.097154e-01  1.451179e-01 -8.529332e-02  8.000000e+00
-1.535378e-01  1.560413e-01  7.350180e-02  8.000000e+00
-1.074742e-01  1.334715e-01 -5.585435e-02  8.000000e+00
-1.262874e-01  1.492611e-01 -3.266351e-02  8.000000e+00
-1.310327e-01  1.867025e-01 -1.607499e-01  8.000000e+00
-1.145210e-01  1.534502e-01 -9.600429e-02  8.000000e+00
-1.463665e-01  1.737967e-01 -3.130121e-02  8.000000e+00
-1.225783e-01  1.764755e-01 -1.533761e-01  8.000000e+00
-1.487891e-01  1.742901e-01 -2.097232e-02  8.000000e+00
-1.581750e-01  1.578181e-01  9.182252e-02  8.000000e+00
-1.702890e-01  1.433950e-01  2.081795e-01  8.000000e+00
-1.175446e-01  1.632230e-01 -1.205238e-01  8.000000e+00
-1.345829e-01  1.398223e-01  3.537625e-02  8.000000e+00
-1.332843e-01  1.286288e-01  6.335499e-02  8.000000e+00
-1.132492e-01  1.773747e-01 -1.957029e-01  8.000000e+00
-1.460296e-01  1.675959e-01 -8.187091e-03  8.000000e+00
-1.472888e-01  1.513635e-01  5.787628e-02  8.000000e+00
-1.421985e-01  1.555135e-01  1.817548e-02  8.000000e+00
-1.219825e-01  1.817638e-01 -1.787947e-01  8.000000e+00
-1.318003e-01  1.170101e-01  8.837368e-02  8.000000e+00
-1.322205e-02  2.885959e-01 -1.150336e+00  9.000000e+00
 9.666222e-03  2.828717e-01 -1.123832e+00  9.000000e+00
 9.483517e-03  2.821547e-01 -1.117824e+00  9.000000e+00
 6.295968e-03  2.643677e-01 -9.760280e-01  9.000000e+00
 1.266042e-02  2.668569e-01 -9.982187e-01  9.000000e+00
 2.413007e-02  3.074299e-01 -1.345439e+00  9.000000e+00
 1.505469e-02  2.708581e-01 -1.030059e+00  9.000000e+00
 2.538186e-02  3.057546e-01 -1.330125e+00  9.000000e+00
 3.793130e-02  2.645493e-01 -9.820310e-01  9.000000e+00
 2.336957e-03  2.974886e-01 -1.243346e+00  9.000000e+00
-1.998532e-02  2.820803e-01 -1.087352e+00  9.000000e+00
 7.111438e-03  2.815494e-01 -1.111405e+00  9.000000e+00
 3.072067e-02  2.890555e-01 -1.181686e+00  9.000000e+00
-2.371960e-02  2.774985e-01 -1.045034e+00  9.000000e+00
 8.803347e-03  2.645630e-01 -9.789420e-01  9.000000e+00
 2.997252e-02  2.725247e-01 -1.045525e+00  9.000000e+00
 3.437625e-04  2.651881e-01 -9.780264e-01  9.000000e+00
 3.874102e-02  2.842846e-01 -1.140001e+00  9.000000e+00
 1.810341e-02  2.429557e-01 -8.276547e-01  9.000000e+00
 3.203892e-02  2.895877e-01 -1.186205e+00  9.000000e+00
 2.336357e-02  3.061058e-01 -1.332920e+00  9.000000e+00
-1.379499e-02  2.701498e-01 -1.001489e+00  9.000000e+00
 1.382689e-02  2.472511e-01 -8.559894e-01  9.000000e+00
 1.294374e-03  2.859852e-01 -1.143754e+00  9.000000e+00
 3.519229e-02  2.781555e-01 -1.090089e+00  9.000000e+00
 3.916209e-02  2.623664e-01 -9.650257e-01  9.000000e+00
 1.438081e-02  2.457094e-01 -8.455290e-01  9.000000e+00
-3.952627e-03  2.784674e-01 -1.077523e+00  9.000000e+00
 2.050896e-02  2.639095e-01 -9.782901e-01  9.000000e+00
 1.160685e-02  2.922100e-01 -1.203738e+00  9.000000e+00
 1.085634e-02  3.077166e-01 -1.342315e+00  9.000000e+00
 2.724897e-02  2.529672e-01 -8.982313e-01  9.000000e+00
 3.472690e-03  2.560738e-01 -9.131487e-01  9.000000e+00
 3.931392e-02  2.855629e-01 -1.150622e+00  9.000000e+00
-6.462063e-03  2.705508e-01 -1.012768e+00  9.000000e+00
 1.397666e-02  2.816186e-01 -1.115722e+00  9.000000e+00
 4.699166e-02  2.845635e-01 -1.139092e+00  9.000000e+00
 1.283606e-02  2.755488e-01 -1.066105e+00  9.000000e+00
 2.296091e-02  2.751761e-01 -1.066250e+00  9.000000e+00
 2.288032e-02  2.634143e-01 -9.749227e-01  9.000000e+00
 1.327660e-02  2.589156e-01 -9.390018e-01  9.000000e+00
-4.283162e-03  2.890195e-01 -1.164089e+00  9.000000e+00
 7.777212e-03  2.432828e-01 -8.262974e-01  9.000000e+00
-2.543311e-02  2.811737e-01 -1.071698e+00  9.000000e+00
 1.256998e-02  3.108786e-01 -1.373018e+00  9.000000e+00
 1.873766e-02  2.641013e-01 -9.793525e-01  9.000000e+00
 2.578986e-02  2.608872e-01 -9.561829e-01  9.000000e+00
 1.732720e-02  3.056560e-01 -1.326662e+00  9.000000e+00
 1.098950e-02  2.988569e-01 -1.261705e+00  9.000000e+00
 1.359679e-02  2.742641e-01 -1.056236e+00  9.000000e+00
 2.621544e-02  2.916069e-01 -1.203446e+00  9.000000e+00
 1.155033e-02  2.911050e-01 -1.194191e+00  9.000000e+00
 3.165791e-02  2.882939e-01 -1.175133e+00  9.000000e+00
 7.355158e-03  2.582458e-01 -9.312882e-01  9.000000e+00
 1.860075e-02  2.982576e-01 -1.260031e+00  9.000000e+00
 4.457575e-02  2.825921e-01 -1.123692e+00  9.000000e+00
 4.376558e-02  2.685981e-01 -1.010965e+00  9.000000e+00
-1.149403e-02  2.910237e-01 -1.173014e+00  9.000000e+00
 2.521081e-03  2.474747e-01 -8.518733e-01  9.000000e+00
 4.534985e-02  2.819140e-01 -1.117671e+00  9.000000e+00
 1.057704e-02  2.473636e-01 -8.555281e-01  9.000000e+00
-2.338376e-02  2.813869e-01 -1.076649e+00  9.000000e+00
 1.025809e-02  2.379824e-01 -7.920105e-01  9.000000e+00
-8.585050e-03  2.583852e-01 -9.196083e-01  9.000000e+00
-1.728493e-02  2.871750e-01 -1.133057e+00  9.000000e+00
 2.493923e-02  2.566494e-01 -9.248881e-01  9.000000e+00
-2.771282e-03  2.663245e-01 -9.839910e-01  9.000000e+00
 2.698180e-02  2.587741e-01 -9.405074e-01  9.000000e+00
-8.316230e-03  2.956413e-01 -1.216533e+00  9.000000e+00
-6.865661e-03  2.850886e-01 -1.128532e+00  9.000000e+00
 3.202009e-02  2.805666e-01 -1.110285e+00  9.000000e+00
 1.164496e-02  2.482930e-01 -8.624201e-01  9.000000e+00
-2.722981e-03  3.015374e-01 -1.274711e+00  9.000000e+00
 1.631922e-02  2.840542e-01 -1.136823e+00  9.000000e+00
-2.810097e-03  2.625060e-01 -9.553468e-01  9.000000e+00
 7.418000e-03  2.762539e-01 -1.068808e+00  9.000000e+00
-2.462016e-02  2.754917e-01 -1.027820e+00  9.000000e+00
 3.148368e-02  2.794176e-01 -1.100897e+00  9.000000e+00
 7.528597e-03  2.817567e-01 -1.113370e+00  9.000000e+00
 2.994252e-02  2.953173e-01 -1.236179e+00  9.000000e+00
 2.029662e-02  2.495030e-01 -8.732647e-01  9.000000e+00
-5.710689e-03  2.987625e-01 -1.246847e+00  9.000000e+00
-1.175960e-02  2.938160e-01 -1.196594e+00  9.000000e+00
 3.089064e-02  2.577572e-01 -9.327132e-01  9.000000e+00
 2.220349e-02  2.481991e-01 -8.643550e-01  9.000000e+00
 4.472458e-02  2.875508e-01 -1.165585e+00  9.000000e+00
 1.852968e-02  2.663015e-01 -9.960077e-01  9.000000e+00
 1.822187e-03  2.741215e-01 -1.047996e+00  9.000000e+00
 2.138028e-02  2.916848e-01 -1.203189e+00  9.000000e+00
 2.275514e-02  2.814169e-01 -1.116837e+00  9.000000e+00
 1.452765e-02  2.593096e-01 -9.423622e-01  9.000000e+00
 2.963665e-02  2.539352e-01 -9.050112e-01  9.000000e+00
 3.111507e-02  2.935998e-01 -1.221073e+00  9.000000e+00
 1.600165e-02  2.586880e-01 -9.382785e-01  9.000000e+00
 1.983999e-02  2.857902e-01 -1.152519e+00  9.000000e+00
 2.570414e-02  2.885220e-01 -1.176859e+00  9.000000e+00
 7.286496e-03  2.992865e-01 -1.263129e+00  9.000000e+00
 4.423394e-02  2.678079e-01 -1.004577e+00  9.000000e+00
 1.579208e-02  2.492829e-01 -8.707474e-01  9.000000e+00
 1.936245e-03  3.045417e-01 -1.306311e+00  9.000000e+00
