 0.0696339478  0.5485313203  0.0019341850  1.0000000000
 0.1213611330  0.5053646669  0.1880393981  1.0000000000
 0.0502959714  0.4729035776  0.0133006944  1.0000000000
 0.1657557709  0.4623993314  0.3740602879  1.0000000000
 0.0336942356  0.3805013991 -0.0610141881  1.0000000000
-0.0488374748  0.3485611790 -0.2360839090  1.0000000000
 0.0782158843  0.3544273474  0.2108765783  1.0000000000
 0.0476193676  0.3217096214  0.0376220479  1.0000000000
 0.0214480559  0.2297809641 -0.0373484200  1.0000000000
 0.0046555982  0.1790901212 -0.2964273282  1.0000000000
 0.0924218985  0.2691802197  0.5812126621  1.0000000000
 0.0511558628  0.2362809951  0.4071874268  1.0000000000
 0.0262990395  0.1709443127  0.0611174567  1.0000000000
 0.0213293744  0.1283270522  0.2457063234  1.0000000000
 0.0208577917  0.0621387684 -0.0995769215  1.0000000000
-0.0247924064  0.1179856654  0.6022954905  1.0000000000
 0.0039276372  0.1021024082  0.5162772446  1.0000000000
 0.0050919363  0.0691646923  0.3437830682  1.0000000000
 0.0068688550  0.0203359743  0.0848281177  1.0000000000
 0.0173400944 -0.0465927859 -0.2605672709  1.0000000000
 0.0054741330 -0.0715990745  0.0103506914  1.0000000000
-0.0890477431 -0.0324651969  0.6252575319  1.0000000000
-0.0308047541 -0.0810555160  0.3668652847  1.0000000000
-0.0155836439 -0.1138476599  0.1946307262  1.0000000000
 0.0439706439 -0.1976721209 -0.2360835637  1.0000000000
-0.0349007372 -0.1724828998  0.2923546601  1.0000000000
-0.0165157067 -0.2052792576  0.1203605460  1.0000000000
 0.0072391452 -0.2383859772 -0.0518376420  1.0000000000
 0.0482478209 -0.2729228048 -0.2239824426  1.0000000000
-0.0789330671 -0.2142498304  0.4754305584  1.0000000000
-0.0482943519 -0.2474916519  0.3039725300  1.0000000000
-0.0385471351 -0.2639020657  0.2181992079  1.0000000000
-0.0606891502 -0.3235508390  0.3159413702  1.0000000000
-0.0363519801 -0.3559880300  0.1442605189  1.0000000000
-0.0035442900 -0.3872605718 -0.0277786376  1.0000000000
 2.4264017873  1.8112548281  1.3796947641  2.0000000000
 2.2237938405  1.7773481574  1.2043278013  2.0000000000
 2.1114361563  1.7594607728  1.1154122909  2.0000000000
 1.8861620565  1.7244308640  0.9377642743  2.0000000000
 1.7723978110  1.7071405835  0.8483596911  2.0000000000
 1.6565245984  1.6897069522  0.7591299780  2.0000000000
 1.4239599562  1.6551777101  0.5801269302  2.0000000000
 0.7313130494  1.5688946092  0.1282725982  2.0000000000
 0.1647117607  1.5070634708 -0.2364392047  2.0000000000
-0.2803935515  1.4626176447 -0.5109088357  2.0000000000
-0.5665591226  1.4331784335 -0.6933866363  2.0000000000
-0.6985720594  1.4189096014 -0.7842329237  2.0000000000
-0.8472468435  1.4050417338 -0.8758776168  2.0000000000
-1.2637480116  1.3636831863 -1.1495891383  2.0000000000
-1.8645764247  1.3125278199 -1.5172430225  2.0000000000
-2.3069189568  1.2760155518 -1.7917616580  2.0000000000
 2.1973264591  1.7197568644  1.3002098243  2.0000000000
 2.0904082571  1.7016468700  1.2114768617  2.0000000000
 1.7747894841  1.6494030969  0.9456425309  2.0000000000
 1.3247467036  1.5805768765  0.5885675639  2.0000000000
 1.0732000142  1.5462039825  0.4086861207  2.0000000000
 0.4249562421  1.4635024479 -0.0426973261  2.0000000000
-0.4076466684  1.3732016002 -0.5898056437  2.0000000000
-1.0662148744  1.3021266809 -1.0442191175  2.0000000000
-1.3423146779  1.2750917121 -1.2267776034  2.0000000000
-1.6248708325  1.2493156752 -1.4095683557  2.0000000000
-2.1953744419  1.2005587640 -1.7755243714  2.0000000000
 2.0644324295  1.6440660238  1.3076313242  2.0000000000
 1.8557534225  1.6080726259  1.1301964998  2.0000000000
 1.2305034019  1.5057128912  0.5971728421  2.0000000000
 1.1216020404  1.4886848181  0.5078953778  2.0000000000
 0.8767657116  1.4548435965  0.3280752622  2.0000000000
 0.6393997023  1.4213987489  0.1483788035  2.0000000000
 0.5311134545  1.4050210699  0.0589595316  2.0000000000
-0.1242159234  1.3279191441 -0.3954933673  2.0000000000
-0.2420258653  1.3129186390 -0.4858549424  2.0000000000
-0.8905129617  1.2403286358 -0.9396287965  2.0000000000
-1.4108376578  1.1860524310 -1.3033070041  2.0000000000
-1.5453375363  1.1729446645 -1.3942219471  2.0000000000
-1.8195964574  1.1481110667 -1.5767922433  2.0000000000
-1.9522463601  1.1358989370 -1.6679980016  2.0000000000
-2.0839828868  1.1236631743 -1.7589286893  2.0000000000
-2.2171010378  1.1113299861 -1.8493423119  2.0000000000
 1.9263144174  1.5680974457  1.3148953201  2.0000000000
 1.4534916031  1.4816522434  0.8731209821  2.0000000000
 1.2379534681  1.4476094675  0.6950337724  2.0000000000
 0.7047933598  1.3636605358  0.2482696310  2.0000000000
 0.3919486640  1.3144110963 -0.0198342885  2.0000000000
-0.1187538814  1.2532323698 -0.3832097366  2.0000000000
-0.3490017801  1.2227236007 -0.5638335677  2.0000000000
-0.4738997809  1.2078306475 -0.6544062651  2.0000000000
-0.7199035906  1.1789144009 -0.8354344085  2.0000000000
-1.2033293187  1.1233348987 -1.1973282441  2.0000000000
-1.3322916393  1.1097817794 -1.2881562111  2.0000000000
-1.9742985368  1.0466275768 -1.7422361261  2.0000000000
 1.9843914168  1.5281288238  1.4971343811  2.0000000000
 1.8922458237  1.5107248519  1.4105174492  2.0000000000
 1.7957299005  1.4923056987  1.3223470788  2.0000000000
 1.4313250232  1.4231871864  0.9698247222  2.0000000000
 1.2413988081  1.3895337164  0.7925028978  2.0000000000
 1.1520088760  1.3724442468  0.7040468912  2.0000000000
 0.7543240037  1.3058835994  0.3475905375  2.0000000000
 0.4621077162  1.2565449573  0.0799008455  2.0000000000
 0.3617089210  1.2402074509 -0.0093347677  2.0000000000
-0.9024310403  1.0749510804 -1.0021223775  2.0000000000
-1.3735466146  1.0201324811 -1.3630491132  2.0000000000
 1.5826914354  1.3991549217  1.2430641577  2.0000000000
 0.7886198920  1.2482221010  0.4463588472  2.0000000000
 0.5070587599  1.1985189412  0.1791721606  2.0000000000
 0.4207757531  1.1821605839  0.0902364647  2.0000000000
 0.2419054653  1.1492457383 -0.0873426148  2.0000000000
-0.3149983814  1.0722477602 -0.5389506423  2.0000000000
-0.5276825080  1.0424311505 -0.7185713698  2.0000000000
-0.6398155784  1.0279114593 -0.8086782797  2.0000000000
-0.7393303004  1.0133669066 -0.8981413429  2.0000000000
-1.0725602204  0.9713000715 -1.1683695375  2.0000000000
-1.1793717446  0.9574339395 -1.2581745903  2.0000000000
-1.4074853091  0.9307020953 -1.4381588986  2.0000000000
-1.8592602161  0.8792455155 -1.7982791326  2.0000000000
 1.6112186744  1.3587786307  1.4265301604  2.0000000000
 1.3780015573  1.3064860492  1.1633020517  2.0000000000
 1.1467367974  1.2557501481  0.8989315791  2.0000000000
 0.8042575438  1.1892048498  0.5451135403  2.0000000000
 0.6245030411  1.1564343276  0.3671365600  2.0000000000
 0.2144417061  1.0750422182 -0.0768003179  2.0000000000
 0.1043046828  1.0594116463 -0.1668597201  2.0000000000
-0.3894806734  0.9818303398 -0.6157821351  2.0000000000
-0.4944891057  0.9669832875 -0.7054366450  2.0000000000
-0.7944772906  0.9233707586 -0.9742146028  2.0000000000
-1.5309278490  0.8276997738 -1.6022363637  2.0000000000
-1.7433204113  0.8020563044 -1.7814325265  2.0000000000
 1.2656762585  1.2312744408  1.1718198535  2.0000000000
 0.0989994918  0.9844928757 -0.1552181237  2.0000000000
-0.2822906689  0.9216189120 -0.5140100282  2.0000000000
-0.3685782584  0.9066223091 -0.6030279575  2.0000000000
-0.4534287014  0.8912209651 -0.6920768411  2.0000000000
-0.8304388455  0.8329806041 -1.0496191602  2.0000000000
-0.9278172708  0.8188162916 -1.1390736069  2.0000000000
-1.0287763621  0.8048417730 -1.2284350160  2.0000000000
-1.1234152691  0.7909876525 -1.3175195132  2.0000000000
 1.1970440901  1.1721137958  1.2682860112  2.0000000000
 0.9526347188  1.1052376918  0.9170168492  2.0000000000
 0.8088086354  1.0719898588  0.7410137615  2.0000000000
 0.2877170971  0.9586144390  0.1211576524  2.0000000000
 0.0766334455  0.9096727437 -0.1441379175  2.0000000000
 0.0004207015  0.8936252361 -0.2329707790  2.0000000000
-0.1845118360  0.8621433026 -0.4120436544  2.0000000000
-0.4990374277  0.8004957183 -0.7678136821  2.0000000000
-1.0396678475  0.7143649281 -1.3025127270  2.0000000000
-1.1373406340  0.7007755844 -1.3917383299  2.0000000000
-1.4996118649  0.6465681134 -1.7478855865  2.0000000000
 0.7868416127  1.0131696728  0.8382883294  2.0000000000
 0.7241295989  0.9967013739  0.7503330518  2.0000000000
 0.5871721742  0.9642290450  0.5740097001  2.0000000000
 0.3720883147  0.9159284762  0.3087100784  2.0000000000
 0.2434003660  0.8836683475  0.1317929988  2.0000000000
 0.0565315318  0.8351189144 -0.1330672432  2.0000000000
-0.3868331975  0.7401162853 -0.6658695446  2.0000000000
-0.5392016441  0.7096884703 -0.8434609089  2.0000000000
-0.7931338293  0.6662584190 -1.1102572618  2.0000000000
-1.0404150582  0.6240968836 -1.3761970823  2.0000000000
-1.3839158926  0.5691476717 -1.7313623246  2.0000000000
 1.0383230890  1.0536788123  1.4589965766  2.0000000000
 0.9130819830  1.0040612020  1.1982130733  2.0000000000
 0.5161554882  0.8893145318  0.5839732572  2.0000000000
-0.4055326251  0.6482923402 -0.7407735506  2.0000000000
-0.4872089863  0.6335997363 -0.8297838794  2.0000000000
-0.7198719178  0.5898938581 -1.0957408781  2.0000000000
-1.1820215036  0.5052799115 -1.6262009498  2.0000000000
 0.9099971394  0.9778574997  1.4677224353  2.0000000000
 0.6500111857  0.8789281065  0.9445824460  2.0000000000
 0.6045564174  0.8628439235  0.8574283539  2.0000000000
 0.5608483462  0.8465352906  0.7697902875  2.0000000000
 0.4406453745  0.8145643737  0.5937661241  2.0000000000
 0.3662402297  0.7811677746  0.4185492509  2.0000000000
-0.0900656655  0.6514497660 -0.2860730734  2.0000000000
-0.2087852478  0.6197236527 -0.4631022204  2.0000000000
-0.8570425580  0.4695049653 -1.3457598956  2.0000000000
-1.0688781455  0.4274126101 -1.6100386140  2.0000000000
 0.7640390732  0.9015017043  1.4759044439  2.0000000000
 0.5940785338  0.8200076019  1.0415166222  2.0000000000
-0.5881780766  0.4357825991 -1.0672326169  2.0000000000
-0.9582712700  0.3497652947 -1.5939714831  2.0000000000
-1.0058015035  0.3359400851 -1.6803594756  2.0000000000
 0.5961086240  0.7936050762  1.3119589869  2.0000000000
 0.5038732486  0.7447912855  1.0511882957  2.0000000000
 0.3978469627  0.6966006379  0.7896112906  2.0000000000
-0.2662438461  0.4196134107 -0.7007149887  2.0000000000
-0.3201635485  0.4037102657 -0.7886153841  2.0000000000
 0.4265086667  0.6855492892  1.1475123697  2.0000000000
 0.3824399348  0.6532831820  0.9738645457  2.0000000000
-0.6382176800  0.2227513576 -1.3879427386  2.0000000000
 0.3969277268  0.6904596847  1.5884840147  2.0000000000
 0.3258952946  0.6100832723  1.1571237557  2.0000000000
 0.2814336918  0.5452756679  0.8104907011  2.0000000000
-0.4843777734  0.1744987677 -1.1994115063  2.0000000000
-0.5005652544  0.1599913205 -1.2856550090  2.0000000000
-0.5426723690  0.1452697320 -1.3726777216  2.0000000000
-0.5711493065  0.1305783130 -1.4589550888  2.0000000000
-0.6387151163  0.1018275783 -1.6313045154  2.0000000000
 0.2548268497  0.5988505103  1.5117595367  2.0000000000
 0.2432044819  0.5827822957  1.4254895761  2.0000000000
 0.2395959084  0.5668414302  1.3392666511  2.0000000000
-0.2171478408  0.1588551850 -0.8353377477  2.0000000000
-0.2720827879  0.1424283249 -0.9229319277  2.0000000000
-0.3507770404  0.1124425830 -1.0971846634  2.0000000000
-0.4542220371  0.0527012535 -1.4430110167  2.0000000000
 0.1258766825  0.5232290716  1.5207631449  2.0000000000
 0.1474863497  0.4432994404  1.0906637874  2.0000000000
-0.1952789706  0.0820738557 -0.8227950890  2.0000000000
-0.2296896308  0.0509826270 -0.9954677940  2.0000000000
-0.2628605265  0.0357287378 -1.0824180630  2.0000000000
-0.3179166817 -0.0101085966 -1.3416259955  2.0000000000
-0.3593298957 -0.0403169795 -1.5129901470  2.0000000000
 0.0069051743  0.4635460797  1.6156260873  2.0000000000
-0.1607236857 -0.0252837457 -0.9815001462  2.0000000000
-0.1766320520 -0.0410301207 -1.0679322008  2.0000000000
-0.2037564142 -0.0720225407 -1.2401977169  2.0000000000
-0.1165846197  0.3724656757  1.5394280567  2.0000000000
-0.1072333004  0.3409231858  1.3677220920  2.0000000000
 0.0001814742  0.2763280166  1.0252043090  2.0000000000
-0.0764228092 -0.0539563009 -0.7090358310  2.0000000000
-0.0782910945 -0.0698978808 -0.7952148593  2.0000000000
-0.0856466734 -0.1014262147 -0.9673156956  2.0000000000
-0.0864860569 -0.1178590505 -1.0531957763  2.0000000000
-0.1149174796 -0.1809992312 -1.3964880064  2.0000000000
-0.1298703878 -0.1961059808 -1.4819029924  2.0000000000
-0.2362454277  0.2969451963  1.5488869973  2.0000000000
-0.0223812379 -0.1303126055 -0.6954088229  2.0000000000
-0.0027418313 -0.1783962570 -0.9529257799  2.0000000000
-0.0014568811 -0.2591223053 -1.3810735647  2.0000000000
 0.0000383593 -0.2905428387 -1.5505625577  2.0000000000
-0.3856469450  0.2371454982  1.6429709496  2.0000000000
 0.0258248728 -0.1728223976 -0.5086470890  2.0000000000
 0.0375254075 -0.2065950055 -0.6816672330  2.0000000000
 0.1012974656 -0.2890896682 -1.1098670761  2.0000000000
-0.4618946174  0.1460804687  1.5677820242  2.0000000000
-0.2443968707  0.0660283542  1.1415601533  2.0000000000
 0.2149349243 -0.3994527793 -1.2658358234  2.0000000000
 0.1694753144 -0.3599638929 -0.6540778011  2.0000000000
-0.7777742562  0.0110074998  1.6707810004  2.0000000000
-0.6272021229 -0.0204268151  1.5025307189  2.0000000000
-0.5832106774 -0.0364217610  1.4168984734  2.0000000000
-0.4114973739 -0.0847188410  1.1615348677  2.0000000000
 0.1939381892 -0.4195390080 -0.5550337077  2.0000000000
 0.2288801921 -0.4370779248 -0.6405357669  2.0000000000
 0.3615374467 -0.5218145448 -1.0673004486  2.0000000000
 0.4677946936 -0.5726723770 -1.3199629020  2.0000000000
 0.5230179945 -0.6054740348 -1.4876651009  2.0000000000
-0.8259233111 -0.0800962167  1.5964910412  2.0000000000
-0.4202991015 -0.1763250717  1.0867809359  2.0000000000
-0.3510203859 -0.1930256893  1.0024437884  2.0000000000
-0.2746435729 -0.2259111490  0.8311359569  2.0000000000
 0.4945359824 -0.6164953759 -1.1370877052  2.0000000000
 0.5858058040 -0.6511515503 -1.3048901367  2.0000000000
 0.6266298178 -0.6682218925 -1.3885312829  2.0000000000
-0.7800677076 -0.1868122057  1.4364484416  2.0000000000
-0.4299770678 -0.2680511210  1.0124747314  2.0000000000
 0.4006984387 -0.6081056540 -0.6982547832  2.0000000000
 0.7486851452 -0.7469288754 -1.3738585600  2.0000000000
-0.6606475579 -0.3100425170  1.1912234069  2.0000000000
-0.4953603552 -0.3430146632  1.0231251392  2.0000000000
-0.2640849298 -0.3933331892  0.7703861742  2.0000000000
 0.5544320267 -0.7196929595 -0.8547479938  2.0000000000
 0.5987072434 -0.7370641132 -0.9396569758  2.0000000000
 0.6605329568 -0.7548314672 -1.0235580352  2.0000000000
 0.7244233025 -0.7729858206 -1.1072817758  2.0000000000
-1.2686704698 -0.2905175332  1.7095703316  2.0000000000
-0.9965023090 -0.3370733623  1.4563957357  2.0000000000
-0.5705699678 -0.4178864823  1.0333925144  2.0000000000
-0.4064931038 -0.4513036742  0.8650355098  2.0000000000
-0.2238110138 -0.4850125894  0.6978308345  2.0000000000
 0.3295455015 -0.7086664879 -0.4173944676  2.0000000000
 0.6959893007 -0.8145963327 -0.9250621629  2.0000000000
 0.7644394999 -0.8326837942 -1.0089408380  2.0000000000
 0.8329402652 -0.8512124083 -1.0926824377  2.0000000000
-0.4722820137 -0.5263010253  0.8755826657  2.0000000000
-0.3735561790 -0.5430620392  0.7920566040  2.0000000000
-0.2752442840 -0.5598970292  0.7086221837  2.0000000000
-0.1087490340 -0.6273956561  0.3639069436  2.0000000000
 0.5175704556 -0.8208907803 -0.5733681714  2.0000000000
 0.6529458863 -0.8561728252 -0.7425245874  2.0000000000
 0.7154685360 -0.8738244132 -0.8271779791  2.0000000000
 0.9324637357 -0.9283475810 -1.0786089693  2.0000000000
 1.0085145231 -0.9474332109 -1.1620303335  2.0000000000
 1.0754109920 -0.9659683442 -1.2459754743  2.0000000000
-1.5114350162 -0.4409219039  1.7291606227  2.0000000000
-0.9986931832 -0.5186844430  1.3068924172  2.0000000000
-0.9012293085 -0.5345963049  1.2221521663  2.0000000000
-0.8106069385 -0.5511226411  1.1382337495  2.0000000000
-0.7202701904 -0.5676219439  1.0542752476  2.0000000000
-0.6270846173 -0.5842476415  0.9704158902  2.0000000000
-0.3346103463 -0.6345375609  0.7194240546  2.0000000000
 0.2404514972 -0.8081282840 -0.1357317640  2.0000000000
 0.3606912843 -0.8445884037 -0.3058550231  2.0000000000
 0.5867724684 -0.8977728927 -0.5598731746  2.0000000000
 0.9583526206 -0.9868542387 -0.9809127394  2.0000000000
 1.1068901544 -1.0245231948 -1.1478973455  2.0000000000
 1.2018202381 -1.0448577145 -1.2312783400  2.0000000000
-1.5334986467 -0.5314518389  1.6553214699  2.0000000000
-1.4173894584 -0.5467897086  1.5709581421  2.0000000000
-0.9821314291 -0.6091757053  1.2324926249  2.0000000000
-0.8877613943 -0.6256651406  1.1485594456  2.0000000000
-0.7929543267 -0.6419634865  1.0648942685  2.0000000000
-0.6958050254 -0.6587936633  0.9810462233  2.0000000000
-0.4979961413 -0.6930349690  0.8135535245  2.0000000000
-0.3922970094 -0.7103312873  0.7297929407  2.0000000000
 0.1027719084 -0.8504198582  0.0466755900  2.0000000000
 0.5056239102 -0.9389154182 -0.3774204664  2.0000000000
 0.8180939347 -1.0105238167 -0.7149838886  2.0000000000
 1.1288284467 -1.0828013855 -1.0505017080  2.0000000000
 1.4967848805 -1.1629244765 -1.3841080793  2.0000000000
-1.6472929081 -0.6062588542  1.6654406788  2.0000000000
-1.4131452198 -0.6369951499  1.4964949329  2.0000000000
-1.0626828820 -0.6835486483  1.2428137744  2.0000000000
-0.9635208154 -0.7005296244  1.1592149269  2.0000000000
-0.1659252699 -0.8553331328  0.3989525991  2.0000000000
-0.0072531877 -0.8906665660  0.2294136458  2.0000000000
 0.3014043055 -0.9617822055 -0.1105295738  2.0000000000
 0.8114031339 -1.0694872737 -0.6176320581  2.0000000000
 0.9786983091 -1.1055305910 -0.7854428578  2.0000000000
 1.3037039298 -1.1788124850 -1.1196332435  2.0000000000
-1.7598925550 -0.6810465965  1.6755414340  2.0000000000
-1.1620488333 -0.7589883108  1.2537531590  2.0000000000
-0.1769033846 -0.9307015800  0.4107170841  2.0000000000
-0.0173822571 -0.9663328607  0.2411380981  2.0000000000
 1.0656870773 -1.1827912145 -0.7717054634  2.0000000000
 1.1557262593 -1.2012047230 -0.8554732068  2.0000000000
 1.3260149958 -1.2378297957 -1.0223294762  2.0000000000
 1.7568201137 -1.3208010556 -1.3554640066  2.0000000000
-0.8003301859 -0.9017003432  0.9294738280  2.0000000000
-0.6893395978 -0.9188719463  0.8455958343  2.0000000000
-0.4712413195 -0.9537183496  0.6769741815  2.0000000000
-0.0965308247 -1.0239855373  0.3378201623  2.0000000000
 0.0805900371 -1.0596675253  0.1686274295  2.0000000000
 0.3028336266 -1.0962865254 -0.0003637767  2.0000000000
 0.6783785107 -1.1689982785 -0.3386333279  2.0000000000
 0.7751830076 -1.1872687204 -0.4229395821  2.0000000000
 0.9652493158 -1.2237222358 -0.5908496116  2.0000000000
 1.0675621145 -1.2421529652 -0.6745483960  2.0000000000
 1.2504870207 -1.2788425467 -0.8416282809  2.0000000000
 1.4307532690 -1.3156740385 -1.0085305952  2.0000000000
-1.9889736556 -0.8307736302  1.6957566625  2.0000000000
-1.5839474056 -0.8772705524  1.4430415432  2.0000000000
-1.0953931889 -0.9429315004  1.1079961951  2.0000000000
-0.9876484063 -0.9597632859  1.0241615470  2.0000000000
-0.7546877795 -0.9940549654  0.8564187676  2.0000000000
-0.6247242968 -1.0114199089  0.7728171634  2.0000000000
-0.5183922026 -1.0292881111  0.6881857666  2.0000000000
-0.2028345936 -1.0816896830  0.4342158203  2.0000000000
 0.1014982796 -1.1354866354  0.1808433075  2.0000000000
 0.4374861796 -1.1908760063 -0.0724449159  2.0000000000
 1.9917500265 -1.4771199313 -1.3276698790  2.0000000000
-2.2356415539 -0.8898317685  1.7896126288  2.0000000000
-1.5596788770 -0.9683022412  1.3697904097  2.0000000000
-1.4266660812 -0.9845227014  1.2861946031  2.0000000000
-0.0996990236 -1.1747155994  0.3615863957  2.0000000000
 0.7022516533 -1.3040688407 -0.2285583179  2.0000000000
 0.9228343107 -1.3414177495 -0.3968147213  2.0000000000
 1.6520336244 -1.4726922202 -0.9811809268  2.0000000000
 2.1086631613 -1.5553702815 -1.3139420600  2.0000000000
-2.3442548122 -0.9644584151  1.7998191412  2.0000000000
-1.7877376076 -1.0273514896  1.4646141543  2.0000000000
-1.5171581775 -1.0598229901  1.2971305039  2.0000000000
-1.1357563183 -1.1099154598  1.0462027756  2.0000000000
-1.0023326526 -1.1267305469  0.9625743505  2.0000000000
-0.1309947614 -1.2499374747  0.3735239773  2.0000000000
 0.0025346653 -1.2682262161  0.2894092289  2.0000000000
 0.5131401954 -1.3428872571 -0.0475397438  2.0000000000
 0.7584148990 -1.3805031555 -0.2159575505  2.0000000000
 1.5449679735 -1.5124469494 -0.8017423022  2.0000000000
 1.7663984079 -1.5513567623 -0.9677208225  2.0000000000
 2.1137686499 -1.6129715299 -1.2170869555  2.0000000000
-2.0307014798 -1.0866534932  1.5594491109  2.0000000000
-1.3423744668 -1.1680219027  1.1408699475  2.0000000000
-1.2069145540 -1.1849315608  1.0573667133  2.0000000000
-0.5183321647 -1.2717715270  0.6382840667  2.0000000000
 0.8185743332 -1.4569597913 -0.2033615091  2.0000000000
 1.1955833119 -1.5148291693 -0.4545844776  2.0000000000
 1.3170533801 -1.5336432957 -0.5383560677  2.0000000000
 1.5351636952 -1.5721035350 -0.7048215207  2.0000000000
-1.8508324430 -1.1935717057  1.4027518629  2.0000000000
-1.1341546765 -1.2770740653  0.9848170001  2.0000000000
-0.8462077548 -1.3114932915  0.8174666843  2.0000000000
-0.7068660849 -1.3292435155  0.7336656108  2.0000000000
-0.5503695229 -1.3469837765  0.6500355757  2.0000000000
 0.0108638833 -1.4192310098  0.3134685621  2.0000000000
 0.3043807425 -1.4566390596  0.1452879739  2.0000000000
 0.7196370378 -1.5137280264 -0.1068617258  2.0000000000
 1.1613003928 -1.5723590742 -0.3586525661  2.0000000000
 1.5232982281 -1.6304914107 -0.6086971744  2.0000000000
 1.9965030725 -1.7088659212 -0.9409220728  2.0000000000
-2.6564269770 -1.1873945828  1.8300444202  2.0000000000
-1.5096608025 -1.3181982188  1.1631448390  2.0000000000
-1.0574235780 -1.3688441797  0.9123674428  2.0000000000
-0.3072663433 -1.4573144119  0.4935431411  2.0000000000
 0.3143377626 -1.5320066492  0.1574372323  2.0000000000
 1.3691503055 -1.6683472777 -0.4298346610  2.0000000000
 1.4973575200 -1.6884119267 -0.5127814355  2.0000000000
 1.7481346468 -1.7278730051 -0.6788330352  2.0000000000
 2.4614263647 -1.8463658043 -1.1758436272  2.0000000000
-2.3346858080 -1.3105288836  1.5914260988  2.0000000000
-2.0466155606 -1.3430567551  1.4246957947  2.0000000000
-1.7417380792 -1.3758280534  1.2575018353  2.0000000000
-1.1159009462 -1.4432545701  0.9233893885  2.0000000000
-0.9596093616 -1.4602936717  0.8398470139  2.0000000000
-0.6350229862 -1.4959970300  0.6729021862  2.0000000000
-0.3012354267 -1.5326832151  0.5053889402  2.0000000000
 0.3200261607 -1.6069103182  0.1694980973  2.0000000000
 0.6690112945 -1.6457848152  0.0017065689  2.0000000000
 1.3123012821 -1.7243888310 -0.3340078817  2.0000000000
 1.4561010740 -1.7443807192 -0.4173693417  2.0000000000
 1.9851217747 -1.8256250882 -0.7485971351  2.0000000000
 2.1081693086 -1.8456180892 -0.8314660163  2.0000000000
 2.4594375858 -1.9044877525 -1.0798836472  2.0000000000
