 0.0773485651 -0.5385256824 -0.1073896956  1.0000000000
 0.1544517503 -0.4612047722 -0.2826720511  1.0000000000
 0.0577594276 -0.4618924824 -0.1042967195  1.0000000000
 0.1911505205 -0.3841022347 -0.4570630331  1.0000000000
 0.0300183848 -0.3854403485 -0.0130352743  1.0000000000
-0.0317338012 -0.3863402674  0.1643583628  1.0000000000
 0.0943433157 -0.3078161237 -0.2757670118  1.0000000000
 0.0576150831 -0.3084326404 -0.0989931838  1.0000000000
 0.0370047881 -0.2320232101 -0.0079742323  1.0000000000
 0.0294012503 -0.2319237306  0.2560554908  1.0000000000
 0.1281273054 -0.1538941136 -0.6237640427  1.0000000000
 0.0743198538 -0.1539770735 -0.4462074098  1.0000000000
 0.0444016423 -0.1551664415 -0.0935068310  1.0000000000
 0.0371104952 -0.0778914800 -0.2665759971  1.0000000000
 0.0404765991 -0.0789549198  0.0853933585  1.0000000000
 0.0174690327 -0.0002400279 -0.6160180122  1.0000000000
 0.0209236926 -0.0005731466 -0.5276801247  1.0000000000
 0.0212043887 -0.0009819828 -0.3517188991  1.0000000000
 0.0294366587 -0.0018343558 -0.0878411356  1.0000000000
 0.0534318812 -0.0025868560  0.2639554693  1.0000000000
 0.0341666652  0.0746352026  0.0028375281  1.0000000000
-0.0908727678  0.1534159216 -0.6084375374  1.0000000000
-0.0215218544  0.1521773130 -0.3455456364  1.0000000000
 0.0058742390  0.1516988439 -0.1700440877  1.0000000000
 0.0840719915  0.1508042702  0.2689772666  1.0000000000
-0.0299524049  0.2284415408 -0.2546856871  1.0000000000
 0.0163810749  0.2280693419 -0.0796285613  1.0000000000
 0.0495404609  0.2274827500  0.0958547677  1.0000000000
 0.0922673677  0.2272179800  0.2715354122  1.0000000000
-0.1166140942  0.3057301377 -0.4267890179  1.0000000000
-0.0474372616  0.3051692236 -0.2517212900  1.0000000000
-0.0179054866  0.3047294544 -0.1642794665  1.0000000000
-0.0616618200  0.3817376807 -0.2487770530  1.0000000000
-0.0105625849  0.3812713893 -0.0739471365  1.0000000000
 0.0835588785  0.3814313982  0.1007897874  1.0000000000
 2.4081448746 -1.5386100363 -1.6941825433  2.0000000000
 2.1857514207 -1.5362641347 -1.5146713272  2.0000000000
 2.0678739799 -1.5350262347 -1.4242560444  2.0000000000
 1.8294001843 -1.5327743479 -1.2428836679  2.0000000000
 1.7119321381 -1.5317564291 -1.1521274397  2.0000000000
 1.5945607108 -1.5308174368 -1.0613521962  2.0000000000
 1.3521898205 -1.5295337776 -0.8796050382  2.0000000000
 0.6292081470 -1.5268782995 -0.4209953890  2.0000000000
 0.0426779064 -1.5299856996 -0.0528027301  2.0000000000
-0.4138394547 -1.5340685077  0.2235966959  2.0000000000
-0.6936681780 -1.5370752557  0.4068280098  2.0000000000
-0.8313480000 -1.5390461242  0.4982979350  2.0000000000
-0.9749670809 -1.5409688621  0.5900884926  2.0000000000
-1.3892376002 -1.5473928088  0.8647529552  2.0000000000
-1.9527865284 -1.5579289938  1.2311603271  2.0000000000
-2.3519645372 -1.5678063553  1.5038569746  2.0000000000
 2.1811692829 -1.4613029327 -1.5993210000  2.0000000000
 2.0655055255 -1.4598366312 -1.5087396019  2.0000000000
 1.7342681958 -1.4565554815 -1.2375207488  2.0000000000
 1.2623019215 -1.4535653507 -0.8743331551  2.0000000000
 0.9986984334 -1.4524931174 -0.6916580590  2.0000000000
 0.3267439383 -1.4524613336 -0.2342329068  2.0000000000
-0.5238637171 -1.4596771115  0.3170646396  2.0000000000
-1.1766078310 -1.4687336193  0.7737463280  2.0000000000
-1.4552018144 -1.4735903453  0.9569859095  2.0000000000
-1.7131596308 -1.4786137690  1.1391948278  2.0000000000
-2.2360506286 -1.4906364319  1.5033604133  2.0000000000
 2.0579105320 -1.3846608080 -1.5934065658  2.0000000000
 1.8380855047 -1.3819198252 -1.4123921024  2.0000000000
 1.1786238794 -1.3774901353 -0.8692648816  2.0000000000
 1.0647798019 -1.3770958841 -0.7784662242  2.0000000000
 0.8144574250 -1.3766413732 -0.5961255961  2.0000000000
 0.5702764698 -1.3764108410 -0.4138546300  2.0000000000
 0.4362832310 -1.3767084611 -0.3222724418  2.0000000000
-0.2245013979 -1.3807657675  0.1357000507  2.0000000000
-0.3360294576 -1.3819654804  0.2267134295  2.0000000000
-0.9904860613 -1.3902888620  0.6835357373  2.0000000000
-1.4926928205 -1.3988527703  1.0481196205  2.0000000000
-1.6214315945 -1.4013749175  1.1391282825  2.0000000000
-1.8716885839 -1.4071731942  1.3209542993  2.0000000000
-1.9939461113 -1.4101352039  1.4118786596  2.0000000000
-2.1162570828 -1.4130813242  1.5026345825  2.0000000000
-2.2328342046 -1.4158895459  1.5929259450  2.0000000000
 1.9346114482 -1.3078916205 -1.5873840816  2.0000000000
 1.4200063813 -1.3029675579 -1.1357771122  2.0000000000
 1.2075137780 -1.3017207902 -0.9550110567  2.0000000000
 0.6453403182 -1.3006043401 -0.5009412659  2.0000000000
 0.3072869416 -1.3011580845 -0.2282905753  2.0000000000
-0.2009276534 -1.3046718792  0.1376127609  2.0000000000
-0.4366924056 -1.3070207166  0.3198931941  2.0000000000
-0.5570735088 -1.3083762027  0.4110071629  2.0000000000
-0.8006803736 -1.3116459887  0.5931534943  2.0000000000
-1.2797451780 -1.3194602285  0.9571405803  2.0000000000
-1.4003595917 -1.3215660989  1.0480202180  2.0000000000
-1.9967573588 -1.3352868878  1.5018614463  2.0000000000
 2.0206816302 -1.2340687557 -1.7598789191  2.0000000000
 1.9200414794 -1.2327184447 -1.6714115369  2.0000000000
 1.8160667294 -1.2310978772 -1.5812729769  2.0000000000
 1.4110924222 -1.2268751240 -1.2202917423  2.0000000000
 1.2235089563 -1.2256270854 -1.0403350812  2.0000000000
 1.1236599943 -1.2254150745 -0.9499450582  2.0000000000
 0.7137026979 -1.2249231487 -0.5879173170  2.0000000000
 0.4003247035 -1.2250324384 -0.3159494679  2.0000000000
 0.3051295088 -1.2252137898 -0.2256117438  2.0000000000
-0.9725628896 -1.2385956480  0.7759348574  2.0000000000
-1.4266751144 -1.2466541980  1.1385703987  2.0000000000
 1.5901430028 -1.1525497874 -1.4847219933  2.0000000000
 0.7503032479 -1.1488180169 -0.6741209005  2.0000000000
 0.4654672065 -1.1491182254 -0.4028144385  2.0000000000
 0.3749699838 -1.1490489241 -0.3124620623  2.0000000000
 0.2006897725 -1.1495095341 -0.1323357039  2.0000000000
-0.3651053762 -1.1543201230  0.3232565028  2.0000000000
-0.5807204273 -1.1569111605  0.5046360206  2.0000000000
-0.6929814878 -1.1585110381  0.5954745180  2.0000000000
-0.7962567491 -1.1600084743  0.6860245888  2.0000000000
-1.1169879866 -1.1653533610  0.9577778044  2.0000000000
-1.2239356466 -1.1672803800  1.0482320471  2.0000000000
-1.4325016432 -1.1713358989  1.2285818265  2.0000000000
-1.8690344761 -1.1821645708  1.5903060511  2.0000000000
 1.6460253037 -1.0775550377 -1.6591749158  2.0000000000
 1.3949191320 -1.0750709187 -1.3897811716  2.0000000000
 1.1309128525 -1.0731113505 -1.1200023910  2.0000000000
 0.7798629585 -1.0724395434 -0.7601690425  2.0000000000
 0.5948913457 -1.0726069844 -0.5793332263  2.0000000000
 0.1786776604 -1.0736629172 -0.1289233214  2.0000000000
 0.0711292998 -1.0744623310 -0.0380349693  2.0000000000
-0.4355851470 -1.0791567173  0.4156306949  2.0000000000
-0.5357640817 -1.0804567263  0.5061064089  2.0000000000
-0.8309659359 -1.0848831834  0.7773226965  2.0000000000
-1.5349027492 -1.0986683042  1.4090890117  2.0000000000
-1.7454621892 -1.1041519573  1.5897032526  2.0000000000
 1.2707716558 -0.9979627740 -1.3839496881  2.0000000000
 0.0748727910 -0.9982714267 -0.0355308839  2.0000000000
-0.3117785775 -1.0016685267  0.3270787441  2.0000000000
-0.3938229973 -1.0026971438  0.4172284123  2.0000000000
-0.4803369207 -1.0037465537  0.5073603593  2.0000000000
-0.8580279204 -1.0095218290  0.8684330313  2.0000000000
-0.9468816823 -1.0112085372  0.9584232624  2.0000000000
-1.0459325548 -1.0129071293  1.0485780530  2.0000000000
-1.1364737305 -1.0146073998  1.1382586196  2.0000000000
 1.2328285656 -0.9212266787 -1.4683411245  2.0000000000
 0.9502459644 -0.9198448537 -1.1100484865  2.0000000000
 0.7997736589 -0.9195664747 -0.9308101438  2.0000000000
 0.2767982850 -0.9213326761 -0.3016965112  2.0000000000
 0.0618036091 -0.9221785367 -0.0324285968  2.0000000000
-0.0112729173 -0.9226530662  0.0575725149  2.0000000000
-0.2005348823 -0.9243920962  0.2386147597  2.0000000000
-0.5175390889 -0.9282964511  0.5988693774  2.0000000000
-1.0410811595 -0.9372741112  1.1384744663  2.0000000000
-1.1355558442 -0.9392776322  1.2283475383  2.0000000000
-1.4947475964 -0.9479682554  1.5882699082  2.0000000000
 0.7878703425 -0.8429845393 -1.0155284666  2.0000000000
 0.7201411672 -0.8431515254 -0.9261575599  2.0000000000
 0.5786725605 -0.8434281161 -0.7468657916  2.0000000000
 0.3677979375 -0.8443565836 -0.4777216623  2.0000000000
 0.2551152178 -0.8445352489 -0.2985583649  2.0000000000
 0.0473612060 -0.8454927434 -0.0294065513  2.0000000000
-0.3927480543 -0.8506041811  0.5103409490  2.0000000000
-0.5406690239 -0.8526204644  0.6900731355  2.0000000000
-0.7884731696 -0.8570141353  0.9595735945  2.0000000000
-1.0240370863 -0.8617242632  1.2282480034  2.0000000000
-1.3630852829 -0.8695800544  1.5872764392  2.0000000000
 1.1081530079 -0.7674645534 -1.6348799871  2.0000000000
 0.9371295752 -0.7667101751 -1.3677016856  2.0000000000
 0.5128029726 -0.7671438012 -0.7426559370  2.0000000000
-0.4082718865 -0.7744156153  0.6015863970  2.0000000000
-0.4791739738 -0.7755662640  0.6913175600  2.0000000000
-0.7056206937 -0.7799085093  0.9600953915  2.0000000000
-1.1701573700 -0.7897164938  1.4975144728  2.0000000000
 0.9733024611 -0.6898551619 -1.6288759318  2.0000000000
 0.6650964364 -0.6896569757 -1.0951406395  2.0000000000
 0.6126643273 -0.6898597179 -1.0060636280  2.0000000000
 0.5661236600 -0.6900691271 -0.9171690427  2.0000000000
 0.4507394329 -0.6906602124 -0.7386023213  2.0000000000
 0.3788122911 -0.6908478088 -0.5604553854  2.0000000000
-0.1079215117 -0.6938008590  0.1559135898  2.0000000000
-0.2011471324 -0.6952820811  0.3347023564  2.0000000000
-0.8330892409 -0.7063236844  1.2289149626  2.0000000000
-1.0423142347 -0.7115071112  1.4967843500  2.0000000000
 0.8464219404 -0.6125856658 -1.6233874856  2.0000000000
 0.6212775631 -0.6127887781 -1.1792729110  2.0000000000
-0.5556122385 -0.6246750603  0.9619813457  2.0000000000
-0.9296755674 -0.6336018660  1.4967037615  2.0000000000
-0.9829999631 -0.6351383104  1.5851318708  2.0000000000
 0.6448370270 -0.5354811213 -1.4405613577  2.0000000000
 0.5374669548 -0.5360693112 -1.1747140518  2.0000000000
 0.4140098364 -0.5372920845 -0.9085300056  2.0000000000
-0.2333539551 -0.5430797671  0.6058597532  2.0000000000
-0.2897174678 -0.5438279273  0.6951733076  2.0000000000
 0.4631835943 -0.4588556228 -1.2582866617  2.0000000000
 0.4164758294 -0.4594433264 -1.0816320539  2.0000000000
-0.5898611049 -0.4744532568  1.3187523580  2.0000000000
 0.4857917902 -0.3802553790 -1.6940776434  2.0000000000
 0.3754915800 -0.3819704116 -1.2538211519  2.0000000000
 0.3096245395 -0.3834275902 -0.9007052938  2.0000000000
-0.4014684642 -0.3942216560  1.1416668273  2.0000000000
-0.4455665299 -0.3954229908  1.2302773081  2.0000000000
-0.4853341973 -0.3965904532  1.3187813461  2.0000000000
-0.5217719778 -0.3979094821  1.4071209491  2.0000000000
-0.5759415933 -0.3999813011  1.5827512769  2.0000000000
 0.3365087216 -0.3033504481 -1.6011994471  2.0000000000
 0.3145188059 -0.3037324535 -1.5130301897  2.0000000000
 0.3004859074 -0.3041396629 -1.4249719361  2.0000000000
-0.1695823116 -0.3130207769  0.7882485583  2.0000000000
-0.1968453671 -0.3135991627  0.8765520227  2.0000000000
-0.2815427526 -0.3155106918  1.0538146024  2.0000000000
-0.3910430349 -0.3195367005  1.4065377450  2.0000000000
 0.2127036406 -0.2261309944 -1.5958004030  2.0000000000
 0.1896523961 -0.2286796383 -1.1567242496  2.0000000000
-0.1436391310 -0.2355673873  0.7906807843  2.0000000000
-0.1747739148 -0.2375025210  0.9664690904  2.0000000000
-0.2014164302 -0.2384328140  1.0547089191  2.0000000000
-0.2500234269 -0.2407547185  1.3185943207  2.0000000000
-0.2891250644 -0.2423385250  1.4940816492  2.0000000000
 0.0975437673 -0.1483286487 -1.6778754347  2.0000000000
-0.0975768853 -0.1604081382  0.9674158296  2.0000000000
-0.1117826378 -0.1610833866  1.0554595750  2.0000000000
-0.1340127314 -0.1623690973  1.2311545304  2.0000000000
-0.0314022610 -0.0718005880 -1.5854202267  2.0000000000
-0.0452865434 -0.0733629993 -1.4099913418  2.0000000000
 0.0454556556 -0.0751854647 -1.0605817296  2.0000000000
-0.0282436546 -0.0812348300  0.7054187967  2.0000000000
-0.0278063648 -0.0820316087  0.7932287840  2.0000000000
-0.0209871845 -0.0831571988  0.9684686643  2.0000000000
-0.0281116169 -0.0838374131  1.0562431096  2.0000000000
-0.0443458989 -0.0857704030  1.4067556471  2.0000000000
-0.0546300747 -0.0864022430  1.4942722378  2.0000000000
-0.1494592455  0.0053231315 -1.5802358128  2.0000000000
 0.0261336267 -0.0042328749  0.7068327187  2.0000000000
 0.0464419353 -0.0062287809  0.9695212988  2.0000000000
 0.0828841314 -0.0074720102  1.4068829309  2.0000000000
 0.0913913174 -0.0083222695  1.5806361350  2.0000000000
-0.2865549556  0.0832052799 -1.6618209117  2.0000000000
 0.0802372883  0.0733461902  0.5314741250  2.0000000000
 0.0783593268  0.0726944968  0.7082888343  2.0000000000
 0.1595337145  0.0712265362  1.1456634543  2.0000000000
-0.3751209165  0.1593909146 -1.5702793328  2.0000000000
-0.2111966556  0.1560764990 -1.1347645189  2.0000000000
 0.2831678232  0.1486841438  1.3209606947  2.0000000000
 0.1889403967  0.2270619850  0.7113840525  2.0000000000
-0.6786400171  0.3148147746 -1.6468237848  2.0000000000
-0.5715890739  0.3127581475 -1.4735689076  2.0000000000
-0.5156107401  0.3117899704 -1.3866255465  2.0000000000
-0.3839563106  0.3099025480 -1.1255935220  2.0000000000
 0.2256690442  0.3042990934  0.6250586849  2.0000000000
 0.2487989716  0.3042768237  0.7128910672  2.0000000000
 0.4061696397  0.3043805791  1.1492476885  2.0000000000
 0.5367557539  0.3046967822  1.4086374776  2.0000000000
 0.6321298753  0.3049575501  1.5804966260  2.0000000000
-0.7409917232  0.3908578880 -1.5556362660  2.0000000000
-0.4111223027  0.3860391998 -1.0342048768  2.0000000000
-0.3545172028  0.3857003175 -0.9477621732  2.0000000000
-0.2966101038  0.3847532873 -0.7728525201  2.0000000000
 0.5445827271  0.3822017832  1.2365881945  2.0000000000
 0.6661462841  0.3830827523  1.4088927913  2.0000000000
 0.7271247976  0.3834975289  1.4948762726  2.0000000000
-0.7285599673  0.4658053093 -1.3771935380  2.0000000000
-0.4357983979  0.4622478362 -0.9432756989  2.0000000000
 0.4239248001  0.4591501762  0.8027532023  2.0000000000
 0.8460990484  0.4616269641  1.4955378073  2.0000000000
-0.6420284652  0.5398406722 -1.1116983657  2.0000000000
-0.5126726914  0.5386175508 -0.9390265947  2.0000000000
-0.3284938964  0.5376716936 -0.6798146936  2.0000000000
 0.5786854360  0.5366588667  0.9785195590  2.0000000000
 0.6255954347  0.5367613964  1.0654045896  2.0000000000
 0.7000700472  0.5372897107  1.1516518725  2.0000000000
 0.7757827041  0.5380571451  1.2377819709  2.0000000000
-1.1724690779  0.6234210464 -1.6270787801  2.0000000000
-0.9373216797  0.6194066157 -1.3680357313  2.0000000000
-0.5830653058  0.6150158463 -0.9351715353  2.0000000000
-0.4553548533  0.6141886041 -0.7621854968  2.0000000000
-0.3466003987  0.6130407477 -0.5888650368  2.0000000000
 0.3299641082  0.6129674778  0.5459395302  2.0000000000
 0.7250208890  0.6142047882  1.0662353735  2.0000000000
 0.8001660509  0.6147786532  1.1525292617  2.0000000000
 0.8788028308  0.6156724728  1.2387681775  2.0000000000
-0.5167769907  0.6906280922 -0.7584534460  2.0000000000
-0.4423841606  0.6902373900 -0.6723551671  2.0000000000
-0.3662664240  0.6898813761 -0.5865204252  2.0000000000
-0.1369603950  0.6892745148 -0.2370518373  2.0000000000
 0.5344546906  0.6903591018  0.7209123270  2.0000000000
 0.6732026900  0.6907614366  0.8942637114  2.0000000000
 0.7400228792  0.6910822587  0.9808881197  2.0000000000
 0.9866142292  0.6932496383  1.2396962082  2.0000000000
 1.0638616033  0.6941736876  1.3258585397  2.0000000000
 1.1576652079  0.6956786688  1.4120150232  2.0000000000
-1.4119989296  0.7773108625 -1.6181142285  2.0000000000
-0.9714711619  0.7704144391 -1.1858440390  2.0000000000
-0.8895638270  0.7692941273 -1.0992134730  2.0000000000
-0.8139202836  0.7685666691 -1.0131560763  2.0000000000
-0.7374139620  0.7678625457 -0.9270160373  2.0000000000
-0.6589263031  0.7673984571 -0.8409565223  2.0000000000
-0.4140925957  0.7664513998 -0.5826740806  2.0000000000
 0.2433984054  0.7670500792  0.2881594434  2.0000000000
 0.3605365258  0.7676200617  0.4624871246  2.0000000000
 0.5978393519  0.7675511397  0.7225176669  2.0000000000
 0.9973911754  0.7693461856  1.1546800020  2.0000000000
 1.1759599036  0.7718719315  1.3266792500  2.0000000000
 1.2948978678  0.7743337203  1.4127326755  2.0000000000
-1.4511420642  0.8530537080 -1.5272639978  2.0000000000
-1.3469324397  0.8512917923 -1.4410569657  2.0000000000
-0.9712737837  0.8455661240 -1.0951825638  2.0000000000
-0.8925342874  0.8449179192 -1.0092279105  2.0000000000
-0.8149341731  0.8441715813 -0.9232248950  2.0000000000
-0.7226737330  0.8438477064 -0.8371910250  2.0000000000
-0.5576057163  0.8431066301 -0.6650503355  2.0000000000
-0.4653210818  0.8429237233 -0.5790711672  2.0000000000
 0.0854529859  0.8445261648  0.1173822282  2.0000000000
 0.5003149569  0.8443420595  0.5509515844  2.0000000000
 0.8275802569  0.8450627391  0.8970175356  2.0000000000
 1.1749816311  0.8476352796  1.2418536689  2.0000000000
 1.6036148929  0.8552534675  1.5857272255  2.0000000000
-1.5617740332  0.9297751290 -1.5228281761  2.0000000000
-1.3566157997  0.9263757854 -1.3501332882  2.0000000000
-1.0660887082  0.9224013889 -1.0913928376  2.0000000000
-0.9653475011  0.9214097178 -1.0054010333  2.0000000000
-0.2032877188  0.9201098829 -0.2276357195  2.0000000000
-0.0277956159  0.9204094580 -0.0544000720  2.0000000000
 0.2880253899  0.9210221810  0.2929042410  2.0000000000
 0.8158685523  0.9218017298  0.8121610616  2.0000000000
 0.9926811558  0.9226951076  0.9847312352  2.0000000000
 1.3869404007  0.9268914155  1.3288873199  2.0000000000
-1.6696954393  1.0065102578 -1.5185620848  2.0000000000
-1.1472623717  0.9989380084 -1.0874571604  2.0000000000
-0.2191958882  0.9964000253 -0.2247058616  2.0000000000
-0.0448126181  0.9970149390 -0.0513235196  2.0000000000
 1.0774438372  0.9997588662  0.9860649369  2.0000000000
 1.1747770049  1.0004891636  1.0721874913  2.0000000000
 1.3722093347  1.0022871937  1.2441298467  2.0000000000
 1.8533635043  1.0112496094  1.5878296802  2.0000000000
-0.8247506511  1.0733659488 -0.7400727342  2.0000000000
-0.7224234429  1.0730665571 -0.6541290292  2.0000000000
-0.5194318399  1.0726399547 -0.4814967579  2.0000000000
-0.1407704677  1.0730091067 -0.1350805662  2.0000000000
 0.0549797828  1.0735436816  0.0377903645  2.0000000000
 0.2692550090  1.0740705475  0.2106799051  2.0000000000
 0.6531390408  1.0749755051  0.5567599560  2.0000000000
 0.7570503044  1.0753506666  0.6431843221  2.0000000000
 0.9502094323  1.0759585094  0.8156077755  2.0000000000
 1.0572542380  1.0765206525  0.9016522754  2.0000000000
 1.2682827876  1.0778533776  1.0735516929  2.0000000000
 1.4648677259  1.0793426702  1.2453453899  2.0000000000
-1.8991199310  1.1600390591 -1.5098773272  2.0000000000
-1.5363259520  1.1547283514 -1.2517303359  2.0000000000
-1.0996015418  1.1510519828 -0.9082516929  2.0000000000
-0.9950843838  1.1505816048 -0.8224070936  2.0000000000
-0.7842699116  1.1496949494 -0.6505401562  2.0000000000
-0.6592449805  1.1492680988 -0.5648170279  2.0000000000
-0.5553300953  1.1493071835 -0.4785058365  2.0000000000
-0.2601588563  1.1492665769 -0.2186846420  2.0000000000
 0.0631706625  1.1498172778  0.0404018576  2.0000000000
 0.3989083516  1.1510368552  0.2995332142  2.0000000000
 2.0753212597  1.1660469711  1.5904514908  2.0000000000
-2.1320336132  1.2383881657 -1.5911235794  2.0000000000
-1.5204272547  1.2302627245 -1.1619436030  2.0000000000
-1.4060075356  1.2292297794 -1.0761055293  2.0000000000
-0.1612769147  1.2255927495 -0.1295038532  2.0000000000
 0.6627558063  1.2284828838  0.4744350513  2.0000000000
 0.8748048062  1.2291682195  0.6470406123  2.0000000000
 1.6777758508  1.2347692036  1.2483639961  2.0000000000
 2.1834599918  1.2433942806  1.5918999027  2.0000000000
-2.2435946384  1.3150905264 -1.5866809526  2.0000000000
-1.7428565754  1.3086036894 -1.2441606202  2.0000000000
-1.4948013040  1.3063316072 -1.0725330417  2.0000000000
-1.1379465167  1.3038476337 -0.8152192648  2.0000000000
-1.0105726740  1.3031065202 -0.7295079030  2.0000000000
-0.1811926215  1.3019746841 -0.1266953562  2.0000000000
-0.0433888959  1.3023104056 -0.0406296458  2.0000000000
 0.4530395088  1.3041213710  0.3042546338  2.0000000000
 0.6939520345  1.3050029273  0.4768467345  2.0000000000
 1.5344713487  1.3096932001  1.0784770475  2.0000000000
 1.7852565963  1.3123287942  1.2499896701  2.0000000000
 2.1662085056  1.3184874719  1.5077008954  2.0000000000
-1.9750958285  1.3871630033 -1.3260441177  2.0000000000
-1.3385994004  1.3812948214 -0.8974998815  2.0000000000
-1.2117925634  1.3805709813 -0.8117202049  2.0000000000
-0.5601192778  1.3782715139 -0.3824433673  2.0000000000
 0.7498332243  1.3818307447  0.4790005393  2.0000000000
 1.1435217048  1.3841629742  0.7369862695  2.0000000000
 1.2599130595  1.3846928901  0.8229926729  2.0000000000
 1.5141269149  1.3865019533  0.9945626853  2.0000000000
-1.8146139624  1.4610853296 -1.1509694154  2.0000000000
-1.1396298603  1.4563741732 -0.7226044566  2.0000000000
-0.8671586065  1.4551975657 -0.5511320878  2.0000000000
-0.7311254874  1.4549620620 -0.4653414792  2.0000000000
-0.6036805487  1.4548732822 -0.3792556807  2.0000000000
-0.0512054509  1.4549971486 -0.0351876667  2.0000000000
 0.2357161313  1.4557101578  0.1368458722  2.0000000000
 0.6403558289  1.4576262333  0.3951959189  2.0000000000
 1.0804922920  1.4602591157  0.6531993732  2.0000000000
 1.4744012792  1.4631492043  0.9107042708  2.0000000000
 1.9959252190  1.4678894877  1.2535632887  2.0000000000
-2.5603051624  1.5438768080 -1.5739038398  2.0000000000
-1.5006911469  1.5348114556 -0.8905392282  2.0000000000
-1.0646645578  1.5321643542 -0.6335009404  2.0000000000
-0.3468600947  1.5308828312 -0.2044109366  2.0000000000
 0.2320599257  1.5321062977  0.1394460600  2.0000000000
 1.2852583014  1.5377487654  0.7412992492  2.0000000000
 1.4236067180  1.5389769214  0.8270762424  2.0000000000
 1.6990169079  1.5411659682  0.9984053094  2.0000000000
 2.4890260202  1.5500445448  1.5120060488  2.0000000000
-2.2763658776  1.6168088672 -1.3147026927  2.0000000000
-2.0131609960  1.6143334546 -1.1437016132  2.0000000000
-1.7251982530  1.6122224897 -0.9725850239  2.0000000000
-1.1263316746  1.6080051646 -0.6300473364  2.0000000000
-0.9720704184  1.6076244414 -0.5444461878  2.0000000000
-0.6711251898  1.6066517215 -0.3732022663  2.0000000000
-0.3622396601  1.6070825384 -0.2015274832  2.0000000000
 0.2359957501  1.6079849340  0.1421097211  2.0000000000
 0.5695733364  1.6093848179  0.3137639026  2.0000000000
 1.1906015546  1.6131232034  0.6574791314  2.0000000000
 1.3614419224  1.6142694973  0.7434585145  2.0000000000
 1.9315566170  1.6194447884  1.0858483831  2.0000000000
 2.0737227949  1.6210216633  1.1714707610  2.0000000000
 2.4631547863  1.6247210345  1.4280025578  2.0000000000
