-0.1518032061  0.5417911305 -0.0634846178  1.0000000000
-0.2113337691  0.5196240966  0.1283107490  1.0000000000
-0.1475885889  0.4686354474 -0.0414736947  1.0000000000
-0.2853007997  0.4999003224  0.3205207469  1.0000000000
-0.1142199068  0.3715703744 -0.1049048866  1.0000000000
-0.0502757518  0.3200556686 -0.2743790165  1.0000000000
-0.1950892985  0.3770980891  0.1702033602  1.0000000000
-0.1416219884  0.3257345601  0.0006766914  1.0000000000
-0.1119440015  0.2279460019 -0.0626912586  1.0000000000
-0.0520053267  0.1467914006 -0.3134639021  1.0000000000
-0.2265142241  0.3385252080  0.5511902260  1.0000000000
-0.2130410909  0.2855359931  0.3815003266  1.0000000000
-0.1354936056  0.1822626211  0.0428161440  1.0000000000
-0.1680182285  0.1626883946  0.2325632705  1.0000000000
-0.0970187545  0.0569371869 -0.1041438112  1.0000000000
-0.2048035827  0.1930851174  0.5917839070  1.0000000000
-0.1948988144  0.1679160574  0.5073259090  1.0000000000
-0.1728650398  0.1168203616  0.3379992396  1.0000000000
-0.1267156166  0.0395535245  0.0844153919  1.0000000000
-0.0790776057 -0.0715455365 -0.2506442515  1.0000000000
-0.1102563792 -0.0580100453  0.0213094273  1.0000000000
-0.1765710293  0.0476636413  0.6345824057  1.0000000000
-0.1576409956 -0.0248356217  0.3785760277  1.0000000000
-0.1318804613 -0.0766219811  0.2099552418  1.0000000000
-0.0831124291 -0.2138768157 -0.2092714079  1.0000000000
-0.1400842779 -0.1213120762  0.3146595996  1.0000000000
-0.1184007835 -0.1734001125  0.1463878031  1.0000000000
-0.0994508801 -0.2278039978 -0.0213874447  1.0000000000
-0.0848925462 -0.2847960148 -0.1885955542  1.0000000000
-0.1494145365 -0.1416235808  0.5038095140  1.0000000000
-0.1346675345 -0.1917803174  0.3348569760  1.0000000000
-0.1254201193 -0.2173758743  0.2508002786  1.0000000000
-0.1300460698 -0.2617201068  0.3549600291  1.0000000000
-0.1137523110 -0.3138385219  0.1870014045  1.0000000000
-0.0972023177 -0.3677958690  0.0194604623  1.0000000000
-2.4866696750  1.8735421109  1.1701230068  2.0000000000
-2.2630447332  1.8249483143  0.9997021094  2.0000000000
-2.1403552456  1.7987023536  0.9125045828  2.0000000000
-1.9040526963  1.7496350836  0.7382747271  2.0000000000
-1.7835165586  1.7247490739  0.6505218183  2.0000000000
-1.6659923925  1.7002581642  0.5631388514  2.0000000000
-1.4274115022  1.6515889826  0.3874425173  2.0000000000
-0.7008592840  1.5338688578 -0.0612294588  2.0000000000
-0.1306550827  1.4474696048 -0.4249885236  2.0000000000
 0.2651005653  1.3861011816 -0.6980455694  2.0000000000
 0.5311261570  1.3462208601 -0.8803345842  2.0000000000
 0.6573219134  1.3262456741 -0.9707497407  2.0000000000
 0.7976388081  1.3076394999 -1.0629916471  2.0000000000
 1.2094763158  1.2519654267 -1.3384922325  2.0000000000
 1.7843818258  1.1847446573 -1.7106180189  2.0000000000
 2.2067864593  1.1384418793 -1.9895068200  2.0000000000
-2.2423342945  1.7825424215  1.1015792595  2.0000000000
-2.1246484462  1.7563852885  1.0146962569  2.0000000000
-1.7902098883  1.6810646858  0.7539947494  2.0000000000
-1.3347559990  1.5830397640  0.4039842666  2.0000000000
-1.0898837154  1.5348641180  0.2273116983  2.0000000000
-0.3998734343  1.4204303116 -0.2226618327  2.0000000000
 0.3698718338  1.2933704865 -0.7672297156  2.0000000000
 1.0143963444  1.1960605641 -1.2218602263  2.0000000000
 1.2828042713  1.1596444077 -1.4055911550  2.0000000000
 1.5609132163  1.1250873022 -1.5904984740  2.0000000000
 2.1002309530  1.0601877050 -1.9603393333  2.0000000000
-2.0955394738  1.7136425539  1.1158859858  2.0000000000
-1.8820765571  1.6625704405  0.9432979968  2.0000000000
-1.2397496193  1.5144757697  0.4205090849  2.0000000000
-1.1354133609  1.4901879015  0.3328042319  2.0000000000
-0.8818395588  1.4424685840  0.1549804996  2.0000000000
-0.6341990913  1.3955456213 -0.0233460261  2.0000000000
-0.5189607752  1.3721737828 -0.1121182616  2.0000000000
 0.0835000221  1.2613317448 -0.5641435308  2.0000000000
 0.2143515262  1.2408056268 -0.6549395608  2.0000000000
 0.8384063008  1.1407625089 -1.1066692127  2.0000000000
 1.3502000182  1.0663088292 -1.4718420100  2.0000000000
 1.4811986250  1.0489481190 -1.5634693914  2.0000000000
 1.7340182440  1.0140438216 -1.7462668607  2.0000000000
 1.8597053320  0.9975596389 -1.8382912536  2.0000000000
 1.9936540737  0.9813813484 -1.9306484386  2.0000000000
 2.1193168550  0.9643715577 -2.0214914218  2.0000000000
-1.9485664666  1.6442158905  1.1298246031  2.0000000000
-1.4735332457  1.5185018627  0.6994139120  2.0000000000
-1.2592533331  1.4700093317  0.5247742531  2.0000000000
-0.7070140368  1.3493693357  0.0843974355  2.0000000000
-0.3907547013  1.2785908749 -0.1808460379  2.0000000000
 0.0643074875  1.1888637958 -0.5440063838  2.0000000000
 0.3106456287  1.1472870854 -0.7221910446  2.0000000000
 0.4309520884  1.1267067526 -0.8120585097  2.0000000000
 0.6703714752  1.0862834538 -0.9923759420  2.0000000000
 1.1566432264  1.0090905361 -1.3549849494  2.0000000000
 1.2769612554  0.9902541065 -1.4454680408  2.0000000000
 1.8882146549  0.9023005201 -1.9007317821  2.0000000000
-1.9750902560  1.6254957941  1.3122676408  2.0000000000
-1.8989361547  1.6011823930  1.2299214263  2.0000000000
-1.8098485796  1.5748310295  1.1449589456  2.0000000000
-1.4582638183  1.4747058190  0.8021487465  2.0000000000
-1.2663750193  1.4254359418  0.6288015229  2.0000000000
-1.1783898069  1.4005053358  0.5422289279  2.0000000000
-0.7803510961  1.3036445593  0.1919622124  2.0000000000
-0.4711450632  1.2322459643 -0.0729295843  2.0000000000
-0.3728727404  1.2083747605 -0.1610183197  2.0000000000
 0.8551096334  0.9723361464 -1.1485210885  2.0000000000
 1.3159932912  0.8952123576 -1.5088352942  2.0000000000
-1.6071183438  1.4807161108  1.0764733972  2.0000000000
-0.8245099229  1.2581894821  0.2981365008  2.0000000000
-0.5275826740  1.1868315275  0.0341722057  2.0000000000
-0.4352330726  1.1624713123 -0.0538979967  2.0000000000
-0.2689512219  1.1136012862 -0.2285709709  2.0000000000
 0.2653346030  1.0015121463 -0.6780259322  2.0000000000
 0.4781650489  0.9592278853 -0.8558969084  2.0000000000
 0.5877346462  0.9385658307 -0.9453487211  2.0000000000
 0.6913603567  0.9176163748 -1.0341923540  2.0000000000
 1.0173116637  0.8569889494 -1.3029870340  2.0000000000
 1.1257845888  0.8373356685 -1.3925341259  2.0000000000
 1.3488285541  0.7993869345 -1.5720991527  2.0000000000
 1.7822632088  0.7251631048 -1.9300662661  2.0000000000
-1.6042580933  1.4630715419  1.2606094177  2.0000000000
-1.3908449025  1.3867632901  1.0065124390  2.0000000000
-1.1790803274  1.3111622915  0.7500489921  2.0000000000
-0.8516122200  1.2123211172  0.4043167356  2.0000000000
-0.6671609083  1.1643618001  0.2291919096  2.0000000000
-0.2540716617  1.0433123821 -0.2088087983  2.0000000000
-0.1529093848  1.0200675458 -0.2982513838  2.0000000000
 0.3400830621  0.9070993858 -0.7439170612  2.0000000000
 0.4409133703  0.8854763495 -0.8326707972  2.0000000000
 0.7419775764  0.8218768153 -1.0989848830  2.0000000000
 1.4723471916  0.6841969913 -1.7232902129  2.0000000000
 1.6748282308  0.6459732623 -1.9004640577  2.0000000000
-1.2764504743  1.3178499750  1.0228702201  2.0000000000
-0.1557010773  0.9484917284 -0.2760700523  2.0000000000
 0.2194196090  0.8562579813 -0.6326176008  2.0000000000
 0.3053875742  0.8335604474 -0.7206394932  2.0000000000
 0.3943863831  0.8110108815 -0.8088174750  2.0000000000
 0.7745159468  0.7246196990 -1.1624308474  2.0000000000
 0.8763848652  0.7044197083 -1.2511892487  2.0000000000
 0.9749927854  0.6839767193 -1.3396893658  2.0000000000
 1.0750511059  0.6640412960 -1.4283967157  2.0000000000
-1.1971627935  1.2743299842  1.1240645230  2.0000000000
-0.9902529640  1.1724487733  0.7848068451  2.0000000000
-0.8756872861  1.1218043970  0.6143428468  2.0000000000
-0.3413518925  0.9525729121  0.0045500737  2.0000000000
-0.1335531136  0.8786617203 -0.2567310702  2.0000000000
-0.0693033616  0.8530970300 -0.3430845268  2.0000000000
 0.1146382164  0.8068179348 -0.5210412055  2.0000000000
 0.4389280868  0.7138302120 -0.8726347730  2.0000000000
 0.9960220664  0.5866904068 -1.4016911559  2.0000000000
 1.0935796812  0.5668424666 -1.4901780644  2.0000000000
 1.4542022001  0.4865095590 -1.8408163579  2.0000000000
-0.8306635660  1.0782035419  0.7170685723  2.0000000000
-0.7808082036  1.0527129736  0.6317513742  2.0000000000
-0.6674619110  1.0026179156  0.4603463333  2.0000000000
-0.4424734227  0.9306953991  0.1986919651  2.0000000000
-0.3153792479  0.8824949278  0.0241323107  2.0000000000
-0.1359190137  0.8064879077 -0.2349556484  2.0000000000
 0.2998590710  0.6617102531 -0.7619220444  2.0000000000
 0.4851119335  0.6175510921 -0.9369305037  2.0000000000
 0.7450976581  0.5513368810 -1.2001282654  2.0000000000
 1.0105808374  0.4895001403 -1.4630795805  2.0000000000
 1.3473275430  0.4070740300 -1.8116722757  2.0000000000
-1.0093197830  1.1870678067  1.3235712850  2.0000000000
-0.9069947198  1.1108272953  1.0731920390  2.0000000000
-0.5919546974  0.9333509417  0.4787169205  2.0000000000
 0.3431262779  0.5632215373 -0.8244548347  2.0000000000
 0.4292518141  0.5413216730 -0.9119637743  2.0000000000
 0.6851067332  0.4758846610 -1.1746906762  2.0000000000
 1.1541380543  0.3476406633 -1.6955104025  2.0000000000
-0.8702950760  1.1182933181  1.3400065614  2.0000000000
-0.6673787877  0.9653911353  0.8370358649  2.0000000000
-0.6353767110  0.9401416337  0.7528322699  2.0000000000
-0.5959984228  0.9149182542  0.6676750580  2.0000000000
-0.5152864616  0.8641202370  0.4970335143  2.0000000000
-0.4487884637  0.8121921683  0.3257103794  2.0000000000
-0.0072056410  0.6118800073 -0.3650357836  2.0000000000
 0.1030961451  0.5619300441 -0.5393682155  2.0000000000
 0.8326904968  0.3320609921 -1.4080227111  2.0000000000
 1.0582386663  0.2684501743 -1.6675001335  2.0000000000
-0.7242130725  1.0491197255  1.3558271112  2.0000000000
-0.5941449134  0.9219253333  0.9388783974  2.0000000000
 0.5467466457  0.3208000479 -1.1227964471  2.0000000000
 0.9506844189  0.1885167554 -1.6386337692  2.0000000000
 0.9993107590  0.1665411230 -1.7223230371  2.0000000000
-0.5540414684  0.9296344048  1.2069623675  2.0000000000
-0.4839199686  0.8528535758  0.9564598169  2.0000000000
-0.4209172430  0.7765841641  0.7050887109  2.0000000000
 0.2105830983  0.3373440123 -0.7522223462  2.0000000000
 0.2806113432  0.3130368010 -0.8391163576  2.0000000000
-0.3916812492  0.8095879600  1.0575074919  2.0000000000
-0.3710345898  0.7584291814  0.8911984191  2.0000000000
 0.6317184705  0.0735391353 -1.4119152021  2.0000000000
-0.3167808879  0.8684909513  1.4872336567  2.0000000000
-0.2835794711  0.7407772145  1.0754251431  2.0000000000
-0.2708790911  0.6368772101  0.7442514863  2.0000000000
 0.4754118177  0.0426499733 -1.2174796874  2.0000000000
 0.5050800050  0.0183022236 -1.3008060424  2.0000000000
 0.5348967220 -0.0060587913 -1.3839291418  2.0000000000
 0.5759493532 -0.0290940629 -1.4680097904  2.0000000000
 0.6583119388 -0.0745610868 -1.6346857895  2.0000000000
-0.1732550515  0.7747206046  1.4227466013  2.0000000000
-0.1664702496  0.7494854576  1.3409082718  2.0000000000
-0.1587724869  0.7239631326  1.2582056390  2.0000000000
 0.2023741152  0.0614564606 -0.8522127697  2.0000000000
 0.2587220892  0.0366910209 -0.9372972594  2.0000000000
 0.3450881145 -0.0116221964 -1.1063028550  2.0000000000
 0.4660055156 -0.1094313301 -1.4394511477  2.0000000000
-0.0369291590  0.7061972235  1.4395842672  2.0000000000
-0.0957382178  0.5756660621  1.0296852039  2.0000000000
 0.1715291356 -0.0137975058 -0.8288907601  2.0000000000
 0.2252625563 -0.0649880030 -0.9959723586  2.0000000000
 0.2611677799 -0.0896790599 -1.0800681845  2.0000000000
 0.3321029150 -0.1651752200 -1.3288693858  2.0000000000
 0.3824416836 -0.2144237445 -1.4934441212  2.0000000000
 0.1063502944  0.6629789601  1.5371970951  2.0000000000
 0.1436930335 -0.1427451939 -0.9701981989  2.0000000000
 0.1724914163 -0.1679310357 -1.0534073536  2.0000000000
 0.2128295434 -0.2194676245 -1.2187927809  2.0000000000
 0.2312940982  0.5692972604  1.4739214946  2.0000000000
 0.2194846790  0.5196054806  1.3128705432  2.0000000000
-0.0044031624  0.4055629699  0.9856612287  2.0000000000
 0.0491644111 -0.1382618705 -0.6965231047  2.0000000000
 0.0559110383 -0.1657612584 -0.7793819291  2.0000000000
 0.0752667932 -0.2193198280 -0.9448104925  2.0000000000
 0.0845787199 -0.2466408395 -1.0271685378  2.0000000000
 0.1430954626 -0.3507596701 -1.3553424860  2.0000000000
 0.1525285020 -0.3765390748 -1.4360591530  2.0000000000
 0.3623929547  0.5008953193  1.4911908236  2.0000000000
-0.0026891458 -0.2144771630 -0.6721665399  2.0000000000
-0.0114796996 -0.2978829553 -0.9187144612  2.0000000000
 0.0390777213 -0.4308816792 -1.3278082570  2.0000000000
 0.0367140279 -0.4842685121 -1.4873948128  2.0000000000
 0.5324719255  0.4583052932  1.5879646007  2.0000000000
-0.0663252214 -0.2324016757 -0.4808740732  2.0000000000
-0.0550368455 -0.2908519932 -0.6479013318  2.0000000000
-0.0798210137 -0.4318056810 -1.0571131690  2.0000000000
 0.5986578694  0.3623963271  1.5260700622  2.0000000000
 0.2113766341  0.2190310841  1.1243686517  2.0000000000
-0.1634483285 -0.5652936891 -1.1934305960  2.0000000000
-0.1720205168 -0.4456611888 -0.5992956863  2.0000000000
 0.9282394823  0.2531467050  1.6412955531  2.0000000000
 0.7284855487  0.1949133766  1.4812593007  2.0000000000
 0.6490558102  0.1658394581  1.4009593312  2.0000000000
 0.3352583865  0.0758554809  1.1620942755  2.0000000000
-0.1809936289 -0.4918242692 -0.4951575449  2.0000000000
-0.2161429579 -0.5224161325 -0.5755324556  2.0000000000
-0.3342624529 -0.6706607044 -0.9803939231  2.0000000000
-0.3820831070 -0.7540730595 -1.2194839716  2.0000000000
-0.4022566013 -0.8081690236 -1.3779792588  2.0000000000
 0.9478018259  0.1551371318  1.5789604994  2.0000000000
 0.3049411525 -0.0242897104  1.1004240561  2.0000000000
 0.1467308141 -0.0577519000  1.0240641757  2.0000000000
-0.1465462757 -0.1230481204  0.8700886015  2.0000000000
-0.4421561468 -0.7785076454 -1.0343534400  2.0000000000
-0.4883331540 -0.8352066295 -1.1928581323  2.0000000000
-0.5077690002 -0.8630555754 -1.2718023901  2.0000000000
 0.8586259518  0.0272976306  1.4361206803  2.0000000000
 0.2458290921 -0.1262128033  1.0409027404  2.0000000000
-0.3829308794 -0.7089824006 -0.6072513762  2.0000000000
-0.6171258188 -0.9443187419 -1.2453423103  2.0000000000
 0.6320910229 -0.1320572035  1.2119574723  2.0000000000
 0.3475360152 -0.1948428766  1.0582066564  2.0000000000
-0.0984404713 -0.2901604701  0.8248370231  2.0000000000
-0.5305453582 -0.8489627466 -0.7424727586  2.0000000000
-0.5681466110 -0.8800054576 -0.8222750704  2.0000000000
-0.6050242960 -0.9094713327 -0.9021692598  2.0000000000
-0.6493040434 -0.9402476734 -0.9812994376  2.0000000000
 1.4276050285 -0.0214950645  1.7130732618  2.0000000000
 1.0857017418 -0.1099821756  1.4706852690  2.0000000000
 0.4447751486 -0.2636802970  1.0753519972  2.0000000000
 0.1525933614 -0.3268137002  0.9198279734  2.0000000000
-0.1442705953 -0.3894483991  0.7636983336  2.0000000000
-0.2906283685 -0.7672522664 -0.3220186128  2.0000000000
-0.6509170226 -0.9581136122 -0.7976051074  2.0000000000
-0.7007809801 -0.9893158800 -0.8766182100  2.0000000000
-0.7522888531 -1.0209738163 -0.9550186461  2.0000000000
 0.2560437175 -0.3954454332  0.9377596955  2.0000000000
 0.1081825342 -0.4266137135  0.8588037205  2.0000000000
-0.0401503136 -0.4576530559  0.7805505218  2.0000000000
-0.0148570304 -0.5584829009  0.4331110922  2.0000000000
-0.4842961309 -0.9090341017 -0.4570330000  2.0000000000
-0.6147737158 -0.9730817018 -0.6150552549  2.0000000000
-0.6709508054 -1.0048515594 -0.6943220533  2.0000000000
-0.8464986754 -1.1003052930 -0.9299904298  2.0000000000
-0.9041540838 -1.1327860269 -1.0077703888  2.0000000000
-0.9341272823 -1.1616158007 -1.0869677963  2.0000000000
 1.6809053489 -0.1584947835  1.7490928109  2.0000000000
 1.0687481077 -0.3082203649  1.3401255141  2.0000000000
 0.9274641195 -0.3396294899  1.2637316965  2.0000000000
 0.7874412728 -0.3698710428  1.1878706406  2.0000000000
 0.6452872077 -0.4005960391  1.1107956760  2.0000000000
 0.5015965996 -0.4317074170  1.0333661066  2.0000000000
 0.0656315758 -0.5259835025  0.7977581424  2.0000000000
-0.1729843233 -0.8242876254 -0.0357443960  2.0000000000
-0.3169631495 -0.8889056759 -0.1955226534  2.0000000000
-0.5413949039 -0.9861991046 -0.4332116268  2.0000000000
-0.8814510218 -1.1472725805 -0.8267379122  2.0000000000
-0.9992362706 -1.2121619807 -0.9824993631  2.0000000000
-1.0897886008 -1.2490141579 -1.0584039800  2.0000000000
 1.6809019977 -0.2559891267  1.6871320615  2.0000000000
 1.5572692070 -0.2858074844  1.6055260600  2.0000000000
 1.0289734311 -0.4071376220  1.2826632153  2.0000000000
 0.8885040532 -0.4377955096  1.2062911458  2.0000000000
 0.7458605756 -0.4683931700  1.1288899317  2.0000000000
 0.6039508189 -0.4999221431  1.0507486020  2.0000000000
 0.3196131109 -0.5638176634  0.8937640792  2.0000000000
 0.1779145487 -0.5954030994  0.8148006046  2.0000000000
-0.0833412775 -0.8348511747  0.1480056756  2.0000000000
-0.4530150172 -0.9987662662 -0.2522993209  2.0000000000
-0.7549344906 -1.1290621951 -0.5670238832  2.0000000000
-1.0334273405 -1.2591196008 -0.8801744613  2.0000000000
-1.3847890857 -1.4044063662 -1.1840694115  2.0000000000
 1.8034855525 -0.3239595004  1.7054393184  2.0000000000
 1.5367893499 -0.3840883915  1.5434589946  2.0000000000
 1.1311410781 -0.4748631941  1.3016672336  2.0000000000
 0.9900805683 -0.5052874127  1.2252538059  2.0000000000
 0.0702749639 -0.7787040132  0.4931512011  2.0000000000
-0.0044040027 -0.8442872185  0.3314586578  2.0000000000
-0.2573200330 -0.9758908411  0.0099281160  2.0000000000
-0.7542840273 -1.1742993434 -0.4648504081  2.0000000000
-0.9096925998 -1.2403745017 -0.6210889174  2.0000000000
-1.1893675712 -1.3712363081 -0.9325145509  2.0000000000
 1.9275529944 -0.3918316366  1.7236111402  2.0000000000
 1.2369930584 -0.5436071800  1.3215038938  2.0000000000
 0.0938077034 -0.8518053981  0.5135960030  2.0000000000
-0.0181849480 -0.9186633933  0.3535892399  2.0000000000
-0.9827649579 -1.3185163375 -0.5970342403  2.0000000000
-1.0617725340 -1.3516932233 -0.6751236039  2.0000000000
-1.2239391148 -1.4190272115 -0.8305130787  2.0000000000
-1.6095485452 -1.5665727770 -1.1352574547  2.0000000000
 0.7777526208 -0.7395441073  1.0261360541  2.0000000000
 0.6415719664 -0.7713208367  0.9463135341  2.0000000000
 0.3722863074 -0.8345388803  0.7874147634  2.0000000000
 0.0598130073 -0.9583919108  0.4541841082  2.0000000000
-0.0676581525 -1.0252985786  0.2941230698  2.0000000000
-0.2524125594 -1.0941839732  0.1345857786  2.0000000000
-0.6195603075 -1.2301426554 -0.1825145112  2.0000000000
-0.7082254160 -1.2634041609 -0.2612523330  2.0000000000
-0.8828837539 -1.3294969185 -0.4175983525  2.0000000000
-0.9700916275 -1.3627967295 -0.4953679304  2.0000000000
-1.1594501060 -1.4321267207 -0.6508096877  2.0000000000
-1.3256577194 -1.4997710929 -0.8059749512  2.0000000000
 2.1617226029 -0.5275056338  1.7601723134  2.0000000000
 1.7292013430 -0.6192627605  1.5194749870  2.0000000000
 1.1634708412 -0.7445679645  1.2023790555  2.0000000000
 1.0240352621 -0.7769686482  1.1232392969  2.0000000000
 0.7482191492 -0.8403752826  0.9644930585  2.0000000000
 0.6042798475 -0.8725792964  0.8854439145  2.0000000000
 0.4882986433 -0.9044097914  0.8027116883  2.0000000000
 0.1528431879 -0.9979280338  0.5545362183  2.0000000000
-0.0671838762 -1.0991815302  0.3157623556  2.0000000000
-0.3914843943 -1.2051438736  0.0775723250  2.0000000000
-1.8330242631 -1.7286940187 -1.0866987990  2.0000000000
 2.4280926204 -0.5646529358  1.8580792106  2.0000000000
 1.6987685077 -0.7183329200  1.4584875582  2.0000000000
 1.5548026704 -0.7497828101  1.3792795604  2.0000000000
 0.1022158880 -1.1051184753  0.4962770091  2.0000000000
-0.6325595652 -1.3502967823 -0.0583758803  2.0000000000
-0.8606445145 -1.4210212317 -0.2150476847  2.0000000000
-1.5438350265 -1.6629319673 -0.7568928758  2.0000000000
-1.9445684966 -1.8095900685 -1.0624523728  2.0000000000
 2.5464335335 -0.6324441701  1.8769509819  2.0000000000
 1.9499196524 -0.7553964619  1.5566276819  2.0000000000
 1.6624102205 -0.8180597048  1.3983410305  2.0000000000
 1.2324131166 -0.9144614690  1.1613229507  2.0000000000
 1.0894834295 -0.9465242278  1.0822005410  2.0000000000
 0.1705947499 -1.1768665355  0.5171445187  2.0000000000
 0.0183405465 -1.2135196003  0.4381900338  2.0000000000
-0.4566483758 -1.3566319278  0.1214147397  2.0000000000
-0.7041881445 -1.4285585546 -0.0358589608  2.0000000000
-1.4525562425 -1.6742264888 -0.5795343336  2.0000000000
-1.6479220961 -1.7443098081 -0.7327768846  2.0000000000
-1.9530393963 -1.8538406614 -0.9623138563  2.0000000000
 2.2130410063 -0.7929402075  1.6565741370  2.0000000000
 1.4846557267 -0.9509901274  1.2595049386  2.0000000000
 1.3362007166 -0.9836546487  1.1802043652  2.0000000000
 0.5970700979 -1.1493984357  0.7817739330  2.0000000000
-0.7641633962 -1.5061178372 -0.0135738345  2.0000000000
-1.1445380780 -1.6154792992 -0.2473082665  2.0000000000
-1.2433601458 -1.6510473392 -0.3239569939  2.0000000000
-1.4543974276 -1.7209587313 -0.4782133879  2.0000000000
 2.0364527252 -0.9233991312  1.5167556256  2.0000000000
 1.2896375729 -1.0856543163  1.1198257291  2.0000000000
 0.9887329878 -1.1522095201  0.9604088914  2.0000000000
 0.8401455809 -1.1860214888  0.8807006528  2.0000000000
 0.6875356251 -1.2202145278  0.8010786611  2.0000000000
 0.0824580111 -1.3596028526  0.4806922324  2.0000000000
-0.2384459090 -1.4341491967  0.3229163606  2.0000000000
-0.6648287501 -1.5450309288  0.0869162387  2.0000000000
-1.1194973041 -1.6590493701 -0.1479131679  2.0000000000
-1.4528344199 -1.7660376065 -0.3789248089  2.0000000000
-1.8690382008 -1.9070645769 -0.6851822637  2.0000000000
 2.8900724758 -0.8343524572  1.9319121199  2.0000000000
 1.7019382443 -1.0884650872  1.2980424890  2.0000000000
 1.2375113597 -1.1877123512  1.0590094145  2.0000000000
 0.4789874094 -1.3572663224  0.6597681943  2.0000000000
-0.2513621375 -1.5084296342  0.3443319163  2.0000000000
-1.3352867452 -1.7749745256 -0.2033477648  2.0000000000
-1.4465866204 -1.8108261202 -0.2797984992  2.0000000000
-1.6678922570 -1.8825765909 -0.4323909048  2.0000000000
-2.2818495079 -2.0957612378 -0.8905572498  2.0000000000
 2.5646401347 -0.9967270291  1.7144011733  2.0000000000
 2.2688299190 -1.0602135586  1.5560857131  2.0000000000
 1.9677221223 -1.1239255252  1.3972951724  2.0000000000
 1.3313593962 -1.2560509478  1.0774610267  2.0000000000
 1.1748533904 -1.2897166543  0.9980026972  2.0000000000
 0.8654335017 -1.3580079985  0.8387612150  2.0000000000
 0.5443986039 -1.4269708828  0.6797931757  2.0000000000
-0.2114507595 -1.5805333965  0.3655174273  2.0000000000
-0.6108973754 -1.6601161294  0.2087957365  2.0000000000
-1.3149518812 -1.8174305577 -0.1047660455  2.0000000000
-1.4322625516 -1.8538727070 -0.1815319244  2.0000000000
-1.8791777324 -1.9979329892 -0.4856655275  2.0000000000
-1.9855192349 -2.0341251653 -0.5619465734  2.0000000000
-2.2895406584 -2.1405474360 -0.7905873503  2.0000000000
