-1.149300856  1.532980343  0.312840325  1.000000000
-1.165788659  1.534651185  0.312874746  1.000000000
-1.168895819  1.534943628  0.312880662  1.000000000
-1.181851786  1.536279531  0.312908294  1.000000000
-1.189857365  1.537034182  0.312923566  1.000000000
-1.189927792  1.536996454  0.312922578  1.000000000
-1.205525970  1.538633105  0.312956558  1.000000000
-1.209047339  1.538966670  0.312963317  1.000000000
-1.229638043  1.541019524  0.313005445  1.000000000
-1.231627444  1.541169633  0.313008297  1.000000000
-1.235914795  1.541716462  0.313020098  1.000000000
-1.241234753  1.542231046  0.313030580  1.000000000
-1.248726815  1.542942875  0.313045012  1.000000000
-1.265355256  1.544628960  0.313079750  1.000000000
-1.270668298  1.545119665  0.313089634  1.000000000
-1.275017203  1.545633636  0.313100567  1.000000000
-1.278400701  1.545963161  0.313107291  1.000000000
-1.284121603  1.546519464  0.313118637  1.000000000
-1.289138441  1.546993496  0.313128239  1.000000000
-1.292538247  1.547287931  0.313134076  1.000000000
-1.310308020  1.549106645  0.313171616  1.000000000
-1.316229576  1.549761387  0.313185358  1.000000000
-1.325966795  1.550714014  0.313204817  1.000000000
-1.329661236  1.551063604  0.313211904  1.000000000
-1.333044709  1.551356476  0.313217715  1.000000000
-1.349245375  1.553042241  0.313252627  1.000000000
-1.350663599  1.553165925  0.313255084  1.000000000
-1.351516730  1.553230884  0.313256329  1.000000000
-1.352958900  1.553355637  0.313258806  1.000000000
-1.364627047  1.554594177  0.313284560  1.000000000
-1.371632853  1.555287905  0.313298772  1.000000000
-1.370922275  1.555215764  0.313297286  1.000000000
-1.392221909  1.557351041  0.313341158  1.000000000
-1.392053795  1.557318257  0.313340417  1.000000000
-1.392172832  1.557310401  0.313340170  1.000000000
-0.992784807  0.992523106  0.573481479  2.000000000
-0.881706508  1.041254540  0.530703150  2.000000000
-0.822157621  1.066366307  0.508296102  2.000000000
-0.706181538  1.119508347  0.462448471  2.000000000
-0.648182950  1.146822936  0.439136518  2.000000000
-0.590233939  1.174496574  0.415643659  2.000000000
-0.474450215  1.232449357  0.367318194  2.000000000
 0.708689596  1.296715453  0.126876079  2.000000000
 2.366337392  1.378105050 -0.214751779  2.000000000
 3.868715443  1.451466640 -0.525105602  2.000000000
 3.559808869  1.342423491 -0.537409084  2.000000000
 3.409542466  1.289354126 -0.543380880  2.000000000
 3.271329854  1.232587488 -0.553648312  2.000000000
 2.801640698  1.090730715 -0.557488873  2.000000000
 2.375590364  0.870330061 -0.616626920  2.000000000
 2.164490088  0.745258323 -0.658310228  2.000000000
-0.904968153  0.965988390  0.573550580  2.000000000
-0.844119332  0.988438975  0.552327458  2.000000000
-0.683417698  1.058277855  0.490653800  2.000000000
-0.452759749  1.175923524  0.393242355  2.000000000
-0.329412051  1.257671342  0.331285131  2.000000000
 1.201680928  1.339676313  0.016330327  2.000000000
 3.302010987  1.380977171 -0.471409903  2.000000000
 2.718729051  1.057479158 -0.565425465  2.000000000
 2.500089182  0.935182953 -0.601251656  2.000000000
 2.280530665  0.822259679 -0.631247201  2.000000000
 2.156526550  0.743663278 -0.658288885  2.000000000
-0.864682471  0.912530846  0.595086584  2.000000000
-0.756496870  0.966503916  0.550029083  2.000000000
-0.429665853  1.119270362  0.418988266  2.000000000
-0.369101074  1.161002257  0.387747100  2.000000000
-0.246712803  1.250124802  0.322109398  2.000000000
 0.201641752  1.292838993  0.221367017  2.000000000
 0.506424195  1.319004571  0.153201696  2.000000000
 3.303160842  1.481975096 -0.412134851  2.000000000
 3.094969886  1.423133750 -0.411803905  2.000000000
 2.560408146  1.043812300 -0.548420608  2.000000000
 2.185750089  0.776275377 -0.644840674  2.000000000
 2.133248622  0.738164270 -0.658737544  2.000000000
 2.143159982  0.741058081 -0.658250879  2.000000000
 2.146402403  0.741658585 -0.658261058  2.000000000
 2.148647331  0.742074352 -0.658268092  2.000000000
 2.148898872  0.742120795 -0.658268869  2.000000000
-0.825311910  0.859139462  0.616730622  2.000000000
-0.583261948  0.959919756  0.525951638  2.000000000
-0.468301969  1.020957155  0.476142550  2.000000000
-0.257991149  1.258136042  0.321928832  2.000000000
 0.373053070  1.352573742  0.161530521  2.000000000
 2.922060112  1.468158170 -0.356247593  2.000000000
 2.442053455  1.346685052 -0.347184264  2.000000000
 2.398529839  1.243908231 -0.401416571  2.000000000
 2.159298710  1.109732981 -0.441021612  2.000000000
 2.102194757  0.739679309 -0.654818156  2.000000000
 2.044953218  0.696486135 -0.670814028  2.000000000
 2.140232232  0.740390108 -0.658245481  2.000000000
-0.864320218  0.836578486  0.634187926  2.000000000
-0.826808529  0.822751720  0.635712064  2.000000000
-0.784431876  0.805070796  0.638496267  2.000000000
-0.618842763  0.864780865  0.580966431  2.000000000
-0.505314595  0.925911182  0.531330140  2.000000000
-0.449256958  0.958699778  0.505469952  2.000000000
-0.433474364  1.176407564  0.395261326  2.000000000
-0.223302204  1.328470249  0.281974852  2.000000000
-0.052147494  1.359907537  0.235693045  2.000000000
 2.091844316  0.775372735 -0.633585739  2.000000000
 1.841774224  0.570845428 -0.713599411  2.000000000
-0.703274261  0.733679792  0.663174253  2.000000000
-0.518165104  1.079795796  0.459832247  2.000000000
-0.813390424  1.303925341  0.401482554  2.000000000
-0.631576260  1.335054482  0.353398185  2.000000000
-0.305097073  1.397804889  0.263802027  2.000000000
 1.443860913  1.345530675 -0.179475830  2.000000000
 1.477528492  1.110689710 -0.326112497  2.000000000
 1.623134055  1.023885345 -0.409017862  2.000000000
 1.719024269  0.862903924 -0.520425876  2.000000000
 1.705440788  0.545016001 -0.708098563  2.000000000
 1.649500111  0.478218072 -0.738782058  2.000000000
 1.697691886  0.474078722 -0.748989228  2.000000000
 1.820073826  0.517462293 -0.742018943  2.000000000
-0.752170153  0.725555943  0.674665838  2.000000000
-0.621175578  0.674451175  0.681251180  2.000000000
-0.520661742  0.764149334  0.617756825  2.000000000
-0.465496339  0.957015105  0.513029293  2.000000000
-0.710434920  1.117363669  0.477174265  2.000000000
-0.630524359  1.415848652  0.314614334  2.000000000
-0.614877623  1.430298736  0.304875566  2.000000000
 1.147285584  1.275853877 -0.180968787  2.000000000
 1.290554313  1.190014422 -0.263197419  2.000000000
 1.540475653  0.648677932 -0.620135460  2.000000000
 1.588401355  0.382020966 -0.787144471  2.000000000
 1.646147895  0.401363773 -0.784531811  2.000000000
-0.581681148  0.595915041  0.716218153  2.000000000
-0.924093765  1.450913568  0.351496975  2.000000000
 0.441600030  1.345732124 -0.010079852  2.000000000
 0.774232898  1.307473207 -0.105534159  2.000000000
 1.101374294  1.270116886 -0.199708188  2.000000000
 1.356519115  0.434737166 -0.718809559  2.000000000
 1.321665335  0.328628882 -0.776581504  2.000000000
 1.214820221  0.221216899 -0.823557156  2.000000000
 1.031053058  0.077163596 -0.880167480  2.000000000
-0.580688846  0.503367160  0.764645549  2.000000000
-0.478820764  0.632475288  0.679551376  2.000000000
-0.577511043  0.758061166  0.634877947  2.000000000
-0.960822038  1.247576383  0.460443265  2.000000000
-1.223690705  1.477990780  0.393276004  2.000000000
-1.220844539  1.477037461  0.393216359  2.000000000
-0.344218008  1.396779435  0.166986650  2.000000000
 1.160125680  1.292162129 -0.225227596  2.000000000
 0.940779437  0.009466544 -0.906494298  2.000000000
 0.759595809 -0.132648793 -0.962350890  2.000000000
 1.302663073  0.171870975 -0.868619737  2.000000000
-0.505082578  0.625702223  0.689636375  2.000000000
-0.548648235  0.687841516  0.666244138  2.000000000
-0.655873945  0.823746647  0.618016571  2.000000000
-0.822699116  1.040053384  0.540320895  2.000000000
-1.093738421  1.223563625  0.497738879  2.000000000
-1.519837408  1.500781542  0.436470961  2.000000000
 0.641993334  1.375227554 -0.083458523  2.000000000
 1.224661438  1.313130790 -0.252333368  2.000000000
 1.009478796  0.113481044 -0.855859365  2.000000000
 0.667263095 -0.201996440 -0.989329688  2.000000000
 1.132231196  0.058024401 -0.910331213  2.000000000
-0.397463949  0.203377849  0.898621580  2.000000000
-0.460163243  0.363721547  0.818846506  2.000000000
-0.632410459  0.763014161  0.645513812  2.000000000
 0.718277756  1.394112705 -0.113742955  2.000000000
 1.007462034  1.363274292 -0.197545241  2.000000000
 0.863573307  0.004867584 -0.897772459  2.000000000
 0.854451963 -0.127663571 -0.978364344  2.000000000
-0.348844690  0.123807088  0.934258699  2.000000000
-0.429792924  0.423047017  0.782168099  2.000000000
-0.462194276  0.486596498  0.755303772  2.000000000
-0.494623812  0.549350502  0.728849397  2.000000000
-0.607516155  0.698832996  0.674556936  2.000000000
-0.719298224  0.845793002  0.621385432  2.000000000
-1.107282165  1.528687509  0.312751728  2.000000000
-0.432524757  1.486763114  0.150626961  2.000000000
 0.477055140 -0.345016893 -1.044985376  2.000000000
 0.684977430 -0.240850844 -1.019834482  2.000000000
-0.299500423  0.043018593  0.970480203  2.000000000
-0.378686753  0.290386176  0.842215439  2.000000000
 0.560893820 -0.213769338 -0.980694986  2.000000000
 0.514837706 -0.354464988 -1.061461141  2.000000000
 0.517825059 -0.352474037 -1.060731635  2.000000000
-0.299475870  0.065183873  0.952306659  2.000000000
-0.350451887  0.220236891  0.873907835  2.000000000
-0.441013235  0.412099278  0.790915551  2.000000000
 0.032641492  0.386264329 -0.554838955  2.000000000
 0.284172303  0.343991232 -0.636874028  2.000000000
-0.299851458  0.088731805  0.933419412  2.000000000
-0.345779575  0.213068743  0.877069174  2.000000000
 0.019239369 -0.694775758 -1.181611781  2.000000000
-0.127702801 -0.249359874  1.105666718  2.000000000
-0.271155951  0.018035840  0.965316303  2.000000000
-0.386581931  0.274881764  0.852898291  2.000000000
-0.048071194 -0.701840001 -1.175740414  2.000000000
-0.024910016 -0.699560439 -1.179284809  2.000000000
-0.012078910 -0.698288382 -1.183118862  2.000000000
 0.002076439 -0.696869629 -1.186913862  2.000000000
 0.229234033 -0.513648482 -1.124006043  2.000000000
-0.136558934 -0.230405228  1.095829884  2.000000000
-0.164608748 -0.178009191  1.068332345  2.000000000
-0.193445643 -0.124252726  1.040117710  2.000000000
-0.170709568 -0.714234015 -1.160092036  2.000000000
-0.126615069 -0.709974319 -1.164745922  2.000000000
-0.066808708 -0.704169584 -1.172320971  2.000000000
-0.029473552 -0.700410716 -1.188499898  2.000000000
-0.115002360 -0.267721596  1.115548673  2.000000000
-0.231730666 -0.070309573  1.004895400  2.000000000
-0.188389385 -0.716413093 -1.158376663  2.000000000
-0.086583254 -0.706606999 -1.168864949  2.000000000
-0.057736668 -0.703812195 -1.172566511  2.000000000
-0.029660727 -0.700972292 -1.184656185  2.000000000
-0.066777116 -0.704460797 -1.194593424  2.000000000
-0.079129753 -0.331759470  1.149295907  2.000000000
-0.076542920 -0.706170184 -1.169270975  2.000000000
-0.048576097 -0.703447903 -1.172843244  2.000000000
-0.030100847 -0.701567114 -1.180864490  2.000000000
-0.049167255 -0.384764340  1.177250463  2.000000000
-0.101845961 -0.286814235  1.125832794  2.000000000
-0.192089160 -0.159294892  1.044768121  2.000000000
-0.260880900 -0.724415981 -1.151113035  2.000000000
-0.249277300 -0.723146626 -1.152435139  2.000000000
-0.066573863 -0.705737786 -1.169653286  2.000000000
-0.039323602 -0.703074539 -1.173143496  2.000000000
-0.114874560 -0.710275001 -1.194711839  2.000000000
-0.125104799 -0.711146228 -1.198678693  2.000000000
-0.015778292 -0.444142956  1.208556449  2.000000000
-0.291250137 -0.727775027 -1.148151878  2.000000000
-0.057193918 -0.705338020 -1.169994279  2.000000000
-0.152279710 -0.714484488 -1.197759531  2.000000000
-0.161952501 -0.715093905 -1.204182684  2.000000000
 0.016867107 -0.502147557  1.239141909  2.000000000
-0.346412685 -0.733860859 -1.142537803  2.000000000
-0.321866123 -0.731160814 -1.145172595  2.000000000
-0.150243703 -0.714950606 -1.186185015  2.000000000
 0.050005549 -0.561038733  1.270199882  2.000000000
-0.060193729 -0.453534782  1.174925443  2.000000000
-0.217917855 -0.722143082 -1.199994129  2.000000000
-0.382518762 -0.737864630 -1.139206118  2.000000000
 0.108889768 -0.665621442  1.325320009  2.000000000
 0.118358609 -0.682500127  1.334272051  2.000000000
 0.123911197 -0.692390474  1.339515640  2.000000000
 0.103591049 -0.741650663  1.299665879  2.000000000
-0.423820977 -0.742422428 -1.135022749  2.000000000
-0.412814019 -0.741212845 -1.136224401  2.000000000
-0.337214516 -0.734627453 -1.201610892  2.000000000
-0.311756223 -0.732527682 -1.212398993  2.000000000
-0.299029588 -0.731669512 -1.217202369  2.000000000
 0.144485312 -0.728881989  1.358697565  2.000000000
 0.302965221 -1.030035260  1.421757474  2.000000000
 0.427685807 -1.181540937  1.484343339  2.000000000
 0.673803445 -1.479073646  1.607167448  2.000000000
-0.391132402 -0.740530152 -1.213674636  2.000000000
-0.364885413 -0.738252274 -1.217594929  2.000000000
-0.354041874 -0.737356135 -1.219743421  2.000000000
 0.186257381 -0.803144052  1.397913461  2.000000000
 0.501403434 -1.317273983  1.543371315  2.000000000
-0.462876242 -0.746753591 -1.131435702  2.000000000
-0.402863067 -0.742620003 -1.224558953  2.000000000
 0.347706013 -1.170911260  1.485500812  2.000000000
 0.575915431 -1.453712133  1.602676817  2.000000000
 0.925632781 -1.890382492  1.783784593  2.000000000
-0.495884128 -0.750959648 -1.144143344  2.000000000
-0.510283051 -0.752651574 -1.180237046  2.000000000
-0.524151156 -0.754291774 -1.216248060  2.000000000
-0.538629330 -0.755985550 -1.251732604  2.000000000
 0.138633943 -0.660283996  1.375361575  2.000000000
 0.248848751 -0.914327948  1.456546375  2.000000000
 0.651288251 -1.591593957  1.662603236  2.000000000
 0.865191616 -1.879041092  1.783037691  2.000000000
 1.078737501 -1.918283884  1.785769467  2.000000000
-0.484437481 -0.747429791 -0.909406243  2.000000000
-0.543989233 -0.755900711 -1.183064964  2.000000000
-0.558493070 -0.757597163 -1.218559516  2.000000000
-0.572349543 -0.759235871 -1.254565008  2.000000000
 0.911734637 -1.887354472  1.783660025  2.000000000
 1.021010588 -1.907430473  1.785058505  2.000000000
 1.127758194 -1.927052445  1.786423472  2.000000000
-0.885911740  0.325927562 -0.138504896  2.000000000
-0.519718112 -0.752138705 -1.026578793  2.000000000
-0.535380131 -0.754584298 -1.118937618  2.000000000
-0.548648982 -0.756227516 -1.159022551  2.000000000
-0.606248136 -0.762505768 -1.257719617  2.000000000
-0.635744836 -0.765569788 -1.291206436  2.000000000
-0.665095524 -0.768617094 -1.324126498  2.000000000
 0.156317067 -0.663512163  1.402823865  2.000000000
 0.666103252 -1.841846338  1.780422322  2.000000000
 0.710567085 -1.850054472  1.781019367  2.000000000
 0.756704556 -1.858566528  1.781640805  2.000000000
 0.802731135 -1.867059645  1.782260371  2.000000000
 0.848643301 -1.875532768  1.782878198  2.000000000
 1.177628510 -1.935979331  1.787088084  2.000000000
-0.496531250 -0.748240712 -0.838359736  2.000000000
-0.512677063 -0.750709306 -0.929912124  2.000000000
-0.539307224 -0.754397217 -1.051255239  2.000000000
-0.605775049 -0.762269712 -1.228400209  2.000000000
-0.651419694 -0.767164525 -1.295813685  2.000000000
-0.680646724 -0.770198896 -1.328596111  2.000000000
 0.163969511 -0.665987598  1.413254895  2.000000000
 0.162599634 -0.666830915  1.409654731  2.000000000
 0.694589389 -1.846910235  1.780878855  2.000000000
 0.740435350 -1.855378700  1.781492391  2.000000000
 0.785787893 -1.863752826  1.782100626  2.000000000
 0.831441289 -1.872186400  1.782711802  2.000000000
 1.127185669 -1.926475121  1.786469074  2.000000000
 1.228255745 -1.945041043  1.787762846  2.000000000
-0.494528462 -0.747530579 -0.772518762  2.000000000
-0.541940445 -0.754574565 -1.014225428  2.000000000
-0.577371495 -0.759020246 -1.145868365  2.000000000
-0.645037030 -0.766391889 -1.267458637  2.000000000
-0.685574981 -0.770670863 -1.312997587  2.000000000
 0.172876444 -0.667565272  1.427155052  2.000000000
 0.169832972 -0.669092466  1.419623586  2.000000000
 0.678893938 -1.843815018  1.780743374  2.000000000
 0.724308119 -1.852211930  1.781348073  2.000000000
-0.452853666 -0.741079254 -0.551882781  2.000000000
-0.491840602 -0.746732333 -0.705054662  2.000000000
-0.526738744 -0.752003985 -0.894135863  2.000000000
-0.586458404 -0.759897025 -1.131022014  2.000000000
-0.610284583 -0.762580071 -1.187590247  2.000000000
-0.684355697 -0.770518640 -1.306348402  2.000000000
 0.181872880 -0.669145800  1.441213433  2.000000000
 0.663824505 -1.840847953  1.780611551  2.000000000
-0.440747300 -0.739103258 -0.501373492  2.000000000
-0.479880287 -0.744773537 -0.655071154  2.000000000
-0.629174108 -0.764678999 -1.206592150  2.000000000
-0.643176031 -0.766138298 -1.229343211  2.000000000
-0.674153391 -0.769406331 -1.279233897  2.000000000
-0.709623953 -0.773105403 -1.316343921  2.000000000
 0.079127912 -0.657658779  1.319724976  2.000000000
 0.068682161 -0.655838341  1.312348354  2.000000000
 0.048004126 -0.652120951  1.298466116  2.000000000
-0.447806156 -0.739894267 -0.526004520  2.000000000
-0.488425944 -0.745803459 -0.685816772  2.000000000
-0.530805019 -0.751978844 -0.852562900  2.000000000
-0.601003230 -0.762046001 -1.130459655  2.000000000
-0.599642354 -0.761577203 -1.128064944  2.000000000
-0.623040089 -0.764126140 -1.178567142  2.000000000
-0.634858266 -0.765414655 -1.203963824  2.000000000
-0.659079259 -0.767887012 -1.243818811  2.000000000
-0.682874313 -0.770293401 -1.279897453  2.000000000
 0.199822666 -0.672244140  1.469342592  2.000000000
 0.140193419 -0.668093323  1.366743706  2.000000000
 0.097046885 -0.662392465  1.320819938  2.000000000
 0.087422857 -0.660880225  1.314432226  2.000000000
 0.066045483 -0.657513826  1.297071880  2.000000000
 0.055656665 -0.655524003  1.290865979  2.000000000
 0.045429726 -0.653627330  1.284364978  2.000000000
-0.416367685 -0.735117183 -0.399579175  2.000000000
-0.475714977 -0.743732049 -0.632829782  2.000000000
-0.577014675 -0.758357307 -0.992915534  2.000000000
-0.733249755 -0.775494221 -1.319354652  2.000000000
 0.213332487 -0.674350767  1.490848421  2.000000000
 0.130545681 -0.668166575  1.349063733  2.000000000
 0.115294064 -0.667091808  1.322877008  2.000000000
-0.422566043 -0.735781508 -0.420805787  2.000000000
-0.650739128 -0.768704309 -1.229680446  2.000000000
-0.618722107 -0.763849594 -1.162588196  2.000000000
-0.695535615 -0.771526050 -1.274424342  2.000000000
-0.745758598 -0.776760471 -1.321402885  2.000000000
 0.222124725 -0.675891796  1.504591349  2.000000000
 0.151944102 -0.670874377  1.384027381  2.000000000
 0.120780618 -0.668489728  1.330791883  2.000000000
 0.086628158 -0.664204493  1.296745202  2.000000000
 0.071031031 -0.662972895  1.271742235  2.000000000
-0.409596153 -0.733670667 -0.366789300  2.000000000
-0.429072477 -0.736496078 -0.443320341  2.000000000
-0.611441604 -0.762724111 -1.063406330  2.000000000
-0.667572460 -0.770819894 -1.262440487  2.000000000
-0.676423317 -0.769518514 -1.241547536  2.000000000
-0.702072093 -0.772163259 -1.271834379  2.000000000
-0.744972067 -0.776638352 -1.311140053  2.000000000
 0.173958102 -0.673474658  1.420299164  2.000000000
 0.104324244 -0.666881946  1.321100756  2.000000000
 0.083752722 -0.666089315  1.279708272  2.000000000
-0.086429243 -0.686273734  0.744194860  2.000000000
-0.684239991 -0.772922328 -1.295553508  2.000000000
-0.627656240 -0.764475202 -1.175940720  2.000000000
-0.645263623 -0.766307505 -1.192950462  2.000000000
-0.669486772 -0.768753402 -1.225200584  2.000000000
 0.147082514 -0.672543105  1.372671488  2.000000000
 0.058694832 -0.667348395  1.215795606  2.000000000
-0.025177933 -0.678440219  0.941683154  2.000000000
-0.066921931 -0.683938917  0.805496886  2.000000000
-0.108289658 -0.689390589  0.670507419  2.000000000
-0.402188034 -0.732127612 -0.331454907  2.000000000
-0.507502403 -0.747280041 -0.683805428  2.000000000
-0.673369206 -0.771050698 -1.230836887  2.000000000
-0.606512967 -0.762122603 -1.157876530  2.000000000
-0.658692486 -0.767560086 -1.208168058  2.000000000
-0.715071056 -0.773433381 -1.266509208  2.000000000
 0.237705213 -0.679908424  1.527019867  2.000000000
 0.102173750 -0.670584303  1.295432644  2.000000000
 0.025217433 -0.671044449  1.114387008  2.000000000
-0.276550879 -0.713801279  0.097673837  2.000000000
-0.539562152 -0.751577850 -0.764492598  2.000000000
-0.618818122 -0.763254472 -1.172068994  2.000000000
-0.636319258 -0.765080584 -1.188900763  2.000000000
-0.683744949 -0.770104106 -1.225647913  2.000000000
-0.784581610 -0.780652125 -1.318902356  2.000000000
 0.191885970 -0.677743150  1.446634666  2.000000000
 0.157540211 -0.675423014  1.387416885  2.000000000
 0.123123803 -0.673177334  1.327942142  2.000000000
 0.033429044 -0.669203345  1.149493037  2.000000000
-0.007818913 -0.674656769  1.014707260  2.000000000
-0.152394647 -0.695688478  0.521746511  2.000000000
-0.297404279 -0.716777940  0.027352103  2.000000000
-0.571973792 -0.755903981 -0.844475139  2.000000000
-0.679411296 -0.771320150 -1.200415369  2.000000000
-0.596953644 -0.760830555 -1.153250117  2.000000000
-0.613970346 -0.762601597 -1.169686281  2.000000000
-0.712802072 -0.773091732 -1.243945843  2.000000000
-0.730462331 -0.774943447 -1.259811849  2.000000000
-0.780878379 -0.780221759 -1.306153489  2.000000000
