-0.1644282957 -0.4074133100 -0.2753047578  1.0000000000
-0.1899483974 -0.2555836929 -0.4211076323  1.0000000000
-0.1152351764 -0.3456997898 -0.2587933580  1.0000000000
-0.2187081922 -0.1055855725 -0.5678734643  1.0000000000
-0.0271550702 -0.3317053948 -0.1623016064  1.0000000000
 0.0565176790 -0.4330082149 -0.0069674879  1.0000000000
-0.0856054186 -0.1293195402 -0.3891680934  1.0000000000
-0.0175052065 -0.2199995628 -0.2241346779  1.0000000000
 0.0590791023 -0.2025110341 -0.1220822066  1.0000000000
 0.1492592160 -0.3457565772  0.1269633899  1.0000000000
-0.0229272831  0.1916871929 -0.7193175819  1.0000000000
-0.0085851482  0.0943362961 -0.5362967435  1.0000000000
 0.0828883149 -0.0921135986 -0.1894944933  1.0000000000
 0.0875869638  0.0649198580 -0.3455609532  1.0000000000
 0.1755650996 -0.1216421908  0.0022462864  1.0000000000
 0.1132591075  0.3241981242 -0.6986615579  1.0000000000
 0.1164450561  0.2748949075 -0.6053837458  1.0000000000
 0.1290078578  0.1770988360 -0.4201914862  1.0000000000
 0.1808409852  0.0357524544 -0.1538165549  1.0000000000
 0.2503389453 -0.1491085166  0.2034956090  1.0000000000
 0.2436791187  0.0531887407 -0.0454432708  1.0000000000
 0.2488500683  0.4576844066 -0.6791161431  1.0000000000
 0.2454179878  0.3054919939 -0.3917820311  1.0000000000
 0.2680739640  0.2105702013 -0.2098444690  1.0000000000
 0.3215062103 -0.0192274490  0.2524119540  1.0000000000
 0.3075040263  0.3212698359 -0.2840302255  1.0000000000
 0.3255405088  0.2270309137 -0.0995560647  1.0000000000
 0.3420280334  0.1348542796  0.0877865328  1.0000000000
 0.3528124164  0.0460472363  0.2821285923  1.0000000000
 0.3553528715  0.4819947304 -0.4573049008  1.0000000000
 0.3604917612  0.3845953105 -0.2687372001  1.0000000000
 0.3653750940  0.3368649942 -0.1749366709  1.0000000000
 0.4096891383  0.4474139594 -0.2515752286  1.0000000000
 0.4177887946  0.3520969379 -0.0633695026  1.0000000000
 0.4264942845  0.2578092766  0.1256230192  1.0000000000
-3.1190103496 -0.3840542643 -1.4566297671  2.0000000000
-2.8550963549 -0.4795789172 -1.3535028084  2.0000000000
-2.7169678664 -0.5285618153 -1.3006255714  2.0000000000
-2.4426383236 -0.6289497892 -1.1937982050  2.0000000000
-2.3096906523 -0.6783132326 -1.1401194504  2.0000000000
-2.1758227864 -0.7281656434 -1.0865504642  2.0000000000
-1.9080413157 -0.8280474003 -0.9791653759  2.0000000000
-0.9935478801 -1.1182282831 -0.7567886495  2.0000000000
-0.3795710644 -1.3529456329 -0.5603292585  2.0000000000
 0.0383782707 -1.5284856237 -0.4039981210  2.0000000000
 0.3086247886 -1.6443887646 -0.3038411282  2.0000000000
 0.4427370913 -1.7020952311 -0.2535236838  2.0000000000
 0.5813640534 -1.7619714031 -0.2044307302  2.0000000000
 0.9990864825 -1.9421894822 -0.0581145021  2.0000000000
 1.6374087950 -2.2135469912  0.1204681666  2.0000000000
 2.0492483672 -2.4080236208  0.2586382995  2.0000000000
-2.8418306956 -0.3848903736 -1.4032373916  2.0000000000
-2.6977560718 -0.4337916271 -1.3487510890  2.0000000000
-2.3084297713 -0.5795131874 -1.1886991326  2.0000000000
-1.7837309743 -0.7769612988 -0.9738296366  2.0000000000
-1.5161255332 -0.8780651507 -0.8663571052  2.0000000000
-0.6698864400 -1.1694392789 -0.6313202125  2.0000000000
 0.1580638447 -1.5142337240 -0.3181998823  2.0000000000
 0.8243134941 -1.8057245330 -0.0663675915  2.0000000000
 1.1060142146 -1.9291500308  0.0299140856  2.0000000000
 1.4072954204 -2.0600512164  0.1219423966  2.0000000000
 1.9556192727 -2.3168954420  0.3080133399  2.0000000000
-2.6766243165 -0.3389388138 -1.3980704396  2.0000000000
-2.4194352949 -0.4373055230 -1.2911840225  2.0000000000
-1.6591444302 -0.7249464333 -0.9684217149  2.0000000000
-1.5262960308 -0.7767914766 -0.9145116804  2.0000000000
-1.2602636588 -0.8795186166 -0.8060980390  2.0000000000
-0.9427880556 -0.9912691311 -0.7070279902  2.0000000000
-0.8009257160 -1.0460625500 -0.6541884741  2.0000000000
-0.1250963738 -1.3288554909 -0.3861280502  2.0000000000
 0.0108935783 -1.3860647910 -0.3340744732  2.0000000000
 0.6569202498 -1.6697186917 -0.0760842747  2.0000000000
 1.1989830072 -1.9118070933  0.1205769163  2.0000000000
 1.3414394498 -1.9753970229  0.1676878141  2.0000000000
 1.5973371698 -2.0978978581  0.2641331616  2.0000000000
 1.7277720135 -2.1598946783  0.3119285589  2.0000000000
 1.8577783977 -2.2220491939  0.3589236022  2.0000000000
 1.9855098992 -2.2823609460  0.4064740201  2.0000000000
-2.5176257665 -0.2918417941 -1.3933901083  2.0000000000
-1.9194489443 -0.5252282840 -1.1249417531  2.0000000000
-1.6651189858 -0.6232271164 -1.0169474238  2.0000000000
-1.0428490357 -0.8752025019 -0.7380422721  2.0000000000
-0.6463887828 -1.0349182949 -0.5733674799  2.0000000000
-0.1314083360 -1.2595921446 -0.3504823792  2.0000000000
 0.1327555438 -1.3707456774 -0.2476552648  2.0000000000
 0.2554957088 -1.4258459782 -0.1942770256  2.0000000000
 0.5044155466 -1.5377490081 -0.0891605272  2.0000000000
 1.0130475069 -1.7696079571  0.1155165506  2.0000000000
 1.1430488104 -1.8293007013  0.1652048816  2.0000000000
 1.7597875581 -2.1266142544  0.4107293524  2.0000000000
-2.5696949843 -0.1616822170 -1.4869212327  2.0000000000
-2.4710549530 -0.2022565480 -1.4398744010  2.0000000000
-2.3657770805 -0.2436410812 -1.3902340476  2.0000000000
-1.9080286541 -0.4261384315 -1.1751438726  2.0000000000
-1.6697627903 -0.5207452840 -1.0653885689  2.0000000000
-1.5471306019 -0.5691155815 -1.0115480629  2.0000000000
-1.1097649608 -0.7623940388 -0.7761584007  2.0000000000
-0.7345685068 -0.9195281619 -0.6065567272  2.0000000000
-0.6309953332 -0.9687010621 -0.5450334612  2.0000000000
 0.7139510733 -1.5736361607  0.0563306054  2.0000000000
 1.1962088765 -1.8012755412  0.2616533580  2.0000000000
-2.1069954747 -0.2375540060 -1.3362655255  2.0000000000
-1.1337304588 -0.6555871110 -0.8225616301  2.0000000000
-0.7990779491 -0.8069862595 -0.6452690238  2.0000000000
-0.7024736568 -0.8562432016 -0.5819803077  2.0000000000
-0.4992832951 -0.9533934307 -0.4585793206  2.0000000000
 0.1205446713 -1.2288371973 -0.1790595358  2.0000000000
 0.3500081974 -1.3360940079 -0.0685105373  2.0000000000
 0.4554529309 -1.3884859830 -0.0124850253  2.0000000000
 0.5634960521 -1.4416295893  0.0428806466  2.0000000000
 0.9140945067 -1.6075386599  0.2033881490  2.0000000000
 1.0231965066 -1.6613429344  0.2561651733  2.0000000000
 1.2396282478 -1.7708129348  0.3596716315  2.0000000000
 1.6983245508 -2.0015712440  0.5602902259  2.0000000000
-2.1669143632 -0.1054684842 -1.4355329816  2.0000000000
-1.8441004291 -0.2335126478 -1.2818124424  2.0000000000
-1.5560888329 -0.3635228496 -1.1072225102  2.0000000000
-1.1443208692 -0.5495000000 -0.8717047912  2.0000000000
-0.9508509093 -0.6451678696 -0.7482771499  2.0000000000
-0.4761686264 -0.8897772058 -0.4311473176  2.0000000000
-0.3704662448 -0.9367863637 -0.3723581581  2.0000000000
 0.2200410891 -1.2095351891 -0.0875510774  2.0000000000
 0.3247732095 -1.2611992423 -0.0298782566  2.0000000000
 0.6318573139 -1.4163702808  0.1402415214  2.0000000000
 1.3930829582 -1.7971253776  0.5089703796  2.0000000000
 1.6038608577 -1.9084350418  0.6116685895  2.0000000000
-1.7051041604 -0.1815193529 -1.2802298494  2.0000000000
-0.3491617864 -0.8742994966 -0.3429094716  2.0000000000
 0.1101570025 -1.0867955478 -0.1124085982  2.0000000000
 0.2064760436 -1.1374601426 -0.0519500222  2.0000000000
 0.2964288033 -1.1856764555  0.0107123027  2.0000000000
 0.6979001249 -1.3897650720  0.2385562532  2.0000000000
 0.8085431527 -1.4431867594  0.2924121587  2.0000000000
 0.9066693561 -1.4936453489  0.3469765636  2.0000000000
 1.0012558474 -1.5436827131  0.4017291834  2.0000000000
-1.6554198035 -0.0882908441 -1.3355442545  2.0000000000
-1.3043345823 -0.2559269152 -1.0979913712  2.0000000000
-1.1453993830 -0.3405435253 -0.9717688323  2.0000000000
-0.5444906551 -0.6697163823 -0.5229233109  2.0000000000
-0.3279184820 -0.8117083855 -0.3135034592  2.0000000000
-0.2194453999 -0.8595040855 -0.2555610410  2.0000000000
 0.0063777331 -0.9644513256 -0.1393608076  2.0000000000
 0.3644106161 -1.1589003379  0.1102409253  2.0000000000
 0.9399576919 -1.4586757329  0.4477733528  2.0000000000
 1.0347443520 -1.5087203544  0.5023717220  2.0000000000
 1.4239536166 -1.7241813563  0.7134114401  2.0000000000
-1.1052211718 -0.2437030336 -1.0301557330  2.0000000000
-1.0319395347 -0.2858232483 -0.9665324569  2.0000000000
-0.8767765622 -0.3717393802 -0.8400740327  2.0000000000
-0.6440278580 -0.5111652835 -0.6394717642  2.0000000000
-0.5050728969 -0.6072336432 -0.4989069324  2.0000000000
-0.3078070823 -0.7476699676 -0.2838167253  2.0000000000
 0.2437023438 -1.0367647088  0.0920925395  2.0000000000
 0.4357629955 -1.1343207545  0.2086840472  2.0000000000
 0.7135309363 -1.2805644982  0.3809142237  2.0000000000
 0.9638280938 -1.4207464640  0.5505133960  2.0000000000
 1.3171379766 -1.6284981387  0.7665698897  2.0000000000
-1.5116028007  0.0929752807 -1.4548525778  2.0000000000
-1.2884141073 -0.0253179856 -1.2752526482  2.0000000000
-0.7950111900 -0.3112281648 -0.8268530247  2.0000000000
 0.3081132089 -1.0084610055  0.1937439662  2.0000000000
 0.4009412911 -1.0554280889  0.2515528512  2.0000000000
 0.6693295109 -1.2002267812  0.4247543007  2.0000000000
 1.1644939943 -1.4898351886  0.7628126792  2.0000000000
-1.3343404201  0.1415427083 -1.4626517403  2.0000000000
-0.9263918261 -0.0944850208 -1.0862276394  2.0000000000
-0.8715938477 -0.1342123418 -1.0207202560  2.0000000000
-0.8139696053 -0.1741917996 -0.9544564699  2.0000000000
-0.6894082355 -0.2551848795 -0.8206586509  2.0000000000
-0.5735949013 -0.3342257138 -0.6819755397  2.0000000000
-0.0602936725 -0.7058141283 -0.1099367446  2.0000000000
 0.0799541117 -0.7992229803  0.0261168631  2.0000000000
 0.8356719302 -1.2489042771  0.6454692469  2.0000000000
 1.0582971444 -1.3948976114  0.8147668849  2.0000000000
-1.1879475698  0.1929711055 -1.4641641764  2.0000000000
-0.8635980477 -0.0003050303 -1.1470205775  2.0000000000
 0.5816277742 -1.0384778829  0.5127810350  2.0000000000
 0.9726185340 -1.3026843808  0.8665521860  2.0000000000
 1.0224835332 -1.3477600996  0.9247873296  2.0000000000
-0.9319857443  0.1695545184 -1.3386343566  2.0000000000
-0.7526468700  0.0545612907 -1.1435952299  2.0000000000
-0.5994358326 -0.0620804936 -0.9450115398  2.0000000000
 0.2193442389 -0.7804132667  0.3214872238  2.0000000000
 0.3086925976 -0.8259009447  0.3796014750  2.0000000000
-0.7024691818  0.1494691742 -1.2037780339  2.0000000000
-0.5948334409  0.0716771726 -1.0732047399  2.0000000000
 0.7047231932 -1.0299742566  0.8463750850  2.0000000000
-0.7622407078  0.3799515092 -1.5409371101  2.0000000000
-0.5684425027  0.2023071002 -1.2039891409  2.0000000000
-0.3958889129  0.0523871965 -0.9358175606  2.0000000000
 0.5735507293 -0.8757433452  0.7671554507  2.0000000000
 0.5949054608 -0.9089804723  0.8327131164  2.0000000000
 0.6179081375 -0.9428196052  0.8980654101  2.0000000000
 0.6413727533 -0.9774979066  0.9629845827  2.0000000000
 0.7245933388 -1.0667085728  1.0852299115  2.0000000000
-0.5734695157  0.3953147857 -1.4781634413  2.0000000000
-0.5386035216  0.3596910316 -1.4122421939  2.0000000000
-0.5025729212  0.3243183194 -1.3444134672  2.0000000000
 0.3165211998 -0.6433842087  0.5637940362  2.0000000000
 0.3753045510 -0.6815745397  0.6256986135  2.0000000000
 0.4612254808 -0.7543440023  0.7529391733  2.0000000000
 0.5542500760 -0.8900726339  1.0150010763  2.0000000000
-0.4242608384  0.4459884596 -1.4816933152  2.0000000000
-0.3359727299  0.2853619427 -1.1200340056  2.0000000000
 0.3149982689 -0.5726936684  0.6023134647  2.0000000000
 0.3537837091 -0.6347534702  0.7380019208  2.0000000000
 0.3913021976 -0.6699539175  0.8022252535  2.0000000000
 0.4414658286 -0.7656366109  1.0027646770  2.0000000000
 0.4913773489 -0.8383224950  1.1319733936  2.0000000000
-0.3023679542  0.5315594712 -1.5525011170  2.0000000000
 0.2952217348 -0.5529520365  0.7857985650  2.0000000000
 0.3177979856 -0.5844975266  0.8518103054  2.0000000000
 0.3408319231 -0.6457568730  0.9875141643  2.0000000000
-0.1301996827  0.5483338363 -1.4881962222  2.0000000000
-0.0828740469  0.4787560219 -1.3541920226  2.0000000000
-0.1081585599  0.3708328325 -1.0339739813  2.0000000000
 0.2666522545 -0.3964896752  0.6142459334  2.0000000000
 0.2494188077 -0.4195478163  0.6878690614  2.0000000000
 0.2302261455 -0.4697767707  0.8340580044  2.0000000000
 0.2409597845 -0.4982194096  0.9027707504  2.0000000000
 0.2745060930 -0.6174460263  1.1760209453  2.0000000000
 0.2875678964 -0.6488988912  1.2429169755  2.0000000000
 0.0016912777  0.6011243328 -1.4863300792  2.0000000000
 0.2283308680 -0.3183915155  0.6572787523  2.0000000000
 0.1713055812 -0.3874819978  0.8809795370  2.0000000000
 0.1916756743 -0.5287730421  1.2286731120  2.0000000000
 0.1930240411 -0.5842513856  1.3665903574  2.0000000000
 0.1565051030  0.6841092830 -1.5660849471  2.0000000000
 0.2746899679 -0.2056988382  0.5474219122  2.0000000000
 0.1819840227 -0.2386230704  0.7013355799  2.0000000000
 0.0982453845 -0.3545104373  1.0733207528  2.0000000000
 0.2426219566  0.7093702475 -1.4749389430  2.0000000000
 0.1549997191  0.5863169013 -1.0784613069  2.0000000000
 0.0146507118 -0.3203253248  1.2664331171  2.0000000000
 0.0821887256 -0.0772746386  0.7904817333  2.0000000000
 0.5774088248  0.8409583123 -1.5690593577  2.0000000000
 0.4093802567  0.7914320300 -1.3638539418  2.0000000000
 0.3841353921  0.7718039308 -1.2858869922  2.0000000000
 0.3057940092  0.7145579690 -1.0525538604  2.0000000000
 0.0894093160  0.0184965251  0.7493626945  2.0000000000
 0.0335401600  0.0028275359  0.8345863263  2.0000000000
-0.1206374800 -0.0955330021  1.2256954792  2.0000000000
-0.1717317137 -0.1644241803  1.4455487790  2.0000000000
-0.1881408685 -0.2151865447  1.5868800104  2.0000000000
 0.6358039619  0.8689280747 -1.4687811191  2.0000000000
 0.3542912630  0.7591013384 -0.9613044923  2.0000000000
 0.3922346321  0.7602311038 -0.9232541458  2.0000000000
 0.4650587727  0.7624004778 -0.8452364727  2.0000000000
-0.2214530824 -0.0293744339  1.3525327557  2.0000000000
-0.2615048955 -0.0741046726  1.4997808254  2.0000000000
-0.2764045828 -0.0975253259  1.5719323357  2.0000000000
 0.5174258903  0.8660995892 -1.2266615903  2.0000000000
 0.4105013234  0.8038417052 -0.8740068043  2.0000000000
-0.1179550911  0.1485738486  1.0062060767  2.0000000000
-0.3818474123 -0.0023859282  1.6306547869  2.0000000000
 0.3255305721  0.8435328647 -0.8883478915  2.0000000000
 0.4360479170  0.8474629379 -0.8283500323  2.0000000000
 0.5514474916  0.8480394699 -0.7163119911  2.0000000000
-0.2682748798  0.1991730663  1.2179372840  2.0000000000
-0.3140271778  0.1841370513  1.3004956739  2.0000000000
-0.3577038993  0.1680190495  1.3816919432  2.0000000000
-0.3997371516  0.1502312290  1.4618270018  2.0000000000
 1.1449056546  1.0535591071 -1.5786728345  2.0000000000
 0.6566637849  0.9594025633 -1.1680786823  2.0000000000
 0.4697679093  0.8927952277 -0.7861238169  2.0000000000
 0.5502320923  0.8929740401 -0.7127721214  2.0000000000
 0.6091700279  0.8901918930 -0.6309871714  2.0000000000
-0.0352191822  0.3546625227  0.8262135242  2.0000000000
-0.3809811124  0.2652825165  1.3493752848  2.0000000000
-0.4361105632  0.2525548007  1.4334187254  2.0000000000
-0.4881645273  0.2395521395  1.5163226779  2.0000000000
 0.6013755544  0.9389354613 -0.6788188958  2.0000000000
 0.6212935196  0.9361655811 -0.6333736813  2.0000000000
 0.6456669149  0.9342149031 -0.5900844233  2.0000000000
 0.4013197578  0.6781372244 -0.0637152948  2.0000000000
-0.2123833195  0.4031085846  1.0514271730  2.0000000000
-0.3272257311  0.3738579234  1.2247799190  2.0000000000
-0.3839845557  0.3589829862  1.3109510320  2.0000000000
-0.5663697724  0.3238678192  1.5687429060  2.0000000000
-0.6282436609  0.3155660267  1.6533504465  2.0000000000
-0.6928903476  0.3097469417  1.7381188890  2.0000000000
 1.4254988211  1.1594618683 -1.5823529441  2.0000000000
 0.2581689470  0.9689996051 -0.7381503987  2.0000000000
 0.3476615069  0.9727241903 -0.7263452739  2.0000000000
 0.4506360262  0.9784327613 -0.7180903887  2.0000000000
 0.5670737982  0.9852546292 -0.7160845080  2.0000000000
 0.6189284101  0.9859112099 -0.6848805594  2.0000000000
 0.6845694351  0.9784599187 -0.5500548922  2.0000000000
 0.0827616613  0.5715408187  0.6099026156  2.0000000000
-0.0576718099  0.5321486867  0.8106674009  2.0000000000
-0.2664104721  0.4828287115  1.0969386036  2.0000000000
-0.5801519245  0.4151747689  1.5362035583  2.0000000000
-0.6995625365  0.3965922023  1.7045636771  2.0000000000
-0.7666281741  0.3886587580  1.7902071845  2.0000000000
 1.3801575054  1.1802129313 -1.4396330749  2.0000000000
 1.2005395515  1.1477480542 -1.2963718041  2.0000000000
 0.5097228164  1.0303667078 -0.7428220684  2.0000000000
 0.6026595236  1.0351957500 -0.7295261155  2.0000000000
 0.6596515372  1.0358500922 -0.7010252589  2.0000000000
 0.6612081059  1.0306290582 -0.6470915843  2.0000000000
 0.7036048194  1.0252896541 -0.5559958969  2.0000000000
 0.7251118252  1.0233838317 -0.5089652412  2.0000000000
 0.1766341132  0.6895628250  0.4482739640  2.0000000000
-0.1880245071  0.5911207051  0.9630818508  2.0000000000
-0.4513359311  0.5337827150  1.3220529679  2.0000000000
-0.7066913989  0.4853712559  1.6711577868  2.0000000000
-0.9729115560  0.4523336542  2.0133349882  2.0000000000
 1.5261744002  1.2337601042 -1.4447659127  2.0000000000
 1.1027962295  1.1647216700 -1.1310275935  2.0000000000
 0.6834891046  1.0896729688 -0.7640714817  2.0000000000
 0.7597938469  1.0924845178 -0.7441534673  2.0000000000
 0.3817913697  0.8570522693  0.0763568053  2.0000000000
 0.2700017035  0.8058673366  0.2857380663  2.0000000000
-0.0061897442  0.7195921815  0.7033131313  2.0000000000
-0.4470703188  0.6259182310  1.2828974561  2.0000000000
-0.5808721937  0.6020249782  1.4596902047  2.0000000000
-0.8373145877  0.5565120891  1.8060820291  2.0000000000
 1.6741032801  1.2873735748 -1.4511504754  2.0000000000
 0.8607601707  1.1495911377 -0.7870831408  2.0000000000
 0.3758766465  0.9164355690  0.1235310000  2.0000000000
 0.2433723587  0.8731518297  0.3311850836  2.0000000000
-0.6396419729  0.6793743388  1.5080870728  2.0000000000
-0.7087811971  0.6689029987  1.5970381526  2.0000000000
-0.8423418532  0.6458692262  1.7729712171  2.0000000000
-1.1145803321  0.6090553646  2.1170981675  2.0000000000
 0.8837331415  1.1725240354 -0.5110481963  2.0000000000
 0.8246775906  1.1605861406 -0.4276058393  2.0000000000
 0.6937567416  1.1332712592 -0.2576946935  2.0000000000
 0.3059944225  0.9542423378  0.2712790698  2.0000000000
 0.1521588747  0.9165431574  0.4818193939  2.0000000000
-0.0119911795  0.8819463512  0.6949672431  2.0000000000
-0.3481291992  0.8224125521  1.1120684217  2.0000000000
-0.4257957292  0.8106050566  1.2052642396  2.0000000000
-0.5615316181  0.7825753931  1.3800621374  2.0000000000
-0.6298927793  0.7689728029  1.4679865508  2.0000000000
-0.7685887834  0.7456382644  1.6453784279  2.0000000000
-0.9117566832  0.7254025683  1.8251420888  2.0000000000
 1.9626463841  1.3941969698 -1.4615515187  2.0000000000
 1.4601437910  1.3126044819 -1.0606414858  2.0000000000
 1.0619530373  1.2408496203 -0.6484209232  2.0000000000
 1.0026802400  1.2294550061 -0.5635038810  2.0000000000
 0.8577330065  1.2025851805 -0.3840008842  2.0000000000
 0.7881597005  1.1889210387 -0.2965763675  2.0000000000
 0.6921480775  1.1732655538 -0.1945876190  2.0000000000
 0.3627483496  1.0361624110  0.2139817458  2.0000000000
 0.1402014184  0.9793281899  0.5259634456  2.0000000000
-0.1407915620  0.9393785842  0.8497913411  2.0000000000
-1.2559653349  0.7658401134  2.2214730911  2.0000000000
 2.2743290444  1.4747961475 -1.5997292745  2.0000000000
 1.4796635466  1.3452222839 -0.9531863606  2.0000000000
 1.3838138931  1.3282800524 -0.8524834446  2.0000000000
 0.2889236593  1.0772796623  0.3596103748  2.0000000000
-0.3726275353  0.9885398279  1.1130702153  2.0000000000
-0.5790835654  0.9748518556  1.3287236558  2.0000000000
-1.0565977333  0.8848718366  1.9336096243  2.0000000000
-1.3262406608  0.8432936841  2.2733185888  2.0000000000
 2.4211455914  1.5286157552 -1.6066756190  2.0000000000
 1.7758438068  1.4246032455 -1.0874413762  2.0000000000
 1.4953002335  1.3799598339 -0.8444150916  2.0000000000
 1.1267412087  1.3207963337 -0.5024840393  2.0000000000
 1.0317211192  1.3048427754 -0.4021703116  2.0000000000
 0.2926402710  1.1366962777  0.4013596687  2.0000000000
 0.2012015869  1.1215972789  0.5074942279  2.0000000000
-0.2212985230  1.0789750309  0.9474265820  2.0000000000
-0.4158161509  1.0599116979  1.1625369062  2.0000000000
-0.9963039523  0.9899695510  1.8197053871  2.0000000000
-1.1287952729  0.9649958128  1.9878176243  2.0000000000
-1.3303758605  0.9325185317  2.2414295792  2.0000000000
 2.0869022292  1.5056817096 -1.2269043189  2.0000000000
 1.3502405241  1.3903170106 -0.6034766921  2.0000000000
 1.2249912900  1.3704856217 -0.4884316437  2.0000000000
 0.6181894649  1.2779742538  0.0827063060  2.0000000000
-0.4880510569  1.1401098843  1.2237937552  2.0000000000
-0.8086589406  1.1266479200  1.5427799255  2.0000000000
-0.8766743386  1.1139963959  1.6285973305  2.0000000000
-1.0065625523  1.0852867170  1.7940716251  2.0000000000
 1.9321549770  1.5116760301 -0.9834949719  2.0000000000
 1.0875219607  1.3886259679 -0.3087632714  2.0000000000
 0.8586828123  1.3539466956 -0.0848835738  2.0000000000
 0.7447306267  1.3362923778  0.0256258712  2.0000000000
 0.6315634860  1.3188416686  0.1381150182  2.0000000000
 0.1756140799  1.2480789888  0.5957057054  2.0000000000
-0.0570443377  1.2311383163  0.8157194326  2.0000000000
-0.3844758497  1.2061802251  1.1475134989  2.0000000000
-0.8283819093  1.2237746597  1.5290099055  2.0000000000
-1.0175067766  1.1799369243  1.7697384011  2.0000000000
-1.2738672785  1.1237320898  2.0962491085  2.0000000000
 2.8623899763  1.6905697572 -1.6301092870  2.0000000000
 1.5946204329  1.4940482174 -0.5973187575  2.0000000000
 0.9862283941  1.4112476618 -0.1451571776  2.0000000000
 0.4186477269  1.3235163851  0.4179825551  2.0000000000
-0.0819459806  1.2964594660  0.8596470257  2.0000000000
-0.9696432686  1.2904556877  1.6705490550  2.0000000000
-1.0318848328  1.2753122272  1.7498628644  2.0000000000
-1.1557868611  1.2451415175  1.9077500082  2.0000000000
-1.5421439020  1.1657853691  2.3983164604  2.0000000000
 2.5376217190  1.6704554517 -1.2536021116  2.0000000000
 2.2204428138  1.6207148613 -0.9960779681  2.0000000000
 1.9082556454  1.5729034624 -0.7398406712  2.0000000000
 1.0019292047  1.4514952346 -0.0945792966  2.0000000000
 0.8885748515  1.4348822799  0.0169477293  2.0000000000
 0.6592079580  1.4021007010  0.2416128146  2.0000000000
 0.4273475907  1.3724733311  0.4650301089  2.0000000000
-0.1088018195  1.3602236598  0.9028082664  2.0000000000
-0.3323816313  1.3467672581  1.1252116720  2.0000000000
-0.9852066329  1.3849679969  1.6526022989  2.0000000000
-1.0477716432  1.3707936693  1.7320924430  2.0000000000
-1.2918920809  1.3096673010  2.0433029499  2.0000000000
-1.3555523540  1.2959460185  2.1241433187  2.0000000000
-1.5485003668  1.2566728012  2.3690718214  2.0000000000
