 0.0682167064  0.5378250397 -0.1160804237  1.0000000000
 0.1479494063  0.4571363411 -0.2896153203  1.0000000000
 0.0694070956  0.4609194171 -0.1120583388  1.0000000000
 0.1922794678  0.3766247850 -0.4626209666  1.0000000000
 0.0320974591  0.3860696640 -0.0193147808  1.0000000000
-0.0317261134  0.3901133439  0.1577686200  1.0000000000
 0.0845583951  0.3034406458 -0.2803867278  1.0000000000
 0.0583606682  0.3073172814 -0.1038805561  1.0000000000
 0.0412933103  0.2325135774 -0.0114977721  1.0000000000
-0.0045164562  0.2382684072  0.2536957517  1.0000000000
 0.1107590384  0.1427820716 -0.6254003949  1.0000000000
 0.0633407143  0.1461453248 -0.4481275474  1.0000000000
 0.0394775120  0.1539770797 -0.0955678227  1.0000000000
 0.0464600105  0.0733798216 -0.2677402577  1.0000000000
 0.0437137076  0.0808849343  0.0846612334  1.0000000000
 0.0187925507 -0.0108617703 -0.6157918582  1.0000000000
-0.0050701742 -0.0092196706 -0.5271277828  1.0000000000
 0.0199948192 -0.0053184167 -0.3514378338  1.0000000000
 0.0322514825  0.0004126664 -0.0874694310  1.0000000000
 0.0621124863  0.0076462981  0.2649828152  1.0000000000
 0.0407115384 -0.0745341308  0.0046831233  1.0000000000
-0.1016120203 -0.1647905342 -0.6058818600  1.0000000000
-0.0208359515 -0.1586208180 -0.3427282985  1.0000000000
 0.0020048914 -0.1548731104 -0.1669392854  1.0000000000
 0.0910589538 -0.1458084170  0.2724792180  1.0000000000
-0.0278625749 -0.2333151755 -0.2505655419  1.0000000000
 0.0175791269 -0.2296215069 -0.0750617726  1.0000000000
 0.0528197733 -0.2259259018  0.1005231033  1.0000000000
 0.1183254304 -0.2227063798  0.2763463729  1.0000000000
-0.1150314861 -0.3140943006 -0.4216496508  1.0000000000
-0.0402393012 -0.3100951719 -0.2463550269  1.0000000000
-0.0210684691 -0.3082418174 -0.1586576082  1.0000000000
-0.0588011763 -0.3866861841 -0.2420459007  1.0000000000
-0.0128563382 -0.3829535376 -0.0667076879  1.0000000000
 0.0834684601 -0.3799240874  0.1082297922  1.0000000000
 2.4068156810  1.5079088334 -1.7075324168  2.0000000000
 2.1887403951  1.5102709728 -1.5285006838  2.0000000000
 2.0742095708  1.5114404626 -1.4385733136  2.0000000000
 1.8339357406  1.5136255871 -1.2584886232  2.0000000000
 1.7192218043  1.5148734063 -1.1684375245  2.0000000000
 1.5963095839  1.5162645471 -1.0781227994  2.0000000000
 1.3486355311  1.5186714383 -0.8976595190  2.0000000000
 0.5778178638  1.5264164308 -0.4422259308  2.0000000000
 0.0029697901  1.5348597320 -0.0788530417  2.0000000000
-0.4561686139  1.5422552792  0.1941285763  2.0000000000
-0.7375298353  1.5472938284  0.3755817471  2.0000000000
-0.8724121360  1.5500211304  0.4661916063  2.0000000000
-1.0029709095  1.5527762799  0.5566153137  2.0000000000
-1.4103658159  1.5613648697  0.8284539660  2.0000000000
-1.9386602320  1.5737805709  1.1903252525  2.0000000000
-2.3172335086  1.5829457523  1.4607008441  2.0000000000
 2.1851057697  1.4327754827 -1.6119009874  2.0000000000
 2.0731503414  1.4338459326 -1.5221013990  2.0000000000
 1.7368930083  1.4372201629 -1.2523823313  2.0000000000
 1.2667427095  1.4425736462 -0.8919125493  2.0000000000
 0.9893862050  1.4456427104 -0.7104235862  2.0000000000
 0.2799750108  1.4543376533 -0.2564016426  2.0000000000
-0.5490098478  1.4683435897  0.2879441120  2.0000000000
-1.2001395099  1.4816823275  0.7404146698  2.0000000000
-1.4572288981  1.4875965607  0.9211811487  2.0000000000
-1.7117179098  1.4937356236  1.1018645632  2.0000000000
-2.2078146956  1.5062047102  1.4625616924  2.0000000000
 2.0678322097  1.3561065824 -1.6054937108  2.0000000000
 1.8452840283  1.3581035961 -1.4257674255  2.0000000000
 1.1826783004  1.3661817224 -0.8860133325  2.0000000000
 1.0596724248  1.3676801431 -0.7957018321  2.0000000000
 0.8105938560  1.3709378337 -0.6148950728  2.0000000000
 0.5445180870  1.3742980095 -0.4336523803  2.0000000000
 0.4046213642  1.3762090299 -0.3428967146  2.0000000000
-0.2592783515  1.3870162556  0.1102822914  2.0000000000
-0.3873752018  1.3893558770  0.2008943678  2.0000000000
-1.0066289338  1.4021359339  0.6526296572  2.0000000000
-1.4937803188  1.4134790494  1.0136540099  2.0000000000
-1.6152459444  1.4165536144  1.1038521755  2.0000000000
-1.8608879218  1.4228617848  1.2842739679  2.0000000000
-1.9774193214  1.4260390476  1.3743001214  2.0000000000
-2.0945851586  1.4291273622  1.4642630302  2.0000000000
-2.2077341568  1.4320066590  1.5539179598  2.0000000000
 1.9488462084  1.2792453942 -1.5990274950  2.0000000000
 1.4152885036  1.2849380925 -1.1499057873  2.0000000000
 1.2080881613  1.2879313677 -0.9702774906  2.0000000000
 0.6219969825  1.2962642896 -0.5190801072  2.0000000000
 0.2631836141  1.3018184490 -0.2480515505  2.0000000000
-0.2508320197  1.3105559789  0.1141878241  2.0000000000
-0.4707598256  1.3151751724  0.2945397506  2.0000000000
-0.5893734371  1.3176229071  0.3847029441  2.0000000000
-0.8245527904  1.3226412365  0.5651330515  2.0000000000
-1.2867435138  1.3334884149  0.9256974405  2.0000000000
-1.4022470283  1.3362838053  1.0157837370  2.0000000000
-1.9769043117  1.3518309413  1.4659104846  2.0000000000
 2.0235141198  1.2001434512 -1.7707100416  2.0000000000
 1.9251435050  1.2012524383 -1.6818508465  2.0000000000
 1.8294839059  1.2024057022 -1.5925303484  2.0000000000
 1.4140994231  1.2066917649 -1.2334148460  2.0000000000
 1.2258151264  1.2097085797 -1.0543251510  2.0000000000
 1.1201063902  1.2112137631 -0.9644859930  2.0000000000
 0.7091615270  1.2181389475 -0.6047584150  2.0000000000
 0.3699267994  1.2235446592 -0.3341587660  2.0000000000
 0.2583243151  1.2253980740 -0.2439621365  2.0000000000
-0.9886294212  1.2511311587  0.7481614078  2.0000000000
-1.4167276462  1.2618027243  1.1076432061  2.0000000000
 1.6068236284  1.1263352009 -1.4964792843  2.0000000000
 0.7478490755  1.1397547164 -0.6894826646  2.0000000000
 0.4477327601  1.1451947619 -0.4196132310  2.0000000000
 0.3454639023  1.1471396382 -0.3296014175  2.0000000000
 0.1351093125  1.1509872160 -0.1495436278  2.0000000000
-0.3902228796  1.1619427357  0.3010540011  2.0000000000
-0.6071446404  1.1666521059  0.4811016356  2.0000000000
-0.7099950101  1.1690758649  0.5709444531  2.0000000000
-0.8152477177  1.1716520220  0.6609420919  2.0000000000
-1.1180831663  1.1793595816  0.9303386370  2.0000000000
-1.2181569200  1.1820142189  1.0200310870  2.0000000000
-1.4238674517  1.1874950124  1.1994229317  2.0000000000
-1.8479371409  1.2001221264  1.5588208667  2.0000000000
 1.6675554428  1.0472359047 -1.6687691031  2.0000000000
 1.3906304503  1.0505069017 -1.4004000863  2.0000000000
 1.1361366306  1.0547605052 -1.1322503459  2.0000000000
 0.7758952099  1.0613384160 -0.7739574287  2.0000000000
 0.5953719232  1.0649149941 -0.5944630906  2.0000000000
 0.1264986388  1.0746127133 -0.1453386898  2.0000000000
 0.0203332875  1.0767118458 -0.0552606732  2.0000000000
-0.4533601939  1.0875837377  0.3942684285  2.0000000000
-0.5486437889  1.0898993534  0.4840094929  2.0000000000
-0.8402039843  1.0972870209  0.7532480660  2.0000000000
-1.5274535437  1.1164442529  1.3811480733  2.0000000000
-1.7271205596  1.1226338133  1.5604825045  2.0000000000
 1.2819793447  0.9737363815 -1.3944062999  2.0000000000
 0.0346450392  1.0001954095 -0.0514799306  2.0000000000
-0.3409142440  1.0087421819  0.3080552599  2.0000000000
-0.4182945535  1.0109452473  0.3976258141  2.0000000000
-0.5028328413  1.0132235139  0.4871751615  2.0000000000
-0.8629681468  1.0228727731  0.8456119042  2.0000000000
-0.9453617385  1.0253664217  0.9351200582  2.0000000000
-1.0362451226  1.0278072496  1.0245783446  2.0000000000
-1.1295106029  1.0304505968  1.1140748356  2.0000000000
 1.2553755853  0.8955655268 -1.4777962120  2.0000000000
 0.9443458326  0.9011665703 -1.1206256410  2.0000000000
 0.7966222057  0.9045622972 -0.9421678548  2.0000000000
 0.2606527322  0.9177813002 -0.3158630105  2.0000000000
 0.0273413972  0.9235949745 -0.0473240827  2.0000000000
-0.0499363287  0.9258113725  0.0422526017  2.0000000000
-0.2227597256  0.9300363300  0.2216850668  2.0000000000
-0.5338503945  0.9388571589  0.5797583159  2.0000000000
-1.0437232761  0.9534003072  1.1164806236  2.0000000000
-1.1176278716  0.9559985068  1.2056749611  2.0000000000
-1.4922697027  0.9678279882  1.5639086518  2.0000000000
 0.7802739190  0.8260464420 -1.0256855456  2.0000000000
 0.7121683496  0.8279320534 -0.9366085563  2.0000000000
 0.5767091785  0.8315629919 -0.7582186620  2.0000000000
 0.3927043893  0.8369787135 -0.4905834642  2.0000000000
 0.2491742687  0.8409044611 -0.3116141865  2.0000000000
 0.0322766906  0.8468983660 -0.0433679194  2.0000000000
-0.3997079300  0.8595765378  0.4934345321  2.0000000000
-0.5562887740  0.8641472991  0.6722699746  2.0000000000
-0.7888241174  0.8713403856  0.9402123242  2.0000000000
-1.0198374475  0.8787634164  1.2079096152  2.0000000000
-1.3637463808  0.8901068977  1.5655152045  2.0000000000
 1.1550980696  0.7387720001 -1.6433945972  2.0000000000
 0.9545067554  0.7429483551 -1.3762832670  2.0000000000
 0.5121497367  0.7549383159 -0.7530963185  2.0000000000
-0.4258700368  0.7850841802  0.5859670077  2.0000000000
-0.4896381022  0.7872521363  0.6751787176  2.0000000000
-0.7191022281  0.7944253658  0.9429605542  2.0000000000
-1.1666407759  0.8097813235  1.4782682386  2.0000000000
 0.9970566641  0.6611953456 -1.6363836515  2.0000000000
 0.6692349599  0.6709130840 -1.1035588747  2.0000000000
 0.6135188789  0.6727282110 -1.0146938364  2.0000000000
 0.5660100444  0.6746003839 -0.9259347756  2.0000000000
 0.4731468395  0.6782265286 -0.7482404526  2.0000000000
 0.3850984782  0.6818718298 -0.5704277608  2.0000000000
-0.1015824478  0.6974946803  0.1432800918  2.0000000000
-0.2070673490  0.7019896109  0.3215786128  2.0000000000
-0.8231918423  0.7240995741  1.2125504602  2.0000000000
-1.0510172646  0.7323090637  1.4801675857  2.0000000000
 0.8761715575  0.5841530308 -1.6303395885  2.0000000000
 0.6291959331  0.5924057331 -1.1867114273  2.0000000000
-0.5586396972  0.6397905009  0.9483891714  2.0000000000
-0.9296664273  0.6547127062  1.4819408179  2.0000000000
-0.9999553218  0.6575363014  1.5707949402  2.0000000000
 0.6755539928  0.5105517541 -1.4473020114  2.0000000000
 0.5342097515  0.5157031414 -1.1811552446  2.0000000000
 0.3972903840  0.5214475811 -0.9153107771  2.0000000000
-0.2506671267  0.5538996740  0.5955079775  2.0000000000
-0.3111848970  0.5560631776  0.6843741544  2.0000000000
 0.4802679725  0.4369859731 -1.2640923861  2.0000000000
 0.4162708826  0.4407763434 -1.0873825462  2.0000000000
-0.6099880093  0.4948186165  1.3089875016  2.0000000000
 0.5364737839  0.3511516204 -1.7001069914  2.0000000000
 0.3884085599  0.3602319955 -1.2586344580  2.0000000000
 0.3024502916  0.3678264209 -0.9054590012  2.0000000000
-0.4134924913  0.4126828581  1.1339041760  2.0000000000
-0.4511028510  0.4148165745  1.2223882014  2.0000000000
-0.4873458159  0.4172451334  1.3108745109  2.0000000000
-0.5212523540  0.4195382419  1.3992945218  2.0000000000
-0.5882263744  0.4241194362  1.5755407013  2.0000000000
 0.3859558098  0.2760413037 -1.6061359766  2.0000000000
 0.3539645775  0.2778018173 -1.5177360719  2.0000000000
 0.3263663751  0.2796820442 -1.4294510548  2.0000000000
-0.1910847186  0.3269428289  0.7827352637  2.0000000000
-0.2304453502  0.3290157069  0.8712294218  2.0000000000
-0.2890209663  0.3332690170  1.0479342427  2.0000000000
-0.4020992129  0.3419721072  1.4013323248  2.0000000000
 0.2597162503  0.1989821840 -1.6000116569  2.0000000000
 0.2004015875  0.2085769385 -1.1598068389  2.0000000000
-0.1300899896  0.2499386156  0.7857369698  2.0000000000
-0.1928608565  0.2540399126  0.9625348022  2.0000000000
-0.2073944377  0.2561167642  1.0506055097  2.0000000000
-0.2636721451  0.2623859512  1.3151231442  2.0000000000
-0.3106745992  0.2666071264  1.4914330445  2.0000000000
 0.1480881229  0.1200270557 -1.6814302215  2.0000000000
-0.1098806302  0.1770118447  0.9651869124  2.0000000000
-0.1212823778  0.1791161211  1.0532315007  2.0000000000
-0.1422388793  0.1830429280  1.2293294833  2.0000000000
 0.0187076975  0.0449214875 -1.5881856167  2.0000000000
 0.0352952108  0.0488666660 -1.4127909815  2.0000000000
 0.0638271686  0.0565002178 -1.0613736913  2.0000000000
-0.0320719319  0.0937308579  0.7044457723  2.0000000000
-0.0380179441  0.0960091968  0.7922431609  2.0000000000
-0.0349820433  0.1000273997  0.9679717751  2.0000000000
-0.0353455352  0.1021723748  1.0558458441  2.0000000000
-0.0463577407  0.1092885210  1.4075609006  2.0000000000
-0.0399477426  0.1109650479  1.4950620358  2.0000000000
-0.0929789453 -0.0319939890 -1.5825126450  2.0000000000
 0.0252211413  0.0169095094  0.7074542657  2.0000000000
 0.0363881727  0.0232000770  0.9708169241  2.0000000000
 0.0870857008  0.0314303341  1.4096430676  2.0000000000
 0.0821706456  0.0349872716  1.5844317445  2.0000000000
-0.2360358713 -0.1109907938 -1.6638074403  2.0000000000
 0.0903163708 -0.0636472320  0.5336219915  2.0000000000
 0.0868565356 -0.0600505185  0.7104785582  2.0000000000
 0.1773192086 -0.0511316371  1.1487715418  2.0000000000
-0.3338650076 -0.1859445142 -1.5709259693  2.0000000000
-0.1694208608 -0.1762560117 -1.1338121653  2.0000000000
 0.3017583320 -0.1253601347  1.3266834047  2.0000000000
 0.1989729189 -0.2141476868  0.7167573798  2.0000000000
-0.6188334163 -0.3420375858 -1.6463247254  2.0000000000
-0.5252630059 -0.3378718291 -1.4723813784  2.0000000000
-0.4677889454 -0.3357564939 -1.3852017000  2.0000000000
-0.3559220755 -0.3300314416 -1.1228631061  2.0000000000
 0.2378938262 -0.2929797018  0.6317803533  2.0000000000
 0.2629933435 -0.2912628649  0.7197762351  2.0000000000
 0.4427668011 -0.2832579329  1.1568827523  2.0000000000
 0.5477001538 -0.2789247572  1.4188619037  2.0000000000
 0.6303337893 -0.2760414908  1.5925610356  2.0000000000
-0.6955392491 -0.4169315677 -1.5539562787  2.0000000000
-0.3757845469 -0.4049765723 -1.0305677868  2.0000000000
-0.3212715164 -0.4030907944 -0.9433736304  2.0000000000
-0.2813160145 -0.3990472282 -0.7676587671  2.0000000000
 0.5735375781 -0.3593040560  1.2468957137  2.0000000000
 0.6743768886 -0.3566645864  1.4211288251  2.0000000000
 0.7105491472 -0.3551981388  1.5082583731  2.0000000000
-0.6991256676 -0.4896869316 -1.3739814622  2.0000000000
-0.4024745194 -0.4795187523 -0.9382044654  2.0000000000
 0.4327668317 -0.4439415116  0.8132446832  2.0000000000
 0.8714531033 -0.4334612827  1.5103700241  2.0000000000
-0.6105501655 -0.5602085440 -1.1071349236  2.0000000000
-0.4861813579 -0.5561459084 -0.9329634911  2.0000000000
-0.2999405118 -0.5508360709 -0.6719913702  2.0000000000
 0.5857079213 -0.5181294683  0.9910683260  2.0000000000
 0.6529893766 -0.5167209346  1.0780134063  2.0000000000
 0.7100242529 -0.5153537480  1.1651229332  2.0000000000
 0.7832799698 -0.5141541592  1.2519944782  2.0000000000
-1.1190920710 -0.6500186063 -1.6239841320  2.0000000000
-0.9079115839 -0.6432595024 -1.3631712678  2.0000000000
-0.5665664250 -0.6326840135 -0.9278574896  2.0000000000
-0.4323647313 -0.6289519375 -0.7538676421  2.0000000000
-0.3318504593 -0.6250676772 -0.5792526696  2.0000000000
 0.3709639305 -0.6026396199  0.5577577440  2.0000000000
 0.7304033477 -0.5937281762  1.0809981614  2.0000000000
 0.8137672595 -0.5925902509  1.1677347177  2.0000000000
 0.8857873707 -0.5914799699  1.2546457708  2.0000000000
-0.4969553278 -0.7054351581 -0.7490604032  2.0000000000
-0.4283922512 -0.7036492469 -0.6622216926  2.0000000000
-0.3643040649 -0.7019020374 -0.5749778089  2.0000000000
-0.1310681571 -0.6943926379 -0.2254395776  2.0000000000
 0.5481403147 -0.6764904516  0.7355602069  2.0000000000
 0.6812732163 -0.6736330996  0.9098014754  2.0000000000
 0.7525204822 -0.6722477263  0.9966648750  2.0000000000
 0.9906278316 -0.6686982375  1.2572541785  2.0000000000
 1.0637245107 -0.6676069112  1.3442295053  2.0000000000
 1.1613216875 -0.6670664539  1.4310940817  2.0000000000
-1.3734482947 -0.8040785472 -1.6128579393  2.0000000000
-0.9483835913 -0.7920524823 -1.1784811236  2.0000000000
-0.8726967833 -0.7899727182 -1.0915773901  2.0000000000
-0.7960590907 -0.7878084887 -1.0046849879  2.0000000000
-0.7205172843 -0.7857450866 -0.9178827986  2.0000000000
-0.6413855865 -0.7838792601 -0.8310840683  2.0000000000
-0.4014458456 -0.7786515052 -0.5709039833  2.0000000000
 0.2444667023 -0.7616459161  0.3027279526  2.0000000000
 0.3649191265 -0.7582570228  0.4776286633  2.0000000000
 0.5994993585 -0.7535608834  0.7388275560  2.0000000000
 0.9994187510 -0.7468336342  1.1732852541  2.0000000000
 1.1813925601 -0.7451187304  1.3468142780  2.0000000000
 1.2935867065 -0.7448871840  1.4335325130  2.0000000000
-1.4098090866 -0.8785491348 -1.5207734331  2.0000000000
-1.3170681489 -0.8760898980 -1.4338961225  2.0000000000
-0.9651611211 -0.8665363737 -1.0863780317  2.0000000000
-0.8743530634 -0.8643692858 -0.9997170470  2.0000000000
-0.7947868761 -0.8623943930 -0.9129747340  2.0000000000
-0.7080232942 -0.8605871564 -0.8262755239  2.0000000000
-0.5442718083 -0.8568878613 -0.6527605767  2.0000000000
-0.4580398225 -0.8551813225 -0.5661626558  2.0000000000
 0.1131112914 -0.8415291695  0.1319761496  2.0000000000
 0.4952713611 -0.8336602373  0.5680459045  2.0000000000
 0.8337272332 -0.8275976937  0.9157870415  2.0000000000
 1.1780691205 -0.8228432662  1.2627007538  2.0000000000
 1.6263973993 -0.8215810280  1.6095215746  2.0000000000
-1.5252901580 -0.9554519927 -1.5153455585  2.0000000000
-1.3202199682 -0.9501104259 -1.3417525816  2.0000000000
-1.0504255244 -0.9431756614 -1.0813554535  2.0000000000
-0.9530854227 -0.9410003406 -0.9947476079  2.0000000000
-0.1873737829 -0.9251857272 -0.2128385686  2.0000000000
-0.0409926009 -0.9218046670 -0.0382467818  2.0000000000
 0.2798969102 -0.9152125653  0.3103366330  2.0000000000
 0.8199231730 -0.9060123680  0.8319043797  2.0000000000
 1.0019655829 -0.9033446451  1.0054578356  2.0000000000
 1.3966294382 -0.8997200683  1.3521368987  2.0000000000
-1.6331216905 -1.0321747161 -1.5100915771  2.0000000000
-1.1357465636 -1.0197698237 -1.0764787558  2.0000000000
-0.2364703559 -1.0017532009 -0.2081289567  2.0000000000
-0.0414962987 -0.9983695559 -0.0343128137  2.0000000000
 1.0903316613 -0.9804142955  1.0085169561  2.0000000000
 1.1845218040 -0.9793148562  1.0950634181  2.0000000000
 1.3692604127 -0.9769628072  1.2682922850  2.0000000000
 1.8920881695 -0.9769107624  1.6143528503  2.0000000000
-0.8242011673 -1.0888011004 -0.7252910963  2.0000000000
-0.7311322778 -1.0869605852 -0.6387065567  2.0000000000
-0.5307085846 -1.0834678553 -0.4650668951  2.0000000000
-0.1499653209 -1.0765836745 -0.1171865770  2.0000000000
 0.0470700330 -1.0734261998  0.0566867953  2.0000000000
 0.2525758973 -1.0702264559  0.2304897846  2.0000000000
 0.6425297243 -1.0641357886  0.5782999371  2.0000000000
 0.7458247396 -1.0626153784  0.6651843131  2.0000000000
 0.9618728521 -1.0600049792  0.8383395951  2.0000000000
 1.0634796539 -1.0586716798  0.9250065868  2.0000000000
 1.2748271078 -1.0564155959  1.0981071407  2.0000000000
 1.4888549275 -1.0545357832  1.2711884340  2.0000000000
-1.8663560486 -1.1858506776 -1.4995757063  2.0000000000
-1.5194540857 -1.1777673785 -1.2398567234  2.0000000000
-1.0970135495 -1.1692028726 -0.8936368063  2.0000000000
-0.9948007107 -1.1674182177 -0.8072009943  2.0000000000
-0.7860477038 -1.1636521288 -0.6340755945  2.0000000000
-0.6724341356 -1.1618010458 -0.5475520627  2.0000000000
-0.5822873961 -1.1600442221 -0.4605401624  2.0000000000
-0.2790580808 -1.1549717990 -0.1997750405  2.0000000000
 0.0486473833 -1.1499478666  0.0606243511  2.0000000000
 0.3755639874 -1.1452465286  0.3212691259  2.0000000000
 2.1173944154 -1.1313022478  1.6200584920  2.0000000000
-2.0933255467 -1.2649547370 -1.5805106881  2.0000000000
-1.5109109231 -1.2521433815 -1.1482527160  2.0000000000
-1.3975907931 -1.2499741789 -1.0617129579  2.0000000000
-0.1916448601 -1.2298319154 -0.1088259300  2.0000000000
 0.6395902428 -1.2191039693  0.4984341384  2.0000000000
 0.8550940741 -1.2163921472  0.6719510264  2.0000000000
 1.6981563627 -1.2092243240  1.2771877177  2.0000000000
 2.2285043006 -1.2084826860  1.6228760541  2.0000000000
-2.2081588885 -1.3416493382 -1.5751271620  2.0000000000
-1.7254302756 -1.3317507659 -1.2300622879  2.0000000000
-1.4936012389 -1.3269416007 -1.0569748275  2.0000000000
-1.1512790326 -1.3209405651 -0.7976642862  2.0000000000
-1.0311283565 -1.3189849374 -0.7112283341  2.0000000000
-0.2063737827 -1.3064460237 -0.1046775380  2.0000000000
-0.0757036994 -1.3046780340 -0.0180659539  2.0000000000
 0.4135549553 -1.2985665339  0.3287988566  2.0000000000
 0.6851298356 -1.2959362158  0.5020215442  2.0000000000
 1.5392219193 -1.2875790765  1.1074507304  2.0000000000
 1.8006498886 -1.2864837890  1.2802962049  2.0000000000
 2.2071816021 -1.2857968969  1.5396391774  2.0000000000
-1.9569129301 -1.4111038409 -1.3114737248  2.0000000000
-1.3488290103 -1.3997359203 -0.8794324630  2.0000000000
-1.2233287839 -1.3976916441 -0.7930765919  2.0000000000
-0.6051269313 -1.3882531553 -0.3605074764  2.0000000000
 0.7182345225 -1.3726394621  0.5057217170  2.0000000000
 1.1262678284 -1.3689821817  0.7650480797  2.0000000000
 1.2492768652 -1.3678105054  0.8515277758  2.0000000000
 1.5086158842 -1.3658241532  1.0242648707  2.0000000000
-1.8095077248 -1.4829570042 -1.1338561541  2.0000000000
-1.1717579022 -1.4725043174 -0.7020914211  2.0000000000
-0.9074293821 -1.4684994501 -0.5292306833  2.0000000000
-0.7665805768 -1.4666572208 -0.4428190799  2.0000000000
-0.6529390684 -1.4648191425 -0.3560871963  2.0000000000
-0.0968848026 -1.4577926070 -0.0100405077  2.0000000000
 0.1907652545 -1.4546927065  0.1631495408  2.0000000000
 0.6116575448 -1.4505109183  0.4228580149  2.0000000000
 1.0531500968 -1.4468397675  0.6821850442  2.0000000000
 1.4621380530 -1.4438543680  0.9412441026  2.0000000000
 2.0105665883 -1.4410364130  1.2865672582  2.0000000000
-2.5328436533 -1.5709287314 -1.5593846405  2.0000000000
-1.5128551581 -1.5532946410 -0.8701023718  2.0000000000
-1.1061820030 -1.5471628710 -0.6110661121  2.0000000000
-0.3930596678 -1.5377640265 -0.1788554645  2.0000000000
 0.1862338244 -1.5310527312  0.1671322323  2.0000000000
 1.2583837332 -1.5224467759  0.7720113613  2.0000000000
 1.4039042519 -1.5216173212  0.8582745989  2.0000000000
 1.6760479419 -1.5198376065  1.0308959859  2.0000000000
 2.5299291202 -1.5166622985  1.5481046940  2.0000000000
-2.2740590523 -1.6407202761 -1.2963694573  2.0000000000
-2.0124366182 -1.6362291219 -1.1241539527  2.0000000000
-1.7427121772 -1.6318933344 -0.9517207977  2.0000000000
-1.1706615161 -1.6236029156 -0.6065021863  2.0000000000
-1.0148574399 -1.6213898839 -0.5200995206  2.0000000000
-0.7345348324 -1.6176700536 -0.3474251926  2.0000000000
-0.4192471105 -1.6139873550 -0.1746987092  2.0000000000
 0.1907550596 -1.6071653519  0.1710237868  2.0000000000
 0.5339032189 -1.6046450982  0.3437669597  2.0000000000
 1.1510609840 -1.5996502472  0.6892796612  2.0000000000
 1.3028117784 -1.5989175375  0.7755443686  2.0000000000
 1.9193790811 -1.5960542526  1.1203101755  2.0000000000
 2.0669829570 -1.5952471782  1.2064638522  2.0000000000
 2.4971499871 -1.5937901230  1.4649238699  2.0000000000
