-3.561302e+02 -2.326446e+01 -4.648034e+01 -2.816736e+01 -1.517230e+01 -1.575583e+01  4.544948e+00 -1.111258e+01 -3.293501e+01  3.075190e+00  1.180094e+01  2.070106e-01 -1.764537e+00  1.000000e+00
-3.305308e+02 -4.716923e-02 -1.471910e+01 -8.229935e+00 -2.627926e+00  2.004833e+00  3.232676e+00 -2.258521e+00 -5.558847e+00  2.000954e-01  6.328323e-01 -8.341721e-03 -1.456156e+00  1.000000e+00
-4.689112e+02  1.308706e+01 -1.804947e-01 -2.834220e+00 -1.757098e+00 -2.766237e+00 -4.760722e-01 -2.136721e-01 -7.419037e-01  1.121593e-01  4.753162e-01  2.752042e-02  6.453077e+00  1.000000e+00
-7.689463e+02  3.557816e+01  2.598108e+01  9.593119e+00  5.309011e+00  1.101204e+01  3.208159e+00 -4.563202e-01 -6.880036e-01 -2.777101e-02 -1.193171e-01 -9.498815e-04  8.738849e-01  1.000000e+00
-6.686534e-01 -4.771554e+01 -6.412358e+00  3.015662e+01  1.317582e+01 -6.299910e+00 -9.185072e+00 -2.964729e-01 -5.611210e+00  3.390102e+00  1.085356e+01  6.590944e-02 -2.212883e+00  1.000000e+00
-7.390535e+02  3.341874e+01  2.341690e+01  8.276462e+00  4.413172e+00  8.777264e+00  2.400023e+00 -1.972625e-01 -9.116183e-02 -5.466931e-02 -2.148949e-01 -2.279600e-03  4.891188e-01  1.000000e+00
-5.816698e+02  1.932585e+01  5.205257e+00 -3.064538e+00 -5.142218e+00 -1.889334e+01 -8.595395e+00  3.843632e+00  9.478483e+00 -5.462980e-01 -2.015234e+00 -3.209373e-02  2.126008e-01  1.000000e+00
-5.843001e+02  2.155739e+01  9.739935e+00  1.911580e+00  8.520130e-01  1.645295e+00  2.886735e-01  3.328566e-01  1.193680e+00 -1.951454e-01 -8.135456e-01 -4.578077e-02 -1.419763e+01  1.000000e+00
-3.246432e+02  1.943155e+00 -1.186911e+01 -6.331047e+00 -1.419781e+00  3.534728e+00  2.919699e+00 -1.202180e+00 -2.332395e+00 -1.285586e-01 -6.377065e-01 -3.084574e-02 -1.108029e+00  1.000000e+00
-3.247712e+02  2.017359e+00 -1.188098e+01 -6.457083e+00 -1.555717e+00  3.359644e+00  3.008325e+00 -1.457278e+00 -3.144243e+00 -2.604469e-02 -2.268425e-01 -2.053613e-02 -1.231398e+00  1.000000e+00
-7.992171e+02  3.771679e+01  2.854983e+01  1.097870e+01  6.360328e+00  1.397108e+01  4.400076e+00 -9.353694e-01 -1.860105e+00  4.120406e-02  1.369903e-01  4.007529e-03  1.397310e+00  1.000000e+00
-5.726483e+02  1.779216e+01  2.933070e+00 -4.750860e+00 -6.613098e+00 -2.282869e+01 -9.957847e+00  4.117898e+00  9.949604e+00 -5.290474e-01 -1.933201e+00 -3.114312e-02 -1.671976e+00  1.000000e+00
-6.124899e+02  2.166107e+01  7.850409e+00 -1.951625e+00 -4.727447e+00 -1.880126e+01 -8.870700e+00  4.138382e+00  1.027714e+01 -6.017776e-01 -2.221243e+00 -3.385178e-02  1.303085e+00  1.000000e+00
-4.417287e+02  4.335170e+00 -1.230978e+01 -1.070651e+01 -7.251458e+00 -1.315709e+01 -2.107487e+00 -2.143985e+00 -7.291774e+00  9.510543e-01  3.824990e+00  1.308445e-01  2.045706e+01  1.000000e+00
-8.363427e+02  4.037734e+01  3.171287e+01  1.261731e+01  7.503663e+00  1.691575e+01  5.498712e+00 -1.314002e+00 -2.750607e+00  8.546533e-02  2.970858e-01  6.599950e-03  1.927052e+00  1.000000e+00
-5.992715e+02  2.309447e+01  1.117204e+01  1.992351e+00  1.148593e-01 -2.082004e+00 -1.585918e+00  1.139012e+00  3.034510e+00 -2.070545e-01 -7.634263e-01 -7.718082e-03  1.508759e+00  1.000000e+00
-5.689994e+02  2.043767e+01  8.358784e+00  1.143621e+00  2.976825e-01  2.775819e-01 -1.721212e-01  4.212401e-01  1.333718e+00 -1.787807e-01 -7.352579e-01 -3.971407e-02 -1.289710e+01  1.000000e+00
-4.121775e+02  8.805881e+00 -5.013473e+00 -4.728621e+00 -2.120012e+00 -9.569400e-01  1.091907e+00 -1.344712e+00 -3.717632e+00  3.063405e-01  1.191468e+00  3.142996e-02  1.248811e+00  1.000000e+00
-9.686045e+02  4.995628e+01  4.314924e+01  1.858754e+01  1.168191e+01  2.763817e+01  9.472249e+00 -2.655249e+00 -5.884608e+00  2.368590e-01  8.423864e-01  1.537448e-02  4.019026e+00  1.000000e+00
-1.150892e+02 -1.745505e+01 -1.491213e+01  7.021477e+00  7.092053e+00  5.831193e+00 -3.553365e+00  3.284394e+00  7.094797e+00 -3.036626e-01 -1.101308e+00  3.674322e-02  3.897080e+00  1.000000e+00
-4.640404e+01 -3.187783e+01 -1.150375e+01  2.134626e+01  1.328064e+01 -1.491507e+00 -1.065558e+01  1.500278e+00 -2.980548e+00  7.803003e-01  3.507070e+00  1.092290e-01  2.584966e+00  1.000000e+00
-3.079558e+01 -8.821797e+00 -3.291997e+00  7.604858e+00  2.652939e+00  1.434735e+00 -1.394488e+00  1.656190e+00  2.692447e+00  1.868867e+00  7.052022e+00  1.473954e-01 -7.007276e-01  1.000000e+00
-3.145924e+02 -6.934016e-01 -1.490869e+01 -7.635372e+00 -1.859635e+00  3.622041e+00  3.327490e+00 -1.514474e+00 -3.085413e+00 -1.246713e-01 -6.653533e-01 -4.033499e-02 -1.723387e+00  1.000000e+00
-2.956589e+02 -3.315115e+00 -1.723529e+01 -7.871710e+00 -1.410801e+00  4.927618e+00  3.477131e+00 -9.335260e-01 -1.100323e+00 -4.133072e-01 -1.835172e+00 -7.141298e-02 -2.001371e+00  1.000000e+00
-1.155919e+02 -7.738630e+00 -8.729205e+00  4.902967e+00  4.015680e+00  2.978686e+00 -1.798079e+00  8.180086e-01  9.772084e-01 -3.774683e-01 -1.831724e+00 -7.943221e-02 -8.361975e-01  1.000000e+00
-9.666993e+01 -1.116167e+01 -9.757566e+00  7.027851e+00  5.726580e+00  3.735018e+00 -3.176712e+00  2.083757e+00  3.847035e+00 -3.197631e-01 -1.394566e+00 -6.829855e-03  2.676215e+00  1.000000e+00
-4.820661e+02  1.408015e+01  8.863288e-01 -2.512587e+00 -1.844823e+00 -3.754400e+00 -1.045692e+00  4.416773e-02 -1.652437e-01  1.174658e-01  5.319843e-01  4.277846e-02  1.249825e+01  1.000000e+00
-5.776806e+02  1.822833e+01  3.465600e+00 -4.480033e+00 -6.469645e+00 -2.264907e+01 -9.967889e+00  4.187869e+00  1.016017e+01 -5.496038e-01 -2.012975e+00 -3.238445e-02 -1.179899e+00  1.000000e+00
-1.856785e+02 -1.424754e+01 -1.993793e+01 -6.914027e-01  4.073065e+00  8.440127e+00 -3.027717e-02  2.784161e+00  8.068890e+00 -1.043300e+00 -4.260965e+00 -8.285690e-02  1.886732e+00  1.000000e+00
-3.146039e+02  4.895359e-01 -1.344549e+01 -6.885447e+00 -1.499729e+00  3.925656e+00  3.186041e+00 -1.268922e+00 -2.394317e+00 -1.702680e-01 -8.255354e-01 -3.980326e-02 -1.552253e+00  1.000000e+00
-5.752288e+02  1.913289e+01  5.194185e+00 -2.764769e+00 -4.642818e+00 -1.703191e+01 -7.767511e+00  3.511635e+00  8.694368e+00 -5.108074e-01 -1.889322e+00 -3.068881e-02  2.916559e-01  1.000000e+00
-8.041360e+02  3.807793e+01  2.898587e+01  1.121280e+01  6.530144e+00  1.441923e+01  4.569475e+00 -9.944819e-01 -1.999310e+00  4.818491e-02  1.623268e-01  4.457485e-03  1.502639e+00  1.000000e+00
-2.696963e+02 -4.321928e+00 -1.724210e+01 -6.610365e+00 -1.173227e-01  7.022637e+00  3.258420e+00  3.404516e-01  2.869318e+00 -8.560209e-01 -3.566951e+00 -1.024965e-01 -1.633143e+00  1.000000e+00
-5.223732e+02  1.646047e+01  4.155497e+00 -1.405660e-01  5.276863e-01  3.694043e+00  1.956852e+00 -8.061801e-01 -1.761966e+00 -2.145079e-02 -1.917472e-01 -4.828962e-02 -2.006707e+01  1.000000e+00
-3.767226e+02  6.009041e+00 -8.036208e+00 -5.772994e+00 -2.209145e+00  3.418789e-01  2.009453e+00 -1.882971e+00 -5.061841e+00  3.730776e-01  1.425298e+00  3.176201e-02  6.445182e-01  1.000000e+00
-1.920939e+02 -5.104218e+00 -1.236567e+01 -5.088051e-01  2.421698e+00  5.956130e+00  6.374483e-01  1.112243e+00  3.503829e+00 -8.553432e-01 -3.703046e+00 -1.156396e-01 -5.794219e-01  1.000000e+00
-1.513885e+02 -1.093779e+01 -1.480020e+01  2.170524e+00  4.809520e+00  7.490808e+00 -1.035174e+00  3.033059e+00  8.310554e+00 -9.709172e-01 -3.918803e+00 -5.416416e-02  2.826072e+00  1.000000e+00
-3.849761e+02  1.281972e+00 -1.445846e+01 -9.721677e+00 -4.722200e+00 -3.995509e+00  1.429974e+00 -2.561234e+00 -7.184027e+00  5.402119e-01  2.024183e+00  3.269157e-02 -1.409284e-01  1.000000e+00
-2.994681e+02  1.370345e-01 -1.338856e+01 -6.284085e+00 -8.076521e-01  5.296923e+00  3.206217e+00 -5.430668e-01 -7.449494e-03 -4.773158e-01 -2.049516e+00 -6.885321e-02 -1.681554e+00  1.000000e+00
-2.931508e+01 -4.791216e+01 -1.245735e+01  3.030936e+01  1.666877e+01 -4.649515e+00 -1.255366e+01  4.857751e-01 -5.467068e+00  2.512961e+00  6.024760e+00 -9.968053e-02  1.071008e+00  1.000000e+00
-6.024420e+01 -9.582510e+00 -5.890100e+00  9.616111e+00  5.844882e+00  9.756992e-01 -4.362101e+00  9.888106e-01 -4.529673e-01 -6.899249e-02 -7.156120e-01 -5.005475e-02  1.090554e+00  1.000000e+00
-3.154636e+02 -8.428834e+00 -2.445764e+01 -1.256490e+01 -4.302912e+00  1.336990e+00  4.201163e+00 -3.270148e+00 -8.151178e+00  2.687646e-01  7.739844e-01 -3.337211e-02 -2.888082e+00  1.000000e+00
-3.752296e+02  4.002118e+00 -1.046932e+01 -6.947482e+00 -2.757686e+00 -4.174600e-01  1.864550e+00 -1.743614e+00 -4.518450e+00  2.428115e-01  8.671390e-01  9.137244e-03 -5.941262e-01  1.000000e+00
 6.708997e+01 -1.685324e+01  5.880055e+00  1.052081e+01 -2.216016e+00 -3.789529e+00  3.114702e+00 -2.188247e+00 -3.475775e+00 -1.400913e+00 -7.027238e+00 -3.698446e-01 -1.099667e+00  1.000000e+00
-1.567567e+02 -9.239376e+00 -1.376785e+01  1.818278e+00  4.317212e+00  6.977344e+00 -7.903866e-01  2.569290e+00  7.031092e+00 -9.492361e-01 -3.919825e+00 -7.254002e-02  2.116126e+00  1.000000e+00
-3.623562e+02  3.197422e+00 -1.147700e+01 -7.498004e+00 -3.014971e+00 -1.916417e-01  2.438141e+00 -2.550246e+00 -6.969559e+00  5.290318e-01  2.011232e+00  3.909828e-02  1.592639e-02  1.000000e+00
-3.454300e+02  3.610373e+00 -1.034748e+01 -6.179711e+00 -1.805423e+00  2.189907e+00  2.613715e+00 -1.604574e+00 -3.828016e+00  1.192567e-01  3.750059e-01 -1.323937e-03 -4.833575e-01  1.000000e+00
-2.669505e+02 -9.579053e+00 -2.265856e+01 -8.416842e+00 -5.865061e-01  6.893558e+00  3.487622e+00  6.994396e-02  2.083791e+00 -7.968040e-01 -3.360363e+00 -1.036691e-01 -1.827073e+00  1.000000e+00
-3.406412e+02  1.429583e+00 -1.311711e+01 -7.687644e+00 -2.596879e+00  1.440369e+00  2.923103e+00 -2.255353e+00 -5.745252e+00  2.930365e-01  1.036726e+00  8.567581e-03 -8.755614e-01  1.000000e+00
-5.488878e+02  1.941496e+01  6.901659e+00 -1.096748e-01 -1.300021e+00 -5.771886e+00 -3.017026e+00  1.708356e+00  4.440428e+00 -2.952181e-01 -1.093899e+00 -1.246895e-02  2.873377e+00  1.000000e+00
-4.410213e+02  5.308299e+00 -1.084947e+01 -9.646192e+00 -6.440798e+00 -1.146569e+01 -1.760863e+00 -1.929578e+00 -6.515655e+00  8.451964e-01  3.403195e+00  1.193256e-01  1.957639e+01  1.000000e+00
-5.632165e+02  1.333990e+01 -4.387523e+00 -1.088155e+01 -1.233775e+01 -3.869892e+01 -1.559566e+01  5.358610e+00  1.221461e+01 -4.889665e-01 -1.716800e+00 -3.065517e-02 -9.965111e+00  1.000000e+00
-4.723328e+02  1.210009e+01 -8.094571e-01 -1.966260e+00  7.689100e-01  9.532566e+00  6.153203e+00 -4.046892e+00 -1.073158e+01  7.966868e-01  3.035973e+00  5.733573e-02 -4.362555e+00  1.000000e+00
-6.641020e+02  2.797108e+01  1.693739e+01  4.939409e+00  2.145869e+00  3.169458e+00  4.001886e-01  4.109820e-01  1.281362e+00 -1.089145e-01 -4.025450e-01 -4.621071e-03 -7.728596e-01  1.000000e+00
-3.475576e+02 -1.153442e+01 -3.046076e+01 -1.816876e+01 -8.918500e+00 -6.862741e+00  4.004277e+00 -6.932641e+00 -2.004709e+01  1.746786e+00  6.656480e+00  1.100475e-01 -1.780367e+00  1.000000e+00
-4.024791e+02  7.379524e+00 -6.801529e+00 -5.680131e+00 -2.622021e+00 -1.477191e+00  1.240900e+00 -1.717540e+00 -4.832584e+00  4.190469e-01  1.633125e+00  4.307050e-02  2.387618e+00  1.000000e+00
-2.454903e+02 -3.622516e+00 -1.576607e+01 -5.158215e+00  1.024211e+00  8.737944e+00  3.003347e+00  1.532303e+00  6.607358e+00 -1.275017e+00 -5.202303e+00 -1.318212e-01 -1.274594e+00  1.000000e+00
-5.607208e+02  1.851097e+01  4.734276e+00 -2.609060e+00 -4.135175e+00 -1.480996e+01 -6.673183e+00  2.958665e+00  7.284389e+00 -4.125893e-01 -1.513550e+00 -2.226965e-02  4.281202e-02  1.000000e+00
-5.739707e+02  2.133749e+01  9.109660e+00  9.281870e-01 -6.742670e-01 -4.328024e+00 -2.511242e+00  1.533225e+00  4.013561e+00 -2.673239e-01 -9.880237e-01 -1.144696e-02  1.615028e+00  1.000000e+00
 2.515702e+02 -3.097276e+00  1.383890e+01 -1.533896e+01  7.415875e+00  2.807137e+00 -9.725959e+00 -1.412296e+01  2.953688e+00  2.219302e+00 -7.660622e-01  8.654832e+00  1.981783e-01  2.000000e+00
 6.646778e+01 -1.555071e+01  5.677252e+00  9.852964e+00 -2.387987e+00 -3.381963e+00  3.153610e+00 -1.871555e+00 -2.804733e+00 -9.373610e-01 -5.487390e+00 -3.552811e-01 -1.103515e+00  2.000000e+00
 3.282555e+02  1.702886e+01  1.484250e+00 -9.572939e+00  1.746824e+01 -6.209822e+00  7.146998e+00  1.183258e+00  1.079508e-01 -5.100755e-01  1.041808e-01  4.361028e+00 -8.110425e-02  2.000000e+00
 1.227318e+02 -6.114918e+00  9.174044e+00  1.487116e+00 -7.932463e+00 -3.148044e-01  5.358904e+00  1.305625e+00  5.875844e-01 -5.227518e+00 -9.089342e-01  8.252313e-01  1.056676e+00  2.000000e+00
 3.558173e+02  2.591581e+01 -6.193151e+00  1.160756e+00  2.607591e+00 -1.881699e+00  3.105542e+00  1.221059e+00 -2.433600e-02 -1.294417e+00  4.372610e-01 -1.464735e+00 -8.357341e-02  2.000000e+00
 4.344980e+02  3.572435e+01 -1.372637e+01  8.749647e+00 -6.335720e+00  8.642793e-01  1.433016e-01  8.834028e-01 -7.435008e-02 -1.648081e+00  6.742257e-01 -1.500533e+01  4.532687e-01  2.000000e+00
 6.771731e+01 -1.023506e+01  5.183706e+00  7.512368e+00 -2.912894e+00 -2.284196e+00  3.020648e+00 -1.149606e+00 -1.601829e+00 -1.735922e-01 -3.378920e+00 -3.822000e-01 -6.072389e-01  2.000000e+00
 2.726293e+02  1.839445e+00  1.088356e+01 -1.401601e+01  8.522782e+00  2.297641e+00 -1.025206e+01 -2.295370e+01  5.836181e+00 -2.511789e+00  1.042176e+00  4.003982e+00  1.657148e-02  2.000000e+00
 2.644043e+02  3.397293e+00  9.233186e+00 -1.081173e+01  3.863071e+00  3.341793e+00 -1.049922e+01 -2.096257e+01  5.314641e+00 -2.916593e+00  1.161822e+00  7.744002e-01 -7.526264e-03  2.000000e+00
-1.197791e+01 -3.073972e+01 -5.918027e+00  2.102238e+01  9.857820e+00 -2.751586e+00 -7.530131e+00  1.259153e+00 -2.095493e+00  2.778287e+00  1.173025e+01  3.093806e-01 -9.303558e-01  2.000000e+00
 1.534223e+01 -7.469703e+01 -5.541273e+00  3.772392e+01  1.632523e+01 -1.182497e+01 -1.063129e+01 -6.228889e+00 -1.780185e+01 -8.200411e+00 -2.978205e+01 -4.432948e-01  3.095308e+00  2.000000e+00
-1.417993e+02 -7.226787e+00 -1.088248e+01  2.848890e+00  3.939235e+00  5.255469e+00 -1.021726e+00  1.731420e+00  4.332613e+00 -7.556389e-01 -3.256377e+00 -8.434563e-02  7.440381e-01  2.000000e+00
 3.675243e+02  2.575211e+01 -5.769296e+00 -3.772727e-01  5.661550e+00 -2.896319e+00  4.011431e+00 -2.180443e-01  5.353018e-01 -2.514820e+00  9.320604e-01 -4.927703e+00 -6.404584e-02  2.000000e+00
 2.977026e+02  1.723880e+01 -4.090906e-01 -2.230248e+00  1.215272e+00  2.725189e-01 -1.431836e+00 -5.844949e+00  1.752475e+00 -3.106694e+00  1.079941e+00 -4.820018e+00 -2.186206e-01  2.000000e+00
-2.650082e+02 -6.472312e+01 -8.336512e+01 -3.072560e+01 -5.091576e+00  1.195154e+01  8.304504e+00 -2.820387e-01  3.706831e+00 -1.324713e+00 -5.519593e+00 -1.975398e-01 -5.040316e+00  2.000000e+00
-1.580897e+02 -6.999617e+00 -1.132567e+01  2.077761e+00  3.463311e+00  4.962949e+00 -6.868597e-01  1.268600e+00  3.038229e+00 -6.716349e-01 -2.975424e+00 -9.313445e-02  9.093530e-02  2.000000e+00
 3.510349e+02  2.141180e+01 -1.649703e+00 -6.958172e+00  1.646263e+01 -6.738832e+00  8.725445e+00  2.820008e+00 -1.410822e-01 -1.358999e+00  4.432948e-01  1.059009e+00 -6.043497e-02  2.000000e+00
 3.849230e+02  3.000064e+01 -9.440475e+00  4.815656e+00 -2.219415e+00 -3.089159e-01  1.377734e+00  1.495806e+00 -2.541091e-01 -6.222553e-01  2.023526e-01 -1.761625e+00 -1.095308e-02  2.000000e+00
 2.690579e+02  5.853442e+00  7.609026e+00 -1.066772e+01  1.169821e+01 -3.784181e+00  5.927732e+00  1.304770e+01 -3.862319e+00  5.716049e+00 -2.279204e+00  9.345150e+00  1.937959e-01  2.000000e+00
-2.024004e+01 -7.099813e+01 -1.508128e+01  4.233836e+01  2.144690e+01 -8.812428e+00 -1.482890e+01 -1.190806e+00 -9.955541e+00  1.284355e+00  2.823974e+00 -1.865524e-01 -2.067658e+00  2.000000e+00
 3.133040e+02  1.511221e+01  2.442199e+00 -9.183613e+00  1.490401e+01 -5.049356e+00  5.783961e+00  1.987536e+00 -2.899687e-01  3.703913e-01 -2.404210e-01  5.276708e+00 -7.214898e-02  2.000000e+00
 5.015691e+02  4.500499e+01 -2.133175e+01  1.795570e+01 -2.004638e+01  5.909432e+00 -6.066273e+00  1.861410e+00 -1.134479e+00  3.880429e+00 -1.486346e+00  1.654863e+01 -3.721245e-01  2.000000e+00
 3.097169e+01 -8.330138e+00  1.747782e+00  6.608037e+00 -8.973655e-01  2.052492e-02  1.029256e+00  1.080670e+00  2.008571e+00  2.255518e+00  8.117494e+00  5.673044e-02 -1.218414e+00  2.000000e+00
 1.348365e+02 -5.677285e+01  2.899395e+01  1.561524e+00 -1.547695e+01 -1.280789e+00  1.209972e+01  2.710668e+00  3.018682e+00 -2.203969e+01  7.001263e+00  5.686598e+00  5.161173e-01  2.000000e+00
 2.558720e+02  2.067420e+00  1.030629e+01 -1.188376e+01  5.018706e+00  2.701956e+00 -8.669488e+00 -1.363440e+01  3.022948e+00  8.261688e-01 -3.358700e-01  6.179117e+00  1.455720e-01  2.000000e+00
 2.458072e+02  6.599070e+00  6.842742e+00 -7.303339e+00  1.015392e+00  2.168042e+00 -4.776942e+00 -3.118584e+00  2.337146e-01  1.938780e+00 -9.227954e-01  2.927288e+00  9.644164e-02  2.000000e+00
 3.271604e+02  1.825217e+01  3.347597e-01 -7.598067e+00  1.436735e+01 -5.277958e+00  6.350512e+00  1.932421e+00 -1.744272e-01 -1.730295e-01 -3.775196e-02  4.241389e+00 -6.504200e-02  2.000000e+00
 2.720546e+02  1.327795e+01  2.138723e+00 -3.360285e+00 -4.634090e-01  1.513981e+00 -3.178804e+00 -4.492768e+00  1.034020e+00 -9.313184e-01  1.734929e-01 -1.090859e+00 -3.065634e-02  2.000000e+00
 1.951797e+02 -3.407894e+01  3.008342e+01 -2.060578e+01 -3.248923e+00  9.115513e+00 -1.601977e+01  8.365235e+00 -5.018141e+00  4.634126e-01 -8.883625e-02 -3.763975e+00 -6.150430e-01  2.000000e+00
 7.037658e+01 -1.480243e+01  6.192028e+00  6.130930e+00 -4.716243e+00 -7.412427e-01  5.075664e+00  4.884253e-01  3.340582e+00  1.619387e+00  7.511269e+00  2.045247e-01 -7.330572e-01  2.000000e+00
 1.404748e+02 -8.062978e+01  3.872944e+01  8.979784e-01 -1.872864e+01 -1.710508e+00  1.530875e+01  2.930532e+00  4.401641e+00 -2.930350e+01  1.036999e+01  8.225108e+00  5.512807e-01  2.000000e+00
 2.905056e+02  1.175345e+01  4.020888e+00 -7.733806e+00  6.187485e+00  2.600394e-01 -3.928330e+00 -1.222024e+01  3.295637e+00 -2.735665e+00  9.703463e-01 -2.763311e-01 -1.305612e-01  2.000000e+00
 3.252745e+02  2.137756e+01 -3.019042e+00 -1.049528e+00  2.708403e+00 -1.116184e+00  1.416147e+00 -3.742850e-01  2.374083e-01 -8.985892e-01  2.365095e-01 -3.060958e-01 -7.477746e-02  2.000000e+00
 2.787829e+02  7.879748e+00  6.733351e+00 -1.004066e+01  6.480612e+00  1.389925e+00 -6.906963e+00 -1.634646e+01  4.171750e+00 -1.936131e+00  7.055276e-01  3.500320e+00  8.221760e-03  2.000000e+00
 4.896616e+02  4.355529e+01 -2.019121e+01  1.672784e+01 -1.837994e+01  5.309428e+00 -5.316718e+00  1.874268e+00 -1.054570e+00  3.346081e+00 -1.281668e+00  1.350105e+01 -2.898677e-01  2.000000e+00
 4.419884e+02  3.729105e+01 -1.511320e+01  1.077256e+01 -9.649696e+00  2.075845e+00 -1.273387e+00  1.461568e+00 -4.323165e-01 -2.147610e-01  1.085711e-01 -7.720032e+00  2.839719e-01  2.000000e+00
-2.148610e+02 -9.010292e+01 -9.324790e+01 -1.899565e+01  5.696331e+00  2.107115e+01  3.079476e+00  7.142495e+00  2.281823e+01 -1.457625e+00 -4.894715e+00  2.537027e-02  2.875096e+00  2.000000e+00
 1.444401e+02 -8.039945e+01  3.779921e+01  2.586768e+00 -1.459223e+01 -6.261363e+00  2.210807e+01 -1.315109e+01  1.143380e+01  2.967097e+01 -3.227008e+00 -4.463398e+00  9.913031e-01  2.000000e+00
 3.498467e+02  2.366505e+01 -4.279556e+00 -1.450552e+00  6.071391e+00 -2.824733e+00  3.840559e+00  3.844587e-01  2.704629e-01 -1.693231e+00  5.821866e-01 -1.941866e+00 -8.601752e-02  2.000000e+00
 8.938328e+01 -7.234764e+00  6.801994e+00  3.384813e+00 -5.925752e+00 -5.351931e-01  5.143877e+00  1.224223e-01  1.937840e+00  2.466978e-01  9.289605e-01 -8.197061e-02  9.788181e-01  2.000000e+00
 3.701876e+02  2.794874e+01 -7.805033e+00  2.964073e+00  2.582941e-01 -1.128254e+00  2.291126e+00  1.360280e+00 -1.326934e-01 -1.002911e+00  3.368894e-01 -1.757196e+00 -4.712828e-02  2.000000e+00
 3.381586e+01 -1.088330e+01  2.188872e+00  8.873835e+00 -6.015243e-01 -1.721589e+00  1.451443e+00 -6.533133e-01 -9.575103e-01  6.673699e-01 -6.082324e-01 -3.127199e-01 -1.241566e+00  2.000000e+00
 1.940406e+02 -3.422730e+01  3.005559e+01 -2.033543e+01 -3.587705e+00  9.098285e+00 -1.579728e+01  8.514454e+00 -4.998653e+00  5.370680e-01 -1.054225e-01 -3.998509e+00 -5.912469e-01  2.000000e+00
 3.395754e+02  1.909055e+01  4.606520e-02 -8.512610e+00  1.743299e+01 -6.640512e+00  8.092654e+00  1.693413e+00  1.028231e-01 -1.192944e+00  3.743413e-01  2.401604e+00 -8.479313e-02  2.000000e+00
 3.606465e+02  2.655856e+01 -6.701507e+00  1.732114e+00  1.828038e+00 -1.620246e+00  2.816007e+00  1.293103e+00 -7.284326e-02 -1.166739e+00  3.899047e-01 -1.551938e+00 -6.843685e-02  2.000000e+00
 7.648576e+01 -7.361012e+00  5.665397e+00  3.769987e+00 -4.922870e+00 -1.402841e-01  4.289335e+00  5.946386e-01  2.582244e+00  1.106145e+00  4.184372e+00  4.141865e-03  4.684877e-01  2.000000e+00
 4.649934e+02  4.051405e+01 -1.779264e+01  1.412476e+01 -1.483665e+01  4.039460e+00 -3.741710e+00  1.876964e+00 -8.808755e-01  2.241804e+00 -8.596056e-01  7.444167e+00 -1.308197e-01  2.000000e+00
 2.635507e+02  4.647965e+00  8.333427e+00 -9.754675e+00  2.913203e+00  3.333696e+00 -9.970287e+00 -1.946004e+01  4.916011e+00 -2.771007e+00  1.068064e+00  4.594195e-01 -8.369398e-03  2.000000e+00
 2.813456e+02  1.472419e+01  1.313024e+00 -3.216523e+00  3.269538e-01  1.226652e+00 -3.172189e+00 -6.535186e+00  1.697713e+00 -1.852238e+00  5.559299e-01 -1.737492e+00 -8.412042e-02  2.000000e+00
 4.684854e+02  4.096719e+01 -1.814898e+01  1.451121e+01 -1.534202e+01  4.208738e+00 -3.936801e+00  1.885762e+00 -9.011628e-01  2.326060e+00 -8.896193e-01  7.574210e+00 -1.286473e-01  2.000000e+00
 6.562352e+01 -1.298035e+01  5.355312e+00  7.876616e+00 -3.223875e+00 -1.981551e+00  3.594586e+00 -5.300677e-01 -1.060697e-01  2.903246e-01  1.199179e+00 -1.137313e-01 -1.194040e+00  2.000000e+00
 1.964175e+02 -4.767982e+00  1.287657e+01 -8.381490e+00 -3.851147e+00  3.913573e+00 -5.108465e+00  4.375683e+00 -1.938730e+00  4.041241e+00 -1.664884e+00 -1.828710e+00  1.745329e-01  2.000000e+00
 4.547046e+02  3.918660e+01 -1.674239e+01  1.296942e+01 -1.328524e+01  3.504752e+00 -3.108878e+00  1.847936e+00 -8.095067e-01  1.900101e+00 -7.336367e-01  6.371512e+00 -1.176961e-01  2.000000e+00
 1.487754e+02 -3.652825e+00  9.494457e+00 -9.456607e-01 -7.306233e+00  5.412921e-01  3.801238e+00  1.086285e+00  9.606053e-01  3.650020e+00 -2.089039e+00 -2.075957e+00  1.027994e+00  2.000000e+00
 3.414858e+02  2.383886e+01 -4.638438e+00 -2.241732e-01  3.618446e+00 -2.003728e+00  3.105594e+00  1.521821e+00 -1.697260e-01 -8.076569e-01  2.212418e-01 -6.632637e-02 -7.895656e-02  2.000000e+00
 3.920944e+02  3.070249e+01 -9.945410e+00  5.194208e+00 -2.513652e+00 -2.326376e-01  1.281641e+00  1.299510e+00 -1.856299e-01 -8.714981e-01  3.122782e-01 -4.244689e+00  7.388299e-02  2.000000e+00
 3.690407e+02  2.759495e+01 -7.499600e+00  2.531351e+00  8.871261e-01 -1.321100e+00  2.469854e+00  1.212788e+00 -7.250302e-02 -1.113891e+00  3.787426e-01 -1.784026e+00 -5.652296e-02  2.000000e+00
 2.764804e+02  1.072337e+01  4.430586e+00 -6.888648e+00  3.306778e+00  1.423394e+00 -5.136832e+00 -1.059747e+01  2.619953e+00 -1.184603e+00  3.334325e-01  2.096200e+00  1.169286e-02  2.000000e+00
 4.428143e+02  3.692359e+01 -1.470138e+01  9.909343e+00 -7.975002e+00  1.429144e+00 -5.072548e-01  9.989552e-01 -1.749905e-01 -1.270388e+00  5.342114e-01 -1.415584e+01  4.560827e-01  2.000000e+00
 4.059264e+02  3.275879e+01 -1.163209e+01  7.263632e+00 -5.552598e+00  8.442294e-01  1.722104e-02  1.617224e+00 -4.302104e-01  1.941069e-01 -1.041103e-01  1.328740e+00 -6.696100e-02  2.000000e+00
 1.923266e+02 -3.441115e+01  2.994081e+01 -1.981584e+01 -4.061484e+00  8.963234e+00 -1.524484e+01  8.578769e+00 -4.865926e+00  4.319701e-01 -3.736050e-02 -4.265482e+00 -5.508688e-01  2.000000e+00
 1.293395e+02 -5.390962e+00  8.966737e+00  1.520998e+00 -7.778609e+00 -8.211122e-01  6.696232e+00  1.062768e-01  1.528055e+00 -3.155046e+00 -1.064661e+00  1.318699e+00  1.278979e+00  2.000000e+00
 3.095078e+02  5.085286e+00  8.616314e+00 -1.516706e+01  2.411991e+01 -9.914347e+00  1.572061e+01  2.240217e+01 -5.713861e+00  4.640506e+00 -1.689315e+00  2.549910e+00 -4.005774e-02  2.000000e+00
 4.214426e+02  3.382851e+01 -1.221986e+01  7.035045e+00 -4.066402e+00  1.391636e-01  9.093323e-01  6.681951e-01  5.455287e-02 -1.954757e+00  7.843277e-01 -1.481986e+01  4.204579e-01  2.000000e+00
 3.990928e+02  3.113103e+01 -1.014901e+01  4.971032e+00 -1.627809e+00 -6.282418e-01  1.769786e+00  8.452334e-01  4.688240e-02 -1.829041e+00  7.030819e-01 -1.037249e+01  2.364654e-01  2.000000e+00
 3.986959e+02  3.129281e+01 -1.034656e+01  5.419008e+00 -2.565788e+00 -2.392874e-01  1.275137e+00  1.092014e+00 -1.102542e-01 -1.065729e+00  3.935110e-01 -5.075086e+00  8.353024e-02  2.000000e+00
 3.993435e+02  3.149887e+01 -1.052406e+01  5.667404e+00 -2.908042e+00 -1.462138e-01  1.208963e+00  1.167972e+00 -1.307542e-01 -1.148906e+00  4.314705e-01 -6.789155e+00  1.528713e-01  2.000000e+00
 4.276602e+02  3.573964e+01 -1.401153e+01  9.958918e+00 -9.190724e+00  2.066198e+00 -1.371563e+00  1.783816e+00 -6.074652e-01  8.138457e-01 -3.246945e-01  1.644004e+00 -1.743727e-02  2.000000e+00
 3.069851e+02  1.868630e+01 -1.056728e+00 -2.690911e+00  3.698240e+00 -1.127084e+00  1.154825e+00 -5.894745e-01  2.349261e-01 -6.325228e-01  1.093559e-01  4.414766e-01 -8.678404e-02  2.000000e+00
 4.384270e+02  3.709784e+01 -1.507643e+01  1.109860e+01 -1.067687e+01  2.570521e+00 -1.965139e+00  1.780873e+00 -6.613215e-01  1.076176e+00 -4.181726e-01  2.163726e+00 -1.485359e-02  2.000000e+00
 1.784699e+02 -4.852063e+01  3.543729e+01 -1.883862e+01 -8.336607e+00  9.097376e+00 -1.296800e+01  1.004990e+01 -4.353720e+00 -1.238145e+00  9.040270e-01 -6.719413e+00 -3.179631e-01  2.000000e+00
 1.344759e+02 -5.036567e+01  2.539644e+01  3.949880e+00 -1.226392e+01 -4.690604e+00  1.683650e+01 -8.268735e+00  7.476719e+00  1.882684e+01 -3.001132e+00 -3.551487e+00  8.409194e-01  3.000000e+00
 2.311609e+02  7.069029e+00  6.369287e+00 -5.974679e+00 -7.074620e-01  2.055648e+00 -3.146723e+00  2.571353e+00 -1.372680e+00  3.103032e+00 -1.467874e+00  2.223700e+00  1.007901e-01  3.000000e+00
 1.987499e+02 -1.623061e+01  2.020410e+01 -1.442396e+01 -3.102798e+00  6.428274e+00 -1.059258e+01  5.777074e+00 -3.275743e+00  5.934856e+00 -1.872256e+00 -3.709252e+00 -1.219848e-01  3.000000e+00
 1.562814e+02 -6.268707e+00  1.101447e+01 -1.935559e+00 -7.315543e+00  7.044090e-01  3.720474e+00  8.443019e-01  1.284552e+00  4.904779e+00 -1.977693e+00 -2.000485e+00  1.066710e+00  3.000000e+00
 1.006013e+02 -6.542288e+00  7.399510e+00  2.150336e+00 -6.392798e+00  9.253086e-02  4.480839e+00  1.284754e+00  1.718447e+00 -2.548303e+00  1.843429e+00  5.301613e-01  1.159886e+00  3.000000e+00
 4.979391e+01 -1.048389e+01  3.590207e+00  8.225517e+00 -1.741557e+00 -1.831043e+00  2.222555e+00 -5.818894e-01 -6.447539e-01  9.842286e-01  7.894516e-01 -2.985113e-01 -1.353723e+00  3.000000e+00
 2.380320e+01 -1.048266e+01  1.202892e+00  8.258645e+00 -2.431263e-01 -4.916989e-01  1.081732e+00  7.481613e-01  2.016901e+00  3.552471e+00  9.768327e+00 -1.157351e-01 -2.616824e+00  3.000000e+00
 2.488363e+02  6.943229e+00  6.763379e+00 -7.724729e+00  2.542867e+00  1.254800e+00 -2.952560e+00  6.954598e-01 -8.380280e-01  3.281152e+00 -1.455141e+00  4.850805e+00  1.284570e-01  3.000000e+00
 1.764547e+02 -2.492920e+01  2.299901e+01 -1.205971e+01 -7.388835e+00  6.284714e+00 -7.880865e+00  7.859752e+00 -3.098852e+00 -9.793367e-01  1.871307e-01 -4.774809e+00 -2.001907e-02  3.000000e+00
 1.665111e+02 -1.927827e+00  9.750508e+00 -2.839851e+00 -6.991352e+00  1.636509e+00  1.592616e+00  2.855531e+00  1.158714e-01  1.838145e+00 -1.259829e+00 -1.947831e+00  8.579899e-01  3.000000e+00
 1.565337e+02 -7.460819e+00  1.226127e+01 -3.390124e+00 -8.123096e+00  2.333278e+00  6.106895e-01  4.460434e+00 -6.456321e-01 -2.723554e+00 -1.382053e-01 -2.016045e+00  6.598718e-01  3.000000e+00
-3.426868e+01 -4.575370e+01 -1.299960e+01  2.076454e+01  9.718321e+00  2.112817e+00 -4.584925e+00  5.145903e+00  1.068876e+01  6.338546e+00  2.850817e+01  1.111532e+00 -1.395085e+00  3.000000e+00
 2.439458e+02  9.034631e+00  5.172314e+00 -5.603009e+00  4.399615e-01  1.308672e+00 -1.987029e+00  3.260531e+00 -1.474986e+00  3.109298e+00 -1.457323e+00  3.056126e+00  1.004348e-01  3.000000e+00
 2.070813e+02 -3.832310e+01  3.413696e+01 -2.647158e+01  4.875332e-01  1.052853e+01 -2.083614e+01  7.284062e+00 -5.713343e+00  2.171324e+00 -5.570947e-01 -1.818841e+00 -8.364012e-01  3.000000e+00
-1.258183e+02 -1.035356e+01 -1.200048e+01  4.471448e+00  5.225387e+00  5.728121e+00 -2.062643e+00  2.564991e+00  6.108643e+00 -7.091233e-01 -2.959951e+00 -4.476802e-02  2.667349e+00  3.000000e+00
-9.896599e+01 -8.528610e+00 -8.430527e+00  6.209239e+00  4.870492e+00  3.176883e+00 -2.611913e+00  1.386203e+00  2.125931e+00 -4.281335e-01 -2.029641e+00 -6.775969e-02  6.957733e-01  3.000000e+00
 3.651658e+02  2.399648e+01 -4.154658e+00 -2.990270e+00  9.828919e+00 -4.243138e+00  5.305409e+00 -1.391461e+00  1.026469e+00 -3.573050e+00  1.346142e+00 -6.862300e+00 -8.211688e-02  3.000000e+00
 1.325191e+02 -2.189374e+01  1.595546e+01  1.292410e-01 -1.018512e+01  4.985243e-01  4.965431e+00  3.759389e+00  1.105443e-01 -1.345163e+01  2.384309e+00  2.163732e+00  5.528780e-01  3.000000e+00
 1.019339e+02 -8.464286e+00  8.188588e+00  4.392237e+00 -6.537488e+00 -1.776142e+00  5.911913e+00 -9.374926e-01  1.249491e-01 -5.268134e-01 -3.459503e+00 -3.209989e-01  6.584148e-01  3.000000e+00
 2.088188e+02  3.611484e+00  8.258800e+00 -6.057258e+00 -3.175987e+00  3.081647e+00 -3.989468e+00  4.364639e+00 -1.969083e+00  3.275633e+00 -1.563518e+00 -9.388430e-01  6.681553e-02  3.000000e+00
 2.756644e+02 -2.461137e+00  1.341055e+01 -1.745392e+01  1.949395e+01 -5.700530e+00  7.770239e+00  1.678680e+01 -5.058689e+00  8.730730e+00 -3.243809e+00  1.408979e+01  3.549136e-01  3.000000e+00
 2.910873e+02  1.020564e+01  4.300037e+00 -7.779602e+00  1.183923e+01 -5.744184e+00  1.100265e+01  2.095761e+01 -5.641897e+00  4.984274e+00 -1.980429e+00  3.179602e+00  2.218139e-02  3.000000e+00
 3.576450e+02  8.999772e+00  9.994014e+00 -2.704921e+01  4.892076e+01 -1.684939e+01  1.759324e+01 -7.937736e+00  3.985630e+00 -8.392746e+00  3.293129e+00 -7.348870e+00 -2.486101e-01  3.000000e+00
 7.500847e+01 -9.899019e+00  5.796480e+00  7.312504e+00 -3.331991e+00 -2.562226e+00  3.273540e+00 -1.470065e+00 -2.298738e+00 -9.055192e-01 -5.916804e+00 -4.300830e-01 -2.134363e-01  3.000000e+00
 1.158778e+02 -1.893933e+01  1.230052e+01  5.328107e+00 -8.829439e+00 -3.514413e+00  1.178333e+01 -4.043534e+00  3.481579e+00  3.483379e+00 -2.428406e+00  5.818386e-01  9.880640e-01  3.000000e+00
 1.659068e+01 -9.903401e+00  5.617921e-01  8.217580e+00  2.638721e-01 -3.388409e-01  5.096049e-01  8.418943e-01  1.518350e+00  2.539181e+00  8.229479e+00 -2.522968e-02 -2.495563e+00  3.000000e+00
 2.890466e+02  1.559777e+01  6.474860e-01 -2.833029e+00  1.216910e+00  2.349757e-01 -8.801840e-01 -2.507129e+00  7.037654e-01 -1.593050e+00  4.660279e-01 -3.378992e+00 -1.479445e-01  3.000000e+00
-1.514845e+02 -7.520090e+00 -1.068759e+01  2.650247e+00  3.209681e+00  3.683146e+00 -7.953217e-01  5.679082e-01  8.068210e-01 -4.085971e-01 -1.942861e+00 -8.719807e-02 -1.403320e+00  3.000000e+00
 9.095594e+01 -1.667441e+01  8.755293e+00  8.148892e+00 -5.043508e+00 -3.526732e+00  5.461027e+00 -2.196725e+00 -2.248459e+00 -1.749375e+00 -7.097197e+00 -2.660268e-01 -4.112356e-01  3.000000e+00
 1.362587e+02 -1.601338e+01  1.409154e+01 -6.786910e-01 -9.324806e+00  1.008624e+00  3.513444e+00  4.061561e+00 -3.369121e-01 -1.130891e+01  1.557397e+00  1.295765e+00  6.270306e-01  3.000000e+00
 2.495668e+02  1.843284e+00  1.038361e+01 -1.157109e+01  4.463545e+00  2.603859e+00 -7.795747e+00 -1.007518e+01  1.972366e+00  1.979796e+00 -8.090296e-01  6.675501e+00  1.671317e-01  3.000000e+00
 7.033558e+01 -3.460969e+01  8.320051e+00  1.804002e+01 -1.041587e+00 -7.385030e+00  3.946309e+00 -4.206794e+00 -6.588503e+00 -2.908151e+00 -9.940478e+00 -2.207773e-01 -3.434083e+00  3.000000e+00
 1.872497e+02  5.722627e-01  9.462145e+00 -5.108545e+00 -5.355179e+00  3.054593e+00 -2.595740e+00  4.676069e+00 -1.572888e+00  2.877001e+00 -1.498007e+00 -2.638309e+00  3.097258e-01  3.000000e+00
 7.280941e+01 -2.463181e+01  7.491061e+00  1.346651e+01 -1.988340e+00 -5.401834e+00  3.620480e+00 -3.162589e+00 -4.926871e+00 -2.134177e+00 -8.648630e+00 -3.015670e-01 -2.117777e+00  3.000000e+00
 1.395053e+02 -8.892746e+00  1.139451e+01 -1.246643e+00 -7.920178e+00  1.708737e+00  9.680204e-01  5.163244e+00 -1.604933e+00 -1.168127e+01  1.102144e+00  9.882368e-01  4.109504e-01  3.000000e+00
 2.496153e+02  1.502344e+00  1.063379e+01 -1.186046e+01  4.708065e+00  2.607165e+00 -7.912694e+00 -1.025487e+01  2.003852e+00  2.095688e+00 -8.466414e-01  7.051023e+00  1.770243e-01  3.000000e+00
 5.355169e+01 -3.509693e+01  5.266856e+00  1.939855e+01  1.560132e+00 -7.058446e+00  1.537707e+00 -3.891819e+00 -7.076086e+00 -2.722828e+00 -1.025583e+01 -2.713017e-01 -3.508235e+00  3.000000e+00
 6.093357e+01 -7.768282e+00  4.370875e+00  4.967759e+00 -3.588627e+00 -2.718652e-01  3.304318e+00  5.900016e-01  2.070791e+00  1.307727e+00  4.660060e+00 -2.713469e-02 -2.456248e-01  3.000000e+00
-1.038379e+01 -1.780301e+01 -3.289385e+00  1.341003e+01  5.180886e+00 -9.187154e-01 -3.701250e+00  1.182344e+00 -3.573814e-02  2.272737e+00  8.858274e+00  1.698454e-01 -1.265384e+00  3.000000e+00
 1.270181e+02 -5.479118e+01  2.595828e+01  6.957662e+00 -1.487208e+01 -5.944662e+00  2.113000e+01 -7.598186e+00  8.254284e+00  7.418762e+00 -1.462600e-01  3.784886e-01  1.181616e+00  3.000000e+00
 2.550836e+02  1.071701e+01  4.006422e+00 -4.828320e+00  3.749242e-01  1.194755e+00 -1.984704e+00  1.622384e+00 -9.121363e-01  2.141497e+00 -1.065667e+00  2.143701e+00  7.299241e-02  3.000000e+00
 2.993548e+02  1.192439e+01  3.976693e+00 -8.479879e+00  9.177131e+00 -1.489350e+00 -8.556606e-01 -9.107130e+00  2.692108e+00 -3.387383e+00  1.245991e+00 -2.895993e+00 -2.576525e-01  3.000000e+00
 9.169897e+01 -9.143139e+00  7.319604e+00  5.559238e+00 -5.346955e+00 -2.075074e+00  4.952317e+00 -1.098106e+00 -6.910083e-01 -5.973090e-01 -3.997356e+00 -3.445463e-01  3.844646e-01  3.000000e+00
 2.704327e+00 -8.837742e+00 -6.227741e-01  7.967017e+00  1.304703e+00  2.192685e-01 -6.720905e-01  1.179924e+00  1.483636e+00  2.087131e+00  7.464393e+00  6.470618e-02 -1.172133e+00  3.000000e+00
-9.911874e+00 -9.201618e+00 -1.716891e+00  8.919714e+00  2.604336e+00  3.240832e-03 -1.758541e+00  9.540211e-01  4.667773e-01  1.590359e+00  5.558533e+00  3.257674e-02 -1.193038e+00  3.000000e+00
-1.059724e+02 -2.005180e+01 -1.519632e+01  8.628191e+00  7.892342e+00  5.374439e+00 -4.337224e+00  3.428001e+00  6.931682e+00 -2.302419e-02  1.469489e-01  8.502600e-02  4.309864e+00  3.000000e+00
-1.094246e+02 -1.473243e+01 -1.281048e+01  6.898095e+00  6.486960e+00  5.050006e+00 -3.324487e+00  2.809013e+00  5.874833e+00 -3.150938e-01 -1.225877e+00  2.131639e-02  3.425386e+00  3.000000e+00
 2.001256e+02 -2.179647e+01  2.358516e+01 -1.705340e+01 -2.498645e+00  7.229405e+00 -1.244877e+01  5.728548e+00 -3.518129e+00  6.775267e+00 -1.968549e+00 -3.768658e+00 -1.654240e-01  3.000000e+00
