-3.328193e+02  1.872450e+01  2.970612e+01  1.539658e+01  1.224403e+01 -3.607728e+00 -2.366053e+01  4.973214e-01  1.286543e+00 -1.197927e+01 -9.239883e+00  8.295569e+00 -1.221410e+00  1.000000e+00
-3.109474e+02  2.597269e+00  1.396815e+01  5.827174e+00  3.174351e+00 -4.409159e-01  1.811656e+00 -4.683921e-01  3.268717e+00 -2.586988e+00  9.751523e-01  6.233530e+00 -4.870018e-01  1.000000e+00
-4.461387e+02 -1.166999e+01  2.721395e+00  1.655542e+00  1.023300e+00 -1.928903e-01 -8.963283e-01  3.162618e-02 -5.433722e-01  2.614455e+00  2.500714e+00 -7.350924e-01  1.755913e-01  1.000000e+00
-7.413931e+02 -3.733752e+01 -1.769735e+01 -5.776947e+00 -3.176256e+00  6.633505e-01  2.435555e+00  9.031201e-02 -7.707171e-01 -4.325937e+00 -8.170192e+00 -6.496720e+00  5.728556e-01  1.000000e+00
 6.140459e+00  4.135326e+01 -9.599346e+00 -1.924026e+01 -1.187734e+01  1.060508e+00 -6.579842e+00 -2.870701e+00 -7.107959e-01  5.129115e-01 -3.265368e+00  9.661261e+00  3.206720e+00  1.000000e+00
-7.114220e+02 -3.476412e+01 -1.559859e+01 -4.970879e+00 -2.652662e+00  5.249242e-01  1.490523e+00  1.232954e-01 -9.520978e-01 -3.447880e+00 -7.003299e+00 -5.976023e+00  5.268688e-01  1.000000e+00
-5.515478e+02 -2.076295e+01 -4.831435e+00 -1.398563e+00 -1.233459e+00  5.434856e-01  5.850940e+00 -3.629885e-01  1.598450e+00  2.752397e+00  5.532923e+00  4.164257e+00 -3.208799e-01  1.000000e+00
-5.588042e+02 -1.955599e+01 -2.183524e+00  1.092411e+00  2.313069e+00 -1.160538e+00 -1.364636e+01  9.423453e-01 -5.623678e+00  7.551044e+00  4.055797e+00 -6.123783e+00  5.754069e-01  1.000000e+00
-3.055585e+02  2.298576e+00  1.328334e+01  5.255634e+00  2.671425e+00 -3.204225e-01  2.046169e+00 -3.822366e-01  2.660856e+00 -2.982351e+00 -1.072207e+00  2.662514e+00 -1.447632e-01  1.000000e+00
-3.055339e+02  2.057583e+00  1.337287e+01  5.387402e+00  2.671286e+00 -2.665152e-01  2.739166e+00 -4.318279e-01  2.522507e+00 -2.497417e+00 -1.190911e+00  1.650468e+00  8.439016e-02  1.000000e+00
-7.715617e+02 -4.017620e+01 -2.002769e+01 -6.815523e+00 -4.178501e+00  1.117246e+00  7.933100e+00 -3.229241e-01  1.503829e+00 -2.286236e+00 -2.010051e+00  3.586396e-01 -4.035102e-02  1.000000e+00
-5.414037e+02 -1.972992e+01 -3.989972e+00 -1.063308e+00 -1.010244e+00  4.817569e-01  5.372558e+00 -3.364367e-01  1.378021e+00  4.174534e+00  7.306571e+00  4.575968e+00 -3.489571e-01  1.000000e+00
-5.814496e+02 -2.291151e+01 -6.798111e+00 -2.315950e+00 -2.148953e+00  9.420263e-01  1.045864e+01 -6.895858e-01  3.510360e+00  2.094247e+00  7.138649e+00  7.955226e+00 -6.855347e-01  1.000000e+00
-4.116499e+02 -7.118196e+00  6.199036e+00  2.833767e+00  1.259620e+00  3.979562e-02  4.462405e+00 -4.937764e-01  2.673275e+00  3.054770e+00  7.785049e+00  7.500239e+00 -5.365639e-01  1.000000e+00
-8.083628e+02 -4.325841e+01 -2.292578e+01 -8.224375e+00 -5.516300e+00  1.640345e+00  1.322526e+01 -6.358228e-01  3.146333e+00 -2.849539e+00 -1.139055e+00  2.306293e+00 -1.952405e-01  1.000000e+00
-5.718860e+02 -2.248285e+01 -5.443319e+00 -9.299554e-01  1.582895e-01 -2.976077e-01 -5.011021e+00  4.282047e-01 -2.698584e+00  1.555011e+00 -1.450897e+00 -5.012231e+00  4.582460e-01  1.000000e+00
-5.448011e+02 -1.745831e+01  4.303548e-03  2.313095e+00  3.465751e+00 -1.564306e+00 -1.706953e+01  1.094850e+00 -6.423057e+00  1.103680e+01  8.698950e+00 -4.079728e+00  3.738535e-01  1.000000e+00
-3.919280e+02 -4.516110e+00  9.306736e+00  4.976832e+00  3.986805e+00 -1.234964e+00 -9.861553e+00  4.291462e-01 -1.760307e+00 -3.163136e+00 -5.909328e+00 -3.440354e+00  2.909811e-01  1.000000e+00
-9.412147e+02 -5.490880e+01 -3.186043e+01 -1.126504e+01 -6.982779e+00  1.849732e+00  1.312417e+01 -5.467943e-01  2.993334e+00 -9.296169e+00 -1.054980e+01 -1.800040e+00  1.058180e-01  1.000000e+00
-1.080146e+02  3.328169e+01  1.109656e+01 -1.147010e+01 -1.599423e+01  3.626692e+00  3.142933e+00  1.490414e+00 -8.166538e+00  2.522052e+00 -1.834695e+00 -3.377403e+00 -1.722901e-01  1.000000e+00
-4.056648e+01  4.306368e+01 -1.169759e+00 -1.926278e+01 -1.724774e+01  2.671007e+00 -5.117122e+00 -2.317739e+00 -2.461487e+00 -8.991182e-01 -1.454804e+00  5.439766e+00  2.628666e-01  1.000000e+00
-2.532460e+01  2.706534e+01 -3.201138e-01 -1.212730e+01 -9.722195e+00  1.733114e+00  1.515584e+00  1.084165e+00 -7.684185e+00  5.007630e+00 -4.849825e+00  1.858529e+00  3.492055e+00  1.000000e+00
-2.956681e+02  1.830830e+00  1.309316e+01  5.131462e+00  2.436952e+00 -2.036141e-01  2.922982e+00 -4.081908e-01  2.242826e+00 -2.512783e+00 -1.843734e+00  5.723803e-01  2.146821e-01  1.000000e+00
-2.759635e+02  5.452549e+00  1.449563e+01  5.083098e+00  2.467565e+00 -3.565374e-01  8.393850e-01 -2.115131e-01  2.565470e+00 -3.995618e+00 -1.622126e+00  3.015375e+00 -5.257816e-01  1.000000e+00
-1.057146e+02  1.426008e+01  7.916695e+00 -3.208693e+00 -3.387213e+00  7.642085e-01  4.862180e+00  6.469421e-01  1.292637e-01  1.602979e+00  9.994454e-01 -7.209299e+00  6.920934e-02  1.000000e+00
-9.079388e+01  3.502144e+01  8.103496e+00 -1.421765e+01 -1.835985e+01  3.901600e+00 -1.127893e+00  2.214419e+00 -7.884690e+00 -2.034294e+00 -3.709472e-01  2.917366e+00 -3.638040e+00  1.000000e+00
-4.567651e+02 -1.175288e+01  2.610612e+00  1.566265e+00  6.995703e-01  6.189098e-02  3.151707e+00 -3.295800e-01  1.628077e+00  3.894663e+00  7.727635e+00  6.130341e+00 -4.727938e-01  1.000000e+00
-5.463856e+02 -1.977223e+01 -3.870531e+00 -9.014335e-01 -8.298659e-01  4.287427e-01  5.160956e+00 -3.533730e-01  1.520009e+00  5.137978e+00  9.142601e+00  6.111870e+00 -5.015126e-01  1.000000e+00
-1.753673e+02  9.745133e+00  1.228031e+01  1.549090e-01 -2.837452e+00  1.049490e+00  6.169786e+00  2.064907e-01 -2.233494e-03  4.628369e-01  6.592431e-01 -3.306680e+00 -4.409757e-01  1.000000e+00
-2.956616e+02  2.795411e+00  1.316973e+01  4.920407e+00  2.404629e+00 -2.761838e-01  2.109599e+00 -3.502698e-01  2.812472e+00 -3.442138e+00 -1.163941e+00  3.055631e+00 -3.011757e-01  1.000000e+00
-5.479471e+02 -1.871353e+01 -1.183421e+00  1.510803e+00  2.347155e+00 -9.548278e-01 -8.968793e+00  4.353370e-01 -2.374791e+00  7.913702e+00  1.006054e+01  4.480785e+00 -4.627305e-01  1.000000e+00
-7.766300e+02 -4.064398e+01 -2.027109e+01 -6.810185e+00 -4.043897e+00  1.033498e+00  6.913363e+00 -2.577114e-01  1.187446e+00 -2.565542e+00 -2.704497e+00 -1.716854e-01 -3.189902e-03  1.000000e+00
-2.515880e+02  8.440448e+00  1.648751e+01  5.476939e+00  1.906048e+00  7.120353e-02  5.340513e+00 -4.073870e-01  2.358131e+00 -1.224083e+00 -4.740509e-01 -9.910897e-01  2.193242e-01  1.000000e+00
-5.016747e+02 -8.599498e+00  8.986275e+00  7.443151e+00  8.428055e+00 -3.368097e+00 -3.286746e+01  1.825019e+00 -9.363011e+00  1.174041e+01  8.543546e+00 -3.975502e+00  2.192969e-01  1.000000e+00
-3.564350e+02 -1.065455e+00  1.182304e+01  5.733546e+00  4.142528e+00 -1.140534e+00 -7.862272e+00  2.647283e-01 -8.488531e-01 -4.121383e+00 -6.560265e+00 -3.316596e+00  3.674627e-01  1.000000e+00
-1.803664e+02  7.117718e+00  1.121667e+01  1.831327e+00  1.795643e-01  2.987099e-01  5.981376e+00  1.925748e-01  1.684097e+00 -1.138579e-01  8.041634e-01 -4.055019e+00 -5.248943e-01  1.000000e+00
-1.405061e+02  1.449581e+01  1.160950e+01 -3.185804e+00 -6.660719e+00  1.868388e+00  5.970579e+00  6.328396e-01 -2.710974e+00  2.010131e+00  5.439111e-01 -5.293540e+00 -5.454230e-01  1.000000e+00
-3.660818e+02 -4.456106e+00  8.074377e+00  3.260047e+00  1.322956e+00  4.900705e-02  4.180804e+00 -4.112088e-01  2.074783e+00 -8.506014e-01  2.043794e-01  8.206274e-01  1.848577e-01  1.000000e+00
-2.806771e+02  3.478905e+00  1.322684e+01  4.661185e+00  2.263548e+00 -3.078950e-01  1.134519e+00 -2.388468e-01  2.505837e+00 -3.793866e+00 -1.638560e+00  2.802918e+00 -4.074777e-01  1.000000e+00
-2.086880e+01  4.963763e+01 -5.690847e+00 -2.125106e+01 -1.693508e+01  2.365293e+00 -5.949827e+00 -2.924873e+00 -1.294833e+00 -1.110918e+00 -9.815969e-01  4.167697e+00 -5.752154e-01  1.000000e+00
-5.481546e+01  2.794344e+01  2.898442e+00 -1.379898e+01 -1.433395e+01  2.711778e+00 -1.087345e+00  2.358538e+00 -5.458670e+00 -9.954592e-01 -1.116216e-01  9.489619e-01 -1.661993e+00  1.000000e+00
-2.959599e+02  8.078867e+00  1.708231e+01  6.771250e+00  3.992045e+00 -7.999754e-01 -1.163372e+00 -2.982358e-01  4.008708e+00 -5.412742e+00 -1.526008e-01  8.236674e+00 -1.146820e+00  1.000000e+00
-3.557267e+02 -2.546270e+00  1.007964e+01  4.414843e+00  2.408353e+00 -3.077685e-01  1.734362e+00 -3.829227e-01  2.407481e+00 -1.137410e+00  1.551670e+00  4.683315e+00 -2.868069e-01  1.000000e+00
 6.264096e+01  2.012045e+01 -1.262694e+01 -7.837881e+00  6.035346e+00 -3.027129e+00 -2.545409e+00  8.757680e-01  1.017666e+01 -1.887992e+00  3.431176e+00 -2.909429e+00  1.718542e+00  1.000000e+00
-1.458421e+02  1.420085e+01  1.193467e+01 -2.398167e+00 -5.786680e+00  1.718356e+00  6.426286e+00  7.878290e-01 -2.725634e+00  1.989130e+00  3.104223e-01 -5.611519e+00 -6.288539e-01  1.000000e+00
-3.421891e+02  1.627879e+00  1.413330e+01  6.817707e+00  4.936436e+00 -1.348564e+00 -8.863722e+00  2.451869e-01 -4.008427e-01 -5.518786e+00 -7.550752e+00 -2.372814e+00  2.543857e-01  1.000000e+00
-3.257721e+02 -8.615243e-01  1.113737e+01  4.543640e+00  2.272926e+00 -2.370835e-01  2.029167e+00 -3.369884e-01  1.904592e+00 -2.149943e+00 -1.441333e+00  8.314963e-01  1.425093e-01  1.000000e+00
-2.455829e+02  4.878033e+00  1.304079e+01  3.566010e+00  7.912175e-01  2.173858e-01  4.737047e+00 -2.427886e-01  1.901751e+00 -1.456878e+00 -6.160794e-01 -7.983902e-01 -2.824343e-02  1.000000e+00
-3.209426e+02 -2.184833e-02  1.190052e+01  4.937341e+00  2.626782e+00 -3.632773e-01  9.121802e-01 -2.820527e-01  1.688217e+00 -2.418160e+00 -1.958513e+00  5.132452e-01  1.582915e-01  1.000000e+00
-5.214820e+02 -1.815191e+01 -2.017736e+00  2.942890e-01  8.130415e-01 -4.114179e-01 -5.152680e+00  3.821728e-01 -2.370749e+00  1.312673e+00 -1.318777e+00 -4.303861e+00  4.094366e-01  1.000000e+00
-4.115056e+02 -7.493465e+00  5.840132e+00  2.638929e+00  1.114885e+00  7.113143e-02  4.485042e+00 -4.740473e-01  2.518587e+00  2.768043e+00  7.070814e+00  6.804428e+00 -4.748924e-01  1.000000e+00
-5.263356e+02 -1.850720e+01 -3.038381e+00 -7.350846e-01 -8.433545e-01  4.566274e-01  5.430815e+00 -3.614978e-01  1.610536e+00  3.146060e+00  6.195469e+00  4.625766e+00 -3.599970e-01  1.000000e+00
-4.524126e+02 -1.044990e+01  4.877522e+00  3.525267e+00  3.456429e+00 -1.260924e+00 -1.176752e+01  6.231826e-01 -3.053972e+00  4.341012e-01 -1.964923e+00 -2.646792e+00  1.428622e-01  1.000000e+00
-6.367262e+02 -2.813468e+01 -1.010879e+01 -2.745989e+00 -1.009445e+00 -9.476657e-03 -3.389864e+00  4.084006e-01 -2.649667e+00 -2.163183e-01 -4.337021e+00 -7.046184e+00  6.349027e-01  1.000000e+00
-3.246459e+02  9.542887e+00  2.089627e+01  1.023718e+01  7.635150e+00 -2.139161e+00 -1.374259e+01  3.094506e-01  3.748261e-01 -8.876310e+00 -9.613317e+00  6.769078e-01 -2.067986e-01  1.000000e+00
-3.822310e+02 -2.878659e+00  1.077427e+01  5.685313e+00  4.526235e+00 -1.380188e+00 -1.058615e+01  4.163260e-01 -1.459337e+00 -3.908345e+00 -6.241959e+00 -2.543125e+00  1.861859e-01  1.000000e+00
-2.306021e+02  1.527510e+01  2.050199e+01  6.023779e+00  8.993773e-01  5.257199e-01  7.611846e+00 -4.873144e-01  1.282086e+00  1.038794e+00  4.734409e-01 -2.400133e+00  6.735680e-01  1.000000e+00
-5.322623e+02 -1.788355e+01 -6.905614e-01  1.545236e+00  2.224507e+00 -8.751395e-01 -7.930261e+00  3.499903e-01 -1.694771e+00  4.750906e+00  6.464649e+00  4.221747e+00 -4.672723e-01  1.000000e+00
-5.465662e+02 -2.037523e+01 -3.827436e+00 -4.039830e-01  3.601952e-01 -2.913670e-01 -4.318140e+00  3.497934e-01 -2.199913e+00  9.567055e-01 -1.643660e+00 -4.232316e+00  3.896951e-01  1.000000e+00
 2.418642e+02  5.574561e+00 -2.033423e+01  2.790897e+01 -7.039744e+00  2.160977e+01 -1.707690e+00 -2.788626e+00 -2.233037e+00 -4.493607e+00  3.551530e+00 -6.251371e-01 -6.604839e-01  2.000000e+00
 6.245335e+01  1.892558e+01 -1.205871e+01 -7.452669e+00  6.215023e+00 -2.964952e+00 -2.020168e+00 -8.725135e-02  8.913628e+00 -3.942919e-01  1.827687e+00 -1.796591e+00  2.369766e+00  2.000000e+00
 3.099974e+02 -1.423441e+01 -7.840078e-01  1.136813e+01 -1.167431e+01 -1.011413e+01 -6.758945e-01  1.784689e+00  2.205705e+00  1.075800e-01  2.147708e-01 -1.645612e-01  4.456418e+00  2.000000e+00
 1.159902e+02  2.953853e+00 -6.762064e+00 -2.067554e+00  5.541455e+00 -1.523082e+00  5.586331e-01  5.939871e-01 -8.135542e-01 -4.125644e-01  1.041800e-01  1.822116e-01 -2.169898e+00  2.000000e+00
 3.363371e+02 -2.041895e+01  7.497731e+00 -2.163529e+00 -2.332939e+00 -4.021691e+00 -2.061430e-01  1.545825e+00  1.693596e+00  1.538309e+00 -1.136847e+00  1.519540e-01 -5.237724e-01  2.000000e+00
 4.076615e+02 -2.703844e+01  1.427290e+01 -1.090408e+01  3.076942e+00 -4.750761e-01 -2.510054e-03  9.938843e-01  1.996112e+00  3.720985e+00 -3.111022e+00  5.920001e-01 -1.353535e+01  2.000000e+00
 6.551580e+01  1.163814e+01 -8.592561e+00 -6.313077e+00  4.922392e+00 -2.320257e+00 -1.300555e+00  1.833777e+00  5.432489e+00 -1.315895e+00  1.996432e+00 -1.386939e+00 -9.458732e-02  2.000000e+00
 2.617846e+02 -4.130119e-01 -1.503922e+01  2.494259e+01 -9.552643e+00  2.098457e+01 -2.975581e+00  1.564610e+00  4.511529e+00  1.277117e+00 -5.655217e-01 -2.355047e-01  1.941995e+00  2.000000e+00
 2.547142e+02 -2.429234e-01 -1.449827e+01  2.282731e+01 -7.523205e+00  2.062712e+01 -2.498283e+00  8.198217e-01  2.830754e+00  2.144995e-01  1.190937e-01 -2.237952e-01  6.319719e-01  2.000000e+00
-9.320321e+00  3.125698e+01 -3.643835e+00 -1.549278e+01 -1.237570e+01  1.972702e+00 -2.345258e+00  2.410864e+00 -6.006966e+00  2.870841e-01 -2.015268e+00  4.265097e+00  6.180362e-01  2.000000e+00
 1.979121e+01  9.955202e+01 -3.076405e+01 -2.898371e+01 -8.856175e+00 -1.271520e+00 -1.166450e+01  3.343809e+00  1.377791e+01 -1.034326e+01  1.004329e+01 -5.497271e+00 -5.541759e+00  2.000000e+00
-1.300958e+02  9.131914e+00  9.531377e+00 -5.221798e-01 -1.726449e+00  7.051788e-01  6.677572e+00  6.993201e-01 -2.202772e-02  1.645948e+00  1.379757e+00 -7.366574e+00 -8.171404e-01  2.000000e+00
 3.465041e+02 -2.143117e+01  8.770664e+00 -4.234513e+00 -7.376608e-01 -1.467244e+00 -4.062366e-01  2.026815e+00  3.083374e+00  3.513688e+00 -2.685471e+00  3.502248e-01 -2.690939e+00  2.000000e+00
 2.836535e+02 -1.510167e+01  2.851265e+00  1.659759e+00 -2.326595e+00  2.184134e+00 -7.966706e-01  2.854993e+00  3.115837e+00  2.714315e+00 -1.985613e+00  2.508104e-01  1.520085e+00  2.000000e+00
-2.516080e+02  7.621498e+01  6.811763e+01  2.855331e+01  1.409257e+01 -1.866683e+00  5.131565e+00 -1.578269e+00  8.170421e+00 -4.293141e+00  2.220277e+00  9.261037e+00 -1.518981e-01  2.000000e+00
-1.463784e+02  9.075525e+00  1.046584e+01  6.899416e-01 -6.556265e-01  5.160656e-01  7.074973e+00  5.955190e-01  4.566821e-01  1.558516e+00  1.193878e+00 -7.555451e+00 -6.506110e-01  2.000000e+00
 3.309380e+02 -1.807366e+01  3.590558e+00  5.634001e+00 -9.041118e+00 -1.134988e+01 -3.258563e-01  1.671248e+00  1.907460e+00  5.189770e-01 -1.939923e-01 -4.996752e-02  2.100003e+00  2.000000e+00
 3.645082e+02 -2.324796e+01  1.041407e+01 -5.858015e+00 -2.009050e-01 -3.094970e+00 -6.773243e-02  1.141516e+00  1.449108e+00  1.668228e+00 -1.283203e+00  1.863296e-01 -1.975353e+00  2.000000e+00
 2.523574e+02 -4.020410e+00 -9.155496e+00  1.542866e+01 -8.474003e+00 -1.356051e+01  1.421512e+00 -3.244941e+00 -6.828919e+00 -7.083270e+00  5.268247e+00 -5.350202e-01  2.856544e+00  2.000000e+00
-1.234810e+01  7.090906e+01 -1.188585e+01 -2.676010e+01 -1.845230e+01  1.921429e+00 -8.573509e+00 -5.260553e+00  1.527318e+00  5.698987e-01 -2.717144e+00  5.796991e+00  3.482088e+00  2.000000e+00
 2.966645e+02 -1.162435e+01 -2.992183e+00  1.278036e+01 -1.173758e+01 -1.344548e+01 -1.161448e-01  8.535602e-01  8.054532e-01 -5.721598e-01  6.516447e-01 -2.192595e-01  5.296139e+00  2.000000e+00
 4.778919e+02 -3.410436e+01  2.222098e+01 -2.304965e+01  1.285637e+01  7.331551e+00  1.030045e+00 -3.260167e+00 -5.463710e+00 -5.975991e+00  4.649221e+00 -7.057769e-01  1.251729e+01  2.000000e+00
 3.009942e+01  1.166182e+01 -4.081222e+00 -4.640154e+00  2.801732e+00 -1.172653e+00  2.012711e+00 -4.992703e+00  2.117146e-01  6.180983e+00 -4.501449e+00 -1.289963e-01  4.014782e+00  2.000000e+00
 1.151260e+02  2.127334e+01 -1.879791e+01  7.825268e-01  9.551706e+00 -1.321993e+00  5.046952e-01 -2.013719e+01  5.862994e-01  6.725364e+00 -5.932266e+00  2.715405e+00  1.019385e+00  2.000000e+00
 2.455548e+02 -4.032814e+00 -9.037022e+00  1.435229e+01 -3.700331e+00  1.555245e+01 -1.561980e+00  1.041630e+00  1.274458e+00 -1.481586e-01  2.119238e-01 -5.284310e-02 -8.319831e-02  2.000000e+00
 2.362282e+02 -4.720217e+00 -7.659623e+00  1.167679e+01 -2.461791e+00  9.632063e+00 -4.762256e-01 -4.455051e-01 -2.513269e+00 -3.274968e+00  2.414002e+00 -1.739546e-01 -5.712919e-01  2.000000e+00
 3.091907e+02 -1.467276e+01 -8.757063e-02  1.011005e+01 -1.078245e+01 -9.692788e+00 -5.928314e-01  1.713479e+00  1.923579e+00 -4.856545e-02  3.103734e-01 -1.578939e-01  4.208292e+00  2.000000e+00
 2.603722e+02 -1.249549e+01  6.092069e-01  3.112863e+00 -1.583871e+00  4.119787e+00 -5.690211e-01  2.126217e+00  9.446035e-01  4.056574e-01 -2.967748e-01  1.368179e-01  1.199300e+00  2.000000e+00
 1.870365e+02  1.473492e+00 -9.321838e+00  6.891838e+00  1.711867e-01  2.245148e+00 -3.231589e-01 -1.165252e+01 -2.290003e+00 -4.972934e+00  4.710708e+00 -3.252341e+00 -4.755836e+00  2.000000e+00
 6.444677e+01  9.964948e+00 -6.905689e+00 -2.904882e+00  6.188907e+00 -1.753747e+00  2.301677e+00 -4.291837e+00 -1.032542e+00  6.358913e+00 -5.357603e+00  1.401664e+00  3.030989e+00  2.000000e+00
 1.222330e+02  3.526596e+01 -2.905770e+01  4.574997e+00  1.359022e+01 -1.259256e+00  1.179898e+00 -3.224512e+01  2.071975e+00  1.019679e+01 -7.822986e+00  8.552291e-01  1.577009e+00  2.000000e+00
 2.776173e+02 -9.654048e+00 -4.319711e+00  1.214449e+01 -6.857517e+00  9.469027e+00 -2.080340e+00  3.395429e+00  5.515765e+00  3.539414e+00 -2.379796e+00  1.108535e-01  2.894608e+00  2.000000e+00
 3.057942e+02 -1.747644e+01  5.041964e+00 -3.975231e-01 -1.956907e+00  2.811127e-01 -5.960509e-01  2.394010e+00  2.656478e+00  2.280630e+00 -1.656975e+00  2.023541e-01  1.014554e+00  2.000000e+00
 2.650924e+02 -7.414595e+00 -6.407566e+00  1.365803e+01 -5.938568e+00  1.327500e+01 -2.071248e+00  2.531271e+00  3.992906e+00  1.816028e+00 -1.104036e+00 -1.425445e-02  1.830500e+00  2.000000e+00
 4.660538e+02 -3.306462e+01  2.113617e+01 -2.152431e+01  1.169138e+01  6.366282e+00  9.268430e-01 -2.797496e+00 -4.719065e+00 -5.008870e+00  3.872001e+00 -5.715463e-01  9.705054e+00  2.000000e+00
 4.136042e+02 -2.806721e+01  1.570606e+01 -1.356934e+01  5.518490e+00  1.468321e+00  3.276104e-01 -2.980988e-01 -4.960511e-01  4.204318e-01 -4.738949e-01  1.613661e-01 -5.217204e+00  2.000000e+00
-2.027455e+02  1.147380e+02  7.443245e+01  2.030652e+01  5.919762e-01  2.035002e+00  1.781168e+01 -6.336673e-01 -4.160229e+00  8.797896e+00  4.156749e-01 -1.179572e+01  1.810239e+00  2.000000e+00
 1.354654e+02  6.937596e+01 -5.844588e+01  1.609067e+01  3.468532e+01 -3.936790e+00  1.071863e+01  1.508331e+01 -1.475954e+01  4.153466e+00 -5.353653e+00  3.074001e+00 -2.053970e+00  2.000000e+00
 3.286083e+02 -1.941825e+01  6.613749e+00 -1.475711e+00 -2.189346e+00 -1.951602e+00 -4.408656e-01  2.044507e+00  2.519727e+00  2.356218e+00 -1.744162e+00  2.206105e-01 -4.559785e-01  2.000000e+00
 8.426551e+01  1.089262e+01 -9.752203e+00 -4.532057e+00  6.320091e+00 -2.216926e+00 -5.743583e-01 -3.827245e+00  3.095292e+00  2.422701e+00 -2.071372e+00  1.582081e+00  1.072566e+00  2.000000e+00
 3.507350e+02 -2.198206e+01  9.041329e+00 -3.840598e+00 -1.752980e+00 -4.421998e+00 -1.694433e-01  1.499629e+00  1.927418e+00  1.878281e+00 -1.391725e+00  1.705005e-01 -8.863547e-01  2.000000e+00
 3.305367e+01  1.124997e+01 -5.068868e+00 -7.822552e+00  4.745404e-01 -1.257749e+00 -2.096913e+00 -8.683618e-01  4.532115e+00 -1.230957e-01  3.626931e-02  2.042085e+00  2.434355e+00  2.000000e+00
 1.862604e+02 -2.110362e+00 -5.830375e+00  4.038372e+00 -1.601705e-01  1.393456e+00 -5.732130e-01 -9.119170e+00 -8.167248e-01 -3.778422e+00  3.779804e+00 -2.863648e+00 -3.363365e+00  2.000000e+00
 3.216862e+02 -1.593501e+01  7.718651e-01  1.011079e+01 -1.198255e+01 -1.311047e+01 -4.603539e-01  1.712753e+00  1.948719e+00  4.288777e-02  2.262079e-01 -1.294317e-01  3.200543e+00  2.000000e+00
 3.411896e+02 -2.108759e+01  8.265851e+00 -3.269724e+00 -1.607297e+00 -3.795467e+00 -1.100715e-01  1.285172e+00  1.261113e+00  1.155892e+00 -8.589288e-01  1.236174e-01 -5.704667e-01  2.000000e+00
 7.273186e+01  9.853372e+00 -7.790998e+00 -3.175972e+00  6.628451e+00 -2.039318e+00  1.373429e+00 -4.075117e+00  1.457004e+00  4.496034e+00 -3.240145e+00 -2.147986e-01  1.852286e+00  2.000000e+00
 4.412722e+02 -3.082558e+01  1.876979e+01 -1.816075e+01  9.128544e+00  4.294116e+00  6.979255e-01 -1.814648e+00 -3.143592e+00 -3.060597e+00  2.322920e+00 -3.150957e-01  4.696232e+00  2.000000e+00
 2.531236e+02 -2.244104e+00 -1.189052e+01  1.919414e+01 -6.155101e+00  1.855694e+01 -2.203765e+00  1.126674e+00  2.591874e+00  3.577963e-01 -4.084380e-02 -1.465546e-01  5.088515e-01  2.000000e+00
 2.694908e+02 -1.148893e+01 -1.323585e+00  6.838116e+00 -3.671751e+00  7.740431e+00 -1.375533e+00  2.816670e+00  3.302244e+00  1.956774e+00 -1.312842e+00  1.134750e-01  1.982747e+00  2.000000e+00
 4.445291e+02 -3.115076e+01  1.912330e+01 -1.866556e+01  9.489788e+00  4.544849e+00  7.261541e-01 -1.902834e+00 -3.256897e+00 -3.091602e+00  2.329413e+00 -3.047046e-01  4.103330e+00  2.000000e+00
 6.345172e+01  9.517950e+00 -7.131809e+00 -5.926762e+00  3.984188e+00 -1.904853e+00 -1.098374e+00 -6.557614e-01  3.641379e+00  8.091193e-01 -6.772462e-01  1.544183e+00  1.714012e+00  2.000000e+00
 1.867603e+02  1.121106e+00 -9.829451e+00  6.582738e+00  3.900468e+00  9.713268e-01  1.921786e+00 -2.637166e-01 -6.802724e+00 -1.678536e+00  4.878244e-02  2.089230e+00 -3.030640e-01  2.000000e+00
 4.311974e+02 -2.986883e+01  1.774390e+01 -1.669915e+01  8.049512e+00  3.484174e+00  6.068272e-01 -1.471749e+00 -2.631402e+00 -2.579101e+00  1.965389e+00 -2.719636e-01  4.394552e+00  2.000000e+00
 1.403043e+02  2.313669e+00 -7.797060e+00  3.888372e-01  6.521210e+00 -1.262080e+00  1.971603e+00  6.684329e+00 -4.643716e+00 -4.624296e-01 -7.944090e-01  2.112991e+00 -1.002738e+00  2.000000e+00
 3.220113e+02 -1.922168e+01  6.601615e+00 -1.712265e+00 -1.987179e+00 -2.034335e+00 -3.848124e-01  1.973378e+00  2.228473e+00  1.977542e+00 -1.442558e+00  1.743506e-01  4.833096e-01  2.000000e+00
 3.712272e+02 -2.416992e+01  1.159301e+01 -7.873788e+00  1.486483e+00 -1.816103e+00  1.116663e-01  5.510967e-01  4.083164e-01  7.181118e-01 -5.932211e-01  1.187751e-01 -2.074456e+00  2.000000e+00
 3.491658e+02 -2.199899e+01  9.381884e+00 -5.094488e+00 -1.359363e-01 -2.369861e+00 -4.070284e-02  1.019538e+00  8.932602e-01  9.479393e-01 -7.268122e-01  1.180655e-01 -8.464483e-01  2.000000e+00
 2.618736e+02 -1.110113e+01 -1.317488e+00  6.008163e+00 -2.660986e+00  8.024401e+00 -1.177567e+00  2.571664e+00  2.481995e+00  1.379237e+00 -9.323619e-01  1.221123e-01  1.446580e+00  2.000000e+00
 4.182115e+02 -2.798977e+01  1.529950e+01 -1.242241e+01  4.280850e+00  5.141862e-01  1.000205e-01  6.149051e-01  1.456189e+00  3.393220e+00 -2.911317e+00  5.985958e-01 -1.495186e+01  2.000000e+00
 3.855248e+02 -2.509091e+01  1.227838e+01 -8.320197e+00  1.491948e+00 -1.912302e+00  6.442843e-02  6.514511e-01  7.785224e-01  1.072743e+00 -8.424536e-01  1.315535e-01 -1.342896e+00  2.000000e+00
 1.845079e+02 -1.255097e+00 -6.822779e+00  4.423555e+00  1.200229e+00  1.158555e+00  1.121888e-01 -7.268587e+00 -2.244768e+00 -3.362104e+00  3.100719e+00 -2.225144e+00 -3.665718e+00  2.000000e+00
 1.210389e+02  2.536824e+00 -6.819788e+00 -1.565844e+00  5.733841e+00 -1.429309e+00  8.445748e-01  1.507589e+00 -1.809488e+00 -7.729211e-01  2.103068e-01  4.345631e-01 -2.490963e+00  2.000000e+00
 2.925900e+02 -5.444036e+00 -8.132241e+00  1.525022e+01 -1.173938e+01 -3.294515e+01  2.899396e+00 -4.471445e+00 -7.067821e+00 -4.597341e+00  3.125957e+00 -2.425112e-01 -2.364437e-01  2.000000e+00
 3.984533e+02 -2.585125e+01  1.283082e+01 -8.661673e+00  1.441422e+00 -1.908038e+00 -6.756951e-02  1.236566e+00  2.326065e+00  4.048150e+00 -3.373401e+00  6.437708e-01 -1.483890e+01  2.000000e+00
 3.765355e+02 -2.464480e+01  1.207690e+01 -8.447878e+00  1.753157e+00 -1.396814e+00  3.216338e-02  7.812837e-01  9.762727e-01  1.392066e+00 -1.104416e+00  1.768259e-01 -2.524403e+00  2.000000e+00
 3.764662e+02 -2.454286e+01  1.196771e+01 -8.370534e+00  1.845782e+00 -1.154474e+00  5.557236e-02  6.282476e-01  6.615861e-01  8.984264e-01 -6.984972e-01  1.024537e-01 -7.072597e-01  2.000000e+00
 3.781456e+02 -2.493066e+01  1.247746e+01 -9.196693e+00  2.431430e+00 -8.697432e-01  1.175665e-01  4.869548e-01  4.172148e-01  7.844717e-01 -6.416211e-01  1.167699e-01 -1.790110e+00  2.000000e+00
 4.041179e+02 -2.734536e+01  1.505191e+01 -1.286479e+01  5.181938e+00  1.266227e+00  3.585790e-01 -4.835353e-01 -1.104645e+00 -9.308469e-01  6.948754e-01 -8.708404e-02  1.639458e+00  2.000000e+00
 2.926353e+02 -1.246099e+01 -1.938186e+00  1.097085e+01 -9.012373e+00 -1.681026e+00 -1.121553e+00  2.167997e+00  2.759584e+00  7.412904e-01 -2.881263e-01 -9.935450e-02  4.174919e+00  2.000000e+00
 4.143179e+02 -2.827823e+01  1.603529e+01 -1.424262e+01  6.193874e+00  2.044404e+00  4.398559e-01 -8.012249e-01 -1.558102e+00 -1.337558e+00  9.927096e-01 -1.205384e-01  1.727960e+00  2.000000e+00
 1.710584e+02  7.783429e+00 -1.383111e+01  7.406586e+00  3.509259e+00  1.656010e+00  4.561409e-01 -1.303809e+01 -2.630049e+00 -3.441660e+00  3.523985e+00 -3.525365e+00 -6.548324e+00  2.000000e+00
 1.259526e+02  3.662859e+01 -3.231485e+01  5.713293e+00  2.077389e+01 -3.539760e+00  5.809469e+00  1.808076e+01 -6.485047e+00  1.745415e+00 -2.538566e+00  2.143793e+00  9.062867e-01  3.000000e+00
 2.218033e+02 -8.176837e+00 -2.803540e+00  4.628114e+00 -3.099428e-01  1.169721e+00  6.018181e-01  4.662140e-02 -4.267919e+00 -3.838704e+00  2.647115e+00  1.743599e-02  8.982703e-02  3.000000e+00
 1.877699e+02 -3.972222e-01 -8.456716e+00  5.823224e+00  3.080156e+00  1.049439e+00  1.409975e+00 -3.226401e+00 -5.971344e+00 -2.973086e+00  1.662815e+00  3.080703e-01 -2.644236e+00  3.000000e+00
 1.481958e+02  9.620063e-01 -7.143283e+00  6.793700e-01  6.354144e+00 -1.299843e+00  2.248810e+00  9.417876e+00 -5.042035e+00  3.971215e-01 -1.806259e+00  3.145392e+00  7.980857e-01  3.000000e+00
 9.529745e+01  8.929548e+00 -9.228854e+00 -3.263244e+00  6.221938e+00 -1.892955e+00 -1.578583e-01 -6.071037e+00  2.099006e+00  3.102782e+00 -2.664399e+00  1.403160e+00  9.030400e-01  3.000000e+00
 4.813979e+01  7.402820e+00 -4.524427e+00 -5.946874e+00  1.913621e+00 -1.276730e+00 -5.640332e-01  2.166719e+00  1.410327e+00 -9.254119e-02 -1.932763e-01  1.693138e+00  1.198255e+00  3.000000e+00
 2.325894e+01  1.165854e+01 -3.659390e+00 -5.332686e+00  2.052123e+00 -1.081209e+00  1.904711e+00  4.925383e-01 -1.104204e+00  4.475221e+00 -3.712389e+00  1.492776e+00  4.678416e+00  3.000000e+00
 2.392588e+02 -5.009174e+00 -7.496068e+00  1.177442e+01 -2.936990e+00  7.425700e+00 -2.528301e-01 -7.355189e-01 -3.280044e+00 -4.026684e+00  2.962665e+00 -2.039165e-01 -1.872832e-01  3.000000e+00
 1.679797e+02 -2.527515e+00 -4.659850e+00  1.173022e+00  2.026529e+00  4.793257e-02  1.468358e-02 -5.440242e+00 -8.328555e-01 -1.722631e+00  1.773694e+00 -1.772232e+00 -3.042455e+00  3.000000e+00
 1.577902e+02  5.535231e-01 -7.590894e+00  1.767508e+00  6.132984e+00 -8.171389e-01  2.035953e+00  1.292133e+00 -5.133362e+00  6.828552e-01 -1.741814e+00  2.142512e+00 -9.481899e-01  3.000000e+00
 1.463308e+02  4.182885e-03 -6.247998e+00  1.887856e-01  5.011006e+00 -8.568688e-01  1.054472e+00 -2.182484e+00 -2.853994e+00 -2.625471e-01 -2.435045e-01  3.263731e-01 -2.507047e+00  3.000000e+00
-3.818138e+01  7.554775e+00  2.415186e+00 -1.613950e+00  3.223907e+00 -1.093091e+00  4.670451e+00  3.900198e-01  2.017028e+00  4.836984e+00 -1.593871e+00 -3.985241e+00  6.199309e+00  3.000000e+00
 2.341705e+02 -6.974456e+00 -4.900251e+00  7.925268e+00 -9.400225e-01  6.214099e+00  1.478248e-01  1.455117e+00 -3.458722e+00 -3.025246e+00  1.910699e+00  4.879008e-01 -5.490063e-01  3.000000e+00
 1.983232e+02 -5.922352e+00 -3.092195e+00  2.942059e+00 -5.880044e-01  1.017743e+00 -3.931891e-01 -5.535092e+00 -1.278018e+00 -3.568270e+00  3.287172e+00 -1.922292e+00 -1.883138e+00  3.000000e+00
-1.160951e+02  1.898012e+01  9.955411e+00 -6.283611e+00 -9.332205e+00  2.272758e+00  4.326062e+00  1.171463e+00 -4.339497e+00  1.552147e+00 -2.378280e-02 -4.145017e+00 -1.026682e+00  3.000000e+00
-8.996707e+01  1.021853e+01  6.260141e+00 -4.126928e+00 -4.039997e+00  8.473782e-01  3.677201e+00  8.872890e-01  4.404112e-02  4.389738e-01  1.582554e+00 -5.120422e+00 -9.526408e-01  3.000000e+00
 3.432723e+02 -1.965623e+01  6.240307e+00 -2.404357e-02 -3.587164e+00 -2.967537e+00 -6.113241e-01  2.435208e+00  3.653006e+00  3.747212e+00 -2.830564e+00  3.698355e-01 -2.609195e+00  3.000000e+00
 1.203279e+02  5.480204e+00 -8.326675e+00 -1.576452e+00  4.937267e+00 -1.193933e+00 -2.581225e-01 -7.852012e+00  1.699553e+00  1.209668e+00 -6.143770e-01 -6.467592e-01 -1.067477e+00  3.000000e+00
 9.489705e+01  4.966466e+00 -7.065385e+00 -3.620537e+00  5.757867e+00 -1.913886e+00  1.280668e-01  2.325729e+00  6.666892e-01 -7.269983e-01  5.237565e-01  6.733614e-02 -1.906717e+00  3.000000e+00
 1.998513e+02 -4.940882e+00 -4.518322e+00  3.786684e+00  1.833041e+00  3.412308e-01  1.312313e+00  5.523725e+00 -4.538801e+00 -6.403941e-01 -8.388239e-01  3.125259e+00  3.428712e+00  3.000000e+00
 2.564173e+02  1.292292e+00 -1.480035e+01  2.111903e+01 -1.023659e+01 -2.215103e+01  2.820937e+00 -7.103234e+00 -1.170386e+01 -1.053074e+01  7.643406e+00 -7.665376e-01  3.769047e-01  3.000000e+00
 2.744414e+02 -7.684482e+00 -5.274735e+00  1.139182e+01 -8.724275e+00 -2.106260e+01  1.733472e+00 -2.162545e+00 -4.590398e+00 -3.601613e+00  2.572651e+00 -2.264323e-01  3.133158e+00  3.000000e+00
 3.400273e+02 -9.952405e+00 -9.298757e+00  2.960923e+01 -2.758030e+01 -2.052465e+01 -2.659441e+00  6.515424e+00  1.339162e+01  1.105234e+01 -7.881357e+00  6.581728e-01 -2.505974e+00  3.000000e+00
 6.889241e+01  6.883336e+00 -6.184483e+00 -5.774120e+00  3.459678e+00 -1.817725e+00 -1.446426e+00  4.791708e+00  4.119430e+00 -3.837672e+00  3.849391e+00 -1.697095e+00 -2.139657e+00  3.000000e+00
 1.066966e+02  1.378961e+01 -1.437389e+01 -1.577485e+00  1.125138e+01 -2.857680e+00  1.780850e+00  6.882760e+00 -9.376177e-01 -1.502115e+00  1.373283e+00 -1.274496e+00 -3.903132e+00  3.000000e+00
 1.773765e+01  8.102149e+00 -2.009343e+00 -5.885946e+00 -2.999237e-01 -5.314039e-01  3.725987e-01  2.946140e+00 -4.972427e-01 -1.690954e-01 -2.883940e-02  1.049478e+00  7.495954e-01  3.000000e+00
 2.771668e+02 -1.164741e+01 -1.504041e+00  7.790123e+00 -5.283945e+00  2.380369e+00 -1.014248e+00  2.533197e+00  2.921532e+00  1.998398e+00 -1.390207e+00  1.429930e-01  2.843774e+00  3.000000e+00
-1.401704e+02  1.137145e+01  1.002622e+01 -5.524084e-03 -7.307240e-01  3.565366e-01  5.917155e+00  4.789284e-01  1.065515e+00  1.278141e+00  9.602290e-01 -7.066651e+00 -7.221559e-02  3.000000e+00
 8.455098e+01  1.578153e+01 -1.335944e+01 -4.516395e+00  9.655033e+00 -3.166926e+00  2.967645e-01  5.126681e+00  3.243862e+00 -1.124557e+00  1.715150e+00 -1.865429e+00 -1.971391e+00  3.000000e+00
 1.276091e+02  1.194417e+01 -1.419862e+01  1.068501e+00  9.129291e+00 -1.484443e+00  1.474946e+00 -8.524930e+00 -1.609129e+00  2.591228e+00 -2.288538e+00  2.571851e-01 -2.295641e+00  3.000000e+00
 2.400753e+02 -1.410090e+00 -1.179413e+01  1.706074e+01 -3.801506e+00  1.689492e+01 -1.407001e+00 -1.760439e-01 -3.263771e-01 -1.756849e+00  1.397459e+00 -1.963324e-01 -6.310448e-01  3.000000e+00
 6.498682e+01  3.503478e+01 -2.121680e+01 -9.772263e+00  1.103690e+01 -4.870032e+00 -2.438408e+00  3.021228e+00  1.441500e+01 -1.119160e+00  4.405003e+00 -6.549658e+00  3.027731e+00  3.000000e+00
 1.782642e+02 -2.397735e+00 -6.012042e+00  2.808030e+00  4.200568e+00 -2.135853e-01  1.797034e+00  3.377871e+00 -5.472818e+00 -8.004882e-01 -5.963496e-01  2.228712e+00  7.355196e-02  3.000000e+00
 6.843784e+01  2.755778e+01 -1.794156e+01 -8.242656e+00  9.938308e+00 -4.231014e+00 -2.415063e+00  2.839323e+00  1.236431e+01 -2.131453e+00  4.345625e+00 -4.694361e+00  1.204237e+00  3.000000e+00
 1.313114e+02  6.481279e+00 -1.030646e+01  2.861206e-01  6.858745e+00 -1.132958e+00  9.890287e-01 -6.777035e+00 -1.537480e+00  1.558133e+00 -1.520364e+00  3.724455e-01 -1.757399e+00  3.000000e+00
 2.401937e+02 -1.913125e+00 -1.115154e+01  1.618773e+01 -3.484918e+00  1.666688e+01 -1.397106e+00  6.580090e-02 -8.159992e-02 -1.420159e+00  1.134783e+00 -1.501520e-01 -7.161912e-01  3.000000e+00
 5.030458e+01  2.947309e+01 -1.496811e+01 -1.008279e+01  5.031802e+00 -3.167682e+00 -3.155510e+00  4.097386e+00  1.274288e+01 -4.547768e+00  7.121408e+00 -7.397584e+00  1.191813e+00  3.000000e+00
 5.840896e+01  1.596090e+01 -9.582084e+00 -5.960437e+00  5.495778e+00 -2.295408e+00 -2.625545e-02 -4.449001e+00  4.017422e+00  4.749439e+00 -3.359013e+00  7.464839e-01  4.488294e+00  3.000000e+00
-6.929080e+00  2.614289e+01 -2.656128e+00 -1.327563e+01 -1.046224e+01  1.786502e+00 -7.240354e-01  2.936508e+00 -7.207355e+00  1.333725e+00 -2.553793e+00  3.505947e+00  7.489181e-01  3.000000e+00
 1.212016e+02  1.530689e+01 -1.601733e+01  2.560672e-01  1.150857e+01 -2.806152e+00  2.625242e+00  1.763416e+01 -1.879152e+00 -3.240258e-01 -3.636446e-01  1.375164e+00  1.650792e+00  3.000000e+00
 2.433650e+02 -1.055584e+01 -9.101818e-01  3.713337e+00 -6.442942e-01  5.384509e+00 -3.377451e-01  1.555350e+00 -5.824944e-01 -9.239457e-01  6.295269e-01  1.053585e-01  1.443742e-01  3.000000e+00
 2.879087e+02 -1.310558e+01 -3.956577e-01  7.439328e+00 -5.857018e+00  2.895219e+00 -1.306554e+00  2.916250e+00  3.978262e+00  2.670814e+00 -1.826902e+00  1.325690e-01  2.479174e+00  3.000000e+00
 8.533548e+01  8.545054e+00 -8.598340e+00 -5.168910e+00  5.384182e+00 -2.129643e+00 -1.006969e+00  1.914646e+00  2.812325e+00 -1.094365e+00  8.802210e-01  6.024036e-01 -1.002429e+00  3.000000e+00
 2.487950e+00  8.664294e+00 -1.119678e+00 -6.155003e+00 -8.557407e-01 -4.472529e-01  5.332336e-01  1.289857e+00  2.902822e-02  1.085054e+00 -9.500123e-01  1.240430e+00  1.922763e+00  3.000000e+00
-6.658566e+00  2.010475e+01 -2.528146e+00 -1.094685e+01 -6.779810e+00  7.776259e-01 -1.072143e+00  2.580200e+00 -3.226129e+00  4.182677e-01 -1.630679e+00  3.171240e+00  1.821201e+00  3.000000e+00
-9.578725e+01  2.835246e+01  8.658764e+00 -1.128183e+01 -1.543040e+01  3.505882e+00  9.932753e-01  2.821384e+00 -8.171472e+00 -1.191457e+00 -1.573583e-01  5.817134e-01 -3.958526e+00  3.000000e+00
-1.007013e+02  2.782762e+01  9.281628e+00 -1.091297e+01 -1.535528e+01  3.531538e+00  1.406491e+00  2.895966e+00 -8.199265e+00 -8.612237e-01 -2.201537e-01  1.288460e-01 -3.410310e+00  3.000000e+00
 1.897037e+02  2.620731e+00 -1.135998e+01  8.532487e+00  2.602102e+00  2.059738e+00  1.294618e+00 -6.393601e+00 -6.589586e+00 -4.573336e+00  3.211856e+00 -7.713190e-01 -4.100927e+00  3.000000e+00
