-3.430012e+02 -1.796503e+01 -2.858889e+01  1.972511e+01 -1.284822e+01 -7.669738e+00 -2.663486e+01  1.398739e+00 -4.718431e+00 -5.555108e+00 -2.204139e+00  1.371996e+01  4.057510e+00  1.000000e+00
-3.196398e+02 -9.791724e-01 -1.138753e+01  6.956117e+00 -3.170450e+00 -9.398156e-01  3.046498e+00 -2.135776e+00 -4.023536e-02 -2.542163e+00 -1.487693e+00  6.929328e+00  1.382651e+00  1.000000e+00
-4.578014e+02  9.417630e+00 -4.155760e+00  4.042062e+00 -3.524085e+00 -2.307311e+00 -8.399773e+00  3.500861e-01  1.922453e+00  1.415815e+00 -1.965419e-03  1.715787e+00  5.279043e-01  1.000000e+00
-7.521534e+02  3.393030e+01  1.745405e+01 -8.431913e+00  3.218978e+00  9.335183e-01 -4.109510e+00  3.601406e+00 -9.784127e+00 -4.109542e+00  6.255700e-01 -6.864036e+00 -1.796778e+00  1.000000e+00
 2.435361e+00 -5.926121e+01  2.942927e+00 -2.219893e+01  1.973860e+01  6.737885e+00 -5.657197e+00  8.149012e+00 -1.046052e+00  7.599939e+00 -5.597406e-01  1.049058e+01  4.467101e+00  1.000000e+00
-7.222403e+02  3.166917e+01  1.550284e+01 -7.339550e+00  2.644138e+00  6.575516e-01 -4.461215e+00  3.266354e+00 -8.049594e+00 -3.055207e+00  6.919368e-01 -6.469265e+00 -1.651875e+00  1.000000e+00
-5.616284e+02  1.896026e+01  5.367775e+00 -2.328356e+00  1.629757e+00  1.628448e+00  1.131553e+01 -3.266603e+00  9.276188e+00  4.938527e+00  2.210633e-01  1.135164e+00  2.893642e-01  1.000000e+00
-5.706368e+02  1.756523e+01  2.030890e+00  1.169902e+00 -3.075385e+00 -2.796779e+00 -1.407594e+01  8.148317e-01  1.417886e+01  1.229367e+01  2.703881e+00 -6.754212e+00 -8.925118e-01  1.000000e+00
-3.145423e+02 -4.251463e-01 -1.063112e+01  6.292298e+00 -2.636794e+00 -6.230577e-01  3.968103e+00 -2.110680e+00 -1.417309e-01 -2.502713e+00 -1.361455e+00  6.032785e+00  1.131079e+00  1.000000e+00
-3.146743e+02 -3.458139e-01 -1.067056e+01  6.374430e+00 -2.730772e+00 -6.808263e-01  3.695725e+00 -1.990616e+00 -3.184095e-01 -2.455713e+00 -1.320759e+00  5.648463e+00  9.823695e-01  1.000000e+00
-7.823824e+02  3.658235e+01  1.899989e+01 -9.052712e+00  3.593392e+00  1.627871e+00  3.615493e+00  8.001950e-01 -7.270158e+00 -5.138828e+00 -8.149166e-01  1.509213e+00  2.190836e-01  1.000000e+00
-5.515091e+02  1.840727e+01  5.280077e+00 -2.520260e+00  2.077543e+00  2.050301e+00  1.363058e+01 -3.678844e+00  9.709165e+00  4.985148e+00  1.536284e-01  1.450384e+00  3.638602e-01  1.000000e+00
-5.918867e+02  2.138287e+01  8.113293e+00 -4.308397e+00  3.494477e+00  3.142051e+00  1.890705e+01 -4.200013e+00  6.644373e+00  2.037453e+00 -5.536223e-01  3.338278e+00  6.364623e-01  1.000000e+00
-4.213466e+02  7.512560e+00 -4.228438e+00  2.933987e+00 -8.771418e-01  4.945456e-01  9.128241e+00 -3.282471e+00  6.149724e+00  2.108564e+00 -6.047761e-01  3.869290e+00  5.755731e-01  1.000000e+00
-8.192752e+02  3.934287e+01  2.131735e+01 -1.039666e+01  4.607459e+00  2.516229e+00  9.149013e+00 -3.894811e-01 -7.972304e+00 -6.943091e+00 -1.598014e+00  4.913041e+00  9.483595e-01  1.000000e+00
-5.823909e+02  2.103146e+01  6.319462e+00 -2.184942e+00 -1.021431e-01 -7.014092e-01 -6.643626e+00  1.864340e+00 -2.449113e-01  1.782605e+00  1.038069e+00 -4.901012e+00 -1.051376e+00  1.000000e+00
-5.552899e+02  1.612730e+01  7.601127e-01  1.915706e+00 -3.476081e+00 -2.985230e+00 -1.431370e+01  6.552622e-01  1.440044e+01  1.224183e+01  2.586594e+00 -6.003306e+00 -7.089793e-01  1.000000e+00
-4.013359e+02  6.247594e+00 -5.822266e+00  4.368346e+00 -3.192015e+00 -2.222841e+00 -1.130655e+01  2.761158e+00 -6.901207e+00 -3.158895e+00  4.959920e-02 -2.490521e+00 -8.309312e-01  1.000000e+00
-9.521160e+02  4.968520e+01  2.990844e+01 -1.502356e+01  6.709930e+00  3.339545e+00  8.868561e+00  1.177726e+00 -1.449013e+01 -1.065090e+01 -1.761120e+00  3.291488e+00  4.168740e-01  1.000000e+00
-1.094149e+02 -1.606359e+01 -1.010126e+01 -1.590605e+00  6.722899e+00  3.503175e+00  3.290204e+00  1.152865e+00 -1.358485e+00 -9.869884e-01  1.782241e+00 -7.198251e+00 -6.577294e-01  1.000000e+00
-4.199925e+01 -3.266983e+01 -5.591521e+00 -1.164385e+01  1.773311e+01  7.919125e+00 -3.708975e+00  4.940883e-01  1.806376e+00 -2.373248e+00  6.475766e+00 -6.186654e-01  8.556468e+00  1.000000e+00
-2.696714e+01 -9.370712e+00 -2.822906e+00 -5.707088e+00  5.347824e+00  1.755190e+00  5.911200e-01  2.297859e+00 -3.488059e+00  5.650508e+00  4.451521e-01  1.794482e+00 -7.073935e-01  1.000000e+00
-3.048879e+02 -7.203551e-01 -1.122513e+01  6.810927e+00 -3.120539e+00 -1.012973e+00  1.103129e+00 -9.007961e-01 -1.405503e+00 -1.834268e+00 -7.233305e-01  1.409657e+00 -3.787036e-01  1.000000e+00
-2.855773e+02 -5.698931e+00 -1.424723e+01  7.990831e+00 -3.186881e+00 -9.937848e-01  1.980630e+00 -2.188011e+00  4.828550e-01 -2.698002e+00 -1.301893e+00  6.706391e+00  1.641791e+00  1.000000e+00
-1.099361e+02 -1.989142e+01 -1.103472e+01 -1.771299e+00  7.494366e+00  3.909004e+00  3.171108e+00  1.788707e+00 -1.947113e+00 -8.639517e-01  2.075077e+00 -8.076107e+00 -4.075959e-02  1.000000e+00
-9.117212e+01 -2.209723e+01 -9.984230e+00 -3.694018e+00  9.242433e+00  4.581499e+00  2.773467e+00  2.419758e+00 -1.941446e+00 -9.484001e-02  2.288112e+00 -8.110596e+00 -2.114127e-01  1.000000e+00
-4.664632e+02  1.158335e+01 -1.019701e+00  1.312980e+00 -4.450450e-01  4.296898e-01  7.130006e+00 -2.761184e+00  6.429667e+00  2.728206e+00 -3.576987e-01  3.536412e+00  8.253194e-01  1.000000e+00
-5.565310e+02  1.878113e+01  5.667196e+00 -2.784342e+00  2.317860e+00  2.246371e+00  1.460324e+01 -3.766139e+00  9.072488e+00  4.397090e+00  1.885554e-02  1.771507e+00  3.987672e-01  1.000000e+00
-1.792416e+02 -7.390257e+00 -1.096665e+01  2.847573e+00  1.780796e+00  1.443823e+00  4.157040e+00 -4.734201e-01 -1.269079e+00 -2.067538e+00  6.812415e-01 -4.802460e+00 -1.113848e+00  1.000000e+00
-3.045488e+02 -1.351510e+00 -1.104296e+01  6.316593e+00 -2.639244e+00 -8.292160e-01  1.579787e+00 -1.576235e+00  4.786998e-01 -1.566278e+00 -8.037869e-01  3.460964e+00  5.697514e-01  1.000000e+00
-5.582445e+02  1.770906e+01  2.436261e+00  5.361470e-01 -1.787498e+00 -1.226517e+00 -2.686413e+00 -1.543444e+00  1.015923e+01  6.570796e+00  6.055201e-01  1.559603e+00  7.729520e-01  1.000000e+00
-7.873296e+02  3.693448e+01  1.942739e+01 -9.340022e+00  3.760957e+00  1.657137e+00  2.907887e+00  1.233194e+00 -7.983104e+00 -5.214814e+00 -6.298987e-01  2.249311e-01 -1.138234e-01  1.000000e+00
-2.599804e+02 -4.225046e+00 -1.244596e+01  6.401284e+00 -1.859303e+00 -2.109451e-01  2.971039e+00 -7.957476e-01 -1.494717e+00 -1.755333e+00 -2.237690e-01 -1.540841e+00 -1.077415e+00  1.000000e+00
-5.110314e+02  8.693879e+00 -6.320438e+00  6.624578e+00 -6.781741e+00 -5.217503e+00 -2.372397e+01  1.490278e+00  1.609488e+01  1.387751e+01  2.941442e+00 -6.200729e+00 -5.943713e-01  1.000000e+00
-3.658523e+02  3.276938e+00 -8.101704e+00  5.499383e+00 -3.569278e+00 -2.352050e+00 -1.179644e+01  3.175334e+00 -9.628036e+00 -4.955607e+00 -1.682548e-01 -2.783228e+00 -1.121043e+00  1.000000e+00
-1.841183e+02 -1.548673e+01 -1.552977e+01  4.636594e+00  2.449865e+00  2.101195e+00  4.653140e+00  5.780977e-02 -1.878738e+00 -2.658256e+00  1.371996e+00 -7.315357e+00 -5.088111e-01  1.000000e+00
-1.438537e+02 -9.045874e+00 -1.032390e+01  1.314811e+00  3.253608e+00  2.086175e+00  4.543281e+00 -6.684840e-02 -1.291749e+00 -1.463576e+00  1.027728e+00 -6.420443e+00 -1.684389e+00  1.000000e+00
-3.753997e+02  3.836647e+00 -7.522033e+00  4.880087e+00 -2.001420e+00 -1.097184e-01  7.305070e+00 -2.861667e+00  6.876713e-01 -2.406611e+00 -1.699279e+00  7.938067e+00  1.543840e+00  1.000000e+00
-2.894568e+02 -1.011550e+00 -1.018948e+01  5.429261e+00 -2.088047e+00 -7.373043e-01  8.254208e-02 -9.475233e-01 -9.109032e-01 -2.255976e+00 -6.325787e-01  2.469481e+00  4.810743e-01  1.000000e+00
-2.514275e+01 -5.222861e+01 -3.517960e+00 -1.783191e+01  2.270395e+01  9.505787e+00 -5.608112e+00  3.541947e+00  1.959742e+00 -4.538193e-01  5.342818e+00  2.584009e+00  9.466173e+00  1.000000e+00
-5.640689e+01 -1.092301e+01 -4.568475e+00 -6.146203e+00  8.509489e+00  3.396019e+00 -7.836594e-01  1.267797e-01  1.259455e+00 -2.037753e+00  1.397172e+00 -1.599565e+00  1.404307e+00  1.000000e+00
-3.056086e+02 -9.872151e+00 -1.849078e+01  1.116144e+01 -5.457801e+00 -2.418404e+00 -2.607828e+00 -2.677421e+00  2.865196e+00 -2.140841e+00 -1.625293e+00  1.056275e+01  2.987076e+00  1.000000e+00
-3.653743e+02  3.147452e+00 -8.245345e+00  5.369730e+00 -2.426635e+00 -4.395794e-01  5.711457e+00 -2.630487e+00  4.121399e-01 -2.509325e+00 -1.709178e+00  8.133524e+00  1.631298e+00  1.000000e+00
 6.613113e+01 -2.439054e+01  9.375979e+00 -1.281495e+01 -2.457002e+00 -4.766999e+00 -1.661884e+00 -4.774522e+00  1.802210e+00 -1.790623e+00 -5.092554e+00  2.379450e+00 -7.067638e+00  1.000000e+00
-1.495093e+02 -1.069093e+01 -1.119165e+01  1.575938e+00  3.618935e+00  2.355489e+00  4.586760e+00  1.560088e-01 -1.542119e+00 -1.762157e+00  1.327099e+00 -7.450817e+00 -1.384309e+00  1.000000e+00
-3.516205e+02  8.072921e-01 -1.040621e+01  6.991998e+00 -4.479996e+00 -2.846380e+00 -1.304609e+01  3.052619e+00 -9.969389e+00 -5.610397e+00 -4.783591e-01 -1.060092e+00 -6.835531e-01  1.000000e+00
-3.353341e+02  1.309925e+00 -9.445877e+00  5.820647e+00 -2.691767e+00 -8.145113e-01  2.493913e+00 -1.814300e+00 -1.403899e-02 -2.148100e+00 -1.263262e+00  5.952209e+00  1.214367e+00  1.000000e+00
-2.571162e+02 -1.121923e+01 -1.781938e+01  9.553296e+00 -3.099588e+00 -6.714749e-01  2.557913e+00 -1.369288e+00 -7.430077e-01 -2.259549e+00 -5.639935e-01  1.135650e+00 -8.797079e-02  1.000000e+00
-3.302192e+02  1.287951e+00 -9.739718e+00  6.130537e+00 -3.020438e+00 -1.102653e+00  1.667191e-01 -8.129211e-01 -7.837606e-01 -1.350106e+00 -6.449823e-01  1.691077e+00 -1.498815e-01  1.000000e+00
-5.319722e+02  1.715494e+01  3.042007e+00 -4.032842e-01 -9.030439e-01 -9.771858e-01 -6.120828e+00  1.243019e+00  1.128145e+00  2.231190e+00  8.543010e-01 -3.507373e+00 -7.256947e-01  1.000000e+00
-4.212016e+02  7.880594e+00 -3.875509e+00  2.699844e+00 -7.680538e-01  5.138254e-01  8.793334e+00 -3.067143e+00  5.505465e+00  1.799654e+00 -5.957075e-01  3.642295e+00  5.347319e-01  1.000000e+00
-5.364156e+02  1.714806e+01  4.199124e+00 -1.900728e+00  1.749510e+00  1.900816e+00  1.353115e+01 -3.855652e+00  9.686939e+00  4.667807e+00 -5.237203e-02  2.731712e+00  7.486233e-01  1.000000e+00
-4.617711e+02  1.118372e+01 -1.806104e+00  2.249106e+00 -2.339360e+00 -1.939897e+00 -1.135553e+01  2.770586e+00 -3.989144e+00 -6.223678e-01  6.842567e-01 -4.503540e+00 -1.183920e+00  1.000000e+00
-6.472411e+02  2.597905e+01  1.056808e+01 -4.558083e+00  1.143730e+00 -9.158719e-02 -5.661045e+00  2.444519e+00 -3.258075e+00 -2.403495e-02  9.494717e-01 -5.747467e+00 -1.334397e+00  1.000000e+00
-3.337637e+02 -9.621282e+00 -2.028550e+01  1.370851e+01 -8.623314e+00 -5.036473e+00 -1.768519e+01  1.668740e+00 -7.210461e+00 -5.963677e+00 -1.611115e+00  7.396924e+00  1.802823e+00  1.000000e+00
-3.916406e+02  4.732563e+00 -7.241073e+00  5.290299e+00 -3.787588e+00 -2.582734e+00 -1.255386e+01  2.828396e+00 -7.278379e+00 -3.557148e+00 -9.180685e-02 -1.701790e+00 -6.144835e-01  1.000000e+00
-2.354991e+02 -5.460128e+00 -1.332857e+01  6.704424e+00 -1.662286e+00  1.536096e-01  5.463333e+00 -1.022766e+00 -1.825750e+00 -1.810950e+00 -1.827921e-01 -3.081163e+00 -1.893505e+00  1.000000e+00
-5.438031e+02  1.585688e+01  8.305133e-01  1.569490e+00 -2.637963e+00 -1.990600e+00 -7.389275e+00 -7.938701e-01  1.356166e+01  1.019840e+01  1.697482e+00 -2.446342e+00  6.465911e-03  1.000000e+00
-5.570621e+02  1.912381e+01  4.718397e+00 -1.335345e+00 -4.235704e-01 -7.410516e-01 -5.643229e+00  1.360602e+00  6.541250e-01  2.002613e+00  8.863851e-01 -3.887586e+00 -8.172076e-01  1.000000e+00
 2.466961e+02 -7.981914e+00  2.556389e+01  2.121663e+01 -7.343118e+00  2.093210e+01 -1.709962e+00  1.410254e+00  6.742237e-01 -6.908796e-01  2.940028e+00  1.023197e+00  1.182498e+00  2.000000e+00
 6.479873e+01 -1.419230e+01  5.914289e+00 -9.003623e+00 -2.766084e+00 -4.061957e+00 -6.614174e-01 -4.914796e+00  1.542329e+00 -2.663902e+00 -3.460206e+00 -3.649533e-01 -6.173612e+00  2.000000e+00
 3.174079e+02  1.190304e+01  8.638591e+00  1.843523e+01  1.433571e+01 -8.181565e+00 -3.387909e-01 -1.558479e+00 -2.514796e-01  4.251911e-01 -1.123928e+00  4.810346e-01 -3.788531e+00  2.000000e+00
 1.196070e+02 -2.999419e+00  5.348685e+00 -4.833802e+00 -4.660184e+00 -3.291884e+00  4.907399e-01 -9.268176e-01  8.369181e-01 -1.606699e+00 -5.504409e-01 -1.411621e+00  1.541339e+00  2.000000e+00
 3.411742e+02  2.159237e+01 -8.023529e+00 -8.161524e-01  4.658020e+00 -4.183019e+00 -1.522868e-01 -1.685352e+00 -4.455420e-01  6.065035e-01 -2.579869e+00 -6.550936e-01  1.841979e-02  2.000000e+00
 4.128283e+02  2.811397e+01 -1.734114e+01 -1.081000e+01 -1.492718e+00 -4.409970e-01 -1.068296e-02 -9.071166e-01 -3.679004e-01  5.916627e-01 -3.665094e+00 -1.877590e+00  1.106503e+01  2.000000e+00
 6.784691e+01 -7.036348e+00  3.595029e+00 -7.685193e+00 -5.427618e-01 -2.403520e+00 -1.396884e+00 -4.921162e+00  1.506881e+00 -2.543404e+00 -4.895971e-01  2.828631e-01 -1.250143e+00  2.000000e+00
 2.676813e+02 -1.511159e+00  2.050519e+01  2.080424e+01 -2.855641e+00  2.141821e+01 -3.210543e+00 -3.547993e+00 -5.023939e-01  1.229901e+00 -5.304339e+00 -3.153217e-01 -8.727225e-01  2.000000e+00
 2.596049e+02 -1.366955e+00  1.903894e+01  1.821911e+01 -4.328694e+00  2.082083e+01 -2.889022e+00 -3.033593e+00 -4.298011e-01  1.044786e+00 -4.594594e+00 -4.082221e-01 -5.052971e-02  2.000000e+00
-7.625995e+00 -3.041642e+01 -8.713802e-01 -1.319504e+01  1.409227e+01  5.407927e+00 -3.565569e+00  2.548010e+00 -1.682046e+00  4.979956e+00  3.571488e+00  5.732089e+00  5.131210e+00  2.000000e+00
 1.920307e+01 -8.415530e+01  1.132815e+01 -2.655069e+01  1.304607e+01  1.756031e+00 -9.400378e+00 -1.279140e+01  1.804807e+01 -2.732378e+01 -5.313537e-01 -7.028604e+00  1.239129e+00  2.000000e+00
-1.346126e+02 -1.284847e+01 -1.085113e+01  3.237311e-01  4.980086e+00  2.886204e+00  3.917509e+00  5.551758e-01 -1.491903e+00 -1.798321e+00  1.662424e+00 -7.811751e+00 -7.608819e-01  2.000000e+00
 3.529628e+02  2.218467e+01 -8.629531e+00 -1.257173e+00  4.508630e+00 -4.105500e+00 -1.577631e-01 -1.699164e+00 -4.566750e-01  6.548073e-01 -2.887662e+00 -6.936123e-01 -3.068525e-01  2.000000e+00
 2.885103e+02  1.571918e+01 -1.753278e+00  3.108097e+00  2.636415e+00  1.768498e+00 -1.001796e+00 -3.057763e+00 -6.804262e-01  8.312869e-01 -2.645421e+00 -4.375006e-01 -1.833698e+00  2.000000e+00
-2.571684e+02 -6.183555e+01 -6.015600e+01  3.659236e+01 -1.446204e+01 -3.768903e+00  7.888524e+00 -4.122955e+00  1.703825e+00 -1.915690e+00 -2.092516e+00  6.273775e+00  2.421418e-01  2.000000e+00
-1.506896e+02 -1.405477e+01 -1.196937e+01  1.185425e+00  4.574815e+00  2.729259e+00  3.515032e+00  4.613114e-01 -1.485104e+00 -2.254146e+00  1.609635e+00 -7.097438e+00 -1.847659e-01  2.000000e+00
 3.385784e+02  1.664491e+01  2.348486e+00  1.307041e+01  1.503320e+01 -1.327598e+01  3.881990e-01 -9.960842e-01 -2.330008e-01  2.923841e-01 -7.791508e-01  1.485579e-01 -1.771730e+00  2.000000e+00
 3.702486e+02  2.426582e+01 -1.180810e+01 -4.833145e+00  2.223580e+00 -2.752932e+00 -6.835165e-02 -1.204919e+00 -3.498830e-01  4.942512e-01 -2.353509e+00 -7.826486e-01  1.940143e+00  2.000000e+00
 2.638409e+02 -4.796149e+00  2.537086e+01  2.688318e+01  7.588949e+00 -4.796033e+00  1.471533e+00  6.398604e+00  1.819285e+00 -2.917974e+00  1.424897e+01  3.811483e+00 -3.714145e+00  2.000000e+00
-1.713396e+01 -8.761085e+01  1.829720e-01 -2.932133e+01  2.725606e+01  8.396816e+00 -7.799340e+00  2.288264e+00  9.940245e-01  2.687318e+00 -1.655093e-01  6.722502e+00 -8.332430e-01  2.000000e+00
 3.048132e+02  8.542639e+00  1.233700e+01  2.082220e+01  1.368200e+01 -7.885446e+00 -1.897956e-02 -1.347135e-01  1.437649e-01 -2.599522e-01  2.348244e+00  1.383155e+00 -5.098183e+00  2.000000e+00
 4.833243e+02  3.538564e+01 -2.845362e+01 -2.362742e+01 -1.103172e+01  6.078844e+00  5.688088e-01  3.676721e+00  1.082332e+00 -1.748875e+00  8.987983e+00  3.128741e+00 -1.249814e+01  2.000000e+00
 3.250532e+01 -7.191756e+00  6.619083e-02 -5.561466e+00  3.630433e+00  1.376115e+00  3.738901e-01  7.177304e+00 -2.590244e+00  6.588435e+00 -2.136071e+00  4.615040e+00 -5.290080e-01  2.000000e+00
 1.184827e+02 -1.710420e+01  1.258178e+01 -4.016770e+00 -1.093426e+01 -4.323012e+00  4.519796e+00  1.667372e+01  2.940778e+00 -7.246935e-01 -1.080838e+01 -2.427996e+00 -1.124154e+00  2.000000e+00
 2.510114e+02 -2.863016e+00  2.006428e+01  1.800660e+01 -5.463309e+00  1.973518e+01 -2.210214e+00 -8.917985e-01  1.136496e-01  6.929990e-02  1.124867e-01  5.404203e-01  1.873787e-01  2.000000e+00
 2.411158e+02  4.491232e+00  9.806499e+00  9.080453e+00 -3.346870e+00  9.370706e+00 -8.004916e-01  5.436269e-02  1.993291e-01 -6.316815e-01  4.326580e+00  9.223414e-01  1.191444e-01  2.000000e+00
 3.176329e+02  1.242439e+01  7.904290e+00  1.770062e+01  1.403629e+01 -8.260114e+00 -2.424560e-01 -1.182664e+00 -1.383077e-01  2.096333e-01  4.561817e-02  7.925907e-01 -4.117574e+00  2.000000e+00
 2.652453e+02  1.296219e+01  9.050601e-01  4.240055e+00  8.854137e-01  4.056296e+00 -9.843809e-01 -2.246074e+00 -4.080566e-01  2.702169e-01  5.283600e-01  3.126974e-01 -1.914952e+00  2.000000e+00
 1.921997e+02 -2.525826e+00  1.063184e+01  3.396800e+00 -5.341477e+00  1.935718e+00  1.184536e+00  9.530816e+00  5.147832e+00 -5.641321e+00  1.859115e+00  1.058545e+00  2.229240e+00  2.000000e+00
 6.677758e+01 -5.310121e+00  2.488333e+00 -4.624681e+00 -1.971995e+00 -1.616232e+00  1.814305e+00  4.741481e+00 -3.557646e+00  6.243860e+00 -1.952752e+00  1.292203e+00  4.715798e-01  2.000000e+00
 1.236671e+02 -4.093192e+01  2.610265e+01 -6.149180e+00 -2.074895e+01 -7.787398e+00  7.840354e+00  2.828105e+01  3.808827e+00  7.694013e-01 -1.844506e+01 -2.618275e+00 -1.434702e+00  2.000000e+00
 2.828173e+02  9.405632e+00  7.482207e+00  1.184862e+01  2.545688e+00  9.330780e+00 -2.342661e+00 -4.824464e+00 -9.938020e-01  1.672339e+00 -6.863347e+00 -9.156685e-01 -2.261663e+00  2.000000e+00
 3.106415e+02  1.825495e+01 -4.269950e+00  1.890497e+00  4.147076e+00 -1.098724e+00 -7.293830e-01 -2.847899e+00 -6.736994e-01  9.084611e-01 -3.429825e+00 -6.387624e-01 -1.446555e+00  2.000000e+00
 2.740338e+02  3.085980e+00  1.580986e+01  1.838744e+01 -4.056282e-01  1.772438e+01 -3.001462e+00 -3.643390e+00 -4.895520e-01  1.072297e+00 -3.925568e+00  1.969972e-01 -2.250283e+00  2.000000e+00
 4.715024e+02  3.435062e+01 -2.692875e+01 -2.190959e+01 -9.774290e+00  5.203835e+00  5.079482e-01  3.163155e+00  9.240198e-01 -1.501094e+00  7.674528e+00  2.600500e+00 -9.888706e+00  2.000000e+00
 4.237336e+02  2.967400e+01 -1.970359e+01 -1.345044e+01 -3.195535e+00  4.197769e-01  1.589082e-01  3.592807e-02 -8.381758e-02  1.116584e-01 -1.135767e+00 -1.045732e+00  8.372505e+00  2.000000e+00
-2.080326e+02 -9.603152e+01 -7.089108e+01  3.642759e+01 -7.008360e+00  1.283329e+00  1.649616e+01  1.655518e+00 -4.354302e+00  3.205094e+00  8.579086e-01 -1.083500e+01 -4.033156e+00  2.000000e+00
 1.392861e+02 -7.147070e+01  4.729809e+01 -1.027810e+01 -3.414374e+01 -1.516922e+01  5.419186e+00 -1.521390e+01 -1.327952e+01  1.239406e+01  8.034484e+00 -3.546645e+00  6.405995e+00  2.000000e+00
 3.352302e+02  1.995110e+01 -5.670582e+00  1.532763e+00  5.502903e+00 -3.851936e+00 -3.805521e-01 -2.394738e+00 -6.270012e-01  9.091618e-01 -3.973771e+00 -9.644873e-01  1.367579e-01  2.000000e+00
 8.735140e+01 -8.717406e+00  5.791188e+00 -6.475045e+00 -4.636890e+00 -3.794218e+00  1.029534e+00  8.507428e-01 -4.794461e-02  3.201923e-01 -3.326619e+00 -1.108399e+00 -8.239520e-01  2.000000e+00
 3.555427e+02  2.312012e+01 -1.023078e+01 -3.174920e+00  3.257348e+00 -3.389059e+00 -9.309193e-02 -1.349177e+00 -3.681964e-01  5.030724e-01 -2.224787e+00 -6.326171e-01  6.616002e-01  2.000000e+00
 3.478260e+01 -1.161930e+01  2.145117e+00 -8.437048e+00  2.223793e+00 -1.025159e+00 -1.188758e+00 -2.328945e+00 -6.301527e-01  1.604701e+00 -1.298733e+00  2.886391e+00 -3.865363e+00  2.000000e+00
 1.914171e+02  1.415753e+00  7.080343e+00  2.162347e+00 -3.282126e+00  1.514362e+00  6.451420e-01  7.503072e+00  4.665813e+00 -5.117988e+00  9.651074e-01  1.083691e+00  7.722458e-01  2.000000e+00
 3.274584e+02  1.586635e+01  2.388162e+00  1.189847e+01  1.279153e+01 -1.087450e+01  3.303948e-01 -5.739773e-01 -9.353184e-02  4.567464e-02  5.003458e-01  4.740245e-01 -2.285090e+00  2.000000e+00
 3.460063e+02  2.214776e+01 -8.911457e+00 -1.811253e+00  4.023418e+00 -3.404602e+00 -2.769233e-01 -2.039747e+00 -5.491802e-01  8.051882e-01 -3.653395e+00 -9.402064e-01  4.343084e-01  2.000000e+00
 7.504563e+01 -5.350324e+00  3.293532e+00 -5.132723e+00 -2.815557e+00 -2.415204e+00  1.312121e+00  2.458506e+00 -1.454869e+00  2.610332e+00 -2.457024e+00 -3.098233e-01 -3.709813e-01  2.000000e+00
 4.467538e+02  3.209784e+01 -2.359316e+01 -1.815089e+01 -7.061296e+00  3.349429e+00  3.759237e-01  2.095274e+00  6.014861e-01 -9.969033e-01  5.052653e+00  1.603103e+00 -5.396312e+00  2.000000e+00
 2.587474e+02 -1.613089e-01  1.765139e+01  1.728749e+01 -3.683177e+00  1.892775e+01 -2.592211e+00 -2.502036e+00 -2.939362e-01  7.266107e-01 -2.824983e+00 -2.301844e-02 -3.990463e-01  2.000000e+00
 2.743600e+02  1.176113e+01  3.211796e+00  6.932162e+00  9.435850e-01  8.082056e+00 -1.925966e+00 -4.177624e+00 -8.581804e-01  1.257667e+00 -4.562008e+00 -5.896571e-01 -1.905722e+00  2.000000e+00
 4.500070e+02  3.243763e+01 -2.409657e+01 -1.870747e+01 -7.420603e+00  3.565615e+00  3.908997e-01  2.180284e+00  6.197260e-01 -1.022843e+00  5.131367e+00  1.579129e+00 -4.873932e+00  2.000000e+00
 6.472899e+01 -1.411108e+01  5.777159e+00 -8.860431e+00 -2.534966e+00 -3.602787e+00  1.053549e-01 -5.984845e-01 -7.427679e-01  1.882645e+00 -3.939334e+00  1.465511e+00 -3.634419e+00  2.000000e+00
 1.911755e+02 -5.048254e-01  9.029290e+00  2.091488e+00 -5.988453e+00 -2.593163e-01  1.212780e+00  4.215392e-01 -1.039097e+00  3.940283e-01  4.953270e+00 -8.328689e-01  2.487518e+00  2.000000e+00
 4.366935e+02  3.114298e+01 -2.217874e+01 -1.656607e+01 -5.954185e+00  2.618479e+00  3.240011e-01  1.706945e+00  4.904860e-01 -8.253611e-01  4.208054e+00  1.328559e+00 -4.523700e+00  2.000000e+00
 1.445322e+02 -7.251815e-01  5.526122e+00 -3.158983e+00 -5.241768e+00 -3.280271e+00  5.837543e-01 -5.349718e+00 -2.478795e+00  1.482411e+00  3.124613e+00 -1.788604e+00  2.352630e+00  2.000000e+00
 3.268461e+02  2.008353e+01 -6.170401e+00  7.660567e-01  4.914474e+00 -3.350540e+00 -3.693259e-01 -2.145697e+00 -5.276728e-01  7.071904e-01 -2.755954e+00 -5.586013e-01 -9.183742e-01  2.000000e+00
 3.764412e+02  2.529722e+01 -1.357419e+01 -6.989700e+00  6.078631e-01 -1.429818e+00 -7.079281e-02 -8.659999e-01 -2.419319e-01  3.256108e-01 -1.480462e+00 -4.670223e-01  7.830525e-01  2.000000e+00
 3.544097e+02  2.302962e+01 -1.018164e+01 -3.189919e+00  3.174410e+00 -3.091241e+00 -1.743848e-01 -1.610879e+00 -4.401590e-01  6.281067e-01 -2.851259e+00 -7.867179e-01  6.999058e-01  2.000000e+00
 2.695018e+02  7.910272e+00  8.527774e+00  1.152550e+01  5.172968e-01  1.036269e+01 -1.919167e+00 -2.819303e+00 -4.236882e-01  6.369572e-01 -1.583149e+00  2.852952e-01 -2.239525e+00  2.000000e+00
 4.241901e+02  2.920602e+01 -1.895105e+01 -1.259791e+01 -2.697325e+00  3.302529e-01  3.785242e-02 -5.774869e-01 -2.859585e-01  4.719397e-01 -3.178169e+00 -1.812780e+00  1.170073e+01  2.000000e+00
 3.912434e+02  2.620655e+01 -1.460912e+01 -7.885019e+00  2.429532e-01 -1.533262e+00  1.512272e-02 -6.642731e-01 -2.119708e-01  2.881159e-01 -1.449138e+00 -5.790639e-01  1.928573e+00  2.000000e+00
 1.896600e+02  6.760494e-01  7.563429e+00  2.076902e+00 -3.718716e+00  1.337043e+00  7.576373e-01  7.642973e+00  4.650904e+00 -5.096252e+00  8.289811e-01  9.841251e-01  1.048877e+00  2.000000e+00
 1.260491e+02 -4.321666e+00  6.733420e+00 -4.632354e+00 -6.171405e+00 -3.715523e+00  9.349289e-01 -2.363793e-01  8.468576e-01 -1.716752e+00 -4.149446e-02 -1.624725e+00  2.477461e+00  2.000000e+00
 2.974644e+02  5.006775e+00  1.086033e+01  1.405369e+01  1.365755e+01 -2.903954e+01  4.690812e+00  8.195445e+00  1.614507e+00 -2.881198e+00  1.190923e+01  1.456823e+00  1.505268e+00  2.000000e+00
 4.041247e+02  2.679095e+01 -1.521591e+01 -8.309292e+00  3.069349e-01 -1.596146e+00 -1.336813e-01 -1.777845e+00 -6.384914e-01  1.039862e+00 -6.048338e+00 -2.717715e+00  1.416959e+01  2.000000e+00
 3.817237e+02  2.546491e+01 -1.360514e+01 -6.824538e+00  9.753432e-01 -1.934860e+00 -6.621084e-02 -1.173106e+00 -3.752217e-01  5.557206e-01 -2.942744e+00 -1.210154e+00  5.266268e+00  2.000000e+00
 3.816544e+02  2.535906e+01 -1.350088e+01 -6.772064e+00  8.757254e-01 -1.606564e+00 -1.282398e-01 -1.276176e+00 -3.881353e-01  5.828786e-01 -2.974993e+00 -1.071233e+00  3.554047e+00  2.000000e+00
 3.837075e+02  2.608396e+01 -1.466530e+01 -8.126558e+00 -2.750416e-02 -1.304284e+00  3.825016e-02 -4.418207e-01 -1.318049e-01  1.428029e-01 -6.263953e-01 -2.933308e-01  1.058207e+00  2.000000e+00
 4.096511e+02  2.860700e+01 -1.842001e+01 -1.234378e+01 -2.968390e+00  6.222614e-01  1.813921e-01  6.090072e-01  1.693891e-01 -3.262978e-01  1.692412e+00  4.524341e-01 -1.213513e+00  2.000000e+00
 2.974927e+02  1.266104e+01  4.314933e+00  1.080584e+01  7.532034e+00 -2.422775e+00 -6.317800e-01 -2.060209e+00 -4.087382e-01  5.240388e-01 -1.399235e+00  1.117544e-01 -3.147376e+00  2.000000e+00
 4.204161e+02  2.958914e+01 -1.984568e+01 -1.390920e+01 -4.010556e+00  1.287387e+00  2.218825e-01  8.883110e-01  2.395801e-01 -4.282134e-01  2.119133e+00  5.334149e-01 -1.001543e+00  2.000000e+00
 1.760884e+02 -1.074811e+01  1.540074e+01  1.983029e+00 -9.524392e+00 -1.987891e-02  2.283855e+00  1.149294e+01  5.263117e+00 -5.516620e+00 -2.259623e-01  2.380966e-01  3.829903e+00  2.000000e+00
 1.297433e+02 -3.610960e+01  2.461660e+01 -8.635278e+00 -1.711213e+01 -9.435595e+00  1.307994e+00 -1.749436e+01 -8.814756e+00  7.065211e+00  6.682545e+00 -2.342971e+00  1.831397e+00  3.000000e+00
 2.266806e+02  8.408271e+00  4.038959e+00  3.876130e+00 -1.672065e+00  1.924410e+00  1.808541e-01  4.108615e-01  1.437868e-01 -9.813600e-01  6.559094e+00  8.445556e-01  5.554645e-01  3.000000e+00
 1.949926e+02 -4.240337e+00  1.308406e+01  3.858433e+00 -8.755943e+00  4.616095e-01  1.986144e+00  4.003430e+00  4.608977e-01 -1.448713e+00  7.099732e+00 -5.744141e-01  5.657086e+00  3.000000e+00
 1.526695e+02  1.788649e-03  5.543743e+00 -2.654273e+00 -5.388803e+00 -3.361962e+00  6.481854e-01 -6.835244e+00 -3.835407e+00  2.910006e+00  3.851810e+00 -2.032996e+00  2.194869e+00  3.000000e+00
 9.756188e+01 -4.043688e+00  4.432256e+00 -4.468658e+00 -4.836924e+00 -3.290695e+00  1.554642e+00  2.357407e+00  6.255975e-01 -7.920474e-01 -3.516100e+00 -2.478218e+00 -8.978421e-01  3.000000e+00
 4.994202e+01 -7.415700e+00  2.234374e+00 -7.333490e+00  1.122894e+00 -1.258161e+00 -9.320492e-01 -2.486711e+00 -1.591207e+00  2.774693e+00  1.746137e-01  3.109740e+00 -1.160845e+00  3.000000e+00
 2.513199e+01 -1.201854e+01  1.171678e+00 -7.752605e+00  2.974141e+00 -9.440156e-03  3.132646e-01  4.169526e+00 -5.620083e+00  1.059203e+01 -1.679195e+00  6.533109e+00 -2.186921e+00  3.000000e+00
 2.441481e+02  4.772297e+00  9.835919e+00  9.540157e+00 -2.433073e+00  7.419260e+00 -4.318706e-01  9.961563e-01  4.443317e-01 -1.076345e+00  6.559941e+00  1.444773e+00 -2.264756e-01  3.000000e+00
 1.728433e+02 -1.209763e+00  7.845549e+00 -2.002250e-02 -5.500871e+00 -7.309561e-01  1.197078e+00  5.642449e+00  3.211482e+00 -3.738939e+00  4.243749e-01 -1.635782e-01  2.257043e+00  3.000000e+00
 1.622176e+02  4.494691e-01  6.031769e+00 -1.770265e+00 -5.868566e+00 -2.818049e+00  1.184194e+00 -1.733780e+00 -1.660221e+00  1.054765e+00  2.082960e+00 -1.906818e+00  2.532200e+00  3.000000e+00
 1.513094e+02 -2.399176e+00  7.415948e+00 -2.469290e+00 -6.885601e+00 -2.900076e+00  1.489823e+00  2.479373e+00  1.217588e+00 -1.918626e+00  6.094968e-01 -1.572849e+00  3.257246e+00  3.000000e+00
-2.920979e+01 -4.314286e+01 -4.552855e+00 -1.005951e+01  9.272833e+00  3.569690e+00  4.814489e+00  1.212960e+01 -1.446756e+01  2.130777e+01 -9.466945e-01 -6.339617e-01 -7.358931e+00  3.000000e+00
 2.392366e+02  6.838571e+00  6.967454e+00  7.059801e+00 -2.158965e+00  6.205321e+00 -4.407981e-01  2.581513e-01  2.284564e-01 -8.458298e-01  5.734042e+00  1.163975e+00 -3.052483e-01  3.000000e+00
 2.049307e+02  2.982695e+00  7.207525e+00  3.480663e+00 -3.397362e+00  2.039767e+00  6.799950e-01  6.333964e+00  3.695322e+00 -4.362568e+00  3.338506e+00  1.058490e+00  1.481184e+00  3.000000e+00
-1.185886e+02 -1.167828e+01 -9.472464e+00 -7.984719e-01  5.399196e+00  2.896618e+00  3.446706e+00  4.154593e-01 -1.023189e+00 -1.607133e+00  1.526766e+00 -6.835862e+00 -8.413841e-01  3.000000e+00
-9.440666e+01 -1.365863e+01 -7.415107e+00 -3.617095e+00  7.299858e+00  3.276369e+00  8.758861e-01  6.971628e-01 -2.056557e-01 -1.641773e+00  1.491575e+00 -3.734640e+00  9.378028e-01  3.000000e+00
 3.480731e+02  2.023380e+01 -5.809986e+00  1.594989e+00  5.570975e+00 -3.365693e+00 -6.023361e-01 -3.273930e+00 -9.035504e-01  1.428737e+00 -6.841607e+00 -1.840411e+00  2.380328e+00  3.000000e+00
 1.292739e+02 -2.013661e+01  1.606618e+01 -5.782135e+00 -1.281865e+01 -5.834708e+00  3.376336e+00  1.087918e+01  3.201435e+00 -2.209271e+00 -7.746042e+00 -1.913018e+00  1.867119e+00  3.000000e+00
 9.851099e+01 -4.955415e+00  5.032587e+00 -6.322702e+00 -3.773242e+00 -3.537612e+00 -1.478628e-01 -3.314687e+00  8.318923e-01 -1.898766e+00 -5.616799e-01 -1.277583e+00  7.429784e-01  3.000000e+00
 2.042925e+02  5.857746e+00  4.210621e+00  1.732016e+00 -2.309720e+00  3.696506e-02  1.762211e-01 -3.736939e+00 -2.597483e+00  2.063393e+00  4.749135e+00 -5.127012e-01 -3.364163e-01  3.000000e+00
 2.612651e+02 -3.085760e+00  1.987160e+01  1.949328e+01  8.503121e+00 -1.893171e+01  4.108370e+00  1.001528e+01  2.326904e+00 -3.939905e+00  1.752599e+01  3.307214e+00 -2.831396e-01  3.000000e+00
 2.845231e+02  1.987829e+00  1.795357e+01  2.262867e+01  1.208147e+01 -1.260337e+01  1.768596e+00  4.479624e+00  1.171864e+00 -2.026406e+00  1.003043e+01  2.558478e+00 -3.786453e+00  3.000000e+00
 3.476115e+02  5.038237e+00  2.338508e+01  3.860941e+01  2.969854e+01 -1.777323e+01 -1.264121e+00 -7.394273e+00 -2.024561e+00  3.771170e+00 -1.902935e+01 -4.264565e+00  3.891862e+00  3.000000e+00
 7.415736e+01 -1.711457e+01  7.818835e+00 -1.092235e+01 -2.264931e+00 -4.187589e+00 -1.841151e+00 -5.975274e+00  2.155432e+00 -2.996436e+00 -2.936376e+00  1.359045e+00 -4.516805e+00  3.000000e+00
 1.103723e+02 -1.243179e+01  9.949644e+00 -7.693013e+00 -7.412781e+00 -5.399054e+00 -3.084444e-01 -8.395867e+00  1.971246e-03 -2.366054e+00  2.964097e+00 -1.606952e+00  2.199565e+00  3.000000e+00
 1.953957e+01 -8.302732e+00 -3.957762e-02 -6.905108e+00  4.416957e+00  9.931744e-01 -6.856477e-01  7.217928e-01 -4.667149e+00  8.207733e+00  1.775062e+00  5.999843e+00  5.317607e-01  3.000000e+00
 2.820378e+02  1.191769e+01  3.625957e+00  8.262605e+00  3.742779e+00  3.268927e+00 -1.396659e+00 -3.715248e+00 -8.178665e-01  1.177956e+00 -4.398082e+00 -6.364634e-01 -2.535383e+00  3.000000e+00
-1.451388e+02 -2.469286e+01 -1.600945e+01  1.705228e+00  6.541021e+00  4.001014e+00  4.429338e+00  1.866017e+00 -2.773805e+00 -1.849069e+00  2.555161e+00 -1.088660e+01  2.692615e-02  3.000000e+00
 8.820668e+01 -1.464395e+01  8.786275e+00 -9.492738e+00 -5.314160e+00 -5.075137e+00 -8.236549e-01 -6.436640e+00  1.445239e+00 -3.175970e+00 -2.689613e-01 -6.710140e-01 -3.723977e-01  3.000000e+00
 1.329212e+02 -1.503018e+01  1.352400e+01 -4.760957e+00 -1.088845e+01 -4.744301e+00  2.791653e+00  9.077676e+00  3.043389e+00 -2.522785e+00 -5.485494e+00 -1.722564e+00  2.263957e+00  3.000000e+00
 2.446964e+02 -2.846497e+00  1.938017e+01  1.675038e+01 -5.759984e+00  1.752989e+01 -1.617293e+00  3.927774e-01  4.003283e-01 -5.087621e-01  2.880438e+00  9.687423e-01  4.326466e-01  3.000000e+00
 6.732175e+01 -3.276026e+01  1.232991e+01 -1.630421e+01 -1.780051e+00 -5.276525e+00 -3.280221e+00 -7.269392e+00  3.188573e+00 -3.449974e+00 -5.409223e+00  3.815317e+00 -8.618572e+00  3.000000e+00
 1.827191e+02  3.328227e+00  5.166774e+00 -4.252178e-02 -4.488650e+00 -1.437603e+00  8.050085e-01 -2.288704e+00 -1.808367e+00  1.054161e+00  4.238548e+00 -1.158630e+00  1.977969e+00  3.000000e+00
 7.170427e+01 -2.780257e+01  1.147525e+01 -1.432515e+01 -3.255420e+00 -5.610279e+00 -2.512748e+00 -7.630447e+00  3.177034e+00 -4.281514e+00 -4.914183e+00  1.836717e+00 -8.174636e+00  3.000000e+00
 1.362475e+02 -6.795335e+00  8.448695e+00 -3.554231e+00 -6.137364e+00 -2.484270e+00  1.522150e+00  8.330018e+00  4.150519e+00 -3.852247e+00 -4.836890e+00 -8.176648e-01  6.480858e-01  3.000000e+00
 2.447389e+02 -3.274001e+00  1.992689e+01  1.718029e+01 -5.843161e+00  1.772573e+01 -1.602906e+00  5.530521e-01  4.451976e-01 -5.657282e-01  3.109389e+00  1.028899e+00  4.612246e-01  3.000000e+00
 5.458328e+01 -3.794371e+01  1.126608e+01 -1.700954e+01  7.902871e-01 -4.001689e+00 -3.546864e+00 -6.124537e+00  3.487091e+00 -3.403969e+00 -6.522284e+00  4.438836e+00 -1.242272e+01  3.000000e+00
 6.131138e+01 -1.342521e+01  4.819533e+00 -8.035277e+00 -1.325927e+00 -2.308816e+00  7.625545e-01  3.447753e+00 -3.472891e+00  6.928479e+00 -3.144509e+00  3.889925e+00 -1.403243e+00  3.000000e+00
-6.512021e+00 -1.904836e+01 -1.260349e+00 -9.682467e+00  9.955295e+00  3.696936e+00 -2.247228e+00  8.468233e-01 -2.187726e+00  4.648183e+00  3.372431e+00  4.512359e+00  3.501790e+00  3.000000e+00
 1.243216e+02 -2.007045e+01  1.507189e+01 -7.559479e+00 -1.067730e+01 -6.823271e+00  1.391044e-01 -1.339606e+01 -4.188797e+00  2.035728e+00  4.601722e+00 -2.130344e+00  1.564858e+00  3.000000e+00
 2.482473e+02  1.092224e+01  2.511237e+00  4.373286e+00 -7.648776e-01  5.193247e+00 -8.100395e-01 -1.467599e+00 -2.070442e-01 -1.656883e-01  2.780138e+00  6.356439e-01 -1.040325e+00  3.000000e+00
 2.927669e+02  1.348168e+01  2.139382e+00  7.609962e+00  4.384121e+00  3.135111e+00 -1.627581e+00 -4.671264e+00 -1.092325e+00  1.700485e+00 -7.192887e+00 -1.341392e+00 -1.804110e+00  3.000000e+00
 8.819353e+01 -5.637453e+00  4.423753e+00 -6.785456e+00 -2.226507e+00 -2.882102e+00 -7.934398e-01 -3.574822e+00  1.937060e+00 -3.206341e+00 -9.276323e-01 -8.303994e-01 -3.846578e-01  3.000000e+00
 4.291726e+00 -8.807805e+00 -7.119851e-01 -6.723781e+00  4.065866e+00  7.275903e-01 -3.628282e-02  1.906110e+00 -3.355251e+00  6.128003e+00 -2.928640e-01  3.551116e+00 -8.764146e-01  3.000000e+00
-6.488937e+00 -1.245333e+01 -1.503477e+00 -7.737923e+00  7.511943e+00  2.639351e+00 -1.396504e+00  5.791085e-01 -2.370424e+00  4.548195e+00  2.566645e+00  3.864704e+00  2.328913e+00  3.000000e+00
-9.690320e+01 -1.168121e+01 -7.693340e+00 -2.714802e+00  6.403295e+00  2.994935e+00  1.906138e+00  3.287187e-01 -2.128351e-01 -1.545247e+00  1.344853e+00 -4.439335e+00 -1.502743e-01  3.000000e+00
-1.019767e+02 -9.908466e+00 -7.506318e+00 -2.248557e+00  5.645732e+00  2.621935e+00  1.892553e+00 -1.920431e-02  6.026900e-03 -1.634983e+00  1.091316e+00 -3.585471e+00 -2.386712e-01  3.000000e+00
 1.948672e+02 -3.760097e+00  1.248255e+01  3.752718e+00 -7.835162e+00  8.904659e-01  1.767886e+00  6.148563e+00  2.315515e+00 -3.210158e+00  5.171776e+00 -1.777813e-01  4.622347e+00  3.000000e+00
