-3.252232e+02 -1.920288e+01  3.556955e+01  8.733556e+00  2.336997e+01  1.021658e+01  7.574056e+00  2.855032e-01 -1.087328e+01  3.208967e+00  8.182462e-01 -9.508988e+00 -1.831426e+00  1.000000e+00
-3.055613e+02  1.053164e+00  4.846269e+00  4.812581e-01  2.252241e+00  1.332492e+00  3.286120e+00 -6.188600e-01 -3.513870e+00  2.014935e-01  6.999484e-01 -8.248672e-01 -1.386927e-01  1.000000e+00
-4.406086e+02  8.365779e+00  8.230966e-01 -2.448951e-01  1.269109e+00  1.044803e+00  7.982714e-01 -7.592424e-01 -2.463689e-01  5.906738e-02 -1.731032e+00  2.455426e+00 -1.442388e-01  1.000000e+00
-7.358030e+02  2.505957e+01 -1.203572e+01 -1.510799e+00 -2.827381e+00  1.881656e-01 -3.515537e+00  7.816931e-02  7.401154e+00 -8.958863e-01  1.948977e+00 -2.692538e+00  2.707507e-01  1.000000e+00
 9.677713e+00 -2.062122e+01  2.568362e+00 -1.590254e+01 -1.080040e+01  6.455162e+00 -3.109658e+00 -2.841948e+00  2.340633e+00  4.457734e+00 -3.559967e+00 -6.747353e-01 -1.738391e+00  1.000000e+00
-7.058064e+02  2.329878e+01 -1.051098e+01 -1.313480e+00 -2.182434e+00  4.328895e-01 -3.017480e+00 -7.756715e-02  6.602109e+00 -7.884262e-01  1.450655e+00 -1.817498e+00  2.243972e-01  1.000000e+00
-5.456970e+02  1.435023e+01 -5.131348e+00 -1.281923e+00 -2.555850e+00 -2.345465e+00 -6.617209e-02  1.488677e+00 -6.025021e+00  1.121445e+00 -2.231583e+00  1.833826e+00 -5.583363e-01  1.000000e+00
-5.514612e+02  1.261783e+01  4.883482e-01  8.550233e-01  4.809308e+00  6.345666e+00  1.401431e+00 -4.882166e+00  1.261242e+01 -2.500626e+00  1.550726e+00  2.396416e+00  1.240656e+00  1.000000e+00
-3.005335e+02  1.297293e+00  3.779902e+00  2.810595e-01  1.361365e+00  9.929967e-01  4.180274e+00 -9.435549e-01 -3.927585e+00  4.674432e-02  9.514673e-01 -5.313680e-01  1.691490e-01  1.000000e+00
-3.004808e+02  1.454164e+00  3.959661e+00  3.173683e-01  1.646618e+00  1.033930e+00  3.127884e+00 -5.249157e-01 -3.132360e+00  1.108850e-01  8.537420e-01 -9.428127e-01  1.795325e-03  1.000000e+00
-7.654889e+02  2.726832e+01 -1.564539e+01 -2.489805e+00 -6.396860e+00 -3.473236e+00 -3.953033e+00  2.287306e+00  7.113018e-01  2.009288e-01  1.018465e+00 -2.606226e+00 -5.716798e-02  1.000000e+00
-5.356569e+02  1.394906e+01 -5.375909e+00 -1.449789e+00 -3.136800e+00 -2.693578e+00  4.794666e-01  1.262138e+00 -6.465668e+00  1.035715e+00 -2.393076e+00  2.295908e+00 -4.439524e-01  1.000000e+00
-5.755813e+02  1.623212e+01 -8.868581e+00 -2.280139e+00 -6.368960e+00 -5.794518e+00  1.203600e-01  3.028342e+00 -1.142667e+01  1.812505e+00 -2.754350e+00  1.614913e+00 -6.787581e-01  1.000000e+00
-4.058261e+02  5.811368e+00  9.340952e-01  1.826515e-01  1.533751e-01 -1.202012e+00  4.427049e+00  7.310757e-01 -1.239982e+01  1.707386e+00 -3.063226e+00  5.078829e+00 -6.616276e-01  1.000000e+00
-8.024775e+02  2.948187e+01 -1.808676e+01 -2.976262e+00 -8.173369e+00 -5.174207e+00 -4.488718e+00  3.541916e+00 -2.231793e+00  8.033550e-01  7.962248e-01 -3.399676e+00 -3.495698e-01  1.000000e+00
-5.660489e+02  1.453695e+01 -1.851968e+00  1.434593e-01  2.664946e+00  3.443126e+00 -8.869227e-01 -1.673037e+00  6.807230e+00 -8.535720e-01  1.770396e-01  8.307053e-01  1.385556e-01  1.000000e+00
-5.365530e+02  1.166442e+01  1.384657e+00  9.849731e-01  5.217717e+00  6.468174e+00  1.844833e+00 -4.918469e+00  1.157348e+01 -2.321954e+00  1.047525e+00  3.119629e+00  1.133853e+00  1.000000e+00
-3.862823e+02  1.250041e+00  1.089407e+01  2.076928e+00  8.615346e+00  5.574067e+00 -1.076873e+00 -1.168582e+00  6.964606e+00 -3.421551e-01  3.026020e-01 -2.982220e+00 -5.013687e-01  1.000000e+00
-9.354179e+02  3.737019e+01 -2.496785e+01 -3.879224e+00 -1.109186e+01 -6.176311e+00 -6.539179e+00  3.967304e+00  1.676983e+00  1.785424e-01  2.956391e+00 -6.645986e+00 -1.214749e-02  1.000000e+00
-1.003761e+02 -1.547261e+01  1.013788e+01 -4.135017e+00 -6.902191e+00 -7.230354e+00 -3.504449e+00 -7.122079e-01  3.098696e+00 -1.670011e+00 -1.393335e+00  2.694537e+00  1.890598e-01  1.000000e+00
-3.561683e+01 -2.679942e+01  8.353538e+00 -1.916996e+01 -1.290200e+01  4.358976e+00 -2.420607e-01 -1.564363e+00  1.433779e+00  4.022601e+00 -6.043536e+00 -3.627775e+00 -3.271193e+00  1.000000e+00
-2.477056e+01 -8.209559e+00  1.762949e+00 -6.505170e-01 -2.653130e+00 -1.997941e+00 -5.047213e+00  1.743271e+00  1.668290e+00 -1.809200e+00 -8.645016e-01  3.530945e+00 -7.324881e-01  1.000000e+00
-2.904982e+02  4.899477e-01  5.184834e+00 -1.754789e-01  1.447940e+00  6.002539e-01  1.854101e+00 -3.143658e-01 -1.949130e+00  9.998622e-02  7.796350e-01 -2.723438e+00 -2.416470e-01  1.000000e+00
-2.709216e+02 -2.123244e+00  6.506011e+00  6.711739e-01  1.814805e+00  9.954694e-02  4.412487e+00  1.321935e-02 -6.364477e+00  6.888639e-01  1.015078e-01 -2.147487e+00 -7.988402e-02  1.000000e+00
-1.001194e+02 -3.526070e+00  4.388268e+00  8.968788e+00 -2.831763e+00 -4.777378e+00  4.279954e+00  7.538086e-01  4.899426e-01  7.212591e+00  5.836436e-01 -6.071334e+00  2.886221e+00  1.000000e+00
-8.538530e+01 -3.531638e+01  1.283962e+01 -8.256098e+00 -9.343099e+00 -1.007105e+01 -1.867600e+00  9.077449e-01 -1.516165e+00 -2.090701e+00 -6.267435e+00  8.633778e-01  2.453891e+00  1.000000e+00
-4.506178e+02  9.285851e+00 -2.742069e+00 -1.362933e+00 -3.000587e+00 -2.708661e+00  2.635759e+00  1.898265e-01 -8.093776e+00  8.173556e-01 -3.096833e+00  5.010700e+00 -9.196220e-02  1.000000e+00
-5.406238e+02  1.428919e+01 -6.052382e+00 -1.628203e+00 -3.803990e+00 -3.253947e+00  5.133305e-01  1.470668e+00 -7.223299e+00  1.115130e+00 -2.474107e+00  2.338074e+00 -4.396110e-01  1.000000e+00
-1.703718e+02 -6.471754e+00  8.312754e+00 -2.454241e+00 -1.247880e+00 -3.321390e+00 -4.159953e+00  7.569386e-01 -7.481810e-02 -1.917328e+00  5.387691e+00 -6.638795e-01  2.218433e-01  1.000000e+00
-2.906260e+02  6.654261e-01  4.091200e+00  2.212633e-01  1.093822e+00  3.666230e-01  3.538185e+00 -3.020384e-01 -4.301069e+00  3.034879e-01  4.344922e-01 -1.161801e+00  1.652355e-02  1.000000e+00
-5.406113e+02  1.415143e+01 -4.637230e+00 -1.087113e+00 -1.719262e+00 -9.216962e-01 -9.830490e-02  6.483832e-02 -1.228299e+00  8.665138e-02 -1.300788e+00  2.359821e+00  7.391462e-02  1.000000e+00
-7.705090e+02  2.753807e+01 -1.576555e+01 -2.469036e+00 -6.297611e+00 -3.239008e+00 -4.019045e+00  2.106895e+00  1.522201e+00  5.555332e-02  1.227882e+00 -2.757007e+00  8.630010e-03  1.000000e+00
-2.454343e+02 -2.579790e+00  7.347368e+00 -2.912216e-01  1.212010e+00 -7.581500e-01 -4.023149e-01  1.023875e+00 -1.003798e+00  2.849753e-01 -2.053552e-01 -3.654166e+00 -4.088522e-01  1.000000e+00
-4.952447e+02  2.639592e+00  1.359015e+01  4.383050e+00  1.485735e+01  1.571311e+01  1.833407e+01 -1.472015e+01  5.287734e+00 -3.185596e+00 -3.850652e+00  1.924673e+01  1.888246e+00  1.000000e+00
-3.510694e+02  8.988718e-01  9.244781e+00  1.501608e+00  6.583964e+00  3.972992e+00 -6.890743e-01 -5.544955e-01  4.348090e+00 -1.206624e-01  1.696278e-01 -2.886978e+00 -5.200370e-01  1.000000e+00
-1.752239e+02 -3.926619e+00  5.054416e+00  7.272988e-01  7.429166e-01 -9.895932e-01 -6.214125e-02  2.099584e+00 -1.466966e+00 -6.429451e-01  3.154562e+00 -3.539917e+00  5.935320e-01  1.000000e+00
-1.355163e+02 -1.156095e+01  1.003582e+01 -3.970559e+00 -4.541443e+00 -6.036776e+00 -3.934672e+00 -6.515694e-01  7.673968e-01 -2.317994e+00  3.032961e+00  1.361749e+00  8.116403e-01  1.000000e+00
-3.605678e+02  4.190854e+00  2.677178e+00 -4.084712e-01  6.202602e-01  9.847818e-02  1.920342e+00 -4.866319e-01 -2.897280e+00  3.175628e-01 -1.656378e+00  1.266525e+00 -3.000299e-01  1.000000e+00
-2.755469e+02 -1.068557e+00  6.329840e+00  6.553083e-01  2.374198e+00  6.089571e-01  3.024285e+00  3.035150e-01 -4.908267e+00  7.982873e-01 -5.242733e-01 -2.067075e+00 -4.934739e-01  1.000000e+00
-1.559288e+01 -3.115088e+01  7.087531e+00 -1.870189e+01 -1.450310e+01  3.448614e+00 -3.897420e-01 -4.567682e+00  4.175152e-01  4.530851e+00 -2.692279e+00 -2.298272e+00 -6.441118e-01  1.000000e+00
-5.072473e+01 -2.148586e+01  4.805609e+00 -9.137848e+00 -6.914939e+00 -4.372385e+00 -2.922989e+00 -1.530939e+00  3.177569e+00 -4.278253e+00 -4.556320e+00  5.433328e-01  3.890499e-01  1.000000e+00
-2.910920e+02 -4.013048e+00  8.445960e+00  1.531162e+00  3.067646e+00  1.438323e+00  1.002217e+01 -2.473914e+00 -9.836171e+00  2.876600e-01  8.039221e-01  3.870554e-01  7.760800e-01  1.000000e+00
-3.505429e+02  3.468471e+00  3.949661e+00 -5.447343e-02  1.886836e+00  1.277673e+00  1.668435e+00 -9.953242e-01 -3.219454e-01 -6.786595e-02 -8.917247e-01  4.573211e-01 -1.195046e-01  1.000000e+00
 6.576842e+01 -1.409132e+01 -7.355237e+00 -1.343444e+00 -2.566495e+00  1.874145e+00  2.570338e+00  2.505663e-01  4.116068e-01 -4.570443e+00  6.596713e+00  4.151855e-01  1.913047e-01  1.000000e+00
-1.403346e+02 -8.061851e+00  7.962033e+00 -3.087042e+00 -2.608936e+00 -4.318155e+00 -4.471013e+00 -1.703988e-01  6.518829e-01 -2.770322e+00  4.703310e+00  9.276761e-01  7.780266e-01  1.000000e+00
-3.363940e+02 -1.641963e+00  1.211694e+01  2.258663e+00  8.295568e+00  4.625146e+00  8.821047e-01 -5.527472e-01  1.558825e+00  3.394398e-01  2.335524e-01 -3.689512e+00 -7.695871e-01  1.000000e+00
-3.205027e+02  2.479287e+00  2.642776e+00 -8.874306e-01 -1.936550e-01  1.280163e+00  5.573389e+00 -3.074465e+00 -1.330098e+00 -4.778069e-01  7.779959e-02 -1.284999e+00  5.555975e-02  1.000000e+00
-2.404224e+02 -1.847175e+00  5.893680e+00  1.083747e-01  1.196884e+00 -2.943023e-01  8.563457e-01  8.322136e-01 -1.758897e+00  2.011396e-01  4.222127e-01 -3.010485e+00 -1.888732e-01  1.000000e+00
-3.154435e+02  1.850505e+00  3.378803e+00 -6.393574e-01  3.525012e-01  1.481440e+00  5.819531e+00 -2.860442e+00 -2.203541e+00 -2.127917e-01  3.460010e-02 -1.877761e+00 -1.418451e-01  1.000000e+00
-5.159677e+02  1.168535e+01  1.511382e-01  2.637831e-01  2.961991e+00  2.930416e+00 -3.590366e-01 -1.234517e+00  3.969361e+00 -3.760262e-01 -7.669584e-01  1.687580e+00 -7.647328e-02  1.000000e+00
-4.058090e+02  5.944661e+00  1.121042e+00  1.593946e-01  4.380249e-01 -7.783012e-01  4.090711e+00  4.336521e-01 -1.082376e+01  1.476066e+00 -2.974741e+00  4.960850e+00 -6.002448e-01  1.000000e+00
-5.206415e+02  1.299897e+01 -4.649128e+00 -1.363592e+00 -2.904006e+00 -2.659136e+00  7.064110e-01  1.276557e+00 -6.982788e+00  1.134726e+00 -2.606646e+00  2.416499e+00 -5.205482e-01  1.000000e+00
-4.460199e+02  7.137692e+00  4.654120e+00  1.078085e+00  5.580694e+00  4.711610e+00  2.002770e-01 -2.162054e+00  6.100628e+00 -7.751907e-01 -3.758368e-01  1.682478e+00  1.060331e-01  1.000000e+00
-6.310684e+02  1.841050e+01 -5.252425e+00 -2.979811e-01  1.257066e+00  3.152709e+00 -1.271573e+00 -1.922724e+00  8.585582e+00 -1.260393e+00  9.490933e-01  3.480561e-01  4.066741e-01  1.000000e+00
-3.163829e+02 -4.433088e+00  1.485750e+01  2.765295e+00  9.567590e+00  5.000622e+00 -2.796550e+00  5.713890e-01  8.242374e+00  7.973086e-02  1.586655e+00 -8.106480e+00 -6.263262e-01  1.000000e+00
-3.765706e+02 -2.805655e-01  1.274507e+01  2.534302e+00  9.751382e+00  6.011283e+00 -4.140859e-01 -1.099719e+00  5.672477e+00 -8.200683e-02  3.693382e-01 -3.685808e+00 -6.549128e-01  1.000000e+00
-2.252226e+02 -1.310877e+01  1.779930e+01 -2.364632e+00  1.728648e+00 -4.874218e+00 -5.736577e+00  9.406452e-01 -7.820663e+00 -1.717206e+00  3.227913e+00  5.748147e+00 -9.116499e-02  1.000000e+00
-5.255987e+02  1.318982e+01 -3.158500e+00 -7.469963e-01 -4.996422e-01 -2.078926e-01 -8.395732e-01  3.036533e-01 -1.922179e-01  1.802639e-01 -1.128708e+00  1.445259e+00 -1.293064e-01  1.000000e+00
-5.408421e+02  1.344546e+01 -1.721097e+00 -9.057511e-02  1.822280e+00  2.160474e+00 -1.205812e+00 -7.359478e-01  4.360291e+00 -4.080503e-01 -2.576451e-01  6.575849e-01 -2.567930e-02  1.000000e+00
 2.293031e+02  4.101659e+00 -5.303862e+00  7.536388e+00  1.183281e+01 -1.198253e+01 -4.462356e+00 -6.877205e+00 -1.896797e+00 -3.755650e+00 -1.250211e+00  1.168749e+00  4.150412e+00  2.000000e+00
 6.551720e+01 -1.200490e+01 -5.229763e+00  5.694435e+00 -5.165011e+00 -4.624294e-01  2.083234e+00  4.475299e-02  1.250937e+00 -2.836440e+00  8.498814e+00  3.083690e+00  4.921047e-01  2.000000e+00
 3.023355e+02  6.629699e+00 -5.372016e+00 -1.277717e+01  9.118712e+00 -4.499792e+00  3.347698e+00 -1.165137e+00  3.052405e+00  4.322407e+00 -4.680052e+00 -3.690300e+00  6.692102e-01  2.000000e+00
 1.172613e+02 -4.861663e+00 -7.726670e+00  4.458834e+00 -6.951836e-01  5.556295e+00  2.583864e+00  3.212920e+00  5.339392e-02  1.510163e+00 -8.739047e-01 -1.293460e+00 -3.172923e-01  2.000000e+00
 3.294566e+02  1.592336e+01  3.655259e+00 -2.100321e+00 -3.649901e-01  1.031374e-02  8.541674e-01  2.077069e+00  7.015979e-01  1.905958e+00  1.261982e+00  1.172952e+00 -1.069672e-02  2.000000e+00
 3.971259e+02  2.227302e+01  8.394583e+00  1.053309e+00 -4.316217e+00  8.481007e-01  8.549763e-01  1.659848e+00  8.350698e-01  3.893349e+00  1.261802e+00  5.176788e-01  9.741781e+00  2.000000e+00
 6.758790e+01 -7.318978e+00 -3.609015e+00  7.846896e+00 -5.262409e+00 -3.919098e-01  3.097573e-01 -3.219260e-01  1.499358e+00  4.381356e-01  5.524665e+00  2.816669e+00  6.940715e-01  2.000000e+00
 2.496636e+02  3.625404e+00 -4.798355e+00  8.540139e+00  5.984122e+00 -1.100844e+01 -3.301066e+00 -1.575074e+01 -7.892639e-01  2.485935e+00  5.025335e-01 -3.207297e+00 -2.817934e+00  2.000000e+00
 2.425479e+02  1.884375e+00 -6.433841e+00  7.606711e+00  7.806369e+00 -1.166456e+01 -2.891881e+00 -1.543068e+01 -7.085257e-01  2.101407e+00  2.719543e-01 -3.315078e+00 -2.821089e+00  2.000000e+00
-4.795664e+00 -2.075044e+01  1.025031e+00 -4.717457e+00 -6.795006e+00 -4.263669e+00 -3.333230e+00  5.854066e-01  4.943794e+00 -3.590137e+00 -5.649375e+00  2.876484e+00 -8.203555e-01  2.000000e+00
 2.491050e+01 -9.135047e+01  4.943483e-01 -6.893682e+00 -2.893584e+01 -1.142837e+01  2.240686e+01 -5.228416e+00  2.229415e+00 -4.680634e+00  1.120815e+01 -3.944262e+00  2.291267e+00  2.000000e+00
-1.250257e+02 -6.212336e+00  5.597858e+00 -7.619331e-01 -3.894756e-01 -2.617941e+00 -4.116625e+00  1.929006e+00 -1.001587e+00 -2.373416e+00  5.366940e+00  8.884542e-01  6.295341e-01  2.000000e+00
 3.399418e+02  1.672113e+01  4.241207e+00 -1.476856e+00 -8.423762e-01 -2.013522e-01  7.474311e-01  1.462899e+00  7.668838e-01  2.799594e+00  2.199938e+00  1.818511e+00 -4.664411e+00  2.000000e+00
 2.770103e+02  1.048854e+01  4.474969e-01 -5.392078e-02 -5.314533e-01  2.249559e-01 -2.291661e-01 -1.663175e+00  1.747081e-01  2.306458e+00  1.108105e+00 -4.444394e-01 -1.491802e+00  2.000000e+00
-2.442311e+02 -3.564034e+01  4.340519e+01  8.353015e+00  2.026937e+01  1.151245e+00 -9.717386e+00  6.270956e+00 -2.763599e+00 -3.364859e-01  1.180551e+01 -4.839833e+00  9.075843e-01  2.000000e+00
-1.411151e+02 -5.156961e+00  5.222903e+00 -5.554388e-02  5.281696e-01 -1.666501e+00 -3.494037e+00  2.484314e+00 -1.619268e+00 -1.697999e+00  5.768864e+00  7.681528e-02  4.322049e-01  2.000000e+00
 3.235370e+02  1.280751e+01 -8.588172e-01 -8.377346e+00  8.380392e+00 -4.657128e+00  3.607167e+00  4.455847e+00  2.375464e+00  4.546579e+00  1.230714e+00  9.054467e-01  1.725763e+00  2.000000e+00
 3.576739e+02  1.888192e+01  5.820794e+00 -1.684376e+00 -1.817215e+00  7.111157e-01  7.706763e-01  2.905275e+00  5.389107e-01  3.906239e-01  6.736819e-01  1.470405e+00 -1.535214e+00  2.000000e+00
 2.482633e+02 -4.456601e+00 -1.060685e+01 -2.022279e+01  1.377803e+01 -4.848229e-01 -2.428741e-01  1.747573e+00 -9.717255e-01 -5.077877e+00 -3.132964e+00 -1.499886e+00  6.017157e+00  2.000000e+00
-5.893519e+00 -4.663731e+01  7.056319e+00 -1.689767e+01 -1.920523e+01 -6.261251e-01  5.353118e+00 -6.375702e+00  1.189269e-01  2.887120e+00  1.124435e+00 -2.089448e+00  9.233995e-01  2.000000e+00
 2.874675e+02  8.131458e+00 -3.781223e+00 -7.407512e+00  9.276708e+00 -4.817399e+00  3.870320e+00  4.865647e+00  2.517677e+00  4.988434e+00  1.400130e+00  1.291955e+00  3.609609e+00  2.000000e+00
 4.711246e+02  3.061919e+01  1.598936e+01  7.709231e+00 -1.424659e+01  6.936654e+00 -2.324820e+00 -2.541597e-01 -2.122072e+00 -7.343798e+00 -3.420159e+00 -1.888868e+00 -1.336981e+00  2.000000e+00
 3.279182e+01 -1.256344e+01 -2.490135e+00  1.111494e+01 -1.232227e+00 -2.935676e+00 -2.732764e+00  7.231724e+00  2.352483e+00  3.509893e+00 -6.300986e+00  1.968932e+00 -3.506470e-01  2.000000e+00
 1.174374e+02 -1.997719e+01 -1.428247e+01  1.498249e+01  5.644283e+00 -4.991620e+00  9.020606e+00  1.133596e+01  3.022668e+00 -1.326554e+01 -5.772391e+00 -3.935175e+00 -2.565859e+00  2.000000e+00
 2.342453e+02  6.147260e+00 -2.342296e+00  4.549338e+00  3.421302e+00 -5.559521e+00 -1.476011e+00 -4.887736e+00 -1.442567e-01  8.780118e-01  8.218170e-01  4.110944e-01 -1.066443e+00  2.000000e+00
 2.281347e+02  4.888922e+00 -3.482515e+00 -5.064890e-01  2.217840e+00  4.051482e-02 -9.036274e-01 -1.587330e+00 -6.694001e-01 -8.900299e-01 -6.731168e-02 -1.004367e+00  1.701045e+00  2.000000e+00
 3.018475e+02  8.868255e+00 -4.059021e+00 -9.322146e+00  1.068695e+01 -6.237959e+00  3.233365e+00  6.373086e-01  2.117889e+00  4.442994e+00  8.061628e-01 -1.097044e+00  1.751078e+00  2.000000e+00
 2.537247e+02  7.862521e+00 -1.660455e+00 -1.493254e+00  1.417982e+00  8.307203e-02 -1.529019e-02 -6.043534e-01  2.611285e-02  6.973660e-01  7.274565e-01 -3.141560e-01 -8.931141e-01  2.000000e+00
 1.867112e+02 -7.839849e-01 -6.680840e+00  7.707128e+00  3.171718e+00 -2.308448e+00 -1.185037e+00  1.535562e-01 -3.045848e-01 -2.212652e+00  1.101720e+00  1.671429e+00 -1.023543e+00  2.000000e+00
 6.589904e+01 -4.358930e+00 -7.008196e+00  1.008698e+01  3.266237e+00  2.802676e+00  3.059488e+00  4.375467e+00 -6.024406e-01  1.063735e+00 -4.169981e+00 -3.264018e+00 -1.740530e+00  2.000000e+00
 1.249951e+02 -1.714904e+01 -9.369968e+00  2.185118e+01  3.074816e+00 -1.680056e+01  1.175920e+01  8.532500e+00  8.093492e+00 -5.924780e+00 -5.314339e+00 -1.236659e+00 -7.029073e+00  2.000000e+00
 2.698278e+02  9.744317e+00 -2.718771e-01  4.331791e+00  2.839924e+00 -5.549368e+00 -2.740349e+00 -7.602061e+00 -7.956904e-01  1.763917e+00  8.463160e-01 -3.239480e-01 -1.656741e+00  2.000000e+00
 2.991779e+02  1.290081e+01  2.018240e+00 -3.572453e-01 -1.002240e+00  2.077103e-01 -7.890811e-02 -9.900635e-01  2.844672e-01  2.391135e+00  1.538814e+00  2.741385e-01 -2.885600e+00  2.000000e+00
 2.546308e+02  8.069138e+00 -1.041029e+00  5.625179e+00  3.183713e+00 -7.099911e+00 -1.956583e+00 -7.214571e+00 -1.620892e-01  1.737107e+00  9.178437e-01 -5.480642e-02 -8.865689e-01  2.000000e+00
 4.592301e+02  2.946814e+01  1.500907e+01  6.717838e+00 -1.304083e+01  6.357615e+00 -1.962624e+00  2.241883e-01 -1.804904e+00 -6.334321e+00 -2.956262e+00 -1.514762e+00 -8.690916e-02  2.000000e+00
 4.054557e+02  2.374862e+01  9.922028e+00  2.006959e+00 -6.498949e+00  2.630373e+00  1.391729e-01  2.076095e+00  9.917183e-02  5.838918e-01  1.159471e-01  3.529450e-01  6.481584e+00  2.000000e+00
-1.948315e+02 -7.147266e+01  5.831933e+01  5.685064e+00  1.464909e+01 -3.384979e+00 -1.199000e+01  5.369792e+00  3.213266e+00  1.896118e+00 -9.322413e+00  2.839938e+00 -1.335173e+00  2.000000e+00
 1.330759e+02 -8.863382e+01 -5.145150e+01  2.576331e+01  8.096552e+00  1.166421e+01 -1.117687e+01 -2.827283e+00 -4.329807e+00  4.698063e+00  2.820505e-01  2.873029e+00 -2.941977e-02  2.000000e+00
 3.220285e+02  1.478554e+01  2.888202e+00 -1.262870e+00 -2.596695e-01 -4.393795e-01  5.751808e-01  2.697841e-01  6.165615e-01  2.414209e+00  1.180805e+00  3.577324e-01 -2.989437e-01  2.000000e+00
 8.675829e+01 -7.347153e+00 -5.531975e+00  6.484109e+00 -6.357810e-01  1.310789e+00  2.431231e+00  8.082610e+00  1.527249e+00 -3.261628e+00 -7.523660e-01 -7.814475e-01 -1.295636e+00  2.000000e+00
 3.437254e+02  1.743007e+01  4.614198e+00 -2.460544e+00 -5.120948e-01 -6.574106e-02  1.253733e+00  3.200277e+00  1.007630e+00  2.628392e+00  1.703241e+00  1.890658e+00  4.915950e-01  2.000000e+00
 3.555126e+01 -7.889079e+00 -2.842407e+00  9.774157e-01 -2.398166e+00  3.373049e-01 -2.178180e+00  1.527301e+00  9.399064e-01 -3.200537e+00  2.339162e+00  3.083119e+00 -1.448263e+00  2.000000e+00
 1.857281e+02  2.284994e+00 -4.776540e+00  7.211127e+00  4.633433e+00 -3.466350e+00 -2.368529e+00  7.579433e-01 -8.850428e-01 -2.946130e+00  3.016616e-01  2.500981e+00  2.346083e+00  2.000000e+00
 3.127815e+02  1.185810e+01 -1.109283e+00 -7.067428e+00  7.743701e+00 -5.102318e+00  3.657345e+00  4.219615e+00  2.729437e+00  6.702200e+00  2.531902e+00  2.061706e+00  1.207695e+00  2.000000e+00
 3.342851e+02  1.662625e+01  4.536112e+00 -8.706461e-01 -1.959109e+00  8.462987e-01  3.588038e-01  1.588000e+00  4.037964e-01  1.589824e+00  1.587872e+00  1.464773e+00 -2.469042e+00  2.000000e+00
 7.409755e+01 -5.209743e+00 -8.097192e+00  1.033663e+01  2.954779e+00  2.800181e+00  5.304857e+00  4.201740e+00 -4.616096e-01 -2.427790e-02 -1.692794e+00 -3.719691e+00 -1.467383e+00  2.000000e+00
 4.343920e+02  2.696295e+01  1.297017e+01  5.126006e+00 -1.082804e+01  5.242659e+00 -1.420385e+00  7.152382e-01 -1.271611e+00 -4.197991e+00 -1.737391e+00 -6.688211e-01  9.072830e-01  2.000000e+00
 2.417001e+02  3.453068e+00 -5.038734e+00  6.633876e+00  6.531421e+00 -9.945485e+00 -2.614813e+00 -1.251008e+01 -6.066455e-01  1.640862e+00  3.916498e-01 -2.208604e+00 -2.380760e+00  2.000000e+00
 2.614079e+02  9.463238e+00 -7.393249e-01  2.850619e+00  4.247663e+00 -5.380379e+00 -2.018729e+00 -4.251422e+00 -6.044190e-01  5.085048e-01  3.733258e-01  5.074474e-01  5.192705e-01  2.000000e+00
 4.375856e+02  2.733269e+01  1.317486e+01  4.905253e+00 -1.076768e+01  5.207527e+00 -1.272848e+00  1.030737e+00 -1.184078e+00 -4.224539e+00 -1.988234e+00 -8.009900e-01  2.379624e+00  2.000000e+00
 6.585543e+01 -6.130682e+00 -3.360865e+00  8.584136e+00 -3.001811e+00 -7.506244e-01 -1.570189e+00  2.411169e+00  1.641080e+00  9.180928e-01  1.175322e+00  2.495906e+00 -2.387388e-01  2.000000e+00
 1.855599e+02 -4.678731e+00 -7.320464e+00 -1.083446e+01  2.205873e+00  7.458122e+00 -4.682331e+00 -2.687961e+00 -3.951009e+00 -6.304926e+00  6.603847e-01 -3.540401e-01  1.839169e-02  2.000000e+00
 4.242874e+02  2.589747e+01  1.206287e+01  4.361763e+00 -9.778977e+00  4.747960e+00 -1.231721e+00  8.804286e-01 -1.119658e+00 -3.903915e+00 -1.486204e+00 -4.119002e-01 -3.785933e-01  2.000000e+00
 1.403539e+02 -7.628540e+00 -7.941411e+00 -5.308530e+00 -1.258838e+00  7.728950e+00 -2.618616e+00 -7.222811e-01 -2.170139e+00 -3.582187e+00  1.780511e+00  3.314488e-01 -2.071345e+00  2.000000e+00
 3.154084e+02  1.447733e+01  2.735538e+00 -1.689623e+00 -1.654534e-01 -2.747706e-01  7.101302e-01  9.868835e-01  7.357409e-01  2.668498e+00  1.554656e+00  9.119766e-01 -8.401818e-01  2.000000e+00
 3.644779e+02  1.964684e+01  6.935718e+00  7.696562e-01 -4.356546e+00  1.971575e+00 -1.861327e-01  1.192882e+00 -9.927960e-02 -1.899836e-01  7.678109e-01  9.987750e-01 -3.345053e+00  2.000000e+00
 3.425962e+02  1.733152e+01  4.917101e+00 -9.843873e-01 -1.896095e+00  6.535896e-01  4.802921e-01  1.718759e+00  4.897755e-01  1.714825e+00  1.671784e+00  1.593746e+00 -3.311975e+00  2.000000e+00
 2.538950e+02  9.011760e+00 -7.308822e-01  2.357999e+00  3.113485e+00 -3.898029e+00 -1.783897e+00 -3.032121e+00 -5.155458e-01  4.752399e-01  5.677746e-01  9.533649e-01  2.531831e-01  2.000000e+00
 4.079390e+02  2.317625e+01  9.041254e+00  1.719569e+00 -4.868228e+00  7.710210e-01  9.180814e-01  1.303887e+00  9.629087e-01  4.998337e+00  1.551301e+00  3.792193e-01  1.187213e+01  2.000000e+00
 3.778168e+02  2.064511e+01  7.473918e+00  8.039548e-01 -4.339633e+00  1.742736e+00 -2.163823e-01  1.018392e+00 -1.820621e-01 -1.184959e+00  3.220553e-01  9.308635e-01 -7.199729e+00  2.000000e+00
 1.839765e+02  1.739183e+00 -4.864806e+00  8.391033e+00  4.267054e+00 -4.047947e+00 -2.039582e+00  9.330196e-01 -5.918505e-01 -2.850853e+00  1.062252e+00  3.273955e+00  1.036669e+00  2.000000e+00
 1.227144e+02 -7.297477e+00 -7.751122e+00  3.535141e+00 -2.066992e+00  5.139114e+00  1.257897e+00  2.692196e+00 -8.386373e-02  7.307187e-01  2.051671e+00 -1.296321e+00 -7.638481e-02  2.000000e+00
 2.856427e+02 -3.911007e+00 -1.128489e+01 -2.800143e+01  1.875585e+01 -1.359479e+00  2.840321e+00  8.454215e+00  1.248518e+00  3.706178e+00  3.326947e+00  3.212731e+00 -2.422895e+00  2.000000e+00
 3.877524e+02  2.114817e+01  7.381751e+00  4.571101e-01 -3.146536e+00  9.112102e-02  1.158256e+00  1.557848e+00  1.137607e+00  5.217928e+00  1.944777e+00  8.019339e-01  8.579241e+00  2.000000e+00
 3.695654e+02  2.019174e+01  7.238138e+00  4.643453e-01 -4.253766e+00  1.926877e+00  7.375687e-02  1.890643e+00  5.324386e-02 -1.036955e-02  6.853881e-01  1.112145e+00 -1.788002e+00  2.000000e+00
 3.696531e+02  2.003451e+01  7.140495e+00  7.861504e-01 -4.333252e+00  1.852411e+00 -1.564193e-01  1.195773e+00 -9.065023e-02 -3.692386e-01  7.512875e-01  1.091340e+00 -5.197164e+00  2.000000e+00
 3.712959e+02  2.043632e+01  7.534888e+00  7.945241e-01 -4.761502e+00  2.247982e+00 -1.578096e-01  1.719013e+00 -1.213949e-01 -5.902714e-01  6.017791e-01  1.174978e+00 -2.977525e+00  2.000000e+00
 3.973194e+02  2.310359e+01  9.675991e+00  2.285613e+00 -6.953729e+00  3.323923e+00 -5.528102e-01  1.549696e+00 -5.186907e-01 -2.050190e+00 -3.347987e-01  5.277141e-01 -1.940440e+00  2.000000e+00
 2.832658e+02  9.852721e+00 -8.319152e-01 -2.387568e+00  2.572210e+00 -1.170468e+00  1.534373e+00  1.570969e+00  1.166370e+00  3.841580e+00  1.573012e+00  4.480742e-01  9.450849e-01  2.000000e+00
 4.075339e+02  2.413041e+01  1.065162e+01  3.501836e+00 -8.369169e+00  3.965163e+00 -9.666008e-01  8.774792e-01 -8.055354e-01 -2.411987e+00 -5.143838e-01  2.041828e-01 -1.032831e+00  2.000000e+00
 1.682997e+02 -4.153288e+00 -8.386228e+00  1.215124e+01  5.821181e+00 -8.518208e+00  3.395679e+00 -1.750755e-01  1.661826e+00 -5.538724e+00 -1.876602e+00  2.077522e-01  7.724788e-02  2.000000e+00
 1.247940e+02 -5.099512e+01 -2.944743e+01  9.823355e+00  5.574662e-01  1.271526e+01 -6.574763e+00  2.460679e+00 -1.999657e+00  5.455361e+00  7.351970e-01  2.773505e+00  8.204132e-02  3.000000e+00
 2.174465e+02 -1.062268e+00 -6.363569e+00 -1.244005e+01  4.901535e+00  2.508853e+00 -3.534729e+00 -4.014279e+00 -2.412271e+00 -6.153535e+00 -2.020671e+00 -1.660760e+00 -1.235778e+00  3.000000e+00
 1.878340e+02 -3.592532e-01 -7.277869e+00 -2.541949e+00 -2.733197e-03  7.383398e+00  1.736667e+00  8.412179e-01 -9.589091e-01  1.149514e+00 -3.586753e+00 -2.854101e+00  1.822913e+00  3.000000e+00
 1.473446e+02 -6.921042e+00 -7.729705e+00 -7.530447e+00 -6.563701e-01  9.391140e+00 -4.409586e+00 -9.430837e-01 -3.506336e+00 -4.099814e+00  2.384042e+00  1.201957e+00 -8.520355e-01  3.000000e+00
 9.639748e+01 -4.139120e+00 -7.410656e+00  1.169719e+01  5.181658e-01  7.805586e-01  7.000821e+00  2.406076e+00  3.190119e-01 -1.794149e+00  5.685289e-01 -2.999581e+00 -9.830651e-01  3.000000e+00
 5.114909e+01 -6.343067e+00 -3.491628e+00  6.574710e+00 -4.007462e+00  5.471788e-01  4.973697e-01 -5.002297e-02  2.255929e+00  5.253789e+00 -8.214381e-01  8.581697e-01  1.075084e+00  3.000000e+00
 2.554776e+01 -4.583086e+00 -3.156621e+00  9.515296e+00 -8.347765e-01  5.228632e-01  2.102872e+00  2.874627e+00  1.661734e+00  5.501712e+00 -3.305324e+00 -1.231983e+00 -7.540375e-02  3.000000e+00
 2.337549e+02  2.746656e+00 -6.863069e+00 -2.898111e+00  2.757200e+00  2.483133e+00  2.619013e+00 -4.284757e+00 -3.660031e-01  1.037338e-01 -5.569132e+00 -5.843656e+00  9.745737e-01  3.000000e+00
 1.672389e+02  1.571219e+00 -4.206516e+00  7.388226e+00  2.904515e+00 -1.493857e+00 -3.652769e+00 -5.982960e-01 -2.017301e+00 -1.585114e+00  1.853871e+00  2.895490e+00  4.182614e+00  3.000000e+00
 1.580996e+02 -6.203221e+00 -7.781911e+00 -1.721760e+00 -2.011857e+00  6.574846e+00 -2.345697e+00 -4.191460e-01 -1.119035e+00 -6.955792e-01 -4.266401e-01 -1.068599e+00 -3.443690e-01  3.000000e+00
 1.476176e+02 -2.722676e+00 -8.529180e+00  3.646471e+00  1.440966e+00  5.547908e+00  1.684912e+00  1.891938e+00 -1.215972e+00 -1.742774e-01 -1.143213e+00 -1.486505e+00  5.882766e-01  3.000000e+00
-3.458123e+01 -3.362176e+00 -1.242620e-01  1.002787e+01 -1.505666e-01 -1.594448e-01  3.109107e-01  3.005461e+00  4.966980e-01  6.396862e+00 -1.628627e+00 -2.176956e+00  6.545052e-01  3.000000e+00
 2.279191e+02  4.088886e+00 -5.328907e+00 -3.145763e+00  8.427814e-01  4.218168e+00  2.901237e+00 -1.331982e+00 -2.170028e-02  4.540671e-01 -5.211931e+00 -4.549957e+00  1.238258e+00  3.000000e+00
 1.975850e+02  4.749000e+00 -3.808511e+00  5.844277e+00  6.638561e+00 -4.032265e+00 -3.852047e+00  5.952611e-01 -2.042034e+00 -4.483569e+00 -3.556513e-01  3.110576e+00  4.567716e+00  3.000000e+00
-1.110719e+02 -1.872591e+01  9.596546e+00 -6.025405e+00 -6.276749e+00 -5.411284e+00 -3.731456e+00  5.401358e-01  8.903079e-01 -1.113193e+00 -1.466081e+00  6.189323e-01  4.557279e-01  3.000000e+00
-8.492975e+01 -6.896890e+00  3.870592e+00 -8.338893e-01 -1.598903e+00 -2.918855e+00 -3.634493e+00  1.342867e+00 -2.564096e-01 -2.902657e+00  4.957327e+00  1.930672e+00  8.569917e-01  3.000000e+00
 3.349315e+02  1.582408e+01  4.147292e+00  1.358458e+00 -2.758442e+00  4.672475e-01 -6.257698e-01 -2.120185e+00 -1.011152e-01  1.538212e+00  1.898467e+00  7.100727e-01 -1.039857e+01  3.000000e+00
 1.217356e+02 -5.462302e+00 -7.743412e+00  8.997152e+00  1.200228e+00 -1.304407e+00  4.276673e+00  2.358623e+00  9.642601e-01 -4.126248e+00 -4.686203e-01 -7.414765e-01  7.109067e-01  3.000000e+00
 9.676508e+01 -5.668784e+00 -5.185697e+00  7.867877e+00 -3.658176e+00  5.915655e-01  6.113041e-01  2.922901e-01  7.587251e-01  8.034494e-01  4.262001e+00  1.476042e+00  1.380381e+00  3.000000e+00
 1.983412e+02 -1.051975e+01 -1.279780e+01 -1.211462e+01  8.674796e+00  3.695635e+00 -5.566603e+00 -9.186230e+00 -5.188402e+00 -8.218638e+00 -3.745571e-01 -4.104157e+00  9.243950e-01  3.000000e+00
 2.523313e+02 -1.196465e+01 -1.745578e+01 -2.352708e+01  2.191409e+01 -2.650535e+00  3.011446e+00  7.494452e+00 -3.312622e-02 -6.499109e+00 -3.135534e+00 -6.643738e-01  6.754719e+00  3.000000e+00
 2.703779e+02 -5.898155e-01 -7.631650e+00 -2.177489e+01  1.187078e+01  7.114351e-01  1.985567e-01  3.680896e+00 -3.585854e-01 -3.297863e+00 -2.299410e+00 -8.418002e-01  5.595697e+00  3.000000e+00
 3.263344e+02  2.284004e+00 -8.102198e+00 -2.945858e+01  1.993965e+01 -7.113189e+00  2.230832e+00  4.727500e+00  2.202797e+00  3.778324e+00  4.737869e+00  6.177464e+00 -1.294610e+01  3.000000e+00
 7.123942e+01 -9.379351e+00 -4.476572e+00  7.597001e+00 -6.639279e+00  9.841764e-01 -1.607324e-01 -1.460746e+00  1.532286e+00  4.348048e+00  5.054083e+00  2.272980e+00  1.233013e+00  3.000000e+00
 1.069970e+02 -1.032679e+01 -7.719233e+00 -5.959153e+00 -3.345959e+00  9.121891e+00 -1.093760e+00  2.136114e-01 -1.440911e+00 -1.509470e+00  3.584295e+00  8.343593e-02 -2.122975e+00  3.000000e+00
 2.076168e+01 -5.773861e+00 -1.637690e+00  7.462753e+00 -3.243314e+00 -5.255679e-01  3.223963e-01  1.052921e+00  2.704025e+00  6.516411e+00 -3.992459e+00  2.577809e-01  7.642903e-01  3.000000e+00
 2.700689e+02  5.801935e+00 -3.447255e+00 -5.540857e+00  1.370573e+00 -7.772738e-02 -3.911610e-02 -5.825380e+00  8.329383e-01  1.101796e+00 -4.900168e+00 -4.839565e+00 -1.442708e+00  3.000000e+00
-1.350885e+02 -8.411538e+00  6.035139e+00  1.468990e+00  1.078822e+00 -2.197092e+00 -1.870355e+00  3.236121e+00 -4.446989e+00 -1.782805e+00  7.169805e+00  7.228887e-01  1.265520e+00  3.000000e+00
 8.722074e+01 -2.028026e+01 -1.027187e+01  1.120101e+00 -4.811856e+00  5.497731e+00 -6.741507e-01  4.575669e+00  2.026293e+00  7.421876e-01 -2.067579e+00  1.627816e+00 -1.816699e+00  3.000000e+00
 1.266634e+02 -1.902552e+00 -5.659247e+00  9.429874e+00 -3.733352e-01 -3.796036e-01  1.830730e+00 -3.340853e-01  2.423907e-01 -7.042030e-01  7.855263e-01  7.191371e-01  1.002831e+00  3.000000e+00
 2.280656e+02  6.421874e+00 -2.171645e+00  3.280816e+00  3.469089e+00 -4.519445e+00 -1.154924e+00 -2.605740e+00 -8.850526e-02  8.458547e-02  3.843449e-01  6.983824e-01  6.264682e-01  3.000000e+00
 6.694465e+01 -1.615506e+01 -3.994412e+00 -8.521771e+00 -8.423691e+00  5.293599e+00  1.870304e+00  1.283967e+00  2.621255e+00  4.298228e-01  1.391388e+00 -4.842915e-01 -1.366842e+00  3.000000e+00
 1.772511e+02 -5.988583e+00 -8.592088e+00 -1.052093e+01  3.422797e+00  6.348094e+00 -4.218154e+00 -2.378083e+00 -3.551679e+00 -7.147403e+00  2.102407e-01 -4.485043e-01 -2.833877e-01  3.000000e+00
 7.161641e+01 -1.182395e+01 -4.572077e+00 -8.669261e+00 -6.782709e+00  7.367698e+00  3.049475e+00  3.332225e-01  7.476489e-01  3.345459e-01  5.467779e+00 -1.841401e+00 -1.641675e+00  3.000000e+00
 1.318644e+02 -2.189527e+00 -4.917732e+00  8.117184e+00 -3.933156e-01 -8.721801e-01 -5.561866e-01  5.554658e-01 -2.375408e-01 -2.685209e+00  2.455379e+00  1.392606e+00  1.750448e+00  3.000000e+00
 2.280409e+02  6.651013e+00 -1.868846e+00  3.234233e+00  2.886899e+00 -3.953944e+00 -1.000556e+00 -2.182923e+00 -4.285658e-03  3.390726e-01  4.423473e-01  7.113264e-01  3.532305e-01  3.000000e+00
 5.106965e+01 -2.024881e+01 -1.739698e+00 -1.015403e+01 -1.021519e+01  4.092204e+00 -1.752045e+00  1.115508e+00  2.817925e+00  2.311780e+00 -1.536346e+00  1.370090e+00 -1.420491e+00  3.000000e+00
 6.123898e+01 -4.542282e+00 -5.514114e+00  9.205318e+00  6.421220e-02  2.344425e+00  3.040167e-01  2.479800e+00  6.495873e-01  4.234600e+00 -3.158828e+00  3.572099e-01 -2.985313e-01  3.000000e+00
-3.920864e+00 -1.663094e+01  1.606200e+00 -2.536014e-01 -6.906634e+00 -3.590628e+00 -3.505873e+00  4.530800e-02  2.510247e+00  1.608527e+00 -2.993255e+00  3.411931e+00  1.570951e+00  3.000000e+00
 1.203898e+02 -2.473775e+01 -1.484619e+01 -7.249117e-01 -2.851951e+00  1.098244e+01 -4.860910e+00  2.555117e+00 -7.995431e-01  4.530497e+00  6.432678e-03  2.464762e+00  1.676276e-01  3.000000e+00
 2.389515e+02  1.934515e+00 -5.978717e+00 -5.189874e+00  2.680309e+00  3.288379e-01  1.656147e-01 -4.430414e+00  4.335994e-01 -1.285517e+00 -5.850166e+00 -5.254428e+00  1.686125e+00  3.000000e+00
 2.802060e+02  8.425822e+00 -2.012138e+00 -2.242280e+00  2.582442e+00 -2.312174e+00 -7.017229e-01 -6.697754e+00 -1.222920e-01  1.907394e+00  3.164571e-01 -3.047143e+00 -6.904150e-01  3.000000e+00
 8.647511e+01 -5.481981e+00 -6.342036e+00  7.604739e+00 -2.099118e+00  1.671252e+00  2.008866e+00  8.389714e-01  9.637185e-01  1.898839e+00  9.220699e-01  6.759214e-01  6.476183e-01  3.000000e+00
 6.016199e+00 -6.855373e+00  2.669216e-01  6.209890e+00 -4.216825e+00 -1.525874e+00 -1.959955e+00  8.786143e-02  2.400050e+00  5.660403e+00 -3.827826e+00  8.282687e-01  1.408719e+00  3.000000e+00
-4.203773e+00 -1.032852e+01  1.939828e+00  2.966464e+00 -6.727172e+00 -3.192692e+00 -1.949259e+00 -1.559598e+00  2.678156e+00  3.273026e+00 -1.192525e+00  1.342275e+00  1.837755e+00  3.000000e+00
-9.067050e+01 -2.363833e+01  1.131649e+01 -5.623642e+00 -8.179631e+00 -7.997269e+00 -3.521457e+00  2.352759e-01  2.221874e+00 -1.080525e+00 -4.921020e+00  2.871678e+00  4.384478e-01  3.000000e+00
-9.557990e+01 -2.269289e+01  1.162758e+01 -5.603185e+00 -7.745580e+00 -7.805009e+00 -4.066426e+00  2.719409e-01  2.222206e+00 -1.112071e+00 -4.905669e+00  3.054336e+00  2.846484e-01  3.000000e+00
 1.880343e+02 -6.493352e-01 -8.239418e+00  5.987327e-02  1.909567e+00  4.261587e+00  1.641310e+00 -3.613451e+00 -1.420013e+00  1.338793e+00 -2.747423e+00 -4.366726e+00  9.695786e-01  3.000000e+00
