-2.103970e-01 -1.524155e-01 -4.387927e-02  1.000000e+00
-2.158008e-01 -1.582124e-01 -4.483619e-02  1.000000e+00
-2.235981e-01 -1.659191e-01 -4.603939e-02  1.000000e+00
-1.999826e-01 -1.420582e-01 -3.987214e-02  1.000000e+00
-2.156146e-01 -1.583926e-01 -4.383449e-02  1.000000e+00
-2.206922e-01 -1.633503e-01 -4.467451e-02  1.000000e+00
-1.946575e-01 -1.366881e-01 -3.698988e-02  1.000000e+00
-1.953992e-01 -1.376589e-01 -3.767907e-02  1.000000e+00
-2.000633e-01 -1.427320e-01 -3.900674e-02  1.000000e+00
-2.136713e-01 -1.568117e-01 -4.248450e-02  1.000000e+00
-2.161892e-01 -1.592242e-01 -4.256810e-02  1.000000e+00
-1.924445e-01 -1.351356e-01 -3.627510e-02  1.000000e+00
-1.944462e-01 -1.373838e-01 -3.737651e-02  1.000000e+00
-1.974255e-01 -1.405510e-01 -3.764426e-02  1.000000e+00
-2.131857e-01 -1.565788e-01 -4.118321e-02  1.000000e+00
-1.889179e-01 -1.309850e-01 -3.354506e-02  1.000000e+00
-1.953179e-01 -1.388935e-01 -3.643244e-02  1.000000e+00
-2.025001e-01 -1.464192e-01 -3.892233e-02  1.000000e+00
-2.126996e-01 -1.563127e-01 -4.092829e-02  1.000000e+00
-2.280840e-01 -1.709371e-01 -4.351539e-02  1.000000e+00
-1.867891e-01 -1.304049e-01 -3.351542e-02  1.000000e+00
-2.226551e-01 -1.659814e-01 -4.141724e-02  1.000000e+00
-2.098934e-01 -1.540877e-01 -3.834777e-02  1.000000e+00
-2.172413e-01 -1.610431e-01 -3.921121e-02  1.000000e+00
-1.796829e-01 -1.235658e-01 -2.955700e-02  1.000000e+00
-1.991816e-01 -1.441226e-01 -3.468627e-02  1.000000e+00
-1.999120e-01 -1.448142e-01 -3.497119e-02  1.000000e+00
-1.766853e-01 -1.210609e-01 -2.821982e-02  1.000000e+00
-1.764978e-01 -1.212656e-01 -2.829343e-02  1.000000e+00
-1.893402e-01 -1.348536e-01 -3.274892e-02  1.000000e+00
-1.736786e-01 -1.172160e-01 -2.565735e-02  1.000000e+00
-1.736515e-01 -1.184884e-01 -2.687509e-02  1.000000e+00
-1.806303e-01 -1.265718e-01 -2.936119e-02  1.000000e+00
-1.936222e-01 -1.392539e-01 -3.201954e-02  1.000000e+00
-2.136971e-01 -1.579607e-01 -3.587638e-02  1.000000e+00
-2.221006e-01 -1.656874e-01 -3.646098e-02  1.000000e+00
-1.704687e-01 -1.161878e-01 -2.556971e-02  1.000000e+00
-1.717786e-01 -1.177501e-01 -2.604259e-02  1.000000e+00
-1.676138e-01 -1.120518e-01 -2.272039e-02  1.000000e+00
-1.685033e-01 -1.137908e-01 -2.394104e-02  1.000000e+00
-1.790012e-01 -1.256311e-01 -2.786898e-02  1.000000e+00
-1.916517e-01 -1.377102e-01 -2.965318e-02  1.000000e+00
-1.955306e-01 -1.413450e-01 -3.053228e-02  1.000000e+00
-1.989558e-01 -1.444283e-01 -3.104558e-02  1.000000e+00
-2.112059e-01 -1.557497e-01 -3.254994e-02  1.000000e+00
-2.151689e-01 -1.594058e-01 -3.334875e-02  1.000000e+00
-2.234069e-01 -1.668693e-01 -3.337026e-02  1.000000e+00
-2.267011e-01 -1.697792e-01 -3.347482e-02  1.000000e+00
-1.646204e-01 -1.108718e-01 -2.255494e-02  1.000000e+00
-1.656859e-01 -1.125383e-01 -2.314711e-02  1.000000e+00
-1.760760e-01 -1.230840e-01 -2.643132e-02  1.000000e+00
-1.837670e-01 -1.305231e-01 -2.728974e-02  1.000000e+00
-1.862738e-01 -1.328619e-01 -2.766815e-02  1.000000e+00
-2.057915e-01 -1.508154e-01 -3.035904e-02  1.000000e+00
-2.102448e-01 -1.549233e-01 -3.143650e-02  1.000000e+00
-1.617576e-01 -1.084826e-01 -2.121110e-02  1.000000e+00
-1.652026e-01 -1.125917e-01 -2.220466e-02  1.000000e+00
-1.679406e-01 -1.152644e-01 -2.298540e-02  1.000000e+00
-1.782890e-01 -1.255163e-01 -2.542159e-02  1.000000e+00
-1.808347e-01 -1.279416e-01 -2.586704e-02  1.000000e+00
-2.109677e-01 -1.556012e-01 -2.931651e-02  1.000000e+00
-1.589368e-01 -1.060943e-01 -1.988723e-02  1.000000e+00
-1.584041e-01 -1.060088e-01 -1.999743e-02  1.000000e+00
-1.596692e-01 -1.074815e-01 -2.037321e-02  1.000000e+00
-1.827919e-01 -1.298462e-01 -2.502804e-02  1.000000e+00
-2.102569e-01 -1.548015e-01 -2.795597e-02  1.000000e+00
-1.603865e-01 -1.085435e-01 -1.951734e-02  1.000000e+00
-1.733053e-01 -1.211343e-01 -2.249913e-02  1.000000e+00
-1.773979e-01 -1.249423e-01 -2.276834e-02  1.000000e+00
-1.840990e-01 -1.310894e-01 -2.405181e-02  1.000000e+00
-2.118850e-01 -1.560648e-01 -2.635748e-02  1.000000e+00
-2.156465e-01 -1.593591e-01 -2.688654e-02  1.000000e+00
-1.576884e-01 -1.062491e-01 -1.813847e-02  1.000000e+00
-1.607015e-01 -1.091914e-01 -1.920809e-02  1.000000e+00
-1.678437e-01 -1.161486e-01 -2.058326e-02  1.000000e+00
-1.786995e-01 -1.261814e-01 -2.189585e-02  1.000000e+00
-1.869821e-01 -1.336981e-01 -2.280801e-02  1.000000e+00
-1.901841e-01 -1.365812e-01 -2.359577e-02  1.000000e+00
-1.485334e-01 -9.674710e-02 -1.458578e-02  1.000000e+00
-1.492940e-01 -9.823854e-02 -1.560322e-02  1.000000e+00
-1.552757e-01 -1.041988e-01 -1.676596e-02  1.000000e+00
-1.589788e-01 -1.079515e-01 -1.793596e-02  1.000000e+00
-1.732570e-01 -1.212450e-01 -2.002938e-02  1.000000e+00
-1.817630e-01 -1.289584e-01 -2.075651e-02  1.000000e+00
-1.886839e-01 -1.352281e-01 -2.237652e-02  1.000000e+00
-1.929174e-01 -1.390237e-01 -2.278166e-02  1.000000e+00
-1.970775e-01 -1.427561e-01 -2.309526e-02  1.000000e+00
-2.147753e-01 -1.583433e-01 -2.556201e-02  1.000000e+00
-1.569533e-01 -1.062311e-01 -1.663469e-02  1.000000e+00
-1.606142e-01 -1.096060e-01 -1.700387e-02  1.000000e+00
-1.678384e-01 -1.163006e-01 -1.787785e-02  1.000000e+00
-1.763207e-01 -1.239951e-01 -1.873267e-02  1.000000e+00
-1.793907e-01 -1.267991e-01 -1.947038e-02  1.000000e+00
-1.877321e-01 -1.343335e-01 -2.076234e-02  1.000000e+00
-1.947519e-01 -1.405374e-01 -2.135344e-02  1.000000e+00
-1.993025e-01 -1.444459e-01 -2.069176e-02  1.000000e+00
-2.095943e-01 -1.536236e-01 -2.407805e-02  1.000000e+00
-2.139704e-01 -1.575978e-01 -2.439969e-02  1.000000e+00
-1.583565e-01 -1.076285e-01 -1.559597e-02  1.000000e+00
-1.708949e-01 -1.190437e-01 -1.657581e-02  1.000000e+00
-1.739475e-01 -1.218282e-01 -1.744006e-02  1.000000e+00
-1.962864e-01 -1.416718e-01 -1.973544e-02  1.000000e+00
-2.115593e-01 -1.551123e-01 -2.212989e-02  1.000000e+00
-1.392498e-01 -8.936377e-02 -1.050261e-02  1.000000e+00
-1.460541e-01 -9.623904e-02 -1.244781e-02  1.000000e+00
-1.529154e-01 -1.026564e-01 -1.352858e-02  1.000000e+00
-1.574104e-01 -1.067734e-01 -1.413831e-02  1.000000e+00
-1.614366e-01 -1.104559e-01 -1.445566e-02  1.000000e+00
-1.685232e-01 -1.168893e-01 -1.533232e-02  1.000000e+00
-1.768415e-01 -1.243946e-01 -1.672547e-02  1.000000e+00
-1.362258e-01 -8.680222e-02 -9.092334e-03  1.000000e+00
-1.440160e-01 -9.449216e-02 -1.106121e-02  1.000000e+00
-1.591154e-01 -1.083457e-01 -1.293470e-02  1.000000e+00
-1.630863e-01 -1.119278e-01 -1.332049e-02  1.000000e+00
-1.675381e-01 -1.159451e-01 -1.385213e-02  1.000000e+00
-1.777086e-01 -1.250353e-01 -1.573433e-02  1.000000e+00
-1.815982e-01 -1.284722e-01 -1.607041e-02  1.000000e+00
-1.860869e-01 -1.323176e-01 -1.570649e-02  1.000000e+00
-1.893541e-01 -1.351151e-01 -1.599916e-02  1.000000e+00
-1.355042e-01 -8.653846e-02 -8.193947e-03  1.000000e+00
-1.536386e-01 -1.033400e-01 -1.099655e-02  1.000000e+00
-1.723046e-01 -1.201289e-01 -1.362416e-02  1.000000e+00
-1.915537e-01 -1.369068e-01 -1.517127e-02  1.000000e+00
-2.038912e-01 -1.478035e-01 -1.822928e-02  1.000000e+00
-2.176349e-01 -1.594637e-01 -1.529879e-02  1.000000e+00
-1.331096e-01 -8.449335e-02 -6.852302e-03  1.000000e+00
-1.399609e-01 -9.090031e-02 -8.028581e-03  1.000000e+00
-1.558992e-01 -1.053054e-01 -9.769871e-03  1.000000e+00
-1.629903e-01 -1.116829e-01 -1.092830e-02  1.000000e+00
-1.784667e-01 -1.252421e-01 -1.247044e-02  1.000000e+00
-1.822674e-01 -1.285889e-01 -1.311222e-02  1.000000e+00
-1.864191e-01 -1.322671e-01 -1.364571e-02  1.000000e+00
-2.083176e-01 -1.513760e-01 -1.486694e-02  1.000000e+00
-1.278540e-01 -7.969704e-02 -4.928067e-03  1.000000e+00
-1.382400e-01 -8.928688e-02 -6.436256e-03  1.000000e+00
-1.464676e-01 -9.674025e-02 -7.367965e-03  1.000000e+00
-1.509091e-01 -1.006942e-01 -7.675885e-03  1.000000e+00
-1.575314e-01 -1.066959e-01 -8.980958e-03  1.000000e+00
-1.730039e-01 -1.202458e-01 -1.042499e-02  1.000000e+00
-1.859967e-01 -1.317660e-01 -1.245198e-02  1.000000e+00
-1.290483e-01 -8.090763e-02 -3.905716e-03  1.000000e+00
-1.327878e-01 -8.429669e-02 -4.378668e-03  1.000000e+00
-1.481789e-01 -9.820817e-02 -6.255679e-03  1.000000e+00
-1.559325e-01 -1.051166e-01 -7.525399e-03  1.000000e+00
-1.597622e-01 -1.085209e-01 -8.184060e-03  1.000000e+00
-1.636611e-01 -1.119607e-01 -8.388278e-03  1.000000e+00
-1.675618e-01 -1.152875e-01 -8.406914e-03  1.000000e+00
-1.846818e-01 -1.303418e-01 -1.053805e-02  1.000000e+00
-2.107316e-01 -1.505356e-01 -7.652123e-03  1.000000e+00
-1.201390e-01 -7.273212e-02 -1.596389e-03  1.000000e+00
-1.273428e-01 -7.932545e-02 -2.384857e-03  1.000000e+00
-1.355223e-01 -8.672432e-02 -3.474732e-03  1.000000e+00
-1.466062e-01 -9.667892e-02 -4.733632e-03  1.000000e+00
-1.581461e-01 -1.069589e-01 -6.890767e-03  1.000000e+00
-1.624189e-01 -1.105631e-01 -6.311466e-03  1.000000e+00
-1.752204e-01 -1.218378e-01 -9.184917e-03  1.000000e+00
-1.796332e-01 -1.257185e-01 -9.088466e-03  1.000000e+00
-2.052798e-01 -1.454754e-01 -5.725602e-03  1.000000e+00
-1.219011e-01 -7.437684e-02 -5.370907e-04  1.000000e+00
-1.372633e-01 -8.825413e-02 -2.349719e-03  1.000000e+00
-1.411508e-01 -9.170121e-02 -2.737939e-03  1.000000e+00
-1.449974e-01 -9.507994e-02 -3.282902e-03  1.000000e+00
-1.487649e-01 -9.842104e-02 -4.384594e-03  1.000000e+00
-1.809297e-01 -1.264077e-01 -6.050715e-03  1.000000e+00
-1.850913e-01 -1.294064e-01 -3.834519e-03  1.000000e+00
-1.125968e-01 -6.584042e-02  1.646290e-03  1.000000e+00
-1.286330e-01 -8.032017e-02  1.467887e-04  1.000000e+00
-1.317811e-01 -8.322290e-02 -3.906860e-04  1.000000e+00
-1.395596e-01 -9.011103e-02 -1.130988e-03  1.000000e+00
-1.583879e-01 -1.060412e-01 -1.121248e-03  1.000000e+00
-1.836371e-01 -1.263780e-01 -1.353184e-03  1.000000e+00
-1.865194e-01 -1.287678e-01 -1.684778e-03  1.000000e+00
-1.980866e-01 -1.381750e-01 -1.534415e-03  1.000000e+00
-1.302007e-01 -8.170924e-02  9.514607e-04  1.000000e+00
-1.343706e-01 -8.535412e-02  7.058865e-04  1.000000e+00
-1.430042e-01 -9.273016e-02 -2.769888e-05  1.000000e+00
-1.606363e-01 -1.062139e-01  1.336769e-03  1.000000e+00
-1.887498e-01 -1.303146e-01 -9.673798e-04  1.000000e+00
-1.931138e-01 -1.335704e-01 -8.105545e-05  1.000000e+00
-1.017075e-01 -5.589177e-02  5.965735e-03  1.000000e+00
-1.056764e-01 -5.947797e-02  5.527773e-03  1.000000e+00
-1.208101e-01 -7.318634e-02  3.394993e-03  1.000000e+00
-1.251833e-01 -7.701095e-02  3.175081e-03  1.000000e+00
-1.339486e-01 -8.451965e-02  3.056527e-03  1.000000e+00
-1.550732e-01 -1.011436e-01  3.059966e-03  1.000000e+00
-1.752822e-01 -1.184259e-01  1.830458e-03  1.000000e+00
-1.795837e-01 -1.221240e-01  1.242505e-03  1.000000e+00
-1.884965e-01 -1.289219e-01  2.217995e-03  1.000000e+00
-1.928715e-01 -1.323354e-01  2.434278e-03  1.000000e+00
-9.622193e-02 -5.085173e-02  8.009543e-03  1.000000e+00
-1.047840e-01 -5.848758e-02  7.164578e-03  1.000000e+00
-1.494731e-01 -9.599471e-02  4.945347e-03  1.000000e+00
-1.533037e-01 -9.933394e-02  4.348975e-03  1.000000e+00
-1.574082e-01 -1.028678e-01  3.909310e-03  1.000000e+00
-1.616297e-01 -1.064037e-01  3.743425e-03  1.000000e+00
-1.020697e-01 -5.612097e-02  8.596123e-03  1.000000e+00
-1.438793e-01 -9.086009e-02  6.692274e-03  1.000000e+00
-1.524956e-01 -9.832870e-02  5.563844e-03  1.000000e+00
-1.610861e-01 -1.055286e-01  5.702886e-03  1.000000e+00
-1.744670e-01 -1.155778e-01  6.619079e-03  1.000000e+00
-9.965398e-02 -5.382651e-02  1.028894e-02  1.000000e+00
-1.254442e-01 -7.515723e-02  8.705281e-03  1.000000e+00
-1.489700e-01 -9.489240e-02  7.199665e-03  1.000000e+00
-1.663774e-01 -1.068636e-01  9.709745e-03  1.000000e+00
-1.106402e-01  2.247896e-01 -8.572363e-03  1.000000e+00
-1.083882e-01  2.188176e-01 -8.517875e-03  1.000000e+00
-1.039082e-01  2.068917e-01 -8.407579e-03  1.000000e+00
-9.429025e-02 -4.903762e-02  1.204241e-02  1.000000e+00
-9.841251e-02 -5.226512e-02  1.244811e-02  1.000000e+00
-1.069189e-01 -5.826981e-02  1.314162e-02  1.000000e+00
-1.160035e-01 -6.663916e-02  1.108112e-02  1.000000e+00
-1.203221e-01 -7.037052e-02  1.066891e-02  1.000000e+00
-1.290899e-01 -7.747864e-02  1.107950e-02  1.000000e+00
-1.511384e-01 -9.631879e-02  8.785862e-03  1.000000e+00
-1.545136e-01 -9.826239e-02  1.064232e-02  1.000000e+00
-1.900179e-01 -1.221783e-01  1.328749e-02  1.000000e+00
-9.699845e-02  1.888010e-01 -7.981919e-03  1.000000e+00
-9.531085e-02  1.842845e-01 -7.910082e-03  1.000000e+00
-1.602234e-01 -9.525447e-02  1.597333e-02  1.000000e+00
-1.818154e-01 -1.136206e-01  1.571929e-02  1.000000e+00
-1.096423e-01  2.224530e-01 -7.985445e-03  1.000000e+00
-7.544929e-02 -3.190079e-02  1.693614e-02  1.000000e+00
-9.946220e-02 -4.773071e-02  1.774869e-02  1.000000e+00
-1.127311e-01 -5.925775e-02  1.611039e-02  1.000000e+00
-1.216440e-01 -6.651983e-02  1.620312e-02  1.000000e+00
-1.544261e-01 -9.003848e-02  1.746446e-02  1.000000e+00
-1.848952e-01 -1.141494e-01  1.758685e-02  1.000000e+00
-1.889409e-01 -1.174203e-01  1.734740e-02  1.000000e+00
-1.115429e-01  2.276134e-01 -7.561407e-03  1.000000e+00
-1.092543e-01  2.215623e-01 -7.791082e-03  1.000000e+00
-5.694687e-02 -1.605432e-02  2.072947e-02  1.000000e+00
-7.494883e-02 -2.910465e-02  1.942887e-02  1.000000e+00
-1.181110e-01 -6.238520e-02  1.893374e-02  1.000000e+00
-1.222370e-01 -6.485833e-02  1.922062e-02  1.000000e+00
-1.263966e-01 -6.785670e-02  1.928530e-02  1.000000e+00
-1.347840e-01 -7.411894e-02  1.984495e-02  1.000000e+00
-1.752338e-01 -1.057892e-01  1.930985e-02  1.000000e+00
-1.133198e-01  2.323943e-01 -7.334346e-03  1.000000e+00
-1.024042e-01  2.035766e-01 -7.274897e-03  1.000000e+00
-1.001462e-01  1.976834e-01 -7.273724e-03  1.000000e+00
-9.334084e-02  1.796704e-01 -7.093957e-03  1.000000e+00
-8.877542e-02  1.675815e-01 -7.130690e-03  1.000000e+00
-8.193689e-02  1.494635e-01 -7.115698e-03  1.000000e+00
-8.000357e-02  1.443196e-01 -7.001654e-03  1.000000e+00
-7.841727e-02  1.400605e-01 -6.876559e-03  1.000000e+00
-5.513538e-02  3.020211e-02  1.026422e-02  1.000000e+00
-5.354720e-02  2.422490e-02  1.635484e-02  1.000000e+00
-7.503535e-02 -2.651785e-02  2.196136e-02  1.000000e+00
-8.834476e-02 -3.782176e-02  2.095374e-02  1.000000e+00
-9.256718e-02 -4.108021e-02  2.112437e-02  1.000000e+00
-1.181306e-01 -5.932227e-02  2.152082e-02  1.000000e+00
-1.344382e-01 -7.232272e-02  2.179155e-02  1.000000e+00
-1.387325e-01 -7.574073e-02  2.196407e-02  1.000000e+00
-1.477583e-01 -8.359272e-02  2.030212e-02  1.000000e+00
-1.521901e-01 -8.721347e-02  2.035205e-02  1.000000e+00
-1.653522e-01 -9.714573e-02  2.129581e-02  1.000000e+00
-1.041757e-01  2.083445e-01 -6.896861e-03  1.000000e+00
-5.515037e-02  4.644159e-02  5.875548e-03  1.000000e+00
-5.765396e-02  3.027328e-02  1.308562e-02  1.000000e+00
-5.734231e-02  1.924636e-02  2.056692e-02  1.000000e+00
-6.240970e-02 -8.237974e-03  2.711283e-02  1.000000e+00
-9.319428e-02 -4.022159e-02  2.378776e-02  1.000000e+00
-1.167055e-01 -5.774839e-02  2.286503e-02  1.000000e+00
-1.209551e-01 -6.120511e-02  2.292054e-02  1.000000e+00
-1.613580e-01 -9.230800e-02  2.377590e-02  1.000000e+00
-1.157846e-01  2.391767e-01 -6.507458e-03  1.000000e+00
-1.091231e-01  2.216041e-01 -6.675919e-03  1.000000e+00
-9.727972e-02  1.902978e-01 -6.415578e-03  1.000000e+00
-9.497955e-02  1.842833e-01 -6.636388e-03  1.000000e+00
-9.269483e-02  1.782645e-01 -6.709028e-03  1.000000e+00
-8.591150e-02  1.603463e-01 -6.469475e-03  1.000000e+00
-7.906315e-02  1.422415e-01 -6.598072e-03  1.000000e+00
-7.456138e-02  1.303477e-01 -6.345988e-03  1.000000e+00
-5.591950e-02  8.126097e-02 -7.308062e-03  1.000000e+00
-5.922050e-02  7.683417e-02 -7.212767e-03  1.000000e+00
-6.030721e-02  3.080888e-02  1.542620e-02  1.000000e+00
-6.081283e-02  1.976730e-02  2.075102e-02  1.000000e+00
-6.400594e-02  1.531503e-02  2.090634e-02  1.000000e+00
-6.595875e-02 -1.411250e-03  2.831834e-02  1.000000e+00
-6.742981e-02 -1.192318e-02  2.678769e-02  1.000000e+00
-6.992296e-02 -1.582655e-02  2.642104e-02  1.000000e+00
-8.537275e-02 -3.237287e-02  2.614389e-02  1.000000e+00
-9.428585e-02 -3.795424e-02  2.628507e-02  1.000000e+00
-1.025735e-01 -4.530278e-02  2.567505e-02  1.000000e+00
-1.070698e-01 -4.929841e-02  2.489252e-02  1.000000e+00
-1.255803e-01 -6.350898e-02  2.537472e-02  1.000000e+00
-1.341276e-01 -6.986640e-02  2.577691e-02  1.000000e+00
-1.473838e-01 -8.050343e-02  2.537982e-02  1.000000e+00
-1.561305e-01 -8.736254e-02  2.557469e-02  1.000000e+00
-1.648664e-01 -9.449395e-02  2.503590e-02  1.000000e+00
-9.543510e-02  1.852660e-01 -5.127458e-03  1.000000e+00
-9.314809e-02  1.793010e-01 -5.270538e-03  1.000000e+00
-8.854461e-02  1.672849e-01 -5.695286e-03  1.000000e+00
-8.174564e-02  1.492980e-01 -5.498722e-03  1.000000e+00
-6.766370e-02  1.121997e-01 -6.009439e-03  1.000000e+00
-6.537579e-02  1.061643e-01 -6.072335e-03  1.000000e+00
-6.275525e-02  6.007531e-02  9.276577e-03  1.000000e+00
-6.168989e-02  4.893895e-02  8.290432e-03  1.000000e+00
-6.319329e-02  3.238591e-02  1.783220e-02  1.000000e+00
-6.955188e-02  5.907643e-03  2.658967e-02  1.000000e+00
-6.871669e-02 -3.139451e-05  2.888913e-02  1.000000e+00
-7.457673e-02 -1.782231e-02  2.931295e-02  1.000000e+00
-8.760471e-02 -2.905931e-02  2.851947e-02  1.000000e+00
-9.084941e-02 -3.268669e-02  2.833173e-02  1.000000e+00
-1.202654e-01 -5.844786e-02  2.702735e-02  1.000000e+00
-1.245536e-01 -6.171920e-02  2.704790e-02  1.000000e+00
-1.331685e-01 -6.815668e-02  2.756992e-02  1.000000e+00
-1.651219e-01 -9.275146e-02  2.801955e-02  1.000000e+00
-9.759796e-02  1.910029e-01 -4.910542e-03  1.000000e+00
-9.533987e-02  1.850479e-01 -4.841056e-03  1.000000e+00
-8.854823e-02  1.672070e-01 -4.789312e-03  1.000000e+00
-8.173983e-02  1.492240e-01 -4.676006e-03  1.000000e+00
-7.946219e-02  1.432076e-01 -4.695455e-03  1.000000e+00
-7.257817e-02  1.251164e-01 -5.059632e-03  1.000000e+00
-6.846422e-02  1.137038e-01 -4.859914e-03  1.000000e+00
-6.241017e-02  9.581789e-02 -4.902393e-03  1.000000e+00
-6.479261e-02  6.141568e-02  1.007692e-02  1.000000e+00
-6.897761e-02  1.781720e-02  2.371932e-02  1.000000e+00
-7.202836e-02  7.938749e-03  2.784937e-02  1.000000e+00
-7.998980e-02 -2.043911e-02  3.136993e-02  1.000000e+00
-8.412647e-02 -2.398189e-02  3.089511e-02  1.000000e+00
-9.604041e-02 -3.506279e-02  3.035242e-02  1.000000e+00
-1.131790e-01 -5.049767e-02  2.994594e-02  1.000000e+00
-1.174766e-01 -5.401079e-02  2.978570e-02  1.000000e+00
-1.291223e-01 -6.304694e-02  3.024678e-02  1.000000e+00
-1.335188e-01 -6.652393e-02  3.027837e-02  1.000000e+00
-1.379895e-01 -7.019366e-02  3.014007e-02  1.000000e+00
-1.467765e-01 -7.741020e-02  2.980525e-02  1.000000e+00
-1.094487e-01  2.224090e-01 -4.062392e-03  1.000000e+00
-1.002047e-01  1.979695e-01 -4.868684e-03  1.000000e+00
-9.120807e-02  1.740502e-01 -3.735750e-03  1.000000e+00
-8.892830e-02  1.680462e-01 -3.774510e-03  1.000000e+00
-8.207780e-02  1.499379e-01 -3.845081e-03  1.000000e+00
-7.980227e-02  1.439183e-01 -3.831699e-03  1.000000e+00
-7.763572e-02  1.381013e-01 -3.683005e-03  1.000000e+00
-7.350777e-02  1.265456e-01 -3.420425e-03  1.000000e+00
-7.192097e-02  1.207075e-01 -3.319945e-03  1.000000e+00
-6.474528e-02  9.062141e-02 -4.219077e-03  1.000000e+00
-6.584348e-02  8.556777e-02 -4.125431e-03  1.000000e+00
-6.777437e-02  5.245117e-02  1.148638e-02  1.000000e+00
-6.919463e-02  2.923716e-02  2.321844e-02  1.000000e+00
-7.447749e-02  1.527716e-02  2.560400e-02  1.000000e+00
-7.426009e-02  4.583970e-03  3.187435e-02  1.000000e+00
-7.413029e-02 -3.881516e-04  3.363506e-02  1.000000e+00
-7.932601e-02 -1.423454e-02  3.470375e-02  1.000000e+00
-8.201020e-02 -1.843194e-02  3.392563e-02  1.000000e+00
-1.185406e-01 -5.128383e-02  3.268264e-02  1.000000e+00
-1.222892e-01 -5.473218e-02  3.270270e-02  1.000000e+00
-1.309284e-01 -6.126605e-02  3.340661e-02  1.000000e+00
-1.384728e-01 -6.880833e-02  3.260813e-02  1.000000e+00
-1.429366e-01 -7.236626e-02  3.253342e-02  1.000000e+00
-1.471028e-01 -7.592632e-02  3.225706e-02  1.000000e+00
-1.212510e-01  2.533702e-01 -1.971712e-03  1.000000e+00
-1.190091e-01  2.474605e-01 -1.983398e-03  1.000000e+00
-1.053313e-01  2.116264e-01 -3.485270e-03  1.000000e+00
-8.700855e-02  1.630237e-01 -3.564652e-03  1.000000e+00
-8.472738e-02  1.569994e-01 -3.591636e-03  1.000000e+00
-8.254948e-02  1.511640e-01 -3.501355e-03  1.000000e+00
-7.585122e-02  1.266285e-01 -2.623687e-03  1.000000e+00
-7.136790e-02  1.146863e-01 -2.801772e-03  1.000000e+00
-6.971465e-02  1.088400e-01 -2.822271e-03  1.000000e+00
-6.754692e-02  9.257436e-02 -2.429883e-03  1.000000e+00
-6.860791e-02  8.800280e-02 -2.053646e-03  1.000000e+00
-7.177629e-02  4.218493e-02  2.053501e-02  1.000000e+00
-7.208371e-02  3.163511e-02  2.538157e-02  1.000000e+00
-7.775617e-02 -2.920236e-03  3.712297e-02  1.000000e+00
-7.926692e-02 -7.465718e-03  3.700784e-02  1.000000e+00
-8.227765e-02 -1.151758e-02  3.674066e-02  1.000000e+00
-8.714589e-02 -1.985888e-02  3.590076e-02  1.000000e+00
-1.067117e-01 -3.871439e-02  3.525785e-02  1.000000e+00
-1.200646e-01 -4.914825e-02  3.529419e-02  1.000000e+00
-1.236897e-01 -5.257819e-02  3.541187e-02  1.000000e+00
-1.363766e-01 -6.341001e-02  3.603528e-02  1.000000e+00
-1.516910e-01 -7.777202e-02  3.437152e-02  1.000000e+00
-1.604316e-01 -8.507499e-02  3.365051e-02  1.000000e+00
-1.105502e-01  2.250702e-01 -9.611600e-04  1.000000e+00
-8.973027e-02  1.701870e-01 -2.672504e-03  1.000000e+00
-8.752524e-02  1.643371e-01 -2.874941e-03  1.000000e+00
-7.310485e-02  7.252803e-02  1.159070e-02  1.000000e+00
-7.446478e-02  4.428669e-02  2.301274e-02  1.000000e+00
-7.750195e-02  2.397171e-02  3.098551e-02  1.000000e+00
-7.935507e-02  1.953085e-02  3.007304e-02  1.000000e+00
-8.051983e-02 -6.995776e-04  3.925787e-02  1.000000e+00
-8.463871e-02 -9.489452e-03  3.899088e-02  1.000000e+00
-8.664922e-02 -1.385115e-02  3.853903e-02  1.000000e+00
-9.246766e-02 -2.176003e-02  3.834905e-02  1.000000e+00
-9.641495e-02 -2.527526e-02  3.845110e-02  1.000000e+00
-1.009350e-01 -2.875924e-02  3.851036e-02  1.000000e+00
-1.087464e-01 -3.663189e-02  3.773349e-02  1.000000e+00
-1.287584e-01 -5.372548e-02  3.892640e-02  1.000000e+00
-1.327857e-01 -5.770995e-02  3.829496e-02  1.000000e+00
-1.418578e-01 -6.502012e-02  3.792905e-02  1.000000e+00
-1.527792e-01 -7.566106e-02  3.690828e-02  1.000000e+00
-1.175626e-01  2.435405e-01 -8.622817e-04  1.000000e+00
-1.154039e-01  2.378311e-01 -8.790206e-04  1.000000e+00
-9.259956e-02  1.775331e-01 -1.253402e-03  1.000000e+00
-9.060947e-02  1.722313e-01 -1.048666e-03  1.000000e+00
-8.857840e-02  1.668486e-01 -1.094830e-03  1.000000e+00
-8.576863e-02  1.592577e-01 -1.004104e-03  1.000000e+00
-7.586742e-02  1.238902e-01  2.071079e-04  1.000000e+00
-7.717472e-02  6.861195e-02  1.510261e-02  1.000000e+00
-7.715302e-02  5.747773e-02  1.635923e-02  1.000000e+00
-7.731361e-02  4.145962e-02  2.887416e-02  1.000000e+00
-7.978428e-02  3.160574e-02  2.933719e-02  1.000000e+00
-8.231850e-02  1.134905e-02  3.839852e-02  1.000000e+00
-8.922296e-02 -1.163916e-02  4.108861e-02  1.000000e+00
-9.186754e-02 -1.570388e-02  4.085423e-02  1.000000e+00
-9.439201e-02 -1.946816e-02  4.085804e-02  1.000000e+00
-1.058101e-01 -3.097980e-02  4.013637e-02  1.000000e+00
-1.221611e-01 -4.490976e-02  4.065704e-02  1.000000e+00
-1.266141e-01 -4.826120e-02  4.094056e-02  1.000000e+00
-1.382414e-01 -5.932550e-02  4.033197e-02  1.000000e+00
-1.161068e-01  2.397641e-01 -1.026749e-03  1.000000e+00
-1.028188e-01  2.036263e-01  2.373197e-03  1.000000e+00
-9.576717e-02  1.852709e-01  1.085589e-03  1.000000e+00
-9.374070e-02  1.799476e-01  9.785025e-04  1.000000e+00
-8.975054e-02  1.654767e-01  3.665056e-03  1.000000e+00
-7.897524e-02  1.311976e-01  2.008235e-03  1.000000e+00
-7.787107e-02  1.256349e-01  1.983653e-03  1.000000e+00
-7.768443e-02  1.201993e-01  2.101311e-03  1.000000e+00
-7.567140e-02  1.086544e-01  1.858961e-03  1.000000e+00
-7.580438e-02  1.032120e-01  1.882041e-03  1.000000e+00
-7.693840e-02  9.805771e-02  1.858971e-03  1.000000e+00
-7.824835e-02  9.295906e-02  1.885681e-03  1.000000e+00
-7.929388e-02  6.451466e-02  1.812810e-02  1.000000e+00
-8.008153e-02  4.905026e-02  2.759285e-02  1.000000e+00
-8.496381e-02  1.906486e-02  3.809448e-02  1.000000e+00
-8.623622e-02  4.033074e-03  4.391542e-02  1.000000e+00
-8.769830e-02 -6.769128e-04  4.374438e-02  1.000000e+00
-9.400191e-02 -1.350840e-02  4.335300e-02  1.000000e+00
-1.029637e-01 -2.545177e-02  4.232429e-02  1.000000e+00
-1.109397e-01 -3.217556e-02  4.303173e-02  1.000000e+00
-1.246563e-01 -4.261463e-02  4.343537e-02  1.000000e+00
-1.396970e-01 -5.756216e-02  4.305359e-02  1.000000e+00
-1.171916e-01  2.426083e-01 -7.535718e-05  1.000000e+00
-1.032222e-01  2.041981e-01  3.710131e-03  1.000000e+00
-9.712188e-02  1.875232e-01  4.498864e-03  1.000000e+00
-9.645800e-02  1.818348e-01  4.773528e-03  1.000000e+00
-9.438373e-02  1.764246e-01  4.558045e-03  1.000000e+00
-8.249361e-02  1.381595e-01  3.486223e-03  1.000000e+00
-8.121980e-02  1.268254e-01  3.582630e-03  1.000000e+00
-7.917477e-02  1.099974e-01  3.336630e-03  1.000000e+00
-8.155601e-02  9.460623e-02  3.565203e-03  1.000000e+00
-8.173076e-02  8.870469e-02  8.778224e-03  1.000000e+00
-8.179268e-02  8.237019e-02  1.672601e-02  1.000000e+00
-8.238959e-02  5.594704e-02  2.743500e-02  1.000000e+00
-8.350837e-02  4.009162e-02  3.459904e-02  1.000000e+00
-8.579875e-02  3.071691e-02  3.697620e-02  1.000000e+00
-8.764843e-02  2.127342e-02  4.018911e-02  1.000000e+00
-9.626079e-02 -1.148522e-02  4.610685e-02  1.000000e+00
-1.016556e-01 -1.983676e-02  4.502852e-02  1.000000e+00
-1.048257e-01 -2.377430e-02  4.489613e-02  1.000000e+00
-1.081673e-01 -2.720059e-02  4.504253e-02  1.000000e+00
-1.295769e-01 -4.487537e-02  4.606572e-02  1.000000e+00
-1.220364e-01  2.501454e-01  8.601016e-03  1.000000e+00
-1.044837e-01  2.051809e-01  5.508420e-03  1.000000e+00
-1.013067e-01  1.933012e-01  5.593601e-03  1.000000e+00
-1.006748e-01  1.876058e-01  5.975994e-03  1.000000e+00
-9.721790e-02  1.757315e-01  5.864089e-03  1.000000e+00
-9.481800e-02  1.696217e-01  5.440361e-03  1.000000e+00
-9.002021e-02  1.573684e-01  4.689317e-03  1.000000e+00
-8.761707e-02  1.512218e-01  4.306255e-03  1.000000e+00
-8.397507e-02  1.336297e-01  4.289165e-03  1.000000e+00
-8.376095e-02  1.280246e-01  4.329086e-03  1.000000e+00
-8.470763e-02  9.024963e-02  1.095008e-02  1.000000e+00
-8.556273e-02  7.932661e-02  1.856270e-02  1.000000e+00
-8.471565e-02  7.412341e-02  2.068291e-02  1.000000e+00
-8.540944e-02  5.228521e-02  3.287908e-02  1.000000e+00
-8.813799e-02  3.787928e-02  3.701967e-02  1.000000e+00
-9.013775e-02  2.407472e-02  4.272551e-02  1.000000e+00
-1.213118e-01 -3.588488e-02  4.767023e-02  1.000000e+00
-1.345969e-01 -4.603023e-02  4.870750e-02  1.000000e+00
-1.198770e-01  2.424652e-01  8.728900e-03  1.000000e+00
-1.081139e-01  2.119068e-01  7.005420e-03  1.000000e+00
-1.048640e-01  2.002094e-01  6.954080e-03  1.000000e+00
-1.042391e-01  1.944811e-01  7.321781e-03  1.000000e+00
-9.748620e-02  1.762413e-01  6.506805e-03  1.000000e+00
-9.509280e-02  1.701300e-01  6.161426e-03  1.000000e+00
-9.281496e-02  1.642848e-01  5.945562e-03  1.000000e+00
-8.676302e-02  1.027094e-01  6.636406e-03  1.000000e+00
-8.697535e-02  9.169962e-02  1.403622e-02  1.000000e+00
-8.805325e-02  8.168559e-02  2.099825e-02  1.000000e+00
-8.670719e-02  7.692599e-02  2.352586e-02  1.000000e+00
-8.801069e-02  6.000227e-02  3.030953e-02  1.000000e+00
-8.871984e-02  4.941961e-02  3.761106e-02  1.000000e+00
-9.075422e-02  4.039226e-02  3.926550e-02  1.000000e+00
-9.314724e-02  2.066709e-02  4.696175e-02  1.000000e+00
-1.063780e-01 -1.552146e-02  5.096006e-02  1.000000e+00
-1.182345e-01 -3.010387e-02  5.073915e-02  1.000000e+00
-1.265652e-01 -3.771660e-02  5.023937e-02  1.000000e+00
-1.306099e-01 -4.109877e-02  5.022837e-02  1.000000e+00
-1.349428e-01 -4.440329e-02  5.054340e-02  1.000000e+00
-1.099414e-01  2.129498e-01  8.424219e-03  1.000000e+00
-9.587708e-02  1.717977e-01  7.285899e-03  1.000000e+00
-9.114198e-02  1.545906e-01  7.190417e-03  1.000000e+00
-9.029088e-02  1.488313e-01  7.246153e-03  1.000000e+00
-8.856243e-02  1.384794e-01  8.278832e-03  1.000000e+00
-8.936681e-02  1.335584e-01  9.006708e-03  1.000000e+00
-8.712796e-02  1.274561e-01  8.425066e-03  1.000000e+00
-8.988758e-02  1.046869e-01  8.353222e-03  1.000000e+00
-8.977747e-02  9.953994e-02  1.094983e-02  1.000000e+00
-8.958581e-02  9.384412e-02  1.638138e-02  1.000000e+00
-9.000506e-02  8.402550e-02  2.383849e-02  1.000000e+00
-9.062307e-02  6.705187e-02  3.332731e-02  1.000000e+00
-9.111309e-02  5.652406e-02  3.715573e-02  1.000000e+00
-9.161721e-02  4.665755e-02  4.179159e-02  1.000000e+00
-9.389707e-02  3.746233e-02  4.442352e-02  1.000000e+00
-9.553423e-02  3.324304e-02  4.437077e-02  1.000000e+00
-9.560354e-02  2.353230e-02  4.959404e-02  1.000000e+00
-9.756429e-02  2.147353e-02  5.145054e-02  1.000000e+00
-9.640741e-02  1.468140e-02  5.485852e-02  1.000000e+00
-9.817302e-02  9.518924e-03  5.635165e-02  1.000000e+00
-1.057416e-01  6.390479e-04  5.719297e-02  1.000000e+00
-1.048817e-01 -4.450805e-03  5.599996e-02  1.000000e+00
-1.114991e-01 -1.712155e-02  5.326451e-02  1.000000e+00
-1.529502e-01 -5.680111e-02  5.305112e-02  1.000000e+00
-1.061099e-01  1.975820e-01  1.008546e-02  1.000000e+00
-1.037018e-01  1.914270e-01  9.685248e-03  1.000000e+00
-9.836035e-02  1.733583e-01  8.950206e-03  1.000000e+00
-9.235226e-02  1.118935e-01  9.750241e-03  1.000000e+00
-9.212951e-02  1.014469e-01  1.362043e-02  1.000000e+00
-9.299850e-02  9.182327e-02  2.109986e-02  1.000000e+00
-9.401392e-02  7.501884e-02  3.063510e-02  1.000000e+00
-9.406341e-02  5.369713e-02  4.189551e-02  1.000000e+00
-9.986549e-02  2.221286e-02  5.342127e-02  1.000000e+00
-1.010613e-01  1.133191e-02  5.731843e-02  1.000000e+00
-1.040548e-01  6.820691e-03  5.808879e-02  1.000000e+00
-1.284260e-01 -3.592587e-02  5.378350e-02  1.000000e+00
-1.111201e-01  2.102744e-01  1.103065e-02  1.000000e+00
-1.016699e-01  1.807012e-01  1.145520e-02  1.000000e+00
-1.000751e-01  1.754233e-01  1.196386e-02  1.000000e+00
-9.762793e-02  1.692961e-01  1.142020e-02  1.000000e+00
-9.588682e-02  1.577677e-01  1.146043e-02  1.000000e+00
-9.467502e-02  1.407731e-01  1.146341e-02  1.000000e+00
-9.455656e-02  1.294339e-01  1.134801e-02  1.000000e+00
-9.491912e-02  9.892812e-02  1.986117e-02  1.000000e+00
-9.690064e-02  5.067116e-02  4.632392e-02  1.000000e+00
-1.010138e-01  3.708451e-02  4.965737e-02  1.000000e+00
-1.024250e-01  2.324618e-02  5.573358e-02  1.000000e+00
-1.038311e-01  1.319830e-02  5.861481e-02  1.000000e+00
-1.059162e-01  8.318268e-03  5.958627e-02  1.000000e+00
-1.301140e-01 -3.490280e-02  5.661314e-02  1.000000e+00
-1.417758e-01 -4.438647e-02  5.698735e-02  1.000000e+00
-1.212781e-01  2.407681e-01  1.297415e-02  1.000000e+00
-1.198578e-01  2.348835e-01  1.310129e-02  1.000000e+00
-1.182983e-01  2.290073e-01  1.319667e-02  1.000000e+00
-1.101067e-01  2.062413e-01  1.354547e-02  1.000000e+00
-1.045471e-01  1.880238e-01  1.267490e-02  1.000000e+00
-1.028305e-01  1.822426e-01  1.262586e-02  1.000000e+00
-9.927633e-02  1.267352e-01  1.336464e-02  1.000000e+00
-9.759180e-02  1.216686e-01  1.330321e-02  1.000000e+00
-9.786013e-02  1.160544e-01  1.304504e-02  1.000000e+00
-9.718985e-02  1.110685e-01  1.657770e-02  1.000000e+00
-9.757353e-02  1.015669e-01  2.257080e-02  1.000000e+00
-9.865736e-02  8.466881e-02  3.036999e-02  1.000000e+00
-9.793854e-02  7.968855e-02  3.694922e-02  1.000000e+00
-9.868988e-02  6.857378e-02  3.984262e-02  1.000000e+00
-9.974252e-02  5.328408e-02  4.881986e-02  1.000000e+00
-1.035584e-01  2.983030e-02  5.830181e-02  1.000000e+00
-1.081300e-01  9.974468e-03  6.080237e-02  1.000000e+00
-1.111950e-01  6.547239e-03  6.197316e-02  1.000000e+00
-1.146545e-01 -2.810993e-03  6.280540e-02  1.000000e+00
-1.354732e-01 -3.527355e-02  5.962642e-02  1.000000e+00
-1.121108e-01  2.069904e-01  1.456658e-02  1.000000e+00
-1.078800e-01  1.951928e-01  1.404540e-02  1.000000e+00
-1.022089e-01  1.606420e-01  1.437062e-02  1.000000e+00
-1.015388e-01  1.549140e-01  1.427470e-02  1.000000e+00
-1.005331e-01  1.490204e-01  1.398653e-02  1.000000e+00
-1.012168e-01  1.442323e-01  1.447457e-02  1.000000e+00
-1.003888e-01  1.230867e-01  1.462735e-02  1.000000e+00
-9.990618e-02  1.087646e-01  2.100514e-02  1.000000e+00
-1.007638e-01  1.032758e-01  2.443937e-02  1.000000e+00
-1.022671e-01  6.070879e-02  4.887695e-02  1.000000e+00
-1.020165e-01  5.645384e-02  5.097377e-02  1.000000e+00
-1.077123e-01  2.669818e-02  6.001347e-02  1.000000e+00
-1.128575e-01  8.116386e-03  6.378448e-02  1.000000e+00
-1.160715e-01  3.838906e-03  6.437962e-02  1.000000e+00
-1.286693e-01 -2.086728e-02  6.331840e-02  1.000000e+00
-1.376857e-01 -3.260077e-02  6.263734e-02  1.000000e+00
-1.150731e-01  2.140898e-01  1.605968e-02  1.000000e+00
-1.095525e-01  1.964311e-01  1.541582e-02  1.000000e+00
-1.067175e-01  1.844497e-01  1.501490e-02  1.000000e+00
-1.050858e-01  1.727797e-01  1.503966e-02  1.000000e+00
-1.035610e-01  1.563714e-01  1.523015e-02  1.000000e+00
-1.033190e-01  1.302873e-01  1.632521e-02  1.000000e+00
-1.023255e-01  1.209937e-01  1.955737e-02  1.000000e+00
-1.026235e-01  1.103740e-01  2.320456e-02  1.000000e+00
-1.026724e-01  1.066037e-01  2.672900e-02  1.000000e+00
-1.039489e-01  8.272859e-02  4.062695e-02  1.000000e+00
-1.042722e-01  7.816592e-02  4.297478e-02  1.000000e+00
-1.038238e-01  7.343020e-02  4.491929e-02  1.000000e+00
-1.048477e-01  6.286976e-02  5.086187e-02  1.000000e+00
-1.121559e-01  1.904556e-02  6.442738e-02  1.000000e+00
-1.132425e-01  1.449731e-02  6.577282e-02  1.000000e+00
-1.306047e-01 -1.917268e-02  6.576353e-02  1.000000e+00
-1.096410e-01  1.855386e-01  1.627134e-02  1.000000e+00
-1.074746e-01  1.486008e-01  1.823397e-02  1.000000e+00
-1.056000e-01  1.325895e-01  1.828207e-02  1.000000e+00
-1.053897e-01  1.281913e-01  1.879440e-02  1.000000e+00
-1.049194e-01  1.229922e-01  2.216642e-02  1.000000e+00
-1.060786e-01  9.022963e-02  3.972756e-02  1.000000e+00
-1.064519e-01  8.071516e-02  4.548403e-02  1.000000e+00
-1.068585e-01  7.551905e-02  4.653142e-02  1.000000e+00
-1.074919e-01  6.088223e-02  5.684052e-02  1.000000e+00
-1.097200e-01  5.563883e-02  5.610353e-02  1.000000e+00
-1.117624e-01  5.158906e-02  5.817812e-02  1.000000e+00
-1.121929e-01  4.169896e-02  6.172670e-02  1.000000e+00
-1.111633e-01  1.762352e-01  1.821108e-02  1.000000e+00
-1.088408e-01  1.656550e-01  1.856063e-02  1.000000e+00
-1.085498e-01  9.243233e-02  4.234513e-02  1.000000e+00
-1.125129e-01  1.112376e-01  3.252307e-02  1.000000e+00
-1.116254e-01  9.978020e-02  4.243079e-02  1.000000e+00
-1.120371e-01  8.498661e-02  4.950690e-02  1.000000e+00
-1.123853e-01  7.990122e-02  5.051576e-02  1.000000e+00
-1.126720e-01  7.465083e-02  5.516428e-02  1.000000e+00
-1.169262e-01  5.583231e-02  6.219009e-02  1.000000e+00
-1.162092e-01  1.905706e-01  2.057608e-02  1.000000e+00
-1.135889e-01  1.696935e-01  2.103771e-02  1.000000e+00
-1.132055e-01  1.448108e-01  2.387065e-02  1.000000e+00
-1.128745e-01  1.400985e-01  2.479013e-02  1.000000e+00
-1.142276e-01  1.181943e-01  3.171333e-02  1.000000e+00
-1.173525e-01  1.631674e-01  2.617565e-02  1.000000e+00
-1.161852e-01  1.521177e-01  2.565947e-02  1.000000e+00
-1.181090e-01  1.152527e-01  3.630160e-02  1.000000e+00
 2.601796e-01 -4.323214e-02  9.827916e-03  2.000000e+00
 2.630197e-01 -4.438041e-02  1.889315e-02  2.000000e+00
 2.243913e-01 -3.296774e-02 -3.116928e-02  2.000000e+00
 2.445878e-01 -3.992497e-02  9.887544e-04  2.000000e+00
 2.473533e-01 -4.072219e-02  5.007652e-03  2.000000e+00
 2.601519e-01 -4.397332e-02  1.998714e-02  2.000000e+00
 2.869815e-01 -4.975448e-02  4.127023e-02  2.000000e+00
 3.095639e-01 -5.409760e-02  5.120282e-02  2.000000e+00
 3.378923e-01 -5.959596e-02  6.516453e-02  2.000000e+00
 2.166077e-01 -2.416644e-02 -4.482559e-02  2.000000e+00
 2.268065e-01 -3.509738e-02 -1.404919e-02  2.000000e+00
 2.357413e-01 -3.734639e-02 -5.079949e-03  2.000000e+00
 2.766843e-01 -4.782475e-02  3.755496e-02  2.000000e+00
 2.934010e-01 -5.104062e-02  4.526314e-02  2.000000e+00
 3.082875e-01 -5.390420e-02  5.145871e-02  2.000000e+00
 3.387718e-01 -5.985563e-02  7.005355e-02  2.000000e+00
 2.111704e-01 -2.308134e-02 -4.720504e-02  2.000000e+00
 2.130415e-01 -2.400676e-02 -4.288944e-02  2.000000e+00
 2.168434e-01 -3.220107e-02 -2.602429e-02  2.000000e+00
 2.248168e-01 -3.521561e-02 -8.819587e-03  2.000000e+00
 2.318257e-01 -3.679712e-02 -3.752012e-03  2.000000e+00
 2.408756e-01 -3.978383e-02  7.050855e-03  2.000000e+00
 2.432853e-01 -4.052808e-02  1.143349e-02  2.000000e+00
 2.784993e-01 -4.823490e-02  4.005989e-02  2.000000e+00
 3.275818e-01 -5.777631e-02  6.606051e-02  2.000000e+00
 2.113544e-01 -2.617988e-02 -3.664496e-02  2.000000e+00
 2.132617e-01 -3.176979e-02 -2.416295e-02  2.000000e+00
 2.171502e-01 -3.341424e-02 -1.507267e-02  2.000000e+00
 2.288803e-01 -3.641475e-02 -2.437368e-03  2.000000e+00
 2.341202e-01 -3.853950e-02  5.536839e-03  2.000000e+00
 2.670887e-01 -4.609303e-02  3.649796e-02  2.000000e+00
 2.803987e-01 -4.864182e-02  4.205657e-02  2.000000e+00
 3.308637e-01 -5.838434e-02  6.792973e-02  2.000000e+00
 3.462893e-01 -6.128894e-02  7.380648e-02  2.000000e+00
 2.079166e-01 -3.068821e-02 -2.632456e-02  2.000000e+00
 2.154892e-01 -3.358677e-02 -9.959876e-03  2.000000e+00
 2.368932e-01 -3.951695e-02  1.238253e-02  2.000000e+00
 2.606559e-01 -4.489069e-02  3.474110e-02  2.000000e+00
 2.690602e-01 -4.651921e-02  3.830940e-02  2.000000e+00
 2.739925e-01 -4.746225e-02  4.022896e-02  2.000000e+00
 2.883891e-01 -5.019067e-02  4.575349e-02  2.000000e+00
 2.937787e-01 -5.122578e-02  4.787398e-02  2.000000e+00
 3.195984e-01 -5.627309e-02  6.398131e-02  2.000000e+00
 1.969720e-01 -1.339730e-02 -5.790288e-02  2.000000e+00
 2.000465e-01 -2.200133e-02 -4.091539e-02  2.000000e+00
 2.120408e-01 -3.316873e-02 -8.152678e-03  2.000000e+00
 2.219880e-01 -3.619395e-02  1.203554e-03  2.000000e+00
 2.304220e-01 -3.838833e-02  1.150549e-02  2.000000e+00
 2.725053e-01 -4.721052e-02  4.027325e-02  2.000000e+00
 3.033765e-01 -5.325187e-02  5.810430e-02  2.000000e+00
 3.244380e-01 -5.720111e-02  6.618391e-02  2.000000e+00
 3.478317e-01 -6.158918e-02  7.723521e-02  2.000000e+00
 2.047195e-01 -3.137766e-02 -1.504865e-02  2.000000e+00
 2.129471e-01 -3.365209e-02 -4.135881e-03  2.000000e+00
 2.182068e-01 -3.575908e-02  3.672299e-03  2.000000e+00
 2.512352e-01 -4.317774e-02  3.250229e-02  2.000000e+00
 2.611387e-01 -4.507342e-02  3.643238e-02  2.000000e+00
 2.706448e-01 -4.688745e-02  4.015478e-02  2.000000e+00
 3.197483e-01 -5.634862e-02  6.467357e-02  2.000000e+00
 1.929313e-01 -2.140544e-02 -3.809492e-02  2.000000e+00
 1.970814e-01 -2.926048e-02 -2.252164e-02  2.000000e+00
 2.009359e-01 -3.100193e-02 -1.216990e-02  2.000000e+00
 2.152987e-01 -3.539352e-02  5.091304e-03  2.000000e+00
 2.186092e-01 -3.617936e-02  8.083583e-03  2.000000e+00
 2.302231e-01 -3.872807e-02  1.667489e-02  2.000000e+00
 2.644084e-01 -4.572541e-02  3.807278e-02  2.000000e+00
 2.809521e-01 -4.905511e-02  4.987802e-02  2.000000e+00
 3.207758e-01 -5.654348e-02  6.851963e-02  2.000000e+00
 1.824928e-01 -3.044643e-03 -6.730370e-02  2.000000e+00
 1.827891e-01 -7.011315e-03 -6.201143e-02  2.000000e+00
 1.993734e-01 -3.117673e-02 -6.966936e-03  2.000000e+00
 2.148417e-01 -3.575893e-02  1.071005e-02  2.000000e+00
 2.479439e-01 -4.262063e-02  3.203041e-02  2.000000e+00
 2.832529e-01 -4.954302e-02  5.361121e-02  2.000000e+00
 3.232319e-01 -5.696275e-02  7.017772e-02  2.000000e+00
 3.331914e-01 -5.881078e-02  7.398873e-02  2.000000e+00
 1.802007e-01 -1.123261e-02 -5.441015e-02  2.000000e+00
 1.851772e-01 -1.736134e-02 -4.083530e-02  2.000000e+00
 1.854900e-01 -2.131271e-02 -3.506208e-02  2.000000e+00
 1.855199e-01 -2.490312e-02 -2.907462e-02  2.000000e+00
 1.936312e-01 -3.006302e-02 -8.896356e-03  2.000000e+00
 2.024305e-01 -3.299245e-02  1.711005e-03  2.000000e+00
 2.061855e-01 -3.384179e-02  4.541837e-03  2.000000e+00
 2.208846e-01 -3.722365e-02  1.731405e-02  2.000000e+00
 2.274602e-01 -3.868464e-02  2.324226e-02  2.000000e+00
 2.313960e-01 -3.947423e-02  2.558987e-02  2.000000e+00
 2.912267e-01 -5.101594e-02  5.797139e-02  2.000000e+00
 3.120493e-01 -5.487619e-02  6.606397e-02  2.000000e+00
 3.169842e-01 -5.578372e-02  6.802280e-02  2.000000e+00
 1.729893e-01  7.221158e-03 -7.768019e-02  2.000000e+00
 1.743804e-01  3.186180e-04 -6.770069e-02  2.000000e+00
 1.758778e-01 -8.404903e-03 -5.767466e-02  2.000000e+00
 1.794214e-01 -1.595044e-02 -4.301604e-02  2.000000e+00
 1.815352e-01 -1.706446e-02 -3.867908e-02  2.000000e+00
 1.822228e-01 -2.487931e-02 -2.654293e-02  2.000000e+00
 1.956901e-01 -3.174029e-02 -2.891088e-05  2.000000e+00
 1.996346e-01 -3.260514e-02  2.728849e-03  2.000000e+00
 2.094495e-01 -3.507406e-02  1.364109e-02  2.000000e+00
 2.173972e-01 -3.678465e-02  1.940912e-02  2.000000e+00
 2.209158e-01 -3.749751e-02  2.163410e-02  2.000000e+00
 2.605910e-01 -4.531180e-02  4.654267e-02  2.000000e+00
 2.704400e-01 -4.715575e-02  5.030050e-02  2.000000e+00
 2.799757e-01 -4.891020e-02  5.403511e-02  2.000000e+00
 3.008285e-01 -5.278475e-02  6.207014e-02  2.000000e+00
 3.060372e-01 -5.375103e-02  6.407872e-02  2.000000e+00
 1.686102e-01  1.223475e-02 -8.118526e-02  2.000000e+00
 1.705890e-01  5.752872e-04 -6.621855e-02  2.000000e+00
 1.725073e-01 -6.294739e-04 -6.159399e-02  2.000000e+00
 1.728109e-01 -1.070078e-02 -4.999045e-02  2.000000e+00
 1.807945e-01 -2.682450e-02 -1.965641e-02  2.000000e+00
 1.841739e-01 -2.843741e-02 -9.892095e-03  2.000000e+00
 1.866789e-01 -2.919951e-02 -5.840397e-03  2.000000e+00
 1.929867e-01 -3.140239e-02  1.376249e-03  2.000000e+00
 1.966868e-01 -3.229314e-02  4.627979e-03  2.000000e+00
 1.989508e-01 -3.300202e-02  8.979241e-03  2.000000e+00
 2.027662e-01 -3.384409e-02  1.191653e-02  2.000000e+00
 2.143328e-01 -3.629185e-02  1.992837e-02  2.000000e+00
 2.182454e-01 -3.707655e-02  2.224352e-02  2.000000e+00
 2.469528e-01 -4.275269e-02  4.081287e-02  2.000000e+00
 2.496388e-01 -4.327895e-02  4.224684e-02  2.000000e+00
 2.638663e-01 -4.592201e-02  4.794362e-02  2.000000e+00
 3.063621e-01 -5.380896e-02  6.481105e-02  2.000000e+00
 3.272004e-01 -5.766925e-02  7.229640e-02  2.000000e+00
 1.639716e-01  1.651933e-02 -8.402506e-02  2.000000e+00
 1.691455e-01 -1.038427e-02 -4.829623e-02  2.000000e+00
 1.718331e-01 -1.110840e-02 -4.539487e-02  2.000000e+00
 1.719919e-01 -1.557558e-02 -3.942870e-02  2.000000e+00
 1.749546e-01 -2.408309e-02 -2.258439e-02  2.000000e+00
 1.787347e-01 -2.726233e-02 -1.291682e-02  2.000000e+00
 1.808024e-01 -2.802111e-02 -8.296599e-03  2.000000e+00
 1.861823e-01 -3.012297e-02 -4.984777e-04  2.000000e+00
 2.079150e-01 -3.510256e-02  1.825827e-02  2.000000e+00
 2.116138e-01 -3.588806e-02  2.109878e-02  2.000000e+00
 2.168978e-01 -3.687485e-02  2.295167e-02  2.000000e+00
 2.221360e-01 -3.783942e-02  2.467671e-02  2.000000e+00
 2.430085e-01 -4.202288e-02  4.003434e-02  2.000000e+00
 2.729320e-01 -4.757505e-02  5.146908e-02  2.000000e+00
 3.494398e-01 -6.165498e-02  8.160024e-02  2.000000e+00
 1.684936e-01 -1.531016e-02 -3.706083e-02  2.000000e+00
 1.706980e-01 -1.708215e-02 -3.273381e-02  2.000000e+00
 1.710297e-01 -2.070163e-02 -2.701793e-02  2.000000e+00
 1.770322e-01 -2.757616e-02 -6.227283e-03  2.000000e+00
 1.804875e-01 -2.838838e-02 -3.192558e-03  2.000000e+00
 1.893981e-01 -3.130985e-02  7.799067e-03  2.000000e+00
 1.932500e-01 -3.215052e-02  1.062207e-02  2.000000e+00
 1.964599e-01 -3.292514e-02  1.409335e-02  2.000000e+00
 2.237185e-01 -3.831306e-02  2.880518e-02  2.000000e+00
 2.507762e-01 -4.347720e-02  4.314676e-02  2.000000e+00
 3.214119e-01 -5.652500e-02  7.096896e-02  2.000000e+00
 1.545937e-01  2.270487e-02 -9.515811e-02  2.000000e+00
 1.618989e-01 -9.755032e-03 -4.516584e-02  2.000000e+00
 1.646576e-01 -1.492128e-02 -3.556352e-02  2.000000e+00
 1.678838e-01 -2.479332e-02 -1.852430e-02  2.000000e+00
 1.696098e-01 -2.573648e-02 -1.315799e-02  2.000000e+00
 1.712272e-01 -2.644612e-02 -8.259130e-03  2.000000e+00
 1.837214e-01 -3.016636e-02  5.264903e-03  2.000000e+00
 1.897703e-01 -3.170001e-02  1.250917e-02  2.000000e+00
 1.982284e-01 -3.341888e-02  1.756421e-02  2.000000e+00
 2.170894e-01 -3.707816e-02  2.693906e-02  2.000000e+00
 2.347146e-01 -4.050787e-02  3.692964e-02  2.000000e+00
 2.502342e-01 -4.335864e-02  4.285448e-02  2.000000e+00
 2.554208e-01 -4.431507e-02  4.483282e-02  2.000000e+00
 2.605811e-01 -4.525883e-02  4.674812e-02  2.000000e+00
 2.813306e-01 -4.908465e-02  5.523215e-02  2.000000e+00
 2.865048e-01 -5.003593e-02  5.720476e-02  2.000000e+00
 3.171155e-01 -5.562308e-02  6.922040e-02  2.000000e+00
 1.515590e-01  2.169985e-02 -8.718857e-02  2.000000e+00
 1.524839e-01  2.055503e-02 -8.231465e-02  2.000000e+00
 1.535891e-01  1.735537e-02 -7.737611e-02  2.000000e+00
 1.550586e-01  8.986962e-03 -6.838092e-02  2.000000e+00
 1.558665e-01  1.270487e-03 -5.801154e-02  2.000000e+00
 1.632680e-01 -1.636746e-02 -2.884858e-02  2.000000e+00
 1.636579e-01 -1.994825e-02 -2.295117e-02  2.000000e+00
 1.710867e-01 -2.680102e-02 -3.687608e-03  2.000000e+00
 1.734199e-01 -2.808383e-02  5.381306e-04  2.000000e+00
 1.799115e-01 -2.973448e-02  7.770005e-03  2.000000e+00
 1.916395e-01 -3.222441e-02  1.605125e-02  2.000000e+00
 2.021635e-01 -3.418793e-02  1.995735e-02  2.000000e+00
 2.061727e-01 -3.500848e-02  2.264950e-02  2.000000e+00
 2.234964e-01 -3.841506e-02  3.297426e-02  2.000000e+00
 2.390533e-01 -4.128048e-02  3.880862e-02  2.000000e+00
 2.652326e-01 -4.609535e-02  4.889060e-02  2.000000e+00
 1.486653e-01  2.059959e-02 -8.046788e-02  2.000000e+00
 1.527898e-01 -2.060153e-03 -5.124318e-02  2.000000e+00
 1.535407e-01 -5.646537e-03 -4.670701e-02  2.000000e+00
 1.543387e-01 -9.099487e-03 -4.183763e-02  2.000000e+00
 1.604374e-01 -2.410684e-02 -1.429445e-02  2.000000e+00
 1.642972e-01 -2.554350e-02 -5.420699e-03  2.000000e+00
 1.695600e-01 -2.764554e-02  2.762426e-03  2.000000e+00
 1.745965e-01 -2.859289e-02  4.578119e-03  2.000000e+00
 1.762856e-01 -2.916704e-02  8.446382e-03  2.000000e+00
 2.393665e-01 -4.129423e-02  3.881158e-02  2.000000e+00
 2.445364e-01 -4.225021e-02  4.076013e-02  2.000000e+00
 2.539658e-01 -4.398007e-02  4.485040e-02  2.000000e+00
 2.642956e-01 -4.587570e-02  4.884705e-02  2.000000e+00
 2.742121e-01 -4.769940e-02  5.261819e-02  2.000000e+00
 2.948224e-01 -5.146607e-02  6.037938e-02  2.000000e+00
 3.304961e-01 -5.796313e-02  7.412814e-02  2.000000e+00
 1.439086e-01  2.183712e-02 -8.372027e-02  2.000000e+00
 1.467262e-01  1.373190e-02 -7.056413e-02  2.000000e+00
 1.517106e-01 -1.323153e-02 -3.345828e-02  2.000000e+00
 1.562180e-01 -1.516714e-02 -2.529741e-02  2.000000e+00
 1.567487e-01 -2.367343e-02 -1.239725e-02  2.000000e+00
 1.584167e-01 -2.436562e-02 -7.885529e-03  2.000000e+00
 1.637720e-01 -2.644379e-02  1.173045e-04  2.000000e+00
 1.734927e-01 -2.878299e-02  9.715023e-03  2.000000e+00
 1.782287e-01 -2.971077e-02  1.202523e-02  2.000000e+00
 1.964587e-01 -3.332828e-02  2.268257e-02  2.000000e+00
 2.009445e-01 -3.417463e-02  2.464357e-02  2.000000e+00
 2.057297e-01 -3.506938e-02  2.670964e-02  2.000000e+00
 2.333438e-01 -4.015229e-02  3.712619e-02  2.000000e+00
 2.377767e-01 -4.097382e-02  3.898253e-02  2.000000e+00
 2.580094e-01 -4.468271e-02  4.669262e-02  2.000000e+00
 2.734314e-01 -4.749355e-02  5.256288e-02  2.000000e+00
 2.889569e-01 -5.034421e-02  5.824503e-02  2.000000e+00
 2.992097e-01 -5.220327e-02  6.201511e-02  2.000000e+00
 1.398542e-01  2.481980e-02 -9.215913e-02  2.000000e+00
 1.424487e-01  1.788803e-02 -7.218087e-02  2.000000e+00
 1.458668e-01 -2.171360e-03 -4.744359e-02  2.000000e+00
 1.480389e-01 -1.290891e-02 -3.138260e-02  2.000000e+00
 1.530877e-01 -1.545520e-02 -2.361164e-02  2.000000e+00
 1.532757e-01 -2.257694e-02 -1.693473e-02  2.000000e+00
 1.529864e-01 -2.325516e-02 -1.018838e-02  2.000000e+00
 1.547167e-01 -2.396641e-02 -5.532336e-03  2.000000e+00
 1.599716e-01 -2.598174e-02  2.003497e-03  2.000000e+00
 1.669486e-01 -2.761172e-02  8.449804e-03  2.000000e+00
 1.716601e-01 -2.852548e-02  1.066601e-02  2.000000e+00
 1.945007e-01 -3.297497e-02  2.286970e-02  2.000000e+00
 1.992944e-01 -3.386187e-02  2.476897e-02  2.000000e+00
 2.467052e-01 -4.255245e-02  4.261802e-02  2.000000e+00
 2.516324e-01 -4.345441e-02  4.453433e-02  2.000000e+00
 2.737794e-01 -4.751835e-02  5.237490e-02  2.000000e+00
 2.789202e-01 -4.845522e-02  5.431888e-02  2.000000e+00
 3.097394e-01 -5.408821e-02  6.572194e-02  2.000000e+00
 3.147164e-01 -5.499243e-02  6.763129e-02  2.000000e+00
 1.362074e-01  3.174709e-02 -9.574178e-02  2.000000e+00
 1.387656e-01  1.789511e-02 -6.978135e-02  2.000000e+00
 1.406593e-01  7.857276e-03 -6.037067e-02  2.000000e+00
 1.412738e-01  6.726794e-03 -5.520473e-02  2.000000e+00
 1.421522e-01  3.359286e-03 -5.070329e-02  2.000000e+00
 1.427796e-01 -5.441588e-03 -4.036862e-02  2.000000e+00
 1.443322e-01 -1.258353e-02 -2.935795e-02  2.000000e+00
 1.463746e-01 -1.370530e-02 -2.538334e-02  2.000000e+00
 1.494659e-01 -2.227503e-02 -1.426206e-02  2.000000e+00
 1.508660e-01 -2.347130e-02 -3.954347e-03  2.000000e+00
 1.541981e-01 -2.478742e-02 -5.864038e-04  2.000000e+00
 1.571442e-01 -2.557892e-02  3.056253e-03  2.000000e+00
 1.602782e-01 -2.636905e-02  6.561769e-03  2.000000e+00
 1.832627e-01 -3.085667e-02  1.855104e-02  2.000000e+00
 1.880741e-01 -3.175665e-02  2.056732e-02  2.000000e+00
 2.199496e-01 -3.758265e-02  3.239380e-02  2.000000e+00
 2.354548e-01 -4.043521e-02  3.838893e-02  2.000000e+00
 2.508906e-01 -4.325144e-02  4.413996e-02  2.000000e+00
 2.940435e-01 -5.116237e-02  5.985574e-02  2.000000e+00
 3.084191e-01 -5.375578e-02  6.530878e-02  2.000000e+00
 1.338357e-01  2.095131e-02 -7.289636e-02  2.000000e+00
 1.350075e-01  1.794002e-02 -6.794540e-02  2.000000e+00
 1.375444e-01  6.874194e-03 -5.333410e-02  2.000000e+00
 1.386122e-01  3.813928e-03 -4.898791e-02  2.000000e+00
 1.384546e-01 -1.675337e-03 -4.390903e-02  2.000000e+00
 1.390367e-01 -5.175202e-03 -3.833959e-02  2.000000e+00
 1.405314e-01 -1.220008e-02 -2.768446e-02  2.000000e+00
 1.460589e-01 -2.189817e-02 -1.229448e-02  2.000000e+00
 1.505868e-01 -2.443410e-02  2.226359e-03  2.000000e+00
 1.537317e-01 -2.522617e-02  5.670478e-03  2.000000e+00
 1.577290e-01 -2.605311e-02  8.226998e-03  2.000000e+00
 1.670381e-01 -2.782655e-02  1.254230e-02  2.000000e+00
 1.939859e-01 -3.273640e-02  2.209598e-02  2.000000e+00
 2.037015e-01 -3.452524e-02  2.592191e-02  2.000000e+00
 2.307692e-01 -3.950825e-02  3.612681e-02  2.000000e+00
 2.665798e-01 -4.605221e-02  4.977579e-02  2.000000e+00
 2.871359e-01 -4.979502e-02  5.745074e-02  2.000000e+00
 1.298925e-01  2.105516e-02 -7.148739e-02  2.000000e+00
 1.338263e-01  7.015352e-03 -5.141044e-02  2.000000e+00
 1.364005e-01 -1.185033e-02 -2.747860e-02  2.000000e+00
 1.419211e-01 -2.197317e-02 -3.966343e-03  2.000000e+00
 1.557091e-01 -2.569450e-02  8.552210e-03  2.000000e+00
 1.606388e-01 -2.659586e-02  1.040290e-02  2.000000e+00
 1.652326e-01 -2.745333e-02  1.236086e-02  2.000000e+00
 1.702199e-01 -2.838605e-02  1.446392e-02  2.000000e+00
 2.095016e-01 -3.550400e-02  2.761686e-02  2.000000e+00
 2.301957e-01 -3.931556e-02  3.562834e-02  2.000000e+00
 2.677240e-01 -4.619991e-02  4.969486e-02  2.000000e+00
 2.822318e-01 -4.883535e-02  5.530744e-02  2.000000e+00
 2.976751e-01 -5.165351e-02  6.102315e-02  2.000000e+00
 3.078132e-01 -5.349414e-02  6.483447e-02  2.000000e+00
 1.254084e-01  2.261875e-02 -7.518424e-02  2.000000e+00
 1.295169e-01  8.611800e-03 -5.533389e-02  2.000000e+00
 1.298318e-01  7.285645e-03 -5.028121e-02  2.000000e+00
 1.308892e-01  4.304174e-03 -4.591944e-02  2.000000e+00
 1.325153e-01 -1.156049e-02 -2.615896e-02  2.000000e+00
 1.382067e-01 -2.153476e-02 -2.100343e-03  2.000000e+00
 1.444205e-01 -2.357882e-02  4.700505e-03  2.000000e+00
 1.539702e-01 -2.535439e-02  8.597840e-03  2.000000e+00
 1.591273e-01 -2.629526e-02  1.047345e-02  2.000000e+00
 1.642301e-01 -2.721415e-02  1.226427e-02  2.000000e+00
 2.106608e-01 -3.560883e-02  2.725185e-02  2.000000e+00
 2.880958e-01 -4.984452e-02  5.706259e-02  2.000000e+00
 1.221872e-01  2.301294e-02 -7.241748e-02  2.000000e+00
 1.227771e-01  2.153074e-02 -6.719095e-02  2.000000e+00
 1.237270e-01  1.806829e-02 -6.218208e-02  2.000000e+00
 1.259112e-01  1.446999e-02 -5.929875e-02  2.000000e+00
 1.276972e-01 -3.928033e-03 -3.371938e-02  2.000000e+00
 1.377392e-01 -2.233455e-02  2.839659e-03  2.000000e+00
 1.428619e-01 -2.325782e-02  4.648336e-03  2.000000e+00
 1.187230e-01  5.298674e-02 -1.031601e-01  2.000000e+00
 1.203970e-01  4.206271e-02 -9.044422e-02  2.000000e+00
 1.202418e-01  2.764556e-02 -8.101283e-02  2.000000e+00
 1.195720e-01  2.634427e-02 -7.512085e-02  2.000000e+00
 1.200954e-01  1.804333e-02 -5.972607e-02  2.000000e+00
 1.228458e-01  8.018619e-03 -4.556058e-02  2.000000e+00
 1.236720e-01  4.709691e-03 -4.096908e-02  2.000000e+00
 1.252973e-01 -8.219073e-03 -2.580824e-02  2.000000e+00
 1.276387e-01 -1.861988e-02 -8.207235e-03  2.000000e+00
 1.159612e-01  4.990650e-02 -9.699474e-02  2.000000e+00
 1.167987e-01  4.184056e-02 -8.838891e-02  2.000000e+00
 1.157883e-01  2.448146e-02 -6.795152e-02  2.000000e+00
 1.153196e-01  2.150256e-02 -6.305937e-02  2.000000e+00
 1.191104e-01  8.145195e-03 -4.333906e-02  2.000000e+00
 1.206145e-01 -3.567051e-03 -2.850776e-02  2.000000e+00
 1.222294e-01 -1.093091e-02 -1.745687e-02  2.000000e+00
 1.237305e-01 -1.815678e-02 -6.688841e-03  2.000000e+00
 1.252359e-01 -1.940810e-02 -1.779968e-03  2.000000e+00
 1.535909e-01 -2.484050e-02  6.416533e-03  2.000000e+00
 1.130307e-01  2.668355e-02 -7.247628e-02  2.000000e+00
 1.124201e-01  2.563427e-02 -6.673879e-02  2.000000e+00
 1.153924e-01  8.269065e-03 -4.117096e-02  2.000000e+00
 1.162725e-01  5.010949e-03 -3.668254e-02  2.000000e+00
 1.185281e-01 -1.094416e-02 -1.599870e-02  2.000000e+00
 1.200024e-01 -1.772954e-02 -4.692356e-03  2.000000e+00
 1.213956e-01 -1.931884e-02 -6.959181e-04  2.000000e+00
 1.072787e-01  5.482450e-02 -1.019645e-01  2.000000e+00
 1.088841e-01  4.811421e-02 -9.029796e-02  2.000000e+00
 1.086549e-01  2.303904e-02 -5.843404e-02  2.000000e+00
 1.086095e-01  1.821522e-02 -5.292933e-02  2.000000e+00
 1.161202e-01 -1.717617e-02 -3.898342e-03  2.000000e+00
 1.043484e-01  5.105028e-02 -9.284443e-02  2.000000e+00
 1.053679e-01  2.412030e-02 -5.658545e-02  2.000000e+00
 1.056687e-01  1.471186e-02 -4.651264e-02  2.000000e+00
 1.101696e-01 -6.954199e-03 -1.925354e-02  2.000000e+00
 1.121876e-01 -1.661834e-02 -3.195113e-03  2.000000e+00
 1.002029e-01  6.120975e-02 -1.083366e-01  2.000000e+00
 9.989197e-02  5.254576e-02 -9.560155e-02  2.000000e+00
 1.001597e-01  5.089198e-02 -9.077247e-02  2.000000e+00
 1.016734e-01  4.979514e-02 -8.610768e-02  2.000000e+00
 1.024004e-01  3.835022e-02 -7.783968e-02  2.000000e+00
 1.019699e-01  2.452457e-02 -5.449095e-02  2.000000e+00
 1.019939e-01  1.979977e-02 -4.992242e-02  2.000000e+00
 1.035273e-01  9.017627e-03 -3.744777e-02  2.000000e+00
 1.057002e-01  2.102284e-03 -2.789741e-02  2.000000e+00
 1.064544e-01 -6.649143e-03 -1.906762e-02  2.000000e+00
 1.078589e-01 -1.370915e-02 -6.998577e-03  2.000000e+00
 1.081806e-01 -1.645661e-02 -2.468217e-03  2.000000e+00
 1.089934e-01 -1.805573e-02 -5.330928e-05  2.000000e+00
 1.097878e-01 -1.813619e-02  6.407185e-04  2.000000e+00
 9.955744e-02  4.627184e-02 -8.132758e-02  2.000000e+00
 9.898781e-02  2.845045e-02 -5.838977e-02  2.000000e+00
 9.863920e-02  2.152237e-02 -4.955253e-02  2.000000e+00
 9.792611e-02  1.555967e-02 -4.472520e-02  2.000000e+00
 1.027448e-01 -1.232441e-03 -2.231010e-02  2.000000e+00
 1.035546e-01 -5.871506e-03 -1.729131e-02  2.000000e+00
 1.034739e-01 -1.117780e-02 -1.099720e-02  2.000000e+00
 9.676754e-02  4.887193e-02 -8.008355e-02  2.000000e+00
 9.617752e-02  3.046639e-02 -5.700456e-02  2.000000e+00
 9.468256e-02  2.620831e-02 -5.280216e-02  2.000000e+00
 9.459822e-02  2.164874e-02 -4.818581e-02  2.000000e+00
 9.444061e-02  1.277887e-02 -3.872482e-02  2.000000e+00
 9.671507e-02  5.740664e-03 -2.916903e-02  2.000000e+00
 9.958003e-02 -1.062001e-02 -9.940337e-03  2.000000e+00
 9.977058e-02 -1.264655e-02 -5.358668e-03  2.000000e+00
 1.007327e-01 -1.649417e-02  8.766032e-04  2.000000e+00
 8.913839e-02  5.424779e-02 -8.930524e-02  2.000000e+00
 9.191402e-02  3.456572e-02 -6.009816e-02  2.000000e+00
 9.071150e-02  2.228104e-02 -4.714758e-02  2.000000e+00
 9.536834e-02  4.339966e-03 -2.369311e-02  2.000000e+00
 9.542327e-02 -1.712217e-03 -1.898881e-02  2.000000e+00
 9.678370e-02 -1.607708e-02  1.090163e-03  2.000000e+00
 8.490465e-02  4.921348e-02 -8.048072e-02  2.000000e+00
 8.835121e-02  3.151571e-02 -5.498258e-02  2.000000e+00
 8.745770e-02  1.361138e-02 -3.445114e-02  2.000000e+00
 8.919105e-02  6.139779e-03 -2.557518e-02  2.000000e+00
 8.129590e-02  5.314061e-02 -8.301117e-02  2.000000e+00
 8.428461e-02  3.580206e-02 -5.843291e-02  2.000000e+00
 8.427929e-02  3.181721e-02 -5.392962e-02  2.000000e+00
 8.399047e-02  1.380873e-02 -3.261540e-02  2.000000e+00
 8.462868e-02  9.514191e-03 -2.830874e-02  2.000000e+00
 8.550516e-02  5.934426e-03 -2.392876e-02  2.000000e+00
 8.800772e-02  4.319393e-03 -2.134615e-02  2.000000e+00
 7.866626e-02  5.771691e-02 -8.590507e-02  2.000000e+00
 7.757229e-02  5.397402e-02 -8.247606e-02  2.000000e+00
 7.702059e-02  5.056794e-02 -7.779957e-02  2.000000e+00
 8.089700e-02  3.660518e-02 -5.778037e-02  2.000000e+00
 8.102783e-02  3.002493e-02 -4.607449e-02  2.000000e+00
 8.075747e-02  2.009983e-02 -3.574017e-02  2.000000e+00
 8.163430e-02  5.839209e-03 -2.297357e-02  2.000000e+00
 8.347822e-02 -1.396653e-02 -2.516858e-04  2.000000e+00
 7.445283e-02  4.702466e-02 -6.774375e-02  2.000000e+00
 7.493469e-02  3.912118e-02 -5.793722e-02  2.000000e+00
 7.757221e-02  2.084696e-02 -3.419541e-02  2.000000e+00
 7.725233e-02  1.058080e-02 -2.535210e-02  2.000000e+00
 7.765925e-02  5.616056e-03 -2.215356e-02  2.000000e+00
 7.959915e-02 -7.044333e-03 -7.057024e-03  2.000000e+00
 7.905789e-02 -9.965878e-03 -4.074470e-03  2.000000e+00
 7.248532e-02  5.684264e-02 -7.527611e-02  2.000000e+00
 7.188445e-02  5.272619e-02 -7.019986e-02  2.000000e+00
 7.163049e-02  4.778931e-02 -6.566324e-02  2.000000e+00
 7.108713e-02  3.971349e-02 -5.738697e-02  2.000000e+00
 7.381274e-02  3.042985e-02 -4.232163e-02  2.000000e+00
 7.406585e-02  1.639775e-02 -2.821783e-02  2.000000e+00
 7.372115e-02  1.118352e-02 -2.465041e-02  2.000000e+00
 7.034353e-02  5.984453e-02 -7.847668e-02  2.000000e+00
 6.879703e-02  4.946536e-02 -6.415687e-02  2.000000e+00
 6.824540e-02  4.017759e-02 -5.445176e-02  2.000000e+00
 7.063064e-02  1.768431e-02 -2.704654e-02  2.000000e+00
 6.958265e-02  6.040099e-03 -2.199431e-02  2.000000e+00
 7.162052e-02 -5.066691e-03 -6.542216e-03  2.000000e+00
 6.423601e-02  4.053836e-02 -5.495726e-02  2.000000e+00
 6.690225e-02  2.737094e-02 -3.408596e-02  2.000000e+00
 6.708134e-02  1.880501e-02 -2.596909e-02  2.000000e+00
 6.563729e-02  7.201971e-03 -2.183240e-02  2.000000e+00
 6.641292e-02  5.166231e-04 -1.140153e-02  2.000000e+00
 6.307209e-02  5.596081e-02 -6.370351e-02  2.000000e+00
 6.110299e-02  3.889308e-02 -4.525637e-02  2.000000e+00
 6.110222e-02  3.406419e-02 -4.096517e-02  2.000000e+00
 6.202247e-02  8.668121e-03 -2.137353e-02  2.000000e+00
 6.194684e-02  3.530851e-03 -1.498323e-02  2.000000e+00
 6.230914e-02  7.199044e-02 -7.540766e-02  2.000000e+00
 5.910145e-02  5.356423e-02 -5.828472e-02  2.000000e+00
 5.835425e-02 -1.417184e-02  3.662229e-03  2.000000e+00
 5.854572e-02  7.169707e-02 -7.281141e-02  2.000000e+00
 5.658507e-02  5.547141e-02 -5.525074e-02  2.000000e+00
 5.434774e-02  3.580649e-02 -3.749716e-02  2.000000e+00
 5.390554e-02  1.973697e-03 -9.667796e-03  2.000000e+00
 5.385681e-02 -1.042093e-02 -4.614391e-04  2.000000e+00
 5.429994e-02 -1.581271e-02  5.242498e-03  2.000000e+00
 5.181806e-02  4.273392e-02 -4.010893e-02  2.000000e+00
 5.044165e-02  2.759508e-02 -2.950106e-02  2.000000e+00
 4.984880e-02  5.098514e-02 -4.125504e-02  2.000000e+00
 4.728016e-02  3.385149e-02 -3.122773e-02  2.000000e+00
 4.563082e-02  1.873076e-02 -2.371577e-02  2.000000e+00
 4.602940e-02 -1.363199e-02  4.969602e-03  2.000000e+00
 4.879520e-02  7.198708e-02 -6.125020e-02  2.000000e+00
 4.705510e-02  5.932142e-02 -4.960018e-02  2.000000e+00
 4.629390e-02  5.177301e-02 -3.980640e-02  2.000000e+00
 4.472915e-02  3.649572e-02 -2.989839e-02  2.000000e+00
 4.181072e-02  2.387173e-02 -2.633279e-02  2.000000e+00
 4.139442e-02  1.107154e-02 -1.312309e-02  2.000000e+00
 4.203058e-02  6.877966e-03 -1.098216e-02  2.000000e+00
 4.178722e-02  2.848646e-03 -8.962971e-03  2.000000e+00
 4.191052e-02 -1.346982e-02  5.594152e-03  2.000000e+00
 4.231271e-02  5.279905e-02 -3.938864e-02  2.000000e+00
 4.267308e-02  4.892659e-02 -3.540496e-02  2.000000e+00
 4.097689e-02  3.753744e-02 -2.920356e-02  2.000000e+00
 3.795880e-02  1.167235e-02 -1.325678e-02  2.000000e+00
 3.759669e-02  3.315730e-03 -8.610953e-03  2.000000e+00
 3.812735e-02 -1.560458e-02  7.689933e-03  2.000000e+00
 3.875707e-02  4.903987e-02 -3.384455e-02  2.000000e+00
 3.240744e-02  1.239216e-03 -7.220233e-03  2.000000e+00
 3.774409e-02  6.697197e-02 -4.644434e-02  2.000000e+00
 3.808071e-02  6.454418e-02 -4.252186e-02  2.000000e+00
 3.570849e-02  5.087761e-02 -3.192612e-02  2.000000e+00
 3.084741e-02  1.818131e-02 -1.558046e-02  2.000000e+00
 3.383294e-02  6.721257e-02 -4.512838e-02  2.000000e+00
 2.907559e-02  3.588272e-02 -2.533739e-02  2.000000e+00
 2.846021e-02  3.032975e-02 -2.149313e-02  2.000000e+00
 2.809427e-02  2.477535e-02 -1.781043e-02  2.000000e+00
 2.712723e-02  1.328443e-02 -1.249845e-02  2.000000e+00
 2.606694e-02  9.026851e-03 -9.568157e-03  2.000000e+00
 2.532797e-02  5.552181e-03 -7.486926e-03  2.000000e+00
 2.415645e-02 -1.742799e-03 -4.003429e-03  2.000000e+00
 2.542045e-02 -1.047881e-02  5.582115e-03  2.000000e+00
 3.003547e-02  6.248735e-02 -3.620385e-02  2.000000e+00
 3.057242e-02  6.024745e-02 -3.267703e-02  2.000000e+00
 2.826403e-02  4.953267e-02 -2.681278e-02  2.000000e+00
 2.029741e-02  1.868027e-03 -6.708774e-03  2.000000e+00
 2.010705e-02 -2.162824e-03 -3.875576e-03  2.000000e+00
 2.090190e-02 -7.510214e-03  1.771181e-03  2.000000e+00
 2.230112e-02  2.954367e-02 -1.518058e-02  2.000000e+00
 1.878013e-02  1.233010e-02 -9.142870e-03  2.000000e+00
 1.763821e-02  6.638551e-03 -7.474194e-03  2.000000e+00
 1.655109e-02  1.254570e-03 -6.643898e-03  2.000000e+00
 1.644298e-02 -3.290361e-03 -2.957107e-03  2.000000e+00
 1.713493e-02 -1.228767e-02  9.031662e-03  2.000000e+00
 2.198277e-02  6.230507e-02 -3.408837e-02  2.000000e+00
 2.162587e-02  6.024200e-02 -3.112438e-02  2.000000e+00
 1.997313e-02  4.108684e-02 -1.835144e-02  2.000000e+00
 1.303775e-02 -5.878961e-04 -6.791856e-03  2.000000e+00
 1.308836e-02 -4.974998e-03 -1.449884e-03  2.000000e+00
 1.269094e-02 -1.498936e-02  1.226342e-02  2.000000e+00
 1.935368e-02  7.095762e-02 -4.025899e-02  2.000000e+00
 1.730243e-02  6.030367e-02 -3.052088e-02  2.000000e+00
 1.616830e-02  4.583676e-02 -2.089195e-02  2.000000e+00
 8.787782e-03 -8.816915e-03  6.893155e-03  2.000000e+00
 1.692268e-02  7.787814e-02 -4.078608e-02  2.000000e+00
 1.343060e-02  6.070665e-02 -2.956367e-02  2.000000e+00
 1.153695e-02  3.440350e-02 -1.248911e-02  2.000000e+00
 4.633044e-03 -8.248694e-03  7.435482e-03  2.000000e+00
 3.985466e-03 -1.231348e-02  1.087745e-02  2.000000e+00
 1.222457e-02  7.072610e-02 -3.287775e-02  2.000000e+00
 8.898585e-03  5.721128e-02 -2.642301e-02  2.000000e+00
 7.629381e-03  3.166928e-02 -8.889665e-03  2.000000e+00
 4.546594e-04 -7.351665e-03  7.661916e-03  2.000000e+00
 4.382394e-03  3.994639e-02 -1.144994e-02  2.000000e+00
-3.360483e-03 -3.525077e-03  4.974418e-03  2.000000e+00
 1.424729e-04  4.467187e-02 -1.358744e-02  2.000000e+00
-1.259853e-03  3.110241e-02 -8.102616e-03  2.000000e+00
-7.758914e-03 -5.359658e-03  8.873378e-03  2.000000e+00
-8.069390e-03 -1.163135e-02  1.208112e-02  2.000000e+00
-1.014849e-03  6.640685e-02 -2.544516e-02  2.000000e+00
 1.511327e-03  8.821899e-02 -3.474384e-02  2.000000e+00
-6.516244e-03  4.688121e-02 -1.068655e-02  2.000000e+00
-7.665929e-03  4.196570e-02 -9.627330e-03  2.000000e+00
-1.666371e-02 -7.767197e-03  1.066910e-02  2.000000e+00
-1.589022e-02 -1.356161e-02  1.392117e-02  2.000000e+00
-5.219052e-03  8.001424e-02 -2.597892e-02  2.000000e+00
-1.299917e-02  3.208870e-02 -5.695711e-03  2.000000e+00
-1.316905e-02  5.010228e-02 -7.364024e-03  2.000000e+00
-1.532650e-02  3.874645e-02 -4.471900e-03  2.000000e+00
-1.650510e-02  3.366042e-02 -3.846793e-03  2.000000e+00
-2.165509e-02  2.473219e-02 -6.393500e-03  2.000000e+00
-1.355244e-02  7.806178e-02 -2.145475e-02  2.000000e+00
-1.506747e-02  7.467823e-02 -2.124789e-02  2.000000e+00
-1.552591e-02  5.724475e-02 -7.745021e-03  2.000000e+00
-2.471169e-02  2.707844e-02 -4.663835e-03  2.000000e+00
-2.523339e-02  1.695390e-02  6.160788e-03  2.000000e+00
-2.440617e-02  1.091410e-02  9.394558e-03  2.000000e+00
-2.841865e-02 -1.137232e-02  1.336922e-02  2.000000e+00
-1.582242e-02  8.487704e-02 -2.551115e-02  2.000000e+00
-2.142737e-02  7.996075e-02 -2.018743e-02  2.000000e+00
-2.305495e-02  7.616008e-02 -1.878859e-02  2.000000e+00
-2.407235e-02  5.202549e-02 -6.376454e-03  2.000000e+00
-3.026241e-02  2.782971e-02  4.311279e-03  2.000000e+00
-3.047312e-02  1.041201e-02  1.404377e-02  2.000000e+00
-2.548864e-02  7.784121e-02 -1.537148e-02  2.000000e+00
-2.533485e-02  7.171795e-02 -1.074495e-02  2.000000e+00
-2.533844e-02  6.509419e-02 -8.120375e-03  2.000000e+00
-2.716612e-02  5.299585e-02 -6.477836e-03  2.000000e+00
-3.123666e-02  3.886105e-02  8.566473e-04  2.000000e+00
-3.471527e-02  3.264988e-02  3.784789e-03  2.000000e+00
-2.788933e-02  8.015011e-02 -1.237888e-02  2.000000e+00
-3.845506e-02  3.284950e-02  5.712078e-03  2.000000e+00
