-1.953689e-01 -1.582726e-01 -4.542796e-02  1.000000e+00
-1.990641e-01 -1.627473e-01 -4.579484e-02  1.000000e+00
-2.062992e-01 -1.706253e-01 -4.776947e-02  1.000000e+00
-1.852160e-01 -1.472178e-01 -4.074425e-02  1.000000e+00
-1.987344e-01 -1.627320e-01 -4.517676e-02  1.000000e+00
-2.037465e-01 -1.681561e-01 -4.635261e-02  1.000000e+00
-1.802392e-01 -1.416483e-01 -3.796658e-02  1.000000e+00
-1.810604e-01 -1.428492e-01 -3.849795e-02  1.000000e+00
-1.851682e-01 -1.477490e-01 -4.026377e-02  1.000000e+00
-1.957405e-01 -1.598294e-01 -4.367096e-02  1.000000e+00
-1.988615e-01 -1.631719e-01 -4.414615e-02  1.000000e+00
-1.782018e-01 -1.401165e-01 -3.699379e-02  1.000000e+00
-1.799936e-01 -1.423500e-01 -3.804791e-02  1.000000e+00
-1.829183e-01 -1.457083e-01 -3.887787e-02  1.000000e+00
-1.963410e-01 -1.607502e-01 -4.266065e-02  1.000000e+00
-1.747319e-01 -1.356480e-01 -3.445111e-02  1.000000e+00
-1.808576e-01 -1.438479e-01 -3.753046e-02  1.000000e+00
-1.863498e-01 -1.503088e-01 -3.936710e-02  1.000000e+00
-1.965460e-01 -1.611974e-01 -4.166090e-02  1.000000e+00
-2.115831e-01 -1.768155e-01 -4.379909e-02  1.000000e+00
-1.725623e-01 -1.348569e-01 -3.399375e-02  1.000000e+00
-2.063502e-01 -1.715496e-01 -4.173644e-02  1.000000e+00
-1.948626e-01 -1.598348e-01 -3.857559e-02  1.000000e+00
-2.011016e-01 -1.662690e-01 -3.971366e-02  1.000000e+00
-1.658391e-01 -1.276585e-01 -3.020186e-02  1.000000e+00
-1.816058e-01 -1.461791e-01 -3.584052e-02  1.000000e+00
-1.853830e-01 -1.501552e-01 -3.597930e-02  1.000000e+00
-1.629598e-01 -1.249831e-01 -2.877568e-02  1.000000e+00
-1.627771e-01 -1.251721e-01 -2.888689e-02  1.000000e+00
-1.737091e-01 -1.380086e-01 -3.290380e-02  1.000000e+00
-1.600107e-01 -1.209135e-01 -2.649888e-02  1.000000e+00
-1.600610e-01 -1.222662e-01 -2.732670e-02  1.000000e+00
-1.662817e-01 -1.302189e-01 -3.003453e-02  1.000000e+00
-1.792914e-01 -1.441616e-01 -3.294062e-02  1.000000e+00
-1.988388e-01 -1.641489e-01 -3.560990e-02  1.000000e+00
-2.069293e-01 -1.721385e-01 -3.536947e-02  1.000000e+00
-1.569932e-01 -1.197673e-01 -2.600283e-02  1.000000e+00
-1.580289e-01 -1.211733e-01 -2.653652e-02  1.000000e+00
-1.541812e-01 -1.154008e-01 -2.342555e-02  1.000000e+00
-1.533130e-01 -1.154767e-01 -2.386338e-02  1.000000e+00
-1.639983e-01 -1.284804e-01 -2.786000e-02  1.000000e+00
-1.774762e-01 -1.425841e-01 -3.020344e-02  1.000000e+00
-1.812552e-01 -1.464368e-01 -3.069825e-02  1.000000e+00
-1.846608e-01 -1.498770e-01 -3.100117e-02  1.000000e+00
-1.963851e-01 -1.615328e-01 -3.160581e-02  1.000000e+00
-1.993850e-01 -1.645316e-01 -3.197261e-02  1.000000e+00
-2.059595e-01 -1.710944e-01 -3.332634e-02  1.000000e+00
-2.099910e-01 -1.750841e-01 -3.353031e-02  1.000000e+00
-1.513852e-01 -1.141472e-01 -2.285636e-02  1.000000e+00
-1.523898e-01 -1.158402e-01 -2.359962e-02  1.000000e+00
-1.610219e-01 -1.256084e-01 -2.631849e-02  1.000000e+00
-1.698049e-01 -1.348415e-01 -2.799408e-02  1.000000e+00
-1.722404e-01 -1.373364e-01 -2.828632e-02  1.000000e+00
-1.911623e-01 -1.562824e-01 -2.941806e-02  1.000000e+00
-1.950334e-01 -1.601953e-01 -3.011125e-02  1.000000e+00
-1.486434e-01 -1.116078e-01 -2.140859e-02  1.000000e+00
-1.514728e-01 -1.154144e-01 -2.263250e-02  1.000000e+00
-1.546194e-01 -1.187992e-01 -2.347446e-02  1.000000e+00
-1.645195e-01 -1.295022e-01 -2.606719e-02  1.000000e+00
-1.669857e-01 -1.320862e-01 -2.647089e-02  1.000000e+00
-1.918358e-01 -1.569132e-01 -2.853954e-02  1.000000e+00
-1.459386e-01 -1.090695e-01 -2.000183e-02  1.000000e+00
-1.454214e-01 -1.089389e-01 -2.011278e-02  1.000000e+00
-1.466167e-01 -1.104561e-01 -2.068360e-02  1.000000e+00
-1.689356e-01 -1.341081e-01 -2.517493e-02  1.000000e+00
-1.948155e-01 -1.597479e-01 -2.711071e-02  1.000000e+00
-1.473157e-01 -1.115711e-01 -1.990473e-02  1.000000e+00
-1.597374e-01 -1.248449e-01 -2.301486e-02  1.000000e+00
-1.637452e-01 -1.288947e-01 -2.285865e-02  1.000000e+00
-1.702565e-01 -1.354704e-01 -2.389173e-02  1.000000e+00
-1.963143e-01 -1.611366e-01 -2.619344e-02  1.000000e+00
-1.999625e-01 -1.647206e-01 -2.691413e-02  1.000000e+00
-1.447159e-01 -1.091074e-01 -1.844966e-02  1.000000e+00
-1.462531e-01 -1.108940e-01 -1.903839e-02  1.000000e+00
-1.544963e-01 -1.195732e-01 -2.095272e-02  1.000000e+00
-1.650284e-01 -1.302161e-01 -2.184551e-02  1.000000e+00
-1.724496e-01 -1.375613e-01 -2.231687e-02  1.000000e+00
-1.761174e-01 -1.411680e-01 -2.281333e-02  1.000000e+00
-1.359113e-01 -9.912277e-02 -1.482798e-02  1.000000e+00
-1.366977e-01 -1.007142e-01 -1.555115e-02  1.000000e+00
-1.424014e-01 -1.069241e-01 -1.700432e-02  1.000000e+00
-1.459814e-01 -1.109275e-01 -1.835019e-02  1.000000e+00
-1.597919e-01 -1.249680e-01 -1.986526e-02  1.000000e+00
-1.672075e-01 -1.323216e-01 -2.031741e-02  1.000000e+00
-1.749107e-01 -1.398602e-01 -2.079570e-02  1.000000e+00
-1.784609e-01 -1.433472e-01 -2.112545e-02  1.000000e+00
-1.822031e-01 -1.470504e-01 -2.172710e-02  1.000000e+00
-1.999909e-01 -1.645183e-01 -2.518640e-02  1.000000e+00
-1.440238e-01 -1.090623e-01 -1.695094e-02  1.000000e+00
-1.475470e-01 -1.126229e-01 -1.728438e-02  1.000000e+00
-1.545678e-01 -1.197058e-01 -1.772540e-02  1.000000e+00
-1.619437e-01 -1.270323e-01 -1.845719e-02  1.000000e+00
-1.658339e-01 -1.308350e-01 -1.849350e-02  1.000000e+00
-1.732095e-01 -1.380723e-01 -1.918460e-02  1.000000e+00
-1.800283e-01 -1.447978e-01 -2.044182e-02  1.000000e+00
-1.843159e-01 -1.489987e-01 -2.068764e-02  1.000000e+00
-1.950725e-01 -1.595677e-01 -2.304956e-02  1.000000e+00
-1.985879e-01 -1.629836e-01 -2.373958e-02  1.000000e+00
-1.453780e-01 -1.105149e-01 -1.581480e-02  1.000000e+00
-1.567322e-01 -1.218034e-01 -1.630282e-02  1.000000e+00
-1.605632e-01 -1.255289e-01 -1.662586e-02  1.000000e+00
-1.821026e-01 -1.466840e-01 -1.945112e-02  1.000000e+00
-1.967200e-01 -1.609444e-01 -2.256096e-02  1.000000e+00
-1.269768e-01 -9.117564e-02 -1.052676e-02  1.000000e+00
-1.335639e-01 -9.849235e-02 -1.251900e-02  1.000000e+00
-1.401681e-01 -1.052850e-01 -1.370021e-02  1.000000e+00
-1.445101e-01 -1.096175e-01 -1.407091e-02  1.000000e+00
-1.484667e-01 -1.134656e-01 -1.375303e-02  1.000000e+00
-1.553268e-01 -1.202739e-01 -1.456622e-02  1.000000e+00
-1.627216e-01 -1.275275e-01 -1.504648e-02  1.000000e+00
-1.240787e-01 -8.845465e-02 -9.030733e-03  1.000000e+00
-1.316043e-01 -9.662217e-02 -1.107371e-02  1.000000e+00
-1.462377e-01 -1.112488e-01 -1.228233e-02  1.000000e+00
-1.500653e-01 -1.149676e-01 -1.258669e-02  1.000000e+00
-1.536728e-01 -1.185147e-01 -1.285469e-02  1.000000e+00
-1.642716e-01 -1.289731e-01 -1.455809e-02  1.000000e+00
-1.680320e-01 -1.326839e-01 -1.504773e-02  1.000000e+00
-1.722939e-01 -1.368256e-01 -1.526064e-02  1.000000e+00
-1.754531e-01 -1.398829e-01 -1.601301e-02  1.000000e+00
-1.234292e-01 -8.822958e-02 -8.207694e-03  1.000000e+00
-1.409651e-01 -1.059243e-01 -1.026427e-02  1.000000e+00
-1.590496e-01 -1.237299e-01 -1.237608e-02  1.000000e+00
-1.775140e-01 -1.417205e-01 -1.547066e-02  1.000000e+00
-1.893862e-01 -1.532813e-01 -1.841355e-02  1.000000e+00
-2.026096e-01 -1.655913e-01 -1.588079e-02  1.000000e+00
-1.211243e-01 -8.603812e-02 -6.788045e-03  1.000000e+00
-1.277094e-01 -9.278335e-02 -7.887541e-03  1.000000e+00
-1.431577e-01 -1.079262e-01 -8.806615e-03  1.000000e+00
-1.500522e-01 -1.147467e-01 -9.855514e-03  1.000000e+00
-1.649428e-01 -1.293054e-01 -1.194196e-02  1.000000e+00
-1.685697e-01 -1.328409e-01 -1.294787e-02  1.000000e+00
-1.725380e-01 -1.367211e-01 -1.374065e-02  1.000000e+00
-1.934134e-01 -1.568606e-01 -1.563767e-02  1.000000e+00
-1.160439e-01 -8.089443e-02 -4.719080e-03  1.000000e+00
-1.260389e-01 -9.105256e-02 -6.184524e-03  1.000000e+00
-1.340623e-01 -9.889390e-02 -6.499740e-03  1.000000e+00
-1.383426e-01 -1.030674e-01 -6.819707e-03  1.000000e+00
-1.447633e-01 -1.094116e-01 -7.988912e-03  1.000000e+00
-1.596832e-01 -1.240026e-01 -9.839392e-03  1.000000e+00
-1.721382e-01 -1.361987e-01 -1.252098e-02  1.000000e+00
-1.172231e-01 -8.222081e-02 -3.747547e-03  1.000000e+00
-1.208198e-01 -8.583892e-02 -4.279596e-03  1.000000e+00
-1.357624e-01 -1.004204e-01 -5.233600e-03  1.000000e+00
-1.432229e-01 -1.077717e-01 -6.625403e-03  1.000000e+00
-1.469459e-01 -1.114402e-01 -7.189584e-03  1.000000e+00
-1.506885e-01 -1.150956e-01 -7.529370e-03  1.000000e+00
-1.544292e-01 -1.187086e-01 -7.741358e-03  1.000000e+00
-1.708795e-01 -1.346933e-01 -1.056458e-02  1.000000e+00
-1.958181e-01 -1.572851e-01 -8.275378e-03  1.000000e+00
-1.086587e-01 -7.356017e-02 -1.258822e-03  1.000000e+00
-1.155867e-01 -8.058045e-02 -2.229778e-03  1.000000e+00
-1.235960e-01 -8.833837e-02 -2.309248e-03  1.000000e+00
-1.342435e-01 -9.880246e-02 -3.770721e-03  1.000000e+00
-1.453750e-01 -1.097498e-01 -5.820881e-03  1.000000e+00
-1.494476e-01 -1.136620e-01 -5.764782e-03  1.000000e+00
-1.617352e-01 -1.256330e-01 -9.141341e-03  1.000000e+00
-1.659796e-01 -1.297517e-01 -9.190606e-03  1.000000e+00
-1.906256e-01 -1.519640e-01 -6.336661e-03  1.000000e+00
-1.103615e-01 -7.530310e-02 -2.041433e-04  1.000000e+00
-1.252609e-01 -8.986229e-02 -1.166982e-03  1.000000e+00
-1.289954e-01 -9.352936e-02 -1.731908e-03  1.000000e+00
-1.326866e-01 -9.712075e-02 -2.371352e-03  1.000000e+00
-1.363747e-01 -1.007761e-01 -3.357560e-03  1.000000e+00
-1.672338e-01 -1.305216e-01 -6.349794e-03  1.000000e+00
-1.712774e-01 -1.337777e-01 -4.231684e-03  1.000000e+00
-1.014293e-01 -6.628554e-02  2.128519e-03  1.000000e+00
-1.169821e-01 -8.150229e-02  1.423908e-03  1.000000e+00
-1.199920e-01 -8.454556e-02  8.553434e-04  1.000000e+00
-1.274542e-01 -9.186707e-02 -2.520776e-04  1.000000e+00
-1.439289e-01 -1.075723e-01 -1.478689e-03  1.000000e+00
-1.697152e-01 -1.315358e-01 -1.767679e-03  1.000000e+00
-1.724970e-01 -1.341187e-01 -2.181894e-03  1.000000e+00
-1.837742e-01 -1.444702e-01 -2.621274e-03  1.000000e+00
-1.184673e-01 -8.294115e-02  2.169210e-03  1.000000e+00
-1.224633e-01 -8.681281e-02  1.723903e-03  1.000000e+00
-1.307324e-01 -9.473684e-02  4.422927e-04  1.000000e+00
-1.476034e-01 -1.100871e-01  1.425680e-03  1.000000e+00
-1.747501e-01 -1.356709e-01 -7.633585e-04  1.000000e+00
-1.788519e-01 -1.392913e-01 -6.657225e-04  1.000000e+00
-9.090875e-02 -5.565298e-02  6.558643e-03  1.000000e+00
-9.473387e-02 -5.944985e-02  6.096019e-03  1.000000e+00
-1.094520e-01 -7.392829e-02  4.788681e-03  1.000000e+00
-1.136346e-01 -7.798731e-02  4.296386e-03  1.000000e+00
-1.220180e-01 -8.601214e-02  3.631550e-03  1.000000e+00
-1.422575e-01 -1.046940e-01  3.246824e-03  1.000000e+00
-1.616699e-01 -1.230840e-01  1.556554e-03  1.000000e+00
-1.659538e-01 -1.269071e-01  1.650293e-03  1.000000e+00
-1.744228e-01 -1.344260e-01  1.682179e-03  1.000000e+00
-1.786250e-01 -1.381775e-01  1.769120e-03  1.000000e+00
-8.563151e-02 -5.030194e-02  8.703034e-03  1.000000e+00
-9.388853e-02 -5.840811e-02  7.809755e-03  1.000000e+00
-1.368847e-01 -9.925639e-02  5.029534e-03  1.000000e+00
-1.405568e-01 -1.027892e-01  4.527133e-03  1.000000e+00
-1.445307e-01 -1.065400e-01  4.311098e-03  1.000000e+00
-1.485623e-01 -1.102840e-01  3.953227e-03  1.000000e+00
-9.127822e-02 -5.587804e-02  9.333105e-03  1.000000e+00
-1.314470e-01 -9.370213e-02  6.819436e-03  1.000000e+00
-1.398250e-01 -1.017180e-01  6.187186e-03  1.000000e+00
-1.480727e-01 -1.094302e-01  5.764980e-03  1.000000e+00
-1.608933e-01 -1.203593e-01  6.363933e-03  1.000000e+00
-8.897070e-02 -5.344023e-02  1.117792e-02  1.000000e+00
-1.136727e-01 -7.695071e-02  9.114575e-03  1.000000e+00
-1.365097e-01 -9.813038e-02  8.166574e-03  1.000000e+00
-1.530292e-01 -1.117026e-01  9.681103e-03  1.000000e+00
-1.164792e-01  2.210500e-01 -1.306166e-02  1.000000e+00
-1.140490e-01  2.152366e-01 -1.276619e-02  1.000000e+00
-1.092346e-01  2.037100e-01 -1.214769e-02  1.000000e+00
-8.379757e-02 -4.836280e-02  1.289171e-02  1.000000e+00
-8.781543e-02 -5.189415e-02  1.318963e-02  1.000000e+00
-9.629988e-02 -5.995436e-02  1.247704e-02  1.000000e+00
-1.046147e-01 -6.791646e-02  1.163952e-02  1.000000e+00
-1.088391e-01 -7.194419e-02  1.126204e-02  1.000000e+00
-1.172036e-01 -7.941833e-02  1.137977e-02  1.000000e+00
-1.394103e-01 -9.750418e-02  1.319364e-02  1.000000e+00
-1.419869e-01 -1.012986e-01  1.155803e-02  1.000000e+00
-1.758410e-01 -1.289911e-01  1.255009e-02  1.000000e+00
-1.017582e-01  1.860059e-01 -1.101558e-02  1.000000e+00
-9.994964e-02  1.816618e-01 -1.073072e-02  1.000000e+00
-1.483881e-01 -9.989038e-02  1.661731e-02  1.000000e+00
-1.679686e-01 -1.197757e-01  1.532557e-02  1.000000e+00
-1.154253e-01  2.188352e-01 -1.231633e-02  1.000000e+00
-6.566482e-02 -3.019407e-02  1.801505e-02  1.000000e+00
-9.050871e-02 -4.892163e-02  1.843846e-02  1.000000e+00
-1.016717e-01 -6.104409e-02  1.681358e-02  1.000000e+00
-1.102193e-01 -6.875138e-02  1.662059e-02  1.000000e+00
-1.428083e-01 -9.436283e-02  1.808188e-02  1.000000e+00
-1.722086e-01 -1.203769e-01  1.780793e-02  1.000000e+00
-1.761707e-01 -1.239071e-01  1.767788e-02  1.000000e+00
-1.174583e-01  2.237437e-01 -1.209891e-02  1.000000e+00
-1.150485e-01  2.180254e-01 -1.184145e-02  1.000000e+00
-5.853453e-02 -1.018696e-02  2.267207e-02  1.000000e+00
-6.847870e-02 -2.800525e-02  2.092412e-02  1.000000e+00
-1.069916e-01 -6.393558e-02  1.927407e-02  1.000000e+00
-1.108449e-01 -6.708434e-02  1.967752e-02  1.000000e+00
-1.148209e-01 -7.051977e-02  1.982511e-02  1.000000e+00
-1.229244e-01 -7.736219e-02  2.020144e-02  1.000000e+00
-1.628644e-01 -1.114058e-01  1.956002e-02  1.000000e+00
-1.193606e-01  2.283441e-01 -1.211651e-02  1.000000e+00
-1.076622e-01  2.006045e-01 -1.067641e-02  1.000000e+00
-1.051847e-01  1.947328e-01 -1.058811e-02  1.000000e+00
-9.783939e-02  1.771923e-01 -9.691502e-03  1.000000e+00
-9.291389e-02  1.654476e-01 -9.263965e-03  1.000000e+00
-8.553289e-02  1.477984e-01 -8.503029e-03  1.000000e+00
-8.346098e-02  1.428392e-01 -8.126071e-03  1.000000e+00
-8.099003e-02  1.370976e-01 -7.863600e-03  1.000000e+00
-5.662542e-02  3.161435e-02  1.255745e-02  1.000000e+00
-5.614926e-02  2.638157e-02  1.608251e-02  1.000000e+00
-7.157897e-02 -2.487606e-02  2.380267e-02  1.000000e+00
-7.968397e-02 -3.819173e-02  2.184511e-02  1.000000e+00
-8.347683e-02 -4.189888e-02  2.179945e-02  1.000000e+00
-1.084462e-01 -6.122017e-02  2.258859e-02  1.000000e+00
-1.238413e-01 -7.566072e-02  2.229892e-02  1.000000e+00
-1.279324e-01 -7.972338e-02  2.190089e-02  1.000000e+00
-1.365076e-01 -8.728256e-02  2.166821e-02  1.000000e+00
-1.407277e-01 -9.115239e-02  2.130319e-02  1.000000e+00
-1.533284e-01 -1.020569e-01  2.172898e-02  1.000000e+00
-1.095348e-01  2.050761e-01 -1.058675e-02  1.000000e+00
-5.838698e-02  4.822827e-02  5.282811e-03  1.000000e+00
-6.032048e-02  3.205246e-02  1.329986e-02  1.000000e+00
-5.991270e-02  2.118279e-02  2.060956e-02  1.000000e+00
-6.476759e-02 -6.268474e-03  2.731518e-02  1.000000e+00
-8.455012e-02 -4.050136e-02  2.444074e-02  1.000000e+00
-1.068810e-01 -5.959425e-02  2.391828e-02  1.000000e+00
-1.108271e-01 -6.331628e-02  2.389463e-02  1.000000e+00
-1.493942e-01 -9.731087e-02  2.402567e-02  1.000000e+00
-1.220037e-01  2.349001e-01 -1.165896e-02  1.000000e+00
-1.148675e-01  2.179338e-01 -1.089577e-02  1.000000e+00
-1.021157e-01  1.875914e-01 -9.319437e-03  1.000000e+00
-9.962984e-02  1.817144e-01 -9.295542e-03  1.000000e+00
-9.716111e-02  1.758740e-01 -9.188629e-03  1.000000e+00
-8.984012e-02  1.584341e-01 -8.253706e-03  1.000000e+00
-8.248800e-02  1.408987e-01 -7.431262e-03  1.000000e+00
-7.760160e-02  1.292770e-01 -6.893698e-03  1.000000e+00
-5.752433e-02  8.171345e-02 -5.554082e-03  1.000000e+00
-5.729938e-02  7.599594e-02 -1.713080e-03  1.000000e+00
-6.330125e-02  3.261624e-02  1.539382e-02  1.000000e+00
-6.345311e-02  2.155727e-02  2.066564e-02  1.000000e+00
-6.662140e-02  1.696191e-02  2.106043e-02  1.000000e+00
-6.806977e-02  7.521939e-04  2.993791e-02  1.000000e+00
-6.893102e-02 -8.850590e-03  2.901853e-02  1.000000e+00
-7.140911e-02 -1.285693e-02  2.863583e-02  1.000000e+00
-8.038314e-02 -3.101420e-02  2.764865e-02  1.000000e+00
-8.693023e-02 -3.845244e-02  2.758653e-02  1.000000e+00
-9.353777e-02 -4.659160e-02  2.640455e-02  1.000000e+00
-9.742876e-02 -5.064713e-02  2.582790e-02  1.000000e+00
-1.155311e-01 -6.602052e-02  2.637425e-02  1.000000e+00
-1.238977e-01 -7.336991e-02  2.638300e-02  1.000000e+00
-1.364166e-01 -8.464872e-02  2.578381e-02  1.000000e+00
-1.448869e-01 -9.212511e-02  2.581534e-02  1.000000e+00
-1.533997e-01 -9.927714e-02  2.609456e-02  1.000000e+00
-1.001242e-01  1.827238e-01 -7.825832e-03  1.000000e+00
-9.764434e-02  1.768568e-01 -7.753707e-03  1.000000e+00
-9.268799e-02  1.651688e-01 -7.659217e-03  1.000000e+00
-8.535714e-02  1.476966e-01 -6.746664e-03  1.000000e+00
-7.012447e-02  1.117062e-01 -5.728361e-03  1.000000e+00
-6.773180e-02  1.058710e-01 -5.494470e-03  1.000000e+00
-6.653638e-02  6.136847e-02  7.759696e-03  1.000000e+00
-6.518934e-02  5.039222e-02  7.716114e-03  1.000000e+00
-6.625534e-02  3.389501e-02  1.754116e-02  1.000000e+00
-7.177707e-02  8.105453e-03  2.836045e-02  1.000000e+00
-7.055584e-02  2.738879e-03  3.166574e-02  1.000000e+00
-7.647084e-02 -1.568135e-02  3.121914e-02  1.000000e+00
-8.308259e-02 -2.872408e-02  3.049070e-02  1.000000e+00
-8.564662e-02 -3.260604e-02  3.024258e-02  1.000000e+00
-1.101858e-01 -6.069634e-02  2.796972e-02  1.000000e+00
-1.144450e-01 -6.423806e-02  2.812790e-02  1.000000e+00
-1.229121e-01 -7.186851e-02  2.776055e-02  1.000000e+00
-1.535663e-01 -9.781588e-02  2.836189e-02  1.000000e+00
-1.024744e-01  1.883581e-01 -7.775860e-03  1.000000e+00
-1.000455e-01  1.825932e-01 -7.442000e-03  1.000000e+00
-9.268732e-02  1.651110e-01 -6.769444e-03  1.000000e+00
-8.533990e-02  1.476115e-01 -5.952656e-03  1.000000e+00
-8.288837e-02  1.417732e-01 -5.703893e-03  1.000000e+00
-7.550373e-02  1.242851e-01 -5.187865e-03  1.000000e+00
-7.069027e-02  1.128474e-01 -4.644253e-03  1.000000e+00
-6.444513e-02  9.582981e-02 -3.878127e-03  1.000000e+00
-6.869564e-02  6.269836e-02  8.576015e-03  1.000000e+00
-7.145811e-02  1.992337e-02  2.451764e-02  1.000000e+00
-7.416389e-02  1.041778e-02  2.993373e-02  1.000000e+00
-8.200248e-02 -1.805552e-02  3.370759e-02  1.000000e+00
-8.452890e-02 -2.217536e-02  3.349507e-02  1.000000e+00
-9.074734e-02 -3.514526e-02  3.227642e-02  1.000000e+00
-1.036876e-01 -5.233529e-02  3.087810e-02  1.000000e+00
-1.073258e-01 -5.562311e-02  3.072630e-02  1.000000e+00
-1.190454e-01 -6.651035e-02  3.036867e-02  1.000000e+00
-1.232970e-01 -7.032666e-02  3.016734e-02  1.000000e+00
-1.275597e-01 -7.397216e-02  3.023216e-02  1.000000e+00
-1.359089e-01 -8.150807e-02  3.008403e-02  1.000000e+00
-1.151680e-01  2.183568e-01 -7.769713e-03  1.000000e+00
-1.052832e-01  1.948396e-01 -7.213271e-03  1.000000e+00
-9.556344e-02  1.718012e-01 -5.933738e-03  1.000000e+00
-9.310798e-02  1.659729e-01 -5.723836e-03  1.000000e+00
-8.571951e-02  1.483689e-01 -5.082935e-03  1.000000e+00
-8.326342e-02  1.425094e-01 -4.831993e-03  1.000000e+00
-8.093718e-02  1.369103e-01 -4.439787e-03  1.000000e+00
-7.625153e-02  1.254037e-01 -3.851896e-03  1.000000e+00
-7.423419e-02  1.198223e-01 -3.554366e-03  1.000000e+00
-6.672470e-02  9.059552e-02 -2.910190e-03  1.000000e+00
-6.633931e-02  8.503222e-02 -1.008655e-03  1.000000e+00
-7.154122e-02  5.348908e-02  1.081318e-02  1.000000e+00
-7.208522e-02  3.141035e-02  2.409206e-02  1.000000e+00
-7.687532e-02  1.760431e-02  2.714347e-02  1.000000e+00
-7.621248e-02  6.856146e-03  3.463050e-02  1.000000e+00
-7.625335e-02  2.013799e-03  3.673414e-02  1.000000e+00
-8.152322e-02 -1.152991e-02  3.686181e-02  1.000000e+00
-8.416216e-02 -1.582401e-02  3.618848e-02  1.000000e+00
-1.089885e-01 -5.333603e-02  3.371967e-02  1.000000e+00
-1.124854e-01 -5.715645e-02  3.332264e-02  1.000000e+00
-1.206204e-01 -6.466889e-02  3.310564e-02  1.000000e+00
-1.279547e-01 -7.225016e-02  3.278940e-02  1.000000e+00
-1.322469e-01 -7.604162e-02  3.272842e-02  1.000000e+00
-1.362816e-01 -7.988466e-02  3.242169e-02  1.000000e+00
-1.278914e-01  2.485267e-01 -7.104039e-03  1.000000e+00
-1.254729e-01  2.427858e-01 -6.885524e-03  1.000000e+00
-1.107196e-01  2.078821e-01 -6.849883e-03  1.000000e+00
-9.093601e-02  1.608570e-01 -5.288372e-03  1.000000e+00
-8.860024e-02  1.552368e-01 -4.944834e-03  1.000000e+00
-8.622767e-02  1.495704e-01 -4.797087e-03  1.000000e+00
-7.836907e-02  1.255186e-01 -3.093770e-03  1.000000e+00
-7.402812e-02  1.139807e-01 -2.675811e-03  1.000000e+00
-7.222352e-02  1.083016e-01 -2.417831e-03  1.000000e+00
-6.928343e-02  9.206822e-02 -7.462163e-04  1.000000e+00
-6.934437e-02  8.667476e-02  8.593617e-04  1.000000e+00
-7.500299e-02  4.388814e-02  2.100949e-02  1.000000e+00
-7.495482e-02  3.341539e-02  2.628159e-02  1.000000e+00
-8.010315e-02 -1.142997e-03  3.973530e-02  1.000000e+00
-8.155576e-02 -5.635238e-03  3.972524e-02  1.000000e+00
-8.448961e-02 -9.744920e-03  3.957392e-02  1.000000e+00
-8.930972e-02 -1.815166e-02  3.852848e-02  1.000000e+00
-1.012207e-01 -3.944657e-02  3.734763e-02  1.000000e+00
-1.113833e-01 -5.116194e-02  3.663284e-02  1.000000e+00
-1.141988e-01 -5.526591e-02  3.593770e-02  1.000000e+00
-1.258807e-01 -6.656385e-02  3.584704e-02  1.000000e+00
-1.408506e-01 -8.186941e-02  3.442268e-02  1.000000e+00
-1.492682e-01 -8.932664e-02  3.439740e-02  1.000000e+00
-1.163181e-01  2.209656e-01 -5.086982e-03  1.000000e+00
-9.400677e-02  1.680546e-01 -4.433402e-03  1.000000e+00
-9.160896e-02  1.623914e-01 -4.555487e-03  1.000000e+00
-7.750118e-02  7.321354e-02  9.184967e-03  1.000000e+00
-7.778782e-02  4.596598e-02  2.290732e-02  1.000000e+00
-7.978094e-02  2.603941e-02  3.153214e-02  1.000000e+00
-8.197807e-02  2.156397e-02  3.152795e-02  1.000000e+00
-8.301447e-02  9.706971e-04  4.186134e-02  1.000000e+00
-8.701898e-02 -7.886954e-03  4.207307e-02  1.000000e+00
-8.895128e-02 -1.219311e-02  4.158553e-02  1.000000e+00
-9.467027e-02 -2.033186e-02  4.112934e-02  1.000000e+00
-9.807012e-02 -2.419820e-02  4.135791e-02  1.000000e+00
-9.849007e-02 -2.841496e-02  4.138456e-02  1.000000e+00
-1.033094e-01 -3.731512e-02  4.007786e-02  1.000000e+00
-1.193848e-01 -5.750524e-02  3.848993e-02  1.000000e+00
-1.229611e-01 -6.115978e-02  3.831175e-02  1.000000e+00
-1.310313e-01 -6.865612e-02  3.812738e-02  1.000000e+00
-1.419453e-01 -8.001528e-02  3.723937e-02  1.000000e+00
-1.239513e-01  2.391608e-01 -5.504293e-03  1.000000e+00
-1.216238e-01  2.336363e-01 -5.312571e-03  1.000000e+00
-9.709068e-02  1.752192e-01 -3.391573e-03  1.000000e+00
-9.494303e-02  1.700358e-01 -2.915182e-03  1.000000e+00
-9.275730e-02  1.648248e-01 -2.738743e-03  1.000000e+00
-8.862068e-02  1.550453e-01 -3.162391e-03  1.000000e+00
-7.884860e-02  1.228640e-01  1.710825e-04  1.000000e+00
-7.999431e-02  6.965474e-02  1.454045e-02  1.000000e+00
-8.091264e-02  5.884932e-02  1.624704e-02  1.000000e+00
-8.072138e-02  4.298794e-02  2.971611e-02  1.000000e+00
-8.280465e-02  3.346253e-02  3.084283e-02  1.000000e+00
-8.480819e-02  1.300853e-02  4.060821e-02  1.000000e+00
-9.167240e-02 -1.008641e-02  4.434980e-02  1.000000e+00
-9.427424e-02 -1.422023e-02  4.411121e-02  1.000000e+00
-9.673686e-02 -1.820958e-02  4.378711e-02  1.000000e+00
-1.039069e-01 -3.090904e-02  4.329998e-02  1.000000e+00
-1.166399e-01 -4.694458e-02  4.251596e-02  1.000000e+00
-1.190261e-01 -5.114607e-02  4.199117e-02  1.000000e+00
-1.281032e-01 -6.300667e-02  4.053683e-02  1.000000e+00
-1.227911e-01  2.359543e-01 -2.921144e-03  1.000000e+00
-1.080702e-01  2.004334e-01 -8.822701e-04  1.000000e+00
-1.005649e-01  1.826530e-01 -8.328839e-04  1.000000e+00
-9.838263e-02  1.774994e-01 -7.392898e-04  1.000000e+00
-9.240647e-02  1.624466e-01  1.235589e-03  1.000000e+00
-8.221266e-02  1.298646e-01  1.795404e-03  1.000000e+00
-8.092971e-02  1.245122e-01  2.102877e-03  1.000000e+00
-8.062851e-02  1.191517e-01  2.486849e-03  1.000000e+00
-7.833486e-02  1.078492e-01  2.769523e-03  1.000000e+00
-7.789263e-02  1.022604e-01  3.567642e-03  1.000000e+00
-7.793201e-02  9.674311e-02  4.883185e-03  1.000000e+00
-7.891801e-02  9.154956e-02  5.257183e-03  1.000000e+00
-8.331289e-02  6.566402e-02  1.731804e-02  1.000000e+00
-8.371660e-02  5.027894e-02  2.725754e-02  1.000000e+00
-8.768583e-02  2.048985e-02  3.961490e-02  1.000000e+00
-8.898628e-02  5.609743e-03  4.652131e-02  1.000000e+00
-9.038134e-02  8.532913e-04  4.672696e-02  1.000000e+00
-9.656393e-02 -1.223357e-02  4.660885e-02  1.000000e+00
-1.049098e-01 -2.437203e-02  4.614067e-02  1.000000e+00
-1.090550e-01 -3.256929e-02  4.602530e-02  1.000000e+00
-1.174181e-01 -4.527554e-02  4.462134e-02  1.000000e+00
-1.296712e-01 -6.135275e-02  4.352905e-02  1.000000e+00
-1.245921e-01  2.385970e-01  1.603798e-03  1.000000e+00
-1.085087e-01  2.009697e-01  3.645865e-04  1.000000e+00
-1.020343e-01  1.846062e-01  2.057621e-03  1.000000e+00
-1.001781e-01  1.788114e-01  2.215603e-03  1.000000e+00
-9.913887e-02  1.731662e-01  2.711376e-03  1.000000e+00
-8.592920e-02  1.366779e-01  3.108459e-03  1.000000e+00
-8.438738e-02  1.255108e-01  3.732070e-03  1.000000e+00
-8.123570e-02  1.087464e-01  4.763462e-03  1.000000e+00
-8.189468e-02  9.385857e-02  7.861062e-03  1.000000e+00
-8.460638e-02  8.901939e-02  8.104736e-03  1.000000e+00
-8.614690e-02  8.352531e-02  1.277346e-02  1.000000e+00
-8.624515e-02  5.709211e-02  2.728578e-02  1.000000e+00
-8.659706e-02  4.190641e-02  3.583966e-02  1.000000e+00
-8.864971e-02  3.215599e-02  3.865908e-02  1.000000e+00
-9.051861e-02  2.272591e-02  4.169594e-02  1.000000e+00
-9.897790e-02 -1.043521e-02  4.921261e-02  1.000000e+00
-1.041077e-01 -1.861365e-02  4.890653e-02  1.000000e+00
-1.071545e-01 -2.277720e-02  4.851769e-02  1.000000e+00
-1.087218e-01 -2.693710e-02  4.845738e-02  1.000000e+00
-1.225501e-01 -4.801195e-02  4.715147e-02  1.000000e+00
-1.289465e-01  2.443544e-01  3.464122e-03  1.000000e+00
-1.098104e-01  2.019252e-01  2.257648e-03  1.000000e+00
-1.063112e-01  1.903041e-01  2.867284e-03  1.000000e+00
-1.044472e-01  1.845046e-01  3.109493e-03  1.000000e+00
-1.015089e-01  1.730976e-01  3.797235e-03  1.000000e+00
-9.911795e-02  1.671842e-01  3.712116e-03  1.000000e+00
-9.397176e-02  1.553159e-01  3.578973e-03  1.000000e+00
-9.146206e-02  1.493893e-01  3.542162e-03  1.000000e+00
-8.734564e-02  1.320969e-01  4.177311e-03  1.000000e+00
-8.701061e-02  1.265644e-01  4.478183e-03  1.000000e+00
-8.784718e-02  9.048256e-02  9.776081e-03  1.000000e+00
-8.888526e-02  7.972806e-02  1.764317e-02  1.000000e+00
-8.907715e-02  7.509983e-02  1.943427e-02  1.000000e+00
-8.891736e-02  5.400467e-02  3.311636e-02  1.000000e+00
-9.128653e-02  3.913904e-02  3.878592e-02  1.000000e+00
-9.309048e-02  2.532362e-02  4.373747e-02  1.000000e+00
-1.180843e-01 -3.767429e-02  5.022681e-02  1.000000e+00
-1.278424e-01 -4.961675e-02  4.964332e-02  1.000000e+00
-1.262957e-01  2.380208e-01  3.711732e-03  1.000000e+00
-1.136564e-01  2.084273e-01  3.371392e-03  1.000000e+00
-1.100910e-01  1.969886e-01  3.889683e-03  1.000000e+00
-1.082094e-01  1.911348e-01  4.082701e-03  1.000000e+00
-1.019854e-01  1.736323e-01  4.452509e-03  1.000000e+00
-9.947467e-02  1.677022e-01  4.386883e-03  1.000000e+00
-9.702243e-02  1.620171e-01  4.430775e-03  1.000000e+00
-8.752330e-02  1.017129e-01  1.034682e-02  1.000000e+00
-9.102812e-02  9.208482e-02  1.142556e-02  1.000000e+00
-9.152478e-02  8.192480e-02  2.010123e-02  1.000000e+00
-9.135683e-02  7.749611e-02  2.205077e-02  1.000000e+00
-9.184224e-02  6.147753e-02  3.088076e-02  1.000000e+00
-9.241271e-02  5.080328e-02  3.812431e-02  1.000000e+00
-9.400176e-02  4.152702e-02  4.088532e-02  1.000000e+00
-9.620714e-02  2.173350e-02  4.852745e-02  1.000000e+00
-1.090891e-01 -1.475225e-02  5.468492e-02  1.000000e+00
-1.186549e-01 -3.101816e-02  5.383126e-02  1.000000e+00
-1.234038e-01 -3.987709e-02  5.268513e-02  1.000000e+00
-1.273445e-01 -4.335967e-02  5.287496e-02  1.000000e+00
-1.299326e-01 -4.752293e-02  5.244148e-02  1.000000e+00
-1.155360e-01  2.093517e-01  4.691834e-03  1.000000e+00
-1.002634e-01  1.690845e-01  5.588016e-03  1.000000e+00
-9.550673e-02  1.517948e-01  6.127093e-03  1.000000e+00
-9.450505e-02  1.461363e-01  6.430990e-03  1.000000e+00
-9.220951e-02  1.367258e-01  8.226413e-03  1.000000e+00
-9.218070e-02  1.316412e-01  8.983446e-03  1.000000e+00
-8.968422e-02  1.256287e-01  8.672796e-03  1.000000e+00
-9.076306e-02  1.034697e-01  1.213963e-02  1.000000e+00
-9.158469e-02  9.871666e-02  1.275418e-02  1.000000e+00
-9.419078e-02  9.419855e-02  1.325255e-02  1.000000e+00
-9.433584e-02  8.439390e-02  2.269397e-02  1.000000e+00
-9.458056e-02  6.832754e-02  3.217476e-02  1.000000e+00
-9.499817e-02  5.778287e-02  3.728252e-02  1.000000e+00
-9.526470e-02  4.788106e-02  4.282889e-02  1.000000e+00
-9.721702e-02  3.837980e-02  4.588657e-02  1.000000e+00
-9.893750e-02  3.404790e-02  4.585345e-02  1.000000e+00
-9.878339e-02  2.436839e-02  5.103668e-02  1.000000e+00
-1.013562e-01  2.106033e-02  5.208679e-02  1.000000e+00
-1.002530e-01  1.443585e-02  5.599164e-02  1.000000e+00
-1.010928e-01  1.046238e-02  5.794312e-02  1.000000e+00
-1.090167e-01  1.055806e-03  5.946702e-02  1.000000e+00
-1.080359e-01 -4.015270e-03  5.891569e-02  1.000000e+00
-1.142116e-01 -1.662293e-02  5.714883e-02  1.000000e+00
-1.447531e-01 -6.123711e-02  5.424420e-02  1.000000e+00
-1.116844e-01  1.935521e-01  7.004365e-03  1.000000e+00
-1.090848e-01  1.875788e-01  6.866572e-03  1.000000e+00
-1.033210e-01  1.700421e-01  7.129985e-03  1.000000e+00
-9.349405e-02  1.105354e-01  1.349794e-02  1.000000e+00
-9.465321e-02  1.007230e-01  1.425642e-02  1.000000e+00
-9.689708e-02  9.167229e-02  2.065421e-02  1.000000e+00
-9.842052e-02  7.598977e-02  3.043755e-02  1.000000e+00
-9.807952e-02  5.493742e-02  4.211536e-02  1.000000e+00
-1.037621e-01  2.197649e-02  5.402073e-02  1.000000e+00
-1.041793e-01  1.196192e-02  5.995704e-02  1.000000e+00
-1.072125e-01  7.211071e-03  5.999295e-02  1.000000e+00
-1.278638e-01 -3.757587e-02  5.699794e-02  1.000000e+00
-1.170846e-01  2.058298e-01  7.424027e-03  1.000000e+00
-1.065618e-01  1.771311e-01  8.917662e-03  1.000000e+00
-1.050579e-01  1.720764e-01  9.733109e-03  1.000000e+00
-1.024148e-01  1.661112e-01  9.460059e-03  1.000000e+00
-9.982899e-02  1.559205e-01  1.102427e-02  1.000000e+00
-9.713461e-02  1.393937e-01  1.199271e-02  1.000000e+00
-9.682454e-02  1.282503e-01  1.235144e-02  1.000000e+00
-9.990438e-02  9.888738e-02  1.718554e-02  1.000000e+00
-1.009356e-01  5.190696e-02  4.705917e-02  1.000000e+00
-1.047173e-01  3.762934e-02  5.097095e-02  1.000000e+00
-1.062125e-01  2.304411e-02  5.656029e-02  1.000000e+00
-1.072305e-01  1.371935e-02  6.094379e-02  1.000000e+00
-1.092572e-01  8.666537e-03  6.222879e-02  1.000000e+00
-1.306604e-01 -3.624186e-02  6.008340e-02  1.000000e+00
-1.384815e-01 -4.711086e-02  5.980990e-02  1.000000e+00
-1.282337e-01  2.354103e-01  8.284272e-03  1.000000e+00
-1.265026e-01  2.296487e-01  8.594941e-03  1.000000e+00
-1.249338e-01  2.239735e-01  9.005161e-03  1.000000e+00
-1.159564e-01  2.019755e-01  1.013911e-02  1.000000e+00
-1.097599e-01  1.842184e-01  1.010359e-02  1.000000e+00
-1.080219e-01  1.786515e-01  1.012858e-02  1.000000e+00
-1.008162e-01  1.249976e-01  1.648401e-02  1.000000e+00
-9.900753e-02  1.200025e-01  1.668385e-02  1.000000e+00
-9.917765e-02  1.143976e-01  1.666587e-02  1.000000e+00
-9.975671e-02  1.099884e-01  1.771318e-02  1.000000e+00
-1.020614e-01  1.013884e-01  2.028644e-02  1.000000e+00
-1.034285e-01  8.549404e-02  2.971471e-02  1.000000e+00
-1.025497e-01  8.068106e-02  3.606904e-02  1.000000e+00
-1.031516e-01  6.929400e-02  3.982730e-02  1.000000e+00
-1.038191e-01  5.391528e-02  4.933129e-02  1.000000e+00
-1.075585e-01  2.958142e-02  5.879891e-02  1.000000e+00
-1.115790e-01  1.036091e-02  6.349021e-02  1.000000e+00
-1.144331e-01  6.736510e-03  6.476182e-02  1.000000e+00
-1.179564e-01 -2.291706e-03  6.625691e-02  1.000000e+00
-1.353250e-01 -3.707648e-02  6.294433e-02  1.000000e+00
-1.179119e-01  2.025859e-01  1.123260e-02  1.000000e+00
-1.132787e-01  1.911476e-01  1.094888e-02  1.000000e+00
-1.060927e-01  1.590072e-01  1.442239e-02  1.000000e+00
-1.044164e-01  1.531431e-01  1.425207e-02  1.000000e+00
-1.032821e-01  1.473501e-01  1.421998e-02  1.000000e+00
-1.038986e-01  1.426115e-01  1.490528e-02  1.000000e+00
-1.019165e-01  1.213010e-01  1.808856e-02  1.000000e+00
-1.031952e-01  1.078693e-01  2.050153e-02  1.000000e+00
-1.046567e-01  1.035796e-01  2.359668e-02  1.000000e+00
-1.063455e-01  6.109152e-02  4.923562e-02  1.000000e+00
-1.067895e-01  5.593707e-02  5.159645e-02  1.000000e+00
-1.118170e-01  2.666722e-02  6.102723e-02  1.000000e+00
-1.163603e-01  8.372855e-03  6.666353e-02  1.000000e+00
-1.196423e-01  4.301615e-03  6.765268e-02  1.000000e+00
-1.320946e-01 -2.165934e-02  6.709795e-02  1.000000e+00
-1.382784e-01 -3.436832e-02  6.598216e-02  1.000000e+00
-1.210376e-01  2.094330e-01  1.215201e-02  1.000000e+00
-1.148477e-01  1.930511e-01  1.303929e-02  1.000000e+00
-1.111736e-01  1.824320e-01  1.416150e-02  1.000000e+00
-1.092752e-01  1.709355e-01  1.461952e-02  1.000000e+00
-1.065061e-01  1.544922e-01  1.516291e-02  1.000000e+00
-1.050349e-01  1.282004e-01  1.959327e-02  1.000000e+00
-1.048513e-01  1.194469e-01  2.118106e-02  1.000000e+00
-1.059892e-01  1.103518e-01  2.283161e-02  1.000000e+00
-1.067095e-01  1.068724e-01  2.586626e-02  1.000000e+00
-1.088585e-01  8.313118e-02  3.960363e-02  1.000000e+00
-1.090696e-01  7.865632e-02  4.185536e-02  1.000000e+00
-1.086450e-01  7.381034e-02  4.459956e-02  1.000000e+00
-1.092859e-01  6.270767e-02  5.151727e-02  1.000000e+00
-1.158817e-01  1.906495e-02  6.635003e-02  1.000000e+00
-1.167880e-01  1.438154e-02  6.826215e-02  1.000000e+00
-1.341133e-01 -2.001758e-02  6.951218e-02  1.000000e+00
-1.141735e-01  1.833254e-01  1.537568e-02  1.000000e+00
-1.083387e-01  1.458675e-01  1.789087e-02  1.000000e+00
-1.074394e-01  1.305688e-01  2.148550e-02  1.000000e+00
-1.070831e-01  1.260843e-01  2.209435e-02  1.000000e+00
-1.078272e-01  1.215750e-01  2.294269e-02  1.000000e+00
-1.112614e-01  9.061076e-02  3.842504e-02  1.000000e+00
-1.114407e-01  8.095329e-02  4.451171e-02  1.000000e+00
-1.118262e-01  7.556439e-02  4.587159e-02  1.000000e+00
-1.121833e-01  6.071777e-02  5.670935e-02  1.000000e+00
-1.142716e-01  5.546046e-02  5.666417e-02  1.000000e+00
-1.144220e-01  5.069882e-02  6.078754e-02  1.000000e+00
-1.161896e-01  4.072683e-02  6.271416e-02  1.000000e+00
-1.151819e-01  1.739763e-01  1.756484e-02  1.000000e+00
-1.121535e-01  1.635239e-01  1.836969e-02  1.000000e+00
-1.138954e-01  9.278572e-02  4.096167e-02  1.000000e+00
-1.169881e-01  1.108260e-01  3.112542e-02  1.000000e+00
-1.170373e-01  9.996928e-02  3.966730e-02  1.000000e+00
-1.171626e-01  8.444022e-02  4.840235e-02  1.000000e+00
-1.177700e-01  7.955393e-02  4.944303e-02  1.000000e+00
-1.175003e-01  7.423795e-02  5.450210e-02  1.000000e+00
-1.203237e-01  5.437557e-02  6.436806e-02  1.000000e+00
-1.210493e-01  1.879179e-01  1.980061e-02  1.000000e+00
-1.172092e-01  1.669594e-01  2.057757e-02  1.000000e+00
-1.152687e-01  1.422083e-01  2.681424e-02  1.000000e+00
-1.150857e-01  1.377084e-01  2.733544e-02  1.000000e+00
-1.185784e-01  1.175671e-01  3.001863e-02  1.000000e+00
-1.194827e-01  1.588300e-01  2.415077e-02  1.000000e+00
-1.184442e-01  1.493176e-01  2.830093e-02  1.000000e+00
-1.230585e-01  1.146859e-01  3.439758e-02  1.000000e+00
 2.561107e-01 -3.619607e-02  1.186166e-02  2.000000e+00
 2.595419e-01 -3.722775e-02  1.998456e-02  2.000000e+00
 2.203457e-01 -2.738917e-02 -2.906991e-02  2.000000e+00
 2.400666e-01 -3.336708e-02  3.363028e-03  2.000000e+00
 2.431941e-01 -3.405929e-02  6.948570e-03  2.000000e+00
 2.567473e-01 -3.689468e-02  2.092502e-02  2.000000e+00
 2.832739e-01 -4.175666e-02  4.186586e-02  2.000000e+00
 3.060158e-01 -4.544795e-02  5.170454e-02  2.000000e+00
 3.343714e-01 -5.008648e-02  6.528606e-02  2.000000e+00
 2.114717e-01 -2.231125e-02 -4.169367e-02  2.000000e+00
 2.223120e-01 -2.913032e-02 -1.229141e-02  2.000000e+00
 2.308176e-01 -3.138201e-02 -2.423284e-03  2.000000e+00
 2.728409e-01 -4.010234e-02  3.810650e-02  2.000000e+00
 2.897580e-01 -4.285504e-02  4.580849e-02  2.000000e+00
 3.047341e-01 -4.528227e-02  5.192637e-02  2.000000e+00
 3.363971e-01 -5.044295e-02  6.816087e-02  2.000000e+00
 2.070138e-01 -1.937542e-02 -4.507015e-02  2.000000e+00
 2.078554e-01 -2.232894e-02 -3.964685e-02  2.000000e+00
 2.130499e-01 -2.674301e-02 -2.479295e-02  2.000000e+00
 2.206545e-01 -2.964466e-02 -6.923139e-03  2.000000e+00
 2.277832e-01 -3.102763e-02 -1.537461e-03  2.000000e+00
 2.367277e-01 -3.327394e-02  8.683938e-03  2.000000e+00
 2.398474e-01 -3.395879e-02  1.215723e-02  2.000000e+00
 2.747416e-01 -4.046357e-02  4.051607e-02  2.000000e+00
 3.251960e-01 -4.868269e-02  6.424457e-02  2.000000e+00
 2.057708e-01 -2.437434e-02 -3.256965e-02  2.000000e+00
 2.095225e-01 -2.639894e-02 -2.305684e-02  2.000000e+00
 2.126235e-01 -2.776738e-02 -1.266376e-02  2.000000e+00
 2.248205e-01 -3.068722e-02 -5.796971e-04  2.000000e+00
 2.299571e-01 -3.224060e-02  7.328024e-03  2.000000e+00
 2.632596e-01 -3.864276e-02  3.687602e-02  2.000000e+00
 2.766681e-01 -4.080960e-02  4.237867e-02  2.000000e+00
 3.285146e-01 -4.920880e-02  6.598508e-02  2.000000e+00
 3.424303e-01 -5.144023e-02  7.245839e-02  2.000000e+00
 2.042331e-01 -2.541577e-02 -2.611211e-02  2.000000e+00
 2.113467e-01 -2.830471e-02 -7.688666e-03  2.000000e+00
 2.333147e-01 -3.313228e-02  1.361645e-02  2.000000e+00
 2.568005e-01 -3.762544e-02  3.508273e-02  2.000000e+00
 2.652603e-01 -3.900657e-02  3.861115e-02  2.000000e+00
 2.702203e-01 -3.980535e-02  4.050984e-02  2.000000e+00
 2.846513e-01 -4.211812e-02  4.626174e-02  2.000000e+00
 2.896246e-01 -4.292273e-02  4.821641e-02  2.000000e+00
 3.171819e-01 -4.741219e-02  6.208160e-02  2.000000e+00
 1.927917e-01 -9.418802e-03 -5.642303e-02  2.000000e+00
 1.960872e-01 -1.863391e-02 -3.967195e-02  2.000000e+00
 2.079074e-01 -2.795245e-02 -5.998298e-03  2.000000e+00
 2.178424e-01 -3.025604e-02  3.030983e-03  2.000000e+00
 2.269641e-01 -3.220409e-02  1.281746e-02  2.000000e+00
 2.686864e-01 -3.958970e-02  4.072830e-02  2.000000e+00
 3.008195e-01 -4.483756e-02  5.630789e-02  2.000000e+00
 3.199151e-01 -4.790007e-02  6.517484e-02  2.000000e+00
 3.450084e-01 -5.187219e-02  7.546320e-02  2.000000e+00
 2.002164e-01 -2.607313e-02 -1.257846e-02  2.000000e+00
 2.088016e-01 -2.834966e-02 -2.197678e-03  2.000000e+00
 2.141247e-01 -2.989378e-02  5.269734e-03  2.000000e+00
 2.473358e-01 -3.617185e-02  3.277600e-02  2.000000e+00
 2.572433e-01 -3.777388e-02  3.690583e-02  2.000000e+00
 2.668094e-01 -3.931403e-02  4.062976e-02  2.000000e+00
 3.129953e-01 -4.684119e-02  6.428508e-02  2.000000e+00
 1.889308e-01 -1.846299e-02 -3.622929e-02  2.000000e+00
 1.932229e-01 -2.433002e-02 -2.087202e-02  2.000000e+00
 1.964051e-01 -2.573066e-02 -1.019967e-02  2.000000e+00
 2.111260e-01 -2.960150e-02  6.822611e-03  2.000000e+00
 2.150130e-01 -3.032454e-02  9.467490e-03  2.000000e+00
 2.259632e-01 -3.241111e-02  1.828700e-02  2.000000e+00
 2.605705e-01 -3.834040e-02  3.865829e-02  2.000000e+00
 2.781691e-01 -4.126567e-02  4.849609e-02  2.000000e+00
 3.183352e-01 -4.768943e-02  6.681905e-02  2.000000e+00
 1.781073e-01 -2.522871e-03 -6.519580e-02  2.000000e+00
 1.791199e-01 -5.456024e-03 -6.021973e-02  2.000000e+00
 1.951691e-01 -2.625357e-02 -5.053453e-03  2.000000e+00
 2.112890e-01 -2.995980e-02  1.170522e-02  2.000000e+00
 2.440586e-01 -3.572448e-02  3.278836e-02  2.000000e+00
 2.803702e-01 -4.169543e-02  5.256034e-02  2.000000e+00
 3.207599e-01 -4.803993e-02  6.851030e-02  2.000000e+00
 3.307925e-01 -4.961350e-02  7.227329e-02  2.000000e+00
 1.763128e-01 -7.951237e-03 -5.251937e-02  2.000000e+00
 1.809560e-01 -1.471255e-02 -3.847654e-02  2.000000e+00
 1.816083e-01 -1.836687e-02 -3.295409e-02  2.000000e+00
 1.821351e-01 -2.166187e-02 -2.668902e-02  2.000000e+00
 1.894375e-01 -2.530053e-02 -7.094101e-03  2.000000e+00
 1.982982e-01 -2.755593e-02  3.189580e-03  2.000000e+00
 2.016834e-01 -2.828298e-02  6.544926e-03  2.000000e+00
 2.166152e-01 -3.110877e-02  1.826544e-02  2.000000e+00
 2.234676e-01 -3.238822e-02  2.410311e-02  2.000000e+00
 2.274157e-01 -3.305646e-02  2.640302e-02  2.000000e+00
 2.884883e-01 -4.296664e-02  5.652051e-02  2.000000e+00
 3.094813e-01 -4.625865e-02  6.442782e-02  2.000000e+00
 3.144558e-01 -4.703309e-02  6.633897e-02  2.000000e+00
 1.689619e-01  7.696984e-03 -7.647607e-02  2.000000e+00
 1.697983e-01  4.666794e-04 -6.575954e-02  2.000000e+00
 1.722455e-01 -6.923219e-03 -5.588422e-02  2.000000e+00
 1.758607e-01 -1.317698e-02 -4.138238e-02  2.000000e+00
 1.775594e-01 -1.447247e-02 -3.662022e-02  2.000000e+00
 1.786420e-01 -2.163127e-02 -2.459543e-02  2.000000e+00
 1.918283e-01 -2.654324e-02  1.505598e-03  2.000000e+00
 1.958089e-01 -2.731362e-02  4.570809e-03  2.000000e+00
 2.059190e-01 -2.935105e-02  1.393180e-02  2.000000e+00
 2.130974e-01 -3.073259e-02  2.020727e-02  2.000000e+00
 2.168551e-01 -3.136813e-02  2.236849e-02  2.000000e+00
 2.577918e-01 -3.814404e-02  4.466007e-02  2.000000e+00
 2.676314e-01 -3.969370e-02  4.861298e-02  2.000000e+00
 2.772215e-01 -4.119373e-02  5.249286e-02  2.000000e+00
 2.982336e-01 -4.449323e-02  6.038366e-02  2.000000e+00
 3.034724e-01 -4.531265e-02  6.233095e-02  2.000000e+00
 1.638712e-01  1.138833e-02 -7.994862e-02  2.000000e+00
 1.660137e-01  6.334731e-04 -6.399295e-02  2.000000e+00
 1.670379e-01 -2.061280e-03 -5.889696e-02  2.000000e+00
 1.689212e-01 -7.528108e-03 -4.848764e-02  2.000000e+00
 1.768893e-01 -2.228683e-02 -1.822703e-02  2.000000e+00
 1.803267e-01 -2.364796e-02 -8.516837e-03  2.000000e+00
 1.824357e-01 -2.455770e-02 -4.356670e-03  2.000000e+00
 1.890032e-01 -2.624221e-02  2.728879e-03  2.000000e+00
 1.921794e-01 -2.695190e-02  6.280816e-03  2.000000e+00
 1.953153e-01 -2.761120e-02  9.672261e-03  2.000000e+00
 1.991931e-01 -2.829866e-02  1.208138e-02  2.000000e+00
 2.102247e-01 -3.034022e-02  2.061047e-02  2.000000e+00
 2.141577e-01 -3.100619e-02  2.287202e-02  2.000000e+00
 2.437316e-01 -3.589341e-02  3.992679e-02  2.000000e+00
 2.464486e-01 -3.634390e-02  4.134658e-02  2.000000e+00
 2.608896e-01 -3.862388e-02  4.673808e-02  2.000000e+00
 3.015141e-01 -4.498079e-02  6.299063e-02  2.000000e+00
 3.224907e-01 -4.826151e-02  7.057308e-02  2.000000e+00
 1.591896e-01  1.514560e-02 -8.293462e-02  2.000000e+00
 1.653331e-01 -7.317224e-03 -4.657420e-02  2.000000e+00
 1.682149e-01 -8.727168e-03 -4.361119e-02  2.000000e+00
 1.684777e-01 -1.270048e-02 -3.740343e-02  2.000000e+00
 1.712680e-01 -2.090439e-02 -2.118398e-02  2.000000e+00
 1.748832e-01 -2.264755e-02 -1.144779e-02  2.000000e+00
 1.765884e-01 -2.357887e-02 -6.610974e-03  2.000000e+00
 1.821984e-01 -2.517437e-02  9.664735e-04  2.000000e+00
 2.035262e-01 -2.929798e-02  1.893799e-02  2.000000e+00
 2.074720e-01 -2.998162e-02  2.144953e-02  2.000000e+00
 2.127818e-01 -3.081778e-02  2.328991e-02  2.000000e+00
 2.180536e-01 -3.163902e-02  2.502132e-02  2.000000e+00
 2.397577e-01 -3.527139e-02  3.912489e-02  2.000000e+00
 2.697457e-01 -3.999395e-02  5.037801e-02  2.000000e+00
 3.446147e-01 -5.161074e-02  7.988153e-02  2.000000e+00
 1.647694e-01 -1.240142e-02 -3.573936e-02  2.000000e+00
 1.666121e-01 -1.444768e-02 -3.117324e-02  2.000000e+00
 1.670457e-01 -1.793751e-02 -2.536408e-02  2.000000e+00
 1.728276e-01 -2.321141e-02 -4.664433e-03  2.000000e+00
 1.762912e-01 -2.392669e-02 -1.467808e-03  2.000000e+00
 1.856849e-01 -2.618207e-02  8.528033e-03  2.000000e+00
 1.897994e-01 -2.690110e-02  1.098598e-02  2.000000e+00
 1.928044e-01 -2.754318e-02  1.446495e-02  2.000000e+00
 2.202644e-01 -3.211250e-02  2.862744e-02  2.000000e+00
 2.475948e-01 -3.650856e-02  4.212965e-02  2.000000e+00
 3.139738e-01 -4.683413e-02  6.876839e-02  2.000000e+00
 1.500955e-01  2.167652e-02 -9.434805e-02  2.000000e+00
 1.581736e-01 -7.591948e-03 -4.357561e-02  2.000000e+00
 1.610528e-01 -1.213190e-02 -3.388522e-02  2.000000e+00
 1.639515e-01 -2.058839e-02 -1.722395e-02  2.000000e+00
 1.657155e-01 -2.131456e-02 -1.217270e-02  2.000000e+00
 1.673455e-01 -2.197212e-02 -7.192302e-03  2.000000e+00
 1.792355e-01 -2.516743e-02  6.769714e-03  2.000000e+00
 1.861412e-01 -2.653315e-02  1.309183e-02  2.000000e+00
 1.940857e-01 -2.792900e-02  1.828300e-02  2.000000e+00
 2.136492e-01 -3.108345e-02  2.686912e-02  2.000000e+00
 2.314260e-01 -3.398354e-02  3.604267e-02  2.000000e+00
 2.470505e-01 -3.640947e-02  4.185481e-02  2.000000e+00
 2.520266e-01 -3.719036e-02  4.388778e-02  2.000000e+00
 2.572375e-01 -3.800005e-02  4.580352e-02  2.000000e+00
 2.764244e-01 -4.098846e-02  5.384344e-02  2.000000e+00
 2.814892e-01 -4.177392e-02  5.575841e-02  2.000000e+00
 3.120211e-01 -4.646772e-02  6.797899e-02  2.000000e+00
 1.468698e-01  2.053944e-02 -8.659346e-02  2.000000e+00
 1.479191e-01  1.960383e-02 -8.165220e-02  2.000000e+00
 1.486338e-01  1.620846e-02 -7.670730e-02  2.000000e+00
 1.503796e-01  8.070487e-03 -6.703886e-02  2.000000e+00
 1.518517e-01  2.276573e-03 -5.652609e-02  2.000000e+00
 1.591559e-01 -1.384254e-02 -2.756458e-02  2.000000e+00
 1.596467e-01 -1.728445e-02 -2.161220e-02  2.000000e+00
 1.668216e-01 -2.257004e-02 -2.049215e-03  2.000000e+00
 1.693808e-01 -2.344854e-02  1.802424e-03  2.000000e+00
 1.764079e-01 -2.485157e-02  8.033415e-03  2.000000e+00
 1.874536e-01 -2.691458e-02  1.675165e-02  2.000000e+00
 1.980300e-01 -2.858009e-02  2.062383e-02  2.000000e+00
 2.026912e-01 -2.933947e-02  2.284981e-02  2.000000e+00
 2.201329e-01 -3.220681e-02  3.210978e-02  2.000000e+00
 2.357910e-01 -3.464595e-02  3.793693e-02  2.000000e+00
 2.600982e-01 -3.842734e-02  4.809943e-02  2.000000e+00
 1.442155e-01  1.977132e-02 -7.998652e-02  2.000000e+00
 1.486553e-01 -9.814856e-04 -4.990842e-02  2.000000e+00
 1.496981e-01 -3.742572e-03 -4.528582e-02  2.000000e+00
 1.506750e-01 -7.211584e-03 -4.013898e-02  2.000000e+00
 1.564953e-01 -1.993404e-02 -1.329207e-02  2.000000e+00
 1.600126e-01 -2.150831e-02 -3.763016e-03  2.000000e+00
 1.659869e-01 -2.310703e-02  3.463382e-03  2.000000e+00
 1.696265e-01 -2.378468e-02  6.130314e-03  2.000000e+00
 1.725925e-01 -2.439721e-02  9.192148e-03  2.000000e+00
 2.349711e-01 -3.449644e-02  3.807231e-02  2.000000e+00
 2.393724e-01 -3.518777e-02  4.008601e-02  2.000000e+00
 2.488406e-01 -3.665463e-02  4.402227e-02  2.000000e+00
 2.591901e-01 -3.825192e-02  4.789307e-02  2.000000e+00
 2.690936e-01 -3.978514e-02  5.175822e-02  2.000000e+00
 2.896501e-01 -4.295500e-02  5.937391e-02  2.000000e+00
 3.249512e-01 -4.837243e-02  7.264322e-02  2.000000e+00
 1.393062e-01  2.089456e-02 -8.376064e-02  2.000000e+00
 1.419321e-01  1.246429e-02 -6.974089e-02  2.000000e+00
 1.478490e-01 -1.065154e-02 -3.257347e-02  2.000000e+00
 1.522455e-01 -1.248717e-02 -2.441503e-02  2.000000e+00
 1.527704e-01 -1.964499e-02 -1.105801e-02  2.000000e+00
 1.544658e-01 -2.024198e-02 -6.648925e-03  2.000000e+00
 1.597177e-01 -2.205000e-02  1.056965e-03  2.000000e+00
 1.699820e-01 -2.408906e-02  1.024797e-02  2.000000e+00
 1.740167e-01 -2.480504e-02  1.292385e-02  2.000000e+00
 1.928227e-01 -2.787255e-02  2.227641e-02  2.000000e+00
 1.973485e-01 -2.859340e-02  2.417581e-02  2.000000e+00
 2.021695e-01 -2.935466e-02  2.618821e-02  2.000000e+00
 2.281232e-01 -3.342426e-02  3.667843e-02  2.000000e+00
 2.325577e-01 -3.411373e-02  3.846207e-02  2.000000e+00
 2.528291e-01 -3.723719e-02  4.591336e-02  2.000000e+00
 2.683340e-01 -3.962769e-02  5.169188e-02  2.000000e+00
 2.833428e-01 -4.193788e-02  5.731090e-02  2.000000e+00
 2.935192e-01 -4.349939e-02  6.106930e-02  2.000000e+00
 1.348320e-01  2.425179e-02 -9.203743e-02  2.000000e+00
 1.378285e-01  1.728845e-02 -7.210367e-02  2.000000e+00
 1.416700e-01 -3.474602e-04 -4.660992e-02  2.000000e+00
 1.440884e-01 -1.035905e-02 -3.080346e-02  2.000000e+00
 1.490670e-01 -1.280629e-02 -2.292208e-02  2.000000e+00
 1.489858e-01 -1.889726e-02 -1.576806e-02  2.000000e+00
 1.489236e-01 -1.926275e-02 -9.318080e-03  2.000000e+00
 1.506862e-01 -1.986391e-02 -4.887762e-03  2.000000e+00
 1.562861e-01 -2.167596e-02  2.378768e-03  2.000000e+00
 1.632758e-01 -2.304467e-02  8.488078e-03  2.000000e+00
 1.672659e-01 -2.374197e-02  1.102118e-02  2.000000e+00
 1.909016e-01 -2.757712e-02  2.216938e-02  2.000000e+00
 1.958785e-01 -2.835372e-02  2.409614e-02  2.000000e+00
 2.414915e-01 -3.544710e-02  4.199686e-02  2.000000e+00
 2.464282e-01 -3.620794e-02  4.386759e-02  2.000000e+00
 2.670942e-01 -3.938723e-02  5.138780e-02  2.000000e+00
 2.722343e-01 -4.017388e-02  5.326561e-02  2.000000e+00
 3.041688e-01 -4.510051e-02  6.460679e-02  2.000000e+00
 3.091968e-01 -4.587167e-02  6.648661e-02  2.000000e+00
 1.306523e-01  3.011519e-02 -9.497246e-02  2.000000e+00
 1.341925e-01  1.723713e-02 -6.970019e-02  2.000000e+00
 1.357772e-01  7.469355e-03 -5.935687e-02  2.000000e+00
 1.363982e-01  6.494682e-03 -5.442617e-02  2.000000e+00
 1.375180e-01  4.024306e-03 -4.995594e-02  2.000000e+00
 1.386801e-01 -3.700360e-03 -3.981549e-02  2.000000e+00
 1.403877e-01 -1.009934e-02 -2.882668e-02  2.000000e+00
 1.424611e-01 -1.098365e-02 -2.493584e-02  2.000000e+00
 1.454120e-01 -1.865227e-02 -1.358755e-02  2.000000e+00
 1.469175e-01 -1.972772e-02 -3.356190e-03  2.000000e+00
 1.501632e-01 -2.041558e-02 -6.725913e-05  2.000000e+00
 1.533973e-01 -2.132034e-02  3.240278e-03  2.000000e+00
 1.565287e-01 -2.198046e-02  6.520318e-03  2.000000e+00
 1.795429e-01 -2.577690e-02  1.823638e-02  2.000000e+00
 1.845274e-01 -2.655674e-02  2.015115e-02  2.000000e+00
 2.146735e-01 -3.125759e-02  3.211592e-02  2.000000e+00
 2.301976e-01 -3.365739e-02  3.786417e-02  2.000000e+00
 2.456674e-01 -3.603302e-02  4.341558e-02  2.000000e+00
 2.878915e-01 -4.254143e-02  5.873627e-02  2.000000e+00
 3.033654e-01 -4.492019e-02  6.435993e-02  2.000000e+00
 1.292192e-01  1.967579e-02 -7.239224e-02  2.000000e+00
 1.305744e-01  1.733861e-02 -6.766291e-02  2.000000e+00
 1.326861e-01  6.599209e-03 -5.252944e-02  2.000000e+00
 1.338713e-01  4.128926e-03 -4.791541e-02  2.000000e+00
 1.342534e-01  1.607457e-05 -4.303259e-02  2.000000e+00
 1.350287e-01 -3.533239e-03 -3.759917e-02  2.000000e+00
 1.366764e-01 -9.806864e-03 -2.709373e-02  2.000000e+00
 1.421058e-01 -1.840538e-02 -1.125838e-02  2.000000e+00
 1.467774e-01 -2.031809e-02  1.938907e-03  2.000000e+00
 1.499497e-01 -2.099248e-02  5.324427e-03  2.000000e+00
 1.540048e-01 -2.170682e-02  7.915068e-03  2.000000e+00
 1.633409e-01 -2.320871e-02  1.217275e-02  2.000000e+00
 1.879783e-01 -2.707517e-02  2.218907e-02  2.000000e+00
 1.983223e-01 -2.866881e-02  2.594234e-02  2.000000e+00
 2.251127e-01 -3.281523e-02  3.568758e-02  2.000000e+00
 2.614006e-01 -3.840498e-02  4.896837e-02  2.000000e+00
 2.820041e-01 -4.156647e-02  5.649320e-02  2.000000e+00
 1.253910e-01  2.000199e-02 -7.133123e-02  2.000000e+00
 1.289614e-01  6.699894e-03 -5.065956e-02  2.000000e+00
 1.324879e-01 -9.584642e-03 -2.695350e-02  2.000000e+00
 1.377645e-01 -1.815952e-02 -3.763412e-03  2.000000e+00
 1.520215e-01 -2.142962e-02  8.434995e-03  2.000000e+00
 1.569867e-01 -2.220206e-02  1.036044e-02  2.000000e+00
 1.616719e-01 -2.295502e-02  1.245626e-02  2.000000e+00
 1.666488e-01 -2.373384e-02  1.444299e-02  2.000000e+00
 2.036832e-01 -2.943798e-02  2.769376e-02  2.000000e+00
 2.243588e-01 -3.263164e-02  3.542573e-02  2.000000e+00
 2.625422e-01 -3.853111e-02  4.889187e-02  2.000000e+00
 2.770743e-01 -4.075376e-02  5.435260e-02  2.000000e+00
 2.925841e-01 -4.314609e-02  6.004762e-02  2.000000e+00
 3.027448e-01 -4.470062e-02  6.376705e-02  2.000000e+00
 1.208431e-01  2.143370e-02 -7.480172e-02  2.000000e+00
 1.245324e-01  8.057720e-03 -5.455239e-02  2.000000e+00
 1.249503e-01  6.911624e-03 -4.959075e-02  2.000000e+00
 1.261420e-01  4.504033e-03 -4.501245e-02  2.000000e+00
 1.285584e-01 -9.221346e-03 -2.562724e-02  2.000000e+00
 1.342055e-01 -1.808534e-02 -1.739775e-03  2.000000e+00
 1.406930e-01 -1.964998e-02  4.758983e-03  2.000000e+00
 1.502990e-01 -2.116028e-02  8.672313e-03  2.000000e+00
 1.554638e-01 -2.195442e-02  1.051468e-02  2.000000e+00
 1.606210e-01 -2.274236e-02  1.225121e-02  2.000000e+00
 2.046565e-01 -2.950194e-02  2.735691e-02  2.000000e+00
 2.829475e-01 -4.160787e-02  5.607948e-02  2.000000e+00
 1.174539e-01  2.186155e-02 -7.247268e-02  2.000000e+00
 1.181433e-01  2.044132e-02 -6.730422e-02  2.000000e+00
 1.191695e-01  1.737530e-02 -6.220777e-02  2.000000e+00
 1.209776e-01  1.300716e-02 -5.909900e-02  2.000000e+00
 1.236268e-01 -2.475860e-03 -3.330269e-02  2.000000e+00
 1.340022e-01 -1.860724e-02  3.023937e-03  2.000000e+00
 1.391614e-01 -1.939574e-02  4.819003e-03  2.000000e+00
 1.127665e-01  5.136061e-02 -1.047252e-01  2.000000e+00
 1.141747e-01  3.982489e-02 -9.090158e-02  2.000000e+00
 1.141149e-01  2.738392e-02 -8.122257e-02  2.000000e+00
 1.141892e-01  2.421337e-02 -7.524463e-02  2.000000e+00
 1.154802e-01  1.734698e-02 -6.014250e-02  2.000000e+00
 1.178832e-01  7.532999e-03 -4.528209e-02  2.000000e+00
 1.188705e-01  4.439442e-03 -4.056287e-02  2.000000e+00
 1.211655e-01 -6.037750e-03 -2.528240e-02  2.000000e+00
 1.236777e-01 -1.505276e-02 -7.902860e-03  2.000000e+00
 1.099396e-01  4.846583e-02 -9.786026e-02  2.000000e+00
 1.111362e-01  4.073439e-02 -8.887731e-02  2.000000e+00
 1.107797e-01  2.306180e-02 -6.843782e-02  2.000000e+00
 1.105955e-01  2.037713e-02 -6.361402e-02  2.000000e+00
 1.141612e-01  7.628297e-03 -4.329586e-02  2.000000e+00
 1.164779e-01 -2.183050e-03 -2.839754e-02  2.000000e+00
 1.182407e-01 -8.721392e-03 -1.732556e-02  2.000000e+00
 1.199304e-01 -1.474089e-02 -5.954973e-03  2.000000e+00
 1.214277e-01 -1.606098e-02 -1.742151e-03  2.000000e+00
 1.498584e-01 -2.073265e-02  6.488576e-03  2.000000e+00
 1.074586e-01  2.418395e-02 -7.282555e-02  2.000000e+00
 1.069189e-01  2.336054e-02 -6.722710e-02  2.000000e+00
 1.104284e-01  7.714982e-03 -4.118862e-02  2.000000e+00
 1.114588e-01  4.676680e-03 -3.654400e-02  2.000000e+00
 1.145967e-01 -8.668466e-03 -1.563952e-02  2.000000e+00
 1.160830e-01 -1.431624e-02 -4.770767e-03  2.000000e+00
 1.175776e-01 -1.605968e-02 -6.693564e-04  2.000000e+00
 1.008479e-01  5.356508e-02 -1.027195e-01  2.000000e+00
 1.033213e-01  4.638641e-02 -9.044733e-02  2.000000e+00
 1.036921e-01  2.161588e-02 -5.933836e-02  2.000000e+00
 1.039224e-01  1.739923e-02 -5.378760e-02  2.000000e+00
 1.121720e-01 -1.387754e-02 -3.842500e-03  2.000000e+00
 9.846689e-02  4.905471e-02 -9.278496e-02  2.000000e+00
 1.002111e-01  2.233669e-02 -5.752948e-02  2.000000e+00
 1.011144e-01  1.403128e-02 -4.725535e-02  2.000000e+00
 1.062925e-01 -5.031877e-03 -1.808665e-02  2.000000e+00
 1.082502e-01 -1.367674e-02 -2.865464e-03  2.000000e+00
 9.364287e-02  5.925442e-02 -1.084913e-01  2.000000e+00
 9.353694e-02  5.161177e-02 -9.546707e-02  2.000000e+00
 9.402746e-02  4.911030e-02 -9.186562e-02  2.000000e+00
 9.560366e-02  4.763399e-02 -8.733996e-02  2.000000e+00
 9.693905e-02  3.696041e-02 -7.855342e-02  2.000000e+00
 9.653357e-02  2.223807e-02 -5.541575e-02  2.000000e+00
 9.723260e-02  1.887872e-02 -5.082358e-02  2.000000e+00
 9.889246e-02  8.143003e-03 -3.644258e-02  2.000000e+00
 1.011742e-01  2.176991e-03 -2.648298e-02  2.000000e+00
 1.022921e-01 -4.421933e-03 -1.810862e-02  2.000000e+00
 1.036807e-01 -1.120504e-02 -6.693510e-03  2.000000e+00
 1.042371e-01 -1.361184e-02 -2.185010e-03  2.000000e+00
 1.050844e-01 -1.512202e-02  2.848530e-04  2.000000e+00
 1.058501e-01 -1.521716e-02  1.092673e-03  2.000000e+00
 9.389284e-02  4.399284e-02 -8.127881e-02  2.000000e+00
 9.336385e-02  2.602280e-02 -5.945132e-02  2.000000e+00
 9.376669e-02  1.990674e-02 -4.967928e-02  2.000000e+00
 9.372919e-02  1.435556e-02 -4.435093e-02  2.000000e+00
 9.854536e-02  4.403192e-04 -2.104103e-02  2.000000e+00
 9.864038e-02 -4.576411e-03 -1.643799e-02  2.000000e+00
 9.935629e-02 -8.640951e-03 -1.081324e-02  2.000000e+00
 8.923273e-02  4.385231e-02 -8.113662e-02  2.000000e+00
 9.048167e-02  2.797129e-02 -5.820079e-02  2.000000e+00
 8.955195e-02  2.364945e-02 -5.275155e-02  2.000000e+00
 8.991001e-02  1.989771e-02 -4.776510e-02  2.000000e+00
 9.089380e-02  1.159581e-02 -3.659484e-02  2.000000e+00
 9.230116e-02  5.088397e-03 -2.861416e-02  2.000000e+00
 9.544038e-02 -8.176339e-03 -9.780479e-03  2.000000e+00
 9.570654e-02 -1.010097e-02 -5.232803e-03  2.000000e+00
 9.677858e-02 -1.380402e-02  1.046674e-03  2.000000e+00
 8.320676e-02  5.249835e-02 -8.892219e-02  2.000000e+00
 8.668588e-02  3.283764e-02 -6.119696e-02  2.000000e+00
 8.635589e-02  1.958148e-02 -4.513181e-02  2.000000e+00
 8.939286e-02  2.579633e-03 -2.278751e-02  2.000000e+00
 9.095024e-02  2.816701e-04 -1.861386e-02  2.000000e+00
 9.279175e-02 -1.348892e-02  1.367851e-03  2.000000e+00
 7.902135e-02  4.706424e-02 -8.158781e-02  2.000000e+00
 8.377995e-02  2.892045e-02 -5.379144e-02  2.000000e+00
 8.322211e-02  1.258203e-02 -3.447269e-02  2.000000e+00
 8.479584e-02  5.878603e-03 -2.610112e-02  2.000000e+00
 7.517266e-02  5.107086e-02 -8.382915e-02  2.000000e+00
 7.984249e-02  3.357719e-02 -5.730564e-02  2.000000e+00
 8.018523e-02  2.931085e-02 -5.223116e-02  2.000000e+00
 7.937732e-02  1.276171e-02 -3.345351e-02  2.000000e+00
 8.014460e-02  9.203582e-03 -2.882767e-02  2.000000e+00
 8.106300e-02  5.720435e-03 -2.443033e-02  2.000000e+00
 8.157870e-02  3.046769e-03 -2.015175e-02  2.000000e+00
 7.278604e-02  5.541128e-02 -8.444565e-02  2.000000e+00
 7.224345e-02  5.177304e-02 -8.019893e-02  2.000000e+00
 7.204745e-02  4.783762e-02 -7.603125e-02  2.000000e+00
 7.646540e-02  3.459659e-02 -5.620225e-02  2.000000e+00
 7.572209e-02  2.790833e-02 -4.743526e-02  2.000000e+00
 7.540119e-02  1.754527e-02 -3.688581e-02  2.000000e+00
 7.707226e-02  5.944287e-03 -2.319150e-02  2.000000e+00
 7.940966e-02 -1.172641e-02 -5.330341e-05  2.000000e+00
 7.006872e-02  4.422269e-02 -6.590174e-02  2.000000e+00
 7.038446e-02  3.621828e-02 -5.727742e-02  2.000000e+00
 7.219602e-02  1.824941e-02 -3.543276e-02  2.000000e+00
 7.272668e-02  1.012904e-02 -2.617720e-02  2.000000e+00
 7.305537e-02  6.348416e-03 -2.237722e-02  2.000000e+00
 7.532336e-02 -5.140238e-03 -7.089554e-03  2.000000e+00
 7.486334e-02 -7.983781e-03 -3.970833e-03  2.000000e+00
 6.742200e-02  5.418626e-02 -7.239019e-02  2.000000e+00
 6.702394e-02  4.982411e-02 -6.827391e-02  2.000000e+00
 6.658136e-02  4.516451e-02 -6.455039e-02  2.000000e+00
 6.653383e-02  3.687925e-02 -5.644762e-02  2.000000e+00
 6.877790e-02  2.834965e-02 -4.387715e-02  2.000000e+00
 6.865125e-02  1.454357e-02 -2.898667e-02  2.000000e+00
 6.889076e-02  1.018023e-02 -2.538138e-02  2.000000e+00
 6.452118e-02  5.769329e-02 -7.543598e-02  2.000000e+00
 6.361411e-02  4.678079e-02 -6.319491e-02  2.000000e+00
 6.263573e-02  3.801526e-02 -5.622438e-02  2.000000e+00
 6.524310e-02  1.573983e-02 -2.787660e-02  2.000000e+00
 6.495665e-02  7.574315e-03 -2.155467e-02  2.000000e+00
 6.726878e-02 -3.401872e-03 -6.716533e-03  2.000000e+00
 5.838325e-02  3.900481e-02 -5.647568e-02  2.000000e+00
 6.191779e-02  2.566338e-02 -3.579452e-02  2.000000e+00
 6.205645e-02  1.761727e-02 -2.722640e-02  2.000000e+00
 6.092586e-02  8.520300e-03 -2.146107e-02  2.000000e+00
 6.193207e-02  1.861248e-03 -1.221296e-02  2.000000e+00
 5.682980e-02  5.349240e-02 -6.337979e-02  2.000000e+00
 5.568089e-02  3.625739e-02 -4.730943e-02  2.000000e+00
 5.588702e-02  3.164795e-02 -4.299792e-02  2.000000e+00
 5.654924e-02  8.876705e-03 -2.123002e-02  2.000000e+00
 5.726784e-02  4.835735e-03 -1.550366e-02  2.000000e+00
 5.531650e-02  6.689006e-02 -7.420761e-02  2.000000e+00
 5.278948e-02  5.070943e-02 -5.935710e-02  2.000000e+00
 5.428395e-02 -1.277881e-02  3.728014e-03  2.000000e+00
 5.203835e-02  6.810244e-02 -7.231647e-02  2.000000e+00
 4.943710e-02  5.137790e-02 -5.694361e-02  2.000000e+00
 4.905494e-02  3.324582e-02 -3.973693e-02  2.000000e+00
 4.935555e-02  3.024087e-03 -1.070990e-02  2.000000e+00
 4.966975e-02 -9.326432e-03 -5.311944e-04  2.000000e+00
 5.026951e-02 -1.467007e-02  5.348450e-03  2.000000e+00
 4.609083e-02  3.972426e-02 -4.214588e-02  2.000000e+00
 4.541898e-02  2.534957e-02 -3.126481e-02  2.000000e+00
 4.260627e-02  4.548132e-02 -4.384902e-02  2.000000e+00
 4.205618e-02  3.131813e-02 -3.361564e-02  2.000000e+00
 4.053357e-02  1.885285e-02 -2.442619e-02  2.000000e+00
 4.193296e-02 -1.265480e-02  5.017059e-03  2.000000e+00
 4.127036e-02  6.795047e-02 -6.369399e-02  2.000000e+00
 4.027505e-02  5.628675e-02 -5.042458e-02  2.000000e+00
 3.958741e-02  4.732616e-02 -4.214698e-02  2.000000e+00
 3.925462e-02  3.373501e-02 -3.182748e-02  2.000000e+00
 3.654627e-02  2.346948e-02 -2.717173e-02  2.000000e+00
 3.680945e-02  1.126322e-02 -1.617351e-02  2.000000e+00
 3.723768e-02  7.668059e-03 -1.233236e-02  2.000000e+00
 3.699322e-02  4.154156e-03 -9.739304e-03  2.000000e+00
 3.779727e-02 -1.261983e-02  5.703832e-03  2.000000e+00
 3.638682e-02  4.928615e-02 -4.067988e-02  2.000000e+00
 3.607845e-02  4.457590e-02 -3.770647e-02  2.000000e+00
 3.488508e-02  3.365488e-02 -3.128963e-02  2.000000e+00
 3.321692e-02  1.174798e-02 -1.540969e-02  2.000000e+00
 3.287454e-02  4.196299e-03 -9.571415e-03  2.000000e+00
 3.405868e-02 -1.489954e-02  7.854645e-03  2.000000e+00
 3.275129e-02  4.574095e-02 -3.564941e-02  2.000000e+00
 2.785833e-02  1.437213e-03 -8.016894e-03  2.000000e+00
 3.074445e-02  6.358284e-02 -4.887671e-02  2.000000e+00
 3.046335e-02  5.980202e-02 -4.528748e-02  2.000000e+00
 2.954726e-02  4.748702e-02 -3.384888e-02  2.000000e+00
 2.574237e-02  1.781968e-02 -1.714247e-02  2.000000e+00
 2.681739e-02  6.371854e-02 -4.767606e-02  2.000000e+00
 2.319655e-02  3.462593e-02 -2.591174e-02  2.000000e+00
 2.285040e-02  2.935776e-02 -2.325594e-02  2.000000e+00
 2.261061e-02  2.409469e-02 -1.912276e-02  2.000000e+00
 2.192377e-02  1.407056e-02 -1.380086e-02  2.000000e+00
 2.123973e-02  8.824113e-03 -1.084092e-02  2.000000e+00
 2.066732e-02  5.474730e-03 -8.935702e-03  2.000000e+00
 1.954607e-02 -1.742879e-03 -4.527949e-03  2.000000e+00
 2.107829e-02 -9.699563e-03  5.620346e-03  2.000000e+00
 2.336073e-02  5.862122e-02 -3.900564e-02  2.000000e+00
 2.263904e-02  5.400068e-02 -3.530329e-02  2.000000e+00
 2.175414e-02  4.537383e-02 -2.902413e-02  2.000000e+00
 1.566941e-02  1.785424e-03 -7.537494e-03  2.000000e+00
 1.550081e-02 -2.269552e-03 -4.410961e-03  2.000000e+00
 1.630422e-02 -6.481665e-03  1.774214e-03  2.000000e+00
 1.652660e-02  2.848757e-02 -1.590777e-02  2.000000e+00
 1.379615e-02  1.184542e-02 -1.051399e-02  2.000000e+00
 1.289735e-02  6.325509e-03 -8.885723e-03  2.000000e+00
 1.190930e-02  1.154212e-03 -7.556420e-03  2.000000e+00
 1.175021e-02 -2.243548e-03 -3.381810e-03  2.000000e+00
 1.310092e-02 -1.286809e-02  9.191013e-03  2.000000e+00
 1.513093e-02  5.874714e-02 -3.692983e-02  2.000000e+00
 1.503228e-02  5.627236e-02 -3.418494e-02  2.000000e+00
 1.344368e-02  3.878188e-02 -2.021794e-02  2.000000e+00
 7.865971e-03  1.751092e-03 -7.559394e-03  2.000000e+00
 8.236517e-03 -3.094967e-03 -2.187138e-03  2.000000e+00
 8.867753e-03 -1.640603e-02  1.248842e-02  2.000000e+00
 1.223741e-02  6.645889e-02 -4.337266e-02  2.000000e+00
 1.066207e-02  5.623323e-02 -3.353407e-02  2.000000e+00
 9.917195e-03  4.306118e-02 -2.315175e-02  2.000000e+00
 4.585824e-03 -9.355603e-03  6.692753e-03  2.000000e+00
 9.466275e-03  7.295849e-02 -4.506120e-02  2.000000e+00
 6.731868e-03  5.647813e-02 -3.275662e-02  2.000000e+00
 6.077184e-03  3.252038e-02 -1.180450e-02  2.000000e+00
 4.019502e-04 -8.934501e-03  6.940067e-03  2.000000e+00
 7.834724e-05 -1.391205e-02  1.095116e-02  2.000000e+00
 5.260060e-03  6.648353e-02 -3.751492e-02  2.000000e+00
 2.338837e-03  5.309971e-02 -2.947439e-02  2.000000e+00
 1.205280e-03  2.929171e-02 -9.332979e-03  2.000000e+00
-3.665060e-03 -8.698676e-03  7.336969e-03  2.000000e+00
-1.655396e-03  3.787687e-02 -1.299322e-02  2.000000e+00
-7.741918e-03 -4.442735e-03  4.310987e-03  2.000000e+00
-5.847210e-03  4.227258e-02 -1.608210e-02  2.000000e+00
-7.292919e-03  2.917225e-02 -8.970538e-03  2.000000e+00
-1.186578e-02 -7.252678e-03  8.239409e-03  2.000000e+00
-1.208366e-02 -1.322904e-02  1.217902e-02  2.000000e+00
-7.817560e-03  6.200959e-02 -3.026761e-02  2.000000e+00
-5.887959e-03  8.358472e-02 -4.113667e-02  2.000000e+00
-1.266025e-02  4.442844e-02 -1.376619e-02  2.000000e+00
-1.325856e-02  3.936163e-02 -1.106716e-02  2.000000e+00
-2.002381e-02 -1.002865e-02  1.135423e-02  2.000000e+00
-1.990662e-02 -1.538266e-02  1.416547e-02  2.000000e+00
-1.159390e-02  7.596749e-02 -3.100890e-02  2.000000e+00
-1.911058e-02  2.994019e-02 -7.428790e-03  2.000000e+00
-1.932452e-02  4.771050e-02 -1.172116e-02  2.000000e+00
-2.154102e-02  3.661699e-02 -7.705315e-03  2.000000e+00
-2.253392e-02  3.114364e-02 -6.443990e-03  2.000000e+00
-2.679998e-02  2.109010e-02 -6.304805e-03  2.000000e+00
-2.010887e-02  7.451374e-02 -2.734879e-02  2.000000e+00
-2.180075e-02  7.067909e-02 -2.683934e-02  2.000000e+00
-2.157986e-02  5.531111e-02 -1.187891e-02  2.000000e+00
-3.033635e-02  2.335592e-02 -5.174784e-03  2.000000e+00
-2.924929e-02  1.323626e-02  7.283092e-03  2.000000e+00
-2.944824e-02  8.008346e-03  9.256956e-03  2.000000e+00
-3.251654e-02 -1.332161e-02  1.340478e-02  2.000000e+00
-2.099154e-02  8.297400e-02 -3.083851e-02  2.000000e+00
-2.707268e-02  7.816705e-02 -2.573668e-02  2.000000e+00
-2.828057e-02  7.437193e-02 -2.358875e-02  2.000000e+00
-2.837602e-02  5.205329e-02 -8.305448e-03  2.000000e+00
-3.545067e-02  2.237505e-02  4.710949e-03  2.000000e+00
-3.660553e-02  5.794639e-03  1.447671e-02  2.000000e+00
-3.078531e-02  7.593888e-02 -2.034476e-02  2.000000e+00
-3.064251e-02  7.114591e-02 -1.538319e-02  2.000000e+00
-3.062985e-02  6.506827e-02 -1.119163e-02  2.000000e+00
-3.144403e-02  5.264491e-02 -8.361865e-03  2.000000e+00
-3.570063e-02  3.790331e-02 -2.100682e-03  2.000000e+00
-3.860026e-02  2.981143e-02  2.583485e-03  2.000000e+00
-3.330811e-02  7.812221e-02 -1.751280e-02  2.000000e+00
-4.122885e-02  3.246704e-02  5.387560e-03  2.000000e+00
