-2.361434e+00 -2.604186e+01 -2.017570e+01  1.000000e+00
-2.362124e+00 -2.889029e+01 -1.553247e+01  1.000000e+00
-2.361299e+00 -2.391796e+01 -1.903870e+01  1.000000e+00
-2.363088e+00 -3.339619e+01 -9.720610e+00  1.000000e+00
-2.362813e+00 -3.173873e+01 -1.088930e+01  1.000000e+00
-2.361988e+00 -2.676638e+01 -1.439545e+01  1.000000e+00
-2.361713e+00 -2.510894e+01 -1.556419e+01  1.000000e+00
-2.361438e+00 -2.345150e+01 -1.673295e+01  1.000000e+00
-2.360613e+00 -1.847921e+01 -2.023930e+01  1.000000e+00
-2.363503e+00 -3.458720e+01 -6.246194e+00  1.000000e+00
-2.363228e+00 -3.292973e+01 -7.414871e+00  1.000000e+00
-2.362403e+00 -2.795737e+01 -1.092098e+01  1.000000e+00
-2.362128e+00 -2.629993e+01 -1.208971e+01  1.000000e+00
-2.361853e+00 -2.464249e+01 -1.325845e+01  1.000000e+00
-2.361578e+00 -2.298505e+01 -1.442721e+01  1.000000e+00
-2.360753e+00 -1.801275e+01 -1.793356e+01  1.000000e+00
-2.360203e+00 -1.469791e+01 -2.027119e+01  1.000000e+00
-2.363368e+00 -3.246328e+01 -5.109139e+00  1.000000e+00
-2.363093e+00 -3.080582e+01 -6.277827e+00  1.000000e+00
-2.362818e+00 -2.914837e+01 -7.446529e+00  1.000000e+00
-2.361718e+00 -2.251859e+01 -1.212147e+01  1.000000e+00
-2.361443e+00 -2.086116e+01 -1.329024e+01  1.000000e+00
-2.360892e+00 -1.754630e+01 -1.562782e+01  1.000000e+00
-2.364332e+00 -3.696922e+01  7.025691e-01  1.000000e+00
-2.364057e+00 -3.531176e+01 -4.660778e-01  1.000000e+00
-2.363782e+00 -3.365429e+01 -1.634738e+00  1.000000e+00
-2.363507e+00 -3.199683e+01 -2.803415e+00  1.000000e+00
-2.363232e+00 -3.033937e+01 -3.972102e+00  1.000000e+00
-2.362957e+00 -2.868192e+01 -5.140803e+00  1.000000e+00
-2.362407e+00 -2.536702e+01 -7.478249e+00  1.000000e+00
-2.362132e+00 -2.370958e+01 -8.646990e+00  1.000000e+00
-2.361857e+00 -2.205214e+01 -9.815748e+00  1.000000e+00
-2.361582e+00 -2.039471e+01 -1.098452e+01  1.000000e+00
-2.361032e+00 -1.707985e+01 -1.332210e+01  1.000000e+00
-2.360482e+00 -1.376501e+01 -1.565973e+01  1.000000e+00
-2.364472e+00 -3.650278e+01  3.008285e+00  1.000000e+00
-2.364197e+00 -3.484531e+01  1.839638e+00  1.000000e+00
-2.363922e+00 -3.318784e+01  6.709784e-01  1.000000e+00
-2.363647e+00 -3.153038e+01 -4.976974e-01  1.000000e+00
-2.362547e+00 -2.490057e+01 -5.172530e+00  1.000000e+00
-2.361447e+00 -1.827083e+01 -9.847578e+00  1.000000e+00
-2.361172e+00 -1.661340e+01 -1.101638e+01  1.000000e+00
-2.360897e+00 -1.495598e+01 -1.218518e+01  1.000000e+00
-2.364612e+00 -3.603633e+01  5.313993e+00  1.000000e+00
-2.363787e+00 -3.106393e+01  1.808012e+00  1.000000e+00
-2.363512e+00 -2.940648e+01  6.393256e-01  1.000000e+00
-2.362962e+00 -2.609157e+01 -1.698091e+00  1.000000e+00
-2.361862e+00 -1.946181e+01 -6.373084e+00  1.000000e+00
-2.361587e+00 -1.780438e+01 -7.541865e+00  1.000000e+00
-2.361311e+00 -1.614695e+01 -8.710663e+00  1.000000e+00
-2.361036e+00 -1.448953e+01 -9.879471e+00  1.000000e+00
-2.360486e+00 -1.117469e+01 -1.221713e+01  1.000000e+00
-2.364751e+00 -3.556989e+01  7.619694e+00  1.000000e+00
-2.363926e+00 -3.059749e+01  4.113715e+00  1.000000e+00
-2.363101e+00 -2.562513e+01  6.076128e-01  1.000000e+00
-2.362826e+00 -2.396768e+01 -5.611143e-01  1.000000e+00
-2.362551e+00 -2.231024e+01 -1.729855e+00  1.000000e+00
-2.362276e+00 -2.065280e+01 -2.898611e+00  1.000000e+00
-2.361726e+00 -1.733794e+01 -5.236160e+00  1.000000e+00
-2.360626e+00 -1.070825e+01 -9.911423e+00  1.000000e+00
-2.365166e+00 -3.676092e+01  1.109402e+01  1.000000e+00
-2.364066e+00 -3.013105e+01  6.419410e+00  1.000000e+00
-2.363516e+00 -2.681614e+01  4.082024e+00  1.000000e+00
-2.362966e+00 -2.350124e+01  1.744582e+00  1.000000e+00
-2.362691e+00 -2.184380e+01  5.758422e-01  1.000000e+00
-2.361866e+00 -1.687150e+01 -2.930462e+00  1.000000e+00
-2.361591e+00 -1.521407e+01 -4.099258e+00  1.000000e+00
-2.361316e+00 -1.355664e+01 -5.268066e+00  1.000000e+00
-2.360490e+00 -8.584399e+00 -8.774571e+00  1.000000e+00
-2.364206e+00 -2.966461e+01  8.725097e+00  1.000000e+00
-2.363656e+00 -2.634970e+01  6.387713e+00  1.000000e+00
-2.363381e+00 -2.469225e+01  5.218998e+00  1.000000e+00
-2.362005e+00 -1.640506e+01 -6.247709e-01  1.000000e+00
-2.361730e+00 -1.474763e+01 -1.793567e+00  1.000000e+00
-2.360905e+00 -9.775370e+00 -5.300031e+00  1.000000e+00
-2.365445e+00 -3.582804e+01  1.570539e+01  1.000000e+00
-2.365170e+00 -3.417057e+01  1.453675e+01  1.000000e+00
-2.364895e+00 -3.251310e+01  1.336811e+01  1.000000e+00
-2.364620e+00 -3.085564e+01  1.219945e+01  1.000000e+00
-2.363795e+00 -2.588326e+01  8.693394e+00  1.000000e+00
-2.363245e+00 -2.256837e+01  6.355954e+00  1.000000e+00
-2.362420e+00 -1.759605e+01  2.849693e+00  1.000000e+00
-2.361870e+00 -1.428119e+01  5.121168e-01  1.000000e+00
-2.365585e+00 -3.536161e+01  1.801106e+01  1.000000e+00
-2.365035e+00 -3.204667e+01  1.567378e+01  1.000000e+00
-2.364485e+00 -2.873174e+01  1.333645e+01  1.000000e+00
-2.363935e+00 -2.541683e+01  1.099907e+01  1.000000e+00
-2.363385e+00 -2.210193e+01  8.661628e+00  1.000000e+00
-2.363110e+00 -2.044449e+01  7.492889e+00  1.000000e+00
-2.362835e+00 -1.878705e+01  6.324134e+00  1.000000e+00
-2.362560e+00 -1.712962e+01  5.155368e+00  1.000000e+00
-2.361734e+00 -1.215733e+01  1.648987e+00  1.000000e+00
-2.361459e+00 -1.049992e+01  4.801664e-01  1.000000e+00
-2.360909e+00 -7.185089e+00 -1.857516e+00  1.000000e+00
-2.364624e+00 -2.826531e+01  1.564212e+01  1.000000e+00
-2.364074e+00 -2.495040e+01  1.330473e+01  1.000000e+00
-2.363799e+00 -2.329295e+01  1.213602e+01  1.000000e+00
-2.362424e+00 -1.500575e+01  6.292257e+00  1.000000e+00
-2.365589e+00 -3.277127e+01  2.145374e+01  1.000000e+00
-2.365039e+00 -2.945634e+01  1.911645e+01  1.000000e+00
-2.364489e+00 -2.614142e+01  1.677909e+01  1.000000e+00
-2.364214e+00 -2.448397e+01  1.561039e+01  1.000000e+00
-2.363939e+00 -2.282652e+01  1.444168e+01  1.000000e+00
-2.363389e+00 -1.951163e+01  1.210422e+01  1.000000e+00
-2.362839e+00 -1.619676e+01  9.766697e+00  1.000000e+00
-2.362564e+00 -1.453933e+01  8.597918e+00  1.000000e+00
-2.361738e+00 -9.567056e+00  5.091498e+00  1.000000e+00
-2.365178e+00 -2.898992e+01  2.142210e+01  1.000000e+00
-2.364629e+00 -2.567500e+01  1.908474e+01  1.000000e+00
-2.364079e+00 -2.236009e+01  1.674733e+01  1.000000e+00
-2.363253e+00 -1.738776e+01  1.324112e+01  1.000000e+00
-2.362428e+00 -1.241547e+01  9.734778e+00  1.000000e+00
-2.361603e+00 -7.443212e+00  6.228318e+00  1.000000e+00
-2.365318e+00 -2.852349e+01  2.372774e+01  1.000000e+00
-2.364768e+00 -2.520857e+01  2.139038e+01  1.000000e+00
-2.364218e+00 -2.189367e+01  1.905298e+01  1.000000e+00
-2.363943e+00 -2.023622e+01  1.788425e+01  1.000000e+00
-2.365458e+00 -2.805707e+01  2.603337e+01  1.000000e+00
-2.364083e+00 -1.976980e+01  2.018989e+01  1.000000e+00
-2.363533e+00 -1.645492e+01  1.785240e+01  1.000000e+00
-2.362707e+00 -1.148262e+01  1.434606e+01  1.000000e+00
-2.365322e+00 -2.593319e+01  2.717033e+01  1.000000e+00
-2.365047e+00 -2.427573e+01  2.600165e+01  1.000000e+00
-2.364497e+00 -2.096082e+01  2.366424e+01  1.000000e+00
-2.364222e+00 -1.930338e+01  2.249552e+01  1.000000e+00
-2.363397e+00 -1.433106e+01  1.898926e+01  1.000000e+00
-2.364776e+00 -2.002799e+01  2.827548e+01  1.000000e+00
-1.102949e+00 -1.915926e+01 -1.081823e+02  2.000000e+00
-1.103364e+00 -2.035018e+01 -1.047063e+02  2.000000e+00
-1.102813e+00 -1.703483e+01 -1.070449e+02  2.000000e+00
-1.103229e+00 -1.822575e+01 -1.035689e+02  2.000000e+00
-1.102678e+00 -1.491041e+01 -1.059076e+02  2.000000e+00
-1.102818e+00 -1.444366e+01 -1.036009e+02  2.000000e+00
-1.102958e+00 -1.397692e+01 -1.012942e+02  2.000000e+00
-1.103098e+00 -1.351017e+01 -9.898759e+01  2.000000e+00
-1.102822e+00 -1.185251e+01 -1.001569e+02  2.000000e+00
-1.103377e+00 -1.257669e+01 -9.437429e+01  2.000000e+00
-1.102966e+00 -8.794627e+00 -9.440637e+01  2.000000e+00
-1.102691e+00 -7.136970e+00 -9.557576e+01  2.000000e+00
-1.103937e+00 -1.070976e+01 -8.514777e+01  2.000000e+00
-1.102835e+00 -4.079119e+00 -8.982527e+01  2.000000e+00
-1.103526e+00 -6.927703e+00 -8.517989e+01  2.000000e+00
-1.104217e+00 -9.776308e+00 -8.053456e+01  2.000000e+00
-1.104357e+00 -9.309586e+00 -7.822796e+01  2.000000e+00
-1.103946e+00 -5.527536e+00 -7.826009e+01  2.000000e+00
-1.103534e+00 -1.745505e+00 -7.829228e+01  2.000000e+00
-1.104776e+00 -7.909433e+00 -7.130820e+01  2.000000e+00
-1.104501e+00 -6.251766e+00 -7.247756e+01  2.000000e+00
-1.103674e+00 -1.278790e+00 -7.598570e+01  2.000000e+00
-1.103678e+00  1.312285e+00 -7.254197e+01  2.000000e+00
-1.104920e+00 -4.851635e+00 -6.555786e+01  2.000000e+00
-1.104369e+00 -1.536312e+00 -6.789661e+01  2.000000e+00
-1.113322e+00 -5.411674e+01 -2.817631e+01  2.000000e+00
-1.105200e+00 -3.918226e+00 -6.094476e+01  2.000000e+00
-1.104373e+00  1.054752e+00 -6.445291e+01  2.000000e+00
-1.113877e+00 -5.484113e+01 -2.239428e+01  2.000000e+00
-1.105615e+00 -5.109193e+00 -5.746887e+01  2.000000e+00
-1.105340e+00 -3.451525e+00 -5.863822e+01  2.000000e+00
-1.105064e+00 -1.793861e+00 -5.980759e+01  2.000000e+00
-1.113466e+00 -5.105887e+01 -2.242568e+01  2.000000e+00
-1.104653e+00  1.988151e+00 -5.983984e+01  2.000000e+00
-1.104378e+00  3.645802e+00 -6.100924e+01  2.000000e+00
-1.113331e+00 -4.893439e+01 -2.128815e+01  2.000000e+00
-1.104517e+00  4.112498e+00 -5.870272e+01  2.000000e+00
-1.104242e+00  5.770144e+00 -5.987214e+01  2.000000e+00
-1.114021e+00 -5.178327e+01 -1.664368e+01  2.000000e+00
-1.112920e+00 -4.515215e+01 -2.131965e+01  2.000000e+00
-1.105484e+00 -3.937737e-01 -5.288802e+01  2.000000e+00
-1.104657e+00  4.579192e+00 -5.639620e+01  2.000000e+00
-1.104382e+00  6.236838e+00 -5.756562e+01  2.000000e+00
-1.113610e+00 -4.800102e+01 -1.667513e+01  2.000000e+00
-1.113060e+00 -4.468547e+01 -1.901314e+01  2.000000e+00
-1.106175e+00 -3.242415e+00 -4.824278e+01  2.000000e+00
-1.105624e+00  7.291732e-02 -5.058151e+01  2.000000e+00
-1.106314e+00 -2.775727e+00 -4.593628e+01  2.000000e+00
-1.105212e+00  3.854920e+00 -5.061378e+01  2.000000e+00
-1.104661e+00  7.170218e+00 -5.295261e+01  2.000000e+00
-1.113615e+00 -4.540987e+01 -1.323114e+01  2.000000e+00
-1.112789e+00 -4.043656e+01 -1.673822e+01  2.000000e+00
-1.104526e+00  9.294545e+00 -5.181554e+01  2.000000e+00
-1.112928e+00 -3.996988e+01 -1.443173e+01  2.000000e+00
-1.112102e+00 -3.499661e+01 -1.793893e+01  2.000000e+00
-1.107145e+00 -5.157707e+00 -3.898462e+01  2.000000e+00
-1.106870e+00 -3.500030e+00 -4.015395e+01  2.000000e+00
-1.105768e+00  3.130635e+00 -4.483140e+01  2.000000e+00
-1.094465e+00  7.109055e+01 -9.278699e+01  2.000000e+00
-1.094189e+00  7.274800e+01 -9.395690e+01  2.000000e+00
-1.108111e+00 -9.664085e+00 -3.317022e+01  2.000000e+00
-1.107836e+00 -8.006394e+00 -3.433951e+01  2.000000e+00
-1.107560e+00 -6.348708e+00 -3.550882e+01  2.000000e+00
-1.107285e+00 -4.691026e+00 -3.667813e+01  2.000000e+00
-1.106183e+00  1.939657e+00 -4.135553e+01  2.000000e+00
-1.105356e+00  6.912623e+00 -4.486372e+01  2.000000e+00
-1.105081e+00  8.570269e+00 -4.603314e+01  2.000000e+00
-1.104805e+00  1.022791e+01 -4.720257e+01  2.000000e+00
-1.113208e+00 -3.903653e+01 -9.818778e+00  2.000000e+00
-1.112657e+00 -3.572100e+01 -1.215689e+01  2.000000e+00
-1.111831e+00 -3.074775e+01 -1.566417e+01  2.000000e+00
-1.110179e+00 -2.080135e+01 -2.267908e+01  2.000000e+00
-1.109353e+00 -1.582821e+01 -2.618672e+01  2.000000e+00
-1.108802e+00 -1.251280e+01 -2.852521e+01  2.000000e+00
-1.108251e+00 -9.197407e+00 -3.086375e+01  2.000000e+00
-1.105221e+00  9.036948e+00 -4.372666e+01  2.000000e+00
-1.094745e+00  7.202391e+01 -8.817405e+01  2.000000e+00
-1.111145e+00 -2.530786e+01 -1.686510e+01  2.000000e+00
-1.108942e+00 -1.204612e+01 -2.621874e+01  2.000000e+00
-1.106738e+00  1.215347e+00 -3.557322e+01  2.000000e+00
-1.105911e+00  6.188326e+00 -3.908136e+01  2.000000e+00
-1.105636e+00  7.845978e+00 -4.025077e+01  2.000000e+00
-1.104809e+00  1.281890e+01 -4.375907e+01  2.000000e+00
-1.104534e+00  1.447654e+01 -4.492853e+01  2.000000e+00
-1.094884e+00  7.249059e+01 -8.586760e+01  2.000000e+00
-1.094608e+00  7.414804e+01 -8.703751e+01  2.000000e+00
-1.112937e+00 -3.478766e+01 -7.543971e+00  2.000000e+00
-1.112111e+00 -2.981440e+01 -1.105124e+01  2.000000e+00
-1.109908e+00 -1.655257e+01 -2.040456e+01  2.000000e+00
-1.107429e+00 -1.633321e+00 -3.092806e+01  2.000000e+00
-1.105225e+00  1.162794e+01 -4.028317e+01  2.000000e+00
-1.095024e+00  7.295726e+01 -8.356114e+01  2.000000e+00
-1.112801e+00 -3.266323e+01 -6.406597e+00  2.000000e+00
-1.110323e+00 -1.774362e+01 -1.692890e+01  2.000000e+00
-1.109497e+00 -1.277048e+01 -2.043657e+01  2.000000e+00
-1.105089e+00  1.375225e+01 -3.914616e+01  2.000000e+00
-1.095716e+00  7.010901e+01 -7.891491e+01  2.000000e+00
-1.095164e+00  7.342393e+01 -8.125470e+01  2.000000e+00
-1.111840e+00 -2.556558e+01 -8.776597e+00  2.000000e+00
-1.111289e+00 -2.225012e+01 -1.111490e+01  2.000000e+00
-1.110463e+00 -1.727695e+01 -1.462245e+01  2.000000e+00
-1.104678e+00  1.753418e+01 -3.917864e+01  2.000000e+00
-1.095855e+00  7.057568e+01 -7.660847e+01  2.000000e+00
-1.112255e+00 -2.675666e+01 -5.301026e+00  2.000000e+00
-1.109225e+00 -8.521745e+00 -1.816220e+01  2.000000e+00
-1.108950e+00 -6.864052e+00 -1.933147e+01  2.000000e+00
-1.108399e+00 -3.548674e+00 -2.167007e+01  2.000000e+00
-1.107297e+00  3.082027e+00 -2.634741e+01  2.000000e+00
-1.107022e+00  4.739691e+00 -2.751678e+01  2.000000e+00
-1.106195e+00  9.712657e+00 -3.102497e+01  2.000000e+00
-1.105920e+00  1.137030e+01 -3.219439e+01  2.000000e+00
-1.104542e+00  1.965847e+01 -3.804169e+01  2.000000e+00
-1.104266e+00  2.131609e+01 -3.921119e+01  2.000000e+00
-1.096271e+00  6.938488e+01 -7.313216e+01  2.000000e+00
-1.095995e+00  7.104235e+01 -7.430204e+01  2.000000e+00
-1.095719e+00  7.269980e+01 -7.547193e+01  2.000000e+00
-1.095443e+00  7.435726e+01 -7.664183e+01  2.000000e+00
-1.111569e+00 -2.131679e+01 -6.502027e+00  2.000000e+00
-1.110742e+00 -1.634362e+01 -1.000958e+01  2.000000e+00
-1.109090e+00 -6.397388e+00 -1.702504e+01  2.000000e+00
-1.107437e+00  3.548690e+00 -2.404098e+01  2.000000e+00
-1.105784e+00  1.349461e+01 -3.105739e+01  2.000000e+00
-1.104957e+00  1.846751e+01 -3.456577e+01  2.000000e+00
-1.096686e+00  6.819407e+01 -6.965587e+01  2.000000e+00
-1.096411e+00  6.985154e+01 -7.082574e+01  2.000000e+00
-1.095859e+00  7.316647e+01 -7.316550e+01  2.000000e+00
-1.110882e+00 -1.587696e+01 -7.703154e+00  2.000000e+00
-1.110331e+00 -1.256153e+01 -1.004159e+01  2.000000e+00
-1.108403e+00 -9.576678e-01 -1.822653e+01  2.000000e+00
-1.108128e+00  7.000099e-01 -1.939585e+01  2.000000e+00
-1.106750e+00  8.988331e+00 -2.524270e+01  2.000000e+00
-1.106199e+00  1.230363e+01 -2.758153e+01  2.000000e+00
-1.104270e+00  2.390702e+01 -3.576784e+01  2.000000e+00
-1.096275e+00  7.197567e+01 -6.968920e+01  2.000000e+00
-1.111022e+00 -1.541030e+01 -5.396736e+00  2.000000e+00
-1.110196e+00 -1.043716e+01 -8.904406e+00  2.000000e+00
-1.107165e+00  7.797334e+00 -2.176688e+01  2.000000e+00
-1.106339e+00  1.277029e+01 -2.527511e+01  2.000000e+00
-1.106063e+00  1.442793e+01 -2.644454e+01  2.000000e+00
-1.103859e+00  2.768890e+01 -3.580048e+01  2.000000e+00
-1.111437e+00 -1.660136e+01 -1.921129e+00  2.000000e+00
-1.109785e+00 -6.655106e+00 -8.936509e+00  2.000000e+00
-1.108958e+00 -1.682035e+00 -1.244438e+01  2.000000e+00
-1.106479e+00  1.323694e+01 -2.296870e+01  2.000000e+00
-1.105376e+00  1.986748e+01 -2.764651e+01  2.000000e+00
-1.104550e+00  2.484034e+01 -3.115501e+01  2.000000e+00
-1.103447e+00  3.147075e+01 -3.583318e+01  2.000000e+00
-1.097657e+00  6.627908e+01 -6.039695e+01  2.000000e+00
-1.097382e+00  6.793656e+01 -6.156679e+01  2.000000e+00
-1.097106e+00  6.959404e+01 -6.273664e+01  2.000000e+00
-1.107996e+00  5.415320e+00 -1.481532e+01  2.000000e+00
-1.103587e+00  3.193740e+01 -3.352678e+01  2.000000e+00
-1.098900e+00  6.011575e+01 -5.341131e+01  2.000000e+00
-1.097521e+00  6.840321e+01 -5.926039e+01  2.000000e+00
-1.111441e+00 -1.401034e+01  1.522474e+00  2.000000e+00
-1.110890e+00 -1.069491e+01 -8.159593e-01  2.000000e+00
-1.109513e+00 -2.406416e+00 -6.662274e+00  2.000000e+00
-1.108136e+00  5.881971e+00 -1.250892e+01  2.000000e+00
-1.106483e+00  1.582789e+01 -1.952533e+01  2.000000e+00
-1.105656e+00  2.080079e+01 -2.303371e+01  2.000000e+00
-1.104829e+00  2.577364e+01 -2.654221e+01  2.000000e+00
-1.104002e+00  3.074646e+01 -3.005082e+01  2.000000e+00
-1.103451e+00  3.406164e+01 -3.238996e+01  2.000000e+00
-1.098213e+00  6.555489e+01 -5.461433e+01  2.000000e+00
-1.110755e+00 -8.570555e+00  3.211944e-01  2.000000e+00
-1.110204e+00 -5.255152e+00 -2.017318e+00  2.000000e+00
-1.109377e+00 -2.820811e-01 -5.525186e+00  2.000000e+00
-1.107724e+00  9.663944e+00 -1.254128e+01  2.000000e+00
-1.105796e+00  2.126744e+01 -2.072732e+01  2.000000e+00
-1.103040e+00  3.784345e+01 -3.242276e+01  2.000000e+00
-1.100834e+00  5.110392e+01 -4.178004e+01  2.000000e+00
-1.100558e+00  5.276145e+01 -4.294975e+01  2.000000e+00
-1.099731e+00  5.773402e+01 -4.645898e+01  2.000000e+00
-1.099455e+00  5.939154e+01 -4.762875e+01  2.000000e+00
-1.099180e+00  6.104905e+01 -4.879853e+01  2.000000e+00
-1.097801e+00  6.933651e+01 -5.464761e+01  2.000000e+00
-1.111445e+00 -1.141933e+01  4.966033e+00  2.000000e+00
-1.110068e+00 -3.130812e+00 -8.802113e-01  2.000000e+00
-1.108966e+00  3.499924e+00 -5.557448e+00  2.000000e+00
-1.107038e+00  1.510354e+01 -1.374312e+01  2.000000e+00
-1.104833e+00  2.836455e+01 -2.309896e+01  2.000000e+00
-1.104557e+00  3.002215e+01 -2.426850e+01  2.000000e+00
-1.099871e+00  5.820067e+01 -4.415260e+01  2.000000e+00
-1.099319e+00  6.151569e+01 -4.649215e+01  2.000000e+00
-1.099044e+00  6.317319e+01 -4.766194e+01  2.000000e+00
-1.111310e+00 -9.294971e+00  6.103186e+00  2.000000e+00
-1.111034e+00 -7.637265e+00  4.933951e+00  2.000000e+00
-1.107728e+00  1.225489e+01 -9.097915e+00  2.000000e+00
-1.106902e+00  1.722783e+01 -1.260618e+01  2.000000e+00
-1.106351e+00  2.054310e+01 -1.494509e+01  2.000000e+00
-1.105524e+00  2.551597e+01 -1.845354e+01  2.000000e+00
-1.105248e+00  2.717358e+01 -1.962306e+01  2.000000e+00
-1.103595e+00  3.711916e+01 -2.664040e+01  2.000000e+00
-1.102768e+00  4.209189e+01 -3.014925e+01  2.000000e+00
-1.102492e+00  4.374945e+01 -3.131889e+01  2.000000e+00
-1.101941e+00  4.706457e+01 -3.365821e+01  2.000000e+00
-1.101665e+00  4.872212e+01 -3.482789e+01  2.000000e+00
-1.100838e+00  5.369474e+01 -3.833700e+01  2.000000e+00
-1.100011e+00  5.866731e+01 -4.184623e+01  2.000000e+00
-1.110072e+00 -5.398361e-01  2.563242e+00  2.000000e+00
-1.109797e+00  1.117850e+00  1.393940e+00  2.000000e+00
-1.108695e+00  7.748550e+00 -3.283402e+00  2.000000e+00
-1.102632e+00  4.421609e+01 -2.901252e+01  2.000000e+00
-1.111589e+00 -8.361691e+00  1.071591e+01  2.000000e+00
-1.111038e+00 -5.046280e+00  8.377428e+00  2.000000e+00
-1.108559e+00  9.872853e+00 -2.146409e+00  2.000000e+00
-1.106355e+00  2.313400e+01 -1.150183e+01  2.000000e+00
-1.104701e+00  3.307967e+01 -1.851894e+01  2.000000e+00
-1.103874e+00  3.805244e+01 -2.202767e+01  2.000000e+00
-1.102220e+00  4.799784e+01 -2.904548e+01  2.000000e+00
-1.101393e+00  5.297048e+01 -3.255456e+01  2.000000e+00
-1.099187e+00  6.623060e+01 -4.191266e+01  2.000000e+00
-1.109525e+00  5.366483e+00  3.668010e+00  2.000000e+00
-1.108974e+00  8.681825e+00  1.329313e+00  2.000000e+00
-1.107872e+00  1.531245e+01 -3.348239e+00  2.000000e+00
-1.107597e+00  1.697010e+01 -4.517660e+00  2.000000e+00
-1.106770e+00  2.194301e+01 -8.026001e+00  2.000000e+00
-1.106494e+00  2.360064e+01 -9.195475e+00  2.000000e+00
-1.105943e+00  2.691588e+01 -1.153446e+01  2.000000e+00
-1.105392e+00  3.023110e+01 -1.387350e+01  2.000000e+00
-1.100981e+00  5.675217e+01 -3.258766e+01  2.000000e+00
-1.100430e+00  6.006722e+01 -3.492716e+01  2.000000e+00
-1.100154e+00  6.172473e+01 -3.609693e+01  2.000000e+00
-1.110216e+00  2.517758e+00  8.312999e+00  2.000000e+00
-1.109665e+00  5.833117e+00  5.974356e+00  2.000000e+00
-1.106910e+00  2.240964e+01 -5.719655e+00  2.000000e+00
-1.104154e+00  3.898571e+01 -1.741497e+01  2.000000e+00
-1.103327e+00  4.395843e+01 -2.092382e+01  2.000000e+00
-1.101121e+00  5.721880e+01 -3.028131e+01  2.000000e+00
-1.100018e+00  6.384887e+01 -3.496036e+01  2.000000e+00
-1.111457e+00 -3.646379e+00  1.529646e+01  2.000000e+00
-1.110631e+00  1.326703e+00  1.178864e+01  2.000000e+00
-1.108152e+00  1.624572e+01  1.264447e+00  2.000000e+00
-1.107325e+00  2.121864e+01 -2.243855e+00  2.000000e+00
-1.106498e+00  2.619152e+01 -5.752276e+00  2.000000e+00
-1.105671e+00  3.116436e+01 -9.260813e+00  2.000000e+00
-1.105120e+00  3.447957e+01 -1.159990e+01  2.000000e+00
-1.104293e+00  3.945233e+01 -1.510864e+01  2.000000e+00
-1.102915e+00  4.774018e+01 -2.095678e+01  2.000000e+00
-1.102364e+00  5.105529e+01 -2.329613e+01  2.000000e+00
-1.101536e+00  5.602790e+01 -2.680525e+01  2.000000e+00
-1.112148e+00 -6.495161e+00  1.994128e+01  2.000000e+00
-1.111322e+00 -1.522053e+00  1.643353e+01  2.000000e+00
-1.110495e+00  3.451018e+00  1.292567e+01  2.000000e+00
-1.109669e+00  8.424049e+00  9.417684e+00  2.000000e+00
-1.107740e+00  2.002763e+01  1.231924e+00  2.000000e+00
-1.107189e+00  2.334290e+01 -1.106984e+00  2.000000e+00
-1.106913e+00  2.500053e+01 -2.276457e+00  2.000000e+00
-1.103606e+00  4.489168e+01 -1.631115e+01  2.000000e+00
-1.103055e+00  4.820681e+01 -1.865045e+01  2.000000e+00
-1.102228e+00  5.317946e+01 -2.215949e+01  2.000000e+00
-1.112838e+00 -9.343962e+00  2.458603e+01  2.000000e+00
-1.110910e+00  2.259958e+00  1.640129e+01  2.000000e+00
-1.108982e+00  1.386367e+01  8.215905e+00  2.000000e+00
-1.108706e+00  1.552132e+01  7.046510e+00  2.000000e+00
-1.101264e+00  6.027620e+01 -2.453207e+01  2.000000e+00
-1.111601e+00 -5.888030e-01  2.104617e+01  2.000000e+00
-1.111326e+00  1.068890e+00  1.987690e+01  2.000000e+00
-1.111050e+00  2.726581e+00  1.870761e+01  2.000000e+00
-1.109397e+00  1.267263e+01  1.169160e+01  2.000000e+00
-1.108846e+00  1.598794e+01  9.352827e+00  2.000000e+00
-1.108571e+00  1.764559e+01  8.183420e+00  2.000000e+00
-1.113118e+00 -8.410717e+00  2.919865e+01  2.000000e+00
-1.112016e+00 -1.779879e+00  2.452174e+01  2.000000e+00
-1.110639e+00  6.508569e+00  1.867530e+01  2.000000e+00
-1.110363e+00  8.166246e+00  1.750597e+01  2.000000e+00
-1.109261e+00  1.479691e+01  1.282853e+01  2.000000e+00
-1.108986e+00  1.645456e+01  1.165914e+01  2.000000e+00
-1.108710e+00  1.811221e+01  1.048973e+01  2.000000e+00
-1.108435e+00  1.976986e+01  9.320308e+00  2.000000e+00
-1.112707e+00 -4.628671e+00  2.916652e+01  2.000000e+00
-1.111880e+00  3.444366e-01  2.565878e+01  2.000000e+00
-1.112846e+00 -4.162055e+00  3.147281e+01  2.000000e+00
-1.111469e+00  4.126436e+00  2.562651e+01  2.000000e+00
-1.114088e+00 -1.032631e+01  3.845589e+01  2.000000e+00
-1.113262e+00 -5.353151e+00  3.494832e+01  2.000000e+00
-1.112435e+00 -3.800313e-01  3.144062e+01  2.000000e+00
-1.112160e+00  1.277666e+00  3.027136e+01  2.000000e+00
-1.112850e+00 -1.571125e+00  3.491614e+01  2.000000e+00
-1.114092e+00 -7.735366e+00  4.189926e+01  2.000000e+00
-1.113541e+00 -4.419932e+00  3.956086e+01  2.000000e+00
-1.115058e+00 -1.224194e+01  4.771302e+01  2.000000e+00
-1.114231e+00 -7.268760e+00  4.420552e+01  2.000000e+00
-1.114371e+00 -6.802157e+00  4.651178e+01  2.000000e+00
-1.114786e+00 -7.993277e+00  4.998720e+01  2.000000e+00
-1.114235e+00 -4.677838e+00  4.764883e+01  2.000000e+00
-1.116167e+00 -1.369102e+01  5.927624e+01  2.000000e+00
-1.115616e+00 -1.037554e+01  5.693798e+01  2.000000e+00
-1.115756e+00 -9.908947e+00  5.924420e+01  2.000000e+00
-1.114930e+00 -4.935767e+00  5.573671e+01  2.000000e+00
-1.116586e+00 -1.229124e+01  6.619488e+01  2.000000e+00
-1.116310e+00 -1.063350e+01  6.502575e+01  2.000000e+00
-1.115760e+00 -7.318038e+00  6.268747e+01  2.000000e+00
-1.116450e+00 -1.016691e+01  6.733195e+01  2.000000e+00
-1.116865e+00 -1.135807e+01  7.080726e+01  2.000000e+00
-1.117420e+00 -1.208265e+01  7.658872e+01  2.000000e+00
-1.116594e+00 -7.109438e+00  7.308136e+01  2.000000e+00
-1.117009e+00 -8.300595e+00  7.655666e+01  2.000000e+00
-1.117974e+00 -1.280725e+01  8.237013e+01  2.000000e+00
-1.117699e+00 -1.114950e+01  8.120104e+01  2.000000e+00
-1.117839e+00 -1.068293e+01  8.350719e+01  2.000000e+00
-1.117288e+00 -7.367450e+00  8.116897e+01  2.000000e+00
-1.116737e+00 -4.051989e+00  7.883069e+01  2.000000e+00
-1.117567e+00 -6.434316e+00  8.578125e+01  2.000000e+00
-1.117016e+00 -3.118856e+00  8.344297e+01  2.000000e+00
-1.117156e+00 -2.652293e+00  8.574910e+01  2.000000e+00
-1.116881e+00 -9.945655e-01  8.457994e+01  2.000000e+00
-1.117295e+00 -2.185732e+00  8.805522e+01  2.000000e+00
 1.398059e-01  1.427266e+01  3.897402e+01  3.000000e+00
 1.406326e-01  1.924552e+01  3.546541e+01  3.000000e+00
 1.409082e-01  2.090313e+01  3.429585e+01  3.000000e+00
 1.411837e-01  2.256074e+01  3.312627e+01  3.000000e+00
 1.389752e-01  1.189082e+01  4.592596e+01  3.000000e+00
 1.398019e-01  1.686371e+01  4.241744e+01  3.000000e+00
 1.409041e-01  2.349416e+01  3.773921e+01  3.000000e+00
 1.414553e-01  2.680936e+01  3.540002e+01  3.000000e+00
 1.422820e-01  3.178213e+01  3.189114e+01  3.000000e+00
 1.377332e-01  5.726941e+00  5.291027e+01  3.000000e+00
 1.382843e-01  9.042242e+00  5.057138e+01  3.000000e+00
 1.393865e-01  1.567279e+01  4.589342e+01  3.000000e+00
 1.402132e-01  2.064565e+01  4.238481e+01  3.000000e+00
 1.418666e-01  3.059125e+01  3.536724e+01  3.000000e+00
 1.421422e-01  3.224883e+01  3.419760e+01  3.000000e+00
 1.375934e-01  6.193648e+00  5.521673e+01  3.000000e+00
 1.386956e-01  1.282423e+01  5.053888e+01  3.000000e+00
 1.389712e-01  1.448187e+01  4.936938e+01  3.000000e+00
 1.392467e-01  1.613950e+01  4.819987e+01  3.000000e+00
 1.414513e-01  2.940037e+01  3.884332e+01  3.000000e+00
 1.417268e-01  3.105796e+01  3.767369e+01  3.000000e+00
 1.369025e-01  3.345034e+00  5.986201e+01  3.000000e+00
 1.371780e-01  5.002695e+00  5.869260e+01  3.000000e+00
 1.380047e-01  9.975652e+00  5.518427e+01  3.000000e+00
 1.382802e-01  1.163330e+01  5.401481e+01  3.000000e+00
 1.385558e-01  1.329093e+01  5.284532e+01  3.000000e+00
 1.391069e-01  1.660620e+01  5.050632e+01  3.000000e+00
 1.393825e-01  1.826382e+01  4.933680e+01  3.000000e+00
 1.396581e-01  1.992144e+01  4.816726e+01  3.000000e+00
 1.402092e-01  2.323667e+01  4.582815e+01  3.000000e+00
 1.404848e-01  2.489428e+01  4.465857e+01  3.000000e+00
 1.407603e-01  2.655188e+01  4.348899e+01  3.000000e+00
 1.418626e-01  3.318224e+01  3.881050e+01  3.000000e+00
 1.373138e-01  7.127054e+00  5.982961e+01  3.000000e+00
 1.384160e-01  1.375764e+01  5.515176e+01  3.000000e+00
 1.389671e-01  1.707290e+01  5.281276e+01  3.000000e+00
 1.403450e-01  2.536098e+01  4.696501e+01  3.000000e+00
 1.406205e-01  2.701858e+01  4.579542e+01  3.000000e+00
 1.408961e-01  2.867618e+01  4.462582e+01  3.000000e+00
 1.422740e-01  3.696409e+01  3.877761e+01  3.000000e+00
 1.363473e-01  2.620770e+00  6.564428e+01  3.000000e+00
 1.380007e-01  1.256670e+01  5.862767e+01  3.000000e+00
 1.382762e-01  1.422433e+01  5.745819e+01  3.000000e+00
 1.385518e-01  1.588197e+01  5.628870e+01  3.000000e+00
 1.391029e-01  1.919722e+01  5.394967e+01  3.000000e+00
 1.393785e-01  2.085484e+01  5.278013e+01  3.000000e+00
 1.396540e-01  2.251246e+01  5.161058e+01  3.000000e+00
 1.404807e-01  2.748528e+01  4.810185e+01  3.000000e+00
 1.410319e-01  3.080047e+01  4.576264e+01  3.000000e+00
 1.415830e-01  3.411564e+01  4.342336e+01  3.000000e+00
 1.359320e-01  1.429797e+00  6.912009e+01  3.000000e+00
 1.362075e-01  3.087467e+00  6.795070e+01  3.000000e+00
 1.367586e-01  6.402793e+00  6.561189e+01  3.000000e+00
 1.384120e-01  1.634866e+01  5.859512e+01  3.000000e+00
 1.386876e-01  1.800629e+01  5.742561e+01  3.000000e+00
 1.389631e-01  1.966392e+01  5.625609e+01  3.000000e+00
 1.392387e-01  2.132154e+01  5.508655e+01  3.000000e+00
 1.395143e-01  2.297915e+01  5.391700e+01  3.000000e+00
 1.408921e-01  3.126716e+01  4.806906e+01  3.000000e+00
 1.417188e-01  3.623991e+01  4.456013e+01  3.000000e+00
 1.377211e-01  1.350009e+01  6.324051e+01  3.000000e+00
 1.379966e-01  1.515772e+01  6.207103e+01  3.000000e+00
 1.382722e-01  1.681536e+01  6.090153e+01  3.000000e+00
 1.385478e-01  1.847299e+01  5.973202e+01  3.000000e+00
 1.388233e-01  2.013061e+01  5.856250e+01  3.000000e+00
 1.393745e-01  2.344585e+01  5.622342e+01  3.000000e+00
 1.396500e-01  2.510346e+01  5.505385e+01  3.000000e+00
 1.404767e-01  3.007626e+01  5.154509e+01  3.000000e+00
 1.418546e-01  3.836417e+01  4.569688e+01  3.000000e+00
 1.364791e-01  7.336178e+00  7.022471e+01  3.000000e+00
 1.373057e-01  1.230913e+01  6.671638e+01  3.000000e+00
 1.375813e-01  1.396678e+01  6.554692e+01  3.000000e+00
 1.378568e-01  1.562441e+01  6.437743e+01  3.000000e+00
 1.381324e-01  1.728205e+01  6.320794e+01  3.000000e+00
 1.389591e-01  2.225492e+01  5.969937e+01  3.000000e+00
 1.392347e-01  2.391254e+01  5.852982e+01  3.000000e+00
 1.403369e-01  3.054295e+01  5.385149e+01  3.000000e+00
 1.406125e-01  3.220054e+01  5.268188e+01  3.000000e+00
 1.408881e-01  3.385813e+01  5.151225e+01  3.000000e+00
 1.414392e-01  3.717329e+01  4.917295e+01  3.000000e+00
 1.355126e-01  2.829872e+00  7.603931e+01  3.000000e+00
 1.360637e-01  6.145207e+00  7.370052e+01  3.000000e+00
 1.366148e-01  9.460523e+00  7.136168e+01  3.000000e+00
 1.368904e-01  1.111817e+01  7.019224e+01  3.000000e+00
 1.371659e-01  1.277582e+01  6.902278e+01  3.000000e+00
 1.377171e-01  1.609110e+01  6.668383e+01  3.000000e+00
 1.382682e-01  1.940637e+01  6.434483e+01  3.000000e+00
 1.385437e-01  2.106399e+01  6.317531e+01  3.000000e+00
 1.388193e-01  2.272161e+01  6.200577e+01  3.000000e+00
 1.390949e-01  2.437922e+01  6.083622e+01  3.000000e+00
 1.393704e-01  2.603683e+01  5.966666e+01  3.000000e+00
 1.396460e-01  2.769444e+01  5.849708e+01  3.000000e+00
 1.399216e-01  2.935204e+01  5.732750e+01  3.000000e+00
 1.401972e-01  3.100964e+01  5.615789e+01  3.000000e+00
 1.404727e-01  3.266723e+01  5.498828e+01  3.000000e+00
 1.353728e-01  3.296559e+00  7.834570e+01  3.000000e+00
 1.367506e-01  1.158486e+01  7.249863e+01  3.000000e+00
 1.370261e-01  1.324251e+01  7.132917e+01  3.000000e+00
 1.373017e-01  1.490015e+01  7.015971e+01  3.000000e+00
 1.375773e-01  1.655779e+01  6.899022e+01  3.000000e+00
 1.378528e-01  1.821542e+01  6.782073e+01  3.000000e+00
 1.381284e-01  1.987305e+01  6.665122e+01  3.000000e+00
 1.386795e-01  2.318829e+01  6.431216e+01  3.000000e+00
 1.389551e-01  2.484591e+01  6.314261e+01  3.000000e+00
 1.392307e-01  2.650352e+01  6.197305e+01  3.000000e+00
 1.395062e-01  2.816112e+01  6.080348e+01  3.000000e+00
 1.397818e-01  2.981873e+01  5.963389e+01  3.000000e+00
 1.411596e-01  3.810666e+01  5.378574e+01  3.000000e+00
 1.417108e-01  4.142179e+01  5.144639e+01  3.000000e+00
 1.360597e-01  8.736237e+00  7.714388e+01  3.000000e+00
 1.368864e-01  1.370919e+01  7.363556e+01  3.000000e+00
 1.374375e-01  1.702447e+01  7.129661e+01  3.000000e+00
 1.377130e-01  1.868210e+01  7.012711e+01  3.000000e+00
 1.382642e-01  2.199736e+01  6.778808e+01  3.000000e+00
 1.393664e-01  2.862781e+01  6.310986e+01  3.000000e+00
 1.396420e-01  3.028541e+01  6.194027e+01  3.000000e+00
 1.399176e-01  3.194300e+01  6.077067e+01  3.000000e+00
 1.404687e-01  3.525818e+01  5.843142e+01  3.000000e+00
 1.353688e-01  5.887594e+00  8.178906e+01  3.000000e+00
 1.370221e-01  1.583351e+01  7.477246e+01  3.000000e+00
 1.383999e-01  2.412166e+01  6.892492e+01  3.000000e+00
 1.386755e-01  2.577927e+01  6.775537e+01  3.000000e+00
 1.392266e-01  2.909448e+01  6.541623e+01  3.000000e+00
 1.397778e-01  3.240968e+01  6.307704e+01  3.000000e+00
 1.408801e-01  3.904001e+01  5.839850e+01  3.000000e+00
 1.357801e-01  9.669596e+00  8.175662e+01  3.000000e+00
 1.363312e-01  1.298490e+01  7.941775e+01  3.000000e+00
 1.366068e-01  1.464255e+01  7.824830e+01  3.000000e+00
 1.385357e-01  2.624595e+01  7.006174e+01  3.000000e+00
 1.388113e-01  2.790356e+01  6.889218e+01  3.000000e+00
 1.390869e-01  2.956116e+01  6.772260e+01  3.000000e+00
 1.393624e-01  3.121876e+01  6.655301e+01  3.000000e+00
 1.404647e-01  3.784911e+01  6.187452e+01  3.000000e+00
 1.407403e-01  3.950669e+01  6.070487e+01  3.000000e+00
 1.370181e-01  1.842450e+01  7.821571e+01  3.000000e+00
 1.386715e-01  2.837023e+01  7.119854e+01  3.000000e+00
 1.392226e-01  3.168543e+01  6.885937e+01  3.000000e+00
 1.400493e-01  3.665821e+01  6.535052e+01  3.000000e+00
 1.363272e-01  1.557590e+01  8.286101e+01  3.000000e+00
 1.366028e-01  1.723354e+01  8.169154e+01  3.000000e+00
 1.374295e-01  2.220644e+01  7.818306e+01  3.000000e+00
 1.379806e-01  2.552168e+01  7.584400e+01  3.000000e+00
 1.393584e-01  3.380970e+01  6.999612e+01  3.000000e+00
 1.370141e-01  2.101548e+01  8.165891e+01  3.000000e+00
 1.378408e-01  2.598835e+01  7.815034e+01  3.000000e+00
 1.389431e-01  3.261877e+01  7.347207e+01  3.000000e+00
 1.400453e-01  3.924912e+01  6.879358e+01  3.000000e+00
 1.374254e-01  2.479740e+01  8.162621e+01  3.000000e+00
 1.382521e-01  2.977024e+01  7.811757e+01  3.000000e+00
 1.388033e-01  3.308544e+01  7.577840e+01  3.000000e+00
 1.387018e+00 -6.524314e+01 -1.536991e+01  4.000000e+00
 1.388672e+00 -5.529879e+01 -2.238399e+01  4.000000e+00
 1.387705e+00 -5.980411e+01 -1.657033e+01  4.000000e+00
 1.387980e+00 -5.814671e+01 -1.773936e+01  4.000000e+00
 1.388256e+00 -5.648933e+01 -1.890839e+01  4.000000e+00
 1.389083e+00 -5.151719e+01 -2.241557e+01  4.000000e+00
 1.389634e+00 -4.820245e+01 -2.475375e+01  4.000000e+00
 1.389910e+00 -4.654509e+01 -2.592287e+01  4.000000e+00
 1.387014e+00 -6.265206e+01 -1.192579e+01  4.000000e+00
 1.387565e+00 -5.933727e+01 -1.426378e+01  4.000000e+00
 1.388116e+00 -5.602249e+01 -1.660184e+01  4.000000e+00
 1.388668e+00 -5.270773e+01 -1.893995e+01  4.000000e+00
 1.388943e+00 -5.105035e+01 -2.010902e+01  4.000000e+00
 1.389219e+00 -4.939298e+01 -2.127810e+01  4.000000e+00
 1.390046e+00 -4.442089e+01 -2.478544e+01  4.000000e+00
 1.386598e+00 -6.384263e+01 -8.450264e+00  4.000000e+00
 1.386874e+00 -6.218523e+01 -9.619245e+00  4.000000e+00
 1.388252e+00 -5.389827e+01 -1.546434e+01  4.000000e+00
 1.388528e+00 -5.224089e+01 -1.663340e+01  4.000000e+00
 1.389079e+00 -4.892615e+01 -1.897156e+01  4.000000e+00
 1.386459e+00 -6.337580e+01 -6.143728e+00  4.000000e+00
 1.387837e+00 -5.508882e+01 -1.198876e+01  4.000000e+00
 1.388113e+00 -5.343144e+01 -1.315780e+01  4.000000e+00
 1.388940e+00 -4.845932e+01 -1.666502e+01  4.000000e+00
 1.389491e+00 -4.514458e+01 -1.900324e+01  4.000000e+00
 1.389766e+00 -4.348722e+01 -2.017236e+01  4.000000e+00
 1.386043e+00 -6.456638e+01 -2.668235e+00  4.000000e+00
 1.386319e+00 -6.290897e+01 -3.837200e+00  4.000000e+00
 1.387146e+00 -5.793677e+01 -7.344177e+00  4.000000e+00
 1.387697e+00 -5.462199e+01 -9.682230e+00  4.000000e+00
 1.388800e+00 -4.799248e+01 -1.435849e+01  4.000000e+00
 1.389075e+00 -4.633511e+01 -1.552759e+01  4.000000e+00
 1.385904e+00 -6.409955e+01 -3.617135e-01  4.000000e+00
 1.386179e+00 -6.244214e+01 -1.530678e+00  4.000000e+00
 1.386455e+00 -6.078474e+01 -2.699658e+00  4.000000e+00
 1.387282e+00 -5.581255e+01 -6.206675e+00  4.000000e+00
 1.387557e+00 -5.415517e+01 -7.375707e+00  4.000000e+00
 1.388109e+00 -5.084040e+01 -9.713813e+00  4.000000e+00
 1.388936e+00 -4.586829e+01 -1.322107e+01  4.000000e+00
 1.389763e+00 -4.089620e+01 -1.672845e+01  4.000000e+00
 1.386039e+00 -6.197532e+01  7.758367e-01  4.000000e+00
 1.386866e+00 -5.700312e+01 -2.731139e+00  4.000000e+00
 1.388245e+00 -4.871620e+01 -8.576368e+00  4.000000e+00
 1.388520e+00 -4.705883e+01 -9.745453e+00  4.000000e+00
 1.389072e+00 -4.374410e+01 -1.208367e+01  4.000000e+00
 1.385348e+00 -6.482331e+01  5.420259e+00  4.000000e+00
 1.385900e+00 -6.150850e+01  3.082345e+00  4.000000e+00
 1.387002e+00 -5.487891e+01 -1.593651e+00  4.000000e+00
 1.388381e+00 -4.659201e+01 -7.438944e+00  4.000000e+00
 1.388656e+00 -4.493464e+01 -8.608044e+00  4.000000e+00
 1.389207e+00 -4.161991e+01 -1.094628e+01  4.000000e+00
 1.389759e+00 -3.830520e+01 -1.328457e+01  4.000000e+00
 1.385760e+00 -6.104168e+01  5.388846e+00  4.000000e+00
 1.385896e+00 -5.891745e+01  6.526360e+00  4.000000e+00
 1.386447e+00 -5.560266e+01  4.188365e+00  4.000000e+00
 1.386723e+00 -5.394527e+01  3.019346e+00  4.000000e+00
 1.387274e+00 -5.063050e+01  6.812702e-01  4.000000e+00
 1.387550e+00 -4.897311e+01 -4.877899e-01  4.000000e+00
 1.387825e+00 -4.731574e+01 -1.656861e+00  4.000000e+00
 1.388652e+00 -4.234363e+01 -5.164157e+00  4.000000e+00
 1.388928e+00 -4.068627e+01 -6.333282e+00  4.000000e+00
 1.385480e+00 -6.010804e+01  1.000183e+01  4.000000e+00
 1.385756e+00 -5.845064e+01  8.832847e+00  4.000000e+00
 1.386307e+00 -5.513584e+01  6.494853e+00  4.000000e+00
 1.387410e+00 -4.850630e+01  1.818698e+00  4.000000e+00
 1.388237e+00 -4.353418e+01 -1.688557e+00  4.000000e+00
 1.388788e+00 -4.021945e+01 -4.026793e+00  4.000000e+00
 1.389064e+00 -3.856209e+01 -5.195933e+00  4.000000e+00
 1.386168e+00 -5.466903e+01  8.801334e+00  4.000000e+00
 1.386443e+00 -5.301164e+01  7.632314e+00  4.000000e+00
 1.386719e+00 -5.135425e+01  6.463284e+00  4.000000e+00
 1.387546e+00 -4.638211e+01  2.956109e+00  4.000000e+00
 1.385477e+00 -5.751701e+01  1.344580e+01  4.000000e+00
 1.386304e+00 -5.254482e+01  9.938788e+00  4.000000e+00
 1.386855e+00 -4.923005e+01  7.600714e+00  4.000000e+00
 1.387131e+00 -4.757267e+01  6.431654e+00  4.000000e+00
 1.387682e+00 -4.425792e+01  4.093499e+00  4.000000e+00
 1.385337e+00 -5.705020e+01  1.575227e+01  4.000000e+00
 1.385613e+00 -5.539280e+01  1.458328e+01  4.000000e+00
 1.387266e+00 -4.544848e+01  7.569051e+00  4.000000e+00
 1.386024e+00 -5.161121e+01  1.455171e+01  4.000000e+00
 2.646987e+00  7.289753e-01 -4.233778e+01  5.000000e+00
 2.646022e+00 -3.773909e+00 -3.652452e+01  5.000000e+00
 2.646572e+00 -4.608110e-01 -3.886280e+01  5.000000e+00
 2.645332e+00 -6.620274e+00 -3.188048e+01  5.000000e+00
 2.646157e+00 -1.650604e+00 -3.538785e+01  5.000000e+00
 2.646433e+00  5.942517e-03 -3.655699e+01  5.000000e+00
 2.647258e+00  4.975554e+00 -4.006452e+01  5.000000e+00
 2.648084e+00  9.945122e+00 -4.357215e+01  5.000000e+00
 2.644917e+00 -7.810089e+00 -2.840557e+01  5.000000e+00
 2.645192e+00 -6.153523e+00 -2.957467e+01  5.000000e+00
 2.645467e+00 -4.496962e+00 -3.074378e+01  5.000000e+00
 2.646293e+00  4.726936e-01 -3.425119e+01  5.000000e+00
 2.646568e+00  2.129236e+00 -3.542035e+01  5.000000e+00
 2.646153e+00  9.394422e-01 -3.194540e+01  5.000000e+00
 2.646429e+00  2.595985e+00 -3.311456e+01  5.000000e+00
 2.646704e+00  4.252522e+00 -3.428373e+01  5.000000e+00
 2.647529e+00  9.222105e+00 -3.779133e+01  5.000000e+00
 2.647804e+00  1.087862e+01 -3.896056e+01  5.000000e+00
 2.648079e+00  1.253514e+01 -4.012980e+01  5.000000e+00
 2.644913e+00 -5.220029e+00 -2.496308e+01  5.000000e+00
 2.645188e+00 -3.563467e+00 -2.613220e+01  5.000000e+00
 2.646839e+00  6.375801e+00 -3.314713e+01  5.000000e+00
 2.647940e+00  1.300188e+01 -3.782401e+01  5.000000e+00
 2.648215e+00  1.465839e+01 -3.899326e+01  5.000000e+00
 2.643122e+00 -1.469275e+01 -1.564290e+01  5.000000e+00
 2.643947e+00 -9.722998e+00 -1.915004e+01  5.000000e+00
 2.644223e+00 -8.066422e+00 -2.031912e+01  5.000000e+00
 2.644498e+00 -6.409851e+00 -2.148820e+01  5.000000e+00
 2.645049e+00 -3.096724e+00 -2.382641e+01  5.000000e+00
 2.645324e+00 -1.440167e+00 -2.499554e+01  5.000000e+00
 2.645874e+00  1.872932e+00 -2.733382e+01  5.000000e+00
 2.646425e+00  5.186012e+00 -2.967216e+01  5.000000e+00
 2.647525e+00  1.181211e+01 -3.434899e+01  5.000000e+00
 2.648901e+00  2.009463e+01 -4.019531e+01  5.000000e+00
 2.642431e+00 -1.753920e+01 -1.099909e+01  5.000000e+00
 2.642707e+00 -1.588261e+01 -1.216810e+01  5.000000e+00
 2.642982e+00 -1.422601e+01 -1.333712e+01  5.000000e+00
 2.644358e+00 -5.943110e+00 -1.918243e+01  5.000000e+00
 2.644634e+00 -4.286544e+00 -2.035152e+01  5.000000e+00
 2.645184e+00 -9.734255e-01 -2.268976e+01  5.000000e+00
 2.645459e+00  6.831264e-01 -2.385890e+01  5.000000e+00
 2.646010e+00  3.996216e+00 -2.619721e+01  5.000000e+00
 2.646560e+00  7.309286e+00 -2.853558e+01  5.000000e+00
 2.646835e+00  8.965814e+00 -2.970478e+01  5.000000e+00
 2.648486e+00  1.890488e+01 -3.672025e+01  5.000000e+00
 2.642842e+00 -1.375927e+01 -1.103135e+01  5.000000e+00
 2.643118e+00 -1.210268e+01 -1.220039e+01  5.000000e+00
 2.643668e+00 -8.789519e+00 -1.453849e+01  5.000000e+00
 2.644769e+00 -2.163244e+00 -1.921487e+01  5.000000e+00
 2.645595e+00  2.806413e+00 -2.272228e+01  5.000000e+00
 2.645870e+00  4.462955e+00 -2.389144e+01  5.000000e+00
 2.646145e+00  6.119493e+00 -2.506062e+01  5.000000e+00
 2.646420e+00  7.776025e+00 -2.622981e+01  5.000000e+00
 2.646971e+00  1.108908e+01 -2.856822e+01  5.000000e+00
 2.647246e+00  1.274559e+01 -2.973745e+01  5.000000e+00
 2.647521e+00  1.440211e+01 -3.090669e+01  5.000000e+00
 2.648071e+00  1.771512e+01 -3.324521e+01  5.000000e+00
 2.648346e+00  1.937162e+01 -3.441449e+01  5.000000e+00
 2.642152e+00 -1.660573e+01 -6.387556e+00  5.000000e+00
 2.642703e+00 -1.329254e+01 -8.725587e+00  5.000000e+00
 2.643253e+00 -9.979363e+00 -1.106367e+01  5.000000e+00
 2.643529e+00 -8.322782e+00 -1.223273e+01  5.000000e+00
 2.644079e+00 -5.009635e+00 -1.457089e+01  5.000000e+00
 2.644354e+00 -3.353069e+00 -1.573999e+01  5.000000e+00
 2.644630e+00 -1.696507e+00 -1.690910e+01  5.000000e+00
 2.645455e+00  3.273149e+00 -2.041652e+01  5.000000e+00
 2.645730e+00  4.929692e+00 -2.158568e+01  5.000000e+00
 2.646281e+00  8.242762e+00 -2.392405e+01  5.000000e+00
 2.646831e+00  1.155581e+01 -2.626246e+01  5.000000e+00
 2.647106e+00  1.321233e+01 -2.743169e+01  5.000000e+00
 2.642288e+00 -1.448240e+01 -5.250807e+00  5.000000e+00
 2.643114e+00 -9.512629e+00 -8.757913e+00  5.000000e+00
 2.643389e+00 -7.856049e+00 -9.926974e+00  5.000000e+00
 2.643664e+00 -6.199473e+00 -1.109605e+01  5.000000e+00
 2.643939e+00 -4.542902e+00 -1.226513e+01  5.000000e+00
 2.644490e+00 -1.229774e+00 -1.460335e+01  5.000000e+00
 2.645040e+00  2.083336e+00 -1.694161e+01  5.000000e+00
 2.645316e+00  3.739883e+00 -1.811076e+01  5.000000e+00
 2.645591e+00  5.396426e+00 -1.927993e+01  5.000000e+00
 2.646691e+00  1.202255e+01 -2.395671e+01  5.000000e+00
 2.646967e+00  1.367907e+01 -2.512594e+01  5.000000e+00
 2.642699e+00 -1.070248e+01 -5.283114e+00  5.000000e+00
 2.643800e+00 -4.076170e+00 -9.959385e+00  5.000000e+00
 2.644075e+00 -2.419604e+00 -1.112849e+01  5.000000e+00
 2.644350e+00 -7.630421e-01 -1.229760e+01  5.000000e+00
 2.644625e+00  8.935151e-01 -1.346672e+01  5.000000e+00
 2.644901e+00  2.550067e+00 -1.463586e+01  5.000000e+00
 2.645176e+00  4.206615e+00 -1.580501e+01  5.000000e+00
 2.645726e+00  7.519695e+00 -1.814336e+01  5.000000e+00
 2.646001e+00  9.176228e+00 -1.931255e+01  5.000000e+00
 2.646277e+00  1.083276e+01 -2.048175e+01  5.000000e+00
 2.646827e+00  1.414580e+01 -2.282019e+01  5.000000e+00
 2.641458e+00 -1.686214e+01  1.698694e+00  5.000000e+00
 2.642284e+00 -1.189234e+01 -1.808335e+00  5.000000e+00
 2.643385e+00 -5.266013e+00 -6.484555e+00  5.000000e+00
 2.643935e+00 -1.952875e+00 -8.822743e+00  5.000000e+00
 2.644211e+00 -2.963131e-01 -9.991856e+00  5.000000e+00
 2.644761e+00  3.016796e+00 -1.233012e+01  5.000000e+00
 2.645036e+00  4.673344e+00 -1.349927e+01  5.000000e+00
 2.645311e+00  6.329887e+00 -1.466844e+01  5.000000e+00
 2.645587e+00  7.986424e+00 -1.583762e+01  5.000000e+00
 2.645862e+00  9.642957e+00 -1.700681e+01  5.000000e+00
 2.646137e+00  1.129949e+01 -1.817601e+01  5.000000e+00
 2.646687e+00  1.461253e+01 -2.051445e+01  5.000000e+00
 2.646962e+00  1.626904e+01 -2.168370e+01  5.000000e+00
 2.641593e+00 -1.473881e+01  2.835434e+00  5.000000e+00
 2.642419e+00 -9.769028e+00 -6.716337e-01  5.000000e+00
 2.643520e+00 -3.142715e+00 -5.347907e+00  5.000000e+00
 2.643796e+00 -1.486148e+00 -6.517008e+00  5.000000e+00
 2.644346e+00  1.826971e+00 -8.855248e+00  5.000000e+00
 2.645172e+00  6.796613e+00 -1.236270e+01  5.000000e+00
 2.645722e+00  1.010968e+01 -1.470107e+01  5.000000e+00
 2.647373e+00  2.004878e+01 -2.171649e+01  5.000000e+00
 2.648198e+00  2.501825e+01 -2.522436e+01  5.000000e+00
 2.641729e+00 -1.261549e+01  3.972155e+00  5.000000e+00
 2.642555e+00 -7.645719e+00  4.650467e-01  5.000000e+00
 2.642830e+00 -5.989138e+00 -7.040152e-01  5.000000e+00
 2.643931e+00  6.371376e-01 -5.380393e+00  5.000000e+00
 2.644206e+00  2.293695e+00 -6.549520e+00  5.000000e+00
 2.644482e+00  3.950247e+00 -7.718659e+00  5.000000e+00
 2.644757e+00  5.606795e+00 -8.887812e+00  5.000000e+00
 2.645032e+00  7.263338e+00 -1.005698e+01  5.000000e+00
 2.645307e+00  8.919875e+00 -1.122616e+01  5.000000e+00
 2.645582e+00  1.057641e+01 -1.239535e+01  5.000000e+00
 2.645858e+00  1.223294e+01 -1.356455e+01  5.000000e+00
 2.647508e+00  2.217200e+01 -2.058004e+01  5.000000e+00
 2.641039e+00 -1.546197e+01  8.615884e+00  5.000000e+00
 2.641865e+00 -1.049217e+01  5.108854e+00  5.000000e+00
 2.642690e+00 -5.522417e+00  1.601707e+00  5.000000e+00
 2.643241e+00 -2.209269e+00 -7.364566e-01  5.000000e+00
 2.644342e+00  4.416969e+00 -5.412939e+00  5.000000e+00
 2.644617e+00  6.073516e+00 -6.582092e+00  5.000000e+00
 2.644892e+00  7.730059e+00 -7.751258e+00  5.000000e+00
 2.645168e+00  9.386597e+00 -8.920436e+00  5.000000e+00
 2.645443e+00  1.104313e+01 -1.008963e+01  5.000000e+00
 2.645718e+00  1.269966e+01 -1.125883e+01  5.000000e+00
 2.645993e+00  1.435618e+01 -1.242805e+01  5.000000e+00
 2.647093e+00  2.098222e+01 -1.710504e+01  5.000000e+00
 2.647919e+00  2.595170e+01 -2.061292e+01  5.000000e+00
 2.643101e+00 -1.742550e+00  1.569258e+00  5.000000e+00
 2.643652e+00  1.570579e+00 -7.689576e-01  5.000000e+00
 2.644477e+00  6.540236e+00 -4.276378e+00  5.000000e+00
 2.644753e+00  8.196779e+00 -5.445545e+00  5.000000e+00
 2.645028e+00  9.853316e+00 -6.614724e+00  5.000000e+00
 2.646679e+00  1.979244e+01 -1.363007e+01  5.000000e+00
 2.647504e+00  2.476193e+01 -1.713791e+01  5.000000e+00
 2.647779e+00  2.641842e+01 -1.830722e+01  5.000000e+00
 2.641034e+00 -1.287193e+01  1.205831e+01  5.000000e+00
 2.641585e+00 -9.558737e+00  9.720279e+00  5.000000e+00
 2.642686e+00 -2.932405e+00  5.044055e+00  5.000000e+00
 2.643787e+00  3.693853e+00  3.676217e-01  5.000000e+00
 2.644063e+00  5.350405e+00 -8.015188e-01  5.000000e+00
 2.644888e+00  1.032003e+01 -4.309018e+00  5.000000e+00
 2.645163e+00  1.197657e+01 -5.478210e+00  5.000000e+00
 2.645438e+00  1.363309e+01 -6.647415e+00  5.000000e+00
 2.645714e+00  1.528962e+01 -7.816633e+00  5.000000e+00
 2.646264e+00  1.860265e+01 -1.015511e+01  5.000000e+00
 2.641996e+00 -5.778847e+00  9.687894e+00  5.000000e+00
 2.642547e+00 -2.465691e+00  7.349755e+00  5.000000e+00
 2.643097e+00  8.474478e-01  5.011564e+00  5.000000e+00
 2.643923e+00  5.817119e+00  1.504181e+00  5.000000e+00
 2.644473e+00  9.130210e+00 -8.341398e-01  5.000000e+00
 2.645024e+00  1.244328e+01 -3.172512e+00  5.000000e+00
 2.645299e+00  1.409981e+01 -4.341717e+00  5.000000e+00
 2.645849e+00  1.741285e+01 -6.680166e+00  5.000000e+00
 2.646124e+00  1.906936e+01 -7.849410e+00  5.000000e+00
 2.646674e+00  2.238237e+01 -1.018794e+01  5.000000e+00
 2.641581e+00 -6.968721e+00  1.316264e+01  5.000000e+00
 2.641856e+00 -5.312135e+00  1.199359e+01  5.000000e+00
 2.642407e+00 -1.998979e+00  9.655449e+00  5.000000e+00
 2.642957e+00  1.314160e+00  7.317258e+00  5.000000e+00
 2.645159e+00  1.456652e+01 -2.036026e+00  5.000000e+00
 2.645709e+00  1.787956e+01 -4.374476e+00  5.000000e+00
 2.647360e+00  2.781856e+01 -1.139013e+01  5.000000e+00
 2.642818e+00  1.780869e+00  9.622944e+00  5.000000e+00
 2.643368e+00  5.093988e+00  7.284700e+00  5.000000e+00
 2.645019e+00  1.503323e+01  2.696574e-01  5.000000e+00
 2.645294e+00  1.668975e+01 -8.995614e-01  5.000000e+00
 2.645570e+00  1.834627e+01 -2.068793e+00  5.000000e+00
 2.646670e+00  2.497229e+01 -6.745849e+00  5.000000e+00
 2.641852e+00 -2.722139e+00  1.543589e+01  5.000000e+00
 2.642678e+00  2.247576e+00  1.192862e+01  5.000000e+00
 2.642953e+00  3.904138e+00  1.075951e+01  5.000000e+00
 2.645155e+00  1.715646e+01  1.406115e+00  5.000000e+00
 2.641988e+00 -5.988580e-01  1.657249e+01  5.000000e+00
 2.643639e+00  9.340499e+00  9.557753e+00  5.000000e+00
 2.644465e+00  1.431011e+01  6.050210e+00  5.000000e+00
 2.645015e+00  1.762316e+01  3.711784e+00  5.000000e+00
 2.642123e+00  1.524416e+00  1.770906e+01  5.000000e+00
 2.642398e+00  3.180982e+00  1.653996e+01  5.000000e+00
 2.643775e+00  1.146374e+01  1.069425e+01  5.000000e+00
 2.642119e+00  4.114379e+00  2.115127e+01  5.000000e+00
