 0.021124052  0.111783592 -0.189210111  1.000000000
 0.021044754  0.111776334 -0.189521005  1.000000000
 0.021166159  0.111814417 -0.189133324  1.000000000
 0.020908034  0.111705819 -0.189889164  1.000000000
 0.020956396  0.111742129 -0.189793636  1.000000000
 0.021089677  0.111815649 -0.189456409  1.000000000
 0.021130146  0.111828339 -0.189327178  1.000000000
 0.021168626  0.111835116 -0.189189570  1.000000000
 0.021272068  0.111819969 -0.188726701  1.000000000
 0.020859039  0.111681003 -0.190027807  1.000000000
 0.020909354  0.111723206 -0.189940765  1.000000000
 0.021048538  0.111814427 -0.189628889  1.000000000
 0.021090988  0.111833022 -0.189508067  1.000000000
 0.021131456  0.111845707 -0.189378843  1.000000000
 0.021169933  0.111852478 -0.189241239  1.000000000
 0.021273368  0.111837305 -0.188778367  1.000000000
 0.021332272  0.111797629 -0.188428318  1.000000000
 0.020909521  0.111737257 -0.189987764  1.000000000
 0.020957877  0.111773562 -0.189892274  1.000000000
 0.021004271  0.111803967 -0.189788329  1.000000000
 0.021170081  0.111866500 -0.189288326  1.000000000
 0.021206559  0.111867349 -0.189142369  1.000000000
 0.021273505  0.111851302 -0.188825465  1.000000000
 0.020751786  0.111603723 -0.190265658  1.000000000
 0.020805977  0.111657689 -0.190195651  1.000000000
 0.020858230  0.111705774 -0.190117146  1.000000000
 0.020908537  0.111747971 -0.190030155  1.000000000
 0.020956888  0.111784273 -0.189934690  1.000000000
 0.021003277  0.111814673 -0.189830766  1.000000000
 0.021090139  0.111857752 -0.189597608  1.000000000
 0.021130599  0.111870424 -0.189468411  1.000000000
 0.021169068  0.111877181 -0.189330828  1.000000000
 0.021205542  0.111878022 -0.189184881  1.000000000
 0.021272479  0.111861958 -0.188867991  1.000000000
 0.021331369  0.111822243 -0.188517942  1.000000000
 0.020749669  0.111611113 -0.190303345  1.000000000
 0.020803854  0.111665075 -0.190233371  1.000000000
 0.020856100  0.111713156 -0.190154897  1.000000000
 0.020906400  0.111755348 -0.190067935  1.000000000
 0.021087979  0.111865106 -0.189635484  1.000000000
 0.021237831  0.111880272 -0.189068534  1.000000000
 0.021270291  0.111869274 -0.188905941  1.000000000
 0.021300739  0.111852363 -0.188735057  1.000000000
 0.020746405  0.111615169 -0.190336410  1.000000000
 0.020903112  0.111759386 -0.190101100  1.000000000
 0.020951450  0.111795676 -0.190005692  1.000000000
 0.021042231  0.111850546 -0.189789504  1.000000000
 0.021200026  0.111889344 -0.189256146  1.000000000
 0.021234486  0.111884254 -0.189101889  1.000000000
 0.021266940  0.111873248 -0.188939312  1.000000000
 0.021297381  0.111856328 -0.188768442  1.000000000
 0.021352210  0.111804760 -0.188401930  1.000000000
 0.020741994  0.111615890 -0.190364851  1.000000000
 0.020898673  0.111760086 -0.190129648  1.000000000
 0.021037765  0.111851223 -0.189818146  1.000000000
 0.021080186  0.111869787 -0.189697428  1.000000000
 0.021120625  0.111882438 -0.189568300  1.000000000
 0.021159074  0.111889172 -0.189430780  1.000000000
 0.021229980  0.111884893 -0.189130657  1.000000000
 0.021347676  0.111805368 -0.188430772  1.000000000
 0.020680352  0.111553463 -0.190450011  1.000000000
 0.020893083  0.111757446 -0.190153576  1.000000000
 0.020987757  0.111824093 -0.189954431  1.000000000
 0.021074555  0.111867115 -0.189721491  1.000000000
 0.021114984  0.111879757 -0.189592393  1.000000000
 0.021224313  0.111882189 -0.189154835  1.000000000
 0.021256750  0.111871168 -0.188992305  1.000000000
 0.021287177  0.111854234 -0.188821478  1.000000000
 0.021366342  0.111767980 -0.188259498  1.000000000
 0.020886342  0.111751468 -0.190172881  1.000000000
 0.020980992  0.111818096 -0.189973812  1.000000000
 0.021025368  0.111842553 -0.189861595  1.000000000
 0.021217485  0.111876144 -0.189174421  1.000000000
 0.021249913  0.111865115 -0.189011922  1.000000000
 0.021335114  0.111796563 -0.188474748  1.000000000
 0.020665831  0.111538258 -0.190483661  1.000000000
 0.020721888  0.111598048 -0.190422401  1.000000000
 0.020776016  0.111651966 -0.190352624  1.000000000
 0.020828206  0.111700003 -0.190274341  1.000000000
 0.020973075  0.111808759 -0.189988575  1.000000000
 0.021059826  0.111851745 -0.189755787  1.000000000
 0.021175074  0.111871876 -0.189343553  1.000000000
 0.021241916  0.111855721 -0.189026949  1.000000000
 0.020656856  0.111525659 -0.190493536  1.000000000
 0.020767008  0.111639338 -0.190362590  1.000000000
 0.020869412  0.111729499 -0.190197618  1.000000000
 0.020964006  0.111796083 -0.189998719  1.000000000
 0.021050729  0.111839049 -0.189766017  1.000000000
 0.021091122  0.111851665 -0.189637035  1.000000000
 0.021129527  0.111858367 -0.189499658  1.000000000
 0.021165939  0.111859155 -0.189353909  1.000000000
 0.021263154  0.111826033 -0.188866665  1.000000000
 0.021291536  0.111803170 -0.188687671  1.000000000
 0.021342238  0.111739732 -0.188304984  1.000000000
 0.020859224  0.111713510 -0.190203048  1.000000000
 0.020953786  0.111780069 -0.190004243  1.000000000
 0.020998119  0.111804495 -0.189892156  1.000000000
 0.021190046  0.111837959 -0.189205612  1.000000000
 0.020691483  0.111550213 -0.190438262  1.000000000
 0.020797695  0.111652078 -0.190290487  1.000000000
 0.020896132  0.111730402 -0.190108732  1.000000000
 0.020942415  0.111760719 -0.190005146  1.000000000
 0.020986732  0.111785133 -0.189893108  1.000000000
 0.021069438  0.111816236 -0.189643752  1.000000000
 0.021144198  0.111823693 -0.189360818  1.000000000
 0.021178583  0.111818552 -0.189206816  1.000000000
 0.021269696  0.111767665 -0.188694963  1.000000000
 0.020785233  0.111629438 -0.190286610  1.000000000
 0.020883631  0.111707730 -0.190104961  1.000000000
 0.020974194  0.111762434 -0.189889444  1.000000000
 0.021095226  0.111800192 -0.189502969  1.000000000
 0.021198332  0.111784750 -0.189041151  1.000000000
 0.021283365  0.111716133 -0.188504651  1.000000000
 0.020771628  0.111603468 -0.190278105  1.000000000
 0.020869984  0.111681726 -0.190096566  1.000000000
 0.020960507  0.111736403 -0.189881162  1.000000000
 0.021002814  0.111754886 -0.189760803  1.000000000
 0.020756881  0.111574171 -0.190264971  1.000000000
 0.020987959  0.111725511 -0.189747966  1.000000000
 0.021066592  0.111744733 -0.189482149  1.000000000
 0.021169599  0.111729253 -0.189020703  1.000000000
 0.020791097  0.111583585 -0.190160799  1.000000000
 0.020839254  0.111619733 -0.190065909  1.000000000
 0.020929690  0.111674348 -0.189850751  1.000000000
 0.020971956  0.111692806 -0.189730517  1.000000000
 0.021086864  0.111712748 -0.189319426  1.000000000
 0.020894291  0.111598993 -0.189801887  1.000000000
 0.062199612  0.020299230  0.078069289  2.000000000
 0.062277087  0.020352048  0.078009813  2.000000000
 0.062319259  0.020223204  0.078331395  2.000000000
 0.062398682  0.020276315  0.078274715  2.000000000
 0.062432431  0.020145402  0.078584100  2.000000000
 0.062528572  0.020132772  0.078681956  2.000000000
 0.062622414  0.020119517  0.078776302  2.000000000
 0.062713950  0.020105637  0.078867128  2.000000000
 0.062724496  0.020038490  0.079012862  2.000000000
 0.062890069  0.020076009  0.079038188  2.000000000
 0.062991510  0.019924453  0.079404476  2.000000000
 0.062993543  0.019855229  0.079537907  2.000000000
 0.063214278  0.020009313  0.079337733  2.000000000
 0.063230961  0.019733017  0.079885980  2.000000000
 0.063306365  0.019854502  0.079690957  2.000000000
 0.063362252  0.019972267  0.079466108  2.000000000
 0.063432683  0.019952824  0.079524924  2.000000000
 0.063517675  0.019795629  0.079868197  2.000000000
 0.063583092  0.019634011  0.080182624  2.000000000
 0.063629673  0.019890839  0.079679829  2.000000000
 0.063640303  0.019822533  0.079827303  2.000000000
 0.063646366  0.019612405  0.080231131  2.000000000
 0.063759111  0.019495505  0.080439169  2.000000000
 0.063815731  0.019754852  0.079950129  2.000000000
 0.063824077  0.019615144  0.080226455  2.000000000
 0.061701514  0.021365875  0.072888417  2.000000000
 0.063920624  0.019706740  0.080013932  2.000000000
 0.063926661  0.019495452  0.080419314  2.000000000
 0.061662615  0.021360397  0.072612393  2.000000000
 0.063958785  0.019750571  0.079892293  2.000000000
 0.063969439  0.019681792  0.080040400  2.000000000
 0.063975772  0.019612145  0.080182078  2.000000000
 0.061976870  0.021259856  0.073278063  2.000000000
 0.064021851  0.019444545  0.080469161  2.000000000
 0.064015209  0.019372296  0.080591504  2.000000000
 0.062148433  0.021195582  0.073609592  2.000000000
 0.064059152  0.019345903  0.080611050  2.000000000
 0.064048178  0.019272770  0.080726958  2.000000000
 0.061927692  0.021251799  0.072986755  2.000000000
 0.062434334  0.021086302  0.074236894  2.000000000
 0.064107634  0.019533557  0.080239972  2.000000000
 0.064100658  0.019318931  0.080626949  2.000000000
 0.064089675  0.019245738  0.080742934  2.000000000
 0.062227313  0.021146361  0.073632242  2.000000000
 0.062472695  0.021061173  0.074246681  2.000000000
 0.064129718  0.019645165  0.079961556  2.000000000
 0.064146714  0.019506194  0.080252002  2.000000000
 0.064166354  0.019617347  0.079969805  2.000000000
 0.064183016  0.019335755  0.080525161  2.000000000
 0.064165350  0.019189955  0.080763934  2.000000000
 0.062421470  0.021052391  0.073951249  2.000000000
 0.062771542  0.020919056  0.074848626  2.000000000
 0.064184180  0.019087047  0.080878612  2.000000000
 0.062802799  0.020891869  0.074848173  2.000000000
 0.063116033  0.020748484  0.075695385  2.000000000
 0.064197950  0.019695832  0.079658930  2.000000000
 0.064217283  0.019628341  0.079820368  2.000000000
 0.064251277  0.019349689  0.080402020  2.000000000
 0.060680028  0.015865530  0.080274881  2.000000000
 0.060507999  0.015770471  0.080133286  2.000000000
 0.064143257  0.019863678  0.079133643  2.000000000
 0.064175573  0.019798825  0.079314135  2.000000000
 0.064203566  0.019733061  0.079488323  2.000000000
 0.064227233  0.019666398  0.079656178  2.000000000
 0.064278571  0.019390964  0.080263750  2.000000000
 0.064271531  0.019175483  0.080651724  2.000000000
 0.064260509  0.019102021  0.080768038  2.000000000
 0.064245151  0.019027761  0.080877816  2.000000000
 0.062858085  0.020835653  0.074836849  2.000000000
 0.063071177  0.020740771  0.075407523  2.000000000
 0.063359697  0.020590468  0.076220796  2.000000000
 0.063823266  0.020261953  0.077689326  2.000000000
 0.063997654  0.020084221  0.078342483  2.000000000
 0.064092473  0.019960916  0.078747228  2.000000000
 0.064170069  0.019833852  0.079127114  2.000000000
 0.064287323  0.019071584  0.080762101  2.000000000
 0.060733425  0.015804145  0.080271073  2.000000000
 0.063634736  0.020401084  0.076971193  2.000000000
 0.064116815  0.019930638  0.078737005  2.000000000
 0.064323452  0.019400180  0.080105429  2.000000000
 0.064329411  0.019186891  0.080513150  2.000000000
 0.064322716  0.019114143  0.080636089  2.000000000
 0.064276597  0.018891109  0.080965728  2.000000000
 0.064252556  0.018815208  0.081062490  2.000000000
 0.060756600  0.015772763  0.080263711  2.000000000
 0.060584392  0.015677771  0.080122293  2.000000000
 0.063116917  0.020681761  0.075382439  2.000000000
 0.063405582  0.020530951  0.076195913  2.000000000
 0.063989970  0.020083703  0.078106586  2.000000000
 0.064319696  0.019506914  0.079787849  2.000000000
 0.064318197  0.018934648  0.080849204  2.000000000
 0.060777423  0.015740926  0.080252713  2.000000000
 0.063236562  0.020602051  0.075641585  2.000000000
 0.063951207  0.020111914  0.077871248  2.000000000
 0.064112850  0.019930659  0.078506393  2.000000000
 0.064317901  0.018827299  0.080935785  2.000000000
 0.061129132  0.015897620  0.080501326  2.000000000
 0.060795891  0.015708637  0.080238079  2.000000000
 0.063613306  0.020362982  0.076670394  2.000000000
 0.063767993  0.020252844  0.077160241  2.000000000
 0.063968154  0.020080153  0.077850159  2.000000000
 0.064282391  0.018641807  0.081102554  2.000000000
 0.061145320  0.015864819  0.080482907  2.000000000
 0.063544060  0.020384607  0.076391893  2.000000000
 0.064230616  0.019740356  0.078853461  2.000000000
 0.064267285  0.019676061  0.079040455  2.000000000
 0.064327646  0.019544747  0.079395600  2.000000000
 0.064396346  0.019271531  0.080029750  2.000000000
 0.064402666  0.019201086  0.080172276  2.000000000
 0.064395556  0.018984792  0.080561057  2.000000000
 0.064384497  0.018911081  0.080677650  2.000000000
 0.064264135  0.018530953  0.081162297  2.000000000
 0.064227076  0.018452699  0.081239456  2.000000000
 0.061320097  0.015925527  0.080582619  2.000000000
 0.061159141  0.015831565  0.080460847  2.000000000
 0.060994354  0.015737289  0.080332603  2.000000000
 0.060825760  0.015642712  0.080197908  2.000000000
 0.063794482  0.020187984  0.077107324  2.000000000
 0.063994688  0.020014890  0.077797304  2.000000000
 0.064279347  0.019642790  0.079012331  2.000000000
 0.064408407  0.019237975  0.080001764  2.000000000
 0.064381134  0.018802805  0.080759914  2.000000000
 0.064308888  0.018574619  0.081050848  2.000000000
 0.061488702  0.015985391  0.080672038  2.000000000
 0.061331576  0.015891789  0.080556839  2.000000000
 0.061005779  0.015703621  0.080306987  2.000000000
 0.064004273  0.019981395  0.077765542  2.000000000
 0.064116373  0.019861015  0.078195221  2.000000000
 0.064372993  0.019410349  0.079503963  2.000000000
 0.064392338  0.019342382  0.079665746  2.000000000
 0.064423908  0.018989811  0.080378519  2.000000000
 0.064406116  0.018843051  0.080618344  2.000000000
 0.064207221  0.018305348  0.081251224  2.000000000
 0.061179676  0.015763711  0.080405813  2.000000000
 0.064011403  0.019947328  0.077730229  2.000000000
 0.064173115  0.019765158  0.078365547  2.000000000
 0.064433405  0.019027257  0.080213673  2.000000000
 0.064413224  0.018808229  0.080583230  2.000000000
 0.064397808  0.018733640  0.080693387  2.000000000
 0.064118562  0.018110252  0.081337786  2.000000000
 0.063953601  0.019971556  0.077467417  2.000000000
 0.064264081  0.019604108  0.078719391  2.000000000
 0.064361110  0.019407908  0.079261659  2.000000000
 0.064417864  0.018772871  0.080544481  2.000000000
 0.064330149  0.018469859  0.080945887  2.000000000
 0.064218893  0.018234880  0.081177820  2.000000000
 0.064010233  0.017911922  0.081394281  2.000000000
 0.061811619  0.016067340  0.080782941  2.000000000
 0.061662233  0.015974533  0.080681035  2.000000000
 0.061508940  0.015881380  0.080572605  2.000000000
 0.064431972  0.019098264  0.079853624  2.000000000
 0.064012356  0.017875889  0.081352262  2.000000000
 0.062371665  0.016399033  0.081084036  2.000000000
 0.061664224  0.015938931  0.080640525  2.000000000
 0.064018054  0.019841727  0.077603010  2.000000000
 0.064130146  0.019720902  0.078032592  2.000000000
 0.064335033  0.019402552  0.078998649  2.000000000
 0.064431691  0.019061981  0.079807558  2.000000000
 0.064404309  0.018625909  0.080566310  2.000000000
 0.064331993  0.018397402  0.080857683  2.000000000
 0.064220714  0.018162352  0.081089807  2.000000000
 0.064070635  0.017921094  0.081262355  2.000000000
 0.063949131  0.017756976  0.081344168  2.000000000
 0.061958691  0.016087975  0.080793286  2.000000000
 0.064177037  0.019622600  0.078188631  2.000000000
 0.064263308  0.019496069  0.078581272  2.000000000
 0.064360307  0.019299488  0.079123464  2.000000000
 0.064437191  0.018882962  0.080036710  2.000000000
 0.064329215  0.018360399  0.080808124  2.000000000
 0.063807762  0.017553340  0.081350161  2.000000000
 0.063084668  0.016864060  0.081304658  2.000000000
 0.062975528  0.016775549  0.081269000  2.000000000
 0.062623499  0.016507204  0.081122192  2.000000000
 0.062498016  0.016416863  0.081060007  2.000000000
 0.062368494  0.016326099  0.080991215  2.000000000
 0.061661049  0.015866402  0.080548606  2.000000000
 0.064068382  0.019708485  0.077718279  2.000000000
 0.064294776  0.019394285  0.078715073  2.000000000
 0.064398094  0.019126741  0.079400149  2.000000000
 0.064411732  0.018626161  0.080353198  2.000000000
 0.064166956  0.018008038  0.081051433  2.000000000
 0.064116925  0.017927612  0.081109022  2.000000000
 0.062618293  0.016469984  0.081070151  2.000000000
 0.062363298  0.016288955  0.080939344  2.000000000
 0.062229764  0.016197821  0.080864046  2.000000000
 0.064114645  0.019609973  0.077873328  2.000000000
 0.064164228  0.019548005  0.078078843  2.000000000
 0.064421866  0.018735271  0.080056296  2.000000000
 0.064388593  0.018513474  0.080406584  2.000000000
 0.064344706  0.018361802  0.080607494  2.000000000
 0.064246389  0.018128824  0.080859615  2.000000000
 0.064204973  0.018049755  0.080930470  2.000000000
 0.063866237  0.017561434  0.081216445  2.000000000
 0.063639275  0.017308910  0.081269675  2.000000000
 0.063555163  0.017223583  0.081274096  2.000000000
 0.063374334  0.017051280  0.081262956  2.000000000
 0.063277644  0.016964331  0.081247396  2.000000000
 0.062962664  0.016700454  0.081160806  2.000000000
 0.062610673  0.016432313  0.081014472  2.000000000
 0.064309315  0.019252723  0.078778656  2.000000000
 0.064337300  0.019186201  0.078953044  2.000000000
 0.064405873  0.018911524  0.079587293  2.000000000
 0.063545040  0.017185174  0.081214137  2.000000000
 0.064092016  0.019533286  0.077749466  2.000000000
 0.064186838  0.019408263  0.078154157  2.000000000
 0.064399532  0.018801813  0.079665847  2.000000000
 0.064293446  0.018207298  0.080573615  2.000000000
 0.064032112  0.017730976  0.080979126  2.000000000
 0.063843488  0.017483987  0.081092482  2.000000000
 0.063351684  0.016974097  0.081139647  2.000000000
 0.063049209  0.016711910  0.081073422  2.000000000
 0.062062292  0.015992480  0.080605338  2.000000000
 0.064352576  0.018972272  0.079151314  2.000000000
 0.064378159  0.018833149  0.079455633  2.000000000
 0.064377207  0.018545135  0.079987316  2.000000000
 0.064366111  0.018471164  0.080104079  2.000000000
 0.064306786  0.018244720  0.080415290  2.000000000
 0.064278344  0.018167768  0.080505946  2.000000000
 0.064208485  0.018011733  0.080667548  2.000000000
 0.064121364  0.017852939  0.080802790  2.000000000
 0.062811992  0.016495583  0.080929336  2.000000000
 0.062573334  0.016316619  0.080825657  2.000000000
 0.062447913  0.016226490  0.080763909  2.000000000
 0.064292111  0.019068142  0.078750540  2.000000000
 0.064335033  0.018932349  0.079080182  2.000000000
 0.064289220  0.018204694  0.080344010  2.000000000
 0.063810943  0.017404634  0.080954010  2.000000000
 0.063584096  0.017152367  0.081007828  2.000000000
 0.062794678  0.016456043  0.080858984  2.000000000
 0.062301237  0.016096605  0.080625579  2.000000000
 0.064134391  0.019288989  0.077941582  2.000000000
 0.064244174  0.019094376  0.078501711  2.000000000
 0.064339608  0.018464610  0.079841200  2.000000000
 0.064293299  0.018240397  0.080171925  2.000000000
 0.064207996  0.018009572  0.080443907  2.000000000
 0.064083822  0.017772465  0.080656761  2.000000000
 0.063979531  0.017611072  0.080765663  2.000000000
 0.063790999  0.017364252  0.080879349  2.000000000
 0.063391896  0.016941142  0.080936067  2.000000000
 0.063202838  0.016768094  0.080912254  2.000000000
 0.062888102  0.016504778  0.080826766  2.000000000
 0.064017289  0.019373481  0.077459495  2.000000000
 0.064152893  0.019184169  0.078056535  2.000000000
 0.064249677  0.018986832  0.078597793  2.000000000
 0.064307505  0.018781759  0.079082491  2.000000000
 0.064290581  0.018274870  0.079989736  2.000000000
 0.064246706  0.018123165  0.080190669  2.000000000
 0.064218275  0.018046225  0.080281335  2.000000000
 0.063541863  0.017071314  0.080855181  2.000000000
 0.063369602  0.016900458  0.080858053  2.000000000
 0.063079840  0.016640247  0.080812579  2.000000000
 0.063880644  0.019453893  0.076949818  2.000000000
 0.064196847  0.019012080  0.078342005  2.000000000
 0.064301346  0.018527749  0.079427991  2.000000000
 0.064298925  0.018455309  0.079557610  2.000000000
 0.062611070  0.016245734  0.080578094  2.000000000
 0.064100714  0.019100938  0.077890055  2.000000000
 0.064137266  0.019035990  0.078076571  2.000000000
 0.064169502  0.018970164  0.078256867  2.000000000
 0.064272028  0.018557409  0.079206489  2.000000000
 0.064271518  0.018413310  0.079472083  2.000000000
 0.064264756  0.018340091  0.079595227  2.000000000
 0.063823773  0.019369922  0.076777230  2.000000000
 0.064030105  0.019122640  0.077608938  2.000000000
 0.064191181  0.018793474  0.078509902  2.000000000
 0.064210428  0.018725071  0.078671310  2.000000000
 0.064244083  0.018443265  0.079253458  2.000000000
 0.064241656  0.018370822  0.079383008  2.000000000
 0.064234894  0.018297604  0.079506120  2.000000000
 0.064223796  0.018223625  0.079622775  2.000000000
 0.063903367  0.019205293  0.077113559  2.000000000
 0.064038738  0.019015666  0.077709571  2.000000000
 0.063868780  0.019161965  0.077018387  2.000000000
 0.064072769  0.018841393  0.077980413  2.000000000
 0.063591545  0.019358362  0.076041024  2.000000000
 0.063778105  0.019179577  0.076709101  2.000000000
 0.063926206  0.018992524  0.077322812  2.000000000
 0.063966988  0.018928382  0.077515146  2.000000000
 0.063841642  0.019011424  0.077022140  2.000000000
 0.063576843  0.019210681  0.076062893  2.000000000
 0.063696824  0.019090456  0.076501755  2.000000000
 0.063320941  0.019338815  0.075251943  2.000000000
 0.063532636  0.019165420  0.075954369  2.000000000
 0.063486014  0.019119666  0.075842443  2.000000000
 0.063370733  0.019132210  0.075499218  2.000000000
 0.063498981  0.019013708  0.075949092  2.000000000
 0.062958775  0.019264213  0.074290025  2.000000000
 0.063120563  0.019153160  0.074786053  2.000000000
 0.063064477  0.019105530  0.074661209  2.000000000
 0.063275444  0.018931793  0.075360935  2.000000000
 0.062783734  0.019120034  0.073906826  2.000000000
 0.062866532  0.019064912  0.074157069  2.000000000
 0.063019569  0.018951823  0.074640233  2.000000000
 0.062803366  0.019015879  0.074022507  2.000000000
 0.062655174  0.019021544  0.073634898  2.000000000
 0.062430513  0.018975447  0.073094965  2.000000000
 0.062678023  0.018809859  0.073842691  2.000000000
 0.062527081  0.018815126  0.073451545  2.000000000
 0.062192663  0.018926644  0.072537545  2.000000000
 0.062283292  0.018873314  0.072797576  2.000000000
 0.062206181  0.018821575  0.072644068  2.000000000
 0.062374853  0.018712040  0.073146614  2.000000000
 0.062526899  0.018598776  0.073626327  2.000000000
 0.062213307  0.018607197  0.072828861  2.000000000
 0.062365030  0.018493914  0.073307461  2.000000000
 0.062280612  0.018440842  0.073143234  2.000000000
 0.062350143  0.018382836  0.073373625  2.000000000
 0.062193882  0.018387348  0.072975830  2.000000000
 0.007648677 -0.152005134 -0.053166537  3.000000000
 0.007645970 -0.151978272 -0.053131165  3.000000000
 0.007642418 -0.151952628 -0.053117815  3.000000000
 0.007637542 -0.151918643 -0.053103687  3.000000000
 0.007638365 -0.152046393 -0.053264707  3.000000000
 0.007643565 -0.152069771 -0.053234236  3.000000000
 0.007631956 -0.151984043 -0.053182601  3.000000000
 0.007618212 -0.151891135 -0.053152103  3.000000000
 0.007587695 -0.151689381 -0.053100559  3.000000000
 0.007609056 -0.151923796 -0.053332692  3.000000000
 0.007624417 -0.152014537 -0.053319596  3.000000000
 0.007639266 -0.152095910 -0.053283860  3.000000000
 0.007636498 -0.152069249 -0.053248751  3.000000000
 0.007595241 -0.151790683 -0.053157397  3.000000000
 0.007583745 -0.151715137 -0.053139459  3.000000000
 0.007604459 -0.151944526 -0.053370701  3.000000000
 0.007629860 -0.152092768 -0.053341490  3.000000000
 0.007632903 -0.152108965 -0.053332194  3.000000000
 0.007634622 -0.152116808 -0.053322104  3.000000000
 0.007600728 -0.151878982 -0.053213006  3.000000000
 0.007590545 -0.151811754 -0.053195853  3.000000000
 0.007578507 -0.151836412 -0.053417984  3.000000000
 0.007589468 -0.151902654 -0.053413529  3.000000000
 0.007614437 -0.152051438 -0.053395349  3.000000000
 0.007620119 -0.152084359 -0.053387687  3.000000000
 0.007624478 -0.152108932 -0.053379225  3.000000000
 0.007629226 -0.152133023 -0.053359911  3.000000000
 0.007629615 -0.152132536 -0.053349060  3.000000000
 0.007628679 -0.152123694 -0.053337417  3.000000000
 0.007622837 -0.152080953 -0.053311758  3.000000000
 0.007617931 -0.152047060 -0.053297746  3.000000000
 0.007611703 -0.152004826 -0.053282950  3.000000000
 0.007573594 -0.151752634 -0.053215964  3.000000000
 0.007593011 -0.151971951 -0.053445399  3.000000000
 0.007618345 -0.152120412 -0.053416519  3.000000000
 0.007623079 -0.152144552 -0.053397276  3.000000000
 0.007611752 -0.152058702 -0.053335254  3.000000000
 0.007605519 -0.152016488 -0.053320480  3.000000000
 0.007597965 -0.151965940 -0.053304921  3.000000000
 0.007540435 -0.151588506 -0.053215449  3.000000000
 0.007553339 -0.151779760 -0.053495154  3.000000000
 0.007607117 -0.152102581 -0.053461752  3.000000000
 0.007611461 -0.152127205 -0.053453368  3.000000000
 0.007614481 -0.152143477 -0.053444183  3.000000000
 0.007616554 -0.152150956 -0.053423412  3.000000000
 0.007615605 -0.152142160 -0.053411829  3.000000000
 0.007613333 -0.152125011 -0.053399452  3.000000000
 0.007598584 -0.152023468 -0.053357567  3.000000000
 0.007582148 -0.151914087 -0.053325707  3.000000000
 0.007560442 -0.151771436 -0.053290721  3.000000000
 0.007532211 -0.151698769 -0.053533930  3.000000000
 0.007545769 -0.151781696 -0.053531240  3.000000000
 0.007568946 -0.151922649 -0.053523431  3.000000000
 0.007606839 -0.152145609 -0.053480620  3.000000000
 0.007608529 -0.152153550 -0.053470669  3.000000000
 0.007608897 -0.152153135 -0.053459917  3.000000000
 0.007607942 -0.152144364 -0.053448366  3.000000000
 0.007605664 -0.152127237 -0.053436018  3.000000000
 0.007574455 -0.151916429 -0.053362389  3.000000000
 0.007539914 -0.151690072 -0.053308789  3.000000000
 0.007591114 -0.152102062 -0.053534023  3.000000000
 0.007595440 -0.152126734 -0.053525718  3.000000000
 0.007598446 -0.152143054 -0.053516606  3.000000000
 0.007600129 -0.152151018 -0.053506691  3.000000000
 0.007600490 -0.152150627 -0.053495972  3.000000000
 0.007597245 -0.152124777 -0.053472134  3.000000000
 0.007593639 -0.152099323 -0.053459017  3.000000000
 0.007574898 -0.151972898 -0.053414906  3.000000000
 0.007517322 -0.151595800 -0.053325661  3.000000000
 0.007551519 -0.151912579 -0.053594442  3.000000000
 0.007576349 -0.152061732 -0.053576935  3.000000000
 0.007581988 -0.152094774 -0.053569478  3.000000000
 0.007586306 -0.152119469 -0.053561211  3.000000000
 0.007589304 -0.152135811 -0.053552138  3.000000000
 0.007590366 -0.152134709 -0.053520085  3.000000000
 0.007588076 -0.152117631 -0.053507796  3.000000000
 0.007565711 -0.151965853 -0.053450668  3.000000000
 0.007556822 -0.151907072 -0.053434404  3.000000000
 0.007546618 -0.151839974 -0.053417354  3.000000000
 0.007522266 -0.151680870 -0.053380900  3.000000000
 0.007505050 -0.151676463 -0.053639303  3.000000000
 0.007530785 -0.151834140 -0.053633423  3.000000000
 0.007551267 -0.151958592 -0.053624284  3.000000000
 0.007559534 -0.152008333 -0.053618493  3.000000000
 0.007566483 -0.152049738 -0.053611889  3.000000000
 0.007576424 -0.152107518 -0.053596247  3.000000000
 0.007581082 -0.152131894 -0.053577366  3.000000000
 0.007581429 -0.152131550 -0.053566716  3.000000000
 0.007580455 -0.152122852 -0.053555260  3.000000000
 0.007578159 -0.152105799 -0.053543001  3.000000000
 0.007574543 -0.152080395 -0.053529941  3.000000000
 0.007569607 -0.152046645 -0.053516081  3.000000000
 0.007563351 -0.152004553 -0.053501425  3.000000000
 0.007555776 -0.151954127 -0.053485974  3.000000000
 0.007546885 -0.151895374 -0.053469732  3.000000000
 0.007494505 -0.151659684 -0.053673507  3.000000000
 0.007548932 -0.151991636 -0.053652942  3.000000000
 0.007555871 -0.152033061 -0.053646382  3.000000000
 0.007561492 -0.152066145 -0.053639008  3.000000000
 0.007565794 -0.152090882 -0.053630821  3.000000000
 0.007568775 -0.152107269 -0.053621823  3.000000000
 0.007570436 -0.152115303 -0.053612014  3.000000000
 0.007569796 -0.152106309 -0.053589974  3.000000000
 0.007567495 -0.152089282 -0.053577746  3.000000000
 0.007563874 -0.152063905 -0.053564714  3.000000000
 0.007558933 -0.152030182 -0.053550882  3.000000000
 0.007552673 -0.151988118 -0.053536250  3.000000000
 0.007501633 -0.151652978 -0.053451198  3.000000000
 0.007472037 -0.151460880 -0.053411677  3.000000000
 0.007519776 -0.151862384 -0.053697508  3.000000000
 0.007544513 -0.152011703 -0.053680409  3.000000000
 0.007554417 -0.152069563 -0.053664930  3.000000000
 0.007557391 -0.152085972 -0.053655970  3.000000000
 0.007559378 -0.152093732 -0.053635616  3.000000000
 0.007547512 -0.152009037 -0.053585219  3.000000000
 0.007541249 -0.151967002 -0.053570613  3.000000000
 0.007533668 -0.151916635 -0.053555209  3.000000000
 0.007514559 -0.151790938 -0.053522014  3.000000000
 0.007484666 -0.151695141 -0.053738141  3.000000000
 0.007538011 -0.152018786 -0.053706678  3.000000000
 0.007546240 -0.152059175 -0.053658009  3.000000000
 0.007543928 -0.152042200 -0.053645843  3.000000000
 0.007535347 -0.151983212 -0.053619091  3.000000000
 0.007521496 -0.151890873 -0.053589130  3.000000000
 0.007478023 -0.151606404 -0.053519656  3.000000000
 0.007494890 -0.151805545 -0.053763882  3.000000000
 0.007512653 -0.151913476 -0.053753485  3.000000000
 0.007519562 -0.151954951 -0.053747056  3.000000000
 0.007531028 -0.152011639 -0.053679189  3.000000000
 0.007527392 -0.151986346 -0.053666245  3.000000000
 0.007522438 -0.151952710 -0.053652495  3.000000000
 0.007516167 -0.151910738 -0.053637940  3.000000000
 0.007477940 -0.151659642 -0.053571726  3.000000000
 0.007465104 -0.151576117 -0.053553188  3.000000000
 0.007515820 -0.151977530 -0.053764439  3.000000000
 0.007513744 -0.151951138 -0.053699148  3.000000000
 0.007502512 -0.151875594 -0.053670898  3.000000000
 0.007475805 -0.151699844 -0.053622500  3.000000000
 0.007491639 -0.151879502 -0.053811807  3.000000000
 0.007497212 -0.151912671 -0.053804644  3.000000000
 0.007506033 -0.151962135 -0.053778230  3.000000000
 0.007505327 -0.151953385 -0.053756531  3.000000000
 0.007480524 -0.151785550 -0.053688074  3.000000000
 0.007489309 -0.151909312 -0.053819633  3.000000000
 0.007490207 -0.151908777 -0.053788418  3.000000000
 0.007472979 -0.151791300 -0.053735387  3.000000000
 0.007434739 -0.151540678 -0.053669442  3.000000000
 0.007475370 -0.151867999 -0.053831012  3.000000000
 0.007468354 -0.151817495 -0.053794995  3.000000000
 0.007457104 -0.151742157 -0.053766913  3.000000000
-0.058474182 -0.069778175 -0.072047115  4.000000000
-0.058815141 -0.069997102 -0.071675720  4.000000000
-0.058663599 -0.070000381 -0.071906976  4.000000000
-0.058719390 -0.070035046 -0.071844111  4.000000000
-0.058773042 -0.070065802 -0.071779299  4.000000000
-0.058921085 -0.070134561 -0.071573277  4.000000000
-0.059008942 -0.070160776 -0.071426384  4.000000000
-0.059049597 -0.070167988 -0.071350109  4.000000000
-0.058553693 -0.070012256 -0.072062601  4.000000000
-0.058671685 -0.070093543 -0.071942813  4.000000000
-0.058781158 -0.070159195 -0.071815187  4.000000000
-0.058882042 -0.070209168 -0.071679803  4.000000000
-0.058929242 -0.070228265 -0.071609228  4.000000000
-0.058974273 -0.070243430 -0.071536746  4.000000000
-0.059096269 -0.070265316 -0.071307971  4.000000000
-0.058498297 -0.070056502 -0.072154345  4.000000000
-0.058560480 -0.070103124 -0.072097448  4.000000000
-0.058839531 -0.070277599 -0.071783451  4.000000000
-0.058888907 -0.070300726 -0.071714817  4.000000000
-0.058981162 -0.070335179 -0.071571801  4.000000000
-0.058503802 -0.070145189 -0.072188222  4.000000000
-0.058793564 -0.070339835 -0.071884193  4.000000000
-0.058845107 -0.070366998 -0.071817518  4.000000000
-0.058986770 -0.070424871 -0.071605939  4.000000000
-0.059070332 -0.070443742 -0.071455369  4.000000000
-0.059108829 -0.070447257 -0.071377265  4.000000000
-0.058443732 -0.070181034 -0.072275991  4.000000000
-0.058508040 -0.070231818 -0.072221161  4.000000000
-0.058688310 -0.070360728 -0.072044751  4.000000000
-0.058797852 -0.070427065 -0.071917305  4.000000000
-0.058991095 -0.070512500 -0.071639157  4.000000000
-0.059033978 -0.070523995 -0.071564838  4.000000000
-0.058446692 -0.070265466 -0.072307947  4.000000000
-0.058511009 -0.070316382 -0.072253158  4.000000000
-0.058573223 -0.070363392 -0.072196375  4.000000000
-0.058747154 -0.070480910 -0.072014153  4.000000000
-0.058800863 -0.070512224 -0.071949485  4.000000000
-0.058901829 -0.070563034 -0.071814320  4.000000000
-0.059037027 -0.070609639 -0.071597158  4.000000000
-0.059152558 -0.070620658 -0.071362977  4.000000000
-0.058512710 -0.070398873 -0.072284211  4.000000000
-0.058693026 -0.070528521 -0.072108037  4.000000000
-0.058950822 -0.070665904 -0.071775185  4.000000000
-0.058995897 -0.070681532 -0.071702823  4.000000000
-0.059079503 -0.070700916 -0.071552395  4.000000000
-0.058382393 -0.070373024 -0.072421713  4.000000000
-0.058513143 -0.070479284 -0.072314318  4.000000000
-0.058749334 -0.070644771 -0.072075635  4.000000000
-0.058996373 -0.070762922 -0.071733264  4.000000000
-0.059039274 -0.070774680 -0.071659026  4.000000000
-0.059118512 -0.070786306 -0.071504878  4.000000000
-0.059188957 -0.070782070 -0.071343250  4.000000000
-0.058512307 -0.070557608 -0.072343475  4.000000000
-0.058572433 -0.070681347 -0.072315075  4.000000000
-0.058690546 -0.070764568 -0.072195901  4.000000000
-0.058746411 -0.070800266 -0.072133350  4.000000000
-0.058851713 -0.070859806 -0.072002368  4.000000000
-0.058901134 -0.070883639 -0.071933958  4.000000000
-0.058948391 -0.070903509 -0.071863615  4.000000000
-0.059077103 -0.070939304 -0.071641109  4.000000000
-0.059115632 -0.070943292 -0.071563153  4.000000000
-0.058506830 -0.070707966 -0.072398930  4.000000000
-0.058569059 -0.070755597 -0.072342374  4.000000000
-0.058687172 -0.070839051 -0.072223294  4.000000000
-0.058897760 -0.070958540 -0.071961522  4.000000000
-0.059033010 -0.071006516 -0.071744857  4.000000000
-0.059112262 -0.071018626 -0.071590898  4.000000000
-0.059148594 -0.071018714 -0.071511100  4.000000000
-0.058682524 -0.070911422 -0.072249737  4.000000000
-0.058738386 -0.070947340 -0.072187277  4.000000000
-0.058792110 -0.070979299 -0.072122852  4.000000000
-0.058940362 -0.071051384 -0.071917881  4.000000000
-0.058558503 -0.070897765 -0.072394106  4.000000000
-0.058732462 -0.071017702 -0.072212814  4.000000000
-0.058837754 -0.071077864 -0.072082101  4.000000000
-0.058887172 -0.071101991 -0.072013819  4.000000000
-0.058979508 -0.071138316 -0.071871457  4.000000000
-0.058551322 -0.070965669 -0.072418533  4.000000000
-0.058611426 -0.071009714 -0.072360139  4.000000000
-0.058927209 -0.071190775 -0.071968375  4.000000000
-0.058716790 -0.071152046 -0.072261025  4.000000000
-0.096825929  0.044565834  0.070868703  5.000000000
-0.096893506  0.044483894  0.070778619  5.000000000
-0.096870392  0.044549859  0.070871451  5.000000000
-0.096923480  0.044420673  0.070698328  5.000000000
-0.096908142  0.044530215  0.070864784  5.000000000
-0.096894436  0.044562029  0.070908186  5.000000000
-0.096827566  0.044643297  0.071002040  5.000000000
-0.096722153  0.044703222  0.071041277  5.000000000
-0.096941607  0.044390313  0.070664121  5.000000000
-0.096945094  0.044431517  0.070731675  5.000000000
-0.096944281  0.044470385  0.070793207  5.000000000
-0.096916052  0.044572904  0.070941570  5.000000000
-0.096898049  0.044602365  0.070978922  5.000000000
-0.096935238  0.044582484  0.070971602  5.000000000
-0.096917234  0.044611951  0.071008957  5.000000000
-0.096894936  0.044639052  0.071040248  5.000000000
-0.096802324  0.044706128  0.071097694  5.000000000
-0.096762897  0.044723732  0.071104691  5.000000000
-0.096719201  0.044738954  0.071105610  5.000000000
-0.096981028  0.044449331  0.070788327  5.000000000
-0.096980220  0.044488213  0.070849877  5.000000000
-0.096885098  0.044672081  0.071092149  5.000000000
-0.096735928  0.044747260  0.071132273  5.000000000
-0.096687963  0.044760099  0.071127106  5.000000000
-0.096909877  0.044174118  0.070316131  5.000000000
-0.096971951  0.044325636  0.070590838  5.000000000
-0.096984049  0.044371517  0.070670442  5.000000000
-0.096991848  0.044415074  0.070744042  5.000000000
-0.096994539  0.044495186  0.070873182  5.000000000
-0.096989432  0.044531728  0.070928701  5.000000000
-0.096966314  0.044597755  0.071021594  5.000000000
-0.096926007  0.044654339  0.071090245  5.000000000
-0.096793936  0.044739039  0.071154666  5.000000000
-0.096532845  0.044791297  0.071098406  5.000000000
-0.096858887  0.044067258  0.070123101  5.000000000
-0.096892451  0.044124652  0.070232529  5.000000000
-0.096921730  0.044179761  0.070336026  5.000000000
-0.097003726  0.044420745  0.070763982  5.000000000
-0.097007226  0.044461974  0.070831571  5.000000000
-0.097001317  0.044537410  0.070948654  5.000000000
-0.096991910  0.044571605  0.070998130  5.000000000
-0.096960195  0.044632921  0.071078910  5.000000000
-0.096911299  0.044684774  0.071135420  5.000000000
-0.096880418  0.044707141  0.071154562  5.000000000
-0.096605413  0.044791325  0.071141722  5.000000000
-0.096931150  0.044184120  0.070352580  5.000000000
-0.096956147  0.044236940  0.070450136  5.000000000
-0.096993256  0.044335667  0.070627338  5.000000000
-0.097015870  0.044505248  0.070909723  5.000000000
-0.096987653  0.044607834  0.071058145  5.000000000
-0.096969647  0.044637314  0.071095503  5.000000000
-0.096947345  0.044664427  0.071126792  5.000000000
-0.096920750  0.044689170  0.071152008  5.000000000
-0.096854702  0.044731529  0.071184206  5.000000000
-0.096815258  0.044749139  0.071191182  5.000000000
-0.096771544  0.044764366  0.071192076  5.000000000
-0.096671329  0.044787660  0.071175617  5.000000000
-0.096614845  0.044795724  0.071158267  5.000000000
-0.096875269  0.044074674  0.070152836  5.000000000
-0.096938135  0.044187193  0.070365792  5.000000000
-0.096983844  0.044290537  0.070554948  5.000000000
-0.097000254  0.044338747  0.070640563  5.000000000
-0.097020173  0.044428206  0.070793797  5.000000000
-0.097023679  0.044469441  0.070861391  5.000000000
-0.097022881  0.044508336  0.070922955  5.000000000
-0.096994668  0.044610926  0.071071375  5.000000000
-0.096976663  0.044640407  0.071108731  5.000000000
-0.096927767  0.044692264  0.071165230  5.000000000
-0.096861718  0.044734624  0.071197418  5.000000000
-0.096822273  0.044752235  0.071204389  5.000000000
-0.096913390  0.044133861  0.070272146  5.000000000
-0.096988401  0.044292325  0.070564820  5.000000000
-0.097004815  0.044340537  0.070650436  5.000000000
-0.097016929  0.044386430  0.070730057  5.000000000
-0.097024741  0.044429997  0.070803670  5.000000000
-0.097027453  0.044510128  0.070932827  5.000000000
-0.097012951  0.044580877  0.071037823  5.000000000
-0.096999247  0.044612719  0.071081240  5.000000000
-0.096981243  0.044642200  0.071118593  5.000000000
-0.096866301  0.044736417  0.071207262  5.000000000
-0.096826857  0.044754027  0.071214227  5.000000000
-0.096969808  0.044242303  0.070479746  5.000000000
-0.097026870  0.044430494  0.070810186  5.000000000
-0.097030380  0.044471729  0.070877777  5.000000000
-0.097029587  0.044510624  0.070939337  5.000000000
-0.097024490  0.044547173  0.070994856  5.000000000
-0.097015090  0.044581371  0.071044326  5.000000000
-0.097001388  0.044613213  0.071087739  5.000000000
-0.096961087  0.044669806  0.071156366  5.000000000
-0.096934496  0.044694548  0.071181569  5.000000000
-0.096903615  0.044716917  0.071200693  5.000000000
-0.096829008  0.044754516  0.071220695  5.000000000
-0.096843726  0.044016502  0.070057048  5.000000000
-0.096944478  0.044188693  0.070385362  5.000000000
-0.097018743  0.044386133  0.070739737  5.000000000
-0.097030074  0.044470930  0.070880929  5.000000000
-0.097029283  0.044509823  0.070942485  5.000000000
-0.097014790  0.044580568  0.071047464  5.000000000
-0.097001091  0.044612407  0.071090871  5.000000000
-0.096983092  0.044641885  0.071128214  5.000000000
-0.096960796  0.044668997  0.071159487  5.000000000
-0.096934207  0.044693738  0.071184684  5.000000000
-0.096903329  0.044716105  0.071203803  5.000000000
-0.096828727  0.044753701  0.071223792  5.000000000
-0.096785014  0.044768925  0.071224661  5.000000000
-0.096878831  0.044074114  0.070172256  5.000000000
-0.096966733  0.044239439  0.070482747  5.000000000
-0.097023812  0.044427608  0.070813142  5.000000000
-0.097027328  0.044468837  0.070880721  5.000000000
-0.097021448  0.044544272  0.070997778  5.000000000
-0.096980360  0.044639778  0.071127973  5.000000000
-0.096931482  0.044691626  0.071184430  5.000000000
-0.096682101  0.044790090  0.071207852  5.000000000
-0.096499953  0.044807096  0.071137462  5.000000000
-0.096907224  0.044128157  0.070278190  5.000000000
-0.096982260  0.044286585  0.070570800  5.000000000
-0.096998683  0.044334785  0.070656394  5.000000000
-0.097021359  0.044504335  0.070938693  5.000000000
-0.097016270  0.044540876  0.070994193  5.000000000
-0.097006878  0.044575066  0.071043642  5.000000000
-0.096993185  0.044606899  0.071087035  5.000000000
-0.096975192  0.044636371  0.071124364  5.000000000
-0.096952904  0.044663477  0.071155622  5.000000000
-0.096926322  0.044688213  0.071180806  5.000000000
-0.096895452  0.044710574  0.071199911  5.000000000
-0.096620498  0.044794720  0.071186796  5.000000000
-0.096828144  0.044006479  0.070046604  5.000000000
-0.096928899  0.044178618  0.070374826  5.000000000
-0.096991056  0.044330121  0.070649499  5.000000000
-0.097011003  0.044419548  0.070802665  5.000000000
-0.096999266  0.044570368  0.071036684  5.000000000
-0.096985576  0.044602197  0.071080067  5.000000000
-0.096967588  0.044631664  0.071117387  5.000000000
-0.096945304  0.044658766  0.071148637  5.000000000
-0.096918727  0.044683498  0.071173812  5.000000000
-0.096887863  0.044705856  0.071192910  5.000000000
-0.096852715  0.044725837  0.071205926  5.000000000
-0.096669415  0.044781930  0.071197155  5.000000000
-0.096487311  0.044798928  0.071126734  5.000000000
-0.097000942  0.044413579  0.070792390  5.000000000
-0.097003684  0.044493665  0.070921454  5.000000000
-0.096975531  0.044596196  0.071069733  5.000000000
-0.096957548  0.044625659  0.071107043  5.000000000
-0.096935269  0.044652756  0.071138283  5.000000000
-0.096711641  0.044765453  0.071198075  5.000000000
-0.096542282  0.044789613  0.071145870  5.000000000
-0.096477359  0.044792887  0.071116318  5.000000000
-0.096843458  0.044053033  0.070138259  5.000000000
-0.096906340  0.044165474  0.070351078  5.000000000
-0.096980620  0.044362782  0.070705208  5.000000000
-0.096986113  0.044522909  0.070963257  5.000000000
-0.096976732  0.044557081  0.071012673  5.000000000
-0.096922800  0.044645446  0.071124563  5.000000000
-0.096896236  0.044670168  0.071149720  5.000000000
-0.096865385  0.044692517  0.071168800  5.000000000
-0.096830253  0.044712489  0.071181800  5.000000000
-0.096747164  0.044745292  0.071189555  5.000000000
-0.096937138  0.044260225  0.070523172  5.000000000
-0.096965688  0.044354239  0.070688239  5.000000000
-0.096977041  0.044438959  0.070829286  5.000000000
-0.096961813  0.044548494  0.070995624  5.000000000
-0.096930165  0.044609752  0.071076258  5.000000000
-0.096881342  0.044661553  0.071132623  5.000000000
-0.096850499  0.044683896  0.071151694  5.000000000
-0.096775976  0.044721451  0.071171597  5.000000000
-0.096732308  0.044736658  0.071172426  5.000000000
-0.096632191  0.044759916  0.071155842  5.000000000
-0.096899058  0.044199955  0.070411410  5.000000000
-0.096919774  0.044250416  0.070502895  5.000000000
-0.096948322  0.044344407  0.070667918  5.000000000
-0.096959678  0.044429105  0.070808926  5.000000000
-0.096833184  0.044673976  0.071131222  5.000000000
-0.096758682  0.044711521  0.071151109  5.000000000
-0.096432985  0.044766946  0.071064880  5.000000000
-0.096939882  0.044417959  0.070785212  5.000000000
-0.096934044  0.044493288  0.070902075  5.000000000
-0.096813440  0.044662758  0.071107387  5.000000000
-0.096778337  0.044682713  0.071120361  5.000000000
-0.096738961  0.044700291  0.071127256  5.000000000
-0.096538857  0.044746773  0.071094053  5.000000000
-0.096894173  0.044275068  0.070537764  5.000000000
-0.096917657  0.044405524  0.070758147  5.000000000
-0.096916890  0.044444347  0.070819574  5.000000000
-0.096756179  0.044670191  0.071093154  5.000000000
-0.096881642  0.044307183  0.070586868  5.000000000
-0.096864170  0.044532969  0.070937119  5.000000000
-0.096797475  0.044614116  0.071030606  5.000000000
-0.096731597  0.044656371  0.071062588  5.000000000
-0.096862390  0.044335659  0.070626571  5.000000000
-0.096865924  0.044376787  0.070693970  5.000000000
-0.096819175  0.044547303  0.070940475  5.000000000
-0.096804497  0.044342906  0.070616420  5.000000000
