-0.0354607630 -0.0177682030 -0.2059945984  1.0000000000
-0.0361206904 -0.0181595587 -0.2109698204  1.0000000000
-0.0359274126 -0.0180443769 -0.2095010578  1.0000000000
-0.0357064732 -0.0179141881 -0.2078526979  1.0000000000
-0.0361753741 -0.0181920418 -0.2113832321  1.0000000000
-0.0367937295 -0.0185581215 -0.2160321249  1.0000000000
-0.0367271528 -0.0185184482 -0.2155262408  1.0000000000
-0.0365242322 -0.0183979315 -0.2139927184  1.0000000000
-0.0351367974 -0.0175747180 -0.2035240510  1.0000000000
-0.0356209632 -0.0178633655 -0.2072057311  1.0000000000
-0.0362225014 -0.0182198669 -0.2117360115  1.0000000000
-0.0372571881 -0.0188328118 -0.2195229823  1.0000000000
-0.0373288955 -0.0188751321 -0.2200593579  1.0000000000
-0.0372606343 -0.0188344573 -0.2195407229  1.0000000000
-0.0370534358 -0.0187114022 -0.2179749171  1.0000000000
-0.0356384207 -0.0178718334 -0.2072983340  1.0000000000
-0.0341058091 -0.0169628079 -0.1957410090  1.0000000000
-0.0366688273 -0.0184842238 -0.2150941192  1.0000000000
-0.0371536283 -0.0187714962 -0.2187443060  1.0000000000
-0.0375053876 -0.0189798769 -0.2213916118  1.0000000000
-0.0375107086 -0.0189822325 -0.2214151714  1.0000000000
-0.0371616757 -0.0187750823 -0.2187804236  1.0000000000
-0.0360716534 -0.0181284099 -0.2105574041  1.0000000000
-0.0348389197 -0.0173994617 -0.2013072651  1.0000000000
-0.0356854175 -0.0179012070 -0.2076837999  1.0000000000
-0.0364231234 -0.0183384423 -0.2132402887  1.0000000000
-0.0370417730 -0.0187050800 -0.2178993379  1.0000000000
-0.0375326163 -0.0189959309 -0.2215949810  1.0000000000
-0.0378886301 -0.0192068308 -0.2242742811  1.0000000000
-0.0381776424 -0.0193777957 -0.2264442922  1.0000000000
-0.0381064837 -0.0193353995 -0.2259037495  1.0000000000
-0.0378922798 -0.0192081886 -0.2242851021  1.0000000000
-0.0375381927 -0.0189980417 -0.2216122621  1.0000000000
-0.0364329214 -0.0183423302 -0.2132743635  1.0000000000
-0.0348535505 -0.0174055894 -0.2013648160  1.0000000000
-0.0351135003 -0.0175620201 -0.2033716436  1.0000000000
-0.0359684965 -0.0180687985 -0.2098121094  1.0000000000
-0.0367135310 -0.0185103740 -0.2154237263  1.0000000000
-0.0373382376 -0.0188805985 -0.2201283330  1.0000000000
-0.0384841979 -0.0195592868 -0.2287491219  1.0000000000
-0.0373424810 -0.0188815367 -0.2201276559  1.0000000000
-0.0367192177 -0.0185118133 -0.2154265880  1.0000000000
-0.0359758483 -0.0180708959 -0.2098207066  1.0000000000
-0.0353152990 -0.0176814357 -0.2048877078  1.0000000000
-0.0375557395 -0.0190093100 -0.2217624411  1.0000000000
-0.0380546005 -0.0193049076 -0.2255183630  1.0000000000
-0.0386352052 -0.0196487671 -0.2298861083  1.0000000000
-0.0380549253 -0.0193038947 -0.2254958580  1.0000000000
-0.0375564909 -0.0190081735 -0.2217353571  1.0000000000
-0.0369281438 -0.0186354391 -0.2169960406  1.0000000000
-0.0361788183 -0.0181909941 -0.2113453521  1.0000000000
-0.0343603721 -0.0171125729 -0.1976354402  1.0000000000
-0.0354426207 -0.0177567051 -0.2058427171  1.0000000000
-0.0376924519 -0.0190901330 -0.2227879292  1.0000000000
-0.0387756344 -0.0197317873 -0.2309394731  1.0000000000
-0.0388488762 -0.0197750098 -0.2314872559  1.0000000000
-0.0387747150 -0.0197308331 -0.2309240766  1.0000000000
-0.0385542734 -0.0195999260 -0.2292584626  1.0000000000
-0.0376896210 -0.0190868730 -0.2227338578  1.0000000000
-0.0344772065 -0.0171816310 -0.1985115496  1.0000000000
-0.0345285129 -0.0172146870 -0.1989527927  1.0000000000
-0.0377472271 -0.0191223889 -0.2231961874  1.0000000000
-0.0386114916 -0.0196344384 -0.2297018589  1.0000000000
-0.0389039363 -0.0198074295 -0.2318975552  1.0000000000
-0.0388291668 -0.0197628934 -0.2313298164  1.0000000000
-0.0377407538 -0.0191169746 -0.2231147726  1.0000000000
-0.0371075265 -0.0187413555 -0.2183388572  1.0000000000
-0.0363526015 -0.0182936009 -0.2126461813  1.0000000000
-0.0334692579 -0.0165837568 -0.1909098972  1.0000000000
-0.0377196135 -0.0191058117 -0.2229838483  1.0000000000
-0.0385821024 -0.0196168047 -0.2294760610  1.0000000000
-0.0388009492 -0.0197463618 -0.2311212816  1.0000000000
-0.0377094685 -0.0190982304 -0.2228749666  1.0000000000
-0.0370764854 -0.0187227616 -0.2181010060  1.0000000000
-0.0344917339 -0.0171898840 -0.1986135938  1.0000000000
-0.0344096577 -0.0171438617 -0.1980497062  1.0000000000
-0.0353702481 -0.0177132207 -0.2052854279  1.0000000000
-0.0362314254 -0.0182236372 -0.2117719246  1.0000000000
-0.0369814419 -0.0186681439 -0.2174206213  1.0000000000
-0.0384681232 -0.0195490355 -0.2286131305  1.0000000000
-0.0387572367 -0.0197200537 -0.2307837636  1.0000000000
-0.0380969890 -0.0193280001 -0.2257956415  1.0000000000
-0.0369650994 -0.0186565536 -0.2172581079  1.0000000000
-0.0342415346 -0.0170440291 -0.1967795225  1.0000000000
-0.0360504884 -0.0181161968 -0.2104049557  1.0000000000
-0.0374189184 -0.0189271722 -0.2207103229  1.0000000000
-0.0382705389 -0.0194317164 -0.2271205243  1.0000000000
-0.0385567564 -0.0196010201 -0.2292693871  1.0000000000
-0.0384814117 -0.0195561502 -0.2286974628  1.0000000000
-0.0382612418 -0.0194254167 -0.2270341565  1.0000000000
-0.0378995002 -0.0192107525 -0.2243040644  1.0000000000
-0.0360270030 -0.0181000744 -0.2101824597  1.0000000000
-0.0351699179 -0.0175917967 -0.2037208529  1.0000000000
-0.0331743402 -0.0164084941 -0.1886789050  1.0000000000
-0.0371484179 -0.0187666435 -0.2186686554  1.0000000000
-0.0379910389 -0.0192658506 -0.2250110089  1.0000000000
-0.0382041061 -0.0193919830 -0.2266127165  1.0000000000
-0.0371273992 -0.0187526720 -0.2184789993  1.0000000000
-0.0346276463 -0.0172725173 -0.1996803435  1.0000000000
-0.0361912066 -0.0181991748 -0.2114560643  1.0000000000
-0.0372832168 -0.0188462476 -0.2196779600  1.0000000000
-0.0376319937 -0.0190528451 -0.2223024786  1.0000000000
-0.0378419589 -0.0191771400 -0.2238808437  1.0000000000
-0.0378354080 -0.0191728728 -0.2238235403  1.0000000000
-0.0372642578 -0.0188338778 -0.2195117013  1.0000000000
-0.0367761623 -0.0185443239 -0.2158298904  1.0000000000
-0.0345908219 -0.0172482759 -0.1993529654  1.0000000000
-0.0357787255 -0.0179545122 -0.2083453371  1.0000000000
-0.0368533775 -0.0185912914 -0.2164363767  1.0000000000
-0.0374027358 -0.0189166232 -0.2205686052  1.0000000000
-0.0371817708 -0.0187850592 -0.2188918685  1.0000000000
-0.0357452491 -0.0179328870 -0.2080562545  1.0000000000
-0.0332761673 -0.0164687200 -0.1894432539  1.0000000000
-0.0352969419 -0.0176687839 -0.2047128132  1.0000000000
-0.0363515019 -0.0182936495 -0.2126524113  1.0000000000
-0.0368900903 -0.0186125999 -0.2167035571  1.0000000000
-0.0369550277 -0.0186509158 -0.2171891058  1.0000000000
-0.0347498149 -0.0173443384 -0.2005883498  1.0000000000
-0.0363713526 -0.0183048100 -0.2127893927  1.0000000000
-0.0360928977 -0.0181393734 -0.2106838058  1.0000000000
-0.0347087521 -0.0173183051 -0.2002439503  1.0000000000
-0.0347039404 -0.0173169182 -0.2002380330  1.0000000000
-0.0351486293 -0.0175803847 -0.2035854380  1.0000000000
-0.0356618819 -0.0178843241 -0.2074458656  1.0000000000
-0.0357230495 -0.0179204140 -0.2079031925  1.0000000000
-0.0351202492 -0.0175625405 -0.2033504832  1.0000000000
-0.0341966638 -0.0170156367 -0.1964042815  1.0000000000
-0.0200963957 -0.0256226619  0.0135462900  2.0000000000
-0.0207708381 -0.0271052263  0.0147633279  2.0000000000
-0.0210975234 -0.0278282898  0.0153588522  2.0000000000
-0.0218681347 -0.0295239548  0.0167517053  2.0000000000
-0.0221097756 -0.0300705176  0.0172076671  2.0000000000
-0.0230832581 -0.0322250217  0.0189834644  2.0000000000
-0.0241049359 -0.0344919903  0.0208549455  2.0000000000
-0.0251748895 -0.0368717923  0.0228225097  2.0000000000
-0.0252208526 -0.0369886593  0.0229261267  2.0000000000
-0.0274585161 -0.0419679820  0.0270445732  2.0000000000
-0.0287030494 -0.0447896785  0.0294033881  2.0000000000
-0.0285951213 -0.0445732432  0.0292356619  2.0000000000
-0.0325743814 -0.0534495409  0.0365897101  2.0000000000
-0.0322775634 -0.0528734717  0.0361517958  2.0000000000
-0.0340069922 -0.0567140115  0.0393261892  2.0000000000
-0.0353781511 -0.0597705167  0.0418589200  2.0000000000
-0.0368320494 -0.0630544067  0.0445994436  2.0000000000
-0.0383808866 -0.0665923017  0.0475686892  2.0000000000
-0.0394822658 -0.0691332464  0.0497114025  2.0000000000
-0.0413564176 -0.0732950677  0.0531562448  2.0000000000
-0.0414583232 -0.0735411540  0.0533678521  2.0000000000
-0.0410053930 -0.0725800055  0.0525902733  2.0000000000
-0.0436701997 -0.0786377741  0.0576601710  2.0000000000
-0.0461446743 -0.0841739970  0.0622641916  2.0000000000
-0.0459586469 -0.0837853774  0.0619503885  2.0000000000
-0.0169329465 -0.0185763141  0.0077140553  2.0000000000
-0.0492740188 -0.0912847985  0.0682186524  2.0000000000
-0.0487623782 -0.0901650095  0.0672923807  2.0000000000
-0.0167747445 -0.0182219613  0.0074195184  2.0000000000
-0.0506825898 -0.0944765431  0.0708895345  2.0000000000
-0.0508207736 -0.0948019368  0.0711649397  2.0000000000
-0.0508026380 -0.0947727711  0.0711433674  2.0000000000
-0.0188089003 -0.0226523506  0.0110345039  2.0000000000
-0.0518159143 -0.0970970736  0.0730921516  2.0000000000
-0.0513248166 -0.0959893086  0.0721639867  2.0000000000
-0.0201565155 -0.0256082283  0.0134572606  2.0000000000
-0.0528022027 -0.0993407910  0.0749663329  2.0000000000
-0.0521468595 -0.0978537783  0.0737168805  2.0000000000
-0.0185127632 -0.0220028407  0.0105018270  2.0000000000
-0.0228078405 -0.0314653444  0.0182799529  2.0000000000
-0.0552910457 -0.1049812384  0.0796948820  2.0000000000
-0.0542449922 -0.1026141854  0.0777034457  2.0000000000
-0.0535750299 -0.1010895630  0.0764199924  2.0000000000
-0.0208829372 -0.0272058120  0.0147686327  2.0000000000
-0.0232418843 -0.0324249422  0.0190702653  2.0000000000
-0.0565596308 -0.1078549550  0.0821037249  2.0000000000
-0.0567103800 -0.1082108805  0.0824008352  2.0000000000
-0.0579206625 -0.1109551899  0.0847031763  2.0000000000
-0.0575294103 -0.1100749581  0.0839523552  2.0000000000
-0.0563001271 -0.1072637986  0.0815773781  2.0000000000
-0.0227686361 -0.0313763059  0.0182046716  2.0000000000
-0.0268529031 -0.0404653736  0.0257232230  2.0000000000
-0.0567149273 -0.1081764763  0.0823176420  2.0000000000
-0.0273085261 -0.0414824373  0.0265658393  2.0000000000
-0.0321144689 -0.0522667880  0.0355327254  2.0000000000
-0.0595604110 -0.1146778795  0.0878243700  2.0000000000
-0.0600999431 -0.1159146520  0.0888623604  2.0000000000
-0.0604416301 -0.1167001415  0.0895068825  2.0000000000
-0.0145622974 -0.0106777654 -0.0003525997  2.0000000000
-0.0141637348 -0.0099168982 -0.0009097873  2.0000000000
-0.0580345348 -0.1111713797  0.0848744365  2.0000000000
-0.0590864963 -0.1135792531  0.0868978972  2.0000000000
-0.0599804117 -0.1156264037  0.0886179836  2.0000000000
-0.0607065181 -0.1172900212  0.0900152581  2.0000000000
-0.0618028691 -0.1198018578  0.0921126444  2.0000000000
-0.0606771647 -0.1172081567  0.0899046328  2.0000000000
-0.0599477013 -0.1155263346  0.0884770222  2.0000000000
-0.0590542749 -0.1134651010  0.0867277802  2.0000000000
-0.0281400527 -0.0433439727  0.0281106983  2.0000000000
-0.0314371713 -0.0507361153  0.0342536722  2.0000000000
-0.0368135441 -0.0628558498  0.0443589148  2.0000000000
-0.0481602560 -0.0886133752  0.0659241518  2.0000000000
-0.0534143849 -0.1005975552  0.0759843124  2.0000000000
-0.0564806281 -0.1076046282  0.0818715410  2.0000000000
-0.0590565929 -0.1134985024  0.0868253067  2.0000000000
-0.0610170486 -0.1179477984  0.0904982744  2.0000000000
-0.0149513428 -0.0113187565  0.0000502845  2.0000000000
-0.0431565429 -0.0772204375  0.0563682426  2.0000000000
-0.0573835120 -0.1096573397  0.0835908379  2.0000000000
-0.0638987545 -0.1245769482  0.0961203669  2.0000000000
-0.0633166927 -0.1232221005  0.0949518724  2.0000000000
-0.0627478107 -0.1219047353  0.0938292429  2.0000000000
-0.0600155135 -0.1155744704  0.0884428767  2.0000000000
-0.0587990778 -0.1127530496  0.0860424185  2.0000000000
-0.0151302833 -0.0116181514  0.0002418275  2.0000000000
-0.0146854538 -0.0107704914 -0.0003778600  2.0000000000
-0.0322830166 -0.0526365690  0.0358341269  2.0000000000
-0.0378699337 -0.0652323678  0.0463368711  2.0000000000
-0.0533143223 -0.1003438106  0.0757580029  2.0000000000
-0.0642281306 -0.1253235269  0.0967525855  2.0000000000
-0.0619721204 -0.1200568132  0.0922206554  2.0000000000
-0.0152970742 -0.0119005847  0.0004249578  2.0000000000
-0.0344899727 -0.0576018912  0.0399686187  2.0000000000
-0.0521561414 -0.0976873360  0.0735201803  2.0000000000
-0.0574030023 -0.1096767498  0.0835944210  2.0000000000
-0.0616713119 -0.1193030581  0.0915425152  2.0000000000
-0.0164783988 -0.0141960302  0.0021315766  2.0000000000
-0.0154504663 -0.0121639636  0.0005983354  2.0000000000
-0.0427606203 -0.0762955617  0.0555789106  2.0000000000
-0.0468250744 -0.0855285110  0.0633121914  2.0000000000
-0.0527351084 -0.0989963562  0.0746126682  2.0000000000
-0.0597291181 -0.1147191376  0.0875954125  2.0000000000
-0.0166443066 -0.0144898827  0.0023314694  2.0000000000
-0.0411121242 -0.0725522419  0.0524435304  2.0000000000
-0.0615836403 -0.1192262245  0.0916132706  2.0000000000
-0.0628721878 -0.1221808992  0.0940992773  2.0000000000
-0.0649591864 -0.1269688905  0.0981266970  2.0000000000
-0.0669179863 -0.1314529106  0.1018807349  2.0000000000
-0.0669162167 -0.1314398364  0.1018592397  2.0000000000
-0.0657367772 -0.1286798240  0.0994859944  2.0000000000
-0.0649699967 -0.1268915396  0.0979569211  2.0000000000
-0.0587906061 -0.1124656854  0.0856336933  2.0000000000
-0.0571829868 -0.1087053607  0.0824197681  2.0000000000
-0.0173806979 -0.0159570303  0.0034452368  2.0000000000
-0.0167924451 -0.0147565935  0.0025158603  2.0000000000
-0.0162371995 -0.0136485078  0.0016732421  2.0000000000
-0.0157124513 -0.0126256787  0.0009106630  2.0000000000
-0.0476399150 -0.0873612442  0.0648364698  2.0000000000
-0.0536514982 -0.1010634947  0.0763349329  2.0000000000
-0.0633429286 -0.1232496484  0.0949928967  2.0000000000
-0.0674001351 -0.1325505047  0.1027994148  2.0000000000
-0.0645012115 -0.1257608530  0.0969657432  2.0000000000
-0.0607558908 -0.1170078564  0.0894835191  2.0000000000
-0.0181587591 -0.0175424866  0.0046708603  2.0000000000
-0.0175220436 -0.0162177187  0.0036296843  2.0000000000
-0.0163547767 -0.0138639623  0.0018246933  2.0000000000
-0.0539835311 -0.1018090065  0.0769539732  2.0000000000
-0.0576827246 -0.1102660895  0.0840623014  2.0000000000
-0.0665846235 -0.1306818092  0.1012399251  2.0000000000
-0.0671746203 -0.1320351652  0.1023753838  2.0000000000
-0.0671601080 -0.1319470706  0.1022427274  2.0000000000
-0.0658012050 -0.1287685769  0.0995184844  2.0000000000
-0.0562872724 -0.1064863400  0.0804509024  2.0000000000
-0.0170308438 -0.0152003342  0.0028324111  2.0000000000
-0.0542286888 -0.1023559912  0.0774060859  2.0000000000
-0.0596387441 -0.1147328696  0.0878126280  2.0000000000
-0.0677997928 -0.1334298847  0.1035049933  2.0000000000
-0.0660401049 -0.1293069747  0.0999650226  2.0000000000
-0.0650965723 -0.1270989240  0.0980742918  2.0000000000
-0.0529421291 -0.0985714067  0.0736379968  2.0000000000
-0.0524137732 -0.0981998678  0.0739079579  2.0000000000
-0.0628161517 -0.1220098312  0.0939317478  2.0000000000
-0.0661956127 -0.1297751666  0.1004703928  2.0000000000
-0.0661579550 -0.1295714917  0.1001829029  2.0000000000
-0.0614789784 -0.1186048440  0.0907897489  2.0000000000
-0.0566767915 -0.1073231610  0.0811214756  2.0000000000
-0.0493590691 -0.0900788094  0.0663225833  2.0000000000
-0.0199354185 -0.0212682004  0.0076149826  2.0000000000
-0.0191861223 -0.0196589118  0.0063199715  2.0000000000
-0.0184801135 -0.0181684816  0.0051357059  2.0000000000
-0.0681325153 -0.1342162752  0.1041890682  2.0000000000
-0.0494292761 -0.0902113629  0.0664172330  2.0000000000
-0.0235279106 -0.0292488128  0.0141915626  2.0000000000
-0.0192499550 -0.0197969725  0.0064309959  2.0000000000
-0.0544313537 -0.1027785013  0.0777375326  2.0000000000
-0.0581111514 -0.1111972926  0.0848164637  2.0000000000
-0.0651781824 -0.1274259889  0.0984848380  2.0000000000
-0.0680079982 -0.1339325701  0.1039495864  2.0000000000
-0.0650902388 -0.1270752392  0.0980439517  2.0000000000
-0.0613893274 -0.1183874385  0.0905966351  2.0000000000
-0.0566407664 -0.1072145691  0.0810124900  2.0000000000
-0.0512644090 -0.0945315179  0.0701203410  2.0000000000
-0.0475380979 -0.0857226966  0.0625478932  2.0000000000
-0.0208536546 -0.0232715334  0.0092439728  2.0000000000
-0.0596474914 -0.1147086085  0.0877652387  2.0000000000
-0.0626110709 -0.1215157988  0.0934999952  2.0000000000
-0.0659047477 -0.1290986895  0.0998919106  2.0000000000
-0.0675268818 -0.1328104303  0.1029801226  2.0000000000
-0.0611705550 -0.1178893629  0.0901773615  2.0000000000
-0.0437558347 -0.0767641312  0.0548380223  2.0000000000
-0.0307158537 -0.0459120172  0.0283206709  2.0000000000
-0.0293643573 -0.0427401220  0.0256092822  2.0000000000
-0.0257147322 -0.0342514356  0.0183953653  2.0000000000
-0.0246283371 -0.0317570160  0.0162934013  2.0000000000
-0.0236032604 -0.0294229921  0.0143374566  2.0000000000
-0.0192939613 -0.0199309179  0.0065603168  2.0000000000
-0.0559767232 -0.1062852889  0.0806693111  2.0000000000
-0.0635730646 -0.1237269528  0.0953608707  2.0000000000
-0.0668605120 -0.1313087319  0.1017521174  2.0000000000
-0.0654016180 -0.1278554529  0.0987405239  2.0000000000
-0.0544639292 -0.1021157653  0.0766507213  2.0000000000
-0.0527006730 -0.0979513115  0.0730717513  2.0000000000
-0.0256887916 -0.0342127889  0.0183733995  2.0000000000
-0.0235823566 -0.0294019473  0.0143336230  2.0000000000
-0.0226170498 -0.0272283479  0.0125256404  2.0000000000
-0.0574114009 -0.1095604847  0.0834179981  2.0000000000
-0.0590462197 -0.1133117747  0.0865771879  2.0000000000
-0.0662442061 -0.1298706524  0.1004949902  2.0000000000
-0.0639929682 -0.1245930247  0.0959666014  2.0000000000
-0.0617205886 -0.1192560274  0.0913891592  2.0000000000
-0.0574047637 -0.1090957936  0.0826687221  2.0000000000
-0.0557819898 -0.1052683819  0.0793812035  2.0000000000
-0.0451535122 -0.0801256745  0.0577558341  2.0000000000
-0.0398628225 -0.0675812975  0.0469564039  2.0000000000
-0.0381736760 -0.0635770523  0.0435102463  2.0000000000
-0.0349494012 -0.0559421439  0.0369448728  2.0000000000
-0.0334240184 -0.0523373494  0.0338493334  2.0000000000
-0.0292289909 -0.0424719067  0.0254048004  2.0000000000
-0.0256186452 -0.0340900973  0.0182901178  2.0000000000
-0.0636923533 -0.1240123981  0.0956015226  2.0000000000
-0.0645718873 -0.1260459464  0.0973188983  2.0000000000
-0.0662872715 -0.1300190613  0.1006648419  2.0000000000
-0.0379236382 -0.0630360014  0.0430712808  2.0000000000
-0.0564750960 -0.1073956461  0.0815831856  2.0000000000
-0.0595171056 -0.1143880510  0.0874774518  2.0000000000
-0.0655188917 -0.1282714234  0.0991928220  2.0000000000
-0.0591628586 -0.1133673124  0.0864067618  2.0000000000
-0.0496354110 -0.0908723215  0.0670732938  2.0000000000
-0.0443805906 -0.0784205236  0.0563542173  2.0000000000
-0.0344670475 -0.0549237168  0.0361333354  2.0000000000
-0.0301886833 -0.0448437684  0.0274945488  2.0000000000
-0.0214444157 -0.0247986755  0.0106194110  2.0000000000
-0.0642882419 -0.1254455563  0.0968273034  2.0000000000
-0.0647273934 -0.1264750619  0.0976947471  2.0000000000
-0.0634705779 -0.1235524505  0.0951846385  2.0000000000
-0.0627371998 -0.1218376933  0.0937155398  2.0000000000
-0.0596667923 -0.1146354150  0.0875411481  2.0000000000
-0.0583913616 -0.1116358867  0.0849675048  2.0000000000
-0.0555405305 -0.1049190606  0.0791999944  2.0000000000
-0.0523829881 -0.0974632070  0.0727916389  2.0000000000
-0.0274149403 -0.0384571691  0.0221005579  2.0000000000
-0.0251486450 -0.0332273775  0.0176786821  2.0000000000
-0.0241028384 -0.0308407498  0.0156755135  2.0000000000
-0.0622629017 -0.1207713533  0.0928832961  2.0000000000
-0.0633747432 -0.1233657295  0.0950822127  2.0000000000
-0.0587731441 -0.1126285677  0.0858724667  2.0000000000
-0.0432871576 -0.0760291176  0.0544014216  2.0000000000
-0.0383448159 -0.0643063505  0.0443070689  2.0000000000
-0.0271396612 -0.0379233037  0.0217034151  2.0000000000
-0.0229029747 -0.0282288478  0.0135518820  2.0000000000
-0.0572562933 -0.1091975325  0.0830989758  2.0000000000
-0.0605137387 -0.1167432762  0.0894846732  2.0000000000
-0.0614727274 -0.1190409400  0.0914196185  2.0000000000
-0.0589011305 -0.1130300686  0.0862745977  2.0000000000
-0.0552263132 -0.1043937697  0.0788672902  2.0000000000
-0.0507829490 -0.0939087029  0.0698579187  2.0000000000
-0.0475704912 -0.0863080615  0.0633189111  2.0000000000
-0.0426284776 -0.0745941894  0.0532331865  2.0000000000
-0.0347446166 -0.0559056496  0.0371481276  2.0000000000
-0.0318834286 -0.0491495048  0.0313490743  2.0000000000
-0.0280007913 -0.0400464391  0.0235719230  2.0000000000
-0.0535794333 -0.1007334293  0.0759557821  2.0000000000
-0.0575249181 -0.1098400236  0.0836501144  2.0000000000
-0.0602382736 -0.1161531965  0.0890041798  2.0000000000
-0.0615178308 -0.1191695890  0.0915728234  2.0000000000
-0.0587757260 -0.1128394613  0.0861720672  2.0000000000
-0.0567030074 -0.1079849617  0.0820148537  2.0000000000
-0.0554993341 -0.1051579859  0.0795910660  2.0000000000
-0.0371845736 -0.0618279185  0.0423176330  2.0000000000
-0.0342063534 -0.0547760037  0.0362532064  2.0000000000
-0.0300915456 -0.0450758464  0.0279361399  2.0000000000
-0.0495891940 -0.0915746353  0.0682381923  2.0000000000
-0.0583751984 -0.1118621067  0.0853830959  2.0000000000
-0.0600539057 -0.1158860129  0.0888263897  2.0000000000
-0.0596514098 -0.1149624046  0.0880414336  2.0000000000
-0.0249872063 -0.0333512588  0.0180497822  2.0000000000
-0.0553744423 -0.1049234036  0.0795144153  2.0000000000
-0.0563518100 -0.1071997744  0.0814469471  2.0000000000
-0.0571887257 -0.1091565528  0.0831111443  2.0000000000
-0.0589863999 -0.1134683892  0.0868116268  2.0000000000
-0.0583341500 -0.1119882428  0.0855601718  2.0000000000
-0.0577867398 -0.1107268480  0.0844877018  2.0000000000
-0.0477679090 -0.0873930398  0.0647112077  2.0000000000
-0.0531305720 -0.0997548048  0.0751505462  2.0000000000
-0.0570970809 -0.1090481708  0.0830635731  2.0000000000
-0.0574532061 -0.1099042522  0.0838004191  2.0000000000
-0.0573444459 -0.1097615440  0.0837131269  2.0000000000
-0.0569436303 -0.1088501171  0.0829430085  2.0000000000
-0.0564023866 -0.1076071492  0.0818884275  2.0000000000
-0.0557275759 -0.1060477324  0.0805617962  2.0000000000
-0.0495531957 -0.0915071192  0.0681834987  2.0000000000
-0.0529586689 -0.0994085870  0.0748802216  2.0000000000
-0.0484097259 -0.0888928247  0.0659845010  2.0000000000
-0.0532408607 -0.1001662517  0.0755685161  2.0000000000
-0.0418239831 -0.0737909834  0.0532665667  2.0000000000
-0.0459877619 -0.0833301152  0.0612947819  2.0000000000
-0.0494032569 -0.0912483585  0.0680037563  2.0000000000
-0.0503299431 -0.0934172252  0.0698508386  2.0000000000
-0.0470872148 -0.0859170135  0.0635037319  2.0000000000
-0.0411467172 -0.0722407665  0.0519598979  2.0000000000
-0.0436225087 -0.0779329015  0.0567604607  2.0000000000
-0.0360902676 -0.0607318840  0.0423097326  2.0000000000
-0.0400440036 -0.0697264728  0.0498485314  2.0000000000
-0.0389229834 -0.0671741284  0.0477071590  2.0000000000
-0.0366398482 -0.0619672085  0.0433355104  2.0000000000
-0.0388796921 -0.0671049515  0.0476628611  2.0000000000
-0.0299797121 -0.0469061541  0.0307559929  2.0000000000
-0.0322867524 -0.0520880973  0.0350656342  2.0000000000
-0.0313229131 -0.0499086574  0.0332448611  2.0000000000
-0.0343520777 -0.0568096487  0.0390338899  2.0000000000
-0.0274567446 -0.0412178242  0.0260122661  2.0000000000
-0.0284423087 -0.0434211260  0.0278392822  2.0000000000
-0.0303357583 -0.0476949019  0.0314042868  2.0000000000
-0.0275521457 -0.0414239008  0.0261788818  2.0000000000
-0.0258003518 -0.0375090449  0.0229328955  2.0000000000
-0.0234054291 -0.0321906796  0.0185406186  2.0000000000
-0.0256892970 -0.0372808743  0.0227533258  2.0000000000
-0.0241138879 -0.0337670829  0.0198436032  2.0000000000
-0.0212572510 -0.0274630101  0.0146587183  2.0000000000
-0.0219524934 -0.0289845393  0.0159033380  2.0000000000
-0.0212499598 -0.0274434536  0.0146405766  2.0000000000
-0.0224982426 -0.0302058315  0.0169164305  2.0000000000
-0.0236496935 -0.0328033532  0.0190824074  2.0000000000
-0.0209696498 -0.0268621980  0.0141818591  2.0000000000
-0.0219453338 -0.0290633070  0.0160173304  2.0000000000
-0.0211356735 -0.0272966551  0.0145748964  2.0000000000
-0.0215390035 -0.0282254795  0.0153591703  2.0000000000
-0.0203556900 -0.0256015032  0.0131944705  2.0000000000
-0.0604255447  0.1660794657  0.0477241763  3.0000000000
-0.0605864484  0.1666089480  0.0478922467  3.0000000000
-0.0601583910  0.1652140265  0.0474522313  3.0000000000
-0.0594964581  0.1630561770  0.0467713947  3.0000000000
-0.0617080917  0.1702458617  0.0490358988  3.0000000000
-0.0633813399  0.1757093203  0.0507615006  3.0000000000
-0.0620964454  0.1715241409  0.0494417184  3.0000000000
-0.0600093134  0.1647189130  0.0472942806  3.0000000000
-0.0553667634  0.1495812343  0.0425173837  3.0000000000
-0.0573406473  0.1559883539  0.0445333954  3.0000000000
-0.0604835493  0.1662422842  0.0477703831  3.0000000000
-0.0642043645  0.1783865523  0.0516050922  3.0000000000
-0.0643797324  0.1789637566  0.0517883340  3.0000000000
-0.0581032211  0.1584995822  0.0453308733  3.0000000000
-0.0563428689  0.1527598167  0.0435196318  3.0000000000
-0.0582113215  0.1588231299  0.0454271395  3.0000000000
-0.0637831224  0.1770036832  0.0511668581  3.0000000000
-0.0646171309  0.1797261458  0.0520265837  3.0000000000
-0.0652001491  0.1816298901  0.0526278868  3.0000000000
-0.0606071716  0.1666606938  0.0479055756  3.0000000000
-0.0589925087  0.1613957297  0.0462441202  3.0000000000
-0.0550319078  0.1484479891  0.0421514862  3.0000000000
-0.0570651849  0.1550798440  0.0442446819  3.0000000000
-0.0622019742  0.1718382407  0.0495348720  3.0000000000
-0.0635202859  0.1761402315  0.0508931166  3.0000000000
-0.0646103190  0.1796978050  0.0520164337  3.0000000000
-0.0660494668  0.1843962947  0.0535003028  3.0000000000
-0.0663786594  0.1854720499  0.0538402526  3.0000000000
-0.0664401860  0.1856745638  0.0539045444  3.0000000000
-0.0657601652  0.1834595808  0.0532060556  3.0000000000
-0.0650278469  0.1810722451  0.0524528055  3.0000000000
-0.0640461141  0.1778713106  0.0514427433  3.0000000000
-0.0579333516  0.1579393491  0.0451528638  3.0000000000
-0.0595606521  0.1632166275  0.0468123729  3.0000000000
-0.0652877020  0.1819041224  0.0527122084  3.0000000000
-0.0667452114  0.1866626131  0.0542150376  3.0000000000
-0.0657134767  0.1833057011  0.0531571941  3.0000000000
-0.0647202352  0.1800672288  0.0521352839  3.0000000000
-0.0634879551  0.1760490890  0.0508672883  3.0000000000
-0.0544020040  0.1464237988  0.0415187572  3.0000000000
-0.0538206659  0.1444921611  0.0409019105  3.0000000000
-0.0646952126  0.1799670330  0.0520999056  3.0000000000
-0.0658095468  0.1836039857  0.0532483000  3.0000000000
-0.0666756209  0.1864312122  0.0541411270  3.0000000000
-0.0676187530  0.1895118030  0.0551143338  3.0000000000
-0.0676825869  0.1897219052  0.0551810333  3.0000000000
-0.0674720197  0.1890367632  0.0549651231  3.0000000000
-0.0652407470  0.1817629292  0.0526700988  3.0000000000
-0.0625295532  0.1729223033  0.0498802509  3.0000000000
-0.0589992318  0.1614109145  0.0462476197  3.0000000000
-0.0517911913  0.1378729272  0.0388127438  3.0000000000
-0.0541037373  0.1454138060  0.0411924879  3.0000000000
-0.0584093492  0.1594565955  0.0456246511  3.0000000000
-0.0670435104  0.1876298355  0.0545191913  3.0000000000
-0.0676537869  0.1896226758  0.0551486528  3.0000000000
-0.0679937285  0.1907335962  0.0554997226  3.0000000000
-0.0680585216  0.1909468464  0.0555674196  3.0000000000
-0.0678471629  0.1902591361  0.0553507015  3.0000000000
-0.0628756308  0.1740498503  0.0502358955  3.0000000000
-0.0572935372  0.1558485809  0.0444922176  3.0000000000
-0.0652438472  0.1817546178  0.0526637524  3.0000000000
-0.0663701932  0.1854308175  0.0538245478  3.0000000000
-0.0672458870  0.1882894820  0.0547273097  3.0000000000
-0.0678588666  0.1902911599  0.0553595647  3.0000000000
-0.0682005823  0.1914078831  0.0557124693  3.0000000000
-0.0680546871  0.1909356274  0.0555641475  3.0000000000
-0.0675688939  0.1893525730  0.0550647898  3.0000000000
-0.0645499621  0.1795093241  0.0519587224  3.0000000000
-0.0552939736  0.1493291681  0.0424350105  3.0000000000
-0.0586057394  0.1600968573  0.0458266793  3.0000000000
-0.0639135273  0.1774136523  0.0512932446  3.0000000000
-0.0652765848  0.1818618036  0.0526976638  3.0000000000
-0.0664041842  0.1855421074  0.0538597576  3.0000000000
-0.0672810088  0.1884044728  0.0547636901  3.0000000000
-0.0683038190  0.1917469895  0.0558199823  3.0000000000
-0.0680928072  0.1910604166  0.0556036245  3.0000000000
-0.0645881773  0.1796343893  0.0519982798  3.0000000000
-0.0631061412  0.1748016819  0.0504731942  3.0000000000
-0.0614164427  0.1692918790  0.0487344423  3.0000000000
-0.0575031443  0.1565321121  0.0447079352  3.0000000000
-0.0518570687  0.1380885459  0.0388809477  3.0000000000
-0.0563939337  0.1528837545  0.0435502321  3.0000000000
-0.0604363131  0.1660698188  0.0477123533  3.0000000000
-0.0622096170  0.1718553300  0.0495387353  3.0000000000
-0.0637868750  0.1770018515  0.0511635232  3.0000000000
-0.0662730849  0.1851158095  0.0537254621  3.0000000000
-0.0677618111  0.1899763451  0.0552605441  3.0000000000
-0.0681042607  0.1910954654  0.0556142059  3.0000000000
-0.0681710647  0.1913152840  0.0556839780  3.0000000000
-0.0679611884  0.1906324077  0.0554687855  3.0000000000
-0.0674774406  0.1890560125  0.0549715272  3.0000000000
-0.0667264118  0.1866076398  0.0541990108  3.0000000000
-0.0657183254  0.1833207091  0.0531617985  3.0000000000
-0.0644668084  0.1792397659  0.0518739690  3.0000000000
-0.0629885852  0.1744194782  0.0503528000  3.0000000000
-0.0516320535  0.1373567823  0.0386504057  3.0000000000
-0.0619335265  0.1709570156  0.0492556332  3.0000000000
-0.0635032733  0.1760790322  0.0508726856  3.0000000000
-0.0648574670  0.1804982693  0.0522679780  3.0000000000
-0.0659780140  0.1841555623  0.0534228075  3.0000000000
-0.0668496925  0.1870011316  0.0543214363  3.0000000000
-0.0674604940  0.1889957004  0.0549514466  3.0000000000
-0.0678690623  0.1903323777  0.0553741614  3.0000000000
-0.0676609511  0.1896552453  0.0551607791  3.0000000000
-0.0671803467  0.1880890890  0.0546667498  3.0000000000
-0.0664337956  0.1856553069  0.0538988357  3.0000000000
-0.0654314594  0.1823871168  0.0528675355  3.0000000000
-0.0571570305  0.1554063326  0.0443532194  3.0000000000
-0.0527293104  0.1409711353  0.0397983693  3.0000000000
-0.0578339258  0.1575860433  0.0450354857  3.0000000000
-0.0630651457  0.1746530822  0.0504232180  3.0000000000
-0.0655214909  0.1826695680  0.0529543795  3.0000000000
-0.0663869352  0.1854947791  0.0538465781  3.0000000000
-0.0673330213  0.1885850387  0.0548228433  3.0000000000
-0.0659786314  0.1841735971  0.0534317305  3.0000000000
-0.0649848944  0.1809334381  0.0524092743  3.0000000000
-0.0637507966  0.1769092781  0.0511393606  3.0000000000
-0.0606301810  0.1667333902  0.0479280915  3.0000000000
-0.0530847323  0.1421002842  0.0401486324  3.0000000000
-0.0638064121  0.1770770340  0.0511895016  3.0000000000
-0.0667690241  0.1867510926  0.0542451130  3.0000000000
-0.0665662636  0.1860913665  0.0540372153  3.0000000000
-0.0653647857  0.1821751005  0.0528016650  3.0000000000
-0.0631622403  0.1749932309  0.0505353109  3.0000000000
-0.0562669235  0.1525094013  0.0434400962  3.0000000000
-0.0566339795  0.1536810995  0.0438047133  3.0000000000
-0.0602202563  0.1653807660  0.0474979347  3.0000000000
-0.0617414900  0.1703444576  0.0490649974  3.0000000000
-0.0657810861  0.1835348480  0.0532311800  3.0000000000
-0.0653180295  0.1820258578  0.0527551798  3.0000000000
-0.0645974431  0.1796767025  0.0520139637  3.0000000000
-0.0636291329  0.1765194382  0.0510176632  3.0000000000
-0.0575830519  0.1568042865  0.0447960798  3.0000000000
-0.0556265741  0.1504250827  0.0427830628  3.0000000000
-0.0632285391  0.1752047020  0.0506009933  3.0000000000
-0.0643910352  0.1790074793  0.0518035046  3.0000000000
-0.0627313350  0.1735962405  0.0500960198  3.0000000000
-0.0585570405  0.1599844878  0.0458004834  3.0000000000
-0.0598603704  0.1642207469  0.0471345051  3.0000000000
-0.0611280459  0.1683575630  0.0484406130  3.0000000000
-0.0635693697  0.1763268854  0.0509572604  3.0000000000
-0.0639584592  0.1775996435  0.0513597236  3.0000000000
-0.0605373628  0.1664470214  0.0478408674  3.0000000000
-0.0617975833  0.1705525835  0.0491356320  3.0000000000
-0.0627419989  0.1736385548  0.0501107825  3.0000000000
-0.0605330373  0.1664383891  0.0478391949  3.0000000000
-0.0548359246  0.1478612038  0.0419767320  3.0000000000
-0.0613361999  0.1690589112  0.0486664002  3.0000000000
-0.0607983310  0.1673087697  0.0481148712  3.0000000000
-0.0592504148  0.1622619641  0.0465223763  3.0000000000
-0.0167744513 -0.0045065833 -0.0137259121  4.0000000000
-0.0174403623 -0.0047184852 -0.0144339756  4.0000000000
-0.0174480616 -0.0047209213 -0.0144420871  4.0000000000
-0.0175426874 -0.0047510324 -0.0145427023  4.0000000000
-0.0175947312 -0.0047675928 -0.0145980371  4.0000000000
-0.0174909248 -0.0047345547 -0.0144876296  4.0000000000
-0.0172117718 -0.0046457183 -0.0141907731  4.0000000000
-0.0170143969 -0.0045829078 -0.0139808869  4.0000000000
-0.0172703392 -0.0046643527 -0.0142530343  4.0000000000
-0.0175860130 -0.0047648049 -0.0145886931  4.0000000000
-0.0177348493 -0.0048121657 -0.0147469458  4.0000000000
-0.0177081849 -0.0048036774 -0.0147185757  4.0000000000
-0.0176291325 -0.0047785194 -0.0146345055  4.0000000000
-0.0175076053 -0.0047398448 -0.0145052694  4.0000000000
-0.0169086903 -0.0045492526 -0.0138683923  4.0000000000
-0.0171629082 -0.0046301538 -0.0141387332  4.0000000000
-0.0173807088 -0.0046994610 -0.0143703209  4.0000000000
-0.0178596917 -0.0048518774 -0.0148796107  4.0000000000
-0.0178237289 -0.0048404315 -0.0148413603  4.0000000000
-0.0176203739 -0.0047757156 -0.0146251025  4.0000000000
-0.0172474376 -0.0046570409 -0.0142285523  4.0000000000
-0.0179419505 -0.0048780426 -0.0149670190  4.0000000000
-0.0179507205 -0.0048808318 -0.0149763359  4.0000000000
-0.0177087294 -0.0048038192 -0.0147189845  4.0000000000
-0.0173371952 -0.0046855857 -0.0143238974  4.0000000000
-0.0170954929 -0.0046086699 -0.0140668800  4.0000000000
-0.0170513693 -0.0045946403 -0.0140200238  4.0000000000
-0.0173081262 -0.0046763430 -0.0142930293  4.0000000000
-0.0178543378 -0.0048501541 -0.0148738120  4.0000000000
-0.0180071676 -0.0048987850 -0.0150363070  4.0000000000
-0.0177719149 -0.0048239149 -0.0147861113  4.0000000000
-0.0176044979 -0.0047706374 -0.0146080794  4.0000000000
-0.0170866797 -0.0046058684 -0.0140575257  4.0000000000
-0.0173444519 -0.0046878940 -0.0143316095  4.0000000000
-0.0175667229 -0.0047586231 -0.0145679474  4.0000000000
-0.0179917548 -0.0048938724 -0.0150198755  4.0000000000
-0.0180460085 -0.0049111355 -0.0150775571  4.0000000000
-0.0180176667 -0.0049021129 -0.0150474002  4.0000000000
-0.0176411783 -0.0047823004 -0.0146470319  4.0000000000
-0.0169108090 -0.0045498794 -0.0138703889  4.0000000000
-0.0173561021 -0.0046915946 -0.0143439609  4.0000000000
-0.0179048411 -0.0048662088 -0.0149274247  4.0000000000
-0.0179471897 -0.0048796758 -0.0149724060  4.0000000000
-0.0178208223 -0.0048394610 -0.0148380232  4.0000000000
-0.0174440732 -0.0047195684 -0.0144373931  4.0000000000
-0.0167959068 -0.0045133317 -0.0137482985  4.0000000000
-0.0173429774 -0.0046874131 -0.0143299780  4.0000000000
-0.0179894103 -0.0048931132 -0.0150173111  4.0000000000
-0.0178061238 -0.0048347778 -0.0148223622  4.0000000000
-0.0176377857 -0.0047812074 -0.0146433521  4.0000000000
-0.0171851263 -0.0046371599 -0.0141620111  4.0000000000
-0.0165997484 -0.0044508828 -0.0135395679  4.0000000000
-0.0173051935 -0.0046753864 -0.0142897841  4.0000000000
-0.0174623588 -0.0047253954 -0.0144568813  4.0000000000
-0.0177837245 -0.0048276560 -0.0147985771  4.0000000000
-0.0178811831 -0.0048586674 -0.0149021980  4.0000000000
-0.0179425671 -0.0048781971 -0.0149674487  4.0000000000
-0.0179055969 -0.0048664304 -0.0149281258  4.0000000000
-0.0178240295 -0.0048404719 -0.0148413810  4.0000000000
-0.0173268346 -0.0046822497 -0.0143126696  4.0000000000
-0.0170848939 -0.0046052589 -0.0140554033  4.0000000000
-0.0171571712 -0.0046282822 -0.0141323839  4.0000000000
-0.0173741296 -0.0046973196 -0.0143630666  4.0000000000
-0.0176920297 -0.0047984770 -0.0147010754  4.0000000000
-0.0178122526 -0.0048367263 -0.0148288688  4.0000000000
-0.0174427147 -0.0047191264 -0.0144358964  4.0000000000
-0.0169994893 -0.0045780820 -0.0139645923  4.0000000000
-0.0167274256 -0.0044915068 -0.0136753020  4.0000000000
-0.0175758071 -0.0047614947 -0.0145775029  4.0000000000
-0.0176708125 -0.0047917252 -0.0146785138  4.0000000000
-0.0177225857 -0.0048081984 -0.0147335550  4.0000000000
-0.0176141751 -0.0047736940 -0.0146182454  4.0000000000
-0.0171276657 -0.0046188966 -0.0141010289  4.0000000000
-0.0175294396 -0.0047467414 -0.0145282080  4.0000000000
-0.0175878427 -0.0047653223 -0.0145902874  4.0000000000
-0.0175520019 -0.0047539150 -0.0145521658  4.0000000000
-0.0173528899 -0.0046905500 -0.0143404236  4.0000000000
-0.0169715185 -0.0045692136 -0.0139350255  4.0000000000
-0.0171419728 -0.0046234525 -0.0141162590  4.0000000000
-0.0173099735 -0.0046769007 -0.0142948299  4.0000000000
-0.0171802609 -0.0046356393 -0.0141569868  4.0000000000
 0.1400194454  0.0072608566  0.0130234054  5.0000000000
 0.1446909684  0.0075501769  0.0135956249  5.0000000000
 0.1454751175  0.0075992410  0.0136932985  5.0000000000
 0.1455001322  0.0075992834  0.0136914917  5.0000000000
 0.1499476535  0.0078764672  0.0142418936  5.0000000000
 0.1499865838  0.0078790233  0.0142471354  5.0000000000
 0.1457618726  0.0076164770  0.0137267614  5.0000000000
 0.1355194339  0.0069794607  0.0124635336  5.0000000000
 0.1466332937  0.0076687407  0.0138279681  5.0000000000
 0.1495665980  0.0078514037  0.0141904894  5.0000000000
 0.1518131330  0.0079913433  0.0144682747  5.0000000000
 0.1541736350  0.0081386580  0.0147610534  5.0000000000
 0.1534640314  0.0080946271  0.0146738700  5.0000000000
 0.1580041346  0.0083761508  0.0152311024  5.0000000000
 0.1572790821  0.0083311602  0.0151420174  5.0000000000
 0.1557958390  0.0082389794  0.0149593078  5.0000000000
 0.1470461248  0.0076948419  0.0138803182  5.0000000000
 0.1428258436  0.0074323541  0.0133597784  5.0000000000
 0.1380387919  0.0071346225  0.0127693543  5.0000000000
 0.1566297157  0.0082892221  0.0150569029  5.0000000000
 0.1589772690  0.0084354508  0.0153471681  5.0000000000
 0.1569315586  0.0083089475  0.0150972428  5.0000000000
 0.1410829802  0.0073232465  0.0131425377  5.0000000000
 0.1356828585  0.0069874048  0.0124765617  5.0000000000
 0.1316529941  0.0067340539  0.0119706902  5.0000000000
 0.1482005700  0.0077636210  0.0140129065  5.0000000000
 0.1526445490  0.0080402289  0.0145617138  5.0000000000
 0.1564514299  0.0082772294  0.0150319971  5.0000000000
 0.1619606288  0.0086203324  0.0157129772  5.0000000000
 0.1635883860  0.0087217745  0.0159144033  5.0000000000
 0.1644784335  0.0087774473  0.0160252116  5.0000000000
 0.1621903509  0.0086353148  0.0157435810  5.0000000000
 0.1487323560  0.0077983342  0.0140838520  5.0000000000
 0.1193335759  0.0059702176  0.0104589720  5.0000000000
 0.1205360165  0.0060421337  0.0105979247  5.0000000000
 0.1272961240  0.0064624771  0.0114313817  5.0000000000
 0.1337509626  0.0068639259  0.0122274817  5.0000000000
 0.1589193273  0.0084300998  0.0153343839  5.0000000000
 0.1620857172  0.0086272677  0.0157256795  5.0000000000
 0.1661648660  0.0088813990  0.0162301850  5.0000000000
 0.1670217588  0.0089348689  0.0163364437  5.0000000000
 0.1663104468  0.0088908753  0.0162495194  5.0000000000
 0.1624147623  0.0086486905  0.0157693937  5.0000000000
 0.1593317355  0.0084569544  0.0153891875  5.0000000000
 0.1280173100  0.0065095277  0.0115275151  5.0000000000
 0.1354758680  0.0069706572  0.0124384592  5.0000000000
 0.1416236358  0.0073530810  0.0131969210  5.0000000000
 0.1524725993  0.0080281388  0.0145360054  5.0000000000
 0.1666104297  0.0089083391  0.0162826475  5.0000000000
 0.1692036156  0.0090701416  0.0166041771  5.0000000000
 0.1684358375  0.0090224944  0.0165098252  5.0000000000
 0.1668597429  0.0089245384  0.0163156632  5.0000000000
 0.1644966102  0.0087776010  0.0160243278  5.0000000000
 0.1575462835  0.0083453352  0.0151671345  5.0000000000
 0.1530512490  0.0080657593  0.0146127091  5.0000000000
 0.1479514692  0.0077485799  0.0139837224  5.0000000000
 0.1362023330  0.0070179267  0.0125348866  5.0000000000
 0.1296968007  0.0066134264  0.0117328669  5.0000000000
 0.1233162321  0.0062140476  0.0109376046  5.0000000000
 0.1368135800  0.0070533729  0.0126018920  5.0000000000
 0.1487599397  0.0077965566  0.0140759192  5.0000000000
 0.1539677851  0.0081206319  0.0147188066  5.0000000000
 0.1625233653  0.0086531805  0.0157754414  5.0000000000
 0.1657590084  0.0088546519  0.0161752664  5.0000000000
 0.1682389789  0.0090091153  0.0164818599  5.0000000000
 0.1708600324  0.0091726470  0.0168068137  5.0000000000
 0.1700867784  0.0091246584  0.0167117841  5.0000000000
 0.1661147397  0.0088777237  0.0162222384  5.0000000000
 0.1591040482  0.0084417047  0.0153576039  5.0000000000
 0.1545694226  0.0081596679  0.0147983003  5.0000000000
 0.1311178811  0.0066987476  0.0118981614  5.0000000000
 0.1497765087  0.0078593534  0.0141999174  5.0000000000
 0.1550181733  0.0081855260  0.0148469562  5.0000000000
 0.1596560500  0.0084741813  0.0154196385  5.0000000000
 0.1636299196  0.0087215581  0.0159104866  5.0000000000
 0.1693841530  0.0090798877  0.0166216453  5.0000000000
 0.1719715606  0.0092411821  0.0169419762  5.0000000000
 0.1720262009  0.0092447187  0.0169491677  5.0000000000
 0.1712496685  0.0091965251  0.0168537302  5.0000000000
 0.1602040287  0.0085096599  0.0154917956  5.0000000000
 0.1556422434  0.0082259359  0.0149291489  5.0000000000
 0.1445539211  0.0075340677  0.0135542635  5.0000000000
 0.1642593638  0.0087603272  0.0159868959  5.0000000000
 0.1675293861  0.0089639278  0.0163909318  5.0000000000
 0.1700364871  0.0091200709  0.0167008466  5.0000000000
 0.1717465471  0.0092266235  0.0169123969  5.0000000000
 0.1726360209  0.0092821128  0.0170226517  5.0000000000
 0.1726924782  0.0092857602  0.0170300602  5.0000000000
 0.1703136630  0.0091379786  0.0167372209  5.0000000000
 0.1679104044  0.0089885455  0.0164409368  5.0000000000
 0.1647374453  0.0087912178  0.0160496452  5.0000000000
 0.1562608295  0.0082640144  0.0150041703  5.0000000000
 0.1175486498  0.0058546276  0.0102239587  5.0000000000
 0.1384097451  0.0071516237  0.0127954572  5.0000000000
 0.1604133618  0.0085206056  0.0155108560  5.0000000000
 0.1676802361  0.0089729927  0.0164085106  5.0000000000
 0.1701905954  0.0091293328  0.0167188092  5.0000000000
 0.1727951700  0.0092916798  0.0170412089  5.0000000000
 0.1728533568  0.0092954321  0.0170488218  5.0000000000
 0.1720769430  0.0092472426  0.0169533887  5.0000000000
 0.1704763182  0.0091477584  0.0167561935  5.0000000000
 0.1680730806  0.0089983268  0.0164599127  5.0000000000
 0.1648995552  0.0088009651  0.0160685552  5.0000000000
 0.1564200526  0.0082735874  0.0150227418  5.0000000000
 0.1512248382  0.0079504849  0.0143820259  5.0000000000
 0.1245035808  0.0062867662  0.0110804033  5.0000000000
 0.1443822303  0.0075229114  0.0135315389  5.0000000000
 0.1640701721  0.0087480097  0.0159617771  5.0000000000
 0.1673385568  0.0089514943  0.0163655652  5.0000000000
 0.1715561481  0.0092141942  0.0168870105  5.0000000000
 0.1717345161  0.0092256755  0.0169102796  5.0000000000
 0.1677425242  0.0089774975  0.0164182660  5.0000000000
 0.1389901718  0.0071894249  0.0128726292  5.0000000000
 0.1182391219  0.0058994592  0.0103153189  5.0000000000
 0.1308038849  0.0066783535  0.0118566315  5.0000000000
 0.1494230433  0.0078363771  0.0141531064  5.0000000000
 0.1546548869  0.0081619012  0.0147988114  5.0000000000
 0.1690033735  0.0090550557  0.0165709568  5.0000000000
 0.1707076477  0.0091612317  0.0167817394  5.0000000000
 0.1715966432  0.0092166778  0.0168918920  5.0000000000
 0.1716579576  0.0092206175  0.0168998678  5.0000000000
 0.1708905085  0.0091729811  0.0168055260  5.0000000000
 0.1693045665  0.0090744082  0.0166101358  5.0000000000
 0.1669215275  0.0089262336  0.0163163488  5.0000000000
 0.1637734361  0.0087304570  0.0159281389  5.0000000000
 0.1317341661  0.0067381139  0.0119776087  5.0000000000
 0.1157578036  0.0057430240  0.0100023499  5.0000000000
 0.1363244289  0.0070215953  0.0125371721  5.0000000000
 0.1534269433  0.0080854595  0.0146471280  5.0000000000
 0.1619625476  0.0086166665  0.0157009777  5.0000000000
 0.1702490494  0.0091327401  0.0167252752  5.0000000000
 0.1703117281  0.0091367604  0.0167334056  5.0000000000
 0.1695519874  0.0090896007  0.0166400059  5.0000000000
 0.1679799952  0.0089918944  0.0164463330  5.0000000000
 0.1656169576  0.0088449643  0.0161550147  5.0000000000
 0.1624946465  0.0086507932  0.0157699911  5.0000000000
 0.1586546949  0.0084119795  0.0152964266  5.0000000000
 0.1372398419  0.0070802878  0.0126558478  5.0000000000
 0.1167506149  0.0058066567  0.0101309942  5.0000000000
 0.1602088835  0.0085075806  0.0154846227  5.0000000000
 0.1658623530  0.0088595517  0.0161830572  5.0000000000
 0.1684800563  0.0090227833  0.0165073016  5.0000000000
 0.1677300896  0.0089762287  0.0164150981  5.0000000000
 0.1661763048  0.0088796537  0.0162236673  5.0000000000
 0.1418341925  0.0073658969  0.0132220534  5.0000000000
 0.1225189601  0.0061650999  0.0108414162  5.0000000000
 0.1154915930  0.0057283510  0.0099756990  5.0000000000
 0.1198138394  0.0059952280  0.0105024067  5.0000000000
 0.1329552953  0.0068122306  0.0121221901  5.0000000000
 0.1541564258  0.0081310533  0.0147378081  5.0000000000
 0.1652461862  0.0088214215  0.0161076764  5.0000000000
 0.1661131483  0.0088754782  0.0162150496  5.0000000000
 0.1639083935  0.0087386138  0.0159439801  5.0000000000
 0.1616043151  0.0085953521  0.0156599382  5.0000000000
 0.1585586050  0.0084059499  0.0152843780  5.0000000000
 0.1548118645  0.0081729415  0.0148223356  5.0000000000
 0.1454202712  0.0075888995  0.0136642301  5.0000000000
 0.1421669096  0.0073853262  0.0132589057  5.0000000000
 0.1515835203  0.0079711814  0.0144209453  5.0000000000
 0.1584840938  0.0084006570  0.0152730031  5.0000000000
 0.1633588681  0.0087042720  0.0158756430  5.0000000000
 0.1627000828  0.0086634890  0.0157950163  5.0000000000
 0.1589292238  0.0084290621  0.0153302696  5.0000000000
 0.1559336980  0.0082427839  0.0149609077  5.0000000000
 0.1479212103  0.0077445029  0.0139728592  5.0000000000
 0.1430088206  0.0074390268  0.0133671429  5.0000000000
 0.1316823748  0.0067347867  0.0119708437  5.0000000000
 0.1339629182  0.0068753324  0.0122478468  5.0000000000
 0.1393669606  0.0072114408  0.0129143856  5.0000000000
 0.1486110121  0.0077865332  0.0140550436  5.0000000000
 0.1553862815  0.0082081882  0.0148915585  5.0000000000
 0.1528981261  0.0080541507  0.0145870249  5.0000000000
 0.1450381421  0.0075653655  0.0136178204  5.0000000000
 0.1097874032  0.0053740269  0.0092735709  5.0000000000
 0.1518965499  0.0079914189  0.0144620163  5.0000000000
 0.1557641793  0.0082322225  0.0149398768  5.0000000000
 0.1494761974  0.0078415618  0.0141657265  5.0000000000
 0.1459399072  0.0076216562  0.0137296852  5.0000000000
 0.1417873036  0.0073634286  0.0132176596  5.0000000000
 0.1201730864  0.0060196406  0.0105534644  5.0000000000
 0.1374166234  0.0070909097  0.0126762976  5.0000000000
 0.1480424793  0.0077520633  0.0139877743  5.0000000000
 0.1502851937  0.0078916675  0.0142647724  5.0000000000
 0.1422454417  0.0073921946  0.0132750224  5.0000000000
 0.1375471049  0.0070995429  0.0126940505  5.0000000000
 0.1483885893  0.0077744002  0.0140330830  5.0000000000
 0.1443093896  0.0075208643  0.0135305321  5.0000000000
 0.1382282570  0.0071427329  0.0127807857  5.0000000000
 0.1366023204  0.0070413677  0.0125794006  5.0000000000
 0.1393631665  0.0072131635  0.0129201949  5.0000000000
 0.1431383611  0.0074483799  0.0133871927  5.0000000000
 0.1296095598  0.0066077153  0.0117209735  5.0000000000
