 -0.747832896 -10.834504530  10.094668846   1.000000000
 -0.748048592 -11.574032809   8.760100397   1.000000000
 -0.747791120 -10.221457883  10.137000757   1.000000000
 -0.748349714 -12.764607696   6.967153378   1.000000000
 -0.748264076 -12.313662720   7.425845326   1.000000000
 -0.748006883 -10.960956609   8.802332918   1.000000000
 -0.747921060 -10.510098332   9.261298527   1.000000000
 -0.747835189 -10.059261048   9.720333246   1.000000000
 -0.747577301  -8.706882808  11.097844264   1.000000000
 -0.748479348 -13.053392849   6.091905507   1.000000000
 -0.748393756 -12.602425254   6.550528699   1.000000000
 -0.748136703 -11.249653495   7.926807961   1.000000000
 -0.748050926 -10.798773206   8.385704322   1.000000000
 -0.747965103 -10.347914711   8.844669009   1.000000000
 -0.747879232  -9.897077217   9.303702828   1.000000000
 -0.747621344  -8.544698400  10.681211282   1.000000000
 -0.747449187  -7.643223779  11.599889549   1.000000000
 -0.748437773 -12.440255749   6.133941235   1.000000000
 -0.748352135 -11.989310280   6.592631144   1.000000000
 -0.748266451 -11.538386393   7.051389625   1.000000000
 -0.747923249  -9.734906403   8.887109542   1.000000000
 -0.747837333  -9.284091528   9.346209765   1.000000000
 -0.747665362  -8.382527052  10.264615390   1.000000000
 -0.748738398 -13.631065957   4.341735858   1.000000000
 -0.748652900 -13.180055929   4.800218493   1.000000000
 -0.748567355 -12.729067272   5.258769947   1.000000000
 -0.748481764 -12.278099194   5.717391025   1.000000000
 -0.748396126 -11.827153498   6.176079893   1.000000000
 -0.748310442 -11.376229394   6.634837356   1.000000000
 -0.748138934 -10.474445386   7.552558649   1.000000000
 -0.748053111 -10.023586495   8.011521448   1.000000000
 -0.747967241  -9.572748623   8.470553425   1.000000000
 -0.747881324  -9.121933574   8.929652743   1.000000000
 -0.747709353  -8.220368778   9.848056625   1.000000000
 -0.747537196  -7.318893559  10.766731615   1.000000000
 -0.748782362 -13.468923057   3.925226240   1.000000000
 -0.748696864 -13.017912790   4.383707753   1.000000000
 -0.748611319 -12.566923904   4.842258106   1.000000000
 -0.748525728 -12.115955604   5.300878107   1.000000000
 -0.748182899 -10.312300999   7.136041646   1.000000000
 -0.747839327  -8.508995513   8.972299482   1.000000000
 -0.747753318  -8.058223592   9.431535026   1.000000000
 -0.747667263  -7.607474724   9.890837708   1.000000000
 -0.748826300 -13.306793096   3.508753995   1.000000000
 -0.748569667 -11.953824994   4.884402519   1.000000000
 -0.748484029 -11.502878888   5.343089263   1.000000000
 -0.748312615 -10.601050708   6.260669478   1.000000000
 -0.747969229  -8.797656866   8.096650318   1.000000000
 -0.747883266  -8.346863560   8.555815975   1.000000000
 -0.747797258  -7.896091511   9.015050630   1.000000000
 -0.747711203  -7.445342523   9.474352447   1.000000000
 -0.747538953  -6.543910562  10.393160791   1.000000000
 -0.748870213 -13.144676089   3.092319159   1.000000000
 -0.748613579 -11.791707379   4.467964299   1.000000000
 -0.748356527 -10.438932565   5.844228077   1.000000000
 -0.748270751  -9.988051346   6.303119502   1.000000000
 -0.748184928  -9.537191964   6.762079366   1.000000000
 -0.748099058  -9.086353628   7.221108475   1.000000000
 -0.747927180  -8.184744712   8.139369724   1.000000000
 -0.747582867  -6.381791308   9.976711066   1.000000000
 -0.748999550 -13.433605148   2.217511815   1.000000000
 -0.748657466 -11.629602774   4.051563486   1.000000000
 -0.748486145 -10.727731475   4.969001299   1.000000000
 -0.748314638  -9.825946109   5.886714436   1.000000000
 -0.748228815  -9.375086591   6.345673293   1.000000000
 -0.747971067  -8.022638984   7.722960767   1.000000000
 -0.747885058  -7.571866720   8.182193604   1.000000000
 -0.747799003  -7.121117534   8.641493647   1.000000000
 -0.747540561  -5.769003124  10.019802438   1.000000000
 -0.748701326 -11.467511193   3.635200116   1.000000000
 -0.748530005 -10.565639589   4.552635730   1.000000000
 -0.748444275 -10.114735446   5.011457405   1.000000000
 -0.748014928  -7.860546391   7.306589143   1.000000000
 -0.747928920  -7.409774039   7.765821049   1.000000000
 -0.747670616  -6.057592341   9.143923370   1.000000000
 -0.749087244 -13.109436407   1.384831954   1.000000000
 -0.749001793 -12.658402937   1.843239494   1.000000000
 -0.748916295 -12.207391683   2.301715183   1.000000000
 -0.748830751 -11.756401852   2.760259826   1.000000000
 -0.748573840 -10.403560769   4.136307616   1.000000000
 -0.748402333  -9.501774889   5.054016507   1.000000000
 -0.748144726  -8.149260663   6.431093015   1.000000000
 -0.747972755  -7.247694522   7.349485851   1.000000000
 -0.749131052 -12.947371528   0.968548369   1.000000000
 -0.748960104 -12.045326482   1.885429162   1.000000000
 -0.748788969 -11.143367166   2.802585863   1.000000000
 -0.748617649 -10.241495032   3.720016994   1.000000000
 -0.748446142  -9.339708935   4.637723720   1.000000000
 -0.748360320  -8.888849092   5.096679474   1.000000000
 -0.748274450  -8.438010330   5.555704563   1.000000000
 -0.748188535  -7.987194452   6.014797150   1.000000000
 -0.747930510  -6.634878804   7.392485325   1.000000000
 -0.747844409  -6.184151737   7.851850684   1.000000000
 -0.747672068  -5.282763971   8.770786227   1.000000000
 -0.748832751 -10.981314748   2.386335055   1.000000000
 -0.748661431 -10.079442391   3.303763903   1.000000000
 -0.748575701  -9.628537911   3.762582297   1.000000000
 -0.748146356  -7.374347567   6.057698644   1.000000000
 -0.749133139 -12.172246902   0.594497891   1.000000000
 -0.748962098 -11.270244989   1.511510967   1.000000000
 -0.748790871 -10.368328303   2.428800713   1.000000000
 -0.748705188  -9.917402861   2.887548381   1.000000000
 -0.748619458  -9.466498297   3.346365653   1.000000000
 -0.748447860  -8.564756425   4.264204307   1.000000000
 -0.748276075  -7.663101541   5.182317841   1.000000000
 -0.748190113  -7.212307661   5.641476730   1.000000000
 -0.747931950  -5.860058550   7.019363631   1.000000000
 -0.749005828 -11.108218851   1.095336595   1.000000000
 -0.748834601 -10.206301979   2.012623956   1.000000000
 -0.748663189  -9.304471823   2.930186602   1.000000000
 -0.748405721  -7.951890897   4.307044979   1.000000000
 -0.748147837  -6.599508383   5.684519384   1.000000000
 -0.747889534  -5.247326262   7.062607798   1.000000000
 -0.749049532 -10.946205814   0.679199909   1.000000000
 -0.748878306 -10.044288783   1.596484858   1.000000000
 -0.748706893  -9.142458504   2.514045182   1.000000000
 -0.748621118  -8.691576512   2.972927981   1.000000000
 -0.749093211 -10.784205891   0.263100948   1.000000000
 -0.748664796  -8.529576327   2.556823089   1.000000000
 -0.748493105  -7.627877231   3.474793139   1.000000000
 -0.748235221  -6.275494679   4.852261280   1.000000000
 -0.749051273 -10.171249216   0.305645730   1.000000000
 -0.748965637  -9.720301833   0.764319792   1.000000000
 -0.748794225  -8.818471389   1.681875387   1.000000000
 -0.748708449  -8.367589342   2.140755890   1.000000000
 -0.748450843  -7.015074179   3.517809969   1.000000000
 -0.748881451  -8.494537073   0.849856573   1.000000000
 -0.350500143  -6.045163933  17.545837964   2.000000000
 -0.350632238  -6.332655726  16.663295067   2.000000000
 -0.350457786  -5.430808381  17.589178378   2.000000000
 -0.350589892  -5.718289847  16.706604453   2.000000000
 -0.350415390  -4.816487677  17.632621530   2.000000000
 -0.350460244  -4.653068591  17.213058840   2.000000000
 -0.350505084  -4.489662286  16.793532017   2.000000000
 -0.350549910  -4.326268775  16.374041100   2.000000000
 -0.350462622  -3.875401001  16.837150083   2.000000000
 -0.350639521  -3.999520198  15.535167137   2.000000000
 -0.350509704  -2.934449931  16.042069675   2.000000000
 -0.350422367  -2.483627559  16.505312344   2.000000000
 -0.350818577  -3.346177243  13.857851773   2.000000000
 -0.350469276  -1.542835456  15.710690579   2.000000000
 -0.350688705  -2.281154886  14.364899487   2.000000000
 -0.350908023  -3.019583104  13.019410985   2.000000000
 -0.350952725  -2.856305421  12.600244950   2.000000000
 -0.350822812  -1.791319441  13.107401653   2.000000000
 -0.350692786  -0.726439258  13.614861829   2.000000000
 -0.351086749  -2.366550100  11.342964735   2.000000000
 -0.350999460  -1.915677039  11.806074475   2.000000000
 -0.350737446  -0.563199047  13.195804855   2.000000000
 -0.350739339   0.214021562  12.821177061   2.000000000
 -0.351133360  -1.426037610  10.549121777   2.000000000
 -0.350958708  -0.524360022  11.475541903   2.000000000
 -0.353785853 -14.798989959  -3.733599280   2.000000000
 -0.351222557  -1.099676539   9.711335776   2.000000000
 -0.350960542   0.252806043  11.101065982   2.000000000
 -0.353961565 -14.924227163  -5.032349971   2.000000000
 -0.351354424  -1.387390574   8.829388276   2.000000000
 -0.351267135  -0.936515612   9.292497631   2.000000000
 -0.351179821  -0.485664114   9.755674107   2.000000000
 -0.353833017 -13.858017040  -4.528942534   2.000000000
 -0.351049684   0.579116349  10.263425945   2.000000000
 -0.350962297   1.029896989  10.726803042   2.000000000
 -0.353790974 -13.243387971  -4.486494348   2.000000000
 -0.351006847   1.193032646  10.308037893   2.000000000
 -0.350919435   1.643789556  10.771481639   2.000000000
 -0.354008672 -13.983310412  -5.827540246   2.000000000
 -0.353662249 -12.177328600  -3.982602839   2.000000000
 -0.351313472   0.003740786   8.499379235   2.000000000
 -0.351051383   1.356155125   9.889309385   2.000000000
 -0.350963971   1.806912232  10.352753103   2.000000000
 -0.353880032 -12.917177709  -5.323888432   2.000000000
 -0.353706771 -12.014228922  -4.401282831   2.000000000
 -0.351532597  -0.734878938   7.154402827   2.000000000
 -0.351357994   0.166849471   8.080687670   2.000000000
 -0.351577106  -0.571783838   6.735748340   2.000000000
 -0.351227802   1.231579056   8.588585582   2.000000000
 -0.351053002   2.133117950   9.515406064   2.000000000
 -0.353882417 -12.139532863  -5.699867638   2.000000000
 -0.353622413 -10.785205055  -4.315653259   2.000000000
 -0.351010060   2.746934607   9.560297978   2.000000000
 -0.353666893 -10.622143000  -4.734223222   2.000000000
 -0.353406664  -9.268010623  -3.349390170   2.000000000
 -0.351840586  -1.147456852   4.972535145   2.000000000
 -0.351753346  -0.696533207   5.435508888   2.000000000
 -0.351404141   1.106925721   7.288076258   2.000000000
 -0.347802226  19.569628105  26.337877757   2.000000000
 -0.347713865  20.019396088  26.803870693   2.000000000
 -0.352146624  -2.337313333   3.165476140   2.000000000
 -0.352059459  -1.886319255   3.628247347   2.000000000
 -0.351972268  -1.435348779   4.091085789   2.000000000
 -0.351885053  -0.984401629   4.553991746   2.000000000
 -0.351535946   0.819152395   6.406289395   2.000000000
 -0.351273857   2.171569333   7.796217803   2.000000000
 -0.351186445   2.622327218   8.259661167   2.000000000
 -0.351099008   3.073061116   8.723171368   2.000000000
 -0.353755813 -10.296057504  -5.571251427   2.000000000
 -0.353582352  -9.393278867  -4.648100891   2.000000000
 -0.353321973  -8.039276639  -3.262859027   2.000000000
 -0.352800543  -5.331874518  -0.490523335   2.000000000
 -0.352539492  -3.978478590   0.896566434   2.000000000
 -0.352365334  -3.076328708   1.821633315   2.000000000
 -0.352191078  -2.174271863   2.746970664   2.000000000
 -0.351230898   2.785370432   7.841153197   2.000000000
 -0.347891141  19.895723916  25.500850548   2.000000000
 -0.353105809  -6.522448580  -2.295462799   2.000000000
 -0.352409774  -2.913300787   1.403165667   2.000000000
 -0.351712153   0.694371085   5.106136655   2.000000000
 -0.351450137   2.046860131   6.495862744   2.000000000
 -0.351362750   2.497642250   6.959238999   2.000000000
 -0.351100439   3.849844546   8.349769029   2.000000000
 -0.351012953   4.300530409   8.813412572   2.000000000
 -0.347935578  20.058751102  25.082391458   2.000000000
 -0.347847217  20.508518393  25.548386711   2.000000000
 -0.353671216  -9.067243610  -5.484982913   2.000000000
 -0.353410837  -7.713239494  -4.099745261   2.000000000
 -0.352715399  -4.103546075  -0.402760083   2.000000000
 -0.351931132  -0.044390725   3.761556150   2.000000000
 -0.351232326   3.562151130   7.467757868   2.000000000
 -0.347980001  20.221764455  24.663968763   2.000000000
 -0.353628859  -8.452888556  -5.441691908   2.000000000
 -0.352846827  -4.391678287  -1.283514398   2.000000000
 -0.352585702  -3.038348852   0.103775227   2.000000000
 -0.351189276   4.175864702   7.512937261   2.000000000
 -0.348201061  19.485149223  23.313780389   2.000000000
 -0.348024411  20.384763960  24.245582501   2.000000000
 -0.353325936  -6.484694712  -4.012649196   2.000000000
 -0.353152126  -5.582225630  -3.088542601   2.000000000
 -0.352891225  -4.228690557  -1.701868584   2.000000000
 -0.351058678   5.240202486   8.021930116   2.000000000
 -0.348245457  19.648135410  22.895429235   2.000000000
 -0.353457187  -6.772990482  -4.892913648   2.000000000
 -0.352500277  -1.810279698   0.192299280   2.000000000
 -0.352413136  -1.359261982   0.654999810   2.000000000
 -0.352238780  -0.457295460   1.580605089   2.000000000
 -0.351889772   1.346355821   3.432626236   2.000000000
 -0.351802458   1.797209704   3.895800153   2.000000000
 -0.351540369   3.149628399   5.285725070   2.000000000
 -0.351452957   3.600386764   5.749167543   2.000000000
 -0.351015526   5.853816677   8.067383168   2.000000000
 -0.350927967   6.304429694   8.531226345   2.000000000
 -0.348378128  19.361261312  22.011309000   2.000000000
 -0.348289839  19.811107746  22.477114620   2.000000000
 -0.348201526  20.260927501  22.942984490   2.000000000
 -0.348113189  20.710721366  23.408919429   2.000000000
 -0.353240879  -5.256290738  -3.925135473   2.000000000
 -0.352979978  -3.902754478  -2.538465053   2.000000000
 -0.352457506  -1.196299604   0.236717213   2.000000000
 -0.351934142   1.509318788   3.014341430   2.000000000
 -0.351409890   4.214084325   5.794390789   2.000000000
 -0.351147432   5.566142418   7.185319907   2.000000000
 -0.348510762  19.074346443  21.127287557   2.000000000
 -0.348422497  19.524220069  21.593030341   2.000000000
 -0.348245895  20.423885676  22.524707092   2.000000000
 -0.353024334  -3.739806158  -2.956707259   2.000000000
 -0.352850276  -2.837561942  -2.031919638   2.000000000
 -0.352240291   0.319564743   1.206978695   2.000000000
 -0.352153052   0.770489602   1.669949608   2.000000000
 -0.351716483   3.024758906   3.985815499   2.000000000
 -0.351541683   3.926299808   4.912632620   2.000000000
 -0.350929109   7.080931127   8.158599520   2.000000000
 -0.348378562  20.137010808  21.640595156   2.000000000
 -0.353068676  -3.576871005  -3.374912062   2.000000000
 -0.352807552  -2.223539103  -1.987630513   2.000000000
 -0.351848188   2.736888982   3.104296710   2.000000000
 -0.351586025   4.089236236   4.494420884   2.000000000
 -0.351498588   4.539970588   4.957929761   2.000000000
 -0.350798209   8.144970417   8.668405462   2.000000000
 -0.353199996  -3.865105256  -4.255369140   2.000000000
 -0.352677673  -1.158510082  -1.480605398   2.000000000
 -0.352416177   0.194475350  -0.092304943   2.000000000
 -0.351630354   4.252159249   4.076246350   2.000000000
 -0.351280459   6.054951475   5.930682704   2.000000000
 -0.351017779   7.406790038   7.322211253   2.000000000
 -0.350667197   9.208896910   9.178513852   2.000000000
 -0.348820243  18.663317045  18.941376170   2.000000000
 -0.348732026  19.113241956  19.406990703   2.000000000
 -0.348643785  19.563140372  19.872669804   2.000000000
 -0.352111483   2.161037340   1.341574542   2.000000000
 -0.350711512   9.371805654   8.760375255   2.000000000
 -0.349217183  17.026257787  16.661428504   2.000000000
 -0.348776340  19.276145815  18.988857734   2.000000000
 -0.353201618  -3.088144692  -4.629301665   2.000000000
 -0.353027561  -2.185899511  -3.704518837   2.000000000
 -0.352591982   0.069309081  -1.391369609   2.000000000
 -0.352155784   2.323933575   0.923476097   2.000000000
 -0.351631532   5.028699226   3.703517222   2.000000000
 -0.351369074   6.380756779   5.094443754   2.000000000
 -0.351106395   7.732594842   6.485971550   2.000000000
 -0.350843495   9.084211437   7.878098571   2.000000000
 -0.350668106   9.985165180   8.806515178   2.000000000
 -0.348997049  18.539159935  17.639594356   2.000000000
 -0.352984781  -1.571929223  -3.660082146   2.000000000
 -0.352810574  -0.669822102  -2.734891241   2.000000000
 -0.352549078   0.683163793  -1.346595247   2.000000000
 -0.352025419   3.388500650   1.431825579   2.000000000
 -0.351413361   6.543639165   4.676380150   2.000000000
 -0.350536906  11.048900064   9.317132318   2.000000000
 -0.349833983  14.651302857  13.034494927   2.000000000
 -0.349746008  15.101488318  13.499460727   2.000000000
 -0.349481938  16.451889498  14.894750008   2.000000000
 -0.349393866  16.901971276  15.359976839   2.000000000
 -0.349305769  17.352026971  15.825268761   2.000000000
 -0.348864925  19.601911820  18.152702264   2.000000000
 -0.353203160  -2.311258605  -5.003017287   2.000000000
 -0.352767706  -0.055934346  -2.690214971   2.000000000
 -0.352418897   1.747906796  -0.838748167   2.000000000
 -0.351807529   4.903716851   2.403920996   2.000000000
 -0.351107346   8.508908793   6.113856419   2.000000000
 -0.351019712   8.959447379   6.577898583   2.000000000
 -0.349526210  16.614753923  14.476724901   2.000000000
 -0.349350042  17.514890781  15.407244307   2.000000000
 -0.349261921  17.964920345  15.872601963   2.000000000
 -0.353160378  -1.697291799  -4.958574323   2.000000000
 -0.353073312  -1.246203917  -4.496082800   2.000000000
 -0.352026588   4.165032118   1.059119845   2.000000000
 -0.351764351   5.517306599   2.449440403   2.000000000
 -0.351589404   6.418702100   3.376656437   2.000000000
 -0.351326798   7.770612569   4.767982386   2.000000000
 -0.351239214   8.221200340   5.231891221   2.000000000
 -0.350713193  10.924207249   8.016741390   2.000000000
 -0.350449853  12.275373192   9.410061132   2.000000000
 -0.350362024  12.725711407   9.874633143   2.000000000
 -0.350186293  13.626311489  10.803974591   2.000000000
 -0.350098391  14.076573383  11.268744054   2.000000000
 -0.349834539  15.427205073  12.663445960   2.000000000
 -0.349570469  16.777604500  14.058736818   2.000000000
 -0.352769044   0.720760147  -3.063379879   2.000000000
 -0.352681855   1.171732075  -2.600548213   2.000000000
 -0.352332847   2.975384450  -0.748543430   2.000000000
 -0.350406269  12.888550700   9.456680561   2.000000000
 -0.353248853  -1.371619791  -5.794423161   2.000000000
 -0.353074696  -0.469466173  -4.869373549   2.000000000
 -0.352289765   3.589067444  -0.703284595   2.000000000
 -0.351590369   7.195033262   3.004499097   2.000000000
 -0.351064790   9.898483585   5.788149681   2.000000000
 -0.350801670  11.249873967   7.180873303   2.000000000
 -0.350274770  13.951975272   9.968107005   2.000000000
 -0.350010991  15.302682237  11.362613002   2.000000000
 -0.349306511  18.903429072  15.084174785   2.000000000
 -0.352595848   2.399250586  -2.510464022   2.000000000
 -0.352421296   3.301029242  -1.584328106   2.000000000
 -0.352071894   5.104300776   0.268754767   2.000000000
 -0.351984481   5.555058614   0.732193930   2.000000000
 -0.351722097   6.907187040   2.122914676   2.000000000
 -0.351634587   7.357847849   2.586622366   2.000000000
 -0.351459492   8.259096160   3.514238589   2.000000000
 -0.351284299   9.160246120   4.442121981   2.000000000
 -0.349879233  16.365834577  11.874734395   2.000000000
 -0.349703162  17.266073000  12.804995100   2.000000000
 -0.349615090  17.716153125  13.270223366   2.000000000
 -0.352814505   1.660179795  -3.854162808   2.000000000
 -0.352640052   2.562052938  -2.928298969   2.000000000
 -0.351766301   7.069988191   1.705075711   2.000000000
 -0.350890091  11.575485831   6.345154511   2.000000000
 -0.350626751  12.926648833   7.738474175   2.000000000
 -0.349923437  16.528630333  11.456894372   2.000000000
 -0.349571197  18.329001410  13.317677746   2.000000000
 -0.353207305   0.018941756  -6.122867856   2.000000000
 -0.352945884   1.371997099  -4.734788376   2.000000000
 -0.352160286   5.429890700  -0.566882894   2.000000000
 -0.351897976   6.782090894   0.823634231   2.000000000
 -0.351635445   8.134072283   2.214755610   2.000000000
 -0.351372692   9.485832886   3.606479206   2.000000000
 -0.351197401  10.386882928   4.534628436   2.000000000
 -0.350934281  11.738271156   5.927351196   2.000000000
 -0.350495258  13.990081555   8.249880993   2.000000000
 -0.350319478  14.890627851   9.179354974   2.000000000
 -0.350055626  16.241254834  10.574059057   2.000000000
 -0.353425636  -0.720435833  -7.465667895   2.000000000
 -0.353164364   0.632759118  -6.077999615   2.000000000
 -0.352902870   1.985744430  -4.689717378   2.000000000
 -0.352641152   3.338518122  -3.300823219   2.000000000
 -0.352029613   6.494155943  -0.057701940   2.000000000
 -0.351854666   7.395549663   0.869510446   2.000000000
 -0.351767155   7.846209925   1.333217263   2.000000000
 -0.350715116  13.252204006   6.902904691   2.000000000
 -0.350539434  14.152851611   7.832114950   2.000000000
 -0.350275727  15.503631590   9.226424755   2.000000000
 -0.353643853  -1.459918942  -8.808153362   2.000000000
 -0.353034220   1.697534984  -5.570266194   2.000000000
 -0.352423374   4.853839575  -2.329043002   2.000000000
 -0.352336011   5.304644944  -1.865740293   2.000000000
 -0.349967940  17.467064835  10.668696265   2.000000000
 -0.353252672   0.958270430  -6.913399170   2.000000000
 -0.353165532   1.409288467  -6.450708170   2.000000000
 -0.353078367   1.860283727  -5.987948361   2.000000000
 -0.352554859   4.565758202  -3.209963747   2.000000000
 -0.352380158   5.467392569  -2.283426852   2.000000000
 -0.352292771   5.918173808  -1.820057014   2.000000000
 -0.353732132  -1.134433818  -9.643469655   2.000000000
 -0.353383920   0.669964652  -7.793664132   2.000000000
 -0.352948097   2.924938110  -5.479870745   2.000000000
 -0.352860858   3.375862377  -5.016907690   2.000000000
 -0.352511655   5.179321584  -3.164377402   2.000000000
 -0.352424292   5.630126597  -2.701075645   2.000000000
 -0.352336905   6.080907643  -2.237706268   2.000000000
 -0.352249493   6.531664476  -1.774269524   2.000000000
 -0.353602195  -0.069466079  -9.136306666   2.000000000
 -0.353340924   1.283727906  -7.748647097   2.000000000
 -0.353646300   0.093242778  -9.553871390   2.000000000
 -0.353210725   2.348448978  -7.240767440   2.000000000
 -0.354038402  -1.548642632 -11.820643907   2.000000000
 -0.353777431  -0.195172307 -10.433812349   2.000000000
 -0.353516235   1.158090546  -9.046362902   2.000000000
 -0.353429121   1.609131428  -8.583743091   2.000000000
 -0.353647402   0.869707310  -9.926404542   2.000000000
 -0.354039576  -0.772112137 -12.193369586   2.000000000
 -0.353865570   0.130178299 -11.268749641   2.000000000
 -0.354344445  -1.963063398 -13.997189215   2.000000000
 -0.354083624  -0.609456788 -12.610779168   2.000000000
 -0.354127659  -0.446814920 -13.028150491   2.000000000
 -0.354258645  -0.735365335 -13.907686973   2.000000000
 -0.354084690   0.166969291 -12.983211143   2.000000000
 -0.354694253  -2.215092485 -16.590352635   2.000000000
 -0.354520498  -1.312575142 -15.666432705   2.000000000
 -0.354564476  -1.149986788 -16.083647538   2.000000000
 -0.354303657   0.203617449 -14.697252428   2.000000000
 -0.354826145  -1.727366913 -17.841875049   2.000000000
 -0.354739280  -1.276096991 -17.379952590   2.000000000
 -0.354565476  -0.373627054 -16.455901527   2.000000000
 -0.354783216  -1.113549013 -17.797050719   2.000000000
 -0.354914002  -1.402284087 -18.676030403   2.000000000
 -0.355088642  -1.528546276 -19.971878515   2.000000000
 -0.354828050  -0.174740972 -18.586126855   2.000000000
 -0.354958819  -0.463492697 -19.465056642   2.000000000
 -0.355263200  -1.654884358 -21.267497130   2.000000000
 -0.355176387  -1.203571427 -20.805721736   2.000000000
 -0.355220238  -1.041104382 -21.222585106   2.000000000
 -0.355046536  -0.138546103 -20.298827114   2.000000000
 -0.354872733   0.763920262 -19.374792047   2.000000000
 -0.355134196   0.186345955 -21.132442185   2.000000000
 -0.354960395   1.088811052 -20.208411942   2.000000000
 -0.355004204   1.251235917 -20.625163561   2.000000000
 -0.354917266   1.702434628 -20.163044630   2.000000000
 -0.355048000   1.413647077 -21.041876244   2.000000000
  0.044286932   6.998589215 -13.317331174   3.000000000
  0.044549434   8.349560940 -11.921377212   3.000000000
  0.044636940   8.799835831 -11.455923795   3.000000000
  0.044724450   9.250086107 -10.990402775   3.000000000
  0.044023064   6.423964297 -15.083896482   3.000000000
  0.044285546   7.775080572 -13.688352397   3.000000000
  0.044635566   9.576226772 -11.826677072   3.000000000
  0.044810595  10.476651966 -10.895433624   3.000000000
  0.045073160  11.827103129  -9.498063027   3.000000000
  0.043628692   4.785190443 -17.361742869   3.000000000
  0.043803652   5.686151352 -16.431994748   3.000000000
  0.044153610   7.487784083 -14.571679607   3.000000000
  0.044416111   8.838753175 -13.175729301   3.000000000
  0.044941196  11.540026008 -10.382001564   3.000000000
  0.045028721  11.990151014  -9.916144339   3.000000000
  0.043584256   4.948229663 -17.779779256   3.000000000
  0.043934188   6.750054258 -15.920012053   3.000000000
  0.044021679   7.200450039 -15.454899714   3.000000000
  0.044109173   7.650821622 -14.989719214   3.000000000
  0.044809237  11.252910709 -11.265834217   3.000000000
  0.044896759  11.703060428 -10.800044470   3.000000000
  0.043364874   4.210199606 -19.127249184   3.000000000
  0.043452346   4.660739303 -18.662547523   3.000000000
  0.043714780   6.012215065 -17.268031460   3.000000000
  0.043802265   6.462658993 -16.803055967   3.000000000
  0.043889753   6.913078688 -16.338012316   3.000000000
  0.044064738   7.813845428 -15.407720488   3.000000000
  0.044152235   8.264192241 -14.942472552   3.000000000
  0.044239735   8.714514613 -14.477156671   3.000000000
  0.044414745   9.615085830 -13.546321292   3.000000000
  0.044502254  10.065334442 -13.080802034   3.000000000
  0.044589767  10.515558406 -12.615215046   3.000000000
  0.044939848  12.316205202 -10.752192467   3.000000000
  0.043495388   5.274267138 -18.615736738   3.000000000
  0.043845319   7.076089396 -16.755974180   3.000000000
  0.044020304   7.976855486 -15.825683392   3.000000000
  0.044457821  10.228342718 -13.498767139   3.000000000
  0.044545333  10.678566299 -13.033180523   3.000000000
  0.044632849  11.128764978 -12.567526409   3.000000000
  0.045070472  13.379383747 -10.238244494   3.000000000
  0.043188542   4.085647905 -20.427758705   3.000000000
  0.043713401   6.788667313 -17.638940136   3.000000000
  0.043800888   7.239086369 -17.173897607   3.000000000
  0.043888379   7.689481188 -16.708786862   3.000000000
  0.044063370   8.590197902 -15.778360935   3.000000000
  0.044150870   9.040519566 -15.313045995   3.000000000
  0.044238373   9.490816785 -14.847663052   3.000000000
  0.044500902  10.841560346 -13.451107677   3.000000000
  0.044675936  11.741931996 -12.519732642   3.000000000
  0.044850982  12.642203848 -11.588087681   3.000000000
  0.043056648   3.798046840 -21.310201349   3.000000000
  0.043144113   4.248633320 -20.845639105   3.000000000
  0.043319053   5.149734831 -19.916308566   3.000000000
  0.043843949   7.852464062 -17.126672372   3.000000000
  0.043931443   8.302834297 -16.661493934   3.000000000
  0.044018940   8.753180053 -16.196247497   3.000000000
  0.044106440   9.203501342 -15.730933048   3.000000000
  0.044193944   9.653798176 -15.265550574   3.000000000
  0.044631506  11.904911336 -12.937622167   3.000000000
  0.044894079  13.255280093 -11.540054702   3.000000000
  0.043624544   7.114620686 -18.474670346   3.000000000
  0.043712031   7.565039049 -18.009628995   3.000000000
  0.043799522   8.015433157 -17.544519383   3.000000000
  0.043887016   8.465803021 -17.079341495   3.000000000
  0.043974512   8.916148397 -16.614095587   3.000000000
  0.044149516   9.816765734 -15.683399652   3.000000000
  0.044237022  10.267037462 -15.217949867   3.000000000
  0.044499559  11.617704267 -13.821193881   3.000000000
  0.044937182  13.868316349 -11.491916617   3.000000000
  0.043230200   5.475663391 -20.751956400   3.000000000
  0.043492634   6.827134456 -19.357450089   3.000000000
  0.043580118   7.277576730 -18.892477620   3.000000000
  0.043667605   7.727994726 -18.427436880   3.000000000
  0.043755096   8.178388458 -17.962327856   3.000000000
  0.044017587   9.529423417 -16.566591744   3.000000000
  0.044105090   9.979719443 -16.101210249   3.000000000
  0.044455133  11.780656242 -14.239006240   3.000000000
  0.044542651  12.230828292 -13.773286064   3.000000000
  0.044630173  12.680975431 -13.307498271   3.000000000
  0.044805225  13.581194251 -12.375720587   3.000000000
  0.042923373   4.286921924 -22.563608409   3.000000000
  0.043098306   5.188069205 -21.634419789   3.000000000
  0.043273252   6.089121152 -20.704956125   3.000000000
  0.043360729   6.539611148 -20.240121385   3.000000000
  0.043448210   6.990077090 -19.775218111   3.000000000
  0.043623182   7.890936608 -18.845206174   3.000000000
  0.043798166   8.791699031 -17.914921009   3.000000000
  0.043885663   9.242043605 -17.449676199   3.000000000
  0.043973162   9.692363686 -16.984363310   3.000000000
  0.044060666  10.142659287 -16.518982327   3.000000000
  0.044148172  10.592930161 -16.053533505   3.000000000
  0.044235681  11.043176322 -15.588016830   3.000000000
  0.044323193  11.493397783 -15.122432289   3.000000000
  0.044410708  11.943594297 -14.656780137   3.000000000
  0.044498227  12.393765879 -14.191060358   3.000000000
  0.042878952   4.449852905 -22.981333329   3.000000000
  0.043316308   6.702540377 -20.657850066   3.000000000
  0.043403788   7.153005942 -20.192947476   3.000000000
  0.043491273   7.603447458 -19.727976316   3.000000000
  0.043578760   8.053864679 -19.262936840   3.000000000
  0.043666250   8.504257617 -18.797829034   3.000000000
  0.043753744   8.954626286 -18.332652884   3.000000000
  0.043928740   9.855290091 -17.402096305   3.000000000
  0.044016243  10.305585253 -16.936715847   3.000000000
  0.044103749  10.755855679 -16.471267528   3.000000000
  0.044191258  11.206101384 -16.005751334   3.000000000
  0.044278771  11.656322379 -15.540167250   3.000000000
  0.044716377  13.907052514 -13.211232849   3.000000000
  0.044891441  14.807168487 -12.279187090   3.000000000
  0.043096936   5.964453245 -22.005138096   3.000000000
  0.043359369   7.315920996 -20.610638146   3.000000000
  0.043534340   8.216778925 -19.680628838   3.000000000
  0.043621830   8.667171446 -19.215521663   3.000000000
  0.043796820   9.567883408 -18.285102468   3.000000000
  0.044146838  11.369012524 -16.423447269   3.000000000
  0.044234350  11.819233040 -15.957863658   3.000000000
  0.044321865  12.269428593 -15.492212389   3.000000000
  0.044496905  13.169744858 -14.560706826   3.000000000
  0.042877580   5.226258231 -23.352109288   3.000000000
  0.043402435   7.929262942 -20.563320288   3.000000000
  0.043839902  10.181101245 -18.237446425   3.000000000
  0.043927404  10.631395488 -17.772067061   3.000000000
  0.044102419  11.531909728 -16.841104599   3.000000000
  0.044277446  12.432324802 -15.909870668   3.000000000
  0.044627537  14.232854761 -14.046591181   3.000000000
  0.043008103   6.290244316 -22.840398742   3.000000000
  0.043183054   7.191245300 -21.910803699   3.000000000
  0.043270535   7.641709652 -21.445903247   3.000000000
  0.043882988  10.794279727 -18.189684679   3.000000000
  0.043970494  11.244548728 -17.724237954   3.000000000
  0.044058003  11.694792981 -17.258723285   3.000000000
  0.044145515  12.145012498 -16.793140660   3.000000000
  0.044495593  13.945640621 -14.930133266   3.000000000
  0.044583120  14.395734842 -14.464212529   3.000000000
  0.043401091   8.705438564 -20.933472450   3.000000000
  0.043926079  11.407418527 -18.141817420   3.000000000
  0.044101100  12.307881264 -17.210721178   3.000000000
  0.044363654  13.658388364 -15.813568440   3.000000000
  0.043181708   7.967442939 -22.281013107   3.000000000
  0.043269192   8.417882320 -21.816045468   3.000000000
  0.043531662   9.769054477 -20.420731918   3.000000000
  0.043706658  10.669713614 -19.490181360   3.000000000
  0.044144202  12.920929499 -17.162613659   3.000000000
  0.043399758   9.481532487 -21.303403678   3.000000000
  0.043662247  10.832556514 -19.907682120   3.000000000
  0.044012275  12.633576798 -18.045766057   3.000000000
  0.044362353  14.434198248 -16.182764327   3.000000000
  0.043530339  10.545069188 -20.790452146   3.000000000
  0.043792846  11.895944059 -19.394323258   3.000000000
  0.043967866  12.796403536 -18.463230341   3.000000000
  0.440809624 -16.984541123 -10.031640721   4.000000000
  0.441336441 -14.286373420  -7.246410760   4.000000000
  0.441028916 -15.471584242  -9.059107781   4.000000000
  0.441116709 -15.021899265  -8.594867924   4.000000000
  0.441204485 -14.572237108  -8.130560099   4.000000000
  0.441467702 -13.223382247  -6.737223328   4.000000000
  0.441643089 -12.324256511  -5.807988937   4.000000000
  0.441730755 -11.874727632  -5.343269539   4.000000000
  0.440809065 -16.207257211 -10.407113267   4.000000000
  0.440984706 -15.307822158  -9.478842891   4.000000000
  0.441160276 -14.408473812  -8.550295792   4.000000000
  0.441335772 -13.509213622  -7.621473464   4.000000000
  0.441423493 -13.059617200  -7.156959724   4.000000000
  0.441511196 -12.610043037  -6.692377403   4.000000000
  0.441774194 -11.261453965  -5.298218825   4.000000000
  0.440676997 -16.493260540 -11.290842882   4.000000000
  0.440764845 -16.043508871 -10.826810814   4.000000000
  0.441203813 -13.795081770  -8.505618570   4.000000000
  0.441291553 -13.345461729  -8.041172843   4.000000000
  0.441466976 -12.446290030  -7.112077211   4.000000000
  0.440632767 -16.329525321 -11.710503103   4.000000000
  0.441071826 -14.080984890  -9.389656641   4.000000000
  0.441159584 -13.631343027  -8.925280845   4.000000000
  0.441422746 -12.282549645  -7.531740205   4.000000000
  0.441598097 -11.383465394  -6.602369937   4.000000000
  0.441685745 -10.933957407  -6.137582612   4.000000000
  0.440500660 -16.615576325 -12.594087454   4.000000000
  0.440588526 -16.165802615 -12.130126343   4.000000000
  0.440852017 -14.816611111 -10.737826903   4.000000000
  0.441027586 -13.917259294  -9.809281720   4.000000000
  0.441378506 -12.118821896  -7.951366345   4.000000000
  0.441466191 -11.669267612  -7.486715211   4.000000000
  0.440456409 -16.451866738 -13.013673226   4.000000000
  0.440544276 -16.002092437 -12.549712565   4.000000000
  0.440632124 -15.552338981 -12.085681737   4.000000000
  0.440895560 -14.203211321 -10.693176136   4.000000000
  0.440983335 -13.753546294 -10.228869851   4.000000000
  0.441158832 -12.854281673  -9.300049771   4.000000000
  0.441421940 -11.505552012  -7.906304683   4.000000000
  0.441684884 -10.157024314  -6.511942913   4.000000000
  0.440500014 -15.838394802 -12.969261730   4.000000000
  0.440763505 -14.489199899 -11.576964760   4.000000000
  0.441202292 -12.240981155  -9.255089079   4.000000000
  0.441289995 -11.791404368  -8.790507915   4.000000000
  0.441465345 -10.892317130  -7.861138914   4.000000000
  0.440279992 -16.574282262 -14.316623837   4.000000000
  0.440455743 -15.674709725 -13.388773799   4.000000000
  0.440807027 -13.875824223 -11.532240686   4.000000000
  0.441245723 -11.627714618  -9.210023267   4.000000000
  0.441333408 -11.178158868  -8.745372842   4.000000000
  0.441508722 -10.279116543  -7.815868157   4.000000000
  0.441683963  -9.380163772  -6.886088922   4.000000000
  0.440411461 -15.511037220 -13.808248734   4.000000000
  0.440455017 -14.897621656 -13.763657520   4.000000000
  0.440630659 -13.998177612 -12.835393551   4.000000000
  0.440718453 -13.548487636 -12.371156927   4.000000000
  0.440893986 -12.649175593 -11.442478343   4.000000000
  0.440981726 -12.199551946 -10.978034751   4.000000000
  0.441069447 -11.749951419 -10.513523213   4.000000000
  0.441332500 -10.401283245  -9.119575434   4.000000000
  0.441420148  -9.951772475  -8.654789300   4.000000000
  0.440322867 -15.183729990 -14.647087048   4.000000000
  0.440410715 -14.733973828 -14.183058570   4.000000000
  0.440586357 -13.834528784 -13.254795530   4.000000000
  0.440937423 -12.035901224 -11.397438313   4.000000000
  0.441200531 -10.687164515 -10.003697543   4.000000000
  0.441375846  -9.788119585  -9.074194329   4.000000000
  0.441463476  -9.338630167  -8.609339068   4.000000000
  0.440542044 -13.670892615 -13.674160301   4.000000000
  0.440629838 -13.221201679 -13.209924552   4.000000000
  0.440717613 -12.771533660 -12.745620583   4.000000000
  0.440980831 -11.422661800 -11.352293879   4.000000000
  0.440322079 -14.406716083 -15.021748927   4.000000000
  0.440585515 -13.057577724 -13.629252537   4.000000000
  0.440761047 -12.158262923 -12.700576413   4.000000000
  0.440848787 -11.708637937 -12.236133949   4.000000000
  0.441024211 -10.809456613 -11.307044161   4.000000000
  0.440277745 -14.243106195 -15.441038157   4.000000000
  0.440365575 -13.793371292 -14.976942768   4.000000000
  0.440892174 -11.095423151 -12.190915848   4.000000000
  0.440496837 -12.730367938 -14.467796660   4.000000000
  0.839545173  -2.168511682  14.119071217   5.000000000
  0.839242294  -3.344831100  12.300138752   5.000000000
  0.839415053  -2.451588465  13.233575513   5.000000000
  0.839025550  -4.074678184  10.948319319   5.000000000
  0.839284870  -2.734703177  12.348180404   5.000000000
  0.839371230  -2.288093908  12.814932240   5.000000000
  0.839630068  -0.948414150  14.215581283   5.000000000
  0.839888544   0.391041882  15.616818901   5.000000000
  0.838895183  -4.357904835  10.063220900   5.000000000
  0.838981704  -3.911197480  10.529709986   5.000000000
  0.839068184  -3.464514482  10.996265023   5.000000000
  0.839327384  -2.124612283  12.396325175   5.000000000
  0.839413704  -1.678027361  12.863143350   5.000000000
  0.839283516  -1.961143605  11.977754358   5.000000000
  0.839369835  -1.514558489  12.444573142   5.000000000
  0.839456115  -1.067998189  12.911457431   5.000000000
  0.839714712   0.271533684  14.312503195   5.000000000
  0.839800831   0.717994333  14.779649103   5.000000000
  0.839886909   1.164429974  15.246860314   5.000000000
  0.838893944  -3.584274763   9.692600270   5.000000000
  0.838980424  -3.137591320  10.159156331   5.000000000
  0.839498464  -0.458006461  12.959874562   5.000000000
  0.839843019   1.327886769  14.828330428   5.000000000
  0.839929058   1.774297276  15.295607443   5.000000000
  0.838330304  -6.101444371   6.476149551   5.000000000
  0.838590347  -4.761029824   7.874826644   5.000000000
  0.838676948  -4.314273241   8.341184908   5.000000000
  0.838763509  -3.867540812   8.807609433   5.000000000
  0.838936510  -2.974149135   9.740656516   5.000000000
  0.839022951  -2.527489861  10.207279101   5.000000000
  0.839195711  -1.634245149  11.140721619   5.000000000
  0.839368311  -0.741099055  12.074427091   5.000000000
  0.839713028   1.044894610  13.942624105   5.000000000
  0.840143018   3.276821192  16.279338218   5.000000000
  0.838112805  -6.831746749   5.125563497   5.000000000
  0.838199606  -6.384869712   5.591590148   5.000000000
  0.838286367  -5.938016646   6.057683284   5.000000000
  0.838719573  -3.704111965   8.389145094   5.000000000
  0.838806093  -3.257403736   8.855636079   5.000000000
  0.838979015  -2.364060447   9.788816190   5.000000000
  0.839065415  -1.917425618  10.255505074   5.000000000
  0.839238095  -1.024229784  11.189080301   5.000000000
  0.839410615  -0.131133066  12.122918090   5.000000000
  0.839496814   0.315378062  12.589935378   5.000000000
  0.840013166   2.993917710  15.393410483   5.000000000
  0.838242408  -5.774601791   5.639253560   5.000000000
  0.838329129  -5.327772454   6.105413520   5.000000000
  0.838502451  -4.434185886   7.037932787   5.000000000
  0.838848615  -2.647303633   8.903766139   5.000000000
  0.839107817  -1.307398661  10.303834329   5.000000000
  0.839194137  -0.860812903  10.770655409   5.000000000
  0.839280417  -0.414251998  11.237542086   5.000000000
  0.839366657   0.032284068  11.704494371   5.000000000
  0.839539016   0.925281479  12.638595556   5.000000000
  0.839625135   1.371742592  13.105744214   5.000000000
  0.839711214   1.818178661  13.572958267   5.000000000
  0.839883251   2.710974949  14.507581806   5.000000000
  0.839969209   3.157335450  14.974991588   5.000000000
  0.838024863  -6.504930864   4.288739492   5.000000000
  0.838198426  -5.611199822   5.220860418   5.000000000
  0.838371829  -4.717564681   6.153247517   5.000000000
  0.838458470  -4.270783298   6.619540647   5.000000000
  0.838631632  -3.377293101   7.552325867   5.000000000
  0.838718153  -2.930584517   8.018817717   5.000000000
  0.838804634  -2.483900346   8.485375654   5.000000000
  0.839063836  -1.143994942   9.885445323   5.000000000
  0.839150156  -0.697409058  10.352266942   5.000000000
  0.839322676   0.195688139  11.286107049   5.000000000
  0.839495035   1.088685740  12.220209470   5.000000000
  0.839581154   1.535146936  12.687358780   5.000000000
  0.838067660  -5.894664490   4.336409892   5.000000000
  0.838327824  -4.554175218   5.734891611   5.000000000
  0.838414466  -4.107393652   6.201185084   5.000000000
  0.838501067  -3.660636289   6.667544895   5.000000000
  0.838587628  -3.213903115   7.133971058   5.000000000
  0.838760630  -2.320510054   8.067021688   5.000000000
  0.838933471  -1.427214881   9.000336547   5.000000000
  0.839019832  -0.980604259   9.467092794   5.000000000
  0.839106152  -0.534018263   9.933914937   5.000000000
  0.839451032   1.252076897  11.801859789   5.000000000
  0.839537151   1.698538160  12.269009737   5.000000000
  0.838197116  -4.837604659   4.850344881   5.000000000
  0.838543601  -3.050526112   6.715652835   5.000000000
  0.838630123  -2.603817228   7.182145491   5.000000000
  0.838716604  -2.157132773   7.648704281   5.000000000
  0.838803045  -1.710472736   8.115329218   5.000000000
  0.838889445  -1.263837358   8.582020047   5.000000000
  0.838975806  -0.817226629   9.048776781   5.000000000
  0.839148407   0.075920683   9.982487751   5.000000000
  0.839234647   0.522457034  10.449441745   5.000000000
  0.839320847   0.968968532  10.916461431   5.000000000
  0.839493126   1.861916252  11.850697124   5.000000000
  0.837805941  -6.461705526   2.567817382   5.000000000
  0.838066345  -5.121071376   3.965900860   5.000000000
  0.838412991  -3.333895572   5.830944340   5.000000000
  0.838586074  -2.440453094   6.763864276   5.000000000
  0.838672555  -1.993768519   7.230423470   5.000000000
  0.838845397  -1.100472888   8.163740114   5.000000000
  0.838931757  -0.653862065   8.630497321   5.000000000
  0.839018078  -0.207275884   9.097320470   5.000000000
  0.839104358   0.239285409   9.564209305   5.000000000
  0.839190599   0.685821827  10.031163841   5.000000000
  0.839276799   1.132333385  10.498184091   5.000000000
  0.839449078   2.025281195  11.432420979   5.000000000
  0.839535157   2.471717475  11.899637645   5.000000000
  0.837848710  -5.851453693   2.615531565   5.000000000
  0.838108995  -4.510890823   4.013815800   5.000000000
  0.838455481  -2.723811116   5.879126302   5.000000000
  0.838542002  -2.277101986   6.345619709   5.000000000
  0.838714925  -1.383757056   7.278805072   5.000000000
  0.838974007  -0.043924330   8.679078084   5.000000000
  0.839146528   0.849173499   9.612922486   5.000000000
  0.839663125   3.527865885  12.416028965   5.000000000
  0.839920880   4.866870011  13.818463037   5.000000000
  0.837891417  -5.241238221   2.663349805   5.000000000
  0.838151582  -3.900746943   4.061834664   5.000000000
  0.838238224  -3.453964780   4.528129365   5.000000000
  0.838584390  -1.667079145   6.393971791   5.000000000
  0.838670831  -1.220418813   6.860597969   5.000000000
  0.838757232  -0.773783167   7.327290106   5.000000000
  0.838843593  -0.327172196   7.794048216   5.000000000
  0.838929914   0.119414114   8.260872314   5.000000000
  0.839016194   0.565975519   8.727762144   5.000000000
  0.839102434   1.012512032   9.194717719   5.000000000
  0.839188635   1.459023666   9.661739053   5.000000000
  0.839704991   4.137565051  12.465241775   5.000000000
  0.837673657  -5.971695067   1.313186679   5.000000000
  0.837934062  -4.631059437   2.711271912   5.000000000
  0.838194107  -3.290640064   4.109957261   5.000000000
  0.838367271  -2.397148234   5.042746575   5.000000000
  0.838713116  -0.610457946   6.909120107   5.000000000
  0.838799477  -0.163846921   7.375878648   5.000000000
  0.838885798   0.282739434   7.842703198   5.000000000
  0.838972078   0.729300874   8.309593504   5.000000000
  0.839058319   1.175837414   8.776549577   5.000000000
  0.839144519   1.622349065   9.243571433   5.000000000
  0.839230679   2.068835585   9.710658815   5.000000000
  0.839574917   3.854529831  11.579663076   5.000000000
  0.839832673   5.193533732  12.982101269   5.000000000
  0.838323132  -2.233836372   4.624611860   5.000000000
  0.838496135  -1.340442055   5.557666958   5.000000000
  0.838755338  -0.000534773   6.957745786   5.000000000
  0.838841659   0.446051613   7.424570775   5.000000000
  0.838927940   0.892613075   7.891461542   5.000000000
  0.839444780   3.571456370  10.694185273   5.000000000
  0.839702657   4.910536829  12.096430184   5.000000000
  0.839788535   5.356845665  12.563975170   5.000000000
  0.837672198  -5.198183448   0.942912455   5.000000000
  0.837845761  -4.304449736   1.875036796   5.000000000
  0.838192408  -2.517271537   3.740085480   5.000000000
  0.838538415  -0.730482648   5.606196993   5.000000000
  0.838624816  -0.283846857   6.072890310   5.000000000
  0.838883779   1.055912108   7.473366297   5.000000000
  0.838970020   1.502448660   7.940323325   5.000000000
  0.839056220   1.948960306   8.407346180   5.000000000
  0.839142380   2.395446803   8.874434607   5.000000000
  0.839314580   3.288344398   9.808808232   5.000000000
  0.837974981  -3.247526707   2.389366238   5.000000000
  0.838148225  -2.353985894   3.322024161   5.000000000
  0.838321308  -1.460542379   4.254947950   5.000000000
  0.838580632  -0.120561018   5.654830590   5.000000000
  0.838753315   0.772636491   6.588416161   5.000000000
  0.838925836   1.665734494   7.522265291   5.000000000
  0.839012037   2.112246118   7.989288624   5.000000000
  0.839184317   3.005193901   8.923532089   5.000000000
  0.839270397   3.451630088   9.390752247   5.000000000
  0.839442436   4.344426344  10.325388677   5.000000000
  0.837844093  -3.531061166   1.505111987   5.000000000
  0.837930774  -3.084254266   1.971341374   5.000000000
  0.838104018  -2.190713340   2.903999750   5.000000000
  0.838277102  -1.297269748   3.836924081   5.000000000
  0.838967831   2.275518703   7.571267833   5.000000000
  0.839140112   3.168466387   8.505512294   5.000000000
  0.839655988   5.846701576  11.309816470   5.000000000
  0.838232873  -1.134010249   3.418937130   5.000000000
  0.838405796  -0.240664644   4.352127325   5.000000000
  0.838923603   2.438778049   7.153283845   5.000000000
  0.839009764   2.885264409   7.620373732   5.000000000
  0.839095884   3.331725605   8.087529273   5.000000000
  0.839439963   5.117317734   9.956806901   5.000000000
  0.837928936  -2.310965946   1.601698911   5.000000000
  0.838188622  -0.970763896   3.000987133   5.000000000
  0.838275103  -0.524078848   3.467549332   5.000000000
  0.838965513   3.048510425   7.202427044   5.000000000
  0.837971264  -1.700974366   1.650148342   5.000000000
  0.838490035   0.979061624   4.449721604   5.000000000
  0.838748878   2.318745562   5.850401327   5.000000000
  0.838921240   3.211743158   6.784517221   5.000000000
  0.838013530  -1.091020231   1.698701854   5.000000000
  0.838100052  -0.644310691   2.165198159   5.000000000
  0.838532060   1.588867689   4.498674424   5.000000000
  0.838011392  -0.317910251   1.329557465   5.000000000
