 0.028662240 -0.057159884 -0.184222319  1.000000000
 0.028704599 -0.057272816 -0.184674088  1.000000000
 0.028691991 -0.057239469 -0.184540784  1.000000000
 0.028676689 -0.057197880 -0.184374063  1.000000000
 0.028707285 -0.057279742 -0.184701677  1.000000000
 0.028746958 -0.057386088 -0.185127352  1.000000000
 0.028742741 -0.057374934 -0.185082762  1.000000000
 0.028729802 -0.057340476 -0.184944924  1.000000000
 0.028638935 -0.057098029 -0.183974903  1.000000000
 0.028670277 -0.057180612 -0.184304880  1.000000000
 0.028709565 -0.057285698 -0.184725426  1.000000000
 0.028775449 -0.057462076 -0.185431333  1.000000000
 0.028779966 -0.057474260 -0.185480131  1.000000000
 0.028775737 -0.057463076 -0.185435421  1.000000000
 0.028762770 -0.057428541 -0.185297276  1.000000000
 0.028671711 -0.057185581 -0.184325201  1.000000000
 0.028568064 -0.056908869 -0.183218029  1.000000000
 0.028737582 -0.057360537 -0.185024854  1.000000000
 0.028768288 -0.057442693 -0.185353643  1.000000000
 0.028790296 -0.057501611 -0.185589449  1.000000000
 0.028790864 -0.057503585 -0.185597520  1.000000000
 0.028769138 -0.057445649 -0.185365734  1.000000000
 0.028699641 -0.057260183 -0.184623682  1.000000000
 0.028616785 -0.057037418 -0.183731728  1.000000000
 0.028673308 -0.057188554 -0.184336538  1.000000000
 0.028721311 -0.057316926 -0.184850261  1.000000000
 0.028760718 -0.057422330 -0.185272076  1.000000000
 0.028791464 -0.057504595 -0.185601304  1.000000000
 0.028813502 -0.057563590 -0.185837417  1.000000000
 0.028831321 -0.057611429 -0.186028930  1.000000000
 0.028827074 -0.057600195 -0.185984022  1.000000000
 0.028814060 -0.057565538 -0.185845384  1.000000000
 0.028792301 -0.057507512 -0.185613240  1.000000000
 0.028722699 -0.057321769 -0.184870076  1.000000000
 0.028618716 -0.057044158 -0.183759303  1.000000000
 0.028634863 -0.057085698 -0.183924878  1.000000000
 0.028691447 -0.057236996 -0.184530338  1.000000000
 0.028739501 -0.057365505 -0.185044608  1.000000000
 0.028778950 -0.057471019 -0.185466866  1.000000000
 0.028849621 -0.057660302 -0.186224453  1.000000000
 0.028780043 -0.057474850 -0.185482542  1.000000000
 0.028740865 -0.057370282 -0.185064159  1.000000000
 0.028693079 -0.057242713 -0.184553735  1.000000000
 0.028648065 -0.057120947 -0.184065888  1.000000000
 0.028792261 -0.057506562 -0.185609049  1.000000000
 0.028823062 -0.057588973 -0.185938857  1.000000000
 0.028858450 -0.057683753 -0.186318207  1.000000000
 0.028823869 -0.057591810 -0.185950472  1.000000000
 0.028793335 -0.057510339 -0.185624508  1.000000000
 0.028754123 -0.057405679 -0.185205755  1.000000000
 0.028706295 -0.057277998 -0.184694887  1.000000000
 0.028585113 -0.056954431 -0.183400218  1.000000000
 0.028656378 -0.057143134 -0.184154628  1.000000000
 0.028800641 -0.057528926 -0.185698496  1.000000000
 0.028866856 -0.057706186 -0.186407931  1.000000000
 0.028871386 -0.057718403 -0.186456859  1.000000000
 0.028867121 -0.057707120 -0.186411754  1.000000000
 0.028854067 -0.057672356 -0.186272690  1.000000000
 0.028801695 -0.057532647 -0.185713732  1.000000000
 0.028593355 -0.056976426 -0.183488191  1.000000000
 0.028594679 -0.056978147 -0.183494349  1.000000000
 0.028804080 -0.057538090 -0.185735125  1.000000000
 0.028856984 -0.057679669 -0.186301739  1.000000000
 0.028874830 -0.057727578 -0.186493531  1.000000000
 0.028870561 -0.057716285 -0.186448388  1.000000000
 0.028805114 -0.057541755 -0.185750134  1.000000000
 0.028765868 -0.057437005 -0.185331022  1.000000000
 0.028718000 -0.057309218 -0.184819728  1.000000000
 0.028523502 -0.056789864 -0.182741664  1.000000000
 0.028802577 -0.057534046 -0.185718902  1.000000000
 0.028855471 -0.057675598 -0.186285406  1.000000000
 0.028868785 -0.057711284 -0.186428247  1.000000000
 0.028803590 -0.057537653 -0.185733679  1.000000000
 0.028764345 -0.057432906 -0.185314578  1.000000000
 0.028595206 -0.056981312 -0.183507656  1.000000000
 0.028586853 -0.056957185 -0.183410393  1.000000000
 0.028651932 -0.057131178 -0.184106665  1.000000000
 0.028708563 -0.057282600 -0.184712618  1.000000000
 0.028756655 -0.057411209 -0.185227285  1.000000000
 0.028849000 -0.057658280 -0.186216066  1.000000000
 0.028866826 -0.057706136 -0.186407647  1.000000000
 0.028827675 -0.057601865 -0.185990538  1.000000000
 0.028757892 -0.057415634 -0.185245421  1.000000000
 0.028575629 -0.056927169 -0.183290241  1.000000000
 0.028697248 -0.057252342 -0.184591499  1.000000000
 0.028784751 -0.057486362 -0.185528012  1.000000000
 0.028837577 -0.057627730 -0.186093780  1.000000000
 0.028855386 -0.057675539 -0.186285170  1.000000000
 0.028851115 -0.057664238 -0.186239994  1.000000000
 0.028838064 -0.057629480 -0.186100951  1.000000000
 0.028816255 -0.057571319 -0.185868265  1.000000000
 0.028698697 -0.057257549 -0.184612842  1.000000000
 0.028642344 -0.057107088 -0.184010819  1.000000000
 0.028504407 -0.056738750 -0.182537002  1.000000000
 0.028768445 -0.057442765 -0.185353518  1.000000000
 0.028821213 -0.057583978 -0.185918661  1.000000000
 0.028834491 -0.057619567 -0.186061115  1.000000000
 0.028769394 -0.057446193 -0.185367571  1.000000000
 0.028603485 -0.057001649 -0.183588232  1.000000000
 0.028707878 -0.057280796 -0.184705316  1.000000000
 0.028777927 -0.057468180 -0.185455213  1.000000000
 0.028799923 -0.057527061 -0.185690868  1.000000000
 0.028813181 -0.057562597 -0.185833107  1.000000000
 0.028813414 -0.057563442 -0.185836570  1.000000000
 0.028778623 -0.057470708 -0.185465583  1.000000000
 0.028748156 -0.057389413 -0.185140324  1.000000000
 0.028605093 -0.057007491 -0.183612194  1.000000000
 0.028681836 -0.057211185 -0.184426726  1.000000000
 0.028751767 -0.057398253 -0.185175359  1.000000000
 0.028786959 -0.057492504 -0.185552588  1.000000000
 0.028774179 -0.057458689 -0.185417402  1.000000000
 0.028682965 -0.057215304 -0.184443628  1.000000000
 0.028514634 -0.056765865 -0.182645326  1.000000000
 0.028650939 -0.057128599 -0.184096217  1.000000000
 0.028720731 -0.057315295 -0.184843363  1.000000000
 0.028755851 -0.057409352 -0.185219813  1.000000000
 0.028760329 -0.057421429 -0.185268178  1.000000000
 0.028615213 -0.057033113 -0.183714089  1.000000000
 0.028724349 -0.057325259 -0.184883313  1.000000000
 0.028707139 -0.057279497 -0.184700282  1.000000000
 0.028616286 -0.057037072 -0.183730346  1.000000000
 0.028613709 -0.057029171 -0.183698315  1.000000000
 0.028644145 -0.057110600 -0.184024191  1.000000000
 0.028679088 -0.057204184 -0.184398748  1.000000000
 0.028683540 -0.057216189 -0.184446827  1.000000000
 0.028644774 -0.057112936 -0.184033785  1.000000000
 0.028583171 -0.056947833 -0.183372878  1.000000000
-0.071663976  0.020237854  0.009028687  2.000000000
-0.072423150  0.020550143  0.009217135  2.000000000
-0.072844808  0.020715062  0.009311358  2.000000000
-0.073631435  0.021038646  0.009506621  2.000000000
-0.073976168  0.021171955  0.009581798  2.000000000
-0.074943804  0.021565737  0.009816780  2.000000000
-0.075897047  0.021953671  0.010048278  2.000000000
-0.076835192  0.022335468  0.010276121  2.000000000
-0.076949618  0.022378255  0.010299295  2.000000000
-0.078663391  0.023079512  0.010720160  2.000000000
-0.079744139  0.023511468  0.010973029  2.000000000
-0.079774066  0.023519528  0.010975277  2.000000000
-0.082108239  0.024481586  0.011556980  2.000000000
-0.082322292  0.024552022  0.011588631  2.000000000
-0.083120838  0.024885557  0.011793000  2.000000000
-0.083714242  0.025135277  0.011947167  2.000000000
-0.084485893  0.025449369  0.012134658  2.000000000
-0.085440068  0.025829393  0.012356288  2.000000000
-0.086186478  0.026124266  0.012526754  2.000000000
-0.086668113  0.026337652  0.012664934  2.000000000
-0.086795414  0.026385291  0.012690761  2.000000000
-0.086892743  0.026411648  0.012698248  2.000000000
-0.088170732  0.026926972  0.013002866  2.000000000
-0.088768857  0.027188561  0.013170295  2.000000000
-0.088883335  0.027226282  0.013187285  2.000000000
-0.067002646  0.018395062  0.007964583  2.000000000
-0.089959727  0.027673316  0.013459713  2.000000000
-0.090059793  0.027700417  0.013467415  2.000000000
-0.066638108  0.018247332  0.007876957  2.000000000
-0.090384376  0.027850492  0.013568203  2.000000000
-0.090516228  0.027899851  0.013594974  2.000000000
-0.090598942  0.027929080  0.013609654  2.000000000
-0.069557755  0.019435395  0.008585749  2.000000000
-0.091146982  0.028142866  0.013731527  2.000000000
-0.091081698  0.028111472  0.013709801  2.000000000
-0.071188457  0.020098923  0.008981610  2.000000000
-0.091584537  0.028316100  0.013831950  2.000000000
-0.091469362  0.028264268  0.013797949  2.000000000
-0.069082342  0.019242531  0.008471192  2.000000000
-0.073972655  0.021231232  0.009656739  2.000000000
-0.092108234  0.028543444  0.013976491  2.000000000
-0.092059890  0.028509550  0.013947434  2.000000000
-0.091944134  0.028457463  0.013913270  2.000000000
-0.071936806  0.020403847  0.009163891  2.000000000
-0.074345786  0.021383268  0.009747625  2.000000000
-0.092338049  0.028645880  0.014043221  2.000000000
-0.092556122  0.028725768  0.014085371  2.000000000
-0.092756991  0.028816450  0.014145107  2.000000000
-0.092993261  0.028894306  0.014180178  2.000000000
-0.092809712  0.028809706  0.014123557  2.000000000
-0.073821114  0.021170580  0.009621389  2.000000000
-0.077343671  0.022602205  0.010474295  2.000000000
-0.093032301  0.028895163  0.014171434  2.000000000
-0.077654106  0.022728673  0.010549897  2.000000000
-0.080923330  0.024056062  0.011339896  2.000000000
-0.093087310  0.028959378  0.014235823  2.000000000
-0.093323234  0.029051288  0.014288101  2.000000000
-0.093762840  0.029212355  0.014373095  2.000000000
-0.059207005  0.014940899  0.005729952  2.000000000
-0.057830050  0.014377712  0.005392212  2.000000000
-0.092410113  0.028695280  0.014085508  2.000000000
-0.092795676  0.028848542  0.014174668  2.000000000
-0.093131985  0.028981603  0.014251679  2.000000000
-0.093418597  0.029094285  0.014316438  2.000000000
-0.094061696  0.029338699  0.014451483  2.000000000
-0.094011140  0.029303722  0.014421666  2.000000000
-0.093892830  0.029250530  0.014386801  2.000000000
-0.093724079  0.029176699  0.014339554  2.000000000
-0.078200774  0.022951354  0.010683015  2.000000000
-0.080424811  0.023854557  0.011220679  2.000000000
-0.083513713  0.025107745  0.011965898  2.000000000
-0.088672723  0.027195455  0.013204017  2.000000000
-0.090680923  0.028004664  0.013681749  2.000000000
-0.091790518  0.028450047  0.013943600  2.000000000
-0.092709610  0.028817257  0.014158414  2.000000000
-0.094195213  0.029373615  0.014460326  2.000000000
-0.059635032  0.015114187  0.005832881  2.000000000
-0.086529269  0.026329847  0.012691867  2.000000000
-0.092058683  0.028559269  0.014008893  2.000000000
-0.094553463  0.029543495  0.014576719  2.000000000
-0.094655221  0.029570854  0.014584305  2.000000000
-0.094586975  0.029538140  0.014561719  2.000000000
-0.094077656  0.029315360  0.014419185  2.000000000
-0.093807294  0.029199958  0.014347004  2.000000000
-0.059818607  0.015188557  0.005877090  2.000000000
-0.058430018  0.014620608  0.005536490  2.000000000
-0.080881230  0.024040440  0.011331803  2.000000000
-0.083984191  0.025299364  0.012080457  2.000000000
-0.090556159  0.027956906  0.013655294  2.000000000
-0.094473449  0.029519675  0.014568029  2.000000000
-0.094540032  0.029508842  0.014537987  2.000000000
-0.059981669  0.015254655  0.005916411  2.000000000
-0.082141123  0.024552065  0.011636418  2.000000000
-0.090088890  0.027769491  0.013545276  2.000000000
-0.091972607  0.028527554  0.013992196  2.000000000
-0.094530477  0.029499711  0.014529364  2.000000000
-0.062890927  0.016444773  0.006630299  2.000000000
-0.060124076  0.015312422  0.005950808  2.000000000
-0.086240184  0.026214244  0.012624398  2.000000000
-0.087976347  0.026916880  0.013041139  2.000000000
-0.090265340  0.027841345  0.013588249  2.000000000
-0.094116959  0.029320610  0.014415882  2.000000000
-0.063017165  0.016496046  0.006660876  2.000000000
-0.085453911  0.025895997  0.012435693  2.000000000
-0.093324742  0.029071413  0.014312812  2.000000000
-0.093763667  0.029246546  0.014415116  2.000000000
-0.094492937  0.029535867  0.014583069  2.000000000
-0.095345137  0.029865912  0.014769529  2.000000000
-0.095430207  0.029895977  0.014784631  2.000000000
-0.095376643  0.029859716  0.014754008  2.000000000
-0.095256082  0.029805584  0.014718565  2.000000000
-0.093894114  0.029224418  0.014355158  2.000000000
-0.093472871  0.029047350  0.014246026  2.000000000
-0.064495436  0.017101107  0.007024046  2.000000000
-0.063121732  0.016538574  0.006686280  2.000000000
-0.061738244  0.015972261  0.006346382  2.000000000
-0.060346440  0.015402771  0.006004715  2.000000000
-0.088237219  0.027023070  0.013104655  2.000000000
-0.090530929  0.027949476  0.013652939  2.000000000
-0.093884520  0.029295765  0.014444580  2.000000000
-0.095466708  0.029915441  0.014799189  2.000000000
-0.095204799  0.029779600  0.014699965  2.000000000
-0.094385439  0.029430004  0.014481378  2.000000000
-0.065943683  0.017694224  0.007380261  2.000000000
-0.064579748  0.017135467  0.007044625  2.000000000
-0.061819529  0.016005384  0.006366217  2.000000000
-0.090619837  0.027985657  0.013674600  2.000000000
-0.091926969  0.028512108  0.013985241  2.000000000
-0.094994622  0.029736153  0.014700295  2.000000000
-0.095233413  0.029829220  0.014753257  2.000000000
-0.095657479  0.029979080  0.014828528  2.000000000
-0.095466631  0.029891408  0.014770007  2.000000000
-0.093207584  0.028933855  0.014175035  2.000000000
-0.063265500  0.016597247  0.006721482  2.000000000
-0.090679377  0.028009870  0.013689110  2.000000000
-0.092570905  0.028771168  0.014137999  2.000000000
-0.095735327  0.030015639  0.014853449  2.000000000
-0.095525615  0.029915490  0.014784499  2.000000000
-0.095353100  0.029840113  0.014736319  2.000000000
-0.092179785  0.028504135  0.013911649  2.000000000
-0.089987899  0.027730927  0.013524307  2.000000000
-0.093625669  0.029193944  0.014386262  2.000000000
-0.094794787  0.029658834  0.014656819  2.000000000
-0.095553661  0.029926988  0.014791487  2.000000000
-0.094558852  0.029500875  0.014524069  2.000000000
-0.093290675  0.028967918  0.014195657  2.000000000
-0.090936133  0.027986456  0.013595717  2.000000000
-0.068757536  0.018847866  0.008073937  2.000000000
-0.067418530  0.018298882  0.007743901  2.000000000
-0.066065218  0.017744260  0.007410613  2.000000000
-0.095644408  0.029987955  0.014842882  2.000000000
-0.090931666  0.027984824  0.013594929  2.000000000
-0.073934905  0.020973092  0.009353177  2.000000000
-0.067413569  0.018297192  0.007743143  2.000000000
-0.090681378  0.028010537  0.013689642  2.000000000
-0.091987465  0.028536617  0.014000098  2.000000000
-0.094422520  0.029511125  0.014571212  2.000000000
-0.095611487  0.029974601  0.014835019  2.000000000
-0.095343817  0.029836632  0.014734652  2.000000000
-0.094520982  0.029485727  0.014515345  2.000000000
-0.093252297  0.028952623  0.014186877  2.000000000
-0.091554857  0.028244503  0.013753678  2.000000000
-0.090195822  0.027679706  0.013409462  2.000000000
-0.070046767  0.019377476  0.008393059  2.000000000
-0.092510842  0.028746588  0.014123555  2.000000000
-0.093533335  0.029156297  0.014363988  2.000000000
-0.094699395  0.029620026  0.014633904  2.000000000
-0.095663890  0.029986822  0.014836721  2.000000000
-0.094456006  0.029459436  0.014499826  2.000000000
-0.088600856  0.027019124  0.013008314  2.000000000
-0.080929916  0.023851514  0.011090167  2.000000000
-0.079818322  0.023393705  0.010813678  2.000000000
-0.076313408  0.021951671  0.009943671  2.000000000
-0.075093306  0.021450155  0.009641385  2.000000000
-0.073849799  0.020939250  0.009333582  2.000000000
-0.067334340  0.018265812  0.007725047  2.000000000
-0.091210094  0.028222902  0.013814738  2.000000000
-0.093879681  0.029293766  0.014443906  2.000000000
-0.095131646  0.029787961  0.014729201  2.000000000
-0.095356320  0.029847071  0.014744355  2.000000000
-0.092573843  0.028671214  0.014015843  2.000000000
-0.092008287  0.028435303  0.013871534  2.000000000
-0.076231379  0.021918753  0.009924372  2.000000000
-0.073769886  0.020907215  0.009314821  2.000000000
-0.072505583  0.020388002  0.009002154  2.000000000
-0.091719913  0.028427501  0.013935079  2.000000000
-0.092301064  0.028661068  0.014072591  2.000000000
-0.095422932  0.029884149  0.014772748  2.000000000
-0.095056621  0.029720116  0.014665587  2.000000000
-0.094558444  0.029506863  0.014531830  2.000000000
-0.093438085  0.029034481  0.014239804  2.000000000
-0.092967338  0.028837279  0.014118663  2.000000000
-0.089173385  0.027258615  0.013155346  2.000000000
-0.086695378  0.026232669  0.012532435  2.000000000
-0.085790525  0.025858640  0.012305707  2.000000000
-0.083869890  0.025065565  0.011825471  2.000000000
-0.082856696  0.024647591  0.011572616  2.000000000
-0.079621843  0.023314655  0.010767191  2.000000000
-0.076123831  0.021875506  0.009898945  2.000000000
-0.093991755  0.029335709  0.014466794  2.000000000
-0.094328753  0.029469131  0.014544072  2.000000000
-0.095171199  0.029795571  0.014728606  2.000000000
-0.085644174  0.025799509  0.012270755  2.000000000
-0.091393462  0.028294423  0.013855692  2.000000000
-0.092503821  0.028740308  0.014117971  2.000000000
-0.095066961  0.029748739  0.014697994  2.000000000
-0.093890714  0.029230115  0.014363756  2.000000000
-0.090936710  0.027994320  0.013605615  2.000000000
-0.088842892  0.027124858  0.013076135  2.000000000
-0.083554892  0.024938340  0.011750285  2.000000000
-0.080425787  0.023648309  0.010970370  2.000000000
-0.070843588  0.019708989  0.008595553  2.000000000
-0.094450012  0.029510563  0.014564006  2.000000000
-0.094767278  0.029631252  0.014630760  2.000000000
-0.094788853  0.029621547  0.014613466  2.000000000
-0.094666626  0.029566874  0.014577782  2.000000000
-0.093996784  0.029278834  0.014396341  2.000000000
-0.093673641  0.029141989  0.014311383  2.000000000
-0.092880435  0.028808264  0.014105503  2.000000000
-0.091895433  0.028396218  0.013852732  2.000000000
-0.077996448  0.022649661  0.010368435  2.000000000
-0.075649094  0.021684197  0.009786129  2.000000000
-0.074437638  0.021186272  0.009486025  2.000000000
-0.093685665  0.029207293  0.014388003  2.000000000
-0.094203899  0.029410393  0.014504310  2.000000000
-0.093749217  0.029178287  0.014336551  2.000000000
-0.088397264  0.026944363  0.012969109  2.000000000
-0.085936227  0.025925576  0.012350615  2.000000000
-0.077782653  0.022563353  0.010317425  2.000000000
-0.073000043  0.020597229  0.009132168  2.000000000
-0.091785485  0.028447624  0.013943357  2.000000000
-0.093078521  0.028963808  0.014245056  2.000000000
-0.094261922  0.029407335  0.014485952  2.000000000
-0.093744417  0.029181746  0.014342048  2.000000000
-0.092778866  0.028772941  0.014088298  2.000000000
-0.091378600  0.028186550  0.013728189  2.000000000
-0.090212591  0.027700743  0.013431352  2.000000000
-0.088131733  0.026836774  0.012905276  2.000000000
-0.083846949  0.025064550  0.011830308  2.000000000
-0.081874417  0.024250673  0.011337848  2.000000000
-0.078670918  0.022930800  0.010540387  2.000000000
-0.090390340  0.027885580  0.013611683  2.000000000
-0.091965473  0.028517564  0.013983091  2.000000000
-0.093107910  0.028972050  0.014247727  2.000000000
-0.093804041  0.029243549  0.014402350  2.000000000
-0.093659245  0.029152357  0.014327861  2.000000000
-0.093164782  0.028940881  0.014195323  2.000000000
-0.092843456  0.028804850  0.014110896  2.000000000
-0.085389508  0.025704218  0.012219372  2.000000000
-0.083564827  0.024950377  0.011762643  2.000000000
-0.080564047  0.023712652  0.011013971  2.000000000
-0.088791141  0.027239782  0.013229596  2.000000000
-0.092444581  0.028705645  0.014091069  2.000000000
-0.093708381  0.029191619  0.014363342  2.000000000
-0.093687347  0.029178465  0.014352634  2.000000000
-0.075840915  0.021770473  0.009842877  2.000000000
-0.091280028  0.028238343  0.013816479  2.000000000
-0.091706277  0.028408525  0.013915960  2.000000000
-0.092084152  0.028558866  0.014003509  2.000000000
-0.093312375  0.029034972  0.014272766  2.000000000
-0.093320290  0.029029187  0.014263705  2.000000000
-0.093248713  0.028995369  0.014240611  2.000000000
-0.088072092  0.026946684  0.013054573  2.000000000
-0.090422659  0.027892388  0.013611996  2.000000000
-0.092300954  0.028639705  0.014047200  2.000000000
-0.092529814  0.028728979  0.014098053  2.000000000
-0.092945726  0.028881394  0.014178490  2.000000000
-0.092924272  0.028868125  0.014167747  2.000000000
-0.092852676  0.028834329  0.014144683  2.000000000
-0.092731080  0.028780069  0.014109340  2.000000000
-0.088932187  0.027291358  0.013256938  2.000000000
-0.090481226  0.027912954  0.013622296  2.000000000
-0.088498716  0.027114721  0.013151478  2.000000000
-0.090832738  0.028049251  0.013699466  2.000000000
-0.085368951  0.025850219  0.012402859  2.000000000
-0.087436342  0.026684721  0.012896464  2.000000000
-0.089106784  0.027356310  0.013292017  2.000000000
-0.089571745  0.027542489  0.013401194  2.000000000
-0.088105534  0.026951502  0.013052229  2.000000000
-0.085122262  0.025747064  0.012339720  2.000000000
-0.086443222  0.026280005  0.012654788  2.000000000
-0.082315152  0.024610148  0.011664883  2.000000000
-0.084595072  0.025532187  0.012211376  2.000000000
-0.084043153  0.025307235  0.012077014  2.000000000
-0.082756468  0.024785293  0.011766724  2.000000000
-0.084136223  0.025342574  0.012096577  2.000000000
-0.078352654  0.022998966  0.010704709  2.000000000
-0.080023252  0.023675795  0.011106637  2.000000000
-0.079393398  0.023419035  0.010953232  2.000000000
-0.081597535  0.024310506  0.011481667  2.000000000
-0.076435866  0.022217490  0.010237732  2.000000000
-0.077270348  0.022555684  0.010438637  2.000000000
-0.078830578  0.023187430  0.010813564  2.000000000
-0.076583307  0.022275612  0.010271293  2.000000000
-0.075055548  0.021654772  0.009901482  2.000000000
-0.072758340  0.020720119  0.009344056  2.000000000
-0.075176181  0.021700047  0.009926220  2.000000000
-0.073641146  0.021076323  0.009554731  2.000000000
-0.070388215  0.019755602  0.008768681  2.000000000
-0.071244525  0.020103005  0.008975293  2.000000000
-0.070462221  0.019784109  0.008784736  2.000000000
-0.072061780  0.020432590  0.009170119  2.000000000
-0.073525998  0.021025521  0.009522059  2.000000000
-0.070416652  0.019762088  0.008769525  2.000000000
-0.071850730  0.020342830  0.009114243  2.000000000
-0.070989597  0.019991922  0.008904626  2.000000000
-0.071647233  0.020257964  0.009062372  2.000000000
-0.070113657  0.019634990  0.008691414  2.000000000
 0.037077575 -0.124995110  0.110201545  3.000000000
 0.037085828 -0.125032318  0.110242374  3.000000000
 0.037062340 -0.124926202  0.110126249  3.000000000
 0.037025777 -0.124761031  0.109945479  3.000000000
 0.037136408 -0.125260634  0.110492104  3.000000000
 0.037223762 -0.125655129  0.110924035  3.000000000
 0.037155748 -0.125347830  0.110587786  3.000000000
 0.037043070 -0.124838831  0.110030682  3.000000000
 0.036777612 -0.123639733  0.108718196  3.000000000
 0.036891114 -0.124152634  0.109279100  3.000000000
 0.037066490 -0.124944738  0.110146235  3.000000000
 0.037261897 -0.125827272  0.111112425  3.000000000
 0.037270234 -0.125864859  0.111153669  3.000000000
 0.036932192 -0.124337839  0.109482328  3.000000000
 0.036830795 -0.123879826  0.108981000  3.000000000
 0.036937094 -0.124360188  0.109506287  3.000000000
 0.037236902 -0.125714285  0.110988667  3.000000000
 0.037279333 -0.125905921  0.111198473  3.000000000
 0.037308591 -0.126038049  0.111343138  3.000000000
 0.037067174 -0.124947430  0.110149568  3.000000000
 0.036978285 -0.124545911  0.109710080  3.000000000
 0.036749161 -0.123511239  0.108576922  3.000000000
 0.036868688 -0.124051104  0.109167911  3.000000000
 0.037151729 -0.125329492  0.110567382  3.000000000
 0.037220397 -0.125639632  0.110906907  3.000000000
 0.037276027 -0.125890878  0.111181964  3.000000000
 0.037347834 -0.126215176  0.111537020  3.000000000
 0.037363897 -0.126287709  0.111616451  3.000000000
 0.037366692 -0.126300312  0.111630279  3.000000000
 0.037332480 -0.126145737  0.111461142  3.000000000
 0.037295528 -0.125978807  0.111278446  3.000000000
 0.037245416 -0.125752438  0.111030687  3.000000000
 0.036915285 -0.124261202  0.109398449  3.000000000
 0.037007003 -0.124675701  0.109851643  3.000000000
 0.037307688 -0.126033760  0.111338359  3.000000000
 0.037379592 -0.126358495  0.111693893  3.000000000
 0.037327231 -0.126121881  0.111435052  3.000000000
 0.037277058 -0.125895235  0.111186990  3.000000000
 0.037213789 -0.125609437  0.110874176  3.000000000
 0.036705239 -0.123312297  0.108359793  3.000000000
 0.036671653 -0.123160921  0.108193404  3.000000000
 0.037276097 -0.125890964  0.111182009  3.000000000
 0.037331856 -0.126142799  0.111457711  3.000000000
 0.037374458 -0.126335205  0.111668359  3.000000000
 0.037419940 -0.126540593  0.111893251  3.000000000
 0.037422746 -0.126553247  0.111907136  3.000000000
 0.037412250 -0.126505814  0.111855247  3.000000000
 0.037301217 -0.126004233  0.111306295  3.000000000
 0.037161552 -0.125373348  0.110615768  3.000000000
 0.036970361 -0.124509730  0.109670480  3.000000000
 0.036543516 -0.122582041  0.107559703  3.000000000
 0.036687848 -0.123233944  0.108273332  3.000000000
 0.036939943 -0.124372577  0.109519788  3.000000000
 0.037391143 -0.126410444  0.111750712  3.000000000
 0.037420543 -0.126543213  0.111896080  3.000000000
 0.037436660 -0.126615994  0.111975781  3.000000000
 0.037439471 -0.126628668  0.111989688  3.000000000
 0.037428970 -0.126581215  0.111937777  3.000000000
 0.037178117 -0.125448048  0.110697531  3.000000000
 0.036872177 -0.124066109  0.109184899  3.000000000
 0.037301812 -0.126006869  0.111308872  3.000000000
 0.037357634 -0.126258987  0.111584884  3.000000000
 0.037400286 -0.126451616  0.111795776  3.000000000
 0.037429698 -0.126584446  0.111941209  3.000000000
 0.037445825 -0.126657264  0.112020953  3.000000000
 0.037438137 -0.126622497  0.111982961  3.000000000
 0.037414335 -0.126514966  0.111865286  3.000000000
 0.037263615 -0.125834128  0.111120111  3.000000000
 0.036754078 -0.123532538  0.108600855  3.000000000
 0.036950453 -0.124419802  0.109571474  3.000000000
 0.037234481 -0.125702646  0.110975821  3.000000000
 0.037303392 -0.126013884  0.111316547  3.000000000
 0.037359220 -0.126266031  0.111592590  3.000000000
 0.037401877 -0.126458683  0.111803508  3.000000000
 0.037450241 -0.126677072  0.112042663  3.000000000
 0.037439741 -0.126629623  0.111990756  3.000000000
 0.037265218 -0.125841251  0.111127904  3.000000000
 0.037188805 -0.125496087  0.110750105  3.000000000
 0.037099491 -0.125092652  0.110308521  3.000000000
 0.036882748 -0.124113622  0.109236897  3.000000000
 0.036548059 -0.122602203  0.107581765  3.000000000
 0.036824670 -0.123851566  0.108949427  3.000000000
 0.037051980 -0.124878242  0.110073329  3.000000000
 0.037146686 -0.125305991  0.110541593  3.000000000
 0.037228552 -0.125675748  0.110946375  3.000000000
 0.037353267 -0.126239021  0.111563021  3.000000000
 0.037425329 -0.126564469  0.111919335  3.000000000
 0.037441458 -0.126637299  0.111999090  3.000000000
 0.037444277 -0.126650012  0.112013039  3.000000000
 0.037433781 -0.126602586  0.111961157  3.000000000
 0.037409989 -0.126495097  0.111843529  3.000000000
 0.037372936 -0.126327718  0.111660342  3.000000000
 0.037322684 -0.126100716  0.111411888  3.000000000
 0.037259311 -0.125814452  0.111098564  3.000000000
 0.037182918 -0.125469382  0.110720869  3.000000000
 0.036534988 -0.122543049  0.107517012  3.000000000
 0.037133303 -0.125245425  0.110475292  3.000000000
 0.037215127 -0.125614992  0.110879867  3.000000000
 0.037283990 -0.125926010  0.111220352  3.000000000
 0.037339780 -0.126177983  0.111496204  3.000000000
 0.037382409 -0.126370508  0.111706983  3.000000000
 0.037411808 -0.126503279  0.111852351  3.000000000
 0.037430750 -0.126588799  0.111946030  3.000000000
 0.037420264 -0.126541411  0.111894190  3.000000000
 0.037396486 -0.126433993  0.111776639  3.000000000
 0.037359457 -0.126266717  0.111593564  3.000000000
 0.037309234 -0.126039849  0.111345258  3.000000000
 0.036863746 -0.124027569  0.109142693  3.000000000
 0.036597573 -0.122825278  0.107826678  3.000000000
 0.036910629 -0.124239575  0.109374187  3.000000000
 0.037194218 -0.125520433  0.110776360  3.000000000
 0.037318771 -0.126082972  0.111392201  3.000000000
 0.037361366 -0.126275347  0.111602815  3.000000000
 0.037406855 -0.126480770  0.111827744  3.000000000
 0.037338449 -0.126171716  0.111489571  3.000000000
 0.037288272 -0.125945053  0.111241489  3.000000000
 0.037224992 -0.125659210  0.110928626  3.000000000
 0.037059550 -0.124911901  0.110110654  3.000000000
 0.036631039 -0.122976642  0.107991671  3.000000000
 0.037234575 -0.125702580  0.110975777  3.000000000
 0.037381069 -0.126364169  0.111700140  3.000000000
 0.037370609 -0.126316900  0.111648430  3.000000000
 0.037309934 -0.126042802  0.111348457  3.000000000
 0.037196611 -0.125530910  0.110788182  3.000000000
 0.036815242 -0.123808262  0.108902628  3.000000000
 0.036847163 -0.123952683  0.109060147  3.000000000
 0.037048480 -0.124861953  0.110055532  3.000000000
 0.037130031 -0.125230283  0.110458752  3.000000000
 0.037334517 -0.126153768  0.111469860  3.000000000
 0.037310829 -0.126046756  0.111352754  3.000000000
 0.037273935 -0.125880093  0.111170349  3.000000000
 0.037223893 -0.125654043  0.110922938  3.000000000
 0.036894151 -0.124164589  0.109292647  3.000000000
 0.036779977 -0.123648869  0.108728150  3.000000000
 0.037210837 -0.125595119  0.110858183  3.000000000
 0.037267313 -0.125850094  0.111137481  3.000000000
 0.037180535 -0.125458094  0.110708446  3.000000000
 0.036952831 -0.124429544  0.109582648  3.000000000
 0.037036223 -0.124806350  0.109994705  3.000000000
 0.037104600 -0.125115177  0.110332791  3.000000000
 0.037231533 -0.125688450  0.110960414  3.000000000
 0.037250366 -0.125773474  0.111053548  3.000000000
 0.037066917 -0.124944778  0.110146583  3.000000000
 0.037144040 -0.125293172  0.110527700  3.000000000
 0.037191967 -0.125509592  0.110764697  3.000000000
 0.037071678 -0.124966197  0.110170002  3.000000000
 0.036743997 -0.123486062  0.108549910  3.000000000
 0.037123431 -0.125199943  0.110425716  3.000000000
 0.037092427 -0.125059849  0.110272459  3.000000000
 0.037006277 -0.124670693  0.109846536  3.000000000
 0.019510898 -0.026926098 -0.028217015  4.000000000
 0.019572376 -0.027038974 -0.028363822  4.000000000
 0.019572523 -0.027039648 -0.028364635  4.000000000
 0.019580916 -0.027055035 -0.028384644  4.000000000
 0.019585508 -0.027063390 -0.028395506  4.000000000
 0.019576427 -0.027046197 -0.028373109  4.000000000
 0.019551392 -0.026999637 -0.028312517  4.000000000
 0.019533231 -0.026965923 -0.028268646  4.000000000
 0.019556107 -0.027009563 -0.028325424  4.000000000
 0.019584286 -0.027061401 -0.028392846  4.000000000
 0.019597292 -0.027085181 -0.028423763  4.000000000
 0.019595040 -0.027080750 -0.028417977  4.000000000
 0.019588194 -0.027067956 -0.028401323  4.000000000
 0.019577547 -0.027048135 -0.028375525  4.000000000
 0.019523001 -0.026946878 -0.028243758  4.000000000
 0.019545943 -0.026990907 -0.028301074  4.000000000
 0.019565696 -0.027027300 -0.028348410  4.000000000
 0.019607718 -0.027104331 -0.028448570  4.000000000
 0.019604680 -0.027098577 -0.028441074  4.000000000
 0.019587162 -0.027065916 -0.028398559  4.000000000
 0.019553376 -0.027004657 -0.028318873  4.000000000
 0.019614429 -0.027116880 -0.028464812  4.000000000
 0.019615213 -0.027118195 -0.028466510  4.000000000
 0.019594633 -0.027079737 -0.028416438  4.000000000
 0.019561929 -0.027018999 -0.028337394  4.000000000
 0.019539952 -0.026978230 -0.028284341  4.000000000
 0.019535154 -0.026971104 -0.028275141  4.000000000
 0.019558671 -0.027014457 -0.028331530  4.000000000
 0.019606724 -0.027102910 -0.028446566  4.000000000
 0.019619768 -0.027126759 -0.028477566  4.000000000
 0.019599954 -0.027089585 -0.028429147  4.000000000
 0.019585476 -0.027062680 -0.028394130  4.000000000
 0.019538297 -0.026976925 -0.028282623  4.000000000
 0.019561824 -0.027020297 -0.028339034  4.000000000
 0.019581620 -0.027056769 -0.028386469  4.000000000
 0.019618332 -0.027124250 -0.028474216  4.000000000
 0.019622945 -0.027132645 -0.028485123  4.000000000
 0.019620682 -0.027128190 -0.028479297  4.000000000
 0.019588636 -0.027068532 -0.028401637  4.000000000
 0.019522658 -0.026946138 -0.028242361  4.000000000
 0.019562832 -0.027022173 -0.028341379  4.000000000
 0.019610910 -0.027110672 -0.028456467  4.000000000
 0.019614820 -0.027117229 -0.028464915  4.000000000
 0.019604130 -0.027097329 -0.028439009  4.000000000
 0.019571380 -0.027036504 -0.028359845  4.000000000
 0.019510949 -0.026926512 -0.028216863  4.000000000
 0.019561694 -0.027020082 -0.028338561  4.000000000
 0.019618197 -0.027124026 -0.028473720  4.000000000
 0.019602981 -0.027095218 -0.028436153  4.000000000
 0.019588495 -0.027068298 -0.028401114  4.000000000
 0.019548230 -0.026993580 -0.028303873  4.000000000
 0.019493133 -0.026891440 -0.028170958  4.000000000
 0.019558411 -0.027014027 -0.028330585  4.000000000
 0.019572755 -0.027040435 -0.028364820  4.000000000
 0.019600992 -0.027092381 -0.028432360  4.000000000
 0.019609415 -0.027107821 -0.028452427  4.000000000
 0.019614800 -0.027117512 -0.028464993  4.000000000
 0.019611755 -0.027111746 -0.028457472  4.000000000
 0.019604889 -0.027098915 -0.028440759  4.000000000
 0.019561505 -0.027018295 -0.028335815  4.000000000
 0.019539526 -0.026977522 -0.028282752  4.000000000
 0.019545424 -0.026990049 -0.028299187  4.000000000
 0.019565171 -0.027026431 -0.028346498  4.000000000
 0.019593377 -0.027078320 -0.028413960  4.000000000
 0.019604126 -0.027097661 -0.028439035  4.000000000
 0.019572147 -0.027038128 -0.028361521  4.000000000
 0.019531972 -0.026963577 -0.028264491  4.000000000
 0.019506316 -0.026916005 -0.028202581  4.000000000
 0.019583617 -0.027060295 -0.028390402  4.000000000
 0.019592018 -0.027075696 -0.028410414  4.000000000
 0.019596611 -0.027084055 -0.028421266  4.000000000
 0.019587499 -0.027066805 -0.028398755  4.000000000
 0.019543604 -0.026986596 -0.028294461  4.000000000
 0.019580108 -0.027053697 -0.028381683  4.000000000
 0.019585469 -0.027063342 -0.028394182  4.000000000
 0.019582434 -0.027057598 -0.028386685  4.000000000
 0.019564961 -0.027025021 -0.028344256  4.000000000
 0.019529640 -0.026960801 -0.028260793  4.000000000
 0.019545551 -0.026990090 -0.028298871  4.000000000
 0.019561564 -0.027018901 -0.028336199  4.000000000
 0.019549918 -0.026997927 -0.028308901  4.000000000
 0.080365909  0.104883962  0.027748493  5.000000000
 0.080595110  0.105285163  0.027880415  5.000000000
 0.080634994  0.105355046  0.027903423  5.000000000
 0.080624549  0.105336592  0.027897289  5.000000000
 0.080848036  0.105727997  0.028026074  5.000000000
 0.080849855  0.105731204  0.028027138  5.000000000
 0.080637240  0.105358964  0.027904717  5.000000000
 0.080100492  0.104419147  0.027595588  5.000000000
 0.080671479  0.105418673  0.027924256  5.000000000
 0.080818682  0.105676455  0.028009065  5.000000000
 0.080929750  0.105870963  0.028073059  5.000000000
 0.081044663  0.106072249  0.028139303  5.000000000
 0.081010000  0.106011573  0.028119353  5.000000000
 0.081219242  0.106377874  0.028239817  5.000000000
 0.081184499  0.106317058  0.028219821  5.000000000
 0.081113224  0.106192272  0.028178782  5.000000000
 0.080681627  0.105436580  0.027930222  5.000000000
 0.080465934  0.105058909  0.027805994  5.000000000
 0.080214851  0.104619268  0.027661381  5.000000000
 0.081146304  0.106249996  0.028197689  5.000000000
 0.081257920  0.106445465  0.028261999  5.000000000
 0.081159269  0.106272848  0.028205275  5.000000000
 0.080366852  0.104885360  0.027748891  5.000000000
 0.080080144  0.104383336  0.027583757  5.000000000
 0.079854754  0.103988219  0.027453586  5.000000000
 0.080726706  0.105515122  0.027955897  5.000000000
 0.080946916  0.105900745  0.028082759  5.000000000
 0.081131278  0.106223594  0.028188972  5.000000000
 0.081391339  0.106679020  0.028338806  5.000000000
 0.081466624  0.106810870  0.028382189  5.000000000
 0.081507103  0.106881794  0.028405539  5.000000000
 0.081400676  0.106695475  0.028344268  5.000000000
 0.080750746  0.105557490  0.027969961  5.000000000
 0.079143571  0.102743330  0.027044275  5.000000000
 0.079211061  0.102860969  0.027082732  5.000000000
 0.079604833  0.103550506  0.027309568  5.000000000
 0.079964991  0.104181184  0.027517042  5.000000000
 0.081243643  0.106420285  0.028253653  5.000000000
 0.081392113  0.106680286  0.028339192  5.000000000
 0.081579563  0.107008565  0.028447200  5.000000000
 0.081618244  0.107076318  0.028469498  5.000000000
 0.081585207  0.107018511  0.028450501  5.000000000
 0.081405245  0.106703429  0.028346873  5.000000000
 0.081260490  0.106449975  0.028263507  5.000000000
 0.079643190  0.103618106  0.027332006  5.000000000
 0.080054976  0.104338689  0.027568834  5.000000000
 0.080381397  0.104910293  0.027756875  5.000000000
 0.080929566  0.105870210  0.028072664  5.000000000
 0.081596241  0.107037681  0.028456748  5.000000000
 0.081712401  0.107241147  0.028523708  5.000000000
 0.081677444  0.107179956  0.028503589  5.000000000
 0.081605692  0.107054336  0.028462275  5.000000000
 0.081497260  0.106864485  0.028399832  5.000000000
 0.081171104  0.106293408  0.028211993  5.000000000
 0.080953900  0.105913090  0.028086895  5.000000000
 0.080701051  0.105470357  0.027941265  5.000000000
 0.080090077  0.104400547  0.027589364  5.000000000
 0.079732915  0.103775155  0.027383648  5.000000000
 0.079368884  0.103137202  0.027173562  5.000000000
 0.080124627  0.104460591  0.027608915  5.000000000
 0.080743386  0.105544113  0.027965363  5.000000000
 0.081000143  0.105993732  0.028113277  5.000000000
 0.081406385  0.106705126  0.028347313  5.000000000
 0.081555223  0.106965772  0.028433063  5.000000000
 0.081667538  0.107162463  0.028497775  5.000000000
 0.081783844  0.107366185  0.028564820  5.000000000
 0.081748860  0.107304946  0.028544685  5.000000000
 0.081568508  0.106989180  0.028440831  5.000000000
 0.081242034  0.106417546  0.028252808  5.000000000
 0.081024614  0.106036851  0.028127586  5.000000000
 0.079812587  0.103914112  0.027429121  5.000000000
 0.080793108  0.105631119  0.027993965  5.000000000
 0.081050060  0.106081079  0.028141991  5.000000000
 0.081271346  0.106468584  0.028269472  5.000000000
 0.081456614  0.106793019  0.028376207  5.000000000
 0.081717975  0.107250719  0.028526788  5.000000000
 0.081832477  0.107451261  0.028592777  5.000000000
 0.081834392  0.107454634  0.028593896  5.000000000
 0.081799390  0.107393365  0.028573751  5.000000000
 0.081292231  0.106505381  0.028281683  5.000000000
 0.081074661  0.106124424  0.028156375  5.000000000
 0.080529857  0.105170073  0.027842275  5.000000000
 0.081486016  0.106844444  0.028393104  5.000000000
 0.081635043  0.107105419  0.028478963  5.000000000
 0.081747505  0.107302367  0.028543760  5.000000000
 0.081823222  0.107434973  0.028587391  5.000000000
 0.081862073  0.107503025  0.028609786  5.000000000
 0.081863997  0.107506414  0.028610911  5.000000000
 0.081757108  0.107319286  0.028549373  5.000000000
 0.081648465  0.107129067  0.028486809  5.000000000
 0.081503235  0.106874782  0.028403171  5.000000000
 0.081103997  0.106175732  0.028173234  5.000000000
 0.079025929  0.102536481  0.026975891  5.000000000
 0.080211046  0.104611742  0.027658583  5.000000000
 0.081309176  0.106534710  0.028291189  5.000000000
 0.081643617  0.107120375  0.028483865  5.000000000
 0.081756101  0.107317362  0.028548674  5.000000000
 0.081870701  0.107518075  0.028614719  5.000000000
 0.081872634  0.107521480  0.028615849  5.000000000
 0.081837631  0.107460209  0.028595703  5.000000000
 0.081765749  0.107334359  0.028554314  5.000000000
 0.081657102  0.107144133  0.028491747  5.000000000
 0.081511863  0.106889831  0.028408103  5.000000000
 0.081112593  0.106190726  0.028178148  5.000000000
 0.080859196  0.105747033  0.028032202  5.000000000
 0.079442286  0.103265510  0.027215700  5.000000000
 0.080526076  0.105163343  0.027840027  5.000000000
 0.081482247  0.106837732  0.028390862  5.000000000
 0.081631283  0.107098723  0.028476725  5.000000000
 0.081819486  0.107428318  0.028585166  5.000000000
 0.081825307  0.107438571  0.028588568  5.000000000
 0.081644828  0.107122583  0.028484641  5.000000000
 0.080234912  0.104653860  0.027672599  5.000000000
 0.079060508  0.102597471  0.026996169  5.000000000
 0.079805044  0.103900687  0.027424637  5.000000000
 0.080785549  0.105617662  0.027989470  5.000000000
 0.081042505  0.106067627  0.028137497  5.000000000
 0.081710480  0.107237369  0.028522327  5.000000000
 0.081786183  0.107369948  0.028565949  5.000000000
 0.081825040  0.107438010  0.028588347  5.000000000
 0.081826989  0.107441443  0.028589486  5.000000000
 0.081792028  0.107380244  0.028569364  5.000000000
 0.081720211  0.107254509  0.028528012  5.000000000
 0.081611654  0.107064439  0.028465497  5.000000000
 0.081466529  0.106810337  0.028381919  5.000000000
 0.079844771  0.103970667  0.027447852  5.000000000
 0.078929832  0.102368060  0.026920442  5.000000000
 0.080113306  0.104440440  0.027602185  5.000000000
 0.080988819  0.105973569  0.028106541  5.000000000
 0.081395093  0.106685016  0.028340593  5.000000000
 0.081770793  0.107342968  0.028557067  5.000000000
 0.081772749  0.107346414  0.028558210  5.000000000
 0.081737824  0.107285278  0.028538108  5.000000000
 0.081666072  0.107159657  0.028496794  5.000000000
 0.081557609  0.106969752  0.028434334  5.000000000
 0.081412607  0.106715865  0.028350826  5.000000000
 0.081231297  0.106398400  0.028246404  5.000000000
 0.080149583  0.104504338  0.027623381  5.000000000
 0.078976715  0.102450641  0.026947836  5.000000000
 0.081320333  0.106554059  0.028297500  5.000000000
 0.081581279  0.107011030  0.028447841  5.000000000
 0.081697623  0.107214815  0.028514905  5.000000000
 0.081662745  0.107153761  0.028494830  5.000000000
 0.081591080  0.107028292  0.028453566  5.000000000
 0.080399039  0.104941081  0.027767025  5.000000000
 0.079328560  0.103066672  0.027150458  5.000000000
 0.078904731  0.102324544  0.026906340  5.000000000
 0.079192297  0.102827579  0.027071584  5.000000000
 0.079946168  0.104147681  0.027505853  5.000000000
 0.081040165  0.106063404  0.028136073  5.000000000
 0.081560953  0.106975410  0.028436118  5.000000000
 0.081599710  0.107043296  0.028458459  5.000000000
 0.081495302  0.106860532  0.028398366  5.000000000
 0.081387125  0.106671128  0.028336070  5.000000000
 0.081242500  0.106417900  0.028252779  5.000000000
 0.081061655  0.106101252  0.028148625  5.000000000
 0.080592519  0.105279807  0.027878426  5.000000000
 0.080448430  0.105027163  0.027795167  5.000000000
 0.080924386  0.105860626  0.028069355  5.000000000
 0.081257058  0.106443190  0.028261010  5.000000000
 0.081483030  0.106838937  0.028391221  5.000000000
 0.081450252  0.106781581  0.028372371  5.000000000
 0.081270840  0.106467461  0.028269059  5.000000000
 0.081126468  0.106214676  0.028185914  5.000000000
 0.080729539  0.105519671  0.027957307  5.000000000
 0.080477612  0.105078553  0.027812209  5.000000000
 0.079868828  0.104012579  0.027461571  5.000000000
 0.080022894  0.104281968  0.027550011  5.000000000
 0.080313125  0.104790195  0.027717203  5.000000000
 0.080788150  0.105622027  0.027990855  5.000000000
 0.081120176  0.106203461  0.028182138  5.000000000
 0.080989918  0.105975527  0.028107231  5.000000000
 0.080593797  0.105281937  0.027879090  5.000000000
 0.078569265  0.101736990  0.026713021  5.000000000
 0.080962861  0.105927953  0.028091497  5.000000000
 0.081149365  0.106254571  0.028198957  5.000000000
 0.080832973  0.105700667  0.028016803  5.000000000
 0.080653234  0.105385954  0.027913286  5.000000000
 0.080437779  0.105008699  0.027789195  5.000000000
 0.079226448  0.102887673  0.027091512  5.000000000
 0.080236065  0.104655202  0.027672783  5.000000000
 0.080785253  0.105616916  0.027989168  5.000000000
 0.080896419  0.105811591  0.028053216  5.000000000
 0.080476511  0.105076464  0.027811466  5.000000000
 0.080258014  0.104693620  0.027685419  5.000000000
 0.080813383  0.105666211  0.028005410  5.000000000
 0.080601412  0.105295097  0.027883357  5.000000000
 0.080279747  0.104731883  0.027698104  5.000000000
 0.080223420  0.104633030  0.027665487  5.000000000
 0.080369821  0.104889404  0.027749831  5.000000000
 0.080560743  0.105223811  0.027859879  5.000000000
 0.079875369  0.104023535  0.027464983  5.000000000
