-0.2397971035 -2.1574862161 -1.2594369214  1.0000000000
-0.2398575717 -2.1627269747 -1.5894204107  1.0000000000
-0.2397871998 -2.1500522868 -1.0502538329  1.0000000000
-0.2399402163 -2.1723040303 -2.0989915134  1.0000000000
-0.2399173573 -2.1680272396 -1.9193344274  1.0000000000
-0.2398478828 -2.1552745146 -1.3802636944  1.0000000000
-0.2398244258 -2.1510495171 -1.2005414959  1.0000000000
-0.2398008192 -2.1468374771 -1.0208034049  1.0000000000
-0.2397291036 -2.1342792349 -0.4814994619  1.0000000000
-0.2399764597 -2.1733869633 -2.2491761782  1.0000000000
-0.2399537505 -2.1690971241 -2.0695357075  1.0000000000
-0.2398847255 -2.1563052471 -1.5305141975  1.0000000000
-0.2398614181 -2.1520671886 -1.3508078541  1.0000000000
-0.2398379613 -2.1478420905 -1.1710856869  1.0000000000
-0.2398143550 -2.1436299515 -0.9913476433  1.0000000000
-0.2397426400 -2.1310714231 -0.4520439383  1.0000000000
-0.2396940837 -2.1227640377 -0.0924360693  1.0000000000
-0.2399672010 -2.1658974974 -2.0400742658  1.0000000000
-0.2399443425 -2.1616204928 -1.8604171695  1.0000000000
-0.2399213344 -2.1573564297 -1.6807433887  1.0000000000
-0.2398278070 -2.1404297131 -0.9618865751  1.0000000000
-0.2398040516 -2.1362304605 -0.7821337558  1.0000000000
-0.2397560927 -2.1278709022 -0.4225832727  1.0000000000
-0.2400482444 -2.1756140785 -2.5494756850  1.0000000000
-0.2400258351 -2.1712981815 -2.3698704244  1.0000000000
-0.2400032762 -2.1669952067 -2.1902476189  1.0000000000
-0.2399805676 -2.1627051528 -2.0106072155  1.0000000000
-0.2399577094 -2.1584280433 -1.8309501963  1.0000000000
-0.2399347016 -2.1541638769 -1.6512765085  1.0000000000
-0.2398882373 -2.1456743931 -1.2918799514  1.0000000000
-0.2398647810 -2.1414490975 -1.1121580115  1.0000000000
-0.2398411752 -2.1372367647 -0.9324202272  1.0000000000
-0.2398174201 -2.1330374175 -0.7526675810  1.0000000000
-0.2397694617 -2.1246776753 -0.3931174919  1.0000000000
-0.2397209062 -2.1163699332 -0.0335104293  1.0000000000
-0.2400615263 -2.1724293405 -2.5200027532  1.0000000000
-0.2400391174 -2.1681133347 -2.3403975766  1.0000000000
-0.2400165587 -2.1638102528 -2.1607748709  1.0000000000
-0.2399938504 -2.1595200935 -1.9811345834  1.0000000000
-0.2399015213 -2.1424889294 -1.2624079429  1.0000000000
-0.2398068005 -2.1256652144 -0.5434288913  1.0000000000
-0.2397827469 -2.1214917451 -0.3636466230  1.0000000000
-0.2397585440 -2.1173312835 -0.1838503862  1.0000000000
-0.2400747243 -2.1692518867 -2.4905241023  1.0000000000
-0.2400070494 -2.1563423223 -1.9516563966  1.0000000000
-0.2399841918 -2.1520650067 -1.7719996960  1.0000000000
-0.2399380277 -2.1435492141 -1.4126363325  1.0000000000
-0.2398439057 -2.1266732171 -0.6937196646  1.0000000000
-0.2398200017 -2.1224866725 -0.5139526465  1.0000000000
-0.2397959483 -2.1183131146 -0.3341706930  1.0000000000
-0.2397717456 -2.1141525661 -0.1543747870  1.0000000000
-0.2397228926 -2.1058704928  0.2052590933  1.0000000000
-0.2400878385 -2.1660817199 -2.4610397591  1.0000000000
-0.2400201646 -2.1531718420 -1.9221726820  1.0000000000
-0.2399511438 -2.1403784359 -1.3831533906  1.0000000000
-0.2399278378 -2.1361398849 -1.2034479467  1.0000000000
-0.2399043823 -2.1319143030 -1.0237267591  1.0000000000
-0.2398807773 -2.1277016889 -0.8439897751  1.0000000000
-0.2398331191 -2.1193154319 -0.4844713126  1.0000000000
-0.2397360109 -2.1026989133  0.2347388526  1.0000000000
-0.2401231270 -2.1672480979 -2.6111369186  1.0000000000
-0.2400331959 -2.1500086557 -1.8926834666  1.0000000000
-0.2399873323 -2.1414665731 -1.5333545368  1.0000000000
-0.2399408703 -2.1329763099 -1.1739600129  1.0000000000
-0.2399174151 -2.1287506351 -0.9942391858  1.0000000000
-0.2398461527 -2.1161514956 -0.4549849167  1.0000000000
-0.2398220998 -2.1119777643 -0.2752037573  1.0000000000
-0.2397978977 -2.1078170460 -0.0954086775  1.0000000000
-0.2397243957 -2.0954129801  0.4440595762  1.0000000000
-0.2400461433 -2.1468527662 -1.8631887775  1.0000000000
-0.2400002803 -2.1383104884 -1.5038605661  1.0000000000
-0.2399771244 -2.1340587758 -1.3241715249  1.0000000000
-0.2398591025 -2.1129948664 -0.4254934857  1.0000000000
-0.2398350499 -2.1088210504 -0.2457128057  1.0000000000
-0.2397619963 -2.0963776852  0.2937128719  1.0000000000
-0.2401489353 -2.1609444350 -2.5521393851  1.0000000000
-0.2401266778 -2.1566149711 -2.3725528462  1.0000000000
-0.2401042706 -2.1522984408 -2.1929489112  1.0000000000
-0.2400817136 -2.1479948430 -2.0133275272  1.0000000000
-0.2400131446 -2.1351617060 -1.4743612582  1.0000000000
-0.2399666838 -2.1266710688 -1.1149684090  1.0000000000
-0.2398958715 -2.1140324404 -0.5757623212  1.0000000000
-0.2398479162 -2.1056716478 -0.2162169009  1.0000000000
-0.2401617136 -2.1578035482 -2.5226321463  1.0000000000
-0.2401170496 -2.1491573504 -2.1634424818  1.0000000000
-0.2400717866 -2.1405628892 -1.8041830858  1.0000000000
-0.2400259249 -2.1320202288 -1.4448566402  1.0000000000
-0.2399794648 -2.1235294084 -1.0854647928  1.0000000000
-0.2399560105 -2.1193034626 -0.9057453761  1.0000000000
-0.2399324066 -2.1150904915 -0.7260102270  1.0000000000
-0.2399086534 -2.1108905181 -0.5462603280  1.0000000000
-0.2398364972 -2.0983685956 -0.0069226407  1.0000000000
-0.2398121466 -2.0942206487  0.1728847135  1.0000000000
-0.2397629975 -2.0859638245  0.5325403724  1.0000000000
-0.2400844823 -2.1374289074 -1.7746721373  1.0000000000
-0.2400386214 -2.1288860597 -1.4153467391  1.0000000000
-0.2400154664 -2.1246340698 -1.2356591766  1.0000000000
-0.2398974490 -2.1035688506 -0.3369892524  1.0000000000
-0.2401647620 -2.1472139099 -2.2840156754  1.0000000000
-0.2401197999 -2.1385931893 -1.9247932098  1.0000000000
-0.2400742389 -2.1300242385 -1.5655019646  1.0000000000
-0.2400512339 -2.1257592015 -1.3858315818  1.0000000000
-0.2400280793 -2.1215071218 -1.2061446219  1.0000000000
-0.2399813215 -2.1130419026 -0.8467238649  1.0000000000
-0.2399339656 -2.1046286199 -0.4872413419  1.0000000000
-0.2399100635 -2.1004414789 -0.3074779512  1.0000000000
-0.2398374611 -2.0879581149  0.2318982645  1.0000000000
-0.2401323275 -2.1354739206 -1.8952709475  1.0000000000
-0.2400867672 -2.1269047844 -1.5359809369  1.0000000000
-0.2400406083 -2.1183874889 -1.1766248930  1.0000000000
-0.2399702482 -2.1057088723 -0.6374723018  1.0000000000
-0.2398985429 -2.0931472079 -0.0981842896  1.0000000000
-0.2398254934 -2.0807026795  0.4412312481  1.0000000000
-0.2401447712 -2.1323619647 -1.8657433187  1.0000000000
-0.2400992116 -2.1237926455 -1.5064546523  1.0000000000
-0.2400530534 -2.1152751739 -1.1471000168  1.0000000000
-0.2400297499 -2.1110359023 -0.9673988638  1.0000000000
-0.2401571309 -2.1292573244 -1.8362103503  1.0000000000
-0.2400421114 -2.1079308239 -0.9378696505  1.0000000000
-0.2399950565 -2.0994910639 -0.5784220598  1.0000000000
-0.2399233531 -2.0869289304 -0.0391389669  1.0000000000
-0.2401467024 -2.1218686807 -1.6270374487  1.0000000000
-0.2401238486 -2.1175903253 -1.4473864204  1.0000000000
-0.2400776918 -2.1090725092 -1.0880349308  1.0000000000
-0.2400543890 -2.1048330704 -0.9083353989  1.0000000000
-0.2399835834 -2.0921926893 -0.3691441273  1.0000000000
-0.2401019944 -2.1028991504 -1.0289495802  1.0000000000
-0.1162999012  0.3676391100 -1.4894036429  2.0000000000
-0.1163440254  0.3677544148 -1.6438887852  2.0000000000
-0.1162882305  0.3750028305 -1.2741555707  2.0000000000
-0.1163323909  0.3751246018 -1.4286461647  2.0000000000
-0.1162764317  0.3823443703 -1.0588861819  2.0000000000
-0.1162926076  0.3860753849 -1.0284944580  2.0000000000
-0.1163087377  0.3897984275 -0.9980966795  2.0000000000
-0.1163248222  0.3935134947 -0.9676928744  2.0000000000
-0.1162967191  0.3971020283 -0.7827909451  2.0000000000
-0.1163568539  0.4009196893 -0.9068672954  2.0000000000
-0.1163165119  0.4117740213 -0.5066215294  2.0000000000
-0.1162882446  0.4153339283 -0.3216938927  2.0000000000
-0.1164203684  0.4156362244 -0.7851450418  2.0000000000
-0.1163074602  0.4299059118 -0.0454389642  2.0000000000
-0.1163798416  0.4264593489 -0.3848647171  2.0000000000
-0.1164518509  0.4229465110 -0.7242488130  2.0000000000
-0.1164675234  0.4265896474 -0.6937920206  2.0000000000
-0.1164268580  0.4373893081 -0.2934872542  2.0000000000
-0.1163858189  0.4481233823  0.1068682400  2.0000000000
-0.1165142657  0.4374709888 -0.6023872661  2.0000000000
-0.1164861603  0.4410606740 -0.4174693180  2.0000000000
-0.1164013531  0.4517428295  0.1373461924  2.0000000000
-0.1164038512  0.4624895441  0.3832782008  2.0000000000
-0.1165324893  0.4518701074 -0.3260108480  2.0000000000
-0.1164760321  0.4590065428  0.0438615217  2.0000000000
-0.1173551933  0.3414811585 -5.8372798560  2.0000000000
-0.1165631457  0.4590362517 -0.2650108665  2.0000000000
-0.1164783364  0.4697196486  0.2898169777  2.0000000000
-0.1174113848  0.3446023966 -5.9607979337  2.0000000000
-0.1166065111  0.4590170687 -0.4194255699  2.0000000000
-0.1165784050  0.4626072706 -0.2345026591  2.0000000000
-0.1165502170  0.4661829819 -0.0495693396  2.0000000000
-0.1173752578  0.3561921362 -5.5613459435  2.0000000000
-0.1165088084  0.4768541203  0.3508425816  2.0000000000
-0.1164803748  0.4803863975  0.5358057782  2.0000000000
-0.1173646298  0.3637377032 -5.3463378279  2.0000000000
-0.1164955417  0.4839416390  0.5663269661  2.0000000000
-0.1164670262  0.4874594707  0.7512997703  2.0000000000
-0.1174312551  0.3592794936 -5.6848421684  2.0000000000
-0.1173279124  0.3752264548 -4.9467510855  2.0000000000
-0.1165957187  0.4768480243  0.0419894842  2.0000000000
-0.1165106627  0.4874888297  0.5968533129  2.0000000000
-0.1164821471  0.4910067319  0.7818265511  2.0000000000
-0.1173948241  0.3708175260 -5.2853234504  2.0000000000
-0.1173429867  0.3787626172 -4.9162386315  2.0000000000
-0.1166670888  0.4732203908 -0.2973407939  2.0000000000
-0.1166107940  0.4803869413  0.0725197300  2.0000000000
-0.1166821181  0.4767511000 -0.2668060670  2.0000000000
-0.1165692007  0.4910264814  0.4729564856  2.0000000000
-0.1165122509  0.4980770860  0.8428953083  2.0000000000
-0.1173989566  0.3818452329 -5.0397467780  2.0000000000
-0.1173208275  0.3936990928 -4.4860332858  2.0000000000
-0.1164986363  0.5051037479  1.0584201992  2.0000000000
-0.1173357634  0.3972114214 -4.4554991382  2.0000000000
-0.1172568875  0.4089364300 -3.9016262744  2.0000000000
-0.1167680058  0.4765633491 -0.5755408957  2.0000000000
-0.1167400633  0.4801830965 -0.3906361444  2.0000000000
-0.1166274732  0.4945170955  0.3490883365  2.0000000000
-0.1153984352  0.6279862871  7.9367458947  2.0000000000
-0.1153667673  0.6309336444  8.1218384120  2.0000000000
-0.1168662317  0.4691233402 -1.0996377285  2.0000000000
-0.1168385357  0.4727866174 -0.9147669359  2.0000000000
-0.1168107574  0.4764354147 -0.7298845401  2.0000000000
-0.1167828970  0.4800697288 -0.5449906999  2.0000000000
-0.1166706348  0.4944620379  0.1946931572  2.0000000000
-0.1165855777  0.5051039094  0.7495614526  2.0000000000
-0.1165570617  0.5086221478  0.9345360140  2.0000000000
-0.1165284640  0.5121258508  1.1195193111  2.0000000000
-0.1173654964  0.4042119705 -4.3944110764  2.0000000000
-0.1173129961  0.4120434811 -4.0251770381  2.0000000000
-0.1172336235  0.4236829188 -3.4712006149  2.0000000000
-0.1170726432  0.4465730035 -2.3628255575  2.0000000000
-0.1169910378  0.4578233151 -1.8084431531  2.0000000000
-0.1169362220  0.4652512903 -1.4387881012  2.0000000000
-0.1168810768  0.4726214141 -1.0690828799  2.0000000000
-0.1165719066  0.5121210304  0.9650928227  2.0000000000
-0.1154281542  0.6349942120  7.9978394029  2.0000000000
-0.1171683038  0.4386819044 -2.8865233322  2.0000000000
-0.1169510209  0.4687411324 -1.4082281841  2.0000000000
-0.1167284675  0.4978747323  0.0708740349  2.0000000000
-0.1166436559  0.5085605736  0.6257141150  2.0000000000
-0.1166152216  0.5120934733  0.8106798425  2.0000000000
-0.1165294280  0.5226049467  1.3656297715  2.0000000000
-0.1165006667  0.5260796773  1.5506296716  2.0000000000
-0.1154429451  0.6384860082  8.0283903120  2.0000000000
-0.1154112761  0.6414333354  8.2134811763  2.0000000000
-0.1173425446  0.4190123220 -3.9640609414  2.0000000000
-0.1172631730  0.4306524178 -3.4100819678  2.0000000000
-0.1170478733  0.4610587421 -1.9321268132  2.0000000000
-0.1167993516  0.4941605348 -0.2684024230  2.0000000000
-0.1165728603  0.5225984556  1.2112044964  2.0000000000
-0.1154576903  0.6419696894  8.0589439540  2.0000000000
-0.1173308754  0.4263791947 -3.7488498273  2.0000000000
-0.1170897812  0.4607818060 -2.0863513886  2.0000000000
-0.1170079291  0.4719896008 -1.5319263042  2.0000000000
-0.1165588873  0.5295625615  1.4267675281  2.0000000000
-0.1155354896  0.6395064182  7.7193129691  2.0000000000
-0.1154723898  0.6454452524  8.0895003007  2.0000000000
-0.1172392092  0.4452782031 -2.9795379598  2.0000000000
-0.1171855501  0.4529090431 -2.6100766893  2.0000000000
-0.1171044412  0.4642471008 -2.0557751587  2.0000000000
-0.1165159433  0.5399644715  1.8273502925  2.0000000000
-0.1155501440  0.6429738814  7.7498734969  2.0000000000
-0.1172805277  0.4448978076 -3.1336650297  2.0000000000
-0.1169822235  0.4863125492 -1.1010856018  2.0000000000
-0.1169546100  0.4899907853 -0.9162262840  2.0000000000
-0.1168991362  0.4973038110 -0.5464717547  2.0000000000
-0.1167872024  0.5117558774  0.1931707863  2.0000000000
-0.1167590138  0.5153326143  0.3781075535  2.0000000000
-0.1166739563  0.5259756579  0.9329756214  2.0000000000
-0.1166454401  0.5294942645  1.1179499080  2.0000000000
-0.1165016330  0.5468689828  2.0429449344  2.0000000000
-0.1164726267  0.5503002235  2.2279665225  2.0000000000
-0.1155961831  0.6434417224  7.5953414030  2.0000000000
-0.1155647526  0.6464332218  7.7804367864  2.0000000000
-0.1155332421  0.6494099844  7.9655299662  2.0000000000
-0.1155016516  0.6523720109  8.1506209967  2.0000000000
-0.1172147305  0.4598148739 -2.5489074967  2.0000000000
-0.1171336224  0.4711534827 -1.9946054649  2.0000000000
-0.1169691781  0.4934404376 -0.8856386902  2.0000000000
-0.1168017708  0.5152059594  0.2237576667  2.0000000000
-0.1166314105  0.5364487687  1.3335184004  2.0000000000
-0.1165451260  0.5468737667  1.8885151319  2.0000000000
-0.1156420970  0.6438867175  7.4408114488  2.0000000000
-0.1156107462  0.6468929468  7.6259082666  2.0000000000
-0.1155478047  0.6528611872  7.9960951328  2.0000000000
-0.1171481436  0.4745945633 -1.9640120570  2.0000000000
-0.1170936589  0.4820815789 -1.5944081625  2.0000000000
-0.1169003662  0.5078302504 -0.3003975795  2.0000000000
-0.1168724239  0.5114506638 -0.1154924495  2.0000000000
-0.1167314814  0.5293349618  0.8091876875  2.0000000000
-0.1166745308  0.5363869485  1.1791263059  2.0000000000
-0.1164726291  0.5606102616  2.4741666069  2.0000000000
-0.1155938325  0.6533275217  7.8415715390  2.0000000000
-0.1171626186  0.4780275663 -1.9334129792  2.0000000000
-0.1170807681  0.4892366460 -1.3789878115  2.0000000000
-0.1167743100  0.5292211842  0.6548283513  2.0000000000
-0.1166890069  0.5398211473  1.2097215851  2.0000000000
-0.1166604089  0.5433253710  1.3947035587  2.0000000000
-0.1164286848  0.5708345967  2.8748324389  2.0000000000
-0.1172041654  0.4776871332 -2.0875893984  2.0000000000
-0.1170402180  0.5000623519 -0.9787025994  2.0000000000
-0.1169571317  0.5110545092 -0.4240906967  2.0000000000
-0.1167034369  0.5432472464  1.2403215471  2.0000000000
-0.1165885543  0.5571769693  1.9802961686  2.0000000000
-0.1165015350  0.5674712238  2.5353555361  2.0000000000
-0.1163843685  0.5809925600  3.2755237839  2.0000000000
-0.1157479747  0.6481350510  7.1623393038  2.0000000000
-0.1157167836  0.6511707095  7.3474359910  2.0000000000
-0.1156855123  0.6541916382  7.5325313114  2.0000000000
-0.1168595825  0.5289253763  0.3461551185  2.0000000000
-0.1163987522  0.5844110201  3.3061221446  2.0000000000
-0.1158863173  0.6392639443  6.4525290479  2.0000000000
-0.1157311639  0.6545894236  7.3780158185  2.0000000000
-0.1172057655  0.4882780775 -1.8415820062  2.0000000000
-0.1171512819  0.4957657538 -1.4719795799  2.0000000000
-0.1170136296  0.5142316156 -0.5477506857  2.0000000000
-0.1168739199  0.5323349870  0.3767668239  2.0000000000
-0.1167035604  0.5535795108  1.4865159240  2.0000000000
-0.1166172759  0.5640052407  2.0415057181  2.0000000000
-0.1165302565  0.5742997451  2.5965615039  2.0000000000
-0.1164425035  0.5844628733  3.1516751518  2.0000000000
-0.1163835946  0.5911652319  3.5217790597  2.0000000000
-0.1158078012  0.6519139812  7.0384077594  2.0000000000
-0.1171382065  0.5028887843 -1.2565383397  2.0000000000
-0.1170832282  0.5102897734 -0.8868592641  2.0000000000
-0.1170001429  0.5212825671 -0.3322505969  2.0000000000
-0.1168317525  0.5428762956  0.7772617852  2.0000000000
-0.1166315675  0.5674072080  2.0721170663  2.0000000000
-0.1163386518  0.6012113946  3.9225066125  2.0000000000
-0.1160984719  0.6272011161  5.4031425955  2.0000000000
-0.1160680853  0.6303838279  5.5882338119  2.0000000000
-0.1159764413  0.6398438324  6.1435157518  2.0000000000
-0.1159457321  0.6429677733  6.3286115035  2.0000000000
-0.1159149423  0.6460770089  6.5137076452  2.0000000000
-0.1157597870  0.6614024320  7.4391837355  2.0000000000
-0.1172070983  0.4988225394 -1.5955394950  2.0000000000
-0.1170698597  0.5173615501 -0.6713770343  2.0000000000
-0.1169585860  0.5319318491  0.0681677043  2.0000000000
-0.1167606952  0.5568705829  1.3627676630  2.0000000000
-0.1165296239  0.5844981868  2.8428146785  2.0000000000
-0.1165003728  0.5878859658  3.0278511303  2.0000000000
-0.1159906853  0.6432381568  6.1741117385  2.0000000000
-0.1159291859  0.6494713321  6.5443014423  2.0000000000
-0.1158983154  0.6525658563  6.7293966954  2.0000000000
-0.1171940129  0.5059439246 -1.3801008714  2.0000000000
-0.1171666478  0.5096662854 -1.1952813277  2.0000000000
-0.1168318443  0.5532034058  1.0234592423  2.0000000000
-0.1167462964  0.5637606593  1.5783691701  2.0000000000
-0.1166888552  0.5707259920  1.9483505642  2.0000000000
-0.1166020808  0.5810646228  2.5033787625  2.0000000000
-0.1165729927  0.5844816457  2.6884019124  2.0000000000
-0.1163967539  0.6046769301  3.7986643098  2.0000000000
-0.1163075370  0.6145770633  4.3538613039  2.0000000000
-0.1162776358  0.6178478116  4.5389347323  2.0000000000
-0.1162175902  0.6243453300  4.9090913208  2.0000000000
-0.1161874460  0.6275720909  5.0941739499  2.0000000000
-0.1160965280  0.6371643137  5.6494353492  2.0000000000
-0.1160048832  0.6466243394  6.2047107998  2.0000000000
-0.1170705145  0.5277877423 -0.4252443271  2.0000000000
-0.1170427375  0.5314377037 -0.2403647895  2.0000000000
-0.1169308070  0.5458923618  0.4992621749  2.0000000000
-0.1162917886  0.6212257811  4.5695468890  2.0000000000
-0.1172222684  0.5126888678 -1.3188215473  2.0000000000
-0.1171674564  0.5201194036 -0.9491716263  2.0000000000
-0.1169167252  0.5528388157  0.7148297213  2.0000000000
-0.1166882719  0.5809338815  2.1946056284  2.0000000000
-0.1165134996  0.6013925706  3.3047504782  2.0000000000
-0.1164250138  0.6114245779  3.8599004457  2.0000000000
-0.1162458495  0.6310931840  4.9703148142  2.0000000000
-0.1161551736  0.6407294949  5.5255629539  2.0000000000
-0.1159098186  0.6657797178  7.0062830754  2.0000000000
-0.1170151020  0.5454238604  0.1907069354  2.0000000000
-0.1169589729  0.5526223650  0.5605385755  2.0000000000
-0.1168457297  0.5668448480  1.3003188212  2.0000000000
-0.1168172139  0.5703640747  1.4852864623  2.0000000000
-0.1167311755  0.5808343188  2.0402388385  2.0000000000
-0.1167023325  0.5842952355  2.2252384211  2.0000000000
-0.1166444014  0.5911732890  2.5952590191  2.0000000000
-0.1165861439  0.5979929312  2.9653061394  2.0000000000
-0.1161083789  0.6504420164  5.9263487324  2.0000000000
-0.1160472010  0.6567340063  6.2965261515  2.0000000000
-0.1160164911  0.6598579394  6.4816159061  2.0000000000
-0.1170849152  0.5415198353 -0.1484340316  2.0000000000
-0.1170291153  0.5487765708  0.2213538772  2.0000000000
-0.1167451898  0.5841875034  2.0708768231  2.0000000000
-0.1164530892  0.6181396731  3.9211514804  2.0000000000
-0.1163638719  0.6280400334  4.4763354531  2.0000000000
-0.1161223930  0.6537956048  5.9569625001  2.0000000000
-0.1159997142  0.6663207322  6.6973142933  2.0000000000
-0.1172094930  0.5301764162 -0.8572171005  2.0000000000
-0.1171266582  0.5412141002 -0.3026571539  2.0000000000
-0.1168737113  0.5735427518  1.3616068141  2.0000000000
-0.1167879189  0.5840569740  1.9165289896  2.0000000000
-0.1167013903  0.5944399405  2.4715213797  2.0000000000
-0.1166141268  0.6046914992  3.0265758559  2.0000000000
-0.1165555433  0.6114527927  3.3966426274  2.0000000000
-0.1164670576  0.6214850058  3.9517825147  2.0000000000
-0.1163179563  0.6379123925  4.8771014493  2.0000000000
-0.1162577482  0.6443806835  5.2472520260  2.0000000000
-0.1161668290  0.6539729909  5.8024949832  2.0000000000
-0.1172782228  0.5260814336 -1.1961994650  2.0000000000
-0.1171958834  0.5372063137 -0.6417148543  2.0000000000
-0.1171128020  0.5482006569 -0.0871222611  2.0000000000
-0.1170289796  0.5590643021  0.4675701921  2.0000000000
-0.1168305198  0.5839036469  1.7621952775  2.0000000000
-0.1167730796  0.5908694679  2.1321654638  2.0000000000
-0.1167442368  0.5943304936  2.3171619156  2.0000000000
-0.1163917626  0.6347226468  4.5375936353  2.0000000000
-0.1163318786  0.6412496458  4.9077296276  2.0000000000
-0.1162414448  0.6509300804  5.4629551008  2.0000000000
-0.1173465749  0.5219201137 -1.5351217537  2.0000000000
-0.1171544518  0.5478785542 -0.2413338228  2.0000000000
-0.1169582924  0.5731256203  1.0530115709  2.0000000000
-0.1169299410  0.5766741546  1.2379575468  2.0000000000
-0.1161336098  0.6669607645  6.2339045317  2.0000000000
-0.1172235834  0.5438542734 -0.5803779560  2.0000000000
-0.1171959724  0.5475336858 -0.3955273439  2.0000000000
-0.1171682789  0.5511985894 -0.2106648194  2.0000000000
-0.1170003899  0.5728828748  0.8987376423  2.0000000000
-0.1169437696  0.5799945922  1.2686181110  2.0000000000
-0.1169153364  0.5835286046  1.4535719651  2.0000000000
-0.1173741796  0.5285511666 -1.4737654769  2.0000000000
-0.1172648920  0.5434720793 -0.7345396862  2.0000000000
-0.1171264262  0.5617968382  0.1897654695  2.0000000000
-0.1170984859  0.5654182147  0.3746599880  2.0000000000
-0.1169859029  0.5797582678  1.1143393852  2.0000000000
-0.1169575518  0.5833068890  1.2992830784  2.0000000000
-0.1169291187  0.5868409425  1.4842357462  2.0000000000
-0.1169006037  0.5903604213  1.6691970167  2.0000000000
-0.1173334342  0.5393440751 -1.0734943005  2.0000000000
-0.1172510976  0.5504697142 -0.5190211886  2.0000000000
-0.1173471209  0.5426394120 -1.0428052383  2.0000000000
-0.1172094820  0.5611098907 -0.1186287943  2.0000000000
-0.1174693840  0.5308890256 -1.7512188607  2.0000000000
-0.1173880408  0.5421889483 -1.1969079216  2.0000000000
-0.1173059535  0.5533584549 -0.6424790732  2.0000000000
-0.1172784260  0.5570526117 -0.4576447766  2.0000000000
-0.1173469925  0.5529289050 -0.7966035825  2.0000000000
-0.1174694914  0.5412197518 -1.5050518538  2.0000000000
-0.1174151810  0.5487388107 -1.1355022347  2.0000000000
-0.1175638345  0.5330949616 -2.0285562351  2.0000000000
-0.1174829910  0.5444823454 -1.4743389270  2.0000000000
-0.1174964441  0.5477367950 -1.4436208912  2.0000000000
-0.1175368806  0.5472016551 -1.5976481603  2.0000000000
-0.1174827378  0.5547500530 -1.2281337699  2.0000000000
-0.1176708413  0.5383986313 -2.2750327956  2.0000000000
-0.1176173631  0.5460631033 -1.9056373321  2.0000000000
-0.1176306287  0.5492847652 -1.8748946220  2.0000000000
-0.1175497905  0.5606730943 -1.3206982206  2.0000000000
-0.1177104957  0.5480387647 -2.1827801549  2.0000000000
-0.1176837992  0.5518784317 -1.9980941778  2.0000000000
-0.1176301575  0.5595143310 -1.6286790206  2.0000000000
-0.1176969244  0.5550755581 -1.9673344978  2.0000000000
-0.1177366984  0.5544247309 -2.1212523783  2.0000000000
-0.1177893258  0.5569236640 -2.2443678631  2.0000000000
-0.1177092419  0.5684433720 -1.6903314605  2.0000000000
-0.1177489578  0.5677824050 -1.8442449654  2.0000000000
-0.1178416812  0.5593752107 -2.3674403363  2.0000000000
-0.1178151537  0.5632441716 -2.1827954869  2.0000000000
-0.1178279976  0.5663921642 -2.1520016629  2.0000000000
-0.1177746941  0.5740867925 -1.7826701061  2.0000000000
-0.1177210584  0.5817234802 -1.4132804223  2.0000000000
-0.1178002432  0.5803584585 -1.7210754853  2.0000000000
-0.1177466094  0.5879953506 -1.3516940937  2.0000000000
-0.1177593147  0.5911190045 -1.3208937583  2.0000000000
-0.1177323737  0.5949157590 -1.1361837615  2.0000000000
-0.1177719733  0.5942344672 -1.2900886797  2.0000000000
 0.0142061572  1.6549256358  0.1217202182  3.0000000000
 0.0142925262  1.6640779703  0.6809642470  3.0000000000
 0.0143213372  1.6670984007  0.8673950541  3.0000000000
 0.0143501587  1.6701036492  1.0538334270  3.0000000000
 0.0141190419  1.6555850760 -0.1885625734  3.0000000000
 0.0142053455  1.6648286080  0.3706209155  3.0000000000
 0.0143205670  1.6769409018  1.1163156609  3.0000000000
 0.0143782412  1.6829059250  1.4892076360  3.0000000000
 0.0144648307  1.6917394452  2.0485944847  3.0000000000
 0.0139893383  1.6464537374 -0.9027435269  3.0000000000
 0.0140467755  1.6527525457 -0.5300435899  3.0000000000
 0.0141617813  1.6651683524  0.2154732290  3.0000000000
 0.0142481490  1.6743209634  0.7747035351  3.0000000000
 0.0144211704  1.6922161224  1.8933670502  3.0000000000
 0.0144500438  1.6951454357  2.0798337200  3.0000000000
 0.0139745603  1.6498507861 -0.8714739069  3.0000000000
 0.0140894779  1.6623879691 -0.1260404114  3.0000000000
 0.0141182346  1.6654843785  0.0603420070  3.0000000000
 0.0141470021  1.6685656239  0.2467334760  3.0000000000
 0.0143775270  1.6926690624  1.7381531427  3.0000000000
 0.0144063899  1.6956136039  1.9246120933  3.0000000000
 0.0139023968  1.6468798174 -1.2128510608  3.0000000000
 0.0139310873  1.6500671521 -1.0265306429  3.0000000000
 0.0140172252  1.6595383213 -0.4675056614  3.0000000000
 0.0140459599  1.6626650825 -0.2811437573  3.0000000000
 0.0140747055  1.6657766867 -0.0947722845  3.0000000000
 0.0141322294  1.6719544066  0.2779982970  3.0000000000
 0.0141610075  1.6750205116  0.4643967632  3.0000000000
 0.0141897964  1.6780714401  0.6508036205  3.0000000000
 0.0142474063  1.6841277488  1.0236413311  3.0000000000
 0.0142762272  1.6871331184  1.2100715417  3.0000000000
 0.0143050586  1.6901232925  1.3965089659  3.0000000000
 0.0144204890  1.7019319288  2.1423242635  3.0000000000
 0.0139450239  1.6566194309 -0.8089199500  3.0000000000
 0.0140599396  1.6691569143 -0.0634994985  3.0000000000
 0.0141174631  1.6753346973  0.3092676633  3.0000000000
 0.0142614600  1.6905135349  1.2413320623  3.0000000000
 0.0142902913  1.6935037286  1.4277676663  3.0000000000
 0.0143191331  1.6964787189  1.6142100920  3.0000000000
 0.0144634983  1.7111254608  2.5465145323  3.0000000000
 0.0138441956  1.6504287633 -1.3365868892  3.0000000000
 0.0140164350  1.6694169767 -0.2185901292  3.0000000000
 0.0140451802  1.6725286487 -0.0322220820  3.0000000000
 0.0140739363  1.6756251556  0.1541552324  3.0000000000
 0.0141314810  1.6817726547  0.5269364853  3.0000000000
 0.0141602695  1.6848236363  0.7133397813  3.0000000000
 0.0141890687  1.6878594334  0.8997511671  3.0000000000
 0.0142755303  1.6968756642  1.4590305424  3.0000000000
 0.0143332241  1.7028104691  1.8319181430  3.0000000000
 0.0143909597  1.7086844175  2.2048307137  3.0000000000
 0.0138007772  1.6505740063 -1.4915856828  3.0000000000
 0.0138294444  1.6537917361 -1.3052926407  3.0000000000
 0.0138868126  1.6601817968 -0.9326728127  3.0000000000
 0.0140591831  1.6789884243  0.1854354357  3.0000000000
 0.0140879498  1.6820697905  0.3718199177  3.0000000000
 0.0141167273  1.6851359791  0.5582130076  3.0000000000
 0.0141455157  1.6881869859  0.7446144377  3.0000000000
 0.0141743147  1.6912228063  0.9310239405  3.0000000000
 0.0143184692  1.7061739312  1.8631812476  3.0000000000
 0.0144050877  1.7149620516  2.4225526730  3.0000000000
 0.0139869360  1.6761348898 -0.1560178662  3.0000000000
 0.0140156807  1.6792466256  0.0303465280  3.0000000000
 0.0140444364  1.6823431928  0.2167201554  3.0000000000
 0.0140732029  1.6854245868  0.4031027485  3.0000000000
 0.0141019802  1.6884908014  0.5894939325  3.0000000000
 0.0141595672  1.6945776752  0.9623010029  3.0000000000
 0.0141883767  1.6975983238  1.1487162468  3.0000000000
 0.0142748690  1.7065690594  1.7080052803  3.0000000000
 0.0144192321  1.7212159593  2.6402796979  3.0000000000
 0.0138573287  1.6668824257 -0.8700765908  3.0000000000
 0.0139434628  1.6763541633 -0.3110778168  3.0000000000
 0.0139721963  1.6794810957 -0.1247248182  3.0000000000
 0.0140009408  1.6825928620  0.0616376642  3.0000000000
 0.0140296961  1.6856894579  0.2480093628  3.0000000000
 0.0141160274  1.6948881727  0.8071767591  3.0000000000
 0.0141448260  1.6979240370  0.9935823256  3.0000000000
 0.0142601271  1.7099154889  1.7392784469  3.0000000000
 0.0142889787  1.7128753264  1.9257194422  3.0000000000
 0.0143178409  1.7158199448  2.1121666559  3.0000000000
 0.0143755963  1.7216635020  2.4850783466  3.0000000000
 0.0137565640  1.6606118274 -1.3976678465  3.0000000000
 0.0138139079  1.6670324096 -1.0250812336  3.0000000000
 0.0138712966  1.6733924255 -0.6524505457  3.0000000000
 0.0139000077  1.6765497079 -0.4661194496  3.0000000000
 0.0139287299  1.6796918333 -0.2797782443  3.0000000000
 0.0139862073  1.6859305929  0.0929333163  3.0000000000
 0.0140437285  1.6921086634  0.4656816742  3.0000000000
 0.0140725053  1.6951749273  0.6520688759  3.0000000000
 0.0141012930  1.6982260038  0.8384643670  3.0000000000
 0.0141300914  1.7012618886  1.0248678800  3.0000000000
 0.0141589005  1.7042825756  1.2112790398  3.0000000000
 0.0141877203  1.7072880604  1.3976975791  3.0000000000
 0.0142165507  1.7102783387  1.5841232300  3.0000000000
 0.0142453917  1.7132534045  1.7705556178  3.0000000000
 0.0142742431  1.7162132535  1.9569944748  3.0000000000
 0.0137418394  1.6639407703 -1.3663519788  3.0000000000
 0.0138852816  1.6798788391 -0.4348132846  3.0000000000
 0.0139140035  1.6830209966 -0.2484740708  3.0000000000
 0.0139427364  1.6861479908 -0.0621250324  3.0000000000
 0.0139714804  1.6892598154  0.1242334558  3.0000000000
 0.0140002352  1.6923564658  0.3106011264  3.0000000000
 0.0140290010  1.6954379376  0.4969777118  3.0000000000
 0.0140865651  1.7015553227  0.8697562348  3.0000000000
 0.0141153633  1.7045912271  1.0561576374  3.0000000000
 0.0141441722  1.7076119318  1.2425666700  3.0000000000
 0.0141729917  1.7106174326  1.4289830649  3.0000000000
 0.0142018219  1.7136077251  1.6154065547  3.0000000000
 0.0143461305  1.7283308828  2.5476191271  3.0000000000
 0.0144039266  1.7341135159  2.9205429721  3.0000000000
 0.0138131522  1.6768696064 -0.7761463283  3.0000000000
 0.0138992837  1.6863416503 -0.2171653250  3.0000000000
 0.0139567600  1.6925805262  0.1555380540  3.0000000000
 0.0139855146  1.6956772025  0.3419036252  3.0000000000
 0.0140430565  1.7018250078  0.7146610864  3.0000000000
 0.0141582696  1.7139382867  1.4602726115  3.0000000000
 0.0141870996  1.7169285924  1.6466938832  3.0000000000
 0.0142159401  1.7199036821  1.8331218577  3.0000000000
 0.0142736528  1.7258081960  2.2059968452  3.0000000000
 0.0137410755  1.6737911220 -1.1174237587  3.0000000000
 0.0139133028  1.6927808435  0.0004928155  3.0000000000
 0.0140571288  1.7081884113  0.9323526357  3.0000000000
 0.0140859265  1.7112243521  1.1187496470  3.0000000000
 0.0141435540  1.7172506197  1.4915661902  3.0000000000
 0.0142012241  1.7232160380  1.8644108696  3.0000000000
 0.0143166904  1.7349641696  2.6101747857  3.0000000000
 0.0137837342  1.6834851829 -0.7135025344  3.0000000000
 0.0138411428  1.6898151681 -0.3408671289  3.0000000000
 0.0138698638  1.6929574166 -0.1545342307  3.0000000000
 0.0140712179  1.7145281327  1.1500518418  3.0000000000
 0.0141000260  1.7175488853  1.3364541513  3.0000000000
 0.0141288449  1.7205544285  1.5228637723  3.0000000000
 0.0141576744  1.7235447580  1.7092804372  3.0000000000
 0.0142730980  1.7353538349  2.4550110036  3.0000000000
 0.0143019800  1.7382680202  2.6414581228  3.0000000000
 0.0139126382  1.7024915589  0.2494783142  3.0000000000
 0.0140853237  1.7208441546  1.3677580800  3.0000000000
 0.0141429716  1.7268400501  1.7405796055  3.0000000000
 0.0142295229  1.7357197244  2.2998612761  3.0000000000
 0.0138404703  1.6995391078 -0.0918851908  3.0000000000
 0.0138692017  1.7026662398  0.0944529525  3.0000000000
 0.0139554620  1.7119565463  0.6535225017  3.0000000000
 0.0140130234  1.7180741263  1.0262784703  3.0000000000
 0.0141571150  1.7331019376  1.9583011289  3.0000000000
 0.0139120098  1.7121530922  0.4984811446  3.0000000000
 0.0139983347  1.7213523077  1.0575952962  3.0000000000
 0.0141135856  1.7334050381  1.8031895813  3.0000000000
 0.0142290064  1.7452141769  2.5488902929  3.0000000000
 0.0139548671  1.7215707341  0.9025390292  3.0000000000
 0.0140412561  1.7306787747  1.4616937693  3.0000000000
 0.0140989024  1.7366747278  1.8345003316  3.0000000000
 0.1463669508  0.8246444212 -7.4962118855  4.0000000000
 0.1465458682  0.8424859820 -6.3928082353  4.0000000000
 0.1464426745  0.8375275625 -6.9137196885  4.0000000000
 0.1464724642  0.8404939755 -6.7298079154  4.0000000000
 0.1465021936  0.8434457398 -6.5458791939  4.0000000000
 0.1465910199  0.8522131325 -5.9939918596  4.0000000000
 0.1466499355  0.8579847601 -5.6259858317  4.0000000000
 0.1466793025  0.8608485663 -5.4419595864  4.0000000000
 0.1463688746  0.8354389574 -7.2506154116  4.0000000000
 0.1464286344  0.8414159411 -6.8828422920  4.0000000000
 0.1464881536  0.8473343693 -6.5149984830  4.0000000000
 0.1465474317  0.8531941977 -6.1470867318  4.0000000000
 0.1465769802  0.8561021223 -5.9631063026  4.0000000000
 0.1466064683  0.8589953827 -5.7791097859  4.0000000000
 0.1466945697  0.8675871373 -5.2270263508  4.0000000000
 0.1463248298  0.8363083773 -7.4035950147  4.0000000000
 0.1463547999  0.8393189551 -7.2197335663  4.0000000000
 0.1465037484  0.8541522335 -6.3001612347  4.0000000000
 0.1465333574  0.8570749425 -6.1161952801  4.0000000000
 0.1465923942  0.8628763597 -5.7482152659  4.0000000000
 0.1463107207  0.8401801188 -7.3727069710  4.0000000000
 0.1464599703  0.8550872487 -6.4532142727  4.0000000000
 0.1464896396  0.8580247293 -6.2692638210  4.0000000000
 0.1465782857  0.8667492042 -5.7173133931  4.0000000000
 0.1466370810  0.8724921649 -5.3492670506  4.0000000000
 0.1466663878  0.8753416211 -5.1652211725  4.0000000000
 0.1462665471  0.8410182674 -7.5256569127  4.0000000000
 0.1462965772  0.8440437323 -7.3418110977  4.0000000000
 0.1463863075  0.8530323216 -6.7901639084  4.0000000000
 0.1464458270  0.8589514915 -6.4223108298  4.0000000000
 0.1465641427  0.8706139127 -5.6864041957  4.0000000000
 0.1465935708  0.8734928459 -5.5023871787  4.0000000000
 0.1462523693  0.8448736184 -7.4947547461  4.0000000000
 0.1462823994  0.8478992145 -7.3109074232  4.0000000000
 0.1463123696  0.8509101824 -7.1270413326  4.0000000000
 0.1464019197  0.8598552213 -6.5753362705  4.0000000000
 0.1464316494  0.8628075985 -6.3913998661  4.0000000000
 0.1464909281  0.8686683786 -6.0234762475  4.0000000000
 0.1465793935  0.8773495253 -5.4714693445  4.0000000000
 0.1466673146  0.8858985342 -4.9193236451  4.0000000000
 0.1462681873  0.8517465618 -7.2799959755  4.0000000000
 0.1463579177  0.8607359106 -6.7283401072  4.0000000000
 0.1465062651  0.8754250810 -5.8085675247  4.0000000000
 0.1465357536  0.8783189079 -5.6245639405  4.0000000000
 0.1465945494  0.8840625241 -5.2565096045  4.0000000000
 0.1461938207  0.8495194256 -7.6167584444  4.0000000000
 0.1462539409  0.8555857706 -7.2490767832  4.0000000000
 0.1463734612  0.8675427744 -6.5134945743  4.0000000000
 0.1465215074  0.8821591874 -5.5936329392  4.0000000000
 0.1465509356  0.8850384489 -5.4096120688  4.0000000000
 0.1466096106  0.8907528977 -5.0415251691  4.0000000000
 0.1466680433  0.8964085701 -4.6733787586  4.0000000000
 0.1462396602  0.8594168374 -7.2181498744  4.0000000000
 0.1462553153  0.8662512340 -7.0033437828  4.0000000000
 0.1463150755  0.8722302263 -6.6355476530  4.0000000000
 0.1463448655  0.8751977450 -6.4516229102  4.0000000000
 0.1464042648  0.8810887808 -6.0837229774  4.0000000000
 0.1464338742  0.8840122996 -5.8997476796  4.0000000000
 0.1464634232  0.8869211366 -5.7157564821  4.0000000000
 0.1465517081  0.8955595488 -5.1636880123  4.0000000000
 0.1465810154  0.8984096340 -4.9796347969  4.0000000000
 0.1462109959  0.8670545312 -7.1562730208  4.0000000000
 0.1462409660  0.8700661310 -6.9724003153  4.0000000000
 0.1463007261  0.8760453661 -6.6046018142  4.0000000000
 0.1464195249  0.8878279004 -5.8687972994  4.0000000000
 0.1465079910  0.8965106934 -5.3167725622  4.0000000000
 0.1465666663  0.9022257643 -4.9486791173  4.0000000000
 0.1465959132  0.9050612550 -4.7646097831  4.0000000000
 0.1462863425  0.8798523507 -6.5736485123  4.0000000000
 0.1463161325  0.8828201052 -6.3897215046  4.0000000000
 0.1463458622  0.8857731881 -6.2057777327  4.0000000000
 0.1464346903  0.8945443986 -5.6538463524  4.0000000000
 0.1462121646  0.8776714612 -6.9104906826  4.0000000000
 0.1463017145  0.8866190477 -6.3587597196  4.0000000000
 0.1463611138  0.8925107695 -5.9908533115  4.0000000000
 0.1463907232  0.8954346220 -5.8068748515  4.0000000000
 0.1464497611  0.9012382640 -5.4388703295  4.0000000000
 0.1461977125  0.8814618876 -6.8795245740  4.0000000000
 0.1462276225  0.8844591942 -6.6956309443  4.0000000000
 0.1464058200  0.9021350079 -5.5919076060  4.0000000000
 0.1462727758  0.8941924400 -6.2968141269  4.0000000000
 0.2733762926 -1.1793562225  1.2276574504  5.0000000000
 0.2732879738 -1.1811544653  0.7216075392  5.0000000000
 0.2733384820 -1.1773630491  1.0791315421  5.0000000000
 0.2732241182 -1.1811397420  0.3943503566  5.0000000000
 0.2733004674 -1.1753911007  0.9306141583  5.0000000000
 0.2733256567 -1.1735021828  1.1093796781  5.0000000000
 0.2734004430 -1.1679173592  1.6457049924  5.0000000000
 0.2734740558 -1.1624554944  2.1820672787  5.0000000000
 0.2731855082 -1.1792300735  0.2458567924  5.0000000000
 0.2732112184 -1.1772865329  0.4246003669  5.0000000000
 0.2732367986 -1.1753566351  0.6033500690  5.0000000000
 0.2733127583 -1.1696488288  1.1396330668  5.0000000000
 0.2733378177 -1.1677735326  1.3184044052  5.0000000000
 0.2732997868 -1.1658029904  1.1698916804  5.0000000000
 0.2733248465 -1.1639276638  1.3486637677  5.0000000000
 0.2733497760 -1.1620659977  1.5274404776  5.0000000000
 0.2734237823 -1.1565629910  2.0637956742  5.0000000000
 0.2734481903 -1.1547559960  2.2425881029  5.0000000000
 0.2734724677 -1.1529626758  2.4213837684  5.0000000000
 0.2731851997 -1.1696026583  0.4851166890  5.0000000000
 0.2732107805 -1.1676726835  0.6638679660  5.0000000000
 0.2733615316 -1.1563795925  1.7364873983  5.0000000000
 0.2734594256 -1.1491241914  2.4516520950  5.0000000000
 0.2734835729 -1.1473445344  2.6304512173  5.0000000000
 0.2730158641 -1.1776385919 -0.5569911936  5.0000000000
 0.2730945572 -1.1716439186 -0.0208354031  5.0000000000
 0.2731205284 -1.1696729688  0.1578974719  5.0000000000
 0.2731463696 -1.1677156613  0.3366370412  5.0000000000
 0.2731976619 -1.1638419875  0.6941349280  5.0000000000
 0.2732231129 -1.1619256268  0.8728927324  5.0000000000
 0.2732736245 -1.1581338749  1.2304244715  5.0000000000
 0.2733236151 -1.1543967681  1.5879759045  5.0000000000
 0.2734220322 -1.1470865880  2.3031284067  5.0000000000
 0.2735421176 -1.1382566685  3.1971381956  5.0000000000
 0.2729495588 -1.1778804311 -0.8841239503  5.0000000000
 0.2729761796 -1.1758412627 -0.7054279212  5.0000000000
 0.2730026705 -1.1738157231 -0.5267238287  5.0000000000
 0.2731331773 -1.1638925658  0.3669079901  5.0000000000
 0.2731588888 -1.1619488654  0.5456545619  5.0000000000
 0.2732099216 -1.1581024203  0.9031656345  5.0000000000
 0.2732352427 -1.1561996823  1.0819295194  5.0000000000
 0.2732854945 -1.1524351902  1.4394726006  5.0000000000
 0.2733352252 -1.1487253644  1.7970340777  5.0000000000
 0.2733598950 -1.1468909584  1.9758210348  5.0000000000
 0.2735051745 -1.1361718114  3.0486109960  5.0000000000
 0.2729894040 -1.1700003781 -0.4964508044  5.0000000000
 0.2730157654 -1.1679884214 -0.3177382098  5.0000000000
 0.2730680986 -1.1640054222  0.0397092220  5.0000000000
 0.2731712055 -1.1562031723  0.7546847407  5.0000000000
 0.2732471699 -1.1504948643  1.2909778298  5.0000000000
 0.2732722310 -1.1486194216  1.4697523676  5.0000000000
 0.2732971618 -1.1467576479  1.6485314621  5.0000000000
 0.2733219623 -1.1449095457  1.8273148569  5.0000000000
 0.2733711723 -1.1412543679  2.1848934181  5.0000000000
 0.2733955817 -1.1394472985  2.3636879684  5.0000000000
 0.2734198606 -1.1376539121  2.5424856897  5.0000000000
 0.2734680269 -1.1341082022  2.9000893106  5.0000000000
 0.2734919142 -1.1323558827  3.0788948000  5.0000000000
 0.2729229519 -1.1702574749 -0.8235750398  5.0000000000
 0.2729760645 -1.1661925603 -0.4661721482  5.0000000000
 0.2730286579 -1.1621821893 -0.1087381602  5.0000000000
 0.2730547598 -1.1601974659  0.0699897506  5.0000000000
 0.2731065738 -1.1562689589  0.4274660207  5.0000000000
 0.2731322859 -1.1543251820  0.6062137638  5.0000000000
 0.2731578678 -1.1523950603  0.7849675360  5.0000000000
 0.2732338331 -1.1466866571  1.3212621524  5.0000000000
 0.2732588945 -1.1448111868  1.5000371663  5.0000000000
 0.2733086264 -1.1411012620  1.8576005588  5.0000000000
 0.2733578371 -1.1374460435  2.2151799573  5.0000000000
 0.2733822468 -1.1356389568  2.3939749016  5.0000000000
 0.2729361604 -1.1644179638 -0.6145939515  5.0000000000
 0.2730152459 -1.1583818091 -0.0784527443  5.0000000000
 0.2730413481 -1.1563970422  0.1002757198  5.0000000000
 0.2730673203 -1.1544259230  0.2790110690  5.0000000000
 0.2730931626 -1.1524684544  0.4577530469  5.0000000000
 0.2731444571 -1.1485944832  0.8152555535  5.0000000000
 0.2731952314 -1.1447751531  1.1727809814  5.0000000000
 0.2732204232 -1.1428859866  1.3515515336  5.0000000000
 0.2732454849 -1.1410104893  1.5303269692  5.0000000000
 0.2733444288 -1.1336452586  2.2454712824  5.0000000000
 0.2733688389 -1.1318381553  2.4242665662  5.0000000000
 0.2729755287 -1.1565874210 -0.2268836986  5.0000000000
 0.2730796784 -1.1486754871  0.4880453768  5.0000000000
 0.2731053909 -1.1467316362  0.6667940731  5.0000000000
 0.2731309734 -1.1448014445  0.8455487656  5.0000000000
 0.2731564259 -1.1428849149  1.0243091977  5.0000000000
 0.2731817482 -1.1409820513  1.2030750099  5.0000000000
 0.2732069404 -1.1390928563  1.3818459457  5.0000000000
 0.2732569341 -1.1353554841  1.7394020587  5.0000000000
 0.2732817355 -1.1335073133  1.9181866198  5.0000000000
 0.2733064067 -1.1316728230  2.0969751753  5.0000000000
 0.2733553579 -1.1280448973  2.4545629343  5.0000000000
 0.2728557431 -1.1609325831 -0.9113996780  5.0000000000
 0.2729356083 -1.1548143056 -0.3753026662  5.0000000000
 0.2730402784 -1.1468476062  0.3396001277  5.0000000000
 0.2730918340 -1.1429461735  0.6970920737  5.0000000000
 0.2731174168 -1.1410159478  0.8758471446  5.0000000000
 0.2731681921 -1.1371964926  1.2333740962  5.0000000000
 0.2731933845 -1.1353072697  1.4121453610  5.0000000000
 0.2732184468 -1.1334317201  1.5909214763  5.0000000000
 0.2732433788 -1.1315698478  1.7697020827  5.0000000000
 0.2732681806 -1.1297216553  1.9484869235  5.0000000000
 0.2732928520 -1.1278871453  2.1272757422  5.0000000000
 0.2733418038 -1.1242591864  2.4848639783  5.0000000000
 0.2733660841 -1.1224657427  2.6636628825  5.0000000000
 0.2728688629 -1.1551019447 -0.7024088831  5.0000000000
 0.2729483396 -1.1490244399 -0.1662865078  5.0000000000
 0.2730524911 -1.1411121783  0.5486458365  5.0000000000
 0.2730782041 -1.1391682556  0.7273952679  5.0000000000
 0.2731292401 -1.1353214034  1.0849117640  5.0000000000
 0.2732048182 -1.1296536554  1.6212261251  5.0000000000
 0.2732545526 -1.1259435461  1.9787920389  5.0000000000
 0.2734006271 -1.1151417496  3.0515747924  5.0000000000
 0.2734719025 -1.1099257961  3.5879994486  5.0000000000
 0.2728817806 -1.1492923856 -0.4934032892  5.0000000000
 0.2729608686 -1.1432556776  0.0427433149  5.0000000000
 0.2729869716 -1.1412707428  0.2214734464  5.0000000000
 0.2730900845 -1.1334675939  0.9364592920  5.0000000000
 0.2731155378 -1.1315509701  1.1152206461  5.0000000000
 0.2731408609 -1.1296480183  1.2939873311  5.0000000000
 0.2731660538 -1.1277587412  1.4727590902  5.0000000000
 0.2731911166 -1.1258831417  1.6515356670  5.0000000000
 0.2732160492 -1.1240212235  1.8303167019  5.0000000000
 0.2732408516 -1.1221729892  2.0091019384  5.0000000000
 0.2732655236 -1.1203384415  2.1878911199  5.0000000000
 0.2734108174 -1.1096187468  3.2606920100  5.0000000000
 0.2728146291 -1.1496226423 -0.8204841155  5.0000000000
 0.2728944961 -1.1435039214 -0.2843834963  5.0000000000
 0.2729731952 -1.1375080341  0.2517862018  5.0000000000
 0.2730250121 -1.1335790601  0.6092671781  5.0000000000
 0.2731270858 -1.1258851096  1.3243014241  5.0000000000
 0.2731522791 -1.1239958064  1.5030733486  5.0000000000
 0.2731773421 -1.1221201827  1.6818500743  5.0000000000
 0.2732022750 -1.1202582424  1.8606312417  5.0000000000
 0.2732270776 -1.1184099880  2.0394165942  5.0000000000
 0.2732517499 -1.1165754223  2.2182058752  5.0000000000
 0.2732762919 -1.1147545489  2.3969987253  5.0000000000
 0.2733731558 -1.1076080335  3.1122003760  5.0000000000
 0.2734444332 -1.1023920561  3.6486251022  5.0000000000
 0.2730111632 -1.1298238311  0.6395856102  5.0000000000
 0.2730624606 -1.1259494493  0.9970917738  5.0000000000
 0.2731384313 -1.1202404290  1.5333924992  5.0000000000
 0.2731634946 -1.1183647818  1.7121693193  5.0000000000
 0.2731884277 -1.1165028199  1.8909505646  5.0000000000
 0.2733352900 -1.1056186008  2.9637154660  5.0000000000
 0.2734069601 -1.1003614787  3.5001345595  5.0000000000
 0.2734305890 -1.0986365305  3.6789442991  5.0000000000
 0.2728136079 -1.1400671087 -0.5811530913  5.0000000000
 0.2728667235 -1.1360014171 -0.2237434819  5.0000000000
 0.2729713975 -1.1280338877  0.4911650865  5.0000000000
 0.2730739931 -1.1202850011  1.2061773561  5.0000000000
 0.2730993169 -1.1183819663  1.3849444228  5.0000000000
 0.2731745076 -1.1127549595  1.9212746428  5.0000000000
 0.2731993107 -1.1109066667  2.1000600636  5.0000000000
 0.2732239836 -1.1090720667  2.2788493800  5.0000000000
 0.2732485261 -1.1072511630  2.4576422326  5.0000000000
 0.2732972201 -1.1036504553  2.8152375200  5.0000000000
 0.2729053249 -1.1282503350  0.1640250752  5.0000000000
 0.2729574026 -1.1242938128  0.5214936813  5.0000000000
 0.2730089608 -1.1203919591  0.8789881726  5.0000000000
 0.2730853231 -1.1146417387  1.4152732728  5.0000000000
 0.2731355808 -1.1108766678  1.7728222111  5.0000000000
 0.2731853178 -1.1071663534  2.1303888217  5.0000000000
 0.2732099910 -1.1053317371  2.3091780740  5.0000000000
 0.2732589463 -1.1017036022  2.6667668812  5.0000000000
 0.2732832283 -1.0999100889  2.8455659229  5.0000000000
 0.2733314012 -1.0963641864  3.2031716908  5.0000000000
 0.2728650231 -1.1265166928  0.0156347029  5.0000000000
 0.2728912568 -1.1245178984  0.1943586979  5.0000000000
 0.2729433349 -1.1205613021  0.5518274122  5.0000000000
 0.2729948935 -1.1166593825  0.9093219460  5.0000000000
 0.2731959254 -1.1015989775  2.3395113587  5.0000000000
 0.2732448812 -1.0979708171  2.6970998791  5.0000000000
 0.2733886183 -1.0874153725  3.7699270371  5.0000000000
 0.2729807532 -1.1129343746  0.9396607187  5.0000000000
 0.2730317923 -1.1090871008  1.2971785781  5.0000000000
 0.2731817870 -1.0978737914  2.3698492063  5.0000000000
 0.2732063303 -1.0960528465  2.5486416535  5.0000000000
 0.2732307433 -1.0942456067  2.7274373309  5.0000000000
 0.2733270912 -1.0871537549  3.4426466966  5.0000000000
 0.2728890065 -1.1150905225  0.4337725178  5.0000000000
 0.2729665402 -1.1092169391  0.9700044629  5.0000000000
 0.2729921249 -1.1072864332  1.1487604843  5.0000000000
 0.2731921191 -1.0923352246  2.5789837920  5.0000000000
 0.2729006947 -1.1094091896  0.6428591446  5.0000000000
 0.2730538137 -1.0978670638  1.7154085846  5.0000000000
 0.2731286172 -1.0922808292  2.2517500289  5.0000000000
 0.2731778351 -1.0886251835  2.6093303833  5.0000000000
 0.2729121805 -1.1037490437  0.8519569213  5.0000000000
 0.2729378955 -1.1018047983  1.0307067551  5.0000000000
 0.2730645205 -1.0922888885  1.9245371562  5.0000000000
 0.2729089596 -1.0944229875  1.0914286002  5.0000000000
