-0.0617067526  0.1987895990  0.1418385685  1.0000000000
-0.0699196358  0.2295959482  0.1734379283  1.0000000000
-0.0677995093  0.2213146573  0.1638297243  1.0000000000
-0.0662808632  0.2156332645  0.1583667791  1.0000000000
-0.0716010907  0.2356808072  0.1790989039  1.0000000000
-0.0790613951  0.2637190327  0.2077314618  1.0000000000
-0.0782267305  0.2604537244  0.2039304843  1.0000000000
-0.0757338337  0.2509017409  0.1935155333  1.0000000000
-0.0602657173  0.1922842551  0.1317214900  1.0000000000
-0.0660592176  0.2145095148  0.1563790376  1.0000000000
-0.0730008935  0.2406493496  0.1833786545  1.0000000000
-0.0860721677  0.2899760131  0.2344640446  1.0000000000
-0.0870022002  0.2934151490  0.2377508588  1.0000000000
-0.0860516625  0.2896952979  0.2334206044  1.0000000000
-0.0832813643  0.2790638516  0.2217885031  1.0000000000
-0.0661807576  0.2141633460  0.1531368562  1.0000000000
-0.0509562923  0.1570289706  0.0946234435  1.0000000000
-0.0791709807  0.2636167374  0.2063080116  1.0000000000
-0.0855191330  0.2876053225  0.2312739346  1.0000000000
-0.0903051009  0.3057085108  0.2501278580  1.0000000000
-0.0901266153  0.3046126224  0.2474227636  1.0000000000
-0.0853153145  0.2862312102  0.2276184414  1.0000000000
-0.0715550049  0.2340362613  0.1725479666  1.0000000000
-0.0584273353  0.1854140751  0.1252252032  1.0000000000
-0.0676131229  0.2198277174  0.1603007390  1.0000000000
-0.0764875133  0.2532028058  0.1946492498  1.0000000000
-0.0845365573  0.2835756952  0.2261616990  1.0000000000
-0.0912881620  0.3091179276  0.2528095718  1.0000000000
-0.0963534693  0.3283034414  0.2728491815  1.0000000000
-0.1004280953  0.3436368682  0.2884438493  1.0000000000
-0.0992425552  0.3390015157  0.2830707365  1.0000000000
-0.0959781039  0.3264458805  0.2692725525  1.0000000000
-0.0908281479  0.3067484879  0.2480010837  1.0000000000
-0.0761440095  0.2509895200  0.1890357260  1.0000000000
-0.0584636869  0.1845224460  0.1207069550  1.0000000000
-0.0614053880  0.1963536817  0.1357160192  1.0000000000
-0.0710926951  0.2326598786  0.1727400859  1.0000000000
-0.0804313249  0.2677997576  0.2089384961  1.0000000000
-0.0888790595  0.2996996443  0.2420798758  1.0000000000
-0.1053631133  0.3620708209  0.3069122959  1.0000000000
-0.0880737055  0.2958458994  0.2350765405  1.0000000000
-0.0797374017  0.2642358517  0.2018070435  1.0000000000
-0.0706110566  0.2298094577  0.1660972844  1.0000000000
-0.0635896140  0.2043383765  0.1432353548  1.0000000000
-0.0920290811  0.3113462205  0.2533927157  1.0000000000
-0.0992968323  0.3388820800  0.2822023050  1.0000000000
-0.1079226723  0.3716013860  0.3164148038  1.0000000000
-0.0981209236  0.3338034664  0.2745201406  1.0000000000
-0.0907854216  0.3058406718  0.2446649811  1.0000000000
-0.0821742872  0.2731727564  0.2102563337  1.0000000000
-0.0727591037  0.2376417364  0.1733770297  1.0000000000
-0.0535149882  0.1656357737  0.1004078213  1.0000000000
-0.0648946987  0.2090514416  0.1474727060  1.0000000000
-0.0938742542  0.3180888415  0.2596576771  1.0000000000
-0.1098869926  0.3788238268  0.3232268352  1.0000000000
-0.1107306602  0.3819623556  0.3262361624  1.0000000000
-0.1091988469  0.3760121710  0.3194769478  1.0000000000
-0.1054130708  0.3614542892  0.3035200548  1.0000000000
-0.0921167358  0.3106714202  0.2490238325  1.0000000000
-0.0542801742  0.1683248966  0.1025973755  1.0000000000
-0.0551371551  0.1725180249  0.1102673127  1.0000000000
-0.0943619809  0.3197288283  0.2606763257  1.0000000000
-0.1071066536  0.3680650719  0.3112933637  1.0000000000
-0.1109930783  0.3827647851  0.3263955278  1.0000000000
-0.1093549963  0.3764241989  0.3192665487  1.0000000000
-0.0920300873  0.3101974324  0.2480178039  1.0000000000
-0.0832403289  0.2768555628  0.2129442892  1.0000000000
-0.0736807705  0.2407819009  0.1755425738  1.0000000000
-0.0452260921  0.1346487444  0.0690332919  1.0000000000
-0.0934979069  0.3162910150  0.2564926569  1.0000000000
-0.1060006169  0.3636896569  0.3060532340  1.0000000000
-0.1090151486  0.3751360330  0.3180020490  1.0000000000
-0.0905564415  0.3045383670  0.2417856000  1.0000000000
-0.0818626875  0.2715822994  0.2071935214  1.0000000000
-0.0533498724  0.1646667178  0.0983177200  1.0000000000
-0.0535261827  0.1663353884  0.1034357477  1.0000000000
-0.0633168326  0.2027836044  0.1398639244  1.0000000000
-0.0732649870  0.2399865527  0.1774918563  1.0000000000
-0.0828005211  0.2758009743  0.2141176097  1.0000000000
-0.1034286435  0.3537923821  0.2951279652  1.0000000000
-0.1067757544  0.3664729813  0.3081909263  1.0000000000
-0.0951576451  0.3220693768  0.2603752230  1.0000000000
-0.0793091894  0.2619403750  0.1971211218  1.0000000000
-0.0516840313  0.1594272918  0.0963253551  1.0000000000
-0.0706457539  0.2300845162  0.1670815895  1.0000000000
-0.0879993116  0.2952923053  0.2337970101  1.0000000000
-0.0995158423  0.3388606182  0.2790720193  1.0000000000
-0.1025224334  0.3502577845  0.2908211214  1.0000000000
-0.1006528438  0.3431141905  0.2830836556  1.0000000000
-0.0967234997  0.3281275669  0.2670422570  1.0000000000
-0.0910129478  0.3063901036  0.2439472709  1.0000000000
-0.0669740998  0.2155493988  0.1494568540  1.0000000000
-0.0580792918  0.1822570859  0.1157484734  1.0000000000
-0.0414246994  0.1204817497  0.0547882588  1.0000000000
-0.0836186513  0.2787149481  0.2163870228  1.0000000000
-0.0944317831  0.3195536615  0.2586272236  1.0000000000
-0.0968432985  0.3286989849  0.2681326730  1.0000000000
-0.0790042080  0.2610008995  0.1966499535  1.0000000000
-0.0546442971  0.1703132756  0.1066866173  1.0000000000
-0.0711639355  0.2319060437  0.1683858009  1.0000000000
-0.0842448536  0.2810456402  0.2185491468  1.0000000000
-0.0883816396  0.2966664316  0.2346769620  1.0000000000
-0.0905465086  0.3048666863  0.2431716098  1.0000000000
-0.0887567758  0.2981037123  0.2359894579  1.0000000000
-0.0798134773  0.2642381313  0.2004990917  1.0000000000
-0.0733908971  0.2399768253  0.1752865310  1.0000000000
-0.0508098097  0.1553348522  0.0892509996  1.0000000000
-0.0658655173  0.2120661325  0.1481859261  1.0000000000
-0.0778462534  0.2569614611  0.1937014473  1.0000000000
-0.0835082266  0.2783194974  0.2156525489  1.0000000000
-0.0781304063  0.2580536340  0.1945648974  1.0000000000
-0.0606117518  0.1921079515  0.1266900840  1.0000000000
-0.0399312925  0.1151202319  0.0499530132  1.0000000000
-0.0601759017  0.1908323831  0.1267857169  1.0000000000
-0.0709763620  0.2311933437  0.1673907915  1.0000000000
-0.0759841349  0.2500369071  0.1866284610  1.0000000000
-0.0758898358  0.2497101928  0.1863103449  1.0000000000
-0.0542969571  0.1689638262  0.1049626761  1.0000000000
-0.0680718785  0.2204285238  0.1565834745  1.0000000000
-0.0633931019  0.2029198409  0.1387886354  1.0000000000
-0.0490430258  0.1492469275  0.0845263081  1.0000000000
-0.0530520581  0.1643522497  0.1003538411  1.0000000000
-0.0567713173  0.1781904263  0.1140987195  1.0000000000
-0.0605035354  0.1921512784  0.1281243378  1.0000000000
-0.0602988874  0.1914167685  0.1274266527  1.0000000000
-0.0524223884  0.1620403664  0.0978971602  1.0000000000
-0.0459874102  0.1382592021  0.0747745419  1.0000000000
-0.0130048176  0.0121498392 -0.0608246171  2.0000000000
-0.0129789800  0.0121233966 -0.0606666002  2.0000000000
-0.0133636592  0.0125266683 -0.0633017021  2.0000000000
-0.0134056449  0.0125713497 -0.0636099384  2.0000000000
-0.0136246554  0.0128025139 -0.0651542207  2.0000000000
-0.0138297874  0.0130196944 -0.0666232207  2.0000000000
-0.0140030013  0.0132043823 -0.0679026575  2.0000000000
-0.0141453546  0.0133577690 -0.0690027185  2.0000000000
-0.0141220539  0.0133351215 -0.0688947039  2.0000000000
-0.0143565655  0.0135909702 -0.0708073544  2.0000000000
-0.0144081366  0.0136571196 -0.0715300654  2.0000000000
-0.0141549360  0.0133921328 -0.0698077851  2.0000000000
-0.0147045252  0.0139964225 -0.0744516584  2.0000000000
-0.0143317384  0.0136105699 -0.0720552768  2.0000000000
-0.0150496400  0.0143827047 -0.0775863514  2.0000000000
-0.0149642070  0.0143004784 -0.0772312997  2.0000000000
-0.0151345563  0.0144987085 -0.0790193815  2.0000000000
-0.0157813768  0.0152188546 -0.0847855901  2.0000000000
-0.0157417399  0.0152039058 -0.0853691435  2.0000000000
-0.0158406686  0.0153157033 -0.0862964103  2.0000000000
-0.0162504721  0.0157635577 -0.0896834086  2.0000000000
-0.0161343006  0.0156501822 -0.0891668139  2.0000000000
-0.0165595413  0.0161609853 -0.0941706629  2.0000000000
-0.0173942252  0.0170788709 -0.1012386183  2.0000000000
-0.0177554793  0.0174842527 -0.1045726351  2.0000000000
-0.0122934032  0.0113949177 -0.0557123510  2.0000000000
-0.0182848932  0.0181040499 -0.1102800761  2.0000000000
-0.0185858813  0.0184512343 -0.1133754790  2.0000000000
-0.0124128694  0.0115187015 -0.0564907906  2.0000000000
-0.0181108200  0.0179293972 -0.1093496592  2.0000000000
-0.0187471868  0.0186367847 -0.1149977508  2.0000000000
-0.0191565986  0.0190943200 -0.1187136588  2.0000000000
-0.0129127486  0.0120384803 -0.0597946124  2.0000000000
-0.0196505506  0.0196757321 -0.1241729828  2.0000000000
-0.0192082317  0.0191904631 -0.1204668593  2.0000000000
-0.0131611695  0.0122980650 -0.0614695821  2.0000000000
-0.0197338141  0.0197956745 -0.1258282321  2.0000000000
-0.0190378025  0.0190261653 -0.1197983312  2.0000000000
-0.0128427696  0.0119663410 -0.0593473963  2.0000000000
-0.0133878290  0.0125380250 -0.0630821507  2.0000000000
-0.0205393186  0.0206952034 -0.1330917088  2.0000000000
-0.0202341107  0.0203734921 -0.1309923356  2.0000000000
-0.0195531602  0.0196191184 -0.1250447437  2.0000000000
-0.0132855506  0.0124290004 -0.0623335624  2.0000000000
-0.0134966848  0.0126523291 -0.0638325125  2.0000000000
-0.0198346278  0.0199152140 -0.1269447186  2.0000000000
-0.0209380500  0.0211600579 -0.1373504063  2.0000000000
-0.0202120976  0.0203519108 -0.1308645356  2.0000000000
-0.0214694703  0.0217876056 -0.1433169294  2.0000000000
-0.0205022574  0.0207154807 -0.1348617623  2.0000000000
-0.0134037657  0.0125559686 -0.0632240096  2.0000000000
-0.0136834075  0.0128557747 -0.0653315103  2.0000000000
-0.0200880103  0.0202699934 -0.1317102386  2.0000000000
-0.0137206167  0.0128963508 -0.0656325231  2.0000000000
-0.0137477601  0.0129423944 -0.0663484357  2.0000000000
-0.0195158320  0.0195759691 -0.1246235099  2.0000000000
-0.0202001039  0.0203542687 -0.1312838119  2.0000000000
-0.0221044135  0.0225299668 -0.1501733760  2.0000000000
-0.0137169027  0.0129300974 -0.0665408527  2.0000000000
-0.0135316475  0.0127334488 -0.0652128523  2.0000000000
-0.0181060023  0.0179617735 -0.1105468001  2.0000000000
-0.0186664037  0.0186033022 -0.1161372023  2.0000000000
-0.0192605347  0.0192832096 -0.1220573707  2.0000000000
-0.0198792572  0.0199910144 -0.1282156315  2.0000000000
-0.0220677612  0.0224972022 -0.1501092064  2.0000000000
-0.0221403998  0.0225996612 -0.1515285685  2.0000000000
-0.0216525743  0.0220539315 -0.1471020189  2.0000000000
-0.0209110218  0.0212208205 -0.1402430733  2.0000000000
-0.0136237151  0.0127989624 -0.0650907292  2.0000000000
-0.0138727041  0.0130709711 -0.0671327076  2.0000000000
-0.0141429002  0.0133875662 -0.0700113113  2.0000000000
-0.0155807464  0.0150483083 -0.0846683772  2.0000000000
-0.0167974137  0.0164397607 -0.0967053233  2.0000000000
-0.0176730680  0.0174460082 -0.1055520253  2.0000000000
-0.0186115513  0.0185277905 -0.1151584899  2.0000000000
-0.0219546904  0.0224077228 -0.1503962170  2.0000000000
-0.0144726549  0.0137318619 -0.0719463873  2.0000000000
-0.0149585489  0.0143168514 -0.0779105155  2.0000000000
-0.0182153368  0.0180494893 -0.1103734416  2.0000000000
-0.0219603394  0.0223945353 -0.1497140989  2.0000000000
-0.0227177045  0.0232757356 -0.1578016117  2.0000000000
-0.0225895364  0.0231349105 -0.1567402810  2.0000000000
-0.0207607409  0.0210688401 -0.1394523391  2.0000000000
-0.0197608671  0.0199366751 -0.1298942640  2.0000000000
-0.0147894773  0.0140686960 -0.0742307416  2.0000000000
-0.0144642362  0.0137233734 -0.0718969793  2.0000000000
-0.0137357349  0.0129327858 -0.0663561553  2.0000000000
-0.0143348890  0.0135997405 -0.0716652499  2.0000000000
-0.0174239406  0.0171140514 -0.1015191439  2.0000000000
-0.0211723962  0.0214872367 -0.1416483697  2.0000000000
-0.0218833499  0.0223471969 -0.1504307316  2.0000000000
-0.0150414998  0.0143372129 -0.0760625001  2.0000000000
-0.0138153945  0.0130287846 -0.0672859024  2.0000000000
-0.0173614038  0.0170278460 -0.1004184800  2.0000000000
-0.0187502513  0.0186275665 -0.1145422879  2.0000000000
-0.0214358495  0.0218421846 -0.1462271979  2.0000000000
-0.0155431577  0.0148738944 -0.0797663981  2.0000000000
-0.0152140352  0.0145217454 -0.0773344845  2.0000000000
-0.0150170473  0.0143765599 -0.0782574420  2.0000000000
-0.0160037545  0.0154853989 -0.0873480801  2.0000000000
-0.0176850729  0.0173891146 -0.1033234176  2.0000000000
-0.0200087280  0.0202110519 -0.1320797378  2.0000000000
-0.0157247885  0.0150682622 -0.0811091212  2.0000000000
-0.0145087442  0.0138187536 -0.0739945327  2.0000000000
-0.0201589077  0.0202556223 -0.1290610107  2.0000000000
-0.0204451604  0.0206015969 -0.1325320380  2.0000000000
-0.0209731831  0.0212448629 -0.1391226042  2.0000000000
-0.0222203034  0.0227324432 -0.1536602868  2.0000000000
-0.0225462468  0.0231133925 -0.1572000569  2.0000000000
-0.0230192760  0.0236610644 -0.1621991345  2.0000000000
-0.0228656450  0.0234831831 -0.1606181615  2.0000000000
-0.0194856374  0.0196034494 -0.1265608383  2.0000000000
-0.0185375210  0.0185194946 -0.1171353050  2.0000000000
-0.0158102888  0.0151627782 -0.0818211099  2.0000000000
-0.0158121062  0.0151626616 -0.0817796864  2.0000000000
-0.0156350118  0.0149730891 -0.0804678602  2.0000000000
-0.0152854450  0.0146010633 -0.0779360300  2.0000000000
-0.0160717049  0.0155750830 -0.0883884214  2.0000000000
-0.0180812122  0.0178400355 -0.1071538000  2.0000000000
-0.0206760000  0.0208672310 -0.1348609081  2.0000000000
-0.0222394174  0.0227616817 -0.1540936601  2.0000000000
-0.0226487103  0.0232329466 -0.1584031850  2.0000000000
-0.0207698302  0.0210649621 -0.1390936034  2.0000000000
-0.0157720232  0.0151259477 -0.0816487265  2.0000000000
-0.0158643591  0.0152217890 -0.0822517448  2.0000000000
-0.0155700232  0.0149059543 -0.0800498056  2.0000000000
-0.0181567430  0.0179323073 -0.1080820767  2.0000000000
-0.0193954115  0.0193467809 -0.1202682871  2.0000000000
-0.0214933380  0.0218682016 -0.1452379548  2.0000000000
-0.0217189371  0.0221445609 -0.1481226256  2.0000000000
-0.0229733084  0.0236200545 -0.1621038912  2.0000000000
-0.0229844984  0.0236245728 -0.1619775901  2.0000000000
-0.0186359500  0.0185976994 -0.1169488734  2.0000000000
-0.0156938507  0.0150405655 -0.0810219722  2.0000000000
-0.0181595595  0.0179450305 -0.1084086202  2.0000000000
-0.0200168278  0.0200699544 -0.1268235183  2.0000000000
-0.0227535328  0.0233712068 -0.1599734098  2.0000000000
-0.0230049351  0.0236482063 -0.1621834599  2.0000000000
-0.0228228246  0.0234305192 -0.1600701230  2.0000000000
-0.0175247206  0.0173047896 -0.1051315892  2.0000000000
-0.0172883779  0.0169751788 -0.1006482109  2.0000000000
-0.0209067245  0.0211208443 -0.1367445689  2.0000000000
-0.0215408866  0.0219080177 -0.1451658693  2.0000000000
-0.0230051433  0.0236469087 -0.1621268664  2.0000000000
-0.0216133334  0.0220034220 -0.1465778732  2.0000000000
-0.0195030152  0.0195554578 -0.1244242706  2.0000000000
-0.0166041824  0.0162337442 -0.0953338396  2.0000000000
-0.0156571044  0.0150122058 -0.0810572549  2.0000000000
-0.0156798710  0.0150341092 -0.0811554872  2.0000000000
-0.0156284707  0.0149774498 -0.0807269139  2.0000000000
-0.0222673631  0.0228042043 -0.1546984318  2.0000000000
-0.0170396997  0.0167081456 -0.0988691619  2.0000000000
-0.0155870452  0.0149486030 -0.0808707535  2.0000000000
-0.0155623658  0.0149102618 -0.0803388181  2.0000000000
-0.0178512861  0.0176323379 -0.1066285159  2.0000000000
-0.0194769276  0.0194718445 -0.1220729329  2.0000000000
-0.0216002930  0.0219570282 -0.1450669274  2.0000000000
-0.0222751900  0.0228104463 -0.1546785365  2.0000000000
-0.0228827677  0.0234862177 -0.1602107143  2.0000000000
-0.0219226814  0.0223406146 -0.1490762470  2.0000000000
-0.0200936670  0.0202042354 -0.1293846712  2.0000000000
-0.0180322115  0.0178243602 -0.1081157514  2.0000000000
-0.0168259260  0.0164433512 -0.0960440298  2.0000000000
-0.0156772842  0.0150377937 -0.0813254934  2.0000000000
-0.0201165665  0.0202103019 -0.1286288694  2.0000000000
-0.0211418190  0.0213988252 -0.1393377874  2.0000000000
-0.0218435510  0.0222532833 -0.1481023236  2.0000000000
-0.0225985616  0.0231839669 -0.1580785399  2.0000000000
-0.0219819533  0.0224011467 -0.1494135367  2.0000000000
-0.0162526638  0.0157667586 -0.0895986319  2.0000000000
-0.0157656557  0.0151535855 -0.0826755450  2.0000000000
-0.0158931759  0.0152867926 -0.0835042113  2.0000000000
-0.0161376293  0.0155405033 -0.0850506385  2.0000000000
-0.0161276171  0.0155275256 -0.0849047447  2.0000000000
-0.0160637639  0.0154571104 -0.0843666550  2.0000000000
-0.0151205772  0.0144423509 -0.0772028066  2.0000000000
-0.0184660479  0.0183428981 -0.1129377738  2.0000000000
-0.0215307118  0.0218578540 -0.1436759188  2.0000000000
-0.0220977747  0.0225735787 -0.1516839992  2.0000000000
-0.0228318837  0.0234258723 -0.1596177080  2.0000000000
-0.0196598893  0.0196804065 -0.1241215166  2.0000000000
-0.0190180167  0.0189360479 -0.1173889207  2.0000000000
-0.0163613612  0.0157789744 -0.0866877014  2.0000000000
-0.0161560021  0.0155555676 -0.0850470558  2.0000000000
-0.0159639901  0.0153487358 -0.0835800520  2.0000000000
-0.0192457119  0.0192285753 -0.1204521270  2.0000000000
-0.0200371286  0.0201274176 -0.1280865980  2.0000000000
-0.0226065927  0.0231742242 -0.1575505754  2.0000000000
-0.0226697278  0.0232206834 -0.1573508002  2.0000000000
-0.0222418955  0.0227034320 -0.1521587105  2.0000000000
-0.0208367888  0.0210505488 -0.1366363874  2.0000000000
-0.0202360079  0.0203495014 -0.1301907422  2.0000000000
-0.0169975267  0.0165916317 -0.0961176114  2.0000000000
-0.0162788492  0.0157501526 -0.0882464428  2.0000000000
-0.0161851953  0.0156352338 -0.0870260012  2.0000000000
-0.0161683130  0.0155974110 -0.0861818401  2.0000000000
-0.0162235940  0.0156500963 -0.0863520560  2.0000000000
-0.0164741258  0.0159060480 -0.0877587309  2.0000000000
-0.0164695705  0.0158941682 -0.0874774139  2.0000000000
-0.0218515168  0.0222321445 -0.1471142300  2.0000000000
-0.0220014692  0.0224192734 -0.1491575629  2.0000000000
-0.0222217551  0.0227208109 -0.1531818634  2.0000000000
-0.0163324704  0.0157910698 -0.0880690029  2.0000000000
-0.0190996704  0.0190642005 -0.1190802887  2.0000000000
-0.0206467484  0.0208213816 -0.1340128614  2.0000000000
-0.0221858055  0.0226748458 -0.1527083541  2.0000000000
-0.0213607010  0.0216784697 -0.1428168164  2.0000000000
-0.0180448765  0.0178190712 -0.1075565928  2.0000000000
-0.0168818463  0.0164579692 -0.0949182471  2.0000000000
-0.0163893087  0.0158311056 -0.0877461975  2.0000000000
-0.0165442381  0.0159824515 -0.0883537852  2.0000000000
-0.0150277501  0.0143503996 -0.0767392385  2.0000000000
-0.0219650862  0.0223913437 -0.1493383706  2.0000000000
-0.0219736890  0.0224192692 -0.1501278902  2.0000000000
-0.0221043227  0.0225685426 -0.1515496607  2.0000000000
-0.0220560806  0.0225080268 -0.1509003771  2.0000000000
-0.0213707456  0.0217020994 -0.1433347265  2.0000000000
-0.0209476404  0.0212095603 -0.1388287865  2.0000000000
-0.0198901227  0.0199817458 -0.1276805699  2.0000000000
-0.0187291379  0.0186346140 -0.1154745765  2.0000000000
-0.0163693364  0.0157900214 -0.0868597042  2.0000000000
-0.0160728193  0.0154700962 -0.0845572163  2.0000000000
-0.0158132475  0.0151917529 -0.0826061992  2.0000000000
-0.0217678557  0.0221314241 -0.1461431738  2.0000000000
-0.0217724870  0.0221642963 -0.1472018543  2.0000000000
-0.0208735130  0.0211373272 -0.1385255382  2.0000000000
-0.0163091548  0.0158292275 -0.0900994555  2.0000000000
-0.0160389836  0.0154815950 -0.0860622636  2.0000000000
-0.0160758736  0.0154763240 -0.0846926794  2.0000000000
-0.0151019696  0.0144320998 -0.0773665225  2.0000000000
-0.0204356645  0.0205617600 -0.1313097257  2.0000000000
-0.0214679619  0.0217683260 -0.1424623468  2.0000000000
-0.0212990402  0.0216399826 -0.1433077628  2.0000000000
-0.0206649057  0.0209084153 -0.1367899588  2.0000000000
-0.0192689167  0.0193032968 -0.1225852510  2.0000000000
-0.0175988207  0.0173775832 -0.1054241048  2.0000000000
-0.0166800937  0.0163102018 -0.0957163120  2.0000000000
-0.0158824415  0.0153633076 -0.0865949773  2.0000000000
-0.0157511863  0.0151507356 -0.0831041997  2.0000000000
-0.0158223855  0.0152157799 -0.0832217088  2.0000000000
-0.0157835342  0.0151657107 -0.0826045163  2.0000000000
-0.0188978451  0.0188076589 -0.1162237173  2.0000000000
-0.0207487119  0.0209175145 -0.1343482726  2.0000000000
-0.0212138183  0.0214894627 -0.1403711570  2.0000000000
-0.0210129895  0.0212994397 -0.1398444872  2.0000000000
-0.0203321097  0.0205353371 -0.1337453275  2.0000000000
-0.0195743275  0.0196693518 -0.1262113102  2.0000000000
-0.0190837152  0.0191082914 -0.1213197952  2.0000000000
-0.0152792790  0.0146611596 -0.0801371652  2.0000000000
-0.0153471410  0.0147168171 -0.0800387895  2.0000000000
-0.0154179851  0.0147795174 -0.0800771231  2.0000000000
-0.0170856055  0.0167633464 -0.0992176049  2.0000000000
-0.0208048655  0.0210047758 -0.1357161721  2.0000000000
-0.0202764569  0.0204741854 -0.1332333912  2.0000000000
-0.0201996487  0.0203878699 -0.1325473154  2.0000000000
-0.0145499102  0.0138460624 -0.0734279706  2.0000000000
-0.0201418965  0.0202171650 -0.1281271632  2.0000000000
-0.0203011371  0.0204134041 -0.1301906218  2.0000000000
-0.0203266770  0.0204597942 -0.1310393916  2.0000000000
-0.0196494657  0.0197608464 -0.1270925433  2.0000000000
-0.0194683271  0.0195594469 -0.1255442026  2.0000000000
-0.0193181535  0.0193901157 -0.1241462596  2.0000000000
-0.0171378466  0.0167945746 -0.0988003219  2.0000000000
-0.0194870564  0.0194574245 -0.1212737123  2.0000000000
-0.0194512219  0.0195021588 -0.1238778605  2.0000000000
-0.0192705006  0.0193111048 -0.1226482833  2.0000000000
-0.0187764564  0.0187768162 -0.1189288000  2.0000000000
-0.0186556084  0.0186418078 -0.1178573736  2.0000000000
-0.0184860261  0.0184512892 -0.1162986721  2.0000000000
-0.0182479519  0.0181832955 -0.1140778303  2.0000000000
-0.0183610785  0.0181598177 -0.1097964939  2.0000000000
-0.0192055289  0.0191522780 -0.1190519789  2.0000000000
-0.0180958572  0.0178534797 -0.1070739978  2.0000000000
-0.0183651251  0.0182448339 -0.1125360041  2.0000000000
-0.0158348180  0.0153040770 -0.0859083366  2.0000000000
-0.0174435195  0.0171042808 -0.1005183728  2.0000000000
-0.0180345914  0.0178126676 -0.1074345336  2.0000000000
-0.0179787991  0.0177707098 -0.1076090640  2.0000000000
-0.0174717171  0.0171606074 -0.1015868388  2.0000000000
-0.0163658144  0.0158691901 -0.0897800192  2.0000000000
-0.0168812161  0.0164627440 -0.0950075130  2.0000000000
-0.0150514635  0.0144069187 -0.0781223827  2.0000000000
-0.0162623165  0.0157448164 -0.0885601297  2.0000000000
-0.0161233374  0.0155828511 -0.0870869846  2.0000000000
-0.0158688328  0.0152852086 -0.0843577417  2.0000000000
-0.0159197747  0.0153660562 -0.0855948073  2.0000000000
-0.0147519059  0.0140489957 -0.0746636786  2.0000000000
-0.0154954260  0.0148504395 -0.0804192475  2.0000000000
-0.0155480576  0.0148993636 -0.0805753863  2.0000000000
-0.0153589954  0.0147203031 -0.0799122238  2.0000000000
-0.0151539236  0.0144616159 -0.0771160599  2.0000000000
-0.0154559087  0.0147846728 -0.0793742523  2.0000000000
-0.0155333119  0.0148752295 -0.0802027707  2.0000000000
-0.0154885179  0.0148139804 -0.0794453597  2.0000000000
-0.0152571419  0.0145623264 -0.0775901089  2.0000000000
-0.0148316488  0.0141046937 -0.0743459920  2.0000000000
-0.0153506647  0.0146556291 -0.0780961820  2.0000000000
-0.0152405770  0.0145342106 -0.0771663338  2.0000000000
-0.0141462578  0.0133765962 -0.0693955032  2.0000000000
-0.0145954622  0.0138501480 -0.0725373285  2.0000000000
-0.0143994996  0.0136413318 -0.0711056225  2.0000000000
-0.0148472413  0.0141128381 -0.0742269113  2.0000000000
-0.0146053544  0.0138581625 -0.0725519109  2.0000000000
-0.0142781584  0.0135086960 -0.0701331250  2.0000000000
-0.0140879971  0.0133079133 -0.0688000754  2.0000000000
-0.0137866494  0.0129889413 -0.0666582909  2.0000000000
-0.0135206484  0.0127090037 -0.0648135675  2.0000000000
-0.0134654398  0.0126497281 -0.0643970372  2.0000000000
-0.1018075437 -0.1271400457  0.0605813631  3.0000000000
-0.1001960034 -0.1239708956  0.0559270168  3.0000000000
-0.0955285100 -0.1164174019  0.0486708780  3.0000000000
-0.0893346556 -0.1065120852  0.0394809587  3.0000000000
-0.1251988456 -0.1625879628  0.0888926243  3.0000000000
-0.1415748140 -0.1879194465  0.1096520979  3.0000000000
-0.1212485167 -0.1548682097  0.0773936540  3.0000000000
-0.0995644762 -0.1205919587  0.0467401282  3.0000000000
-0.0647791199 -0.0671339761  0.0027766935  3.0000000000
-0.0862756643 -0.1013402463  0.0352914857  3.0000000000
-0.1162013102 -0.1478492879  0.0748228460  3.0000000000
-0.1588144194 -0.2145007369  0.1319094332  3.0000000000
-0.1558975671 -0.2091796154  0.1248339250  3.0000000000
-0.0859182599 -0.0988086758  0.0267329095  3.0000000000
-0.0729086905 -0.0790285995  0.0110236377  3.0000000000
-0.0962380737 -0.1161710828  0.0464699784  3.0000000000
-0.1598354860 -0.2155634532  0.1319720057  3.0000000000
-0.1707905764 -0.2327688131  0.1468165155  3.0000000000
-0.1780294414 -0.2440813469  0.1563359536  3.0000000000
-0.1110576134 -0.1370564099  0.0570888190  3.0000000000
-0.0956963394 -0.1133293439  0.0373282336  3.0000000000
-0.0719827335 -0.0784604092  0.0143288529  3.0000000000
-0.0879404702 -0.1028651555  0.0342358353  3.0000000000
-0.1428260649 -0.1881994257  0.1068357410  3.0000000000
-0.1604312878 -0.2158492232  0.1308943388  3.0000000000
-0.1758295988 -0.2400893858  0.1520420058  3.0000000000
-0.1960227959 -0.2718305364  0.1793465111  3.0000000000
-0.1995200464 -0.2771910986  0.1834216553  3.0000000000
-0.1983527852 -0.2750972053  0.1806737850  3.0000000000
-0.1833024356 -0.2506409669  0.1568396333  3.0000000000
-0.1706753192 -0.2303701981  0.1379008423  3.0000000000
-0.1557102181 -0.2065206820  0.1161212998  3.0000000000
-0.0886082440 -0.1021613624  0.0274403757  3.0000000000
-0.1137971209 -0.1423640425  0.0663182739  3.0000000000
-0.1899080176 -0.2617055693  0.1697819722  3.0000000000
-0.2119283976 -0.2963951588  0.1997809140  3.0000000000
-0.1850046889 -0.2523703734  0.1557649723  3.0000000000
-0.1687651390 -0.2264733683  0.1320876563  3.0000000000
-0.1508461914 -0.1981288757  0.1067967421  3.0000000000
-0.0641300124 -0.0653559554 -0.0007281140  3.0000000000
-0.0657913221 -0.0685219155  0.0051524645  3.0000000000
-0.1835748532 -0.2512259621  0.1595895173  3.0000000000
-0.2013342310 -0.2792654916  0.1842172539  3.0000000000
-0.2154262520 -0.3015286809  0.2036938278  3.0000000000
-0.2292549882 -0.3231882187  0.2217844415  3.0000000000
-0.2282607461 -0.3213613876  0.2192009638  3.0000000000
-0.2221648548 -0.3113729873  0.2091618702  3.0000000000
-0.1798389689 -0.2434375724  0.1457453204  3.0000000000
-0.1406962307 -0.1817784351  0.0914317562  3.0000000000
-0.1014559853 -0.1212634990  0.0413996222  3.0000000000
-0.0542259919 -0.0511045848 -0.0084623134  3.0000000000
-0.0683184004 -0.0721604465  0.0076080664  3.0000000000
-0.1042256440 -0.1269232927  0.0519202034  3.0000000000
-0.2242434589 -0.3151354595  0.2149787470  3.0000000000
-0.2342929571 -0.3309810766  0.2286134285  3.0000000000
-0.2390240616 -0.3383206625  0.2344283110  3.0000000000
-0.2382395315 -0.3368209299  0.2321049631  3.0000000000
-0.2321339226 -0.3268037150  0.2219925889  3.0000000000
-0.1473428561 -0.1918834729  0.0993639191  3.0000000000
-0.0873026900 -0.0997622134  0.0244070810  3.0000000000
-0.1949129439 -0.2685661735  0.1736388048  3.0000000000
-0.2138655477 -0.2985283741  0.2000265366  3.0000000000
-0.2290523237 -0.3225548041  0.2211089958  3.0000000000
-0.2395035401 -0.3390421949  0.2353142620  3.0000000000
-0.2445948534 -0.3469517717  0.2416222682  3.0000000000
-0.2381530899 -0.3361273036  0.2297411970  3.0000000000
-0.2272650327 -0.3184820539  0.2127408019  3.0000000000
-0.1733580752 -0.2325270627  0.1342343102  3.0000000000
-0.0723992116 -0.0775017500  0.0077779751  3.0000000000
-0.1067632312 -0.1306834795  0.0546932942  3.0000000000
-0.1737063014 -0.2351020500  0.1441844300  3.0000000000
-0.1952212556 -0.2690234292  0.1739515774  3.0000000000
-0.2142384718 -0.2990888672  0.2004271235  3.0000000000
-0.2295665097 -0.3233383832  0.2217004395  3.0000000000
-0.2454766630 -0.3480366302  0.2414132257  3.0000000000
-0.2398663962 -0.3387845935  0.2319265137  3.0000000000
-0.1754251505 -0.2357413420  0.1369196124  3.0000000000
-0.1535844021 -0.2014764108  0.1071323798  3.0000000000
-0.1315758879 -0.1672981836  0.0783093554  3.0000000000
-0.0906798837 -0.1048833143  0.0283916377  3.0000000000
-0.0548072250 -0.0519663486 -0.0078307291  3.0000000000
-0.0858952313 -0.0987796938  0.0287102924  3.0000000000
-0.1262669087 -0.1609903620  0.0804327090  3.0000000000
-0.1484817847 -0.1956429806  0.1101372159  3.0000000000
-0.1707428564 -0.2305756155  0.1404940100  3.0000000000
-0.2105665306 -0.2934218324  0.1956767913  3.0000000000
-0.2364659433 -0.3343226825  0.2312378599  3.0000000000
-0.2420803166 -0.3430435547  0.2382276899  3.0000000000
-0.2422945761 -0.3431023120  0.2372280547  3.0000000000
-0.2371573480 -0.3345946077  0.2283991328  3.0000000000
-0.2270417194 -0.3181665823  0.2124755318  3.0000000000
-0.2126025730 -0.2949390617  0.1906752178  3.0000000000
-0.1947180055 -0.2664002906  0.1645666061  3.0000000000
-0.1744172575 -0.2342739676  0.1359074481  3.0000000000
-0.1527977966 -0.2003703922  0.1064713995  3.0000000000
-0.0532055611 -0.0497194759 -0.0092130999  3.0000000000
-0.1433011982 -0.1878107407  0.1039503245  3.0000000000
-0.1646849969 -0.2213427116  0.1330348254  3.0000000000
-0.1849904479 -0.2533232696  0.1610174198  3.0000000000
-0.2030591154 -0.2818561740  0.1860637814  3.0000000000
-0.2178176955 -0.3051715183  0.2064397240  3.0000000000
-0.2283800394 -0.3218006018  0.2206988161  3.0000000000
-0.2347172668 -0.3313617730  0.2273554734  3.0000000000
-0.2301624823 -0.3237756592  0.2193589304  3.0000000000
-0.2207569982 -0.3084797271  0.2044733754  3.0000000000
-0.2070818294 -0.2864765038  0.1838074101  3.0000000000
-0.1899535087 -0.2591537326  0.1588322523  3.0000000000
-0.0882985524 -0.1015576182  0.0264933525  3.0000000000
-0.0565264467 -0.0543367532 -0.0081582820  3.0000000000
-0.0965262344 -0.1155633904  0.0435491988  3.0000000000
-0.1558761465 -0.2079350590  0.1222542808  3.0000000000
-0.1921450447 -0.2650631915  0.1721689206  3.0000000000
-0.2062248762 -0.2872751822  0.1915115471  3.0000000000
-0.2222060251 -0.3122578954  0.2123509848  3.0000000000
-0.1980484969 -0.2726237364  0.1725695255  3.0000000000
-0.1819805163 -0.2470053271  0.1491800633  3.0000000000
-0.1634471238 -0.2177181923  0.1231522600  3.0000000000
-0.1231421382 -0.1549353904  0.0696962314  3.0000000000
-0.0597354241 -0.0599157751 -0.0004301895  3.0000000000
-0.1625327334 -0.2189552769  0.1329870898  3.0000000000
-0.2082653386 -0.2904455375  0.1931799218  3.0000000000
-0.2050404265 -0.2849778270  0.1871447607  3.0000000000
-0.1859748806 -0.2541227914  0.1576022213  3.0000000000
-0.1540276025 -0.2034748153  0.1121177520  3.0000000000
-0.0805268908 -0.0903170011  0.0190539403  3.0000000000
-0.0824737958 -0.0948363933  0.0283595069  3.0000000000
-0.1152243213 -0.1454796229  0.0708197623  3.0000000000
-0.1320679749 -0.1717773976  0.0933776228  3.0000000000
-0.1882453804 -0.2590952533  0.1657950872  3.0000000000
-0.1816927381 -0.2483783659  0.1551953571  3.0000000000
-0.1714824918 -0.2319461462  0.1397357932  3.0000000000
-0.1581865012 -0.2107804215  0.1204801131  3.0000000000
-0.0909782323 -0.1064382605  0.0323960732  3.0000000000
-0.0750463863 -0.0823639651  0.0137179336  3.0000000000
-0.1455978350 -0.1936656097  0.1136379620  3.0000000000
-0.1641690589 -0.2215015272  0.1333607099  3.0000000000
-0.1435565700 -0.1885554973  0.1029825364  3.0000000000
-0.0986564979 -0.1186086889  0.0432920903  3.0000000000
-0.1041474392 -0.1295217217  0.0599684082  3.0000000000
-0.1166634401 -0.1490487136  0.0766502490  3.0000000000
-0.1451571366 -0.1935074413  0.1142960562  3.0000000000
-0.1516961823 -0.2033147796  0.1213065094  3.0000000000
-0.1158658669 -0.1459069621  0.0678209646  3.0000000000
-0.1191279921 -0.1535110706  0.0815890459  3.0000000000
-0.1317586743 -0.1727444702  0.0964037644  3.0000000000
-0.1121881803 -0.1410614781  0.0659450519  3.0000000000
-0.0664477629 -0.0704828176  0.0073156217  3.0000000000
-0.1108617683 -0.1409582761  0.0712710360  3.0000000000
-0.1090519710 -0.1373773275  0.0659447204  3.0000000000
-0.0967265449 -0.1177444581  0.0479675336  3.0000000000
-0.0204553866  0.0215900084 -0.1954196191  4.0000000000
-0.0258584152  0.0282795310 -0.2849740124  4.0000000000
-0.0260459800  0.0284741123 -0.2861578864  4.0000000000
-0.0269802663  0.0296359056 -0.3018930134  4.0000000000
-0.0275714838  0.0303735101 -0.3119800435  4.0000000000
-0.0269656647  0.0296322580 -0.3024597188  4.0000000000
-0.0246299909  0.0267470280 -0.2641427131  4.0000000000
-0.0230379476  0.0247846589 -0.2382147494  4.0000000000
-0.0247648947  0.0268644907 -0.2637529334  4.0000000000
-0.0276821079  0.0304765742 -0.3120878612  4.0000000000
-0.0293291850  0.0325286183 -0.3400293011  4.0000000000
-0.0293192912  0.0325242200 -0.3403105647  4.0000000000
-0.0286459460  0.0316918095 -0.3292536226  4.0000000000
-0.0275506749  0.0303372509 -0.3112178133  4.0000000000
-0.0224265110  0.0240202231 -0.2277307594  4.0000000000
-0.0241036270  0.0260347879 -0.2522432637  4.0000000000
-0.0259989767  0.0283704964 -0.2830903132  4.0000000000
-0.0310815158  0.0346850712 -0.3684083080  4.0000000000
-0.0308283109  0.0343744557 -0.3643920334  4.0000000000
-0.0289218926  0.0320159799 -0.3329836041  4.0000000000
-0.0250137335  0.0271434354 -0.2664024040  4.0000000000
-0.0321016275  0.0359264855 -0.3841817978  4.0000000000
-0.0323168349  0.0361989865 -0.3880756637  4.0000000000
-0.0300151233  0.0333533775 -0.3502815463  4.0000000000
-0.0263867873  0.0288724284 -0.2908039627  4.0000000000
-0.0242125440  0.0261955978 -0.2555485264  4.0000000000
-0.0234825483  0.0252557473 -0.2414351950  4.0000000000
-0.0256931649  0.0279705406 -0.2769414629  4.0000000000
-0.0311635802  0.0347345317 -0.3670806136  4.0000000000
-0.0329954091  0.0370199176 -0.3983078247  4.0000000000
-0.0307800445  0.0342874938 -0.3622972186  4.0000000000
-0.0290643673  0.0321661119 -0.3340594445  4.0000000000
-0.0238442200  0.0256948605 -0.2469841505  4.0000000000
-0.0261106124  0.0284777750 -0.2833650493  4.0000000000
-0.0282411478  0.0311031987 -0.3180247937  4.0000000000
-0.0328243310  0.0367888362 -0.3944780584  4.0000000000
-0.0335070121  0.0376431506 -0.4062537645  4.0000000000
-0.0333584280  0.0374693295 -0.4043701683  4.0000000000
-0.0294332413  0.0326133880 -0.3396915546  4.0000000000
-0.0227060546  0.0243314667 -0.2306449670  4.0000000000
-0.0262480463  0.0286430952 -0.2853897722  4.0000000000
-0.0318282406  0.0355399455 -0.3771832499  4.0000000000
-0.0325536708  0.0364676315 -0.3908107377  4.0000000000
-0.0312100768  0.0348048062 -0.3686427428  4.0000000000
-0.0273721550  0.0300647092 -0.3057328922  4.0000000000
-0.0215442515  0.0228784803 -0.2104300658  4.0000000000
-0.0261014769  0.0284616946 -0.2829571675  4.0000000000
-0.0327031374  0.0366282723 -0.3919200563  4.0000000000
-0.0308640782  0.0343747767 -0.3628174131  4.0000000000
-0.0291241891  0.0322244615 -0.3342372748  4.0000000000
-0.0248307185  0.0269338713 -0.2644268489  4.0000000000
-0.0202630549  0.0213329805 -0.1914534820  4.0000000000
-0.0256807097  0.0279457101 -0.2762299532  4.0000000000
-0.0269923356  0.0295629209 -0.2976057623  4.0000000000
-0.0301212545  0.0334308906 -0.3491141506  4.0000000000
-0.0311081237  0.0346586411 -0.3657549108  4.0000000000
-0.0317077726  0.0354160805 -0.3764742749  4.0000000000
-0.0312978946  0.0349139843 -0.3699913489  4.0000000000
-0.0304332501  0.0338472530 -0.3559046526  4.0000000000
-0.0256252885  0.0279149715 -0.2774099887  4.0000000000
-0.0235643454  0.0253802412 -0.2441325786  4.0000000000
-0.0241175769  0.0260343338 -0.2515290031  4.0000000000
-0.0259899081  0.0283351010 -0.2816660730  4.0000000000
-0.0289290404  0.0319652195 -0.3298911475  4.0000000000
-0.0299399961  0.0332417287 -0.3479451262  4.0000000000
-0.0263316904  0.0287916889 -0.2891702172  4.0000000000
-0.0226220995  0.0242276160 -0.2292021081  4.0000000000
-0.0206569155  0.0218177685 -0.1978075154  4.0000000000
-0.0275033633  0.0302150672 -0.3070315201  4.0000000000
-0.0283356984  0.0312489353 -0.3209862632  4.0000000000
-0.0287599856  0.0317804976 -0.3283360887  4.0000000000
-0.0275432749  0.0302937175 -0.3092493236  4.0000000000
-0.0234389641  0.0252158715 -0.2413697180  4.0000000000
-0.0266496296  0.0291795306 -0.2939713192  4.0000000000
-0.0269929991  0.0296169233 -0.3002974035  4.0000000000
-0.0265892014  0.0291239995 -0.2939846203  4.0000000000
-0.0247646051  0.0268796306 -0.2645561078  4.0000000000
-0.0219999253  0.0234588438 -0.2187657445  4.0000000000
-0.0232291450  0.0249698535 -0.2385807639  4.0000000000
-0.0240347950  0.0259904455 -0.2531468376  4.0000000000
-0.0230135827  0.0247252766 -0.2361284962  4.0000000000
 0.1125978497 -0.0233479556  0.0197056714  5.0000000000
 0.1361408225 -0.0296761752  0.0305837000  5.0000000000
 0.1421644072 -0.0314735277  0.0362682840  5.0000000000
 0.1405791987 -0.0305940275  0.0292828921  5.0000000000
 0.1702878513 -0.0391886417  0.0516188826  5.0000000000
 0.1715270734 -0.0396041002  0.0535828510  5.0000000000
 0.1477210980 -0.0330022099  0.0408955776  5.0000000000
 0.0973522040 -0.0188923027  0.0101537331  5.0000000000
 0.1479708908 -0.0323446431  0.0302682473  5.0000000000
 0.1665769472 -0.0376790313  0.0432218565  5.0000000000
 0.1823561108 -0.0422365893  0.0546960962  5.0000000000
 0.2026402603 -0.0482604702  0.0722458215  5.0000000000
 0.1985581493 -0.0471689313  0.0708480162  5.0000000000
 0.2346587053 -0.0572076025  0.0917522865  5.0000000000
 0.2301048334 -0.0559914706  0.0902378543  5.0000000000
 0.2194529500 -0.0530173028  0.0844303262  5.0000000000
 0.1602743652 -0.0362994234  0.0478080930  5.0000000000
 0.1359107822 -0.0294375807  0.0324779032  5.0000000000
 0.1115731483 -0.0226200886  0.0173310429  5.0000000000
 0.2195904790 -0.0522005829  0.0721956139  5.0000000000
 0.2398860865 -0.0581309812  0.0875265695  5.0000000000
 0.2317934456 -0.0564382899  0.0924780220  5.0000000000
 0.1279256693 -0.0270807635  0.0267259569  5.0000000000
 0.1016957819 -0.0197626777  0.0105300223  5.0000000000
 0.0820110902 -0.0129066767 -0.0198839566  5.0000000000
 0.1605480965 -0.0348203951  0.0270717849  5.0000000000
 0.1897141910 -0.0431663592  0.0466848875  5.0000000000
 0.2182911135 -0.0514197728  0.0667852797  5.0000000000
 0.2671789465 -0.0657077828  0.1033792162  5.0000000000
 0.2842344752 -0.0707649106  0.1172325995  5.0000000000
 0.2971860358 -0.0747777402  0.1306044128  5.0000000000
 0.2789015698 -0.0697255167  0.1217948002  5.0000000000
 0.1744293956 -0.0400618308  0.0554539035  5.0000000000
 0.0453474324 -0.0042659839 -0.0227842755  5.0000000000
 0.0492572857 -0.0040258163 -0.0368669989  5.0000000000
 0.0682092969 -0.0089870019 -0.0287069741  5.0000000000
 0.0906678463 -0.0150250256 -0.0175443944  5.0000000000
 0.2386717258 -0.0569729644  0.0775470712  5.0000000000
 0.2673984041 -0.0653680532  0.0988627692  5.0000000000
 0.3107206259 -0.0781871483  0.1332978974  5.0000000000
 0.3221568891 -0.0816552812  0.1437418942  5.0000000000
 0.3197781898 -0.0812486013  0.1467401047  5.0000000000
 0.2844251995 -0.0712438088  0.1257960510  5.0000000000
 0.2570267913 -0.0634312046  0.1082631897  5.0000000000
 0.0717967189 -0.0113523775 -0.0085375406  5.0000000000
 0.0979393149 -0.0167976370 -0.0156426525  5.0000000000
 0.1254851003 -0.0243801647 -0.0002811405  5.0000000000
 0.1889307766 -0.0423017393  0.0396524281  5.0000000000
 0.3131951180 -0.0785263719  0.1304454677  5.0000000000
 0.3496980704 -0.0896169972  0.1638866862  5.0000000000
 0.3440774107 -0.0881295319  0.1623383056  5.0000000000
 0.3293892079 -0.0839950594  0.1541429019  5.0000000000
 0.3065972662 -0.0775029045  0.1399981044  5.0000000000
 0.2434757664 -0.0594740980  0.0990291855  5.0000000000
 0.2073782309 -0.0491983780  0.0754569393  5.0000000000
 0.1711437217 -0.0389354433  0.0520227524  5.0000000000
 0.1052858116 -0.0204912715  0.0107273409  5.0000000000
 0.0780009934 -0.0129725148 -0.0055306711  5.0000000000
 0.0570519737 -0.0057873349 -0.0360654983  5.0000000000
 0.1034686885 -0.0181346267 -0.0142942258  5.0000000000
 0.1644330886 -0.0351001482  0.0214643474  5.0000000000
 0.1988619556 -0.0449109312  0.0439700942  5.0000000000
 0.2692879402 -0.0653217508  0.0937450443  5.0000000000
 0.3017698204 -0.0748622474  0.1182335237  5.0000000000
 0.3297929065 -0.0831592467  0.1402775490  5.0000000000
 0.3692166528 -0.0951476264  0.1763757923  5.0000000000
 0.3636537948 -0.0936808349  0.1749654982  5.0000000000
 0.3246520595 -0.0826048450  0.1515989771  5.0000000000
 0.2581881775 -0.0635896388  0.1082072977  5.0000000000
 0.2200376315 -0.0527111154  0.0831481005  5.0000000000
 0.0810925604 -0.0119916505 -0.0265505911  5.0000000000
 0.1697764658 -0.0364531937  0.0233249147  5.0000000000
 0.2052672074 -0.0465776248  0.0466106949  5.0000000000
 0.2419071171 -0.0571585808  0.0720236478  5.0000000000
 0.2780444931 -0.0676989425  0.0982784984  5.0000000000
 0.3409583108 -0.0862730732  0.1468651304  5.0000000000
 0.3780567823 -0.0974431359  0.1788770001  5.0000000000
 0.3828977670 -0.0990257750  0.1851424916  5.0000000000
 0.3775466973 -0.0976213014  0.1839327951  5.0000000000
 0.2689902782 -0.0666049968  0.1148875436  5.0000000000
 0.2293734946 -0.0552933041  0.0887448117  5.0000000000
 0.1384379206 -0.0275556671  0.0032869302  5.0000000000
 0.2817940896 -0.0686947732  0.1000242826  5.0000000000
 0.3161860043 -0.0788196573  0.1261321697  5.0000000000
 0.3461248124 -0.0877024913  0.1498130791  5.0000000000
 0.3695481810 -0.0947134977  0.1692926924  5.0000000000
 0.3846348575 -0.0992973986  0.1829811336  5.0000000000
 0.3900282022 -0.1010422008  0.1896727620  5.0000000000
 0.3697683253 -0.0954258870  0.1801445107  5.0000000000
 0.3451728120 -0.0883896166  0.1646612060  5.0000000000
 0.3129532845 -0.0791453256  0.1435942517  5.0000000000
 0.2349588106 -0.0568207487  0.0919443727  5.0000000000
 0.0414387929 -0.0016822241 -0.0428696604  5.0000000000
 0.1075511751 -0.0190126684 -0.0142424485  5.0000000000
 0.2436357609 -0.0575342702  0.0720889901  5.0000000000
 0.3148691614 -0.0784188027  0.1250642431  5.0000000000
 0.3450309155 -0.0873697163  0.1489256358  5.0000000000
 0.3843248993 -0.0991946391  0.1826593967  5.0000000000
 0.3902099579 -0.1010797548  0.1896755012  5.0000000000
 0.3857051841 -0.0999137413  0.1890236974  5.0000000000
 0.3708628348 -0.0957163982  0.1806903526  5.0000000000
 0.3465846984 -0.0887640687  0.1653637239  5.0000000000
 0.3145481086 -0.0795643931  0.1443567380  5.0000000000
 0.2365298124 -0.0572175748  0.0925672352  5.0000000000
 0.1956397963 -0.0455810007  0.0656892641  5.0000000000
 0.0577464352 -0.0058043826 -0.0371878109  5.0000000000
 0.1338742274 -0.0262766486  0.0006422949  5.0000000000
 0.2739164556 -0.0664319720  0.0948518764  5.0000000000
 0.3078962170 -0.0764362184  0.1206409696  5.0000000000
 0.3614286565 -0.0923770549  0.1638486586  5.0000000000
 0.3794789576 -0.0981216040  0.1847908882  5.0000000000
 0.3418596596 -0.0873915112  0.1620189871  5.0000000000
 0.1199648896 -0.0242335378  0.0170210446  5.0000000000
 0.0432546867 -0.0032768897 -0.0273241236  5.0000000000
 0.0754580098 -0.0104569733 -0.0293798811  5.0000000000
 0.1592326718 -0.0334604321  0.0168395897  5.0000000000
 0.1929517358 -0.0430573717  0.0387686528  5.0000000000
 0.3246508321 -0.0815797100  0.1359652648  5.0000000000
 0.3478149460 -0.0885040352  0.1550976741  5.0000000000
 0.3633678775 -0.0932094007  0.1689252907  5.0000000000
 0.3699116120 -0.0952707175  0.1762097915  5.0000000000
 0.3666368446 -0.0944458087  0.1762258374  5.0000000000
 0.3534811757 -0.0907217243  0.1688872874  5.0000000000
 0.3311980848 -0.0843325758  0.1547872901  5.0000000000
 0.3013074456 -0.0757410338  0.1351352470  5.0000000000
 0.0870914928 -0.0150949971 -0.0031965561  5.0000000000
 0.0350024940 -0.0001515794 -0.0441490673  5.0000000000
 0.0934913055 -0.0153591559 -0.0198502218  5.0000000000
 0.1814611096 -0.0399212821  0.0327484061  5.0000000000
 0.2475801229 -0.0590651227  0.0792930357  5.0000000000
 0.3437545387 -0.0876274685  0.1562268492  5.0000000000
 0.3504064771 -0.0897094721  0.1634334827  5.0000000000
 0.3477937220 -0.0890673408  0.1637762395  5.0000000000
 0.3358033547 -0.0856734223  0.1571368724  5.0000000000
 0.3150941468 -0.0797343194  0.1440443495  5.0000000000
 0.2870612651 -0.0716764009  0.1256207822  5.0000000000
 0.2536825628 -0.0620961478  0.1034331927  5.0000000000
 0.1118595481 -0.0219284797  0.0115709362  5.0000000000
 0.0402685532 -0.0024210375 -0.0294002331  5.0000000000
 0.2290749970 -0.0539166418  0.0685931462  5.0000000000
 0.2839876294 -0.0700980669  0.1106922671  5.0000000000
 0.3258278201 -0.0827176169  0.1474570958  5.0000000000
 0.3238527442 -0.0822513334  0.1480952677  5.0000000000
 0.3131578444 -0.0792262312  0.1422401848  5.0000000000
 0.1357687462 -0.0286254882  0.0265413457  5.0000000000
 0.0558358709 -0.0065639457 -0.0212563156  5.0000000000
 0.0376745440 -0.0017284747 -0.0307944271  5.0000000000
 0.0411765500 -0.0018298948 -0.0408378713  5.0000000000
 0.0772933585 -0.0112525243 -0.0254397838  5.0000000000
 0.1801161637 -0.0399889757  0.0367193708  5.0000000000
 0.2776050038 -0.0686284500  0.1107479631  5.0000000000
 0.2909746573 -0.0726592178  0.1224650669  5.0000000000
 0.2865956564 -0.0716882753  0.1249576290  5.0000000000
 0.2697700269 -0.0668670709  0.1144012434  5.0000000000
 0.2465437392 -0.0601975957  0.0992157759  5.0000000000
 0.2185271619 -0.0521682671  0.0806985319  5.0000000000
 0.1559444512 -0.0343622975  0.0397489484  5.0000000000
 0.1110516696 -0.0206481283 -0.0053221220  5.0000000000
 0.1605682993 -0.0346537703  0.0263687405  5.0000000000
 0.2095110798 -0.0488786709  0.0617401521  5.0000000000
 0.2602287531 -0.0639767500  0.1030870494  5.0000000000
 0.2652885549 -0.0656542641  0.1103302026  5.0000000000
 0.2425885744 -0.0591947612  0.0969730607  5.0000000000
 0.2220700877 -0.0533100919  0.0836308623  5.0000000000
 0.1695266513 -0.0383086015  0.0491645088  5.0000000000
 0.1410185069 -0.0302380120  0.0307614306  5.0000000000
 0.0876988391 -0.0153385056 -0.0023862370  5.0000000000
 0.0768708059 -0.0114602450 -0.0224113148  5.0000000000
 0.0968312325 -0.0169191744 -0.0114314734  5.0000000000
 0.1404989375 -0.0292050100  0.0159757381  5.0000000000
 0.1835303096 -0.0416735567  0.0467675337  5.0000000000
 0.1961210228 -0.0460437614  0.0673924684  5.0000000000
 0.1501379715 -0.0329432562  0.0374616974  5.0000000000
 0.0266629586  0.0010687925 -0.0355757226  5.0000000000
 0.1577055343 -0.0345489280  0.0321853271  5.0000000000
 0.1869449340 -0.0432044497  0.0553840653  5.0000000000
 0.1696967275 -0.0386843580  0.0511702033  5.0000000000
 0.1510926274 -0.0333846393  0.0391490840  5.0000000000
 0.1302256180 -0.0274700224  0.0257340436  5.0000000000
 0.0495393536 -0.0050821658 -0.0231349932  5.0000000000
 0.0850860556 -0.0141187123 -0.0136163683  5.0000000000
 0.1328314089 -0.0277285095  0.0184793633  5.0000000000
 0.1463789984 -0.0317122541  0.0289136246  5.0000000000
 0.1281068920 -0.0270591848  0.0255915642  5.0000000000
 0.0834922866 -0.0139329359 -0.0118821378  5.0000000000
 0.1398866091 -0.0304791131  0.0317375393  5.0000000000
 0.1292674113 -0.0275978099  0.0273642435  5.0000000000
 0.1061289176 -0.0210515726  0.0129450381  5.0000000000
 0.0780621536 -0.0127063672 -0.0121998192  5.0000000000
 0.0882997510 -0.0156510157 -0.0049797055  5.0000000000
 0.1128412129 -0.0230915805  0.0170591912  5.0000000000
 0.0529545420 -0.0062357268 -0.0222135793  5.0000000000
