-0.083259447 -0.295744696 -0.717062576  1.000000000
-0.083252591 -0.296068668 -0.738112927  1.000000000
-0.083267827 -0.295537000 -0.708055834  1.000000000
-0.083236009 -0.296571997 -0.769136116  1.000000000
-0.083243258 -0.296393803 -0.759139317  1.000000000
-0.083261751 -0.295860644 -0.729115017  1.000000000
-0.083266830 -0.295683408 -0.719096169  1.000000000
-0.083271366 -0.295506418 -0.709072194  1.000000000
-0.083281718 -0.294976956 -0.678971292  1.000000000
-0.083231448 -0.296720079 -0.780140174  1.000000000
-0.083239240 -0.296541640 -0.770149561  1.000000000
-0.083259361 -0.296007729 -0.740142873  1.000000000
-0.083264984 -0.295830236 -0.730129560  1.000000000
-0.083270063 -0.295652988 -0.720110972  1.000000000
-0.083274600 -0.295475986 -0.710087253  1.000000000
-0.083284952 -0.294946489 -0.679987085  1.000000000
-0.083289139 -0.294594777 -0.659897737  1.000000000
-0.083242165 -0.296511430 -0.771161512  1.000000000
-0.083249415 -0.296333211 -0.761165309  1.000000000
-0.083256123 -0.296155228 -0.751163340  1.000000000
-0.083277527 -0.295445704 -0.711101002  1.000000000
-0.083281521 -0.295268940 -0.701072633  1.000000000
-0.083287880 -0.294916173 -0.681001660  1.000000000
-0.083219780 -0.297017444 -0.802123312  1.000000000
-0.083228657 -0.296838524 -0.792145737  1.000000000
-0.083236992 -0.296659831 -0.782161906  1.000000000
-0.083244785 -0.296481368 -0.772171960  1.000000000
-0.083252035 -0.296303137 -0.762176101  1.000000000
-0.083258743 -0.296125142 -0.752174470  1.000000000
-0.083270531 -0.295769869 -0.732154522  1.000000000
-0.083275611 -0.295592598 -0.722136548  1.000000000
-0.083280148 -0.295415573 -0.712113432  1.000000000
-0.083284143 -0.295238798 -0.702085374  1.000000000
-0.083290503 -0.294886010 -0.682015007  1.000000000
-0.083294690 -0.294534255 -0.661926767  1.000000000
-0.083222093 -0.296987564 -0.803131093  1.000000000
-0.083230970 -0.296808632 -0.793153909  1.000000000
-0.083239305 -0.296629928 -0.783170462  1.000000000
-0.083247098 -0.296451453 -0.773180897  1.000000000
-0.083272846 -0.295739910 -0.733164923  1.000000000
-0.083289910 -0.295032276 -0.693064297  1.000000000
-0.083292819 -0.294855999 -0.683027117  1.000000000
-0.083295185 -0.294679981 -0.672985478  1.000000000
-0.083224100 -0.296957830 -0.804137262  1.000000000
-0.083249106 -0.296421686 -0.774188312  1.000000000
-0.083256357 -0.296243433 -0.764193231  1.000000000
-0.083269232 -0.295887638 -0.744185866  1.000000000
-0.083288469 -0.295178969 -0.704106952  1.000000000
-0.083291921 -0.295002427 -0.694074799  1.000000000
-0.083294830 -0.294826141 -0.684037981  1.000000000
-0.083297195 -0.294650114 -0.673996698  1.000000000
-0.083300298 -0.294298847 -0.653901313  1.000000000
-0.083225801 -0.296928243 -0.805141809  1.000000000
-0.083250809 -0.296392067 -0.775194196  1.000000000
-0.083270935 -0.295857989 -0.745193040  1.000000000
-0.083276559 -0.295680442 -0.735181518  1.000000000
-0.083281640 -0.295503141 -0.725164693  1.000000000
-0.083286178 -0.295326086 -0.715142711  1.000000000
-0.083293625 -0.294972731 -0.695084015  1.000000000
-0.083302003 -0.294269116 -0.654912066  1.000000000
-0.083217776 -0.297077991 -0.816114137  1.000000000
-0.083252205 -0.296362597 -0.776198541  1.000000000
-0.083266166 -0.296006288 -0.756204389  1.000000000
-0.083277956 -0.295650934 -0.736187693  1.000000000
-0.083283037 -0.295473623 -0.726171313  1.000000000
-0.083295023 -0.294943188 -0.696091936  1.000000000
-0.083297933 -0.294766884 -0.686055933  1.000000000
-0.083300299 -0.294590840 -0.676015455  1.000000000
-0.083304139 -0.294064291 -0.645868662  1.000000000
-0.083253296 -0.296333275 -0.777201337  1.000000000
-0.083267257 -0.295976948 -0.757208172  1.000000000
-0.083273424 -0.295799142 -0.747203034  1.000000000
-0.083296116 -0.294913797 -0.697098553  1.000000000
-0.083299026 -0.294737486 -0.687063003  1.000000000
-0.083304496 -0.294210119 -0.656930045  1.000000000
-0.083219650 -0.297019571 -0.818113974  1.000000000
-0.083229070 -0.296840364 -0.808145628  1.000000000
-0.083237949 -0.296661381 -0.798170851  1.000000000
-0.083246286 -0.296482627 -0.788189786  1.000000000
-0.083268042 -0.295947759 -0.758210458  1.000000000
-0.083279833 -0.295592371 -0.738195755  1.000000000
-0.083293450 -0.295061135 -0.708134233  1.000000000
-0.083299812 -0.294708242 -0.688068790  1.000000000
-0.083220128 -0.296990581 -0.819111364  1.000000000
-0.083238428 -0.296632375 -0.799169392  1.000000000
-0.083254559 -0.296275080 -0.779202246  1.000000000
-0.083268521 -0.295918719 -0.759211237  1.000000000
-0.083280313 -0.295563317 -0.739197622  1.000000000
-0.083285395 -0.295385982 -0.729182759  1.000000000
-0.083289934 -0.295208895 -0.719162715  1.000000000
-0.083293930 -0.295032059 -0.709137693  1.000000000
-0.083302660 -0.294503086 -0.679034242  1.000000000
-0.083304484 -0.294327283 -0.668990852  1.000000000
-0.083306502 -0.293976475 -0.648891662  1.000000000
-0.083254732 -0.296246206 -0.780200340  1.000000000
-0.083268695 -0.295889831 -0.760210502  1.000000000
-0.083274862 -0.295712001 -0.750207004  1.000000000
-0.083297558 -0.294826547 -0.700110482  1.000000000
-0.083229588 -0.296753813 -0.811134519  1.000000000
-0.083246804 -0.296396029 -0.791182281  1.000000000
-0.083261852 -0.296039169 -0.771205455  1.000000000
-0.083268562 -0.295861093 -0.761208241  1.000000000
-0.083274730 -0.295683256 -0.751205351  1.000000000
-0.083285437 -0.295328315 -0.731183285  1.000000000
-0.083293973 -0.294974366 -0.711140515  1.000000000
-0.083297426 -0.294797772 -0.701111788  1.000000000
-0.083304528 -0.294269543 -0.670998138  1.000000000
-0.083246366 -0.296367461 -0.792176542  1.000000000
-0.083261414 -0.296010588 -0.772201017  1.000000000
-0.083274292 -0.295654663 -0.752202195  1.000000000
-0.083289539 -0.295122604 -0.722163121  1.000000000
-0.083299899 -0.294592808 -0.692078921  1.000000000
-0.083305372 -0.294065353 -0.661953983  1.000000000
-0.083245621 -0.296339044 -0.793169168  1.000000000
-0.083260669 -0.295982159 -0.773195007  1.000000000
-0.083273548 -0.295626223 -0.753197527  1.000000000
-0.083279173 -0.295448618 -0.743190456  1.000000000
-0.083244571 -0.296310776 -0.794160151  1.000000000
-0.083278123 -0.295420324 -0.744184960  1.000000000
-0.083287745 -0.295065845 -0.724156303  1.000000000
-0.083298107 -0.294536022 -0.694076049  1.000000000
-0.083251010 -0.296104088 -0.785166847  1.000000000
-0.083258263 -0.295925753 -0.775178229  1.000000000
-0.083271142 -0.295569798 -0.755183617  1.000000000
-0.083276767 -0.295392184 -0.745177964  1.000000000
-0.083290387 -0.294860829 -0.715129512  1.000000000
-0.083267513 -0.295513984 -0.757163548  1.000000000
-0.054451591  0.052241666  0.497660584  2.000000000
-0.054474274  0.052203569  0.485457318  2.000000000
-0.054457249  0.052491634  0.508485653  2.000000000
-0.054480103  0.052454521  0.496283318  2.000000000
-0.054462301  0.052738294  0.519306646  2.000000000
-0.054476232  0.052842995  0.518616308  2.000000000
-0.054489946  0.052946502  0.517923289  2.000000000
-0.054503445  0.053048817  0.517227594  2.000000000
-0.054493961  0.053187518  0.528736708  2.000000000
-0.054529794  0.053249862  0.515828206  2.000000000
-0.054523284  0.053623967  0.538144528  2.000000000
-0.054513023  0.053758376  0.549648205  2.000000000
-0.054579896  0.053637592  0.512997609  2.000000000
-0.054539616  0.054179889  0.559031038  2.000000000
-0.054572512  0.054007102  0.535310226  2.000000000
-0.054603647  0.053824263  0.511566503  2.000000000
-0.054615197  0.053915797  0.510847021  2.000000000
-0.054607158  0.054281842  0.533156190  2.000000000
-0.054597350  0.054638008  0.555448418  2.000000000
-0.054648545  0.054183183  0.508672935  2.000000000
-0.054639051  0.054322178  0.520191886  2.000000000
-0.054608245  0.054726019  0.554723654  2.000000000
-0.054618341  0.055028685  0.564768723  2.000000000
-0.054670441  0.054578787  0.517996151  2.000000000
-0.054650287  0.054850331  0.541025074  2.000000000
-0.054796209  0.049547516  0.170710735  2.000000000
-0.054690280  0.054743824  0.516519285  2.000000000
-0.054659464  0.055147965  0.551058995  2.000000000
-0.054813417  0.049504884  0.157650435  2.000000000
-0.054709370  0.054685409  0.504254986  2.000000000
-0.054699873  0.054824529  0.515776960  2.000000000
-0.054689988  0.054961457  0.527294905  2.000000000
-0.054826756  0.049988895  0.180009289  2.000000000
-0.054678428  0.055308278  0.549574198  2.000000000
-0.054667380  0.055438633  0.561079319  2.000000000
-0.054837309  0.050265981  0.190812692  2.000000000
-0.054676534  0.055516989  0.560333253  2.000000000
-0.054665098  0.055645160  0.571833961  2.000000000
-0.054843043  0.049941173  0.166937964  2.000000000
-0.054847879  0.050735127  0.213177910  2.000000000
-0.054717457  0.055196368  0.525053490  2.000000000
-0.054685471  0.055594133  0.559584474  2.000000000
-0.054674034  0.055722320  0.571085513  2.000000000
-0.054854954  0.050417588  0.189296691  2.000000000
-0.054856594  0.050810389  0.212419453  2.000000000
-0.054745563  0.054996053  0.501258580  2.000000000
-0.054726177  0.055272248  0.524301142  2.000000000
-0.054754066  0.055070686  0.500503153  2.000000000
-0.054713741  0.055614359  0.546572446  2.000000000
-0.054691252  0.055872999  0.569580400  2.000000000
-0.054872743  0.050761920  0.199335473  2.000000000
-0.054873452  0.051341729  0.234024278  2.000000000
-0.054687709  0.056072543  0.580320627  2.000000000
-0.054881513  0.051413444  0.233261052  2.000000000
-0.054878715  0.051974154  0.267954524  2.000000000
-0.054788252  0.054931245  0.475925684  2.000000000
-0.054779528  0.055074874  0.487457035  2.000000000
-0.054740753  0.055627463  0.533544269  2.000000000
-0.053988214  0.059241933  0.999783954  2.000000000
-0.053961870  0.059282967  1.010956151  2.000000000
-0.054819938  0.054558142  0.440548155  2.000000000
-0.054812381  0.054708347  0.452089391  2.000000000
-0.054804435  0.054856369  0.463627556  2.000000000
-0.054796100  0.055002204  0.475162470  2.000000000
-0.054758876  0.055563635  0.521265879  2.000000000
-0.054726883  0.055961639  0.555800126  2.000000000
-0.054715444  0.056089901  0.567302293  2.000000000
-0.054703617  0.056215957  0.578799526  2.000000000
-0.054896979  0.051553266  0.231729531  2.000000000
-0.054895506  0.051929307  0.254858432  2.000000000
-0.054890370  0.052477326  0.289552278  2.000000000
-0.054869568  0.053515323  0.358923231  2.000000000
-0.054853904  0.054005149  0.393590206  2.000000000
-0.054841515  0.054320846  0.416691239  2.000000000
-0.054827568  0.054627835  0.439782265  2.000000000
-0.054723071  0.056159769  0.566537502  2.000000000
-0.054003589  0.059383389  0.998273627  2.000000000
-0.054889133  0.053074311  0.323473820  2.000000000
-0.054848925  0.054389290  0.415922962  2.000000000
-0.054783804  0.055564940  0.508212609  2.000000000
-0.054752973  0.055969634  0.542760522  2.000000000
-0.054741920  0.056100129  0.554267638  2.000000000
-0.054706437  0.056478375  0.588759793  2.000000000
-0.054693835  0.056600038  0.600246825  2.000000000
-0.054010953  0.059452276  0.997512436  2.000000000
-0.053984603  0.059493308  1.008685471  2.000000000
-0.054910098  0.052064408  0.253320014  2.000000000
-0.054904966  0.052612562  0.288013643  2.000000000
-0.054874117  0.053979607  0.380497578  2.000000000
-0.054809609  0.055351491  0.484389951  2.000000000
-0.054725842  0.056421946  0.576497329  2.000000000
-0.054018100  0.059519935  0.996747237  2.000000000
-0.054915746  0.052315032  0.264112753  2.000000000
-0.054886310  0.053882238  0.368169280  2.000000000
-0.054869480  0.054365725  0.402830346  2.000000000
-0.054720597  0.056612069  0.587216897  2.000000000
-0.054076610  0.059497528  0.973595615  2.000000000
-0.054025031  0.059586365  0.995978036  2.000000000
-0.054913316  0.053097753  0.309594546  2.000000000
-0.054906385  0.053443922  0.332718260  2.000000000
-0.054893064  0.053946972  0.367394640  2.000000000
-0.054701756  0.056918266  0.609410080  2.000000000
-0.054083327  0.059562731  0.972822146  2.000000000
-0.054922728  0.052984845  0.297255494  2.000000000
-0.054869602  0.054805603  0.424374250  2.000000000
-0.054862434  0.054958092  0.435918268  2.000000000
-0.054846931  0.055256516  0.458997586  2.000000000
-0.054811258  0.055827083  0.505116005  2.000000000
-0.054801368  0.055964236  0.516636143  2.000000000
-0.054769371  0.056362487  0.551170830  2.000000000
-0.054757929  0.056490828  0.562673194  2.000000000
-0.054694911  0.057099361  0.620107633  2.000000000
-0.054681148  0.057214420  0.631577735  2.000000000
-0.054115056  0.059578898  0.960835914  2.000000000
-0.054089829  0.059626704  0.972044757  2.000000000
-0.054064224  0.059672250  0.983242058  2.000000000
-0.054038243  0.059715536  0.994427658  2.000000000
-0.054919232  0.053569644  0.331163657  2.000000000
-0.054905913  0.054072802  0.365839147  2.000000000
-0.054868751  0.055020497  0.435138607  2.000000000
-0.054817575  0.055889574  0.504335615  2.000000000
-0.054752415  0.056679523  0.573389680  2.000000000
-0.054714603  0.057044678  0.607850484  2.000000000
-0.054146194  0.059591578  0.948834266  2.000000000
-0.054121342  0.059641641  0.960054550  2.000000000
-0.054070507  0.059734991  0.982460824  2.000000000
-0.054912009  0.054133897  0.365058309  2.000000000
-0.054901180  0.054458530  0.388166639  2.000000000
-0.054851010  0.055526127  0.468970032  2.000000000
-0.054842286  0.055669894  0.480501258  2.000000000
-0.054792838  0.056355777  0.538099756  2.000000000
-0.054770342  0.056614710  0.561108772  2.000000000
-0.054679405  0.057451282  0.641476118  2.000000000
-0.054102181  0.059750957  0.970478250  2.000000000
-0.054917885  0.054193777  0.364275419  2.000000000
-0.054901059  0.054677514  0.398934188  2.000000000
-0.054809383  0.056283077  0.525802668  2.000000000
-0.054776220  0.056674819  0.560322583  2.000000000
-0.054764390  0.056800983  0.571819675  2.000000000
-0.054655820  0.057730517  0.663597707  2.000000000
-0.054928371  0.054086839  0.351934161  2.000000000
-0.054893552  0.055047864  0.421242771  2.000000000
-0.054870883  0.055498948  0.455863888  2.000000000
-0.054781879  0.056733705  0.559533751  2.000000000
-0.054732234  0.057225123  0.605490129  2.000000000
-0.054690938  0.057570407  0.639898848  2.000000000
-0.054630471  0.057999650  0.685689490  2.000000000
-0.054212333  0.059665524  0.923993235  2.000000000
-0.054188233  0.059720102  0.935235614  2.000000000
-0.054163755  0.059772422  0.946467010  2.000000000
-0.054840651  0.056127336  0.501189310  2.000000000
-0.054635908  0.058057403  0.684895773  2.000000000
-0.054310371  0.059482467  0.878121332  2.000000000
-0.054193654  0.059777920  0.934438971  2.000000000
-0.054934199  0.054366126  0.361914509  2.000000000
-0.054923373  0.054690880  0.385020610  2.000000000
-0.054889489  0.055464651  0.442746253  2.000000000
-0.054845872  0.056183724  0.500396584  2.000000000
-0.054780710  0.056974001  0.569444601  2.000000000
-0.054742895  0.057339299  0.603902669  2.000000000
-0.054701597  0.057684631  0.638310056  2.000000000
-0.054656823  0.058009946  0.672661731  2.000000000
-0.054625046  0.058215680  0.695529419  2.000000000
-0.054246683  0.059723094  0.911143403  2.000000000
-0.054922376  0.054905054  0.395778511  2.000000000
-0.054909212  0.055216774  0.418870893  2.000000000
-0.054886545  0.055667973  0.453489236  2.000000000
-0.054830706  0.056511159  0.522634581  2.000000000
-0.054747896  0.057394548  0.603104794  2.000000000
-0.054596727  0.058467796  0.717568163  2.000000000
-0.054448098  0.059165486  0.808608867  2.000000000
-0.054427796  0.059242598  0.819950565  2.000000000
-0.054364603  0.059460437  0.853920052  2.000000000
-0.054342777  0.059528548  0.865224069  2.000000000
-0.054320570  0.059594405  0.876518208  2.000000000
-0.054203843  0.059889858  0.932834373  2.000000000
-0.054938760  0.054638435  0.371883674  2.000000000
-0.054906827  0.055423237  0.429617814  2.000000000
-0.054874270  0.056011745  0.475755576  2.000000000
-0.054802325  0.056957014  0.556352140  2.000000000
-0.054696841  0.057904626  0.648166232  2.000000000
-0.054681916  0.058013078  0.659616294  2.000000000
-0.054369377  0.059514556  0.853113534  2.000000000
-0.054325343  0.059648525  0.875711262  2.000000000
-0.054302755  0.059712128  0.886995143  2.000000000
-0.054937714  0.054852361  0.382639081  2.000000000
-0.054931718  0.055011515  0.394187915  2.000000000
-0.054829386  0.056750709  0.532544933  2.000000000
-0.054795059  0.057135999  0.567045624  2.000000000
-0.054770236  0.057381796  0.590021104  2.000000000
-0.054730097  0.057733855  0.624443120  2.000000000
-0.054715944  0.057846765  0.635905391  2.000000000
-0.054622922  0.058477436  0.704542796  2.000000000
-0.054571212  0.058762620  0.738765570  2.000000000
-0.054553207  0.058853204  0.750157717  2.000000000
-0.054516046  0.059027647  0.772917727  2.000000000
-0.054496891  0.059111503  0.784285226  2.000000000
-0.054437131  0.059349593  0.818335477  2.000000000
-0.054373934  0.059567441  0.852303506  2.000000000
-0.054908177  0.055677765  0.439558634  2.000000000
-0.054900233  0.055826010  0.451093907  2.000000000
-0.054864564  0.056397052  0.497201299  2.000000000
-0.054557550  0.058904839  0.749346958  2.000000000
-0.054946177  0.054953922  0.381041024  2.000000000
-0.054933795  0.055270097  0.404134539  2.000000000
-0.054858800  0.056584598  0.507913449  2.000000000
-0.054765714  0.057603281  0.599885828  2.000000000
-0.054679638  0.058274119  0.668634757  2.000000000
-0.054631390  0.058579446  0.702920931  2.000000000
-0.054524512  0.059129696  0.771291660  2.000000000
-0.054465896  0.059374539  0.805366236  2.000000000
-0.054292796  0.059928433  0.895824837  2.000000000
-0.054891206  0.056215210  0.472544479  2.000000000
-0.054872594  0.056496374  0.495589130  2.000000000
-0.054830708  0.057032269  0.541629859  2.000000000
-0.054819266  0.057160723  0.553128829  2.000000000
-0.054782613  0.057532803  0.587595842  2.000000000
-0.054769620  0.057652396  0.599074258  2.000000000
-0.054742474  0.057884919  0.622014090  2.000000000
-0.054713782  0.058108547  0.644930011  2.000000000
-0.054428811  0.059575710  0.827218418  2.000000000
-0.054386295  0.059718695  0.849852430  2.000000000
-0.054364466  0.059786808  0.861155019  2.000000000
-0.054911945  0.055973048  0.448678098  2.000000000
-0.054894891  0.056263017  0.471735859  2.000000000
-0.054786300  0.057580683  0.586782048  2.000000000
-0.054638984  0.058676532  0.701286914  2.000000000
-0.054587272  0.058961757  0.735504988  2.000000000
-0.054432496  0.059623659  0.826395213  2.000000000
-0.054345940  0.059900616  0.871622983  2.000000000
-0.054944845  0.055413350  0.401718627  2.000000000
-0.054923353  0.055871331  0.436335169  2.000000000
-0.054837862  0.057126750  0.540003770  2.000000000
-0.054802373  0.057505512  0.574482776  2.000000000
-0.054763397  0.057864323  0.608914774  2.000000000
-0.054720938  0.058203131  0.643294731  2.000000000
-0.054690701  0.058417866  0.666183307  2.000000000
-0.054642453  0.058723227  0.700465366  2.000000000
-0.054554345  0.059187413  0.757454287  2.000000000
-0.054516415  0.059357390  0.780193797  2.000000000
-0.054456649  0.059595502  0.814238387  2.000000000
-0.054960466  0.055142400  0.377820285  2.000000000
-0.054941315  0.055613513  0.412449976  2.000000000
-0.054918656  0.056064956  0.447056279  2.000000000
-0.054892492  0.056496664  0.481634131  2.000000000
-0.054817839  0.057426884  0.562176750  2.000000000
-0.054793017  0.057672758  0.585146444  2.000000000
-0.054780025  0.057792367  0.596623275  2.000000000
-0.054593990  0.059053931  0.733855902  2.000000000
-0.054557594  0.059232887  0.756627180  2.000000000
-0.054500125  0.059484487  0.790722222  2.000000000
-0.054974305  0.054861479  0.353914418  2.000000000
-0.054929624  0.055960774  0.434710141  2.000000000
-0.054865857  0.056952733  0.515360364  2.000000000
-0.054855192  0.057085632  0.526866201  2.000000000
-0.054421175  0.059832714  0.835225148  2.000000000
-0.054947144  0.055700476  0.410823269  2.000000000
-0.054939981  0.055853162  0.422360180  2.000000000
-0.054932429  0.056003659  0.433894330  2.000000000
-0.054878941  0.056860553  0.503030357  2.000000000
-0.054858001  0.057128570  0.526044987  2.000000000
-0.054846948  0.057259266  0.537545704  2.000000000
-0.054979689  0.054945912  0.352290766  2.000000000
-0.054956500  0.055587242  0.398467971  2.000000000
-0.054918743  0.056339754  0.456134081  2.000000000
-0.054910023  0.056483678  0.467658050  2.000000000
-0.054871254  0.057037370  0.513716821  2.000000000
-0.054860590  0.057170280  0.525221303  2.000000000
-0.054849538  0.057300981  0.536721330  2.000000000
-0.054838097  0.057429470  0.548216709  2.000000000
-0.054971238  0.055311333  0.374567105  2.000000000
-0.054952093  0.055782543  0.409188088  2.000000000
-0.054973382  0.055350510  0.373748797  2.000000000
-0.054939527  0.056124965  0.431433795  2.000000000
-0.054995364  0.054729634  0.326746575  2.000000000
-0.054980905  0.055227018  0.361385571  2.000000000
-0.054962934  0.055704813  0.396008160  2.000000000
-0.054956164  0.055859713  0.407544494  2.000000000
-0.054971019  0.055584464  0.383646248  2.000000000
-0.054994119  0.054969797  0.336653361  2.000000000
-0.054984092  0.055299239  0.359740854  2.000000000
-0.055007491  0.054493598  0.301191423  2.000000000
-0.054995380  0.055004060  0.335830039  2.000000000
-0.054996422  0.055037101  0.335004863  2.000000000
-0.055001670  0.054900921  0.322634884  2.000000000
-0.054992427  0.055234742  0.345719368  2.000000000
-0.055016443  0.054267187  0.274804017  2.000000000
-0.055010329  0.054618359  0.297892482  2.000000000
-0.055010488  0.054646493  0.297063431  2.000000000
-0.054998389  0.055157023  0.331685763  2.000000000
-0.055016257  0.054347899  0.272318947  2.000000000
-0.055013397  0.054524576  0.283859913  2.000000000
-0.055006505  0.054871441  0.306939648  2.000000000
-0.055012895  0.054549037  0.283027021  2.000000000
-0.055015032  0.054395594  0.270654091  2.000000000
-0.055015392  0.054259555  0.257446704  2.000000000
-0.055006823  0.054789601  0.292053454  2.000000000
-0.055008688  0.054634647  0.279678995  2.000000000
-0.055014478  0.054116466  0.244238423  2.000000000
-0.055012405  0.054297464  0.255771898  2.000000000
-0.055010581  0.054314584  0.254932174  2.000000000
-0.055005264  0.054670108  0.277995216  2.000000000
-0.054998384  0.055016980  0.301055733  2.000000000
-0.055000960  0.054700671  0.276305009  2.000000000
-0.054994084  0.055047536  0.299359405  2.000000000
-0.054991603  0.055060975  0.298508744  2.000000000
-0.054987580  0.055231155  0.310032995  2.000000000
-0.054988903  0.055073189  0.297656430  2.000000000
 0.003735874  0.244215271 -0.319552484  3.000000000
 0.003771593  0.244339934 -0.284178450  3.000000000
 0.003783640  0.244375040 -0.272388461  3.000000000
 0.003795758  0.244406921 -0.260599470  3.000000000
 0.003698679  0.244216921 -0.343975038  3.000000000
 0.003733970  0.244360970 -0.308605011  3.000000000
 0.003782014  0.244507901 -0.261451716  3.000000000
 0.003806456  0.244562011 -0.237881404  3.000000000
 0.003843640  0.244618974 -0.202538166  3.000000000
 0.003645819  0.244027459 -0.391546765  3.000000000
 0.003668702  0.244152497 -0.367971494  3.000000000
 0.003715328  0.244363927 -0.320815968  3.000000000
 0.003751042  0.244488658 -0.285451003  3.000000000
 0.003824365  0.244651024 -0.214747797  3.000000000
 0.003836828  0.244666789 -0.202969628  3.000000000
 0.003639058  0.244073357 -0.391961281  3.000000000
 0.003685108  0.244310587 -0.344812935  3.000000000
 0.003696800  0.244361842 -0.333024965  3.000000000
 0.003708562  0.244409874 -0.321237023  3.000000000
 0.003805200  0.244678031 -0.226957558  3.000000000
 0.003817594  0.244697030 -0.215178503  3.000000000
 0.003609747  0.243979506 -0.415942626  3.000000000
 0.003621006  0.244050087 -0.404159637  3.000000000
 0.003655218  0.244242525 -0.368804702  3.000000000
 0.003666766  0.244300231 -0.357018372  3.000000000
 0.003678385  0.244354716 -0.345231689  3.000000000
 0.003701838  0.244454019 -0.321658020  3.000000000
 0.003713671  0.244498835 -0.309871419  3.000000000
 0.003725574  0.244540427 -0.298085229  3.000000000
 0.003749593  0.244613934 -0.274514844  3.000000000
 0.003761708  0.244645848 -0.262731035  3.000000000
 0.003773893  0.244674536 -0.250948399  3.000000000
 0.003823328  0.244757008 -0.203833458  3.000000000
 0.003625661  0.244159744 -0.392789487  3.000000000
 0.003671704  0.244397042 -0.345650308  3.000000000
 0.003695155  0.244496360 -0.322078953  3.000000000
 0.003755022  0.244688223 -0.263157711  3.000000000
 0.003767206  0.244716917 -0.251376218  3.000000000
 0.003779460  0.244742383 -0.239596092  3.000000000
 0.003841771  0.244821287 -0.180722635  3.000000000
 0.003585252  0.243988437 -0.428544811  3.000000000
 0.003653447  0.244383064 -0.357853115  3.000000000
 0.003665065  0.244437564 -0.346068788  3.000000000
 0.003676754  0.244488843 -0.334284293  3.000000000
 0.003700345  0.244581728 -0.310715561  3.000000000
 0.003712248  0.244623334 -0.298931709  3.000000000
 0.003724221  0.244661714 -0.287148452  3.000000000
 0.003760561  0.244757494 -0.251804184  3.000000000
 0.003785138  0.244805209 -0.228247836  3.000000000
 0.003809993  0.244840010 -0.204698468  3.000000000
 0.003567550  0.243950057 -0.440731015  3.000000000
 0.003578662  0.244027098 -0.428954477  3.000000000
 0.003601102  0.244171531 -0.405397063  3.000000000
 0.003670155  0.244527569 -0.334703861  3.000000000
 0.003681915  0.244575631 -0.322920614  3.000000000
 0.003693745  0.244620468 -0.311137581  3.000000000
 0.003705647  0.244662080 -0.299354951  3.000000000
 0.003717619  0.244700467 -0.287572915  3.000000000
 0.003778533  0.244843992 -0.228678365  3.000000000
 0.003815918  0.244891366 -0.193361020  3.000000000
 0.003640296  0.244458681 -0.358687144  3.000000000
 0.003651911  0.244513197 -0.346905318  3.000000000
 0.003663599  0.244564490 -0.335123318  3.000000000
 0.003675357  0.244612559 -0.323341334  3.000000000
 0.003687187  0.244657404 -0.311559562  3.000000000
 0.003711059  0.244737416 -0.287997411  3.000000000
 0.003723101  0.244772582 -0.276217416  3.000000000
 0.003759648  0.244858715 -0.240884049  3.000000000
 0.003821952  0.244937696 -0.182028640  3.000000000
 0.003588043  0.244243477 -0.406220393  3.000000000
 0.003622239  0.244436038 -0.370884040  3.000000000
 0.003633783  0.244493784 -0.359103882  3.000000000
 0.003645397  0.244548307 -0.347323359  3.000000000
 0.003657084  0.244599607 -0.335542660  3.000000000
 0.003692570  0.244734159 -0.300201424  3.000000000
 0.003704541  0.244772559 -0.288421935  3.000000000
 0.003753127  0.244893882 -0.241313717  3.000000000
 0.003765448  0.244916142 -0.229540053  3.000000000
 0.003777839  0.244935173 -0.217768124  3.000000000
 0.003802829  0.244963546 -0.194230249  3.000000000
 0.003548035  0.244055196 -0.441953659  3.000000000
 0.003570323  0.244206112 -0.418406982  3.000000000
 0.003592902  0.244344160 -0.394855000  3.000000000
 0.003604299  0.244408355 -0.383077499  3.000000000
 0.003615770  0.244469329 -0.371299245  3.000000000
 0.003638925  0.244581612 -0.347741246  3.000000000
 0.003662367  0.244681001 -0.324182534  3.000000000
 0.003674195  0.244725859 -0.312403391  3.000000000
 0.003686094  0.244767491 -0.300624645  3.000000000
 0.003698064  0.244805897 -0.288846484  3.000000000
 0.003710104  0.244841075 -0.277069105  3.000000000
 0.003722215  0.244873026 -0.265292696  3.000000000
 0.003734396  0.244901749 -0.253517447  3.000000000
 0.003746647  0.244927243 -0.241743553  3.000000000
 0.003758968  0.244949508 -0.229971204  3.000000000
 0.003541614  0.244086635 -0.442360323  3.000000000
 0.003597873  0.244439833 -0.383491095  3.000000000
 0.003609342  0.244500815 -0.371714221  3.000000000
 0.003620883  0.244558574 -0.359936783  3.000000000
 0.003632495  0.244613112 -0.348158974  3.000000000
 0.003644180  0.244664425 -0.336380986  3.000000000
 0.003655936  0.244712515 -0.324603006  3.000000000
 0.003679661  0.244799017 -0.301047851  3.000000000
 0.003691629  0.244837428 -0.289271054  3.000000000
 0.003703669  0.244872613 -0.277495036  3.000000000
 0.003715779  0.244904569 -0.265719986  3.000000000
 0.003727959  0.244933298 -0.253946093  3.000000000
 0.003789907  0.245028501 -0.195100721  3.000000000
 0.003815171  0.245043972 -0.171577378  3.000000000
 0.003568769  0.244337867 -0.407452879  3.000000000
 0.003602956  0.244530495 -0.372128964  3.000000000
 0.003626107  0.244642806 -0.348576541  3.000000000
 0.003637791  0.244694126 -0.336799961  3.000000000
 0.003661372  0.244787092 -0.313247018  3.000000000
 0.003709384  0.244934307 -0.266147364  3.000000000
 0.003721564  0.244963040 -0.254374863  3.000000000
 0.003733813  0.244988545 -0.242603712  3.000000000
 0.003758522  0.245029867 -0.219066218  3.000000000
 0.003540004  0.244221192 -0.431404004  3.000000000
 0.003608151  0.244616144 -0.360768893  3.000000000
 0.003666919  0.244856650 -0.301894204  3.000000000
 0.003678886  0.244895073 -0.290120241  3.000000000
 0.003703032  0.244962237 -0.266574826  3.000000000
 0.003727459  0.245016486 -0.243034027  3.000000000
 0.003777151  0.245086229 -0.195972404  3.000000000
 0.003556132  0.244391770 -0.408272821  3.000000000
 0.003578846  0.244523437 -0.384730254  3.000000000
 0.003590311  0.244584440 -0.372957734  3.000000000
 0.003672577  0.244921186 -0.290544849  3.000000000
 0.003684614  0.244956387 -0.278773129  3.000000000
 0.003696721  0.244988361 -0.267002369  3.000000000
 0.003708899  0.245017105 -0.255232759  3.000000000
 0.003758309  0.245099787 -0.208169670  3.000000000
 0.003770836  0.245112382 -0.196408689  3.000000000
 0.003607197  0.244721053 -0.349828231  3.000000000
 0.003678346  0.244980698 -0.279199246  3.000000000
 0.003702629  0.245041427 -0.255661877  3.000000000
 0.003739580  0.245108299 -0.220366358  3.000000000
 0.003577836  0.244631161 -0.373785523  3.000000000
 0.003589371  0.244688954 -0.362015508  3.000000000
 0.003624407  0.244842988 -0.326703934  3.000000000
 0.003648122  0.244929550 -0.303163522  3.000000000
 0.003708648  0.245089466 -0.244325868  3.000000000
 0.003606479  0.244815537 -0.338892811  3.000000000
 0.003641940  0.244950236 -0.303586556  3.000000000
 0.003690216  0.245084648 -0.256520435  3.000000000
 0.003739616  0.245167388 -0.209475687  3.000000000
 0.003623910  0.244927436 -0.315776367  3.000000000
 0.003659796  0.245042787 -0.280477805  3.000000000
 0.003684073  0.245103546 -0.256949866  3.000000000
 0.068392683  0.141892049 -1.334191467  4.000000000
 0.068499488  0.142117636 -1.269076684  4.000000000
 0.068443417  0.142154267 -1.301900778  4.000000000
 0.068461081  0.142190562 -1.291043399  4.000000000
 0.068478469  0.142224195 -1.280177994  4.000000000
 0.068528976  0.142309122 -1.247535233  4.000000000
 0.068561264  0.142352424 -1.225736383  4.000000000
 0.068576992  0.142370079 -1.214826398  4.000000000
 0.068403196  0.142209636 -1.323818430  4.000000000
 0.068439351  0.142290260 -1.302127520  4.000000000
 0.068474403  0.142360239 -1.280403690  4.000000000
 0.068508352  0.142419567 -1.258648368  4.000000000
 0.068524912  0.142445236 -1.247759350  4.000000000
 0.068541195  0.142468241 -1.236862989  4.000000000
 0.068588380  0.142521269 -1.204131596  4.000000000
 0.068380482  0.142299781 -1.334876367  4.000000000
 0.068398972  0.142344111 -1.324043183  4.000000000
 0.068487293  0.142525838 -1.269752195  4.000000000
 0.068504129  0.142554195 -1.258870182  4.000000000
 0.068536973  0.142602914 -1.237083813  4.000000000
 0.068376099  0.142432763 -1.335098541  4.000000000
 0.068465798  0.142627933 -1.280846389  4.000000000
 0.068482911  0.142658977 -1.269971636  4.000000000
 0.068532592  0.142736120 -1.237301871  4.000000000
 0.068564328  0.142774221 -1.215485883  4.000000000
 0.068579780  0.142789272 -1.204567588  4.000000000
 0.068352794  0.142517233 -1.346142926  4.000000000
 0.068371559  0.142564280 -1.335317648  4.000000000
 0.068426205  0.142689451 -1.302789959  4.000000000
 0.068461259  0.142759581 -1.281063388  4.000000000
 0.068528054  0.142867860 -1.237517161  4.000000000
 0.068544061  0.142888265 -1.226612222  4.000000000
 0.068348096  0.142647255 -1.346359350  4.000000000
 0.068366861  0.142694330 -1.335533687  4.000000000
 0.068385351  0.142738744 -1.324699246  4.000000000
 0.068439172  0.142856004 -1.292145177  4.000000000
 0.068456561  0.142889761 -1.281277485  4.000000000
 0.068490512  0.142949280 -1.259518622  4.000000000
 0.068539364  0.143018558 -1.226824344  4.000000000
 0.068585721  0.143063829 -1.194067121  4.000000000
 0.068362005  0.142822912 -1.335746656  4.000000000
 0.068416651  0.142948243 -1.303216743  4.000000000
 0.068502218  0.143103821 -1.248837937  4.000000000
 0.068518502  0.143126936 -1.237939429  4.000000000
 0.068550240  0.143165161 -1.216121054  4.000000000
 0.068319189  0.142853098 -1.357600283  4.000000000
 0.068356992  0.142950024 -1.335956553  4.000000000
 0.068429303  0.143111908 -1.292565337  4.000000000
 0.068513490  0.143254268 -1.238146404  4.000000000
 0.068529497  0.143274736 -1.227240373  4.000000000
 0.068560680  0.143307665 -1.205407540  4.000000000
 0.068590753  0.143329916 -1.183548119  4.000000000
 0.068351821  0.143075666 -1.336163376  4.000000000
 0.068364983  0.143244358 -1.325531468  4.000000000
 0.068401138  0.143325405 -1.303834617  4.000000000
 0.068418803  0.143361928 -1.292973731  4.000000000
 0.068453306  0.143426970 -1.271227998  4.000000000
 0.068470144  0.143455489 -1.260343464  4.000000000
 0.068486705  0.143481338 -1.249451421  4.000000000
 0.068534728  0.143542868 -1.216731861  4.000000000
 0.068550182  0.143558037 -1.205811469  4.000000000
 0.068341007  0.143322533 -1.336567792  4.000000000
 0.068359497  0.143367082 -1.325731917  4.000000000
 0.068395652  0.143448180 -1.304034621  4.000000000
 0.068464657  0.143578360 -1.260542565  4.000000000
 0.068513511  0.143647964 -1.227843844  4.000000000
 0.068544695  0.143681012 -1.206009416  4.000000000
 0.068559871  0.143693529 -1.195082125  4.000000000
 0.068390008  0.143569482 -1.304231645  4.000000000
 0.068407673  0.143606054 -1.293370343  4.000000000
 0.068425062  0.143639958 -1.282501001  4.000000000
 0.068475574  0.143725650 -1.249846351  4.000000000
 0.068348053  0.143608106 -1.326123673  4.000000000
 0.068401871  0.143725905 -1.293564227  4.000000000
 0.068436373  0.143791090 -1.271817340  4.000000000
 0.068453211  0.143819677 -1.260932222  4.000000000
 0.068486056  0.143868837 -1.239139608  4.000000000
 0.068342095  0.143726405 -1.326314977  4.000000000
 0.068360309  0.143768365 -1.315470069  4.000000000
 0.068463812  0.143964059 -1.250230017  4.000000000
 0.068389795  0.143961175 -1.293943142  4.000000000
 0.111128756 -0.147096361  0.412319217  5.000000000
 0.111124887 -0.146719984  0.384884371  5.000000000
 0.111127873 -0.146902307  0.403160941  5.000000000
 0.111119407 -0.146441245  0.366554825  5.000000000
 0.111126190 -0.146709901  0.393994261  5.000000000
 0.111127428 -0.146801607  0.403130208  5.000000000
 0.111128075 -0.147083166  0.430504384  5.000000000
 0.111124121 -0.147374353  0.457824952  5.000000000
 0.111115388 -0.146253715  0.357363820  5.000000000
 0.111118672 -0.146341112  0.366520650  5.000000000
 0.111121444 -0.146429591  0.375672561  5.000000000
 0.111126695 -0.146701496  0.403097299  5.000000000
 0.111127423 -0.146794283  0.412228052  5.000000000
 0.111125674 -0.146601974  0.403062213  5.000000000
 0.111126402 -0.146694767  0.412193255  5.000000000
 0.111126619 -0.146788635  0.421318635  5.000000000
 0.111124203 -0.147076666  0.448659334  5.000000000
 0.111122375 -0.147174814  0.457760594  5.000000000
 0.111120036 -0.147274029  0.466855456  5.000000000
 0.111116337 -0.146142619  0.366446105  5.000000000
 0.111119111 -0.146231105  0.375598565  5.000000000
 0.111125018 -0.146784663  0.430401728  5.000000000
 0.111118731 -0.147175151  0.466820024  5.000000000
 0.111115882 -0.147275440  0.475908600  5.000000000
 0.111087361 -0.145536100  0.311391501  5.000000000
 0.111103349 -0.145785290  0.338918742  5.000000000
 0.111107656 -0.145870528  0.348085743  5.000000000
 0.111111453 -0.145956852  0.357248125  5.000000000
 0.111117513 -0.146132750  0.375558429  5.000000000
 0.111119776 -0.146222322  0.384706056  5.000000000
 0.111122769 -0.146404701  0.402985513  5.000000000
 0.111123717 -0.146591387  0.421242924  5.000000000
 0.111119477 -0.146977630  0.457686864  5.000000000
 0.111102677 -0.147484434  0.503096718  5.000000000
 0.111072258 -0.145277650  0.292975573  5.000000000
 0.111079120 -0.145357441  0.302163648  5.000000000
 0.111085471 -0.145438324  0.311347845  5.000000000
 0.111109566 -0.145859084  0.357205488  5.000000000
 0.111112852 -0.145946494  0.366363303  5.000000000
 0.111117891 -0.146124563  0.384664032  5.000000000
 0.111119643 -0.146215219  0.393806648  5.000000000
 0.111121615 -0.146399764  0.412075641  5.000000000
 0.111121541 -0.146588611  0.430321993  5.000000000
 0.111120738 -0.146684644  0.439436312  5.000000000
 0.111105182 -0.147283279  0.493988882  5.000000000
 0.111083294 -0.145341145  0.311302293  5.000000000
 0.111089135 -0.145423119  0.320482641  5.000000000
 0.111099285 -0.145590339  0.338830671  5.000000000
 0.111113453 -0.145937819  0.375471880  5.000000000
 0.111118713 -0.146209797  0.402900111  5.000000000
 0.111119444 -0.146302613  0.412032030  5.000000000
 0.111119663 -0.146396506  0.421158288  5.000000000
 0.111119371 -0.146491473  0.430278738  5.000000000
 0.111117254 -0.146684625  0.448501626  5.000000000
 0.111115429 -0.146782806  0.457603766  5.000000000
 0.111113093 -0.146882056  0.466699509  5.000000000
 0.111106886 -0.147083755  0.484871208  5.000000000
 0.111103017 -0.147186200  0.493946878  5.000000000
 0.111067613 -0.145083891  0.292881929  5.000000000
 0.111080828 -0.145244561  0.311254845  5.000000000
 0.111092001 -0.145409601  0.329611666  5.000000000
 0.111096821 -0.145493756  0.338783666  5.000000000
 0.111104928 -0.145665330  0.357114106  5.000000000
 0.111108216 -0.145752746  0.366272247  5.000000000
 0.111110992 -0.145841246  0.375425469  5.000000000
 0.111116253 -0.146113235  0.402854148  5.000000000
 0.111116984 -0.146206056  0.411986217  5.000000000
 0.111116914 -0.146394927  0.430233225  5.000000000
 0.111114798 -0.146588093  0.448456413  5.000000000
 0.111112973 -0.146686282  0.457558704  5.000000000
 0.111071723 -0.145067694  0.302020864  5.000000000
 0.111089249 -0.145313615  0.329562562  5.000000000
 0.111094070 -0.145397771  0.338734682  5.000000000
 0.111098379 -0.145483015  0.347902332  5.000000000
 0.111102178 -0.145569347  0.357065363  5.000000000
 0.111108242 -0.145745267  0.375376967  5.000000000
 0.111112262 -0.145925520  0.393668310  5.000000000
 0.111113506 -0.146017267  0.402806010  5.000000000
 0.111114238 -0.146110094  0.411938201  5.000000000
 0.111112054 -0.146492155  0.448408887  5.000000000
 0.111110230 -0.146590351  0.457511301  5.000000000
 0.111080878 -0.145135161  0.320334972  5.000000000
 0.111099140 -0.145473961  0.357014585  5.000000000
 0.111102428 -0.145561380  0.366172939  5.000000000
 0.111105206 -0.145649885  0.375326375  5.000000000
 0.111107472 -0.145739474  0.384474748  5.000000000
 0.111109227 -0.145830144  0.393617905  5.000000000
 0.111110471 -0.145921896  0.402755699  5.000000000
 0.111111425 -0.146108635  0.421014608  5.000000000
 0.111111135 -0.146203619  0.430135425  5.000000000
 0.111110334 -0.146299678  0.439250289  5.000000000
 0.111107199 -0.146495014  0.457461558  5.000000000
 0.111051116 -0.144719051  0.283535281  5.000000000
 0.111071707 -0.144958399  0.311101134  5.000000000
 0.111092015 -0.145292838  0.347798585  5.000000000
 0.111099103 -0.145466594  0.366120192  5.000000000
 0.111101881 -0.145555101  0.375273693  5.000000000
 0.111105903 -0.145735365  0.393565354  5.000000000
 0.111107148 -0.145827120  0.402703214  5.000000000
 0.111107881 -0.145919955  0.411835565  5.000000000
 0.111108103 -0.146013868  0.420962255  5.000000000
 0.111107814 -0.146108858  0.430083139  5.000000000
 0.111107014 -0.146204923  0.439198070  5.000000000
 0.111103880 -0.146400271  0.457409474  5.000000000
 0.111101546 -0.146499552  0.466505655  5.000000000
 0.111054874 -0.144703553  0.292672577  5.000000000
 0.111073935 -0.144946181  0.320226914  5.000000000
 0.111092202 -0.145284983  0.356906928  5.000000000
 0.111095491 -0.145372405  0.366065383  5.000000000
 0.111100536 -0.145550507  0.384367397  5.000000000
 0.111104271 -0.145825781  0.411780945  5.000000000
 0.111104206 -0.146014693  0.430028597  5.000000000
 0.111091742 -0.146607194  0.484623930  5.000000000
 0.111078612 -0.146917858  0.511831256  5.000000000
 0.111057835 -0.144689748  0.301804355  5.000000000
 0.111075366 -0.144935655  0.329346645  5.000000000
 0.111080189 -0.145019810  0.338518966  5.000000000
 0.111094370 -0.145367326  0.375162062  5.000000000
 0.111096637 -0.145456922  0.384310547  5.000000000
 0.111098394 -0.145547601  0.393453816  5.000000000
 0.111099640 -0.145639363  0.402591725  5.000000000
 0.111100374 -0.145732205  0.411724125  5.000000000
 0.111100598 -0.145826126  0.420850865  5.000000000
 0.111100310 -0.145921125  0.429971799  5.000000000
 0.111099511 -0.146017201  0.439086781  5.000000000
 0.111083985 -0.146616164  0.493643370  5.000000000
 0.111039404 -0.144438310  0.283364465  5.000000000
 0.111059999 -0.144677636  0.310930379  5.000000000
 0.111075999 -0.144926821  0.338460093  5.000000000
 0.111084113 -0.145098402  0.356791138  5.000000000
 0.111094208 -0.145454617  0.393394831  5.000000000
 0.111095454 -0.145546382  0.402532722  5.000000000
 0.111096189 -0.145639227  0.411665105  5.000000000
 0.111096413 -0.145733153  0.420791828  5.000000000
 0.111096126 -0.145828156  0.429912745  5.000000000
 0.111095328 -0.145924236  0.439027710  5.000000000
 0.111094019 -0.146021392  0.448136572  5.000000000
 0.111083671 -0.146420732  0.484508058  5.000000000
 0.111070546 -0.146731447  0.511715384  5.000000000
 0.111079637 -0.145006014  0.356730195  5.000000000
 0.111085708 -0.145181952  0.375042076  5.000000000
 0.111090981 -0.145454001  0.402471547  5.000000000
 0.111091717 -0.145546849  0.411603885  5.000000000
 0.111091942 -0.145640778  0.420730563  5.000000000
 0.111082557 -0.146226950  0.475363551  5.000000000
 0.111070967 -0.146534491  0.502591710  5.000000000
 0.111066082 -0.146639136  0.511653690  5.000000000
 0.111037535 -0.144332835  0.292433830  5.000000000
 0.111050756 -0.144493472  0.310807080  5.000000000
 0.111071072 -0.144827892  0.347504128  5.000000000
 0.111083215 -0.145179766  0.384127298  5.000000000
 0.111084973 -0.145270451  0.393270430  5.000000000
 0.111087182 -0.145549004  0.420667072  5.000000000
 0.111086897 -0.145644015  0.429787873  5.000000000
 0.111086100 -0.145740104  0.438902722  5.000000000
 0.111084792 -0.145837269  0.448011469  5.000000000
 0.111080643 -0.146034822  0.466210072  5.000000000
 0.111056884 -0.144567314  0.329099549  5.000000000
 0.111066021 -0.144736708  0.347439226  5.000000000
 0.111073115 -0.144910469  0.365760435  5.000000000
 0.111079925 -0.145179271  0.393205016  5.000000000
 0.111081910 -0.145363896  0.411474850  5.000000000
 0.111081851 -0.145552846  0.429722055  5.000000000
 0.111081055 -0.145648939  0.438836805  5.000000000
 0.111077929 -0.145844353  0.457047852  5.000000000
 0.111075600 -0.145943671  0.466143858  5.000000000
 0.111069409 -0.146145521  0.484316091  5.000000000
 0.111046210 -0.144393683  0.319856646  5.000000000
 0.111051545 -0.144476738  0.329032907  5.000000000
 0.111060683 -0.144646129  0.347372320  5.000000000
 0.111067778 -0.144819889  0.365693268  5.000000000
 0.111075722 -0.145558374  0.438768607  5.000000000
 0.111072598 -0.145753797  0.456979400  5.000000000
 0.111050965 -0.146365788  0.511453589  5.000000000
 0.111062153 -0.144729913  0.365624043  5.000000000
 0.111067206 -0.144908029  0.383925017  5.000000000
 0.111070102 -0.145468412  0.438698128  5.000000000
 0.111068796 -0.145565589  0.447806494  5.000000000
 0.111066980 -0.145663843  0.456908612  5.000000000
 0.111054604 -0.146067585  0.493251677  5.000000000
 0.111044830 -0.144381547  0.338065379  5.000000000
 0.111056241 -0.144640542  0.365552761  5.000000000
 0.111059024 -0.144729056  0.374705593  5.000000000
 0.111062890 -0.145476233  0.447733552  5.000000000
 0.111042945 -0.144378024  0.347159596  5.000000000
 0.111058108 -0.144912359  0.402058930  5.000000000
 0.111058794 -0.145194190  0.429436258  5.000000000
 0.111056696 -0.145387480  0.447658304  5.000000000
 0.111040262 -0.144376198  0.356246741  5.000000000
 0.111043556 -0.144463620  0.365404029  5.000000000
 0.111052364 -0.144917063  0.411113812  5.000000000
 0.111029722 -0.144289127  0.365247075  5.000000000
