-8.185698e-02 -8.587761e-02  4.350525e+00 -4.220346e-02  1.000000e+00
-8.185509e-02 -8.587366e-02 -4.949819e-05  9.583848e-07  1.000000e+00
-8.185509e-02 -8.587366e-02 -4.949617e-05  9.583517e-07  1.000000e+00
-8.185509e-02 -8.587366e-02 -4.949596e-05  9.583422e-07  1.000000e+00
-8.185509e-02 -8.587366e-02  1.480264e-04 -9.578180e-07  1.000000e+00
-8.185509e-02 -8.587366e-02 -4.949369e-05  9.582504e-07  1.000000e+00
-8.185509e-02 -8.587366e-02 -4.949378e-05  9.582492e-07  1.000000e+00
-8.185698e-02 -8.587761e-02  4.310431e+00 -4.161956e-02  1.000000e+00
-8.185509e-02 -8.587366e-02 -4.949600e-05  9.583358e-07  1.000000e+00
 4.067716e+00  8.352228e-02  1.123545e-09 -2.175382e-11  1.000000e+00
-8.185698e-02 -8.587761e-02 -4.388379e+00 -6.081417e+00  1.000000e+00
-8.185509e-02 -8.587366e-02 -4.949376e-05  9.583310e-07  1.000000e+00
-8.185509e-02 -8.587366e-02 -4.949600e-05  9.584732e-07  1.000000e+00
-8.185509e-02 -8.587366e-02 -4.949377e-05  9.583008e-07  1.000000e+00
-8.185509e-02 -8.587366e-02 -4.949376e-05  9.583028e-07  1.000000e+00
-8.185509e-02 -8.587366e-02 -4.949376e-05  9.583011e-07  1.000000e+00
-8.185509e-02 -8.587366e-02 -4.949375e-05  9.583015e-07  1.000000e+00
-8.185698e-02 -8.587761e-02  4.350428e+00 -4.220252e-02  1.000000e+00
-8.185509e-02 -8.587366e-02 -4.949376e-05  9.583011e-07  1.000000e+00
-8.185509e-02 -8.587366e-02 -4.949825e-05  9.583820e-07  1.000000e+00
-8.185509e-02 -8.587366e-02 -4.949376e-05  9.583011e-07  1.000000e+00
-8.185509e-02 -8.587366e-02 -4.949601e-05  9.583384e-07  1.000000e+00
-8.185509e-02 -8.587366e-02 -4.949376e-05  9.583013e-07  1.000000e+00
-8.185509e-02 -8.587366e-02 -4.949376e-05  9.583010e-07  1.000000e+00
-8.185509e-02 -8.587366e-02 -4.949375e-05  9.583012e-07  1.000000e+00
-8.185509e-02 -8.587366e-02 -4.949376e-05  9.583015e-07  1.000000e+00
-8.185509e-02 -8.587366e-02 -4.949376e-05  9.583013e-07  1.000000e+00
-8.185509e-02 -8.587366e-02  3.437376e-04 -2.847525e-06  1.000000e+00
-8.185509e-02 -8.587366e-02  3.437376e-04 -2.847524e-06  1.000000e+00
-8.185509e-02 -8.587366e-02 -4.949601e-05  9.583384e-07  1.000000e+00
-8.185509e-02 -8.587366e-02 -4.949601e-05  9.583395e-07  1.000000e+00
-8.185509e-02 -8.587366e-02 -4.949375e-05  9.583012e-07  1.000000e+00
-8.185509e-02 -8.587366e-02 -4.949376e-05  9.583012e-07  1.000000e+00
-8.185509e-02 -8.587366e-02 -4.949376e-05  9.583015e-07  1.000000e+00
 4.067716e+00  8.352228e-02  1.123544e-09 -2.175617e-11  1.000000e+00
-8.185509e-02 -8.587366e-02 -4.949376e-05  9.583006e-07  1.000000e+00
-8.185509e-02 -8.587366e-02 -4.949376e-05  9.583010e-07  1.000000e+00
 4.067716e+00  8.352228e-02  1.123545e-09 -2.175166e-11  1.000000e+00
-8.185509e-02 -8.587366e-02 -4.949601e-05  9.583400e-07  1.000000e+00
-8.185698e-02 -8.587761e-02  4.310529e+00 -4.162051e-02  1.000000e+00
-8.185509e-02 -8.587366e-02  1.480221e-04 -9.577773e-07  1.000000e+00
-8.185509e-02 -8.587366e-02 -4.949376e-05  9.583014e-07  1.000000e+00
-8.185509e-02 -8.587366e-02 -4.949376e-05  9.583018e-07  1.000000e+00
-8.185509e-02 -8.587366e-02 -4.949376e-05  9.583020e-07  1.000000e+00
-8.185509e-02 -8.587366e-02 -4.949374e-05  9.583015e-07  1.000000e+00
-8.185509e-02 -8.587366e-02 -4.949602e-05  9.583382e-07  1.000000e+00
-8.185509e-02 -8.587366e-02 -4.949601e-05  9.583384e-07  1.000000e+00
-8.185509e-02 -8.587366e-02 -4.949825e-05  9.583832e-07  1.000000e+00
-8.185698e-02 -8.587761e-02 -4.388379e+00 -6.081417e+00  1.000000e+00
-8.185509e-02 -8.587366e-02  1.462062e-04 -9.313098e-07  1.000000e+00
-8.185509e-02 -8.587366e-02 -4.949376e-05  9.583025e-07  2.000000e+00
-8.185509e-02 -8.587366e-02 -4.949376e-05  9.583023e-07  2.000000e+00
-8.185509e-02 -8.587366e-02 -4.949376e-05  9.583019e-07  2.000000e+00
-8.185509e-02 -8.587366e-02 -4.949376e-05  9.583019e-07  2.000000e+00
-8.185509e-02 -8.587366e-02 -4.949376e-05  9.583018e-07  2.000000e+00
-8.185509e-02 -8.587366e-02 -4.949374e-05  9.583017e-07  2.000000e+00
-8.185509e-02 -8.587366e-02 -4.949376e-05  9.583020e-07  2.000000e+00
-8.185509e-02 -8.587366e-02 -4.949601e-05  9.583394e-07  2.000000e+00
-8.185509e-02 -8.587366e-02 -4.949376e-05  9.583018e-07  2.000000e+00
-8.185509e-02 -8.587366e-02 -4.949377e-05  9.583015e-07  2.000000e+00
-8.185509e-02 -8.587366e-02 -4.949376e-05  9.583019e-07  2.000000e+00
-8.185509e-02 -8.587366e-02 -4.949376e-05  9.583018e-07  2.000000e+00
-8.185509e-02 -8.587366e-02 -4.949376e-05  9.583018e-07  2.000000e+00
-8.185509e-02 -8.587366e-02 -4.949598e-05  9.583378e-07  2.000000e+00
-8.185509e-02 -8.587366e-02 -4.949376e-05  9.583021e-07  2.000000e+00
-8.185509e-02 -8.587366e-02 -4.949598e-05  9.583378e-07  2.000000e+00
-8.185509e-02 -8.587366e-02 -4.949376e-05  9.583016e-07  2.000000e+00
-8.185509e-02 -8.587366e-02 -4.949375e-05  9.583019e-07  2.000000e+00
-8.185509e-02 -8.587366e-02 -4.949376e-05  9.583015e-07  2.000000e+00
-8.185509e-02 -8.587366e-02 -4.949377e-05  9.583026e-07  2.000000e+00
-8.185509e-02 -8.587366e-02 -4.949376e-05  9.583015e-07  2.000000e+00
-8.185509e-02 -8.587366e-02 -4.949374e-05  9.583019e-07  2.000000e+00
-8.185509e-02 -8.587366e-02 -4.949376e-05  9.583015e-07  2.000000e+00
-8.185509e-02 -8.587366e-02 -4.949373e-05  9.583018e-07  2.000000e+00
-8.185509e-02 -8.587366e-02 -4.949373e-05  9.583018e-07  2.000000e+00
-8.185509e-02 -8.587366e-02 -4.949601e-05  9.583394e-07  2.000000e+00
-8.185509e-02 -8.587366e-02 -4.949373e-05  9.583016e-07  2.000000e+00
-8.185509e-02 -8.587366e-02 -4.949376e-05  9.583019e-07  2.000000e+00
-8.185509e-02 -8.587366e-02 -4.949376e-05  9.583019e-07  2.000000e+00
-8.185509e-02 -8.587366e-02 -4.949376e-05  9.583020e-07  2.000000e+00
-8.185509e-02 -8.587366e-02 -4.949601e-05  9.583393e-07  2.000000e+00
-8.185509e-02 -8.587366e-02 -4.949601e-05  9.583391e-07  2.000000e+00
-8.185509e-02 -8.587366e-02 -4.949601e-05  9.583387e-07  2.000000e+00
-8.185509e-02 -8.587366e-02 -4.949376e-05  9.583017e-07  2.000000e+00
-8.185509e-02 -8.587366e-02 -4.949376e-05  9.583016e-07  2.000000e+00
-8.185509e-02 -8.587366e-02 -4.949376e-05  9.583023e-07  2.000000e+00
-8.185509e-02 -8.587366e-02 -4.949376e-05  9.583018e-07  2.000000e+00
-8.185509e-02 -8.587366e-02 -4.949376e-05  9.583021e-07  2.000000e+00
-8.185509e-02 -8.587366e-02 -4.949377e-05  9.583027e-07  2.000000e+00
-8.185509e-02 -8.587366e-02 -4.949376e-05  9.583021e-07  2.000000e+00
-8.185509e-02 -8.587366e-02 -4.949376e-05  9.583014e-07  2.000000e+00
-8.185509e-02 -8.587366e-02 -4.949601e-05  9.583384e-07  2.000000e+00
-8.185509e-02 -8.587366e-02 -4.949598e-05  9.583395e-07  2.000000e+00
-8.185509e-02 -8.587366e-02 -4.949601e-05  9.583383e-07  2.000000e+00
-8.185509e-02 -8.587366e-02 -4.949376e-05  9.583029e-07  2.000000e+00
-8.185509e-02 -8.587366e-02 -4.949601e-05  9.583377e-07  2.000000e+00
-8.185509e-02 -8.587366e-02 -4.949826e-05  9.583812e-07  2.000000e+00
-8.185509e-02 -8.587366e-02 -4.949376e-05  9.583020e-07  2.000000e+00
-8.185509e-02 -8.587366e-02 -4.949376e-05  9.583014e-07  2.000000e+00
-8.185509e-02 -8.587366e-02 -4.949601e-05  9.583378e-07  2.000000e+00
-8.185509e-02 -8.587366e-02 -4.949376e-05  9.583017e-07  3.000000e+00
-1.670722e-01  6.100572e+00  2.247141e-09 -4.350884e-11  3.000000e+00
-8.185509e-02 -8.587366e-02 -4.949376e-05  9.583018e-07  3.000000e+00
-8.185509e-02 -8.587366e-02 -4.949376e-05  9.583015e-07  3.000000e+00
-8.185509e-02 -8.587366e-02 -4.949376e-05  9.583019e-07  3.000000e+00
-8.185509e-02 -8.587366e-02 -4.949376e-05  9.583019e-07  3.000000e+00
-8.185509e-02 -8.587366e-02 -4.949376e-05  9.583017e-07  3.000000e+00
-8.185509e-02 -8.587366e-02 -4.949376e-05  9.583012e-07  3.000000e+00
-8.185509e-02 -8.587366e-02 -4.949376e-05  9.583015e-07  3.000000e+00
-8.185509e-02 -8.587366e-02 -4.949379e-05  9.583014e-07  3.000000e+00
-8.185509e-02 -8.587366e-02 -4.949376e-05  9.583016e-07  3.000000e+00
-8.185509e-02 -8.587366e-02 -4.949376e-05  9.583016e-07  3.000000e+00
-8.185509e-02 -8.587366e-02 -4.949376e-05  9.583025e-07  3.000000e+00
-8.185509e-02 -8.587366e-02 -4.949376e-05  9.583022e-07  3.000000e+00
-8.185509e-02 -8.587366e-02 -4.949376e-05  9.583021e-07  3.000000e+00
-8.185509e-02 -8.587366e-02 -4.949376e-05  9.583021e-07  3.000000e+00
-8.185509e-02 -8.587366e-02 -4.949601e-05  9.583393e-07  3.000000e+00
-8.185509e-02 -8.587366e-02 -4.949376e-05  9.583023e-07  3.000000e+00
-8.185509e-02 -8.587366e-02 -4.949376e-05  9.583023e-07  3.000000e+00
-8.185509e-02 -8.587366e-02 -4.949376e-05  9.583018e-07  3.000000e+00
-8.185509e-02 -8.587366e-02 -4.949372e-05  9.583024e-07  3.000000e+00
-8.185509e-02 -8.587366e-02 -4.949379e-05  9.583016e-07  3.000000e+00
-8.185509e-02 -8.587366e-02 -4.949376e-05  9.583021e-07  3.000000e+00
-8.185509e-02 -8.587366e-02 -4.949376e-05  9.583030e-07  3.000000e+00
-8.185509e-02 -8.587366e-02 -4.949376e-05  9.583021e-07  3.000000e+00
-8.185509e-02 -8.587366e-02 -4.949376e-05  9.583021e-07  3.000000e+00
-8.185509e-02 -8.587366e-02 -4.949373e-05  9.583021e-07  3.000000e+00
-8.185509e-02 -8.587366e-02 -4.949601e-05  9.583390e-07  3.000000e+00
-8.185698e-02 -8.587761e-02 -4.269875e+00  6.165180e+00  3.000000e+00
-8.185509e-02 -8.587366e-02 -4.949376e-05  9.583017e-07  3.000000e+00
-8.185509e-02 -8.587366e-02 -4.949376e-05  9.583018e-07  3.000000e+00
-8.185509e-02 -8.587366e-02 -4.949376e-05  9.583018e-07  3.000000e+00
-8.185698e-02 -8.587761e-02 -4.269876e+00  6.165182e+00  3.000000e+00
-8.185509e-02 -8.587366e-02 -4.949376e-05  9.583021e-07  3.000000e+00
-8.185509e-02 -8.587366e-02 -4.949373e-05  9.583030e-07  3.000000e+00
-8.185509e-02 -8.587366e-02 -4.949376e-05  9.583020e-07  3.000000e+00
-8.185509e-02 -8.587366e-02 -4.949379e-05  9.583022e-07  3.000000e+00
-8.185509e-02 -8.587366e-02 -4.949600e-05  9.583398e-07  3.000000e+00
-8.185509e-02 -8.587366e-02 -4.949598e-05  9.583387e-07  3.000000e+00
-8.185509e-02 -8.587366e-02 -4.949376e-05  9.583031e-07  3.000000e+00
-8.185509e-02 -8.587366e-02 -4.949376e-05  9.583017e-07  3.000000e+00
-8.185509e-02 -8.587366e-02 -4.949376e-05  9.583019e-07  3.000000e+00
-1.670722e-01  6.100572e+00  2.247140e-09 -4.350880e-11  3.000000e+00
-8.185509e-02 -8.587366e-02 -4.949373e-05  9.583031e-07  3.000000e+00
-8.185509e-02 -8.587366e-02 -4.949378e-05  9.583021e-07  3.000000e+00
-8.185509e-02 -8.587366e-02 -4.949376e-05  9.583019e-07  3.000000e+00
-8.185509e-02 -8.587366e-02 -4.949376e-05  9.583018e-07  3.000000e+00
-8.185509e-02 -8.587366e-02 -4.949376e-05  9.583017e-07  3.000000e+00
-8.185509e-02 -8.587366e-02 -4.949373e-05  9.583030e-07  3.000000e+00
-8.185509e-02 -8.587366e-02 -4.949372e-05  9.583032e-07  3.000000e+00
