  -3.69574430    7.83819527    1.58359003   -0.25332827    1.00000000
  -3.73852667   -4.03792603   15.05676303  -24.45821989    1.00000000
  -3.97837043   -3.25533048   -1.82120800   -4.71660588    1.00000000
  -3.78117215   -7.42418079   -2.77604006   18.64872952    1.00000000
  -3.75677292    8.01617628   -7.12375416   15.49930660    1.00000000
  -3.13954416   17.90355986  -12.91030365    6.67383253    1.00000000
  -3.88359479   -1.93665546  -19.53561798   12.34875490    1.00000000
  -3.61635121    4.09531204    1.16536136   11.34823109    1.00000000
  -3.97559831  -13.62897464   -2.00317048    6.55592527    1.00000000
  -3.68142124   -2.53583852   14.16802752   13.67730104    1.00000000
  -3.45134468   15.61802848    5.10832576    4.04938755    1.00000000
  -3.59796951    0.53054567   -7.96108886   38.70369145    1.00000000
  -3.83756876   -5.42617847   14.82086889    1.74637922    1.00000000
  -4.43909840  -11.98754376   -5.03914021    5.42524891    1.00000000
  -3.63956569   28.41563299   10.65597558  -38.54146710    1.00000000
  -3.28232045   32.20191418  -21.01322200   -0.44477834    1.00000000
  -3.61082110   19.60269546  -10.76486432  -40.38777335    1.00000000
  -3.64639254    7.65760974   -2.47602192  -18.66525528    1.00000000
  -3.02832035   21.04761764    8.45293681   -6.25174692    1.00000000
  -3.56250327   12.47528457  -16.25035403   16.97733756    1.00000000
  -3.18173812    9.52502188   17.27808521    3.70780643    1.00000000
  -3.50184236   10.54710519  -15.89797612   -9.39492191    1.00000000
  -4.42648024    3.44498056  -22.14976337   -0.37749610    1.00000000
  -3.17153713    2.52527467   -3.37939996  -36.11792191    1.00000000
  -3.24446572   -0.74576330   -9.57116401   74.01326303    1.00000000
  -3.45320196   -3.32027337   18.28169194   -8.72095136    1.00000000
  -3.39981345    3.30865649   -7.49126834  -13.71242361    1.00000000
  -3.52821305    8.98254392    5.34316359    3.71897175    1.00000000
  -3.63469938    7.66038396   10.29147757  -16.00645811    1.00000000
  -3.62501842   -4.53386275   -3.43049746   30.58007193    1.00000000
  -3.56397827   -4.71198364    5.27745648   14.82712168    1.00000000
  -3.31867850   10.01423974   10.22798257  -56.65918107    1.00000000
  -3.64532512   19.64919834  -17.07260028   69.88018583    1.00000000
  -3.57582608   26.35113328  -12.12369377   24.28255078    1.00000000
  -3.68142124   -2.53583852   14.16802752   13.67730104    1.00000000
  -3.94703894    1.87823382   11.59732569  -39.86264235    1.00000000
  -3.61458206   14.54314971   19.29949158  -43.19433545    1.00000000
  -3.68142124   -2.53583852   14.16802752   13.67730104    1.00000000
  -4.10469976  -11.45519196   -5.87828621    2.75033044    1.00000000
  -3.56662720    5.66504060    5.46065991    3.55403133    1.00000000
  -3.81389636    6.51371258   -6.23452056  -22.63452181    1.00000000
  -3.92610309  -22.29370132   25.23867997  -79.14990964    1.00000000
  -4.12737735   -7.96106851  -14.70174003   18.66514186    1.00000000
  -3.31237751    4.69566592  -20.02588445  -42.58439478    1.00000000
  -3.04177621   10.59523359  -22.45910870   45.63642071    1.00000000
  -3.73888235   -5.78797915    6.70248478  -35.07453794    1.00000000
  -3.49404599   12.23056875  -12.72682972   47.15736103    1.00000000
  -3.91028761   -5.25057630   -6.65173427   14.84159836    1.00000000
  -3.50109080   14.04791519    0.81276544   11.84320021    1.00000000
  -3.72282463    2.77351948    6.11392209   -8.37674120    1.00000000
   1.76953585   16.39595483   30.08078165   -4.75559879    2.00000000
   1.28445041    7.61140529    1.27037388   -0.01338073    2.00000000
   2.01636905   12.06123138   25.05449389    0.19838555    2.00000000
   0.24945940  -19.82180259   13.11152094  -23.53488817    2.00000000
   1.49750772    1.77716087   22.70041664  -27.86208213    2.00000000
   0.88234865  -10.03711419   -3.05063459   59.58076746    2.00000000
   1.50865043    6.77052436  -12.58849172   20.85807091    2.00000000
  -1.03490519  -24.02294387   -1.15089537    4.05761964    2.00000000
   1.43712005    5.45411079   30.72065400    9.18829707    2.00000000
  -0.01384788  -17.30879178  -20.98536889    1.47663553    2.00000000
  -0.70375931  -30.28141612   19.73539744  -12.02601719    2.00000000
   0.70421436   -2.49465631   -9.80032776  -12.30918556    2.00000000
   0.36150594  -13.16860970   51.23429547  -15.15285672    2.00000000
   1.35557247   -3.01118354    4.60310310   41.48905055    2.00000000
  -0.24073262   -6.08386003   -6.93438311  -30.68284441    2.00000000
   1.27774303   11.18196711   23.19782733  -24.68924288    2.00000000
   0.90873300   -8.47136375  -24.31862292   46.41319188    2.00000000
   0.32324808   -7.99912378   20.01498896   52.02044705    2.00000000
   1.29808704  -13.00744195   36.82308916  -64.02185334    2.00000000
   0.05974499  -13.97818156   17.25082085    9.68664068    2.00000000
   1.53758388   -2.04482846  -34.05458598   18.96384858    2.00000000
   0.49164190   -1.64769162   16.84373121  -30.49997650    2.00000000
   1.78570064   -7.86504852   25.73077837   -0.80984630    2.00000000
   1.26804849   -4.40249917   17.15260194   70.41167886    2.00000000
   0.98366187    3.56241883   23.72508028  -10.57446125    2.00000000
   1.23929846    7.86059522   23.31121289  -24.85755693    2.00000000
   1.83326600    5.84115521   38.60163267   -9.22796565    2.00000000
   2.14490224    6.39340376   12.19404109  -17.28190065    2.00000000
   1.11928020   -3.92582152   -2.69264623    7.27835052    2.00000000
  -0.42322578   -8.79672989   23.34923284  -18.83117304    2.00000000
  -0.09672355  -16.87751676   17.90203092   -2.25961395    2.00000000
  -0.26415560  -16.27809674   22.50460983    4.39672348    2.00000000
   0.18612741   -7.51644115   12.95646629   -8.41906604    2.00000000
   1.89896295  -10.10481686   -1.15021258   43.60113775    2.00000000
   0.80911265  -11.61707625  -32.92252245   62.00082328    2.00000000
   1.11202050    4.63452039  -28.83953151   28.63672304    2.00000000
   1.68101123    9.74884988   17.52191660   -7.78481268    2.00000000
   1.11976946   -8.91298108   45.38044087  -38.75805507    2.00000000
   0.33793846   -6.43781907  -14.03663713   36.17550134    2.00000000
   0.22680121  -16.32793125    4.27968509   -7.61420390    2.00000000
   0.63798265  -16.08031297    1.78080872   65.90596514    2.00000000
   1.22628775   -0.84543125    0.72393898   37.66785505    2.00000000
   0.31545720   -9.68382884   16.83568321   -4.59924146    2.00000000
  -0.97376999  -24.19867871    7.56443474  -11.69920299    2.00000000
   0.48992957  -12.10011312   -1.32518837   24.07273540    2.00000000
   0.45630587   -5.10618059   -6.20523130   58.60094150    2.00000000
   0.51707423   -7.03221784   -5.85548128   32.20005288    2.00000000
   0.88407501    0.41508517   15.11987274    5.01148827    2.00000000
  -1.25120399  -18.04582772    0.58070373  -57.33368790    2.00000000
   0.41041550   -8.36017955   -0.90212974   12.45866530    2.00000000
   3.48492816   -0.23732008  -56.15599130    7.99052011    3.00000000
   1.94756447  -13.78352758  -21.95669802    3.85821802    3.00000000
   3.60158885    8.23695018    8.30816437  -16.17109281    3.00000000
   2.71376924   -4.32642547   -7.89056136   58.15660271    3.00000000
   3.23494462   -0.96964903  -21.03919967    0.32493052    3.00000000
   4.67320215   13.20811445   26.06040727   27.35491675    3.00000000
   0.71551942  -28.56924094  -40.48131186   24.29196871    3.00000000
   4.03498986    8.51062400   31.37715031   62.73230443    3.00000000
   3.19351702   -5.84549319   25.90452870   18.74045619    3.00000000
   4.01580626   18.75124715  -31.20315969  -26.43811297    3.00000000
   2.28877816    5.79048607  -17.98025582  -29.33193883    3.00000000
   2.48199295   -5.17421907    2.78613520  -19.32580888    3.00000000
   2.98141123    5.17617333   -2.45395809  -39.93200156    3.00000000
   1.85186814  -18.61002217  -20.95761856  -34.48570392    3.00000000
   2.18310708  -12.92040756  -46.70536495  -80.39060663    3.00000000
   2.62283819    2.85224148  -35.55617749  -53.30875003    3.00000000
   2.68412774    0.98426654   -3.16262449   38.75646448    3.00000000
   4.79881785   28.15186076   -9.52955663   76.49334266    3.00000000
   5.21885624    6.21382845   38.26148569  -13.75415094    3.00000000
   1.78816653  -18.24277841   25.53098012   10.46988779    3.00000000
   3.34271442    9.05849281  -16.18534975  -45.13001515    3.00000000
   1.65021775  -14.52588586  -37.96947396  -14.59820201    3.00000000
   4.81360469   11.05534854   42.71195612   33.88659649    3.00000000
   1.91128746   -4.90372817    4.69856732  -40.21788625    3.00000000
   3.13330343    8.00993527  -21.07290371   15.27834631    3.00000000
   3.59834129   13.41808095   15.44598908   59.04550120    3.00000000
   1.73226897   -4.31310491   -3.48299190  -36.24922806    3.00000000
   1.77776243   -2.81018565  -17.15441487   -0.75940207    3.00000000
   2.92291228   -5.02911180  -11.37350598  -12.91306974    3.00000000
   3.28679243   11.11030262   33.47979130   56.46164575    3.00000000
   3.90992026    8.99177042   37.10009412    5.00708023    3.00000000
   4.44673985   32.89542197    8.80852921   62.49070205    3.00000000
   2.97225503   -5.20560480  -15.44032156  -31.35409824    3.00000000
   1.98758812   -3.45910080   11.41008548   46.62824981    3.00000000
   2.45061310  -12.00498028   13.01591697  123.62977893    3.00000000
   4.23335324   16.50028045   24.91459866  -76.17498668    3.00000000
   2.95322115    3.34686726  -54.36207714  -12.71621509    3.00000000
   2.62305200    1.15699982  -11.88068168   54.50210019    3.00000000
   1.61004379   -3.96611667  -20.92036038   -4.74705167    3.00000000
   2.90198891    8.91307751   -2.02893816  -51.54329831    3.00000000
   3.18616384    4.40296945  -23.90763210  -67.73142112    3.00000000
   2.64715715    9.80898409   -8.55278753 -123.76479370    3.00000000
   1.94756447  -13.78352758  -21.95669802    3.85821802    3.00000000
   3.52851686    6.65365801  -21.56054124  -13.78872911    3.00000000
   3.33058806    7.30382877  -37.33765792  -58.48335871    3.00000000
   2.67687660    4.49730029  -13.28072185 -104.36655220    3.00000000
   2.10119751   -8.99140748    8.92519627  -62.79300089    3.00000000
   2.42931329    1.87959114   -9.68645278  -33.46663724    3.00000000
   2.61848665    2.78200568  -53.52739829  -10.03891562    3.00000000
   1.91401001   -6.79213938  -26.83380280   38.38314379    3.00000000
