 0.9214140598  1.0749904879  0.1791558948 -0.1655887562  1.0000000000
 0.7228701796 -1.0072165873  0.1065297300 -0.2077816410  1.0000000000
 0.5631833331 -0.8041789619 -0.0255951222  0.3278414426  1.0000000000
 0.5016726312 -0.9768729922 -0.0738791366  0.4716543220  1.0000000000
 0.7239374613  0.9350493429  0.1068529867 -0.0169337148  1.0000000000
-0.0604808290  0.2247049447 -0.1757769793  0.3583575077  1.0000000000
 0.2846487187 -0.3490116879 -0.0739318783  0.3508459841  1.0000000000
 1.0428171538  0.5631626890  0.2354190177 -0.3446868900  1.0000000000
 0.0239625383 -0.3734653522 -0.1864155291  0.5893166587  1.0000000000
 0.8925662983 -1.0175635993  0.1650092717 -0.3198530409  1.0000000000
 0.1876103012  0.6514578170 -0.1462169969  0.4446639125  1.0000000000
 0.6537668304 -0.1394710050  0.0856763366 -0.0661707195  1.0000000000
 0.6684338629 -1.0826226178  0.0606983878 -0.0394962710  1.0000000000
-0.0868660490 -0.1527932698 -0.1734406347  0.4390777775  1.0000000000
-0.1295082458  0.0114898647 -0.1193027405  0.1144928377  1.0000000000
-0.1326704801  0.0005243822 -0.1164560221  0.1008128197  1.0000000000
-0.0475435615  0.2260097404 -0.1574481901  0.3116823877  1.0000000000
 0.8851376794  1.0873874922  0.1595823773 -0.1289042582  1.0000000000
-0.1085498743  0.0828893252 -0.1408727316  0.2061515475  1.0000000000
 0.2986139270  0.7758111805 -0.1091076575  0.4369506732  1.0000000000
 0.1489140219  0.3879124133 -0.0605516862  0.1028031767  1.0000000000
 0.4074549710  0.8511049230 -0.0547693124  0.3096700373  1.0000000000
-0.0835341807 -0.0144583390 -0.0984209252  0.1103760059  1.0000000000
 0.2358762182  0.2313349670 -0.0093974623 -0.0636796532  1.0000000000
 0.0848733777 -0.0634760768 -0.0503791854  0.0225352464  1.0000000000
 0.5678376121 -0.7201522350  0.0983212439 -0.2938593489  1.0000000000
 0.6415572929  0.4815640808  0.0964840921 -0.1557459763  1.0000000000
 0.7826331597  1.0972842998  0.1032332329 -0.0126118077  1.0000000000
 0.8090720028  0.8950093593  0.1608142767 -0.2131811374  1.0000000000
 0.6458121005 -0.8722408595  0.0270643809  0.1375070505  1.0000000000
 0.7694527967 -1.0332228172  0.0932407770 -0.0985050384  1.0000000000
 0.2239841818  0.5064738930 -0.0449454787  0.0931426777  1.0000000000
-0.0814853889  0.1515615740 -0.1516218674  0.2761099795  1.0000000000
-0.1328569226  0.0442648839 -0.1516878446  0.1974814766  1.0000000000
 0.8925662983 -1.0175635993  0.1650092717 -0.3198530409  1.0000000000
 0.5178260940 -0.1596154985  0.0952077884 -0.2157938136  1.0000000000
 0.0908327957  0.3739037472 -0.0857144111  0.1689968498  1.0000000000
 0.8925662983 -1.0175635993  0.1650092717 -0.3198530409  1.0000000000
 0.0445366491 -0.4331470624 -0.2144445537  0.7237612140  1.0000000000
 0.9924414308  0.8190019089  0.2186482126 -0.3143640556  1.0000000000
 0.7232983927  0.7582080115  0.1387714689 -0.1499538054  1.0000000000
-0.1250012346 -0.0079704454 -0.1006848475  0.0749037998  1.0000000000
 0.0797019262 -0.4438591258 -0.1959376739  0.6938166164  1.0000000000
 0.1811160110  0.3303504893 -0.0389447901  0.0387257358  1.0000000000
-0.0526145257  0.1602847442 -0.1278299300  0.2167144747  1.0000000000
 0.5915296432 -0.9576978501  0.0328544942  0.0331004362  1.0000000000
 0.2363534097  0.6720636099 -0.1197539955  0.4260298025  1.0000000000
 0.4893839613 -0.8822046212 -0.0905995915  0.5571614677  1.0000000000
 0.3339279156  0.8558690475 -0.1132864922  0.4496939668  1.0000000000
 1.0427021489  0.1432851355  0.2479585120 -0.4229522931  1.0000000000
-0.1635395351 -0.0066166660 -0.2219721084 -0.2575010741  2.0000000000
-0.2147375899 -0.0094467154 -0.3287799872 -1.0329892527  2.0000000000
-0.1773083638 -0.0072989730 -0.2620763105 -0.2904593805  2.0000000000
-0.2124857210 -0.0098287598  0.5245178612  0.4300566106  2.0000000000
-0.2253734902 -0.0100006130 -0.3868873764 -1.1241916747  2.0000000000
-0.2548212526 -0.0124440828  0.7625976617 -0.4621456555  2.0000000000
-0.1855020647 -0.0078697611 -0.2652761987 -0.6170616628  2.0000000000
-0.1514090708 -0.0058699713 -0.1445614749  0.1239335905  2.0000000000
-0.2269966986 -0.0100566816 -0.4045418332 -1.1645461967  2.0000000000
-0.1556280464 -0.0064635166  0.1323032974  0.1462730830  2.0000000000
-0.1354063518 -0.0051272955 -0.1134791706  0.0919632400  2.0000000000
-0.2467397868 -0.0120023235  0.7003943692 -0.5400998541  2.0000000000
-0.1413425203 -0.0055946590  0.0136848084  0.1201884686  2.0000000000
-0.2565715599 -0.0118973439 -0.2703002600 -1.5279907879  2.0000000000
-0.1569836523 -0.0065459256  0.1468723798  0.1215185956  2.0000000000
-0.2107498070 -0.0092026998 -0.3692472209 -1.0184274152  2.0000000000
-0.2181016344 -0.0101127653  0.4261070963 -0.3545590771  2.0000000000
-0.2625382293 -0.0131246294  1.1171661479  0.1486861670  2.0000000000
-0.1413332570 -0.0054191531 -0.1262899015  0.0434226509  2.0000000000
-0.2849296648 -0.0141182666  1.0487054695  0.6118762553  2.0000000000
-0.1940784411 -0.0083546461 -0.3210235071 -0.6184538279  2.0000000000
-0.2106777807 -0.0098105731  0.4818731905 -0.1976276767  2.0000000000
-0.1773844282 -0.0073642467 -0.2621137507 -0.3094523584  2.0000000000
-0.2019901714 -0.0089374319 -0.1629055232 -0.9225027812  2.0000000000
-0.2190344694 -0.0097853780 -0.2342603558 -1.1016225247  2.0000000000
-0.2347876463 -0.0104935220 -0.4169020996 -1.3116149630  2.0000000000
-0.1800809633 -0.0075085378 -0.2781482159 -0.4723424590  2.0000000000
-0.1772405646 -0.0073177708 -0.2716796680 -0.0906612604  2.0000000000
-0.2614655208 -0.0123745024  0.0269554448 -1.3597973492  2.0000000000
-0.1602051354 -0.0066509805  0.1023896346  0.2297259761  2.0000000000
-0.2387077991 -0.0112377336  0.6092182618  0.5998723839  2.0000000000
-0.2044640646 -0.0092102163  0.3621620400  0.4826087926  2.0000000000
-0.3026803786 -0.0154928977  1.4038246173  0.2596240444  2.0000000000
-0.2013683139 -0.0086387389 -0.3621050024 -0.4399671727  2.0000000000
-0.1780470395 -0.0077610772  0.2302259243 -0.1242323217  2.0000000000
-0.1583202513 -0.0064447822 -0.1401907078 -0.2825004259  2.0000000000
-0.2178976722 -0.0094689668 -0.3904638019 -0.8470319968  2.0000000000
-0.1428790779 -0.0055148289 -0.1199684039  0.0200681564  2.0000000000
-0.2996135493 -0.0155256883  1.5161860824 -0.2294926532  2.0000000000
-0.2735360881 -0.0135284312  1.0294654538  0.4736064880  2.0000000000
-0.2159255632 -0.0102247889  0.6777156107 -0.0016715707  2.0000000000
-0.2630628710 -0.0122978535 -0.2092662407 -1.5967566736  2.0000000000
-0.3170538448 -0.0163561018  1.5128760530  0.3071646808  2.0000000000
-0.1544594117 -0.0060103890 -0.1471014578  0.1301845020  2.0000000000
-0.3401759189 -0.0178741847  1.7694620602 -0.0324874216  2.0000000000
-0.3094516139 -0.0160998727  1.5552690132 -0.3153277587  2.0000000000
-0.3623818548 -0.0192810559  1.9504546721 -0.3788416510  2.0000000000
-0.2348736207 -0.0108394617  0.0133570183 -1.0632371623  2.0000000000
-0.1360023840 -0.0051503138 -0.1179292989  0.0909360648  2.0000000000
-0.3735761045 -0.0199839415  2.0931324964 -0.1269825781  2.0000000000
-0.1375292757 -0.0052542488 -0.1348833827  0.1800545750  3.0000000000
-0.2134823575 -0.0092040639 -0.4112034005 -0.3880611285  3.0000000000
-0.1548949775 -0.0061105803 -0.1848564021  0.3309089547  3.0000000000
-0.1912926418 -0.0080270342 -0.3332739129  0.6615779775  3.0000000000
-0.1947955827 -0.0081875093 -0.3387762480  0.8439110110  3.0000000000
-0.1397560076 -0.0053117827 -0.1235157022  0.0931823367  3.0000000000
-0.1261657981 -0.0046898317 -0.0979217972  0.0679479860  3.0000000000
-0.1434497386 -0.0054896660 -0.1322237928  0.1114578895  3.0000000000
-0.1311781180 -0.0049442594 -0.1178307809  0.1202858866  3.0000000000
-0.1270874656 -0.0047349151 -0.1032425420  0.0819958169  3.0000000000
-0.1826303154 -0.0075810310 -0.2962098541  0.3890690400  3.0000000000
-0.1918676381 -0.0080729833 -0.3357052203  0.3485656434  3.0000000000
-0.2158185373 -0.0092566388 -0.4101796542  1.0504244257  3.0000000000
-0.1718238201 -0.0070436032 -0.2640060628 -0.1421225733  3.0000000000
-0.1358404003 -0.0051843916 -0.1340384383  0.0282047693  3.0000000000
-0.1815760312 -0.0074691229 -0.2764960778  0.5286303392  3.0000000000
-0.2102457167 -0.0089876139 -0.3971456445  0.8237696230  3.0000000000
-0.1293251648 -0.0048296507 -0.1047928145  0.0732966914  3.0000000000
-0.1306068799 -0.0048914816 -0.1075527747  0.0765190476  3.0000000000
-0.1361355294 -0.0051926159 -0.1301262384  0.0223416692  3.0000000000
-0.2086406225 -0.0088776271 -0.3804370670  1.0366893360  3.0000000000
-0.1706240821 -0.0069926907 -0.2554147528 -0.1664912182  3.0000000000
-0.1403116714 -0.0053356708 -0.1241793139  0.0934130306  3.0000000000
-0.2260110256 -0.0099549887 -0.4561127396 -0.6325469208  3.0000000000
-0.1947445043 -0.0081845220 -0.3374098302  0.8734217876  3.0000000000
-0.1439995873 -0.0055251676 -0.1372551361  0.1401908870  3.0000000000
-0.2400742954 -0.0107851359 -0.4946807333 -0.9442709229  3.0000000000
-0.2481503042 -0.0112101907 -0.5282609217 -1.0173402695  3.0000000000
-0.2061117159 -0.0087681561 -0.3805704294  0.8709955402  3.0000000000
-0.1369213378 -0.0051916489 -0.1218220421  0.1066361844  3.0000000000
-0.1446298921 -0.0055449849 -0.1349059023  0.1185556097  3.0000000000
-0.1293036668 -0.0048286725 -0.1047568928  0.0732600173  3.0000000000
-0.1961625784 -0.0082713427 -0.3486953257  0.8091629861  3.0000000000
-0.1893393112 -0.0080133483 -0.3133373854 -0.3447885584  3.0000000000
-0.1310361373 -0.0049380101 -0.1170249879  0.0744734221  3.0000000000
-0.1287983913 -0.0048092768 -0.1046997341  0.0751110667  3.0000000000
-0.1609157675 -0.0063969759 -0.1990073957  0.3451933514  3.0000000000
-0.1995422472 -0.0084510192 -0.3625120528  0.7340862113  3.0000000000
-0.2436174980 -0.0110017181 -0.4847268479 -1.0606393377  3.0000000000
-0.1978355547 -0.0083467180 -0.3495868914  0.8650352470  3.0000000000
-0.2137552393 -0.0091371390 -0.3978676019  1.0719500942  3.0000000000
-0.1612472033 -0.0064706068 -0.2192655733  0.4229455220  3.0000000000
-0.2134823575 -0.0092040639 -0.4112034005 -0.3880611285  3.0000000000
-0.1921774368 -0.0080422483 -0.3246444813  0.8522517943  3.0000000000
-0.1856665421 -0.0077156897 -0.3034774772  0.7781071398  3.0000000000
-0.1875497937 -0.0077945977 -0.3049066151  0.6454921851  3.0000000000
-0.1787051995 -0.0074465429 -0.2950854431 -0.2069862465  3.0000000000
-0.2129658041 -0.0091137234 -0.3979328405  0.6115062058  3.0000000000
-0.1561478596 -0.0061662749 -0.1859434217  0.2870139360  3.0000000000
-0.2078839296 -0.0090246602 -0.4038701703 -0.5600696474  3.0000000000
