-0.3992227699 -0.7426084970  0.0893319029  0.0717303454  1.0000000000
-0.4023233923  0.0688563570 -2.1191561186  1.2891840981  1.0000000000
-0.4251237483 -0.0955595237 -2.5040351621 -0.2806152951  1.0000000000
-0.4059389953  0.2779302686 -2.7607563929 -0.3351267699  1.0000000000
-0.4049860849 -0.7829390303 -0.0005426340 -0.7295435090  1.0000000000
-0.3437729851 -1.2674904142  2.9681475473 -1.1535127100  1.0000000000
-0.4161536424 -0.1525360787 -1.9993999113 -1.8548974557  1.0000000000
-0.3915072471 -0.4475358518 -0.3606186025  0.0499433583  1.0000000000
-0.4226999516  0.6039569357 -4.3640427676 -0.2918594250  1.0000000000
-0.3971176572 -0.0086574331 -1.7099119222  1.2145174065  1.0000000000
-0.3751370049 -1.2011475648  1.9098659517  0.4408318867  1.0000000000
-0.3893670462 -0.1943895306 -0.9124051310 -0.7817204710  1.0000000000
-0.4115320754  0.1215382191 -2.5976292206  1.2372675451  1.0000000000
-0.4647026170  0.2609262874 -5.2619262949 -0.6366419011  1.0000000000
-0.3910075653 -2.1775455725  3.4321143813  0.8775409123  1.0000000000
-0.3552196639 -2.3446838742  4.8232177858 -1.9004490752  1.0000000000
-0.3899666719 -1.5507808635  2.2199648615 -1.0261426438  1.0000000000
-0.3944466493 -0.7127278439  0.1820150593 -0.2813933521  1.0000000000
-0.3322372636 -1.4533997037  3.6110684969  0.8495128603  1.0000000000
-0.3860091492 -1.0268396358  1.2061531105 -1.5256564104  1.0000000000
-0.3485196788 -0.6675659407  1.4360167836  1.6284261521  1.0000000000
-0.3802040615 -0.8677800237  1.0224214576 -1.4804448538  1.0000000000
-0.4657525633 -0.7724596801 -2.4590664590 -2.1488485342  1.0000000000
-0.3473764032 -0.1712484647  0.3419552266 -0.2813690284  1.0000000000
-0.3542056851  0.0316943902 -0.3661967447 -0.8885449873  1.0000000000
-0.3748073203  0.1399902323 -1.3471053586  1.6500720916  1.0000000000
-0.3702451910 -0.3118135238  0.0098438277 -0.6980509614  1.0000000000
-0.3830118081 -0.7567744431  0.6527217701  0.4484300502  1.0000000000
-0.3932892892 -0.7038661166  0.1689911790  0.8770757232  1.0000000000
-0.3914647757  0.1479088814 -1.8752946745 -0.3723095330  1.0000000000
-0.3855829531  0.1891398635 -1.7915157085  0.4338394173  1.0000000000
-0.3621300986 -0.7556963366  1.2453208783  0.9540090978  1.0000000000
-0.3929852487 -1.5674264549  2.1550451161 -1.6229332772  1.0000000000
-0.3854030644 -2.0161253924  3.3419094802 -1.1569881209  1.0000000000
-0.3971176572 -0.0086574331 -1.7099119222  1.2145174065  1.0000000000
-0.4225859747 -0.4316040506 -1.5782960838  0.9252178193  1.0000000000
-0.3907954280 -1.1829662760  1.3056579968  1.6927893921  1.0000000000
-0.3971176572 -0.0086574331 -1.7099119222  1.2145174065  1.0000000000
-0.4350784954  0.3949841449 -4.2843772786 -0.6559858312  1.0000000000
-0.3867373726 -0.5369840538  0.0068414292  0.4519919157  1.0000000000
-0.4103844160 -0.7021433977 -0.3977379499 -0.6500167858  1.0000000000
-0.4144860778  1.1892943312 -5.9643436110  2.1470719122  1.0000000000
-0.4377773185  0.1461890067 -3.6912858363 -1.4467539045  1.0000000000
-0.3613014332 -0.3862456048  0.4487857844 -1.8350962865  1.0000000000
-0.3340192709 -0.7127340228  1.9944332506 -2.0443995378  1.0000000000
-0.4021460009  0.1859805038 -2.4042204994  0.5387156269  1.0000000000
-0.3793272160 -0.9820504879  1.3079703228 -1.2012680683  1.0000000000
-0.4184376926  0.0697642445 -2.6760418560 -0.7035015856  1.0000000000
-0.3801372777 -1.1082136033  1.5613717696  0.0376076043  1.0000000000
-0.4016570768 -0.3974891618 -0.8532799823  0.4802289017  1.0000000000
 0.1969671377 -1.0078787520  3.4996136633  3.4321657456  2.0000000000
 0.1458476127 -0.2152279467  3.2032707866  0.3755940398  2.0000000000
 0.2236599148 -0.7528483937  2.5531591258  2.8359507214  2.0000000000
 0.0304794962  1.9613321485 -0.3384344765  1.3311587522  2.0000000000
 0.1690498606  0.1660308354  2.0090094870  2.4940191019  2.0000000000
 0.1015350160  1.1772289345  0.9889965930 -0.2539918631  2.0000000000
 0.1703005784 -0.2065619312  2.8300865658 -1.0901294399  2.0000000000
-0.1138199343  2.2345085265 -1.3589964043 -0.0729718476  2.0000000000
 0.1622050664 -0.0953280068  2.5530799079  3.3927374089  2.0000000000
 0.0009121922  1.7956374996  0.2277831499 -2.1026949858  2.0000000000
-0.0762130957  2.6841920552 -2.3590862452  1.9352640333  2.0000000000
 0.0817901726  0.6509929137  2.3325887811 -0.8604592514  2.0000000000
 0.0426933904  1.4570300943  0.5008701930  5.3034221728  2.0000000000
 0.1538355676  0.5625277403  1.5725282397  0.5833449802  2.0000000000
-0.0251665193  0.9945348666  2.0691776291 -0.5407415827  2.0000000000
 0.1446016785 -0.4881856914  3.5943462076  2.6872754275  2.0000000000
 0.1044705958  1.0524400960  1.2705886822 -2.4459410466  2.0000000000
 0.0387379843  1.1048310005  1.5412867294  2.1943295661  2.0000000000
 0.1465865903  1.2876324012 -0.0412699070  3.7438713521  2.0000000000
 0.0090597652  1.5610843266  0.6565918587  1.8447650533  2.0000000000
 0.1733679275  0.4353677292  1.5842161691 -3.4536447181  2.0000000000
 0.0577314852  0.6162302518  2.4924996218  1.9186684645  2.0000000000
 0.1997357090  0.7940241210  0.1982785418  2.6375705039  2.0000000000
 0.1440172876  0.6822459043  1.3929837901  1.8840028869  2.0000000000
 0.1126127851  0.1484992251  2.8566183794  2.6718030545  2.0000000000
 0.1406258128 -0.2284928896  3.1876818317  2.6609522034  2.0000000000
 0.2044492950 -0.2376750916  1.9674895493  4.1645538988  2.0000000000
 0.2377890288 -0.3679022115  1.6590308303  1.3989364820  2.0000000000
 0.1279864677  0.6840300495  1.7354105000 -0.1741975563  2.0000000000
-0.0459240912  1.1944722147  1.4756920620  2.5265356173  2.0000000000
-0.0085931934  1.7747930868  0.1751098381  1.8824921160  2.0000000000
-0.0275770190  1.7347457466  0.2418191392  2.3636261854  2.0000000000
 0.0233153488  1.0833176076  1.7141739521  1.4697454994  2.0000000000
 0.2118349041  0.9264113575 -0.1843988117 -0.1900797569  2.0000000000
 0.0931994232  1.2918629712  0.8526759264 -3.3571029300  2.0000000000
 0.1268463722  0.0392693257  3.0488946027 -2.7708214380  2.0000000000
 0.1885284025 -0.4781385881  2.8639474641  2.0558302994  2.0000000000
 0.1271500875  1.0299723470  0.7145627710  4.7150538976  2.0000000000
 0.0405455569  0.9878467507  1.9205607015 -1.3025810709  2.0000000000
 0.0280144829  1.7180909195  0.2916210284  0.4729516007  2.0000000000
 0.0740851394  1.6517832994  0.1613223385  0.1942892157  2.0000000000
 0.1397080860  0.4322897467  2.0570179598  0.2214949368  2.0000000000
 0.0379455053  1.2300432973  1.3042423912  1.8377637741  2.0000000000
-0.1069794878  2.2538049516 -1.3774811827  0.7916513502  2.0000000000
 0.0576859610  1.3878317390  0.9124527982 -0.0710892951  2.0000000000
 0.0538555392  0.8781045664  2.0470188846 -0.4827737420  2.0000000000
 0.0607632697  1.0139856640  1.7230141699 -0.4795187654  2.0000000000
 0.1017352578  0.4055603143  2.5320040296  1.7523083777  2.0000000000
-0.1386476211  1.7885079895 -0.4779009758  0.1493626112  2.0000000000
 0.0487534541  1.1248590228  1.5524104403  0.0214181748  2.0000000000
 0.3666278773 -0.4550828678 -2.0453477843 -5.9056279819  3.0000000000
 0.2165146147  1.1699228391 -0.7299687719 -2.4310239986  3.0000000000
 0.3788558854 -1.1089566587 -1.4910949791  0.7994456053  3.0000000000
 0.2953417913  0.2049874349 -0.8364340384 -0.9113035443  3.0000000000
 0.3455093834 -0.2691215824 -1.5342300676 -2.3136054909  3.0000000000
 0.4657299522 -2.0319898059 -4.3574749531  2.4727670308  3.0000000000
 0.0817766138  2.4841457027 -1.8556481049 -4.3083695881  3.0000000000
 0.4151895774 -1.3587045614 -2.8727748289  3.0903033382  3.0000000000
 0.3409778902  0.0901761198 -2.2496804385  2.4363657806  3.0000000000
 0.4122335522 -2.0616711590 -1.4556186699 -3.0585125361  3.0000000000
 0.2526541212 -0.3727979333  1.4147071361 -1.7687545806  3.0000000000
 0.2723754556  0.3601552073 -0.4923077371  0.1829390648  3.0000000000
 0.3216152191 -0.5999323622 -0.2077447209 -0.2699164268  3.0000000000
 0.2058131997  1.5391553100 -1.3204241156 -2.3975430057  3.0000000000
 0.2400444481  1.0038705649 -0.9595323222 -5.0431400234  3.0000000000
 0.2859452822 -0.2881947305  0.3796930550 -3.6887490730  3.0000000000
 0.2927014890 -0.1670469589 -0.0789014295 -0.3335850634  3.0000000000
 0.4705068800 -3.1156263353 -3.2832198739 -0.7217775946  3.0000000000
 0.5047185152 -1.8850887603 -6.9521502717  3.3381676043  3.0000000000
 0.1989297731  1.5333902952 -1.3590702537  2.4475694090  3.0000000000
 0.3551615404 -1.0438717302 -0.6066201714 -1.6660805116  3.0000000000
 0.1846974090  1.3051910866 -0.4078780158 -4.0605490716  3.0000000000
 0.4753498427 -1.9729433396 -5.1472047179  4.0291492929  3.0000000000
 0.2134658148  0.5426522753  0.5422484822  0.4663348086  3.0000000000
 0.3357260268 -0.8712077803 -0.1886001644 -2.1290850667  3.0000000000
 0.3775172182 -1.4822299070 -0.9696175093  1.6618815056  3.0000000000
 0.1945434055  0.5550734926  0.9283944307 -0.3498523826  3.0000000000
 0.1993955075  0.4310362996  1.1152200797 -1.7439906533  3.0000000000
 0.3158567279  0.1653087224 -1.3464301254 -1.3508386878  3.0000000000
 0.3489131090 -1.1774603816 -0.4825666058  3.5125398963  3.0000000000
 0.4045631248 -1.3297813984 -2.4568247778  3.6736984678  3.0000000000
 0.4419548840 -3.2680559138 -1.7213670636  1.2042727029  3.0000000000
 0.3204921335  0.1543659141 -1.4677767421 -1.7909623919  3.0000000000
 0.2214145129  0.4131100147  0.5781549226  1.2097147286  3.0000000000
 0.2676269632  0.8510536531 -1.5086318142  1.1854735175  3.0000000000
 0.4304264849 -2.0261152352 -2.5763476372  2.4588341388  3.0000000000
 0.3173494374 -0.4669276485 -0.2893553737 -5.6249536280  3.0000000000
 0.2865101175 -0.1557297935  0.0931017825 -1.2182256512  3.0000000000
 0.1813914774  0.5629587659  1.1966333415 -2.1334926775  3.0000000000
 0.3136385755 -0.8403735044  0.4343452969 -0.1545486756  3.0000000000
 0.3406000883 -0.6380710659 -0.7449388238 -2.5370929858  3.0000000000
 0.2878969788 -0.8124065394  1.1165693843 -0.8143303748  3.0000000000
 0.2165146147  1.1699228391 -0.7299687719 -2.4310239986  3.0000000000
 0.3722494621 -0.9569407407 -1.3706355203 -2.2688833716  3.0000000000
 0.3533935893 -0.9160093230 -0.7443971796 -3.8690583488  3.0000000000
 0.2913939471 -0.4308139933  0.4149864269 -1.3881918025  3.0000000000
 0.2329372370  0.7723023059 -0.3727705596  0.8005613511  3.0000000000
 0.2671929027 -0.1344791215  0.6041771286 -0.9919758141  3.0000000000
 0.2847850223 -0.2881909749  0.3824584173 -5.5186265881  3.0000000000
 0.2134427638  0.6765187816  0.3425504176 -2.8134854853  3.0000000000
