 -1.177216569   2.482266600  -0.475900684   0.092943139   1.000000000
 -1.190409990  -1.188236490  -4.739886384   7.741595388   1.000000000
 -1.265904056  -0.912893582   0.553565373   1.390098301   1.000000000
 -1.203707148  -2.228186038   0.841870550  -5.961054464   1.000000000
 -1.196417506   2.545504751   2.255476057  -4.927052234   1.000000000
 -1.001392098   5.547001621   4.102385470  -2.108400111   1.000000000
 -1.236081291  -0.515592270   6.109062438  -4.092293021   1.000000000
 -1.152171195   1.313754353  -0.356542170  -3.569094129   1.000000000
 -1.264422910  -4.115096587   0.575182614  -2.205794530   1.000000000
 -1.172495951  -0.731614940  -4.454843598  -4.238393832   1.000000000
 -1.100045972   4.865884111  -1.559894118  -1.184531995   1.000000000
 -1.146271781   0.208924228   2.496936765 -12.255353154   1.000000000
 -1.221529729  -1.604550870  -4.666754368  -0.507768883   1.000000000
 -1.409705289  -3.535077044   1.522744524  -1.909397161   1.000000000
 -1.158772309   8.849336553  -3.254203859  12.266680113   1.000000000
 -1.045791102   9.993416639   6.679213659   0.115409035   1.000000000
 -1.150168641   6.119544207   3.429540270  12.668732051   1.000000000
 -1.161654655   2.421324680   0.795036224   5.853392872   1.000000000
 -0.966111088   6.511098561  -2.604596263   2.125320349   1.000000000
 -1.135120450   3.905948878   5.132800708  -5.426655545   1.000000000
 -1.014876397   2.948826735  -5.407114054  -1.002642772   1.000000000
 -1.116007845   3.302083258   5.015978267   2.866359038   1.000000000
 -1.406383315   1.224686962   6.926092178  -0.152715131   1.000000000
 -1.011605479   0.779191690   1.063099701  11.369557207   1.000000000
 -1.034542034  -0.226526809   3.004735508 -23.380585180   1.000000000
 -1.100476029  -1.002280620  -5.754221779   2.844782913   1.000000000
 -1.083805426   1.046562565   2.356834582   4.264301199   1.000000000
 -1.124395696   2.817312691  -1.653109223  -1.111281324   1.000000000
 -1.157963908   2.419570173  -3.208977196   5.114304666   1.000000000
 -1.154653808  -1.355317765   1.058836558  -9.693091816   1.000000000
 -1.135416344  -1.418982873  -1.674444300  -4.672198276   1.000000000
 -1.058158326   3.115768366  -3.190410290  17.945396064   1.000000000
 -1.160961615   6.137450178   5.413249998 -22.028433246   1.000000000
 -1.138822724   8.205778757   3.878863023  -7.633859221   1.000000000
 -1.172495951  -0.731614940  -4.454843598  -4.238393832   1.000000000
 -1.256172859   0.669092451  -3.633283193  12.558341527   1.000000000
 -1.151482056   4.549557340  -6.012664666  13.755588026   1.000000000
 -1.172495951  -0.731614940  -4.454843598  -4.238393832   1.000000000
 -1.305084601  -3.424709578   1.793170569  -1.042617832   1.000000000
 -1.136506857   1.793793389  -1.699969255  -1.075760360   1.000000000
 -1.214388850   2.087695890   1.968889788   7.047837441   1.000000000
 -1.247867237  -6.788606871  -7.985512395  24.846703106   1.000000000
 -1.312374826  -2.342230202   4.567103618  -6.088791486   1.000000000
 -1.056100643   1.469456252   6.297135501  13.278544393   1.000000000
 -0.970469888   3.271509657   7.088226923 -14.473962439   1.000000000
 -1.190459820  -1.728394268  -2.127496376  11.004135906   1.000000000
 -1.113520157   3.822143381   4.029219008 -14.889692747   1.000000000
 -1.244412554  -1.538339052   2.061650047  -4.793000089   1.000000000
 -1.115780478   4.384624690  -0.215640663  -3.676342672   1.000000000
 -1.185698623   0.917160639  -1.913186090   2.654926328   1.000000000
  0.565281023   5.036224759  -9.566991501   1.621013354   2.000000000
  0.411040890   2.268064057  -0.408313888   0.099567550   2.000000000
  0.643932562   3.707219094  -7.969929649   0.013604009   2.000000000
  0.080317820  -6.300920558  -4.157581893   7.529102999   2.000000000
  0.478979489   0.469349795  -7.206953608   8.947913167   2.000000000
  0.282681804  -3.241904168   0.970246172 -18.884630169   2.000000000
  0.482543190   2.020618371   3.991139386  -6.561042638   2.000000000
 -0.330348731  -7.599630250   0.336631445  -1.304845614   2.000000000
  0.459654887   1.609176532  -9.760659681  -2.800468488   2.000000000
 -0.003875508  -5.526866326   6.651266196  -0.503296932   2.000000000
 -0.224359443  -9.539795768  -6.270254464   3.850717536   2.000000000
  0.225785798  -0.906056830   3.114896832   3.972276665   2.000000000
  0.116048534  -4.227788457 -16.250220649   4.995440360   2.000000000
  0.433781668  -1.031129418  -1.461579043 -13.117639481   2.000000000
 -0.076584833  -2.044304593   2.197696879   9.797632869   2.000000000
  0.408770519   3.380764848  -7.371716636   7.978804176   2.000000000
  0.291112657  -2.753277970   7.723931606 -14.738229870   2.000000000
  0.103897483  -2.630061376  -6.354653774 -16.399434794   2.000000000
  0.415198908  -4.132124356 -11.671293064  20.416062109   2.000000000
  0.019620522  -4.493480373  -5.475177054  -2.975382380   2.000000000
  0.491748120  -0.716557515  10.818187163  -6.010037844   2.000000000
  0.157763684  -0.649690380  -5.344335395   9.821417169   2.000000000
  0.570692523  -2.502515895  -8.159046174   0.305256868   2.000000000
  0.405798555  -1.467890568  -5.448841702 -22.288149111   2.000000000
  0.314999601   0.992876925  -7.534262255   3.496764801   2.000000000
  0.396564620   2.344819797  -7.405390719   8.028178021   2.000000000
  0.585739905   1.760714770 -12.261565640   3.021031983   2.000000000
  0.684946117   1.955884063  -3.877337888   5.537772001   2.000000000
  0.358402002  -1.330542022   0.858982252  -2.251619168   2.000000000
 -0.135003800  -2.887405311  -7.407066033   6.129255831   2.000000000
 -0.030429340  -5.395028032  -5.681958262   0.810331957   2.000000000
 -0.084012540  -5.210080171  -7.142139646  -1.280303844   2.000000000
  0.060044980  -2.484116133  -4.111508623   2.784099897   2.000000000
  0.606745015  -3.189770527   0.376751200 -13.838077802   2.000000000
  0.259238725  -3.733335881  10.452793644 -19.717521532   2.000000000
  0.355999561   1.332522073   9.154201470  -9.055097535   2.000000000
  0.537363584   2.960869431  -5.573066578   2.568573968   2.000000000
  0.358331865  -2.872535374 -14.395700386  12.436221341   2.000000000
  0.108636057  -2.145039891   4.453847111 -11.454092528   2.000000000
  0.073090034  -5.219374186  -1.357538677   2.466145624   2.000000000
  0.204543288  -5.128324675  -0.564036326 -20.895134360   2.000000000
  0.392542720  -0.366444887  -0.231159775 -11.897425159   2.000000000
  0.101427950  -3.154042056  -5.342095466   1.569716553   2.000000000
 -0.310810399  -7.655703092  -2.419756402   3.726224115   2.000000000
  0.157257073  -3.899809500   0.421993975  -7.598879029   2.000000000
  0.146489298  -1.727604275   1.967236274 -18.554596581   2.000000000
  0.165942552  -2.324528028   1.858882907 -10.174189759   2.000000000
  0.283233230   0.007583476  -4.801201479  -1.475557044   2.000000000
 -0.399644834  -5.740342472  -0.207719029  18.173041473   2.000000000
  0.131828788  -2.740860930   0.287115851  -3.893136134   2.000000000
  1.107544504   0.060528446  17.801950736  -2.539393349   3.000000000
  0.622082547  -4.324654271   6.993649231  -1.244077066   3.000000000
  1.144597627   2.698311474  -2.648981180   5.038216368   3.000000000
  0.865147351  -1.311293747   2.508841804 -18.477800315   3.000000000
  1.029519585  -0.204456569   6.680500984  -0.138861089   3.000000000
  1.477757742   4.405185993  -8.285292214  -8.906392401   3.000000000
  0.229089562  -8.983901149  12.846420835  -7.827927186   3.000000000
  1.279730394   2.851577192  -9.967926952 -20.034436667   3.000000000
  1.016309431  -1.714698643  -8.201285616  -6.029005291   3.000000000
  1.273375429   6.006567920   9.827507167   8.319209048   3.000000000
  0.730607684   1.781225808   5.706676106   9.344878205   3.000000000
  0.791858265  -1.600522258  -0.868952844   6.128887918   3.000000000
  0.949702516   1.667434105   0.777168402  12.650040810   3.000000000
  0.591498251  -5.827013574   6.684592109  10.914844742   3.000000000
  0.696628407  -4.027249989  14.857997153  25.481366598   3.000000000
  0.836295355   0.905501819  11.291492314  16.929247924   3.000000000
  0.855854367   0.331330798   1.000069226 -12.307486001   3.000000000
  1.515222456   9.023173386   2.890449750 -24.303988396   3.000000000
  1.645705422   2.358495482 -12.089595599   3.928297486   3.000000000
  0.571200477  -5.717749777  -8.080350600  -3.311802303   3.000000000
  1.063309795   2.915992543   5.121203113  14.278478505   3.000000000
  0.527421873  -4.579011175  12.075996197   4.601801093   3.000000000
  1.520870082   3.770758249 -13.535495974 -11.037391989   3.000000000
  0.610749810  -1.574095446  -1.478139215  12.807791047   3.000000000
  0.997469377   2.563273195   6.667300415  -4.855951256   3.000000000
  1.143295418   4.301984035  -4.937848153 -18.793977098   3.000000000
  0.553817760  -1.406726054   1.118192778  11.552977263   3.000000000
  0.568297610  -0.936751814   5.455057903   0.267682685   3.000000000
  0.931216181  -1.502718685   3.626570657   4.064170991   3.000000000
  1.045444655   3.548932378 -10.647861772 -17.972221816   3.000000000
  1.240702582   2.981981594 -11.772721949  -1.759430446   3.000000000
  1.405846990  10.434209695  -2.903949627 -19.906485112   3.000000000
  0.946748135  -1.550544034   4.920274527   9.912788168   3.000000000
  0.634984265  -1.118951958  -3.621705802 -14.776774366   3.000000000
  0.781503896  -3.716606812  -4.122264486 -39.262716347   3.000000000
  1.341166043   5.350095739  -7.916434722  23.891576057   3.000000000
  0.940397701   1.098641645  17.242690666   4.043413557   3.000000000
  0.836505698   0.377766647   3.765211727 -17.300166535   3.000000000
  0.514886301  -1.308990352   6.652330269   1.531438014   3.000000000
  0.924565622   2.816952253   0.636004190  16.347964483   3.000000000
  1.014080768   1.454116189   7.587953817  21.459521828   3.000000000
  0.843865427   3.068798188   2.716325434  39.291449911   3.000000000
  0.622082547  -4.324654271   6.993649231  -1.244077066   3.000000000
  1.121675862   2.196053353   6.823986342   4.330131730   3.000000000
  1.059323654   2.371650689  11.834163546  18.529890548   3.000000000
  0.853407126   1.423005482   4.225096931  33.128310160   3.000000000
  0.670985810  -2.822703804  -2.809683614  19.951082176   3.000000000
  0.775210576   0.581363385   3.080290120  10.641217196   3.000000000
  0.834727243   0.884450158  16.986087950   3.198422041   3.000000000
  0.611535675  -2.160273713   8.529477881 -12.189510812   3.000000000
