-0.2088879270 -0.0985531906  0.3196898337 -0.1092895150  1.0000000000
-0.2061880164 -0.0690486304 -0.5618963594 -0.1531154204  1.0000000000
-0.2111785709 -0.1147893316 -0.4974470388 -0.3888915948  1.0000000000
-0.2055590215 -0.0695142130 -0.7636967788 -0.3103259408  1.0000000000
-0.2098186799 -0.1107406185  0.3374679245 -0.1944200557  1.0000000000
-0.1890629563 -0.0439854800  1.1321002889  0.2419001777  1.0000000000
-0.2094090402 -0.1053378615 -0.3596074480 -0.4175535147  1.0000000000
-0.2072923447 -0.0723745310  0.0713922313 -0.0999523260  1.0000000000
-0.2026202059 -0.0899978113 -1.1901026556 -0.4402485868  1.0000000000
-0.2060545766 -0.0624499580 -0.4414136732 -0.1170073129  1.0000000000
-0.2003465815 -0.0841040264  0.8891123925  0.1445985238  1.0000000000
-0.2056181017 -0.0593843392 -0.1633086587 -0.1776792674  1.0000000000
-0.2072233673 -0.0828447436 -0.6651476630 -0.2297675601  1.0000000000
-0.2064507508 -0.1679028090 -1.0856229263 -0.6780942728  1.0000000000
-0.1919703789 -0.1583929772  1.5294641575  0.2013851075  1.0000000000
-0.1786092664 -0.1274210021  1.8329407507  0.2705732992  1.0000000000
-0.2007117206 -0.1274420414  1.1139725360  0.0072103863  1.0000000000
-0.2078237506 -0.0903139672  0.3216844409 -0.1017031792  1.0000000000
-0.1829379437 -0.0359459937  1.3086873733  0.4917311812  1.0000000000
-0.2039426001 -0.0949430747  0.6938113251 -0.0848864569  1.0000000000
-0.1934515571 -0.0112001619  0.5036151054  0.3430727492  1.0000000000
-0.2032311927 -0.0778448970  0.5734735611 -0.0660140284  1.0000000000
-0.2137143535 -0.2024188493 -0.0715364183 -0.6451395698  1.0000000000
-0.1937100492  0.0148913385  0.0321001157  0.1386074170  1.0000000000
-0.1939233128  0.0104117745 -0.2000996321  0.0080256457  1.0000000000
-0.1998101755 -0.0171346238 -0.4812375755  0.0562442066  1.0000000000
-0.2014965464 -0.0317567839  0.0636087863 -0.0253536107  1.0000000000
-0.2048674227 -0.0728355181  0.4253241160  0.0289943528  1.0000000000
-0.2071913306 -0.0866032301  0.2985275440 -0.0191923532  1.0000000000
-0.2042598344 -0.0484956857 -0.5416528886 -0.2052700505  1.0000000000
-0.2028610198 -0.0350957574 -0.5667194274 -0.1139668041  1.0000000000
-0.1976402824 -0.0403122205  0.5158235019  0.2155766975  1.0000000000
-0.1999188989 -0.1336334751  1.1157525211 -0.0553332002  1.0000000000
-0.1935410122 -0.1450981902  1.4964745053  0.0914971906  1.0000000000
-0.2060545766 -0.0624499580 -0.4414136732 -0.1170073129  1.0000000000
-0.2117018374 -0.1223618205 -0.1676048540 -0.2547932408  1.0000000000
-0.2030912856 -0.1067408248  0.7385001047  0.1197020714  1.0000000000
-0.2060545766 -0.0624499580 -0.4414136732 -0.1170073129  1.0000000000
-0.2060470640 -0.1171003904 -1.0469903899 -0.5194648876  1.0000000000
-0.2061301787 -0.0681360700  0.1830742109 -0.0268708287  1.0000000000
-0.2109097496 -0.1157921756  0.2159991096 -0.2327441038  1.0000000000
-0.1870892321 -0.0668084914 -1.7397900361 -0.2634850935  1.0000000000
-0.2086737637 -0.1300164400 -0.8005847115 -0.5576880412  1.0000000000
-0.1975259631 -0.0245262205  0.1938967693 -0.0383731082  1.0000000000
-0.1870928987  0.0021024046  0.6762436365  0.1452068583  1.0000000000
-0.2055662435 -0.0653872144 -0.6710588895 -0.2126745167  1.0000000000
-0.2021127451 -0.0818795354  0.6871928038 -0.0302265628  1.0000000000
-0.2090046491 -0.0986426131 -0.6170597973 -0.3908531400  1.0000000000
-0.2025284910 -0.0871178844  0.7850646860  0.0695892469  1.0000000000
-0.2092012535 -0.0866359181 -0.0532352731 -0.1459715506  1.0000000000
 0.1171887354 -0.0239279466  0.9250307761  1.2401824116  2.0000000000
 0.1044543639  0.1598144039  0.8195399373  0.3852480650  2.0000000000
 0.1295405892 -0.0569734927  0.7110183100  0.9042362992  2.0000000000
 0.0403090197  0.4689359426 -0.7333375984  0.3365998909  2.0000000000
 0.1147277908  0.1519119760  0.5133165550  0.5716994296  2.0000000000
 0.0830161747  0.3532568902 -0.0324562500 -0.1121391147  2.0000000000
 0.1151994322  0.1093837574  0.7375254422 -0.0670266989  2.0000000000
-0.0504516475  0.4554454676 -1.4122199595  0.5096310071  2.0000000000
 0.1099871555  0.1409420553  0.6572568781  0.9438347799  2.0000000000
 0.0228149616  0.4692823092 -0.6344809343 -0.1292158205  2.0000000000
-0.0256371510  0.4748894850 -1.6618031023  0.6561813962  2.0000000000
 0.0732864934  0.3397220824  0.3765298173  0.0557224825  2.0000000000
 0.0457758910  0.4232629470 -0.3579386234  1.2119732347  2.0000000000
 0.1096611489  0.2191786486  0.3290948613  0.0402787172  2.0000000000
 0.0055827280  0.4433708563  0.0089643361  0.5088620094  2.0000000000
 0.1006312942  0.1337639074  0.9352853400  1.0235458638  2.0000000000
 0.0842999673  0.3302477018  0.0661633821 -0.5678728222  2.0000000000
 0.0466170509  0.4235894816 -0.0252370819  0.7634405492  2.0000000000
 0.1002560783  0.2761209733 -0.1721112008  0.4394103386  2.0000000000
 0.0281017621  0.4696246826 -0.4472616432  0.6662108285  2.0000000000
 0.1160623069  0.1517620268  0.3659561640 -0.9502517215  2.0000000000
 0.0584104485  0.3687090843  0.3822743758  0.7862729858  2.0000000000
 0.1251448318  0.1395497472  0.0594880501  0.1555251770  2.0000000000
 0.1037018574  0.2470494200  0.2473964857  0.3461476928  2.0000000000
 0.0880268283  0.2540515156  0.6522129972  0.8889024562  2.0000000000
 0.1003934199  0.1680856083  0.8121524698  0.9208783793  2.0000000000
 0.1242797154  0.0355909447  0.5570497096  1.0041142617  2.0000000000
 0.1377633439 -0.0540469089  0.5129476114  0.3042263117  2.0000000000
 0.0980394019  0.2757298551  0.3070580375 -0.0590036529  2.0000000000
-0.0085616032  0.4595684326 -0.2551152930  1.0761642005  2.0000000000
 0.0166348582  0.4836580443 -0.6740393468  0.6780571547  2.0000000000
 0.0042808123  0.4846955071 -0.6948490788  0.8444074100  2.0000000000
 0.0375901269  0.4352798789 -0.0098726270  0.6856060803  2.0000000000
 0.1297618056  0.1203508802 -0.0273689338 -0.6230737294  2.0000000000
 0.0766470200  0.3532601639 -0.1129598536 -0.7708165241  2.0000000000
 0.0948451085  0.2061902131  0.7143529294 -0.3433420429  2.0000000000
 0.1203098747  0.0486691489  0.7792100265  0.7108877304  2.0000000000
 0.0918971489  0.2932434650 -0.0000150169  0.8703112329  2.0000000000
 0.0484667824  0.4083353546  0.1058082442  0.0706944215  2.0000000000
 0.0399639378  0.4641014923 -0.5287388523  0.2552242733  2.0000000000
 0.0662997148  0.4157111337 -0.4087581834 -0.0244740706  2.0000000000
 0.1033318426  0.2339630602  0.4444739317  0.0909575602  2.0000000000
 0.0465369970  0.4335283219 -0.1199063868  0.6447114704  2.0000000000
-0.0460483536  0.4621959591 -1.4141135830  0.6287326461  2.0000000000
 0.0585863118  0.4230228944 -0.2093561360  0.0954851997  2.0000000000
 0.0564717933  0.3905410997  0.1935230736  0.2165108533  2.0000000000
 0.0609264216  0.3948648670  0.0937666133  0.1259800414  2.0000000000
 0.0835996896  0.2963279897  0.5123312802  0.6351893821  2.0000000000
-0.0687410683  0.4233107314 -1.1037542289  0.6494477568  2.0000000000
 0.0537463100  0.4163241611 -0.0039459771  0.2532686895  2.0000000000
 0.1412324513 -0.3855272217 -0.2456112333 -1.5067125565  3.0000000000
 0.1286879875  0.1182927532 -0.1612421996 -1.2973707944  3.0000000000
 0.1468856061 -0.4654475671 -0.2115574439  0.3651966461  3.0000000000
 0.1484128716 -0.1498108678 -0.0283977371 -0.7260705388  3.0000000000
 0.1506204119 -0.3206784792 -0.1478683022 -0.8802459879  3.0000000000
 0.1198244450 -0.6730456678 -0.8438456327  1.4107129749  3.0000000000
 0.0622072181  0.3952982952 -0.9793072178 -1.1912106977  3.0000000000
 0.1357010832 -0.5518160087 -0.5214744923  1.0846427650  3.0000000000
 0.1478745156 -0.2736461264 -0.2801594757  0.0236393317  3.0000000000
 0.1311616190 -0.5912840814 -0.3292738253  0.1897540188  3.0000000000
 0.1413540547 -0.0973394375  0.4563780932 -0.5114707068  3.0000000000
 0.1461674038 -0.0766179497  0.0366596260 -0.5296224343  3.0000000000
 0.1507903279 -0.2882403708  0.1077739401 -0.1942660436  3.0000000000
 0.1218287976  0.1631421683 -0.3474304906 -1.3881334663  3.0000000000
 0.1295717800  0.0297825705 -0.1398408909 -1.9201574527  3.0000000000
 0.1448510689 -0.1784110160  0.2338845331 -1.1199217042  3.0000000000
 0.1493240613 -0.1746765786  0.1325068516 -0.3732712357  3.0000000000
 0.1039006987 -0.7061494561 -0.8125772342  1.4559452141  3.0000000000
 0.1035397295 -0.6939195745 -1.1386998919  1.4891294685  3.0000000000
 0.1189407152  0.1889163257 -0.3726191845 -0.2245386181  3.0000000000
 0.1480882722 -0.4078253440 -0.0149418050 -0.2603279657  3.0000000000
 0.1159462487  0.1873252684 -0.1769330341 -1.5372804845  3.0000000000
 0.1136030911 -0.6731885565 -0.9454117119  1.6569253032  3.0000000000
 0.1320027539  0.0850198784  0.1885708893 -0.3201864511  3.0000000000
 0.1491639670 -0.3468116662  0.0785598857 -0.4337207540  3.0000000000
 0.1423071514 -0.4864015168 -0.1718989916  0.8435308441  3.0000000000
 0.1260745883  0.1284784902  0.2473915816 -0.4247312972  3.0000000000
 0.1276834338  0.1040929628  0.3031290135 -0.7045784123  3.0000000000
 0.1505359458 -0.2081491123 -0.1068973218 -0.8958388303  3.0000000000
 0.1432979569 -0.3956482816 -0.0283310911  1.0618148085  3.0000000000
 0.1377201665 -0.5295828332 -0.4316874030  1.1451189204  3.0000000000
 0.1065733405 -0.6742206952 -0.5985665633  1.7912493577  3.0000000000
 0.1501642372 -0.2222344463 -0.1250044237 -1.0094142203  3.0000000000
 0.1339629473  0.0581846072  0.2069931079 -0.0720264277  3.0000000000
 0.1373350469 -0.0262911089 -0.2211239702 -0.4520994317  3.0000000000
 0.1277353831 -0.6197490180 -0.5300658175  1.2781762435  3.0000000000
 0.1432111929 -0.2732281429  0.0825158390 -1.4610319294  3.0000000000
 0.1478864094 -0.1592287099  0.1631461002 -0.5655155473  3.0000000000
 0.1207428932  0.1531496310  0.2810732033 -0.7662665772  3.0000000000
 0.1486658852 -0.2891971007  0.2308225012 -0.0092681866  3.0000000000
 0.1488431398 -0.3411397987 -0.0016557778 -0.7319218258  3.0000000000
 0.1423668671 -0.2266886196  0.3888443591 -0.1704631343  3.0000000000
 0.1286879875  0.1182927532 -0.1612421996 -1.2973707944  3.0000000000
 0.1475505105 -0.4401732413 -0.1660051819 -0.4292373140  3.0000000000
 0.1453899799 -0.3938988258 -0.0274530167 -0.8418355306  3.0000000000
 0.1458883263 -0.2017112522  0.2524343769 -0.5366700750  3.0000000000
 0.1353767696  0.0547217128 -0.0046421388 -0.4575594975  3.0000000000
 0.1456359883 -0.1097369590  0.2830528495 -0.5186369380  3.0000000000
 0.1409526046 -0.1796461344  0.2177955855 -1.4909440349  3.0000000000
 0.1301078421  0.0877541198  0.1137917284 -1.1270132647  3.0000000000
