-0.2860809921 -0.0162153447 -0.1265337540  0.2459984667  1.0000000000
-0.2574678053 -0.0141912511 -0.1131270513 -0.5989136828  1.0000000000
-0.2612480874 -0.0141189962 -0.1165804649 -0.6317118257  1.0000000000
-0.2455580775 -0.0130067216 -0.1009350961 -0.7637511476  1.0000000000
-0.2805787801 -0.0155854956 -0.1201098318  0.2479569679  1.0000000000
-0.1994355238 -0.0076353067 -0.0116652959  0.9288275644  1.0000000000
-0.2558128457 -0.0136155477 -0.1084118260 -0.4675181587  1.0000000000
-0.2932447379 -0.0172961219 -0.1400398119 -0.0047155133  1.0000000000
-0.1876833646 -0.0071970782 -0.0390791477 -0.9103700277  1.0000000000
-0.2687107652 -0.0153168175 -0.1240955648 -0.5067551691  1.0000000000
-0.2394465755 -0.0113210466 -0.0599138732  0.8059975890  1.0000000000
-0.2801212491 -0.0162934376 -0.1305381588 -0.2358157314  1.0000000000
-0.2494186523 -0.0132805193 -0.1058061924 -0.7040922489  1.0000000000
-0.1586454946 -0.0040667648 -0.0079534347 -0.8285246695  1.0000000000
-0.1240738229  0.0002126338  0.0688417068  0.8758341528  1.0000000000
-0.0919113528  0.0033006700  0.1045349276  0.8430717078  1.0000000000
-0.2010951068 -0.0072650586 -0.0141563509  0.9021866767  1.0000000000
-0.2857403205 -0.0162339463 -0.1255651270  0.2645661175  1.0000000000
-0.1675571030 -0.0046184193  0.0221561785  0.9267983224  1.0000000000
-0.2531898840 -0.0127275573 -0.0796610830  0.6343039302  1.0000000000
-0.2427371969 -0.0129988644 -0.0755215630  0.4710457965  1.0000000000
-0.2633010512 -0.0139397474 -0.0936197366  0.5405905569  1.0000000000
-0.1975999622 -0.0077105264 -0.0445066809 -0.2574217933  1.0000000000
-0.2577346987 -0.0155478423 -0.0987709264  0.0814322531  1.0000000000
-0.2387682879 -0.0135524194 -0.0844864816 -0.1439804887  1.0000000000
-0.2542990880 -0.0146621814 -0.1070986304 -0.4438346376  1.0000000000
-0.2826466736 -0.0168178817 -0.1267923689  0.0543807643  1.0000000000
-0.2804810687 -0.0157927595 -0.1170871184  0.3893466533  1.0000000000
-0.2808060317 -0.0158474336 -0.1221258632  0.2357605160  1.0000000000
-0.2637745033 -0.0150023385 -0.1183042432 -0.5726260988  1.0000000000
-0.2640134894 -0.0152594200 -0.1185438237 -0.5735122445  1.0000000000
-0.2487166373 -0.0130997355 -0.0816504022  0.4879413429  1.0000000000
-0.1852885594 -0.0058006745  0.0003887285  0.8400751205  1.0000000000
-0.1450684025 -0.0016588808  0.0511373561  0.9709047389  1.0000000000
-0.2687107652 -0.0153168175 -0.1240955648 -0.5067551691  1.0000000000
-0.2652037944 -0.0144331091 -0.1175651469 -0.3039764201  1.0000000000
-0.2270229346 -0.0102701084 -0.0550336114  0.6173761006  1.0000000000
-0.2687107652 -0.0153168175 -0.1240955648 -0.5067551691  1.0000000000
-0.1960856143 -0.0078343881 -0.0483562112 -0.8920642730  1.0000000000
-0.2902528623 -0.0169833632 -0.1341909488  0.1277435718  1.0000000000
-0.2811337611 -0.0157190094 -0.1243520614  0.1107760747  1.0000000000
-0.0928146757  0.0018053372  0.0656563773 -0.6304274700  1.0000000000
-0.2113629053 -0.0092578591 -0.0646345254 -0.7890301893  1.0000000000
-0.2531649532 -0.0140204893 -0.0925437618  0.2056497523  1.0000000000
-0.2105281785 -0.0099257963 -0.0361082113  0.5937298007  1.0000000000
-0.2523534031 -0.0137350298 -0.1076110911 -0.6788761452  1.0000000000
-0.2499401092 -0.0125209963 -0.0768253120  0.6255822280  1.0000000000
-0.2531043489 -0.0134508192 -0.1085012574 -0.7020307431  1.0000000000
-0.2531077206 -0.0126914078 -0.0769531803  0.7292536071  1.0000000000
-0.2900560830 -0.0169580726 -0.1403247095 -0.1599902050  1.0000000000
 0.1075736682  0.0660065605 -0.2529427569  0.0318227172  2.0000000000
 0.1669513964 -0.1027109731 -0.4261790311  0.0266244865  2.0000000000
 0.1325597948  0.1448924683 -0.2843347481  0.0234988511  2.0000000000
 0.0971042808 -0.3786125333  0.4482494583 -0.0393566100  2.0000000000
 0.1788165871 -0.0719568535 -0.4727165208  0.0275503652  2.0000000000
 0.1648371139 -0.3566129535 -0.0697570615 -0.0129043267  2.0000000000
 0.1707371639 -0.0128728013 -0.4424473993  0.0214147824  2.0000000000
 0.0238773339 -0.1559982954  0.4969338069 -0.0282602582  2.0000000000
 0.1587013969 -0.0779173882 -0.4230405965  0.0323864800  2.0000000000
 0.0841208360 -0.3500661310  0.4701028015 -0.0385227077  2.0000000000
 0.0272087867 -0.1570201951  0.4872070046 -0.0221874217  2.0000000000
 0.1616511094 -0.3562496635 -0.0809233218 -0.0082727906  2.0000000000
 0.0893557054 -0.3135699006  0.3054257897 -0.0209423254  2.0000000000
 0.1952769002 -0.1693381626 -0.4467656898  0.0148011110  2.0000000000
 0.0837600261 -0.3545917846  0.4495518996 -0.0336016115  2.0000000000
 0.1360543213 -0.0776795417 -0.3534463289  0.0340341938  2.0000000000
 0.1566192978 -0.3032374179 -0.1061549813 -0.0090129983  2.0000000000
 0.1268297705 -0.4243207836  0.2711407557 -0.0300691040  2.0000000000
 0.1312883843 -0.1795608628 -0.1582150878  0.0093202253  2.0000000000
 0.1030110509 -0.4202799612  0.4865962265 -0.0441289558  2.0000000000
 0.1685577388 -0.0242982877 -0.3841091840  0.0086645595  2.0000000000
 0.1407875954 -0.3797172996  0.0637045122 -0.0119051594  2.0000000000
 0.1719054244 -0.0114947864 -0.4287882708  0.0187802639  2.0000000000
 0.1770800688 -0.2110830830 -0.3496233988  0.0133118251  2.0000000000
 0.1586743642 -0.2362545390 -0.2877697075  0.0194121828  2.0000000000
 0.1514221946 -0.1168897434 -0.3804011279  0.0313425968  2.0000000000
 0.1435498231  0.0563807537 -0.3738366366  0.0303977658  2.0000000000
 0.1653607988  0.2252234667 -0.3363658584  0.0108318152  2.0000000000
 0.1918434639 -0.2639171336 -0.3367610716  0.0055141256  2.0000000000
 0.0682825250 -0.3254845634  0.5246244362 -0.0355759698  2.0000000000
 0.0852269721 -0.3815158433  0.5536371037 -0.0451216263  2.0000000000
 0.0738176689 -0.3513600292  0.5746920834 -0.0434901398  2.0000000000
 0.1228121508 -0.4376488638  0.3431902199 -0.0355312972  2.0000000000
 0.1772470072  0.0461256163 -0.4291226116  0.0095829231  2.0000000000
 0.1307376815 -0.2906471363  0.0112995901 -0.0126718145  2.0000000000
 0.1483763035 -0.1461279124 -0.2928937206  0.0136904323  2.0000000000
 0.1558401259  0.0434840820 -0.4224284924  0.0305258176  2.0000000000
 0.1321679388 -0.2242469375 -0.1295898904  0.0091640796  2.0000000000
 0.1313008564 -0.4114133210  0.2109781102 -0.0280388181  2.0000000000
 0.1110425145 -0.4212958621  0.4344103746 -0.0426525964  2.0000000000
 0.1309114019 -0.3835057319  0.1919455807 -0.0272218681  2.0000000000
 0.1911480052 -0.2049850751 -0.4128217784  0.0141120089  2.0000000000
 0.1296760231 -0.4420066294  0.3105206829 -0.0347318718  2.0000000000
 0.0263751556 -0.1675675389  0.5154104034 -0.0292564711  2.0000000000
 0.1416371379 -0.4368437901  0.2266280831 -0.0329031749  2.0000000000
 0.1415963351 -0.4083175957  0.1255014940 -0.0224031533  2.0000000000
 0.1503197567 -0.4244377116  0.1188425578 -0.0247539013  2.0000000000
 0.1698656296 -0.3075417124 -0.2286761328  0.0078819287  2.0000000000
 0.0150496971 -0.1326902321  0.4532243910 -0.0285215098  2.0000000000
 0.1431470308 -0.4448468045  0.2166528055 -0.0313707474  2.0000000000
 0.0616882604  0.3099562142  0.3411725753 -0.0303466405  3.0000000000
 0.1544969248  0.0702243918 -0.3369483394  0.0044412030  3.0000000000
 0.0709235850  0.3797179129  0.5176587687 -0.0333972873  3.0000000000
 0.1391025799  0.3542731938 -0.0655548805 -0.0190929887  3.0000000000
 0.1046120066  0.4362049654  0.2907647707 -0.0413552007  3.0000000000
 0.0166319769  0.1408363735  0.5016062647  0.0036914901  3.0000000000
 0.0589161880 -0.1635180504  0.2089547671 -0.0073822649  3.0000000000
 0.0349510199  0.2285089611  0.5235798868 -0.0101840170  3.0000000000
 0.0878781914  0.3118920953  0.1815599570 -0.0164526459  3.0000000000
 0.0325704688  0.2247091809  0.4855122320 -0.0158052188  3.0000000000
 0.1596098802  0.3181859721 -0.2051308289 -0.0099287053  3.0000000000
 0.1624089631  0.3127840186 -0.2336142471 -0.0091090680  3.0000000000
 0.1219346273  0.4501933149  0.2135829337 -0.0357831499  3.0000000000
 0.1287871519  0.0162300501 -0.2467866235  0.0064969776  3.0000000000
 0.1073617736  0.1485407906 -0.1451133343 -0.0005498109  3.0000000000
 0.1294877711  0.3846106646  0.0293730298 -0.0284264153  3.0000000000
 0.1475761812  0.3917852167 -0.0465867807 -0.0214681162  3.0000000000
 0.0080492878  0.0755552355  0.3638493995  0.0117779923  3.0000000000
 0.0074667487  0.0715748202  0.3649130023  0.0130341206  3.0000000000
 0.1261378696 -0.0448035878 -0.2379099285  0.0129129452  3.0000000000
 0.0876215746  0.4276842184  0.4362561121 -0.0421523850  3.0000000000
 0.1358893982 -0.0223714757 -0.2522781530  0.0045029542  3.0000000000
 0.0120495818  0.1075424237  0.4458583798  0.0087772136  3.0000000000
 0.1893142289  0.0961385983 -0.4755835711  0.0121093764  3.0000000000
 0.1024681090  0.4391633591  0.3340067386 -0.0408715927  3.0000000000
 0.0552235297  0.3067034891  0.5035022284 -0.0212879469  3.0000000000
 0.1959114843  0.0264624502 -0.4982809088  0.0128481643  3.0000000000
 0.1929369111  0.0656712408 -0.4794321905  0.0089279968  3.0000000000
 0.1291887511  0.4082166285  0.0655084788 -0.0302484857  3.0000000000
 0.0647254573  0.2912800451  0.3661057637 -0.0143350843  3.0000000000
 0.0396426461  0.2465027607  0.5194790291 -0.0124585247  3.0000000000
 0.0088444645  0.0794894616  0.3653280993  0.0112536351  3.0000000000
 0.1227170543  0.4085637516  0.1020748177 -0.0321600569  3.0000000000
 0.1829417620  0.1087539483 -0.4580104599  0.0141171176  3.0000000000
 0.1087755289  0.1549484995 -0.1574942088  0.0059787096  3.0000000000
 0.0247553870  0.1837917828  0.5094596755 -0.0047200608  3.0000000000
 0.0908928184  0.3587474894  0.2203698288 -0.0328609213  3.0000000000
 0.1469257353  0.3746675619 -0.0691538953 -0.0205413591  3.0000000000
 0.1894434472 -0.0154985191 -0.4588763242  0.0093760843  3.0000000000
 0.1167662215  0.4248348024  0.2028678148 -0.0311459454  3.0000000000
 0.1000700867  0.4383332679  0.3303222982 -0.0428696105  3.0000000000
 0.1078069928  0.3407925495  0.0877751199 -0.0186159162  3.0000000000
 0.1544969248  0.0702243918 -0.3369483394  0.0044412030  3.0000000000
 0.0789950233  0.4129667769  0.4792956303 -0.0425011248  3.0000000000
 0.0801009341  0.3953591155  0.3976267938 -0.0408652479  3.0000000000
 0.1263718405  0.3857883844  0.0490121332 -0.0251185512  3.0000000000
 0.1633252832  0.1389709010 -0.3700018008  0.0082710791  3.0000000000
 0.1660328536  0.3588092680 -0.1906504786 -0.0149891578  3.0000000000
 0.1077342051  0.3291930340  0.0670718793 -0.0245434645  3.0000000000
 0.1711550608  0.0982210582 -0.3892960955  0.0036712427  3.0000000000
