 5.125712e+00  2.200774e+00 -1.396250e+00  1.059186e-01 -2.236326e-02 -2.745975e+00 -2.493564e+00 -1.214768e+00 -1.301702e-02  1.375711e+00  3.882941e-01 -1.296906e-01 -1.045333e+00  1.000000e+00
-1.584115e-01  3.031613e-02 -3.019865e-01  2.567470e-01 -1.996724e-01 -9.688589e-01  2.403002e-01  7.248024e-01  1.298368e+00 -7.444518e-01  7.804323e-01 -4.326154e-01 -9.947743e-01  1.000000e+00
 1.109325e+00  4.719448e-01 -4.684331e-01  4.281137e-02 -6.914068e-01 -3.641682e-01  2.367277e-01  4.002253e-01  6.168661e-01 -1.878128e-01  1.827066e-01  3.416972e-01 -1.374037e+00  1.000000e+00
-1.004330e+00 -4.467127e-01  4.829625e-01 -7.799302e-02  6.591332e-01  7.438420e-01 -1.617961e-01 -5.799382e-01 -1.079495e+00  1.226740e+00 -1.191331e+00  2.090082e+00 -2.211039e+00  1.000000e+00
 3.433019e-01  1.887702e-01  1.813642e-01 -6.570765e-01  1.976326e-01  1.361626e+00 -4.548246e-01 -8.447828e-01 -7.101803e-01  2.172075e-01  6.184135e-01 -1.131606e+00 -3.733077e-02  1.000000e+00
-8.058028e-01 -3.615284e-01  3.785844e-01 -2.716500e-02  6.651903e-01  6.151710e-01 -1.119624e-01 -4.703047e-01 -8.995675e-01  1.072158e+00 -1.051621e+00  1.913777e+00 -2.127279e+00  1.000000e+00
 8.467579e-01  3.605611e-01 -3.867048e-01 -3.281247e-01 -2.166114e+00  4.100054e-01  6.991149e-01  4.791710e-01  3.083869e-01 -1.037451e-01 -2.300455e-01  9.070310e-01 -1.663251e+00  1.000000e+00
-5.932458e-01 -2.819006e-01  1.298651e-01  8.909267e-01  4.026525e+00 -5.990919e-01 -4.934056e-01 -3.288569e-01 -2.516189e-01  6.756194e-01 -4.057831e-01  1.062656e+00 -1.705933e+00  1.000000e+00
-5.701977e-01 -1.730721e-01 -1.530789e-01  2.857690e-01 -7.404389e-02 -6.595427e-01  5.916187e-01  9.604773e-01  1.457902e+00 -1.009178e+00  8.466784e-01 -4.918922e-01 -9.804171e-01  1.000000e+00
-3.192719e-01 -9.604284e-02 -1.494810e-01  2.717604e-01 -6.000825e-03 -6.169691e-01  5.194124e-01  8.909059e-01  1.404548e+00 -9.326739e-01  8.413268e-01 -4.898246e-01 -9.812097e-01  1.000000e+00
-7.949657e-01 -3.499898e-01  4.430374e-01 -4.790498e-01 -1.114746e+00  1.164988e+00  1.246485e-01 -4.652810e-01 -1.108834e+00  1.167518e+00 -1.287759e+00  2.230533e+00 -2.286625e+00  1.000000e+00
 9.988183e-01  4.253090e-01 -4.516556e-01 -3.374502e-01 -2.313355e+00  3.801614e-01  7.388427e-01  5.325592e-01  3.809813e-01 -1.702839e-01 -1.799375e-01  8.451189e-01 -1.634413e+00  1.000000e+00
 1.291969e+00  5.539975e-01 -5.192861e-01 -7.342916e-01 -4.065480e+00  8.169503e-01  1.017448e+00  6.219935e-01  3.017770e-01 -1.859420e-01 -3.231315e-01  1.045872e+00 -1.739093e+00  1.000000e+00
-1.083142e+00 -4.200456e-01 -4.891370e-02  2.633272e-01 -1.832681e-01  1.041265e-01  1.269009e+00  1.217445e+00  1.279502e+00 -1.127344e+00  4.655828e-01  5.759864e-02 -1.274858e+00  1.000000e+00
-8.862790e-01 -3.864901e-01  5.172711e-01 -6.762671e-01 -1.800758e+00  1.437006e+00  1.931180e-01 -5.139751e-01 -1.272870e+00  1.275681e+00 -1.443573e+00  2.434425e+00 -2.386923e+00  1.000000e+00
-4.880771e-02 -4.184090e-02 -5.225839e-02  4.172541e-01  1.702792e+00 -1.678810e-01 -6.789433e-02 -7.918309e-02 -1.350954e-01  4.644820e-01 -4.182560e-01  1.104091e+00 -1.737636e+00  1.000000e+00
-4.219933e-01 -2.097879e-01  4.911181e-02  9.170364e-01  4.000020e+00 -6.704700e-01 -4.595949e-01 -2.652132e-01 -1.535577e-01  5.905793e-01 -3.338063e-01  9.725735e-01 -1.663424e+00  1.000000e+00
 2.627143e+00  1.099365e+00 -7.544472e-01  2.369126e-01  4.730648e-01 -1.392963e+00 -9.872189e-01 -3.335657e-01  3.196286e-01  5.071031e-01  2.783686e-01  1.268423e-01 -1.226586e+00  1.000000e+00
-1.847281e+00 -8.002193e-01  1.007715e+00 -8.303070e-01 -1.472213e+00  1.947406e+00 -9.347951e-02 -1.042551e+00 -2.097371e+00  2.000624e+00 -2.069192e+00  3.220218e+00 -2.758494e+00  1.000000e+00
 1.614746e-01 -8.554676e-02  4.988586e-01 -2.125494e-01 -4.744804e-02  7.663359e-01 -8.478720e-01 -5.615242e-01  6.088416e-02 -4.345369e-03  8.700075e-01 -1.029546e+00 -3.836831e-01  1.000000e+00
 7.585733e-01 -1.775646e-01  9.802719e-01 -3.865202e-01  3.610221e-01  2.529026e+00 -8.030716e-01 -8.913339e-01 -2.893386e-01  3.010386e-01  1.043055e+00 -1.342439e+00 -1.970872e-01  1.000000e+00
 4.103802e-02  9.821410e-02 -1.258315e-01  3.113283e-01  7.507054e-02  8.669833e-01 -4.080580e-01 -4.053907e-01 -6.245306e-01 -1.017509e+00  2.475793e-01 -6.904937e-01 -1.105561e-01  1.000000e+00
-1.943259e-01 -4.601221e-02 -1.358395e-01  2.251989e-01 -3.959218e-02 -7.335628e-01  2.404123e-01  6.945633e-01  1.296849e+00 -7.325616e-01  8.492383e-01 -5.244937e-01 -9.535374e-01  1.000000e+00
-1.900469e+00 -7.739288e-01  3.164041e-01  2.129158e-01 -1.067053e-01 -1.674668e-01  9.071807e-01  1.168680e+00  1.671220e+00 -1.257085e+00  1.035508e+00 -7.095507e-01 -8.965149e-01  1.000000e+00
-5.142897e-01  8.438836e-02 -3.714238e-01  3.237853e-01 -8.263842e-02 -1.859831e-01 -1.105341e-01  5.181019e-02 -6.456029e-02 -1.186444e+00  2.945435e-01 -5.394965e-01 -3.402388e-01  1.000000e+00
 1.058013e+00 -3.320120e-01  1.403092e+00 -3.611486e-01  1.158429e+00  4.007954e+00  5.187027e-01 -9.504907e-02  2.677959e-01 -3.341262e-01  1.251911e+00 -1.382203e+00 -3.521602e-01  1.000000e+00
 6.845310e-01  3.058131e-01 -4.257144e-01 -1.590966e-01 -1.832907e+00  9.351830e-02  8.339701e-01  7.930286e-01  8.444867e-01 -5.787558e-01  2.122978e-01  3.460398e-01 -1.396141e+00  1.000000e+00
 1.033206e+00  4.411907e-01 -4.581949e-01 -4.031079e-01 -2.603228e+00  4.489529e-01  7.850022e-01  5.506420e-01  3.754776e-01 -1.791350e-01 -1.961247e-01  8.685711e-01 -1.646982e+00  1.000000e+00
-6.519599e-01 -2.354638e-01  2.094394e-01  2.145091e-02 -1.829272e-01 -1.559044e-01 -3.460934e-01  5.670286e-02  6.070955e-01 -5.122283e-01  8.130885e-01 -7.958933e-01 -5.884294e-01  1.000000e+00
-9.591509e-01 -3.598077e-01  5.602987e-03  2.742871e-01 -2.078545e-02 -4.396465e-01  7.428069e-01  1.052299e+00  1.528727e+00 -1.125382e+00  9.048387e-01 -5.601924e-01 -9.518945e-01  1.000000e+00
 7.022904e-01  2.892798e-01 -3.459972e-01 -1.612203e-02 -7.027350e-01  1.155972e-01  4.280683e-01  3.166850e-01  2.210877e-01  4.549316e-02 -2.415805e-01  9.064404e-01 -1.655659e+00  1.000000e+00
-8.684295e-01 -3.822405e-01  4.746575e-01 -4.517583e-01 -9.358041e-01  1.156494e+00  8.218235e-02 -5.063111e-01 -1.154104e+00  1.215007e+00 -1.315477e+00  2.263612e+00 -2.301442e+00  1.000000e+00
-1.037980e+00 -4.058137e-01  1.921077e-01  8.289103e-02 -2.637625e-01 -5.699139e-01  1.268836e-02  5.132248e-01  1.230058e+00 -6.151079e-01  9.723160e-01 -7.339548e-01 -8.244183e-01  1.000000e+00
-1.159282e+00 -5.301737e-01  2.873887e-01  1.573533e+00  7.140383e+00 -1.343003e+00 -1.037256e+00 -5.504020e-01 -1.924662e-01  7.838596e-01 -2.067919e-01  7.736469e-01 -1.551008e+00  1.000000e+00
 2.037865e+00  8.610635e-01 -6.442936e-01  2.393516e-01  2.689604e-01 -1.247038e+00 -6.133525e-01 -4.317493e-04  6.547877e-01  9.958483e-02  4.797791e-01 -1.069074e-01 -1.125941e+00  1.000000e+00
-5.004676e-01 -1.603803e-01  8.210239e-02  1.862305e-01  1.310845e-01  2.466638e-01  2.988893e-01  4.365120e-01  6.426220e-01 -1.058558e+00  6.855549e-01 -6.727547e-01 -5.903947e-01  1.000000e+00
-5.048025e-01 -1.157067e-01  1.551681e-01 -6.938792e-02 -4.177912e-01 -4.776926e-01 -9.625010e-01 -3.914576e-01  2.673427e-01 -1.623703e-01  7.540584e-01 -8.404115e-01 -4.831143e-01  1.000000e+00
-8.325261e-02 -2.551477e-02 -1.945316e-01  3.028885e-01  2.116984e-01 -3.808135e-01  6.236141e-01  8.400988e-01  1.168465e+00 -7.938686e-01  5.851189e-01 -1.489905e-01 -1.150759e+00  1.000000e+00
-1.096151e+00 -4.068848e-01  6.023099e-02  2.189456e-01 -1.385860e-01 -5.146671e-01  5.376514e-01  9.124822e-01  1.463193e+00 -9.978963e-01  9.328165e-01 -6.211377e-01 -9.091651e-01  1.000000e+00
 7.041367e-01 -1.627735e-01  9.433905e-01 -4.995166e-01  2.192035e-01  2.328194e+00 -1.046744e+00 -1.100796e+00 -4.454734e-01  5.444040e-01  1.021990e+00 -1.381772e+00 -1.380217e-01  1.000000e+00
 4.233815e-01 -5.608003e-02  5.671611e-01 -2.291767e-01  1.920311e-01  1.587249e+00 -6.749067e-01 -6.702677e-01 -2.809984e-01 -9.463553e-02  7.927607e-01 -1.094046e+00 -2.256937e-01  1.000000e+00
-2.161841e+00 -9.047957e-01  3.627966e-01  3.025732e-01  1.091240e-01  2.131527e-01  1.448019e+00  1.504083e+00  1.801262e+00 -1.614086e+00  9.906540e-01 -6.195506e-01 -9.507462e-01  1.000000e+00
 4.877509e-01  2.466675e-01 -3.848730e-01  2.728498e-01  3.350353e-02 -7.814144e-01  2.399802e-01  6.201602e-01  1.076962e+00 -5.661455e-01  5.864622e-01 -1.773854e-01 -1.123028e+00  1.000000e+00
-2.214277e-01  3.339284e-01 -9.309766e-01  5.483574e-01 -3.694930e-01  5.980454e-01 -1.121848e+00 -1.064095e+00 -1.440488e+00 -7.082081e-01 -2.192567e-02 -6.970919e-01  1.751663e-01  1.000000e+00
-4.293154e-01 -1.014591e-01  1.306288e-01  6.804707e-03 -2.236616e-01 -1.807692e-01 -5.849391e-01 -1.708652e-01  3.196878e-01 -4.432548e-01  7.141292e-01 -7.921127e-01 -4.927612e-01  1.000000e+00
 2.267642e+00  9.528353e-01 -6.778622e-01  2.214054e-01  2.233877e-01 -1.343351e+00 -7.345666e-01 -6.012716e-02  6.634157e-01  1.430799e-01  5.326476e-01 -1.851124e-01 -1.083850e+00  1.000000e+00
 5.746272e-01  2.767194e-01 -3.699924e-01  2.722923e-01  7.098226e-02 -8.857684e-01  1.308985e-01  5.928734e-01  1.150953e+00 -5.822931e-01  7.056280e-01 -3.420789e-01 -1.038707e+00  1.000000e+00
-4.630911e-01 -1.341599e-01 -3.742168e-02  1.907903e-01 -6.424488e-02 -4.200884e-01  1.974950e-01  5.601680e-01  1.035441e+00 -8.304133e-01  7.963423e-01 -6.034571e-01 -7.973328e-01  1.000000e+00
 7.715455e-01  3.270706e-01 -3.383230e-01  2.577920e-01  1.626333e-01 -8.158023e-01  6.635147e-02  5.285883e-01  1.106880e+00 -5.229622e-01  7.173450e-01 -3.651444e-01 -1.025182e+00  1.000000e+00
 1.479134e-01  5.055415e-02 -1.754810e-01  3.907170e-01  1.242138e+00 -2.609182e-01  1.146233e-01  1.647500e-01  2.031289e-01  1.424115e-01 -1.706598e-01  7.967103e-01 -1.594224e+00  1.000000e+00
-9.425897e-01 -3.662496e-01 -6.720647e-02  2.674256e-01 -1.172220e-01  6.008760e-02  1.182199e+00  1.153482e+00  1.235284e+00 -1.059503e+00  4.546382e-01  6.495925e-02 -1.275363e+00  1.000000e+00
 1.019389e+00  4.367028e-01 -4.752755e-01 -3.321174e-01 -2.378376e+00  3.450363e-01  7.826429e-01  5.980531e-01  4.769789e-01 -2.601892e-01 -1.070188e-01  7.540075e-01 -1.591645e+00  1.000000e+00
-2.940283e-01 -1.282437e-01 -8.609550e-02  7.179913e-01  2.557205e+00 -6.747743e-01 -1.295309e-02  2.423244e-01  4.941938e-01 -6.113933e-02  1.263194e-01  4.067800e-01 -1.402363e+00  1.000000e+00
-5.330690e-01 -2.499472e-01  1.945520e-01  3.336521e-01  1.837015e+00  9.267052e-02 -2.055295e-01 -3.389002e-01 -5.426296e-01  8.214363e-01 -7.277898e-01  1.493030e+00 -1.921641e+00  1.000000e+00
 3.443317e+00  1.484963e+00 -9.960656e-01  1.524830e-01 -1.096247e-03 -2.055981e+00 -1.567241e+00 -5.776236e-01  4.064587e-01  6.779330e-01  5.205365e-01 -2.326820e-01 -1.028807e+00  1.000000e+00
 2.939185e+00  1.224100e+00 -8.133348e-01  2.304505e-01  4.699875e-01 -1.498729e+00 -1.118267e+00 -4.069893e-01  3.041617e-01  5.722753e-01  3.076953e-01  7.876504e-02 -1.198739e+00  1.000000e+00
-9.741210e-01 -4.161460e-01  3.981580e-01 -2.266669e-01 -7.565404e-01 -1.198469e+00 -1.250085e+00 -2.960369e-01  1.000479e+00  4.256520e-01  1.147004e+00 -9.414300e-01 -7.848963e-01  1.000000e+00
 5.474088e-01  2.263674e-01 -3.039720e-01  4.820369e-02 -4.253390e-01  4.128725e-02  4.049226e-01  3.340236e-01  2.822387e-01  8.942605e-06 -1.780273e-01  8.231157e-01 -1.614780e+00  1.000000e+00
 1.684208e-01  5.721298e-02 -1.545651e-01  3.002928e-01  9.533516e-01 -1.279286e-01  1.200129e-01  1.068169e-01  7.685959e-02  2.424560e-01 -2.819122e-01  9.398720e-01 -1.663442e+00  1.000000e+00
-3.265476e+00  6.159636e+00  1.625663e+00  1.226226e+00 -1.780306e-01  3.232758e-01 -5.217235e-02  4.051634e-01  9.884210e-01  8.111304e-01 -1.767658e+00 -7.016726e-01  6.873226e-01  2.000000e+00
-2.706782e-01  2.921321e-01 -9.932389e-01  8.155464e-01 -4.366781e-01  5.795680e-01 -1.245421e+00 -1.060989e+00 -1.473200e+00 -9.036030e-01 -8.785331e-02 -6.301021e-01  1.806522e-01  2.000000e+00
 1.068516e+00  1.745996e+00  1.993281e+00  1.008688e+00 -1.995100e-01 -7.683880e-02 -4.888804e-02  1.320776e+00 -5.763877e-01  7.495599e-01  6.396244e-01  5.616531e-01  9.728299e-01  2.000000e+00
-4.098013e-01 -1.000113e-01 -8.592228e-01  6.205417e-01 -3.761670e-01 -3.203406e-01 -3.467027e-01 -5.420700e-01 -1.243095e+00 -7.126677e-01 -5.126489e-01 -4.403308e-01  3.535406e-01  2.000000e+00
 3.308062e-01  4.491332e-01  3.367585e-01 -2.015939e-01  7.579183e-02  3.120901e-01 -8.899399e-01  1.429378e+00  1.273070e-01  3.224201e-01  2.880437e-02  7.602212e-01  1.085286e+00  2.000000e+00
 5.750470e-01  1.201965e+00  1.412140e+00  9.797578e-01 -2.138803e-01 -3.053151e-01  1.833189e+00 -3.697899e+00  1.545281e+00 -3.295290e-01  9.414575e-01  1.735517e+00  1.363884e+00  2.000000e+00
-4.143344e-01  3.259504e-01 -1.226027e+00  7.463741e-01 -3.849041e-01  2.282625e-01 -8.525407e-01 -8.637394e-01 -1.459929e+00 -9.820754e-01 -2.035444e-01 -5.563153e-01  1.933072e-01  2.000000e+00
-1.218238e+00  3.099844e+00  6.799577e-01  1.533180e-01  5.353495e-02  6.092596e-01 -6.600842e-01  1.534518e-01  1.920503e+00  3.953655e-01 -2.733037e+00 -7.063733e-01  7.509231e-01  2.000000e+00
-2.059012e-02  2.203303e-01 -1.147451e-01 -5.405444e-04  6.974277e-02  5.516135e-01 -5.205382e-01 -9.504309e-02  2.046308e+00  4.028949e-01 -2.935059e+00 -8.327081e-01  7.195163e-01  2.000000e+00
 1.774670e-01  1.511776e-02 -3.973751e-02  4.163778e-01 -5.205710e-02  1.349210e+00 -9.560218e-01 -8.010722e-01 -7.437739e-01 -5.718313e-01  4.190963e-01 -8.793413e-01 -6.324059e-02  2.000000e+00
 1.026622e+00 -5.101746e-02  1.131868e+00 -1.566436e+00  3.086022e-01  3.109782e+00 -1.229906e+00 -1.732531e+00 -5.019908e-01  2.304381e+00  1.590583e+00 -2.015933e+00 -5.920590e-02  2.000000e+00
-2.844251e-01 -7.293292e-02  1.159333e-01  1.270438e-01  1.438227e-01  5.266436e-01  1.133237e-02  1.029556e-01  2.425636e-01 -9.271564e-01  6.096837e-01 -7.392632e-01 -4.355221e-01  2.000000e+00
-1.119812e-01 -1.366948e+00 -6.775324e-01 -2.878955e-01  8.444253e-02  2.718583e-01 -5.540818e-01  5.310076e-01  5.452638e-01  1.578385e-01 -6.854392e-02  8.599695e-01  1.126618e+00  2.000000e+00
 2.928765e-01 -1.488146e+00 -1.123246e-01  4.013331e-01 -5.707671e-02  2.056198e-01 -2.294041e-01  4.131523e-01  7.935745e-01  5.026707e-01 -1.092618e+00 -3.726441e-02  8.775417e-01  2.000000e+00
-3.549706e+00 -1.699468e+00  1.639532e+00 -8.877372e-01 -1.783477e+00 -1.984868e+00 -2.698814e+00 -9.451511e-01  1.720135e+00  1.964769e+00  2.027488e+00 -1.630397e+00 -8.946894e-01  2.000000e+00
-5.353961e-01 -1.052595e-01  6.675514e-04  1.810526e-01  3.092286e-02  1.526601e-01  2.502767e-02  1.972643e-01  3.595080e-01 -9.776652e-01  5.932431e-01 -6.836281e-01 -4.829659e-01  2.000000e+00
 9.972877e-01  1.815153e+00  1.819424e+00  6.245305e-01 -1.142683e-01  3.150970e-02 -4.120211e-01  1.596151e+00 -5.790973e-01  5.908588e-01  7.919330e-01  8.309719e-01  1.058503e+00  2.000000e+00
 1.675983e-01  9.602302e-01 -2.370121e-02 -8.273204e-01  2.109233e-01  4.265492e-01 -1.575605e+00  2.647540e+00 -5.474690e-01  2.937165e-01  7.816616e-01  1.207886e+00  1.194220e+00  2.000000e+00
-2.011101e+00  2.240803e+00  1.498448e+00  2.434451e+00 -5.209628e-01 -5.127855e-01  1.125823e+00  9.974380e-01 -1.420239e+00  1.371957e+00  1.313150e+00  1.532039e-01  7.821410e-01  2.000000e+00
 8.093828e-01 -1.688732e-01  9.927439e-01 -6.719623e-01  1.997484e-01  2.684132e+00 -1.258094e+00 -1.348355e+00 -4.453048e-01  1.090790e+00  1.232794e+00 -1.592441e+00 -1.243515e-01  2.000000e+00
 6.118560e-01 -1.248505e+00  6.763703e-01  1.186519e+00 -2.561196e-01 -2.031785e-01  3.418584e-01  8.578999e-01 -5.197832e-01  8.268105e-01  5.551094e-01  4.040855e-01  9.225609e-01  2.000000e+00
-1.321997e+00 -3.020882e-01 -2.644322e+00 -2.126683e+00  4.702278e-01  4.299274e-01 -8.918780e-01 -1.144995e-01  4.524562e-01 -6.627022e-01  1.923427e+00  2.731856e+00  1.654642e+00  2.000000e+00
-4.269658e-01  1.146613e-01 -8.478908e-01  1.277079e+00 -3.788279e-01 -8.024544e-02 -8.231867e-01 -4.637405e-01 -1.282653e+00 -2.050825e+00 -4.787457e-01 -1.955032e-01  1.095720e-01  2.000000e+00
-2.923774e-01 -5.841070e-01  6.449513e-01  7.672833e-01 -5.708401e-01 -1.021856e+00 -9.641317e-01 -4.760823e-01 -1.537913e+00 -2.212475e+00 -1.061297e+00  8.753453e-02  3.989423e-01  2.000000e+00
 1.207552e+00 -2.255584e+00 -6.253461e-01  1.580703e-01  9.014886e-03  3.138824e-01 -1.036054e-01 -8.486251e-02  1.483631e+00  5.993454e-01 -2.275519e+00 -7.496938e-01  7.038562e-01  2.000000e+00
-1.737317e+00  2.213482e+00  6.525868e-01  1.271067e+00 -2.220236e-01  8.572102e-02  3.352718e-01  3.328931e-01  5.092853e-01  9.431051e-01 -1.154673e+00 -5.729665e-01  6.911646e-01  2.000000e+00
 9.350378e-01  8.234664e-01  1.608878e+00  9.806687e-01 -1.975356e-01 -7.347227e-02 -7.873975e-02  1.329592e+00 -5.530270e-01  7.365645e-01  5.903612e-01  5.516950e-01  9.728863e-01  2.000000e+00
-4.123458e-02 -1.442390e+00 -2.352651e-01  6.847765e-01 -1.183179e-01  1.260101e-01  6.487599e-02  2.709447e-01  7.260043e-01  6.858365e-01 -1.203290e+00 -3.107661e-01  7.877402e-01  2.000000e+00
 8.037237e-02 -8.949568e-01  1.247413e+00  3.372518e-02 -1.885203e-01 -8.122155e-01  1.867149e-01  9.340948e-02 -5.844918e-01 -3.364669e-01 -7.938002e-01 -1.639978e-01  5.868894e-01  2.000000e+00
-5.762015e-01  5.065121e-02 -1.264199e+00  1.881110e+00 -6.344456e-01 -1.531757e-01 -1.206806e+00 -6.291453e-01 -1.512102e+00 -2.160201e+00 -6.786426e-01 -1.011084e-01  2.255463e-01  2.000000e+00
-1.422255e-01 -9.377999e-01  1.474291e+00  1.154229e+00 -7.524088e-01 -1.148702e+00 -1.594504e+00 -5.170744e-01 -1.628056e+00 -3.008434e+00 -1.351562e+00  3.691806e-01  4.384968e-01  2.000000e+00
-2.497958e-01  6.085108e-01  1.940951e-01  7.456131e-02  4.230230e-02  4.628866e-01 -6.035777e-01  3.467670e-01  1.437310e+00  3.717197e-01 -1.966729e+00 -3.068883e-01  8.410596e-01  2.000000e+00
 1.978492e-01 -5.381043e-01  1.283521e-01  1.563677e-01 -4.067902e-04  2.726370e-01 -5.109284e-01  7.314410e-01  6.426881e-01  3.920788e-01 -7.474972e-01  2.735903e-01  9.647401e-01  2.000000e+00
 1.264416e-01 -5.520186e-01 -2.130481e-01  4.530108e-02  4.677917e-02  4.654477e-01 -4.908522e-01  7.380385e-02  1.697219e+00  3.981830e-01 -2.387183e+00 -5.562878e-01  7.807571e-01  2.000000e+00
-1.051094e+00 -3.481063e-02 -2.081121e+00 -1.749153e+00  3.886422e-01  3.555271e-01 -6.247442e-01 -4.252308e-01  5.605933e-01 -6.021328e-01  1.756852e+00  2.570597e+00  1.608388e+00  2.000000e+00
 1.895983e-01  9.533083e-01  5.033210e-01  1.431809e-01 -2.524340e-02 -5.938970e-02  8.393841e-01 -2.159994e+00  1.075314e+00 -3.173292e-01  1.084407e+00  1.853331e+00  1.397634e+00  2.000000e+00
-3.100277e+00 -1.497366e+00  1.757088e+00 -1.365796e+00 -2.684027e+00 -3.260877e+00 -4.978480e+00 -2.429125e+00  1.139532e+00  3.719127e+00  2.203359e+00 -1.919503e+00 -7.789337e-01  2.000000e+00
-1.260961e+00  1.320738e+00 -5.424043e+00 -1.772077e-01  2.499706e-01  5.549067e-01  2.463485e+00 -3.598764e-01 -6.766388e-01  3.409201e+00  8.295419e-01 -1.809727e+00  2.535553e-01  2.000000e+00
 5.633161e-01  1.414190e+00  8.939370e-01 -1.945497e-01  8.517862e-02  3.938659e-01 -1.068767e+00  1.584481e+00  2.868996e-01  3.232724e-01 -3.284374e-01  5.967126e-01  1.051635e+00  2.000000e+00
-5.080043e-01  6.632581e-03 -8.396481e-01  1.092820e+00 -5.396575e-01 -3.180221e-01 -9.674525e-01 -7.089471e-01 -1.568017e+00 -1.662444e+00 -6.088063e-01 -2.395669e-01  2.767485e-01  2.000000e+00
 4.772366e-01  9.244922e-01  6.515304e-01 -2.034670e-01  7.461149e-02  2.947441e-01 -8.776343e-01  1.363937e+00  7.515893e-02  2.490820e-01  2.868452e-01  9.685075e-01  1.141613e+00  2.000000e+00
-2.564701e-01  1.814758e-01 -7.996965e-01  9.813075e-01 -3.438842e-01  5.066447e-01 -1.046790e+00 -7.784395e-01 -1.258005e+00 -1.327237e+00 -1.338448e-01 -5.055464e-01  9.598903e-02  2.000000e+00
-2.040753e-01  1.145533e-01  1.271107e+00 -5.394470e-01 -5.191474e-02 -8.132831e-01  1.537152e-01  1.573972e-01 -5.907242e-01 -4.144525e-01 -7.143322e-01 -8.808347e-02  5.913236e-01  2.000000e+00
 6.758184e-01 -2.407633e-01  9.340395e-01  7.947313e-01 -1.638020e-01 -7.156147e-02 -5.552832e-02  1.119554e+00 -4.743966e-01  6.374668e-01  6.983922e-01  7.063850e-01  1.020378e+00  2.000000e+00
 3.399131e-01  3.709071e-01  3.682654e-01 -2.132227e-01  7.878730e-02  3.276008e-01 -8.589040e-01  1.182153e+00  3.210439e-01  2.388468e-01 -7.674265e-02  7.959514e-01  1.104979e+00  2.000000e+00
-5.540425e-01  6.211220e-03 -1.141845e+00  1.790965e+00 -6.569220e-01 -1.456114e-01 -1.277479e+00 -6.997302e-01 -1.553198e+00 -2.063765e+00 -6.713345e-01 -1.284740e-01  2.485242e-01  2.000000e+00
-6.688216e-01 -2.275012e-01 -1.339455e+00 -1.047474e+00  2.360526e-01  2.243042e-01 -4.195056e-02 -1.303383e+00  9.923333e-01 -5.331669e-01  1.223012e+00  2.198962e+00  1.511930e+00  2.000000e+00
-4.020242e-01  5.952284e-01  2.439364e-02  2.028770e-01  2.346435e-02  4.886195e-01 -4.153668e-01 -2.613618e-02  1.833083e+00  4.678339e-01 -2.679240e+00 -7.797529e-01  7.210941e-01  2.000000e+00
 1.590244e-01 -1.143753e+00 -2.320245e-01  2.760078e-01 -1.697978e-02  3.189906e-01 -2.946208e-01  1.916913e-01  1.247647e+00  4.821610e-01 -1.773860e+00 -3.526532e-01  8.115588e-01  2.000000e+00
-5.776875e-01  2.171162e-01 -1.099379e+00 -9.752738e-01  2.187875e-01  1.829945e-01  1.602183e-02 -1.252678e+00  8.367322e-01 -5.056970e-01  1.447729e+00  2.278555e+00  1.524875e+00  2.000000e+00
-6.499287e-01  2.533378e-01 -2.040450e+00  2.179389e+00 -7.132098e-01  4.942457e-01 -1.474241e+00 -9.445734e-01 -1.535507e+00 -1.509884e+00 -3.407608e-01 -3.926250e-01  2.014219e-01  2.000000e+00
-7.690797e-01  7.033538e-01 -7.644503e-01  6.168050e-01 -1.260227e-01 -1.837521e-01  1.023662e+00  1.347172e-01 -4.704237e-01  1.294166e+00 -1.478524e-01 -7.113457e-01  5.399750e-01  2.000000e+00
-6.172920e-01 -1.522404e-01 -1.317896e+00 -1.159686e+00  2.654180e-01  3.022602e-01 -4.283028e-01 -5.214512e-01  7.447846e-01 -4.229990e-01  1.123946e+00  2.058052e+00  1.469480e+00  2.000000e+00
-3.701483e-01  2.853869e-02 -1.408133e+00 -1.890140e-01 -4.985689e-02 -2.860063e-01  6.950266e-01 -2.806596e-01 -8.078015e-01  5.949874e-01 -2.731881e-01 -7.575301e-01  3.981901e-01  2.000000e+00
 3.476784e-01 -1.029942e-01  3.754105e-01  1.092041e-01  5.457918e-03  2.392856e-01 -5.973100e-01  1.035254e+00  2.941428e-01  3.792239e-01 -2.146016e-01  5.600458e-01  1.030462e+00  2.000000e+00
-1.711238e-01 -5.915408e-01 -7.322997e-01 -7.620687e-01  1.915950e-01  3.888874e-01 -9.751567e-01  9.750749e-01  4.020838e-01  1.845031e-02  2.559712e-01  1.197386e+00  1.224726e+00  2.000000e+00
 1.668511e-01 -1.727784e-01 -3.606654e-02 -3.585720e-01  1.077883e-01  3.436582e-01 -8.603866e-01  1.026073e+00  4.122712e-01  1.615984e-01 -4.360132e-02  8.928321e-01  1.137025e+00  2.000000e+00
-5.029759e-01 -3.331039e-01 -6.314236e-02  5.235253e-01 -6.923542e-02  2.676376e-01 -1.667955e-01  2.276298e-01  1.094525e+00  5.783043e-01 -1.661172e+00 -4.064104e-01  7.849585e-01  2.000000e+00
 5.802224e-01  7.900573e-01  1.554327e+00  1.443089e+00 -3.239863e-01 -4.951334e-01  2.820868e+00 -5.669085e+00  2.296781e+00 -5.465337e-01  8.363318e-01  1.850673e+00  1.409886e+00  2.000000e+00
-1.845833e-01  7.286391e-01 -7.907835e-01 -1.539351e+00  3.715996e-01  6.309837e-01 -2.168171e+00  3.141882e+00 -4.918120e-01  1.215260e-01  7.584382e-01  1.414580e+00  1.269760e+00  2.000000e+00
-5.985644e-03 -7.002084e-02  1.115665e+00 -9.891771e-01  3.712229e-02 -8.139023e-01  1.167692e-01  1.006358e-01 -5.135129e-01 -4.682813e-01 -8.010496e-01 -1.045935e-01  5.845470e-01  2.000000e+00
-4.443130e-01 -5.202731e-02 -1.011882e+00  3.297602e-01 -2.796930e-01 -3.998742e-01  4.038151e-03 -4.596039e-01 -1.170312e+00 -3.829612e-01 -4.509542e-01 -5.194037e-01  3.624788e-01  2.000000e+00
 5.512688e-01 -2.799505e+00  7.095553e-01  2.328312e+00 -5.507988e-01 -8.204862e-01  1.410604e+00  1.054535e+00 -2.163687e+00  1.333123e+00  2.588440e+00  8.052274e-01  9.269382e-01  2.000000e+00
 5.345096e-01  3.095998e-02  1.261161e+00  1.286099e+00 -2.808177e-01 -3.448967e-01  2.373841e+00 -5.075312e+00  2.424562e+00 -4.800882e-01  1.871029e-01  1.486145e+00  1.325445e+00  2.000000e+00
 9.669807e-02  1.491493e-01 -5.129135e-02 -4.349462e-01  1.212091e-01  3.039781e-01 -4.792655e-01 -5.257557e-02  8.431368e-01 -1.030657e-01  1.385052e-01  1.239927e+00  1.246664e+00  2.000000e+00
-1.013512e-01 -8.838569e-02 -6.209746e-01 -9.917466e-01  2.467899e-01  4.799403e-01 -1.347707e+00  1.546882e+00  2.383889e-01  1.400814e-02  3.105566e-01  1.254631e+00  1.241907e+00  2.000000e+00
-9.888667e-02 -1.354249e-01 -5.327971e-01 -7.647743e-01  1.920415e-01  3.753323e-01 -9.439715e-01  9.210449e-01  3.627945e-01 -1.189258e-02  4.162752e-01  1.308306e+00  1.253079e+00  2.000000e+00
-3.947996e-01 -2.474024e-01 -1.036013e+00 -1.041288e+00  2.462941e-01  3.631453e-01 -8.120727e-01  4.394755e-01  4.609169e-01 -1.963867e-01  7.928240e-01  1.679723e+00  1.358773e+00  2.000000e+00
 7.699147e-02 -3.207378e+00 -6.929501e-01  6.819134e-01 -1.405019e-01 -5.316782e-03  1.326920e-01  3.726255e-01  2.849762e-01  6.140581e-01 -3.647259e-01  1.798808e-01  9.053261e-01  2.000000e+00
-4.748390e-01 -6.534296e-01 -1.101910e+00 -8.070432e-01  1.888732e-01  2.497610e-01 -1.523309e-01 -9.723566e-01  1.032072e+00 -3.814284e-01  7.090346e-01  1.791614e+00  1.402751e+00  2.000000e+00
 4.686039e-01 -7.984797e-01  1.745426e+00 -1.670835e+00  1.203683e-01 -1.163341e+00 -1.093797e-02  2.622903e-02 -6.007300e-01 -1.104219e+00 -1.071193e+00  1.406268e-02  5.463256e-01  2.000000e+00
-9.726300e-01  9.062036e-01 -3.941721e+00 -1.933701e-02  5.773418e-02  3.192118e-01  1.508521e+00 -4.785123e-01 -9.012415e-01  2.096430e+00  4.393471e-01 -1.398754e+00  2.724382e-01  3.000000e+00
-8.383908e-01  6.421023e-01  3.977462e-01  1.635073e+00 -3.254229e-01 -2.203471e-01  9.098114e-01  4.309066e-01 -3.226576e-01  1.261609e+00 -2.091062e-01 -4.876114e-01  6.567747e-01  3.000000e+00
-7.307336e-02 -7.685664e-01  1.988403e-01  7.859337e-01 -2.274730e-01 -4.697644e-01  7.239329e-01  1.252573e-01 -4.036498e-01  6.230747e-01 -5.828047e-01 -5.186780e-01  5.650634e-01  3.000000e+00
-3.275903e-01  7.720714e-02 -1.342648e+00 -5.529527e-01  1.073935e-01 -4.108282e-01  1.267230e+00 -9.585865e-02 -6.314249e-01  1.080973e+00 -2.124075e-01 -8.668800e-01  4.108212e-01  3.000000e+00
-1.263576e-01 -2.453898e-01  7.640985e-01 -1.491518e-01 -3.169855e-01 -7.941988e-01 -6.948582e-01 -5.813768e-01 -1.515777e+00 -1.723568e+00 -7.384001e-01 -1.652570e-01  3.138886e-01  3.000000e+00
-1.050452e-01  3.336602e-01  9.789101e-02 -9.593686e-01  1.060777e-01 -5.078115e-01  1.809158e-01 -4.040891e-01 -1.241855e+00 -1.017414e+00 -2.742012e-01 -4.945357e-01  1.436245e-01  3.000000e+00
-3.968661e-01  3.169574e-01 -1.129119e+00  1.047582e+00 -2.658320e-01  1.314072e-02 -5.580673e-01 -4.192844e-01 -1.189107e+00 -1.741112e+00 -3.534163e-01 -3.023030e-01  8.142671e-02  3.000000e+00
 1.786668e+00 -3.909462e+00 -7.267627e-01  7.166984e-01 -1.460116e-01 -6.313658e-02  4.910537e-01  1.241682e-01  4.401297e-01  9.035225e-01 -1.012499e+00 -4.880921e-01  7.110025e-01  3.000000e+00
 3.566644e-01 -6.284944e-01  9.373889e-01 -1.191153e+00  1.177003e-01 -9.243160e-01  4.483590e-01  5.989031e-02 -4.561657e-01 -3.607933e-01 -9.154115e-01 -2.678438e-01  5.238665e-01  3.000000e+00
-1.529291e-01 -5.207085e-01 -6.183697e-01  1.598424e-01 -1.051414e-01 -4.807129e-01  8.770668e-01 -8.473317e-02 -6.408638e-01  6.475672e-01 -4.374212e-01 -6.912853e-01  4.576397e-01  3.000000e+00
-1.789498e-01 -3.047733e-01 -3.466181e-01 -8.738079e-02 -1.170284e-01 -5.960421e-01  4.876627e-01 -1.638491e-01 -8.005991e-01  1.797496e-02 -5.628317e-01 -5.164608e-01  4.407856e-01  3.000000e+00
-2.900523e-01  3.046084e-01 -6.884274e-01  5.180076e-01  3.368962e-02 -2.069258e-02  3.304291e-02 -1.990839e-02 -6.699812e-01 -1.690384e+00 -1.161301e-01 -3.610247e-01 -1.146149e-01  3.000000e+00
 6.639097e-01 -2.190029e+00 -3.336620e-01  1.005939e+00 -1.994225e-01 -7.579564e-02  5.600973e-01  1.905636e-01  3.253152e-01  9.796691e-01 -9.216539e-01 -5.241986e-01  6.922181e-01  3.000000e+00
 7.010046e-01 -1.261758e+00  8.151743e-02 -3.614683e-01  1.715482e-02 -3.963232e-01  3.961800e-01  6.252905e-02  7.733387e-02  3.146899e-01 -1.056604e+00 -4.512051e-01  6.049912e-01  3.000000e+00
 4.868469e-01 -1.089364e-01  7.175271e-01 -1.518140e-01  5.067249e-01  1.774271e+00  8.423516e-03 -9.923816e-02  2.040780e-01 -5.673059e-01  8.684180e-01 -9.977073e-01 -4.068519e-01  3.000000e+00
 5.188975e-02  3.068650e-02  9.866986e-02  1.650803e-01  3.650539e-01  1.131735e+00  1.830007e-01  4.407917e-02 -7.718444e-02 -1.112870e+00  4.832888e-01 -7.361326e-01 -3.045698e-01  3.000000e+00
-1.058785e-02  2.087200e-01 -1.956637e-01 -5.659039e-01  1.664852e-01  4.810810e-01 -9.111641e-01  5.618622e-01  1.047829e+00  4.385740e-02 -7.784698e-01  6.537331e-01  1.101554e+00  3.000000e+00
 1.450333e-01 -3.916180e-01  1.423249e+00 -1.401267e+00  9.543298e-02 -1.318304e+00  4.845608e-01 -7.782726e-02 -1.044531e+00 -9.966578e-01 -8.085563e-01 -2.275121e-01  3.863389e-01  3.000000e+00
-1.829971e-02  7.287028e-02  7.779268e-01 -1.850576e+00  2.455374e-01 -1.207784e+00  8.377689e-01 -1.713445e-01 -1.175736e+00 -6.321129e-01 -5.079290e-01 -4.528607e-01  2.888563e-01  3.000000e+00
-5.505884e-01 -3.086411e-02 -1.131806e+00  1.981067e+00 -3.067400e-01  7.129777e-02  1.457851e+00  2.252454e-01 -1.334660e-01  2.083078e+00 -2.278749e-01 -1.008196e+00  5.566187e-01  3.000000e+00
 1.947874e-01 -7.384324e-01  1.288509e+00  2.706929e+00 -6.184670e-01 -8.764317e-01  1.704361e+00  1.084518e+00 -2.312538e+00  1.628502e+00  2.424295e+00  3.872731e-01  7.891817e-01  3.000000e+00
 6.001356e-01  2.940200e-01  1.580253e+00  1.961791e+00 -4.343417e-01 -5.226794e-01  9.611743e-01  1.093476e+00 -1.460062e+00  1.231890e+00  1.531542e+00  4.194378e-01  8.613379e-01  3.000000e+00
 7.550542e-01 -1.079992e+00  1.143285e+00  1.735932e+00 -4.106430e-01 -6.348725e-01  9.839339e-01  1.018361e+00 -1.876583e+00  9.861600e-01  2.714429e+00  1.269378e+00  1.082939e+00  3.000000e+00
 1.406767e-01  3.970210e-01  1.096551e+00 -2.960156e+00  5.391396e-01 -1.121207e+00  1.207069e+00 -2.301576e-01 -1.176551e+00 -2.379255e-01 -2.032150e-01 -6.778800e-01  1.906034e-01  3.000000e+00
-3.376316e-01  3.537723e-01 -8.924534e-01 -1.298300e+00  2.079641e-01 -6.860657e-01  1.162028e+00 -2.564081e-01 -1.041764e+00  4.302726e-01 -1.684392e-01 -8.079613e-01  2.903915e-01  3.000000e+00
-1.572706e-01  4.902762e-01 -4.035500e-01 -6.798808e-01  2.073822e-01 -3.853610e-01  4.860021e-01 -1.595887e-01 -9.917079e-01 -1.094186e+00 -1.954534e-01 -4.856122e-01  4.946946e-02  3.000000e+00
 8.105547e-01  7.133126e-01  8.954268e-01  4.709432e-01 -6.009423e-02  2.173437e-01 -2.319863e-01  5.564448e-01  7.256228e-01  5.820600e-01 -1.113936e+00 -1.294440e-01  8.458051e-01  3.000000e+00
 5.625120e-01 -7.620850e-02  4.878632e-01  2.545518e-01  1.291402e+00  2.854957e+00  1.717608e+00  9.444407e-01  4.606627e-01 -1.908506e+00  6.432322e-01 -7.346456e-01 -4.546101e-01  3.000000e+00
-7.224801e-02  5.436895e-01  4.110281e-01 -3.543091e+00  8.293085e-01 -1.746373e+00  2.552188e+00  2.835266e-01 -9.112094e-01  3.751608e-01 -2.717036e-01 -7.353934e-01  2.328676e-01  3.000000e+00
 3.239445e-01 -4.278590e-01  1.686614e+00 -2.197124e+00  3.506171e-01 -1.494788e+00  1.136427e+00  1.156736e-01 -8.287081e-01 -4.884513e-01 -7.427417e-01 -3.484203e-01  3.912115e-01  3.000000e+00
 1.109359e+00 -1.294023e+00 -2.390438e-01  3.543555e-01 -3.229230e-02  2.459392e-01  3.636531e-02  8.605464e-03  1.239756e+00  7.106605e-01 -2.031401e+00 -7.548473e-01  6.852798e-01  3.000000e+00
-5.830981e-02  4.752175e-01 -6.467748e-01 -5.833427e-01 -1.487571e-02  3.754531e-01 -2.665276e-01 -8.345805e-01 -1.218715e+00 -7.545254e-02  1.151135e-01 -8.654860e-01  1.603309e-01  3.000000e+00
-3.149738e-01 -2.805244e-01 -9.299221e-01  8.972818e-01 -1.872161e-01 -2.016731e-01  1.051087e+00  3.725428e-02 -4.017433e-01  1.243944e+00 -3.519044e-01 -8.072030e-01  5.102852e-01  3.000000e+00
-5.478706e-02  3.987209e-01 -5.144329e-01 -4.292204e-01 -1.038682e-01  3.954840e-01 -5.206610e-01 -9.241546e-01 -1.302711e+00 -2.214467e-01  6.549865e-02 -8.219704e-01  1.796981e-01  3.000000e+00
 2.332900e-01 -3.646159e-01  1.274277e+00 -1.904429e+00  2.888455e-01 -1.343004e+00  1.030308e+00  7.986182e-02 -7.979617e-01 -4.005603e-01 -7.252285e-01 -3.681733e-01  4.055091e-01  3.000000e+00
 1.595163e+00 -2.474212e+00 -5.663898e-01  2.620931e-01 -2.014174e-02  2.249039e-01  6.467962e-02 -5.336243e-02  1.257009e+00  7.007037e-01 -2.046783e+00 -7.574094e-01  6.853688e-01  3.000000e+00
 1.488124e-01  7.282123e-01 -6.061597e-02 -2.407045e+00  5.405181e-01 -9.675944e-02  1.033064e+00 -4.517610e-01 -9.452763e-01  5.828807e-01  2.942511e-01 -1.051413e+00  9.659729e-02  3.000000e+00
 7.620313e-02  2.284481e-01  1.342438e+00 -2.555153e+00  4.751762e-01 -1.509083e+00  1.165996e+00  1.004119e-02 -1.180119e+00 -1.069316e+00 -5.115187e-01 -3.663974e-01  1.852294e-01  3.000000e+00
 1.138154e-01  5.015296e-01 -1.540101e-01 -1.096643e+00  4.104979e-01  3.280600e-01  5.599649e-01 -2.501724e-01 -6.638195e-01 -3.553067e-01  2.710269e-01 -8.280052e-01 -5.918900e-02  3.000000e+00
-4.009741e-01  6.750623e-01 -1.541675e+00 -2.370979e+00  6.498704e-01 -9.072273e-01  2.655050e+00  1.445559e-01 -6.438625e-01  1.750650e+00  9.356480e-02 -1.144128e+00  2.930376e-01  3.000000e+00
-3.478211e-01  5.265322e-01  5.487933e-01  1.141392e+00 -2.147431e-01 -1.494078e-02  3.798381e-01  4.142277e-01  2.784311e-01  9.298220e-01 -8.128876e-01 -3.953398e-01  7.309265e-01  3.000000e+00
 4.386613e-01  1.178277e+00  8.534073e-01  2.862438e-01 -1.379655e-02  3.068935e-01 -4.351257e-01  6.133059e-01  8.549855e-01  4.760868e-01 -1.183766e+00 -3.628393e-02  8.837943e-01  3.000000e+00
 6.378522e-02  1.556386e-01  1.216750e+00 -2.492892e+00  3.910055e-01 -1.426936e+00  1.060783e+00 -1.229128e-01 -1.222639e+00 -7.085250e-01 -4.971306e-01 -4.493422e-01  2.573496e-01  3.000000e+00
-1.303739e-01  4.620195e-01 -4.687608e-01 -4.364980e-01  1.921776e-01 -9.800599e-02  3.368624e-01 -1.895546e-01 -8.843188e-01 -1.063394e+00 -7.409965e-02 -5.390854e-01 -2.585692e-03  3.000000e+00
 2.213731e-02  4.641538e-01 -3.314571e-01 -6.672887e-01  2.917407e-01  2.997102e-01  3.498256e-01 -2.641769e-01 -7.252514e-01 -6.327057e-01  1.761382e-01 -7.319566e-01 -5.086128e-02  3.000000e+00
 1.120571e+00 -2.031198e-01  1.284421e+00 -3.542192e-01  9.924243e-01  3.332211e+00  2.911595e-01 -1.555354e-01  1.843185e-01 -3.955427e-01  1.112312e+00 -1.253944e+00 -3.597458e-01  3.000000e+00
 9.735866e-01 -2.247241e-01  1.236303e+00 -3.462348e-01  8.942114e-01  3.101134e+00  2.038266e-01 -1.699443e-01  2.208474e-01 -3.488414e-01  1.116265e+00 -1.244387e+00 -3.758625e-01  3.000000e+00
 5.658841e-01 -1.627018e+00  1.032220e-01  4.039526e-01 -1.148897e-01 -4.856968e-01  8.229243e-01  9.503797e-02 -8.672750e-02  6.538764e-01 -8.990999e-01 -6.119176e-01  5.610319e-01  3.000000e+00
