 8.441464e-12  1.125818e-01 -1.217050e-04  1.042322e+01 -7.167187e-10 -1.865733e+00 -9.163163e-02  5.440268e-10 -6.831192e-06  6.545527e-01  2.550480e+00  0.000000e+00  0.000000e+00  1.000000e+00
 6.875269e-12 -1.488424e-01  5.115905e-05 -9.892043e-01 -3.730152e-11 -1.601603e+00 -5.886655e-02  5.055104e-10 -6.829642e-06  6.545527e-01  2.550480e+00 -3.828235e-11 -3.146598e-10  1.000000e+00
-9.852505e-11  2.301237e-02 -3.037949e-05 -1.400585e-01  1.196516e-10  5.001806e+00 -1.361331e-01  2.073039e-10 -6.830051e-06  6.545527e-01  2.550480e+00  1.148302e-09  2.495296e-09  1.000000e+00
 5.351843e-11  2.156462e-09  5.565812e-11  2.153885e-10  1.192441e-10  2.041195e-09 -1.244138e-08  5.100220e-11  2.849382e+00  2.846124e+00 -7.304187e-01  2.366423e-01 -3.603460e-01  1.000000e+00
-2.477829e-12  7.022715e-02  1.394742e-03  1.546467e-02  2.331893e-13  3.761212e-02  1.726562e-01  1.690180e-10 -1.605017e-06 -1.268543e-01 -1.789241e-02 -1.270788e+00 -1.132192e+00  1.000000e+00
 4.592044e-11  1.711398e-09  2.143447e-11  1.023913e-10  8.546124e-11  1.992694e-09 -1.033363e-08 -2.010166e-10  2.049413e+00  2.846126e+00 -7.304215e-01  2.366430e-01 -3.603459e-01  1.000000e+00
 2.895928e-11 -1.994351e-10 -1.235934e-10 -4.102927e-10 -1.031050e-10  1.981313e-09  7.561592e-11 -1.469697e-09 -1.942914e+00  2.846139e+00 -7.304353e-01  2.366464e-01 -3.603455e-01  1.000000e+00
 1.219483e-11 -4.496876e-10 -1.437047e-10 -4.547518e-10 -8.630932e-11  1.788562e-09  1.595971e-10 -1.460094e-09 -1.942824e+00  2.846139e+00 -7.304353e-01  2.366464e-01 -3.603455e-01  1.000000e+00
 1.121018e-11 -1.570994e-01  5.548754e-05 -1.103689e+00 -3.865567e-11 -1.854637e+00 -5.561733e-02  5.161314e-10 -6.829626e-06  6.545527e-01  2.550480e+00 -8.370206e-11 -4.252674e-10  1.000000e+00
 1.153331e-11 -1.560144e-01  5.591416e-05 -1.118581e+00 -3.854708e-11 -1.879684e+00 -5.526705e-02  5.171298e-10 -6.829625e-06  6.545527e-01  2.550480e+00 -8.805262e-11 -4.362718e-10  1.000000e+00
 6.114245e-11  2.613925e-09  9.038564e-11  3.340309e-10  1.535831e-10  2.094666e-09 -1.461185e-08  3.107039e-10  3.674505e+00  2.846121e+00 -7.304159e-01  2.366416e-01 -3.603461e-01  1.000000e+00
 3.746156e-11 -6.825540e-11 -1.134100e-10 -3.865604e-10 -1.121199e-10  2.084051e-09  3.234185e-11 -1.474381e-09 -1.942959e+00  2.846139e+00 -7.304353e-01  2.366464e-01 -3.603455e-01  1.000000e+00
 6.875596e-12 -5.424073e-10 -1.499918e-10 -4.723829e-10 -7.940065e-11  1.712309e-09  1.884514e-10 -1.457614e-09 -1.942795e+00  2.846139e+00 -7.304353e-01  2.366464e-01 -3.603455e-01  1.000000e+00
-7.345114e-11 -1.168663e-02 -1.538313e-05 -5.544973e-02  6.399358e-11  3.443423e+00 -1.188672e-01  2.736944e-10 -6.829980e-06  6.545527e-01  2.550480e+00  8.596033e-10  1.840887e-09  1.000000e+00
 7.037424e-11  3.161969e-09  1.322388e-10  4.746995e-10  1.949479e-10  2.156535e-09 -1.720983e-08  6.214484e-10  4.661381e+00  2.846118e+00 -7.304124e-01  2.366407e-01 -3.603462e-01  1.000000e+00
 3.945321e-12 -5.802084e-10 -1.535477e-10 -4.785793e-10 -7.718167e-11  1.685403e-09  2.021442e-10 -1.455681e-09 -1.942780e+00  2.846139e+00 -7.304353e-01  2.366464e-01 -3.603455e-01  1.000000e+00
 2.531833e-11 -2.467860e-10 -1.280074e-10 -4.180670e-10 -1.002787e-10  1.947412e-09  9.270201e-11 -1.467314e-09 -1.942895e+00  2.846139e+00 -7.304353e-01  2.366464e-01 -3.603455e-01  1.000000e+00
-6.092456e-11 -2.946876e-02 -5.243445e-06 -3.518068e-03  3.240630e-11  2.419121e+00 -1.076825e-01  3.310634e-10 -6.829817e-06  6.545527e-01  2.550480e+00  6.806570e-10  1.413090e-09  1.000000e+00
 1.038044e-10  5.118429e-09  2.827497e-10  9.715366e-10  3.434336e-10  2.369695e-09 -2.647622e-08  1.729437e-09  8.178318e+00  2.846107e+00 -7.304002e-01  2.366377e-01 -3.603465e-01  1.000000e+00
-2.858237e-12  1.583034e-01 -1.490330e-03  3.830243e-02 -2.942225e-11  1.042561e-01  2.390412e+00  1.787558e-09 -1.599216e-06 -1.268543e-01 -1.789242e-02 -1.270788e+00 -1.132192e+00  1.000000e+00
-3.297694e-12  1.215784e-01 -1.372259e-04  2.815837e-02 -1.582761e-11  7.400535e-02  1.365690e+00  1.037240e-09 -1.601894e-06 -1.268543e-01 -1.789242e-02 -1.270788e+00 -1.132192e+00  1.000000e+00
-4.531654e-12  9.448159e-02  6.888755e-04  2.151024e-02 -8.361770e-12  5.499978e-02  7.442043e-01  5.914897e-10 -1.603490e-06 -1.268543e-01 -1.789241e-02 -1.270788e+00 -1.132192e+00  1.000000e+00
 1.807699e-11 -1.615994e-01  6.249151e-05 -1.296694e+00 -4.077971e-11 -2.283238e+00 -5.000670e-02  5.336755e-10 -6.829604e-06  6.545527e-01  2.550480e+00 -1.593248e-10 -6.122016e-10  1.000000e+00
 2.188849e-10 -3.927239e+00  1.585292e-04 -1.477526e+00 -6.153472e-11 -2.470707e+00 -7.087725e-02  5.597476e-10 -6.827264e-06  6.545527e-01  2.550480e+00 -1.417381e-10 -7.351644e-10  1.000000e+00
-2.718014e-12  1.574376e-01 -1.499335e-03  3.822429e-02 -2.946255e-11  1.041809e-01  2.392159e+00  1.789372e-09 -1.599211e-06 -1.268543e-01 -1.789242e-02 -1.270788e+00 -1.132192e+00  1.000000e+00
-3.744311e-12  1.629005e-01 -1.460305e-03  3.874145e-02 -2.901291e-11  1.047468e-01  2.384692e+00  1.783032e-09 -1.599229e-06 -1.268543e-01 -1.789242e-02 -1.270788e+00 -1.132192e+00  1.000000e+00
-1.043914e-10  3.096916e-02 -3.387788e-05 -1.598285e-01  1.323525e-10  5.368680e+00 -1.402169e-01  1.906963e-10 -6.830064e-06  6.545527e-01  2.550480e+00  1.213846e-09  2.648932e-09  1.000000e+00
 3.384518e-11 -1.244048e-10 -1.177289e-10 -3.967392e-10 -1.082204e-10  2.039956e-09  5.080513e-11 -1.472401e-09 -1.942940e+00  2.846139e+00 -7.304353e-01  2.366464e-01 -3.603455e-01  1.000000e+00
 1.772877e-10 -2.815342e+00 -2.033079e-03  2.559715e-01 -1.854539e-10  2.816665e-01  2.466640e+00  1.831699e-09 -1.597865e-06 -1.268543e-01 -1.789242e-02 -1.270788e+00 -1.132192e+00  1.000000e+00
 1.843917e-11 -1.678607e-01  6.265656e-05 -1.293696e+00 -4.114216e-11 -2.285200e+00 -5.005629e-02  5.339726e-10 -6.829602e-06  6.545527e-01  2.550480e+00 -1.602669e-10 -6.131361e-10  1.000000e+00
 3.045171e-11 -1.732537e-10 -1.218057e-10 -4.052468e-10 -1.050281e-10  2.003025e-09  6.750881e-11 -1.470379e-09 -1.942922e+00  2.846139e+00 -7.304353e-01  2.366464e-01 -3.603455e-01  1.000000e+00
 6.244307e-11  2.687677e-09  9.615484e-11  3.522748e-10  1.592552e-10  2.101997e-09 -1.496043e-08  3.523489e-10  3.806531e+00  2.846121e+00 -7.304154e-01  2.366414e-01 -3.603461e-01  1.000000e+00
 6.974893e-11 -1.216626e+00  1.901712e-05 -1.312473e+00  1.234724e-12 -2.135890e+00  2.559104e-01  6.977716e-10 -6.122318e-06  5.490324e-01  2.203650e+00 -1.716058e-01 -1.528900e-01  1.000000e+00
 5.448407e-11  2.093155e-10 -9.322294e-11 -3.352186e-10 -1.321506e-10  2.306581e-09 -5.684914e-11 -1.483160e-09 -1.943052e+00  2.846139e+00 -7.304353e-01  2.366464e-01 -3.603455e-01  1.000000e+00
-3.052430e-11 -7.001022e-02  1.172764e-05  9.474822e-02 -3.080935e-11  6.153059e-01 -8.746835e-02  4.101615e-10 -6.829818e-06  6.545527e-01  2.550480e+00  3.613982e-10  6.577226e-10  1.000000e+00
 2.138617e-10 -3.445938e+00 -2.112676e-03  3.045001e-01 -2.160277e-10  3.218247e-01  2.476289e+00  1.841420e-09 -1.597612e-06 -1.268543e-01 -1.789242e-02 -1.270788e+00 -1.132192e+00  1.000000e+00
 1.183709e-11 -3.966150e-02 -1.603992e-03  4.896720e-02 -4.312417e-11  1.120460e-01  2.410000e+00  1.795180e-09 -1.599072e-06 -1.268543e-01 -1.789242e-02 -1.270788e+00 -1.132192e+00  1.000000e+00
-3.664607e-11 -6.134700e-02  6.806529e-06  6.950069e-02 -1.542407e-11  1.112929e+00 -9.290496e-02  3.824217e-10 -6.829895e-06  6.545527e-01  2.550480e+00  4.480645e-10  8.652263e-10  1.000000e+00
 1.692313e-10 -3.000480e+00  1.346483e-04 -1.427137e+00 -5.626663e-11 -2.409529e+00 -6.592594e-02  5.526396e-10 -6.827840e-06  6.545527e-01  2.550480e+00 -1.431625e-10 -6.983248e-10  1.000000e+00
-2.821673e-12  1.028304e-01  4.278366e-04  2.348619e-02 -9.816012e-12  6.056908e-02  9.240712e-01  7.146130e-10 -1.603054e-06 -1.268543e-01 -1.789241e-02 -1.270788e+00 -1.132192e+00  1.000000e+00
-4.052158e-12  1.304839e-01 -4.065348e-04  3.042102e-02 -1.903667e-11  8.055907e-02  1.582409e+00  1.198032e-09 -1.601314e-06 -1.268543e-01 -1.789242e-02 -1.270788e+00 -1.132192e+00  1.000000e+00
 1.956018e-11 -1.764914e-01  6.355763e-05 -1.309443e+00 -4.173548e-11 -2.328283e+00 -4.958719e-02  5.360249e-10 -6.829598e-06  6.545527e-01  2.550480e+00 -1.686505e-10 -6.320725e-10  1.000000e+00
-2.870321e-11 -7.210429e-02  1.171596e-05  9.691567e-02 -3.277011e-11  5.989177e-01 -8.718767e-02  4.068624e-10 -6.829870e-06  6.545527e-01  2.550480e+00  3.577572e-10  6.503848e-10  1.000000e+00
 5.287169e-13 -2.397439e-02  3.990163e-03 -7.326128e-03  3.166923e-11 -2.720202e-02 -1.937323e+00 -1.356949e-09 -1.610493e-06 -1.268543e-01 -1.789241e-02 -1.270788e+00 -1.132192e+00  1.000000e+00
 4.051980e-11 -5.287311e-01 -1.671409e-03  8.613304e-02 -6.738720e-11  1.426818e-01  2.418507e+00  1.802288e-09 -1.598869e-06 -1.268543e-01 -1.789242e-02 -1.270788e+00 -1.132192e+00  1.000000e+00
-1.808323e-11 -8.675715e-02  1.912370e-05  1.366161e-01 -5.746298e-11 -1.634818e-01 -7.878124e-02  4.461252e-10 -6.829794e-06  6.545527e-01  2.550480e+00  2.242709e-10  3.320321e-10  1.000000e+00
-7.857118e-12 -1.550324e-01  6.078450e-05 -2.197938e+00  6.178813e-11 -7.261504e-01 -6.504953e-02  4.648635e-10 -6.829478e-06  6.545527e-01  2.550480e+00  1.074009e-10  8.356138e-12  1.000000e+00
 9.682260e-11 -1.725347e+00  2.894741e-05 -1.339005e+00  4.678405e-13 -2.162017e+00  2.674574e-01  7.089843e-10 -6.089696e-06  5.442081e-01  2.187793e+00 -1.794516e-01 -1.598800e-01  1.000000e+00
-1.300646e-12 -1.304166e-01  4.324771e-05 -7.891728e-01 -3.409259e-11 -1.134949e+00 -6.479308e-02  4.858145e-10 -6.829670e-06  6.545527e-01  2.550480e+00  4.581571e-11 -1.109007e-10  1.000000e+00
 4.767032e-11  9.527407e-11 -1.012724e-10 -3.565558e-10 -1.237525e-10  2.214110e-09 -2.066762e-11 -1.479766e-09 -1.943015e+00  2.846139e+00 -7.304353e-01  2.366464e-01 -3.603455e-01  1.000000e+00
-7.318642e-11 -1.196975e-02 -1.523011e-05 -5.456970e-02  6.357110e-11  3.425805e+00 -1.186621e-01  2.749476e-10 -6.829981e-06  6.545527e-01  2.550480e+00  8.575603e-10  1.833683e-09  1.000000e+00
 4.958447e-11  1.188601e-10 -9.892268e-11 -3.527415e-10 -1.250532e-10  2.230597e-09 -2.938384e-11 -1.481061e-09 -1.943025e+00  2.846139e+00 -7.304353e-01  2.366464e-01 -3.603455e-01  1.000000e+00
-1.027256e-10  2.885013e-02 -3.289340e-05 -1.542368e-01  1.290257e-10  5.262531e+00 -1.390188e-01  1.963480e-10 -6.830063e-06  6.545527e-01  2.550480e+00  1.197018e-09  2.604887e-09  1.000000e+00
 2.708119e-11  5.939902e-10 -6.394734e-11 -1.834804e-10  9.630542e-13  1.867110e-09 -5.039163e-09 -8.341720e-10  3.871097e-02  2.846132e+00 -7.304285e-01  2.366447e-01 -3.603457e-01  1.000000e+00
 8.160049e-12  2.787151e-02 -6.518733e-05  6.701332e+00 -4.956550e-10 -1.796051e+00 -8.075082e-02  5.321606e-10 -6.830687e-06  6.545527e-01  2.550480e+00 -1.533132e-11 -1.095023e-10  1.000000e+00
-5.275128e-11 -4.047136e-02 -3.926647e-07  2.394719e-02  1.489488e-11  1.908543e+00 -1.019883e-01  3.545639e-10 -6.829802e-06  6.545527e-01  2.550480e+00  5.904187e-10  1.199348e-09  1.000000e+00
-1.395378e-10  2.614056e+00 -1.524518e-04 -1.088773e+00  7.283996e-11 -1.723412e+00  6.023570e-01  8.335734e-10 -5.387422e-06  4.389371e-01  1.841783e+00 -3.506518e-01 -3.124086e-01  1.000000e+00
 4.266343e-11  1.539416e-11 -1.072285e-10 -3.711979e-10 -1.180818e-10  2.150647e-09  5.266902e-12 -1.477111e-09 -1.942988e+00  2.846139e+00 -7.304353e-01  2.366464e-01 -3.603455e-01  1.000000e+00
 2.702628e-11 -2.248516e-10 -1.259402e-10 -4.144995e-10 -1.016001e-10  1.963055e-09  8.472799e-11 -1.468444e-09 -1.942904e+00  2.846139e+00 -7.304353e-01  2.366464e-01 -3.603455e-01  1.000000e+00
 6.145091e-01  1.196168e-11  3.567002e-11  1.643999e-11 -3.465438e-01  1.657482e-10  2.533144e-09 -2.895147e+00  1.310693e-08  3.407650e-02 -8.745358e-03 -1.345253e-01 -9.613260e-01  2.000000e+00
 4.804059e-13 -2.404783e-02  3.997543e-03 -7.355476e-03  3.153965e-11 -2.729805e-02 -1.940802e+00 -1.359473e-09 -1.610502e-06 -1.268543e-01 -1.789241e-02 -1.270788e+00 -1.132192e+00  2.000000e+00
-4.647219e-01 -9.323128e-12 -2.018235e-11 -2.165272e-11 -7.345912e-01  2.826832e-10  1.634440e-10  3.576471e-01  1.210034e-08  3.407650e-02 -8.745359e-03 -1.345253e-01 -9.613260e-01  2.000000e+00
-8.967587e-12 -2.319121e-02 -1.528734e+00 -6.164542e-03 -3.688443e-11 -1.994933e-02 -1.075468e+00 -1.704412e-10 -5.634705e-07  1.954180e-01 -7.075735e-02 -1.694376e+00  4.626566e-01  2.000000e+00
-1.572263e+00 -7.400920e-11 -2.340308e-11 -9.416466e-12 -5.352421e-01  2.673127e-10 -1.839647e-11  6.152293e-01  1.201753e-08  3.407650e-02 -8.745359e-03 -1.345253e-01 -9.613260e-01  2.000000e+00
-2.399575e+00 -1.360702e-10 -4.286103e-11  4.152234e-11  2.942724e-01  2.372098e-10 -5.237873e-11  7.047927e-01  1.195649e-08  3.407650e-02 -8.745359e-03 -1.345253e-01 -9.613260e-01  2.000000e+00
 4.312247e-13 -2.416182e-02  4.007009e-03 -7.397120e-03  3.135983e-11 -2.743173e-02 -1.945583e+00 -1.362925e-09 -1.610514e-06 -1.268543e-01 -1.789241e-02 -1.270788e+00 -1.132192e+00  2.000000e+00
 1.412947e+00  7.755430e-11  6.089420e-12 -1.714520e-11 -7.631245e-01  2.383501e-10  1.522586e-09 -1.515298e+00  1.268465e-08  3.407650e-02 -8.745359e-03 -1.345253e-01 -9.613260e-01  2.000000e+00
 1.374275e+00  6.986511e-11  1.031337e-11 -1.109166e-11 -6.957413e-01  2.243279e-10  1.751039e-09 -1.827659e+00  1.278146e-08  3.407650e-02 -8.745359e-03 -1.345253e-01 -9.613260e-01  2.000000e+00
-3.508233e-12  7.888171e-02  1.143984e-03  1.764066e-02 -2.961895e-12  4.389093e-02  3.796236e-01  3.228925e-10 -1.604462e-06 -1.268543e-01 -1.789241e-02 -1.270788e+00 -1.132192e+00  2.000000e+00
-1.984830e-14  5.761843e-02  1.688505e-03  1.240787e-02  6.043883e-12  2.890860e-02 -1.110196e-01 -4.053521e-11 -1.605765e-06 -1.268543e-01 -1.789241e-02 -1.270788e+00 -1.132192e+00  2.000000e+00
-1.374131e-12  1.505387e-01 -1.541154e-03  3.756105e-02 -3.011718e-11  1.034278e-01  2.400096e+00  1.795250e-09 -1.599194e-06 -1.268543e-01 -1.789242e-02 -1.270788e+00 -1.132192e+00  2.000000e+00
-1.824964e+00 -8.821235e-11 -2.412787e-11 -6.549289e-12 -4.893307e-01  2.641469e-10 -6.048157e-11  6.751217e-01  1.199809e-08  3.407650e-02 -8.745359e-03 -1.345253e-01 -9.613260e-01  2.000000e+00
 9.325336e-01  6.868568e-11 -1.221091e-11 -3.270867e-11 -9.149426e-01  2.853822e-10  5.726159e-10 -2.122535e-01  1.227992e-08  3.407650e-02 -8.745359e-03 -1.345253e-01 -9.613260e-01  2.000000e+00
-4.392153e-10  8.179594e+00 -3.246518e-04 -7.902486e-01  1.254142e-10 -1.303606e+00  7.603973e-01  8.539401e-10 -5.101684e-06  3.957562e-01  1.699853e+00 -4.208762e-01 -3.749742e-01  2.000000e+00
 6.384445e-11 -9.430565e-01 -1.711187e-03  1.190628e-01 -8.625000e-11  1.701973e-01  2.422593e+00  1.809655e-09 -1.598718e-06 -1.268543e-01 -1.789242e-02 -1.270788e+00 -1.132192e+00  2.000000e+00
-1.146172e+00 -4.856795e-11 -2.201819e-11 -1.403387e-11 -6.116585e-01  2.736940e-10  5.167188e-11  5.163414e-01  1.204908e-08  3.407650e-02 -8.745359e-03 -1.345253e-01 -9.613260e-01  2.000000e+00
-2.273693e+00 -1.171579e-10 -3.278661e-11  8.066347e-12 -2.532143e-01  2.525812e-10 -6.028758e-11  6.923540e-01  1.198455e-08  3.407650e-02 -8.745359e-03 -1.345253e-01 -9.613260e-01  2.000000e+00
 3.188982e+00  2.456390e-10 -7.777868e-11 -1.146513e-10 -1.937203e+00  4.560801e-10 -1.697499e-09  2.883728e+00  1.133319e-08  3.407650e-02 -8.745360e-03 -1.345253e-01 -9.613260e-01  2.000000e+00
-2.144550e-12  9.810862e-02  5.669554e-04  2.228042e-02 -7.991837e-12  5.707002e-02  8.081776e-01  6.278072e-10 -1.603367e-06 -1.268543e-01 -1.789241e-02 -1.270788e+00 -1.132192e+00  2.000000e+00
-1.585210e-02  1.614582e-11 -1.861669e-11 -2.608296e-11 -8.047718e-01  2.864373e-10  2.586768e-10  2.238147e-01  1.214301e-08  3.407650e-02 -8.745359e-03 -1.345253e-01 -9.613260e-01  2.000000e+00
 2.664606e+00 -1.004509e-12 -7.365896e-11  4.056725e-10  6.291884e+00  1.522169e-10 -3.235699e-11  7.963662e-01  1.162373e-08  3.407650e-02 -8.745359e-03 -1.345253e-01 -9.613260e-01  2.000000e+00
-2.677362e-12  2.362877e-02  2.788235e-03  3.999252e-03  1.383274e-11  4.797609e-03 -9.014593e-01 -6.057700e-10 -1.607791e-06 -1.268543e-01 -1.789241e-02 -1.270788e+00 -1.132192e+00  2.000000e+00
-1.708762e-12  1.856016e-02 -3.399786e+00  4.300042e-03 -1.470935e-10  1.366305e-02  7.187082e-01  1.754214e-09  6.393983e-07  5.649956e-01 -1.313822e-01 -2.180141e+00  2.291608e+00  2.000000e+00
 1.155413e+00  5.172822e-11  1.861227e-11 -1.917207e-12 -5.816856e-01  2.046026e-10  2.027136e-09 -2.204885e+00  1.289689e-08  3.407650e-02 -8.745359e-03 -1.345253e-01 -9.613260e-01  2.000000e+00
 5.082406e-01  3.752280e-12  3.942720e-11  2.052541e-11 -2.955776e-01  1.573222e-10  2.650603e-09 -3.055527e+00  1.315586e-08  3.407650e-02 -8.745358e-03 -1.345253e-01 -9.613260e-01  2.000000e+00
-4.790263e-01 -1.027327e-11 -2.018506e-11 -2.143423e-11 -7.307650e-01  2.821669e-10  1.637764e-10  3.572963e-01  1.210042e-08  3.407650e-02 -8.745359e-03 -1.345253e-01 -9.613260e-01  2.000000e+00
 2.316998e+00  1.470698e-10 -1.523314e-12 -4.239016e-11 -1.068579e+00  2.818413e-10  1.031084e-09 -8.483329e-01  1.247883e-08  3.407650e-02 -8.745359e-03 -1.345253e-01 -9.613260e-01  2.000000e+00
-4.981106e-12  1.459089e-04  3.218659e+00  1.645590e-04 -6.422293e-11  3.754751e-04  1.844444e-02  1.129863e-09  1.726442e-07  4.216663e-01 -1.078707e-01 -1.991752e+00  1.582306e+00  2.000000e+00
 1.926326e-13 -2.480190e-02  4.066220e-03 -7.628698e-03  3.047887e-11 -2.817340e-02 -1.972060e+00 -1.382317e-09 -1.610580e-06 -1.268543e-01 -1.789241e-02 -1.270788e+00 -1.132192e+00  2.000000e+00
 2.271816e-12  4.272256e-02 -4.473531e+00  1.037077e-02 -2.106400e-10  3.317829e-02  1.761137e+00  2.873176e-09  1.338485e-06  7.797886e-01 -1.666164e-01 -2.462460e+00  3.354567e+00  2.000000e+00
 1.614385e+00  1.061928e-10 -6.680865e-12 -3.668744e-11 -9.835191e-01  2.821324e-10  8.307465e-10 -5.698774e-01  1.239181e-08  3.407650e-02 -8.745359e-03 -1.345253e-01 -9.613260e-01  2.000000e+00
-7.489792e-01 -2.691583e-11 -2.113229e-11 -1.855867e-11 -6.821860e-01  2.776478e-10  1.204713e-10  4.181733e-01  1.208117e-08  3.407650e-02 -8.745359e-03 -1.345253e-01 -9.613260e-01  2.000000e+00
 1.684550e+00  1.020575e-10  5.803597e-13 -2.861319e-11 -8.976179e-01  2.609862e-10  1.211577e-09 -1.091373e+00  1.255356e-08  3.407650e-02 -8.745359e-03 -1.345253e-01 -9.613260e-01  2.000000e+00
 2.222510e+00 -1.296809e-11 -7.119505e-11  3.740217e-10  5.769333e+00  1.596847e-10 -3.383066e-11  7.883937e-01  1.165285e-08  3.407650e-02 -8.745359e-03 -1.345253e-01 -9.613260e-01  2.000000e+00
-1.387554e+00 -1.092541e-10 -4.923904e-11  1.144203e-10  1.493641e+00  2.202722e-10 -4.813419e-11  7.231098e-01  1.189007e-08  3.407650e-02 -8.745359e-03 -1.345253e-01 -9.613260e-01  2.000000e+00
-3.970265e-10  7.284400e+00 -3.968543e-04 -7.746381e-01  1.802124e-10 -1.107313e+00  1.185458e+00  1.087238e-09 -4.124604e-06  2.499172e-01  1.220501e+00 -6.580516e-01 -5.862825e-01  2.000000e+00
-4.966678e-11 -2.039561e-03 -3.079385e+00  4.817614e-04 -8.629475e-11  2.871180e-03  2.054824e-01  1.242402e-09  3.129073e-07  4.647287e-01 -1.149346e-01 -2.048352e+00  1.795411e+00  2.000000e+00
-1.377803e+00 -6.304003e-11 -2.285281e-11 -1.160224e-11 -5.702131e-01  2.697000e-10  1.436533e-11  5.686553e-01  1.203263e-08  3.407650e-02 -8.745359e-03 -1.345253e-01 -9.613260e-01  2.000000e+00
 1.869669e-12 -4.642175e-02  4.586805e-03 -1.275939e-02  3.882839e-11 -4.265628e-02 -2.440504e+00 -1.721736e-09 -1.611802e-06 -1.268543e-01 -1.789241e-02 -1.270788e+00 -1.132192e+00  2.000000e+00
-1.866790e+00 -9.053322e-11 -2.424347e-11 -6.056774e-12 -4.813449e-01  2.635908e-10 -6.720017e-11  6.847117e-01  1.199495e-08  3.407650e-02 -8.745359e-03 -1.345253e-01 -9.613260e-01  2.000000e+00
-2.214426e-12  1.826127e-02  2.905570e-03  2.766549e-03  1.602422e-11  1.363944e-03 -1.011210e+00 -6.849543e-10 -1.608076e-06 -1.268543e-01 -1.789241e-02 -1.270788e+00 -1.132192e+00  2.000000e+00
-4.904034e-12  1.454766e-04  3.213247e+00  1.643437e-04 -6.420548e-11  3.752005e-04  1.844030e-02  1.129725e-09  1.726448e-07  4.216663e-01 -1.078707e-01 -1.991752e+00  1.582306e+00  2.000000e+00
-8.589733e-01 -3.223889e-11 -2.122259e-11 -1.722845e-11 -6.627471e-01  2.771676e-10  1.006291e-10  4.468356e-01  1.207156e-08  3.407650e-02 -8.745359e-03 -1.345253e-01 -9.613260e-01  2.000000e+00
-1.693946e+00 -8.083694e-11 -2.375437e-11 -8.032498e-12 -5.130687e-01  2.657784e-10 -3.858058e-11  6.439580e-01  1.200820e-08  3.407650e-02 -8.745359e-03 -1.345253e-01 -9.613260e-01  2.000000e+00
 8.473828e-13 -3.364680e-02  4.283430e-03 -9.733377e-03  3.381827e-11 -3.412070e-02 -2.164600e+00 -1.521861e-09 -1.611082e-06 -1.268543e-01 -1.789241e-02 -1.270788e+00 -1.132192e+00  2.000000e+00
 9.082456e-01 -4.809074e-11 -6.331395e-11  2.795502e-10  4.212535e+00  1.817892e-10 -3.891165e-11  7.646223e-01  1.173927e-08  3.407650e-02 -8.745359e-03 -1.345253e-01 -9.613260e-01  2.000000e+00
 1.347551e+00  6.797040e-11  1.114132e-11 -1.028883e-11 -6.852022e-01  2.226978e-10  1.771846e-09 -1.856087e+00  1.279007e-08  3.407650e-02 -8.745359e-03 -1.345253e-01 -9.613260e-01  2.000000e+00
 1.898559e+00  1.216317e-10 -3.805102e-12 -3.787973e-11 -1.005879e+00  2.793233e-10  9.578424e-10 -7.455090e-01  1.244656e-08  3.407650e-02 -8.745359e-03 -1.345253e-01 -9.613260e-01  2.000000e+00
 1.273779e+00 -3.852271e-11 -6.576115e-11  3.060072e-10  4.647240e+00  1.756839e-10 -3.718030e-11  7.712699e-01  1.171529e-08  3.407650e-02 -8.745359e-03 -1.345253e-01 -9.613260e-01  2.000000e+00
 3.659622e-13 -2.437618e-02  4.024643e-03 -7.469373e-03  3.110811e-11 -2.765926e-02 -1.953609e+00 -1.368796e-09 -1.610534e-06 -1.268543e-01 -1.789241e-02 -1.270788e+00 -1.132192e+00  2.000000e+00
-5.414636e-12  1.477678e-04  3.241599e+00  1.654751e-04 -6.426125e-11  3.766454e-04  1.846209e-02  1.130438e-09  1.726420e-07  4.216663e-01 -1.078707e-01 -1.991752e+00  1.582306e+00  2.000000e+00
 6.880398e-01 -5.413371e-11 -6.220336e-11  2.638419e-10  3.952471e+00  1.855398e-10 -3.951793e-11  7.606558e-01  1.175383e-08  3.407650e-02 -8.745359e-03 -1.345253e-01 -9.613260e-01  2.000000e+00
-8.223156e-12 -2.525502e-03 -2.352573e+00 -7.993364e-04 -8.849212e-11 -2.512050e-03 -1.352964e-01  8.472129e-10  6.955742e-08  3.899245e-01 -1.026638e-01 -1.950031e+00  1.425223e+00  2.000000e+00
-1.168193e+00 -5.096470e-11 -2.225252e-11 -1.391645e-11 -6.074748e-01  2.723554e-10  4.989753e-11  5.182837e-01  1.204886e-08  3.407650e-02 -8.745359e-03 -1.345253e-01 -9.613260e-01  2.000000e+00
-2.519800e+00 -1.332740e-10 -3.795501e-11  1.661312e-11 -1.151673e-01  2.459266e-10 -5.610726e-11  6.969776e-01  1.197826e-08  3.407650e-02 -8.745359e-03 -1.345253e-01 -9.613260e-01  2.000000e+00
-1.867872e+00 -9.060778e-11 -2.424812e-11 -6.052809e-12 -4.813245e-01  2.635917e-10 -6.749073e-11  6.851109e-01  1.199483e-08  3.407650e-02 -8.745359e-03 -1.345253e-01 -9.613260e-01  2.000000e+00
 2.062293e+00  1.286225e-10 -3.616388e-13 -3.648911e-11 -9.958138e-01  2.725649e-10  1.118735e-09 -9.666933e-01  1.251526e-08  3.407650e-02 -8.745359e-03 -1.345253e-01 -9.613260e-01  2.000000e+00
-1.953261e+00 -1.242826e-10 -4.569860e-11  7.372391e-11  8.241931e-01  2.297136e-10 -5.048534e-11  7.128915e-01  1.192716e-08  3.407650e-02 -8.745359e-03 -1.345253e-01 -9.613260e-01  2.000000e+00
-2.817455e+00 -1.527698e-10 -4.420662e-11  2.695557e-11  5.185043e-02  2.378948e-10 -5.105376e-11  7.025705e-01  1.197064e-08  3.407650e-02 -8.745359e-03 -1.345253e-01 -9.613260e-01  2.000000e+00
-4.842361e-12  1.452420e-04  3.210407e+00  1.642297e-04 -6.420253e-11  3.750546e-04  1.843810e-02  1.129653e-09  1.726450e-07  4.216663e-01 -1.078707e-01 -1.991752e+00  1.582306e+00  2.000000e+00
-8.734179e-12 -1.852736e-02 -1.713929e+00 -4.955549e-03 -4.853942e-11 -1.602188e-02 -8.637873e-01  5.863797e-11 -4.209645e-07  2.392049e-01 -7.794007e-02 -1.751929e+00  6.793475e-01  2.000000e+00
 7.394402e-01  8.283231e-11 -5.102961e-11 -6.272566e-11 -1.251983e+00  3.672877e-10 -9.123060e-10  1.823275e+00  1.165254e-08  3.407650e-02 -8.745360e-03 -1.345253e-01 -9.613260e-01  2.000000e+00
-2.870643e+00 -1.485147e-10 -3.988772e-11  7.496455e-12 -2.661929e-01  2.451633e-10 -5.436148e-11  6.962205e-01  1.198751e-08  3.407650e-02 -8.745359e-03 -1.345253e-01 -9.613260e-01  2.000000e+00
-2.653311e+00 -1.420194e-10 -4.076725e-11  2.125413e-11 -4.023407e-02  2.423258e-10 -5.383470e-11  6.994867e-01  1.197485e-08  3.407650e-02 -8.745359e-03 -1.345253e-01 -9.613260e-01  2.000000e+00
-2.650158e+00 -1.418007e-10 -4.068977e-11  2.113498e-11 -4.213792e-02  2.424092e-10 -5.389633e-11  6.994246e-01  1.197492e-08  3.407650e-02 -8.745359e-03 -1.345253e-01 -9.613260e-01  2.000000e+00
-2.669623e+00 -1.430964e-10 -4.110892e-11  2.182737e-11 -3.097672e-02  2.418852e-10 -5.355934e-11  6.997953e-01  1.197443e-08  3.407650e-02 -8.745359e-03 -1.345253e-01 -9.613260e-01  2.000000e+00
-9.613278e-01 -9.791390e-11 -5.193057e-11  1.450151e-10  1.996239e+00  2.132203e-10 -4.634772e-11  7.307709e-01  1.186221e-08  3.407650e-02 -8.745359e-03 -1.345253e-01 -9.613260e-01  2.000000e+00
 3.393242e-01  3.605956e-11 -1.687856e-11 -2.912640e-11 -8.537285e-01  2.878560e-10  3.529932e-10  9.213618e-02  1.218464e-08  3.407650e-02 -8.745359e-03 -1.345253e-01 -9.613260e-01  2.000000e+00
-3.637639e-01 -8.207740e-11 -5.568395e-11  1.880840e-10  2.705117e+00  2.031949e-10 -4.384808e-11  7.416011e-01  1.182295e-08  3.407650e-02 -8.745359e-03 -1.345253e-01 -9.613260e-01  2.000000e+00
-5.781728e-12 -4.419909e-04  1.572289e+00 -6.091269e-05 -7.165993e-11 -2.777703e-04 -1.587215e-02  1.058670e-09  1.497597e-07  4.146152e-01 -1.067141e-01 -1.982484e+00  1.547411e+00  2.000000e+00
-3.602761e-11 -1.327469e-02 -2.386719e+00 -2.823656e-03 -5.932193e-11 -8.282199e-03 -4.128694e-01  5.643514e-10 -1.081082e-07  3.353555e-01 -9.371243e-02 -1.878307e+00  1.155174e+00  3.000000e+00
 4.129677e-01 -2.852515e-12  4.252080e-11  2.372656e-11 -2.553378e-01  1.512013e-10  2.735261e-09 -3.171148e+00  1.319093e-08  3.407650e-02 -8.745358e-03 -1.345253e-01 -9.613260e-01  3.000000e+00
-5.284108e-12  1.472152e-04  3.234765e+00  1.652024e-04 -6.424839e-11  3.762971e-04  1.845684e-02  1.130265e-09  1.726427e-07  4.216663e-01 -1.078707e-01 -1.991752e+00  1.582306e+00  3.000000e+00
-8.049394e-12 -1.870735e-03 -1.817047e+00 -5.898910e-04 -8.688357e-11 -1.841498e-03 -9.870707e-02  8.987269e-10  9.432960e-08  3.975434e-01 -1.039136e-01 -1.960045e+00  1.462927e+00  3.000000e+00
 2.792892e-12 -5.877311e-02  4.889864e-03 -1.570308e-02  4.341811e-11 -5.097955e-02 -2.710109e+00 -1.917094e-09 -1.612505e-06 -1.268543e-01 -1.789241e-02 -1.270788e+00 -1.132192e+00  3.000000e+00
-1.177830e-12 -1.984235e-04  3.402190e-03 -1.687601e-03  2.237085e-11 -1.129017e-02 -1.422793e+00 -9.837416e-10 -1.609149e-06 -1.268543e-01 -1.789241e-02 -1.270788e+00 -1.132192e+00  3.000000e+00
-3.065882e-12  3.178381e-02  2.557533e-03  5.992366e-03  1.116968e-11  1.048779e-02 -7.155976e-01 -4.706450e-10 -1.607306e-06 -1.268543e-01 -1.789241e-02 -1.270788e+00 -1.132192e+00  3.000000e+00
 5.690832e-01  7.213282e-12  3.826852e-11  1.943035e-11 -3.118960e-01  1.597468e-10  2.632034e-09 -3.030403e+00  1.314852e-08  3.407650e-02 -8.745358e-03 -1.345253e-01 -9.613260e-01  3.000000e+00
-6.210436e-12 -6.269402e-04  1.060714e+00 -1.317740e-04 -7.402091e-11 -4.836086e-04 -2.670122e-02  1.036405e-09  1.425332e-07  4.123888e-01 -1.063488e-01 -1.979558e+00  1.536394e+00  3.000000e+00
-7.331850e-12 -1.236145e-03 -6.326060e-01 -3.652650e-04 -8.178976e-11 -1.161142e-03 -6.232475e-02  9.629114e-10  1.187675e-07  4.050666e-01 -1.051477e-01 -1.969934e+00  1.500158e+00  3.000000e+00
-7.517904e-12 -2.234506e-03 -1.363710e+00 -6.817788e-04 -8.378354e-11 -2.179376e-03 -1.179773e-01  8.862118e-10  8.106505e-08  3.934719e-01 -1.032457e-01 -1.954694e+00  1.442778e+00  3.000000e+00
-5.578960e-12  9.800815e-02  5.999742e-04  2.238625e-02 -1.007243e-11  5.751621e-02  8.268374e-01  6.554234e-10 -1.603254e-06 -1.268543e-01 -1.789241e-02 -1.270788e+00 -1.132192e+00  3.000000e+00
 5.507933e-01  6.359659e-12  3.857429e-11  1.966413e-11 -3.081700e-01  1.593512e-10  2.633138e-09 -3.031877e+00  1.314883e-08  3.407650e-02 -8.745358e-03 -1.345253e-01 -9.613260e-01  3.000000e+00
-5.133979e-12  1.464831e-04  3.225690e+00  1.648404e-04 -6.422198e-11  3.758349e-04  1.844987e-02  1.130034e-09  1.726436e-07  4.216663e-01 -1.078707e-01 -1.991752e+00  1.582306e+00  3.000000e+00
-2.344550e-12  1.556306e-01 -1.507602e-03  3.804693e-02 -2.966330e-11  1.039698e-01  2.393701e+00  1.790141e-09 -1.599209e-06 -1.268543e-01 -1.789242e-02 -1.270788e+00 -1.132192e+00  3.000000e+00
-3.598248e-12  1.620164e-01 -1.469542e-03  3.866171e-02 -2.905289e-11  1.046702e-01  2.386484e+00  1.784892e-09 -1.599224e-06 -1.268543e-01 -1.789242e-02 -1.270788e+00 -1.132192e+00  3.000000e+00
-1.712650e+00 -8.188741e-11 -2.381245e-11 -7.822750e-12 -5.097357e-01  2.655455e-10 -4.168765e-11  6.483804e-01  1.200676e-08  3.407650e-02 -8.745359e-03 -1.345253e-01 -9.613260e-01  3.000000e+00
-8.085674e-12 -1.316438e-02 -1.950344e+00 -3.595619e-03 -6.246349e-11 -1.163596e-02 -6.288620e-01  3.113724e-10 -2.632295e-07  2.876693e-01 -8.589008e-02 -1.815629e+00  9.191863e-01  3.000000e+00
 2.682544e-12 -5.525119e-02  4.780114e-03 -1.482543e-02  4.264762e-11 -4.845598e-02 -2.627180e+00 -1.856874e-09 -1.612290e-06 -1.268543e-01 -1.789241e-02 -1.270788e+00 -1.132192e+00  3.000000e+00
-5.384097e-12  1.476690e-04  3.240380e+00  1.654264e-04 -6.424973e-11  3.765832e-04  1.846115e-02  1.130410e-09  1.726421e-07  4.216663e-01 -1.078707e-01 -1.991752e+00  1.582306e+00  3.000000e+00
 4.777287e+00  3.898072e-10 -1.512004e-10 -1.967493e-10 -2.935844e+00  6.391863e-10 -4.376872e-09  6.544052e+00  1.021027e-08  3.407650e-02 -8.745361e-03 -1.345253e-01 -9.613260e-01  3.000000e+00
 2.924277e+00  2.534732e-10 -1.116477e-10 -1.409810e-10 -2.228963e+00  5.292897e-10 -3.040535e-09  4.724873e+00  1.076514e-08  3.407650e-02 -8.745360e-03 -1.345253e-01 -9.613260e-01  3.000000e+00
-8.589018e-01 -3.040193e-11 -2.097366e-11 -1.700670e-11 -6.626913e-01  2.787525e-10  9.814638e-11  4.513018e-01  1.206946e-08  3.407650e-02 -8.745359e-03 -1.345253e-01 -9.613260e-01  3.000000e+00
 4.495499e-13 -2.414836e-02  4.004786e-03 -7.390757e-03  3.138594e-11 -2.741027e-02 -1.944790e+00 -1.362333e-09 -1.610512e-06 -1.268543e-01 -1.789241e-02 -1.270788e+00 -1.132192e+00  3.000000e+00
-1.006960e-11 -3.709017e-02 -9.630693e-01 -9.744708e-03 -1.824529e-12 -3.155610e-02 -1.699989e+00 -8.452771e-10 -9.836062e-07  6.632694e-02 -4.958150e-02 -1.524702e+00 -1.761843e-01  3.000000e+00
-3.299373e-12  3.860606e-02  2.350873e-03  7.690943e-03  9.109555e-12  1.537086e-02 -5.551511e-01 -3.537612e-10 -1.606886e-06 -1.268543e-01 -1.789241e-02 -1.270788e+00 -1.132192e+00  3.000000e+00
 1.581059e+00  1.040261e-10 -6.164654e-12 -3.584360e-11 -9.713309e-01  2.802090e-10  8.452621e-10 -5.893342e-01  1.239761e-08  3.407650e-02 -8.745359e-03 -1.345253e-01 -9.613260e-01  3.000000e+00
 5.897609e-11 -8.822438e-01 -1.679612e-03  1.163707e-01 -8.097209e-11  1.684744e-01  2.417358e+00  1.810566e-09 -1.598770e-06 -1.268543e-01 -1.789242e-02 -1.270788e+00 -1.132192e+00  3.000000e+00
 1.768808e-12 -4.123906e-02  4.417132e-03 -1.145344e-02  3.788984e-11 -3.888596e-02 -2.316182e+00 -1.631412e-09 -1.611480e-06 -1.268543e-01 -1.789241e-02 -1.270788e+00 -1.132192e+00  3.000000e+00
-7.757338e-12 -7.545408e-03 -2.179212e+00 -2.144896e-03 -7.662066e-11 -6.929468e-03 -3.754837e-01  5.852595e-10 -9.273632e-08  3.400553e-01 -9.448337e-02 -1.884484e+00  1.178432e+00  3.000000e+00
 9.405793e-01  3.447190e-11  2.624614e-11  6.520186e-12 -4.755492e-01  1.862323e-10  2.276256e-09 -2.545026e+00  1.300087e-08  3.407650e-02 -8.745358e-03 -1.345253e-01 -9.613260e-01  3.000000e+00
 6.002675e-13 -2.385128e-02  3.979039e-03 -7.279638e-03  3.186751e-11 -2.705170e-02 -1.931921e+00 -1.353038e-09 -1.610480e-06 -1.268543e-01 -1.789241e-02 -1.270788e+00 -1.132192e+00  3.000000e+00
-5.425801e-12  1.478037e-04  3.242046e+00  1.654929e-04 -6.426716e-11  3.766681e-04  1.846243e-02  1.130445e-09  1.726420e-07  4.216663e-01 -1.078707e-01 -1.991752e+00  1.582306e+00  3.000000e+00
 5.679337e-13 -2.391727e-02  3.984706e-03 -7.304300e-03  3.176004e-11 -2.713127e-02 -1.934776e+00 -1.355098e-09 -1.610487e-06 -1.268543e-01 -1.789241e-02 -1.270788e+00 -1.132192e+00  3.000000e+00
-7.659997e-12 -3.730166e-03 -2.329869e+00 -1.151548e-03 -8.610069e-11 -3.697949e-03 -2.011086e-01  7.741375e-10  2.471255e-08  3.761432e-01 -1.004032e-01 -1.931918e+00  1.357023e+00  3.000000e+00
 9.777932e-01  3.719397e-11  2.515485e-11  5.339898e-12 -4.910339e-01  1.888727e-10  2.244070e-09 -2.501158e+00  1.298752e-08  3.407650e-02 -8.745359e-03 -1.345253e-01 -9.613260e-01  3.000000e+00
-6.406207e-13 -4.084271e-03  3.472291e-03 -2.553437e-03  2.466642e-11 -1.367192e-02 -1.498065e+00 -1.038357e-09 -1.609348e-06 -1.268543e-01 -1.789241e-02 -1.270788e+00 -1.132192e+00  3.000000e+00
-5.775088e-13 -1.177524e-02  3.720836e-03 -4.495821e-03  2.609428e-11 -1.928436e-02 -1.683261e+00 -1.172808e-09 -1.609828e-06 -1.268543e-01 -1.789241e-02 -1.270788e+00 -1.132192e+00  3.000000e+00
-3.644155e-12  7.669659e-02  1.216302e-03  1.708171e-02 -2.354553e-12  4.226814e-02  3.258565e-01  2.838839e-10 -1.604601e-06 -1.268543e-01 -1.789241e-02 -1.270788e+00 -1.132192e+00  3.000000e+00
-1.761642e-11 -2.483937e-02 -1.591594e+00 -6.343453e-03 -3.181449e-11 -2.026846e-02 -1.081734e+00 -1.711235e-10 -5.646725e-07  1.950560e-01 -7.069797e-02 -1.693900e+00  4.608652e-01  3.000000e+00
 3.712342e-01 -7.386311e-12  4.442024e-11  2.610103e-11 -2.261653e-01  1.454739e-10  2.816108e-09 -3.281399e+00  1.322490e-08  3.407650e-02 -8.745358e-03 -1.345253e-01 -9.613260e-01  3.000000e+00
 1.125015e+00  7.915497e-11 -1.048121e-11 -3.369027e-11 -9.322750e-01  2.839773e-10  6.513918e-10 -3.212403e-01  1.231395e-08  3.407650e-02 -8.745359e-03 -1.345253e-01 -9.613260e-01  3.000000e+00
 1.940033e-12 -4.563866e-02  4.549208e-03 -1.254154e-02  3.896678e-11 -4.200600e-02 -2.418471e+00 -1.705663e-09 -1.611746e-06 -1.268543e-01 -1.789241e-02 -1.270788e+00 -1.132192e+00  3.000000e+00
-3.948052e-12  5.643745e-02  1.827701e-03  1.209213e-02  3.469754e-12  2.798262e-02 -1.418930e-01 -5.301251e-11 -1.605806e-06 -1.268543e-01 -1.789241e-02 -1.270788e+00 -1.132192e+00  3.000000e+00
-3.886064e-12  7.365125e-02  1.309731e-03  1.634035e-02 -1.600575e-12  4.015506e-02  2.569365e-01  2.350947e-10 -1.604775e-06 -1.268543e-01 -1.789241e-02 -1.270788e+00 -1.132192e+00  3.000000e+00
-3.557317e-12  1.619397e-01 -1.466585e-03  3.864970e-02 -2.909809e-11  1.046442e-01  2.385888e+00  1.783977e-09 -1.599227e-06 -1.268543e-01 -1.789242e-02 -1.270788e+00 -1.132192e+00  3.000000e+00
-3.276611e-12  1.604928e-01 -1.475689e-03  3.851105e-02 -2.923094e-11  1.044880e-01  2.387619e+00  1.785304e-09 -1.599223e-06 -1.268543e-01 -1.789242e-02 -1.270788e+00 -1.132192e+00  3.000000e+00
-5.273469e-12  1.471776e-04  3.234307e+00  1.651840e-04 -6.424570e-11  3.762736e-04  1.845648e-02  1.130251e-09  1.726427e-07  4.216663e-01 -1.078707e-01 -1.991752e+00  1.582306e+00  3.000000e+00
