 0.000000e+00  0.000000e+00  0.000000e+00  0.000000e+00  0.000000e+00  0.000000e+00  0.000000e+00  0.000000e+00  0.000000e+00  0.000000e+00  0.000000e+00 -1.542126e+00  0.000000e+00  1.000000e+00
-3.669728e-13  6.055852e-14  4.569108e-13 -5.407561e-13  4.457553e-13  4.207018e-14  2.274110e-13 -4.206671e-13 -2.674836e-13  1.756579e-13 -5.623784e-13 -1.542126e+00 -2.588812e-14  1.000000e+00
-2.178977e+00 -4.579397e-01  2.668137e+00  3.897466e+00  6.172398e-01  2.348048e+00 -6.143869e-01 -3.637569e+00 -4.303772e-01 -1.625018e+00  6.422377e-02  1.133936e+00  1.542990e+00  1.000000e+00
-2.736206e-01 -1.090041e-01  1.887813e-01  1.426946e-01  1.499845e-01 -1.277542e-01 -1.268890e-01 -2.180212e-01  1.474632e-01 -3.302928e-01 -5.561940e-01 -1.287318e+00  3.599325e-02  1.000000e+00
-5.023190e-01 -4.870561e-01 -1.898438e-01  2.841452e-01 -5.165960e-03 -1.394556e+00 -9.455810e-01  4.938870e-01  1.123907e+00 -1.255559e+00 -2.296966e+00  1.072807e+00 -3.335749e-01  1.000000e+00
-2.736206e-01 -1.090041e-01  1.887813e-01  1.426946e-01  1.499845e-01 -1.277542e-01 -1.268890e-01 -2.180212e-01  1.474632e-01 -3.302928e-01 -5.561940e-01 -1.287318e+00  3.599325e-02  1.000000e+00
-6.195070e-01  4.256540e-03  5.447185e-01 -1.852685e-01  3.434116e-01 -1.679749e-01 -7.850221e-02 -1.570541e-01  5.629248e-02 -1.253913e-01 -9.372052e-01 -2.022637e+00 -4.883025e-02  1.000000e+00
-6.195070e-01  4.256540e-03  5.447185e-01 -1.852685e-01  3.434116e-01 -1.679749e-01 -7.850221e-02 -1.570541e-01  5.629248e-02 -1.253913e-01 -9.372052e-01 -2.022637e+00 -4.883025e-02  1.000000e+00
-3.707800e-13  6.072356e-14  4.611056e-13 -5.457508e-13  4.502945e-13  4.215119e-14  2.293927e-13 -4.258123e-13 -2.699567e-13  1.766155e-13 -5.685058e-13 -1.542126e+00 -2.591416e-14  1.000000e+00
-3.727820e-13  6.067949e-14  4.636457e-13 -5.493772e-13  4.532887e-13  4.157837e-14  2.304111e-13 -4.284725e-13 -2.708149e-13  1.768035e-13 -5.736496e-13 -1.542126e+00 -2.635245e-14  1.000000e+00
-2.736206e-01 -1.090041e-01  1.887813e-01  1.426946e-01  1.499845e-01 -1.277542e-01 -1.268890e-01 -2.180212e-01  1.474632e-01 -3.302928e-01 -5.561940e-01 -1.287318e+00  3.599325e-02  1.000000e+00
-6.195070e-01  4.256540e-03  5.447185e-01 -1.852685e-01  3.434116e-01 -1.679749e-01 -7.850221e-02 -1.570541e-01  5.629248e-02 -1.253913e-01 -9.372052e-01 -2.022637e+00 -4.883025e-02  1.000000e+00
-6.195070e-01  4.256540e-03  5.447185e-01 -1.852685e-01  3.434116e-01 -1.679749e-01 -7.850221e-02 -1.570541e-01  5.629248e-02 -1.253913e-01 -9.372052e-01 -2.022637e+00 -4.883025e-02  1.000000e+00
-3.199058e-11 -2.240208e-11 -3.252822e-11  8.814958e-11 -5.750693e-11 -1.043840e-10 -1.028868e-10  1.347702e-10  1.216546e-10 -9.295511e-11 -1.069067e-10 -1.542126e+00 -2.602967e-11  1.000000e+00
-2.736206e-01 -1.090041e-01  1.887813e-01  1.426946e-01  1.499845e-01 -1.277542e-01 -1.268890e-01 -2.180212e-01  1.474632e-01 -3.302928e-01 -5.561940e-01 -1.287318e+00  3.599325e-02  1.000000e+00
-6.195070e-01  4.256540e-03  5.447185e-01 -1.852685e-01  3.434116e-01 -1.679749e-01 -7.850221e-02 -1.570541e-01  5.629248e-02 -1.253913e-01 -9.372052e-01 -2.022637e+00 -4.883025e-02  1.000000e+00
-6.195070e-01  4.256540e-03  5.447185e-01 -1.852685e-01  3.434116e-01 -1.679749e-01 -7.850221e-02 -1.570541e-01  5.629248e-02 -1.253913e-01 -9.372052e-01 -2.022637e+00 -4.883025e-02  1.000000e+00
-9.995068e-14 -2.994922e-13 -7.370556e-13  1.958958e-12 -1.207397e-12 -1.099147e-12 -1.487089e-12  2.026693e-12  1.765116e-12 -1.373625e-12 -4.733836e-13 -1.542126e+00 -1.611580e-13  1.000000e+00
-2.736206e-01 -1.090041e-01  1.887813e-01  1.426946e-01  1.499845e-01 -1.277542e-01 -1.268890e-01 -2.180212e-01  1.474632e-01 -3.302928e-01 -5.561940e-01 -1.287318e+00  3.599325e-02  1.000000e+00
 1.981803e+00 -8.188666e-01 -2.109036e+00  9.593923e-01  5.959292e-02 -1.218525e-01  8.572648e-01 -1.378293e+00  8.945128e-01 -2.415188e+00  8.066919e-01 -4.240566e-01  9.342281e-01  1.000000e+00
-5.023190e-01 -4.870561e-01 -1.898438e-01  2.841452e-01 -5.165960e-03 -1.394556e+00 -9.455810e-01  4.938870e-01  1.123907e+00 -1.255559e+00 -2.296966e+00  1.072807e+00 -3.335749e-01  1.000000e+00
-5.023190e-01 -4.870561e-01 -1.898438e-01  2.841452e-01 -5.165960e-03 -1.394556e+00 -9.455810e-01  4.938870e-01  1.123907e+00 -1.255559e+00 -2.296966e+00  1.072807e+00 -3.335749e-01  1.000000e+00
-7.831500e-13  6.739250e-13  6.575632e-12 -2.258207e-11  1.450716e-11  4.358693e-12  1.290970e-11 -2.085541e-11 -1.404330e-11  8.576711e-12 -7.791090e-12 -1.542126e+00 -1.723657e-14  1.000000e+00
 3.212169e-13  6.166559e-13  7.888695e-12 -2.149831e-11  1.671963e-11  9.670996e-12  1.671624e-11 -2.857545e-11 -1.745973e-11  8.468587e-12 -2.907709e-12 -1.542126e+00  2.912355e-12  1.000000e+00
 1.981803e+00 -8.188666e-01 -2.109036e+00  9.593923e-01  5.959292e-02 -1.218525e-01  8.572648e-01 -1.378293e+00  8.945128e-01 -2.415188e+00  8.066919e-01 -4.240566e-01  9.342281e-01  1.000000e+00
 1.981803e+00 -8.188666e-01 -2.109036e+00  9.593923e-01  5.959292e-02 -1.218525e-01  8.572648e-01 -1.378293e+00  8.945128e-01 -2.415188e+00  8.066919e-01 -4.240566e-01  9.342281e-01  1.000000e+00
-2.178977e+00 -4.579397e-01  2.668137e+00  3.897466e+00  6.172398e-01  2.348048e+00 -6.143869e-01 -3.637569e+00 -4.303772e-01 -1.625018e+00  6.422377e-02  1.133936e+00  1.542990e+00  1.000000e+00
-6.195070e-01  4.256540e-03  5.447185e-01 -1.852685e-01  3.434116e-01 -1.679749e-01 -7.850221e-02 -1.570541e-01  5.629248e-02 -1.253913e-01 -9.372052e-01 -2.022637e+00 -4.883025e-02  1.000000e+00
-5.695805e-02  3.753467e-01 -7.575070e-02  2.208102e+00 -1.408525e+00  9.771463e-02 -1.017181e+00  2.995834e+00  1.296391e+00 -1.545182e-01  1.455777e+00 -7.379466e-02  2.751414e-02  1.000000e+00
-8.046277e-13  7.228133e-13  7.039648e-12 -2.428918e-11  1.558910e-11  4.693982e-12  1.389304e-11 -2.242935e-11 -1.511074e-11  9.232736e-12 -8.335393e-12 -1.542126e+00 -1.769366e-14  1.000000e+00
-6.195070e-01  4.256540e-03  5.447185e-01 -1.852685e-01  3.434116e-01 -1.679749e-01 -7.850221e-02 -1.570541e-01  5.629248e-02 -1.253913e-01 -9.372052e-01 -2.022637e+00 -4.883025e-02  1.000000e+00
-2.736206e-01 -1.090041e-01  1.887813e-01  1.426946e-01  1.499845e-01 -1.277542e-01 -1.268890e-01 -2.180212e-01  1.474632e-01 -3.302928e-01 -5.561940e-01 -1.287318e+00  3.599325e-02  1.000000e+00
 2.376983e+00 -1.183526e+00  3.958166e-01  3.454603e-02  9.563432e-01  7.235765e-01 -9.907773e-01 -1.247773e-01 -7.327367e-01  1.189148e+00 -4.989871e-01  2.151142e+00 -7.286145e-01  1.000000e+00
-6.195070e-01  4.256540e-03  5.447185e-01 -1.852685e-01  3.434116e-01 -1.679749e-01 -7.850221e-02 -1.570541e-01  5.629248e-02 -1.253913e-01 -9.372052e-01 -2.022637e+00 -4.883025e-02  1.000000e+00
 4.687606e-13 -8.333629e-14 -5.976732e-13  8.666307e-13 -6.437068e-13 -2.392521e-14 -3.489783e-13  5.915284e-13  3.987699e-13 -2.827457e-13  8.117098e-13 -1.542126e+00  6.331647e-14  1.000000e+00
-5.695805e-02  3.753467e-01 -7.575070e-02  2.208102e+00 -1.408525e+00  9.771463e-02 -1.017181e+00  2.995834e+00  1.296391e+00 -1.545182e-01  1.455777e+00 -7.379466e-02  2.751414e-02  1.000000e+00
-5.695805e-02  3.753467e-01 -7.575070e-02  2.208102e+00 -1.408525e+00  9.771463e-02 -1.017181e+00  2.995834e+00  1.296391e+00 -1.545182e-01  1.455777e+00 -7.379466e-02  2.751414e-02  1.000000e+00
 5.506907e-13 -9.915582e-14 -7.061727e-13  1.034194e-12 -7.649587e-13 -3.087423e-14 -4.185437e-13  7.059297e-13  4.779603e-13 -3.397206e-13  9.571010e-13 -1.542126e+00  7.512574e-14  1.000000e+00
 5.314463e-14  6.420650e-13  7.686114e-12 -2.216330e-11  1.645034e-11  8.485390e-12  1.604362e-11 -2.711101e-11 -1.690012e-11  8.650643e-12 -4.200712e-12 -1.542126e+00  2.214257e-12  1.000000e+00
-5.023190e-01 -4.870561e-01 -1.898438e-01  2.841452e-01 -5.165960e-03 -1.394556e+00 -9.455810e-01  4.938870e-01  1.123907e+00 -1.255559e+00 -2.296966e+00  1.072807e+00 -3.335749e-01  1.000000e+00
-5.023190e-01 -4.870561e-01 -1.898438e-01  2.841452e-01 -5.165960e-03 -1.394556e+00 -9.455810e-01  4.938870e-01  1.123907e+00 -1.255559e+00 -2.296966e+00  1.072807e+00 -3.335749e-01  1.000000e+00
-8.248094e-13  7.759547e-13  7.534862e-12 -2.612585e-11  1.674967e-11  5.053138e-12  1.494965e-11 -2.411667e-11 -1.625790e-11  9.940101e-12 -8.916079e-12 -1.542126e+00 -1.956833e-14  1.000000e+00
 5.323374e-13 -9.544897e-14 -6.810614e-13  9.949706e-13 -7.365898e-13 -2.840938e-14 -4.017381e-13  6.781481e-13  4.586220e-13 -3.259962e-13  9.244216e-13 -1.542126e+00  7.264788e-14  1.000000e+00
 6.623815e-01 -1.396231e+00  1.133355e+00  5.549591e-01  2.255115e+00 -9.948756e-02 -5.864117e-01  1.433923e+00 -1.968607e-01 -5.070570e-01  1.236488e-01 -6.263979e-01  1.008503e+00  1.000000e+00
-5.695805e-02  3.753467e-01 -7.575070e-02  2.208102e+00 -1.408525e+00  9.771463e-02 -1.017181e+00  2.995834e+00  1.296391e+00 -1.545182e-01  1.455777e+00 -7.379466e-02  2.751414e-02  1.000000e+00
 2.669903e-13 -4.630266e-14 -3.382047e-13  4.761088e-13 -3.589650e-13 -1.512467e-14 -1.920555e-13  3.307812e-13  2.203550e-13 -1.540645e-13  4.547815e-13 -1.542126e+00  3.345190e-14  1.000000e+00
 1.057685e-14 -9.627854e-16 -1.099923e-14 -5.820741e-15 -3.237281e-15 -4.196314e-15  1.109470e-15  4.840009e-15 -4.448006e-17  2.621069e-15  4.952837e-15 -1.542126e+00 -2.810923e-15  1.000000e+00
 2.376983e+00 -1.183526e+00  3.958166e-01  3.454603e-02  9.563432e-01  7.235765e-01 -9.907773e-01 -1.247773e-01 -7.327367e-01  1.189148e+00 -4.989871e-01  2.151142e+00 -7.286145e-01  1.000000e+00
-5.535490e-14  9.714102e-15  6.974763e-14 -9.835735e-14  7.432004e-14  3.543940e-15  4.018756e-14 -6.915529e-14 -4.599853e-14  3.237932e-14 -9.308556e-14 -1.542126e+00 -6.695877e-15  1.000000e+00
-6.195070e-01  4.256540e-03  5.447185e-01 -1.852685e-01  3.434116e-01 -1.679749e-01 -7.850221e-02 -1.570541e-01  5.629248e-02 -1.253913e-01 -9.372052e-01 -2.022637e+00 -4.883025e-02  1.000000e+00
-3.101158e-11 -2.172369e-11 -3.155293e-11  8.550440e-11 -5.577932e-11 -1.012140e-10 -9.977479e-11  1.306963e-10  1.179751e-10 -9.014429e-11 -1.036395e-10 -1.542126e+00 -2.523574e-11  1.000000e+00
-6.195070e-01  4.256540e-03  5.447185e-01 -1.852685e-01  3.434116e-01 -1.679749e-01 -7.850221e-02 -1.570541e-01  5.629248e-02 -1.253913e-01 -9.372052e-01 -2.022637e+00 -4.883025e-02  1.000000e+00
-2.178977e+00 -4.579397e-01  2.668137e+00  3.897466e+00  6.172398e-01  2.348048e+00 -6.143869e-01 -3.637569e+00 -4.303772e-01 -1.625018e+00  6.422377e-02  1.133936e+00  1.542990e+00  1.000000e+00
-6.195070e-01  4.256540e-03  5.447185e-01 -1.852685e-01  3.434116e-01 -1.679749e-01 -7.850221e-02 -1.570541e-01  5.629248e-02 -1.253913e-01 -9.372052e-01 -2.022637e+00 -4.883025e-02  1.000000e+00
-2.207947e-14  3.837400e-15  2.793493e-14 -3.958219e-14  2.971702e-14  1.215065e-15  1.595207e-14 -2.743733e-14 -1.828384e-14  1.279869e-14 -3.756287e-14 -1.542126e+00 -2.745469e-15  1.000000e+00
 3.928132e-14 -2.565313e-13 -7.303612e-13  1.760962e-12 -1.112696e-12 -8.702702e-13 -1.258219e-12  1.743908e-12  1.489509e-12 -1.152080e-12 -1.671004e-13 -1.542126e+00 -1.104925e-13  1.000000e+00
 2.376983e+00 -1.183526e+00  3.958166e-01  3.454603e-02  9.563432e-01  7.235765e-01 -9.907773e-01 -1.247773e-01 -7.327367e-01  1.189148e+00 -4.989871e-01  2.151142e+00 -7.286145e-01  1.000000e+00
-6.195070e-01  4.256540e-03  5.447185e-01 -1.852685e-01  3.434116e-01 -1.679749e-01 -7.850221e-02 -1.570541e-01  5.629248e-02 -1.253913e-01 -9.372052e-01 -2.022637e+00 -4.883025e-02  1.000000e+00
-6.195070e-01  4.256540e-03  5.447185e-01 -1.852685e-01  3.434116e-01 -1.679749e-01 -7.850221e-02 -1.570541e-01  5.629248e-02 -1.253913e-01 -9.372052e-01 -2.022637e+00 -4.883025e-02  1.000000e+00
 2.354356e-01 -8.771326e-01  3.886789e-01 -2.829507e-01 -1.162749e+00 -4.321330e-01 -1.701647e+00 -3.604242e-01 -1.840835e+00 -9.775648e-01  3.357019e-01 -3.484014e-01 -1.234099e+00  2.000000e+00
 6.623815e-01 -1.396231e+00  1.133355e+00  5.549591e-01  2.255115e+00 -9.948756e-02 -5.864117e-01  1.433923e+00 -1.968607e-01 -5.070570e-01  1.236488e-01 -6.263979e-01  1.008503e+00  2.000000e+00
-1.967140e+00 -7.603442e-01 -7.165186e-01 -4.206860e-01  2.544652e-01  2.058702e-01  6.740393e-01  3.232247e-01  6.023954e-02 -1.065003e+00  8.768766e-01  4.479658e-01 -6.100720e-01  2.000000e+00
-5.234037e-03  7.358477e-01  7.524831e-01  1.342994e+00  3.277603e-01 -3.419569e-02  6.734151e-01 -1.671601e-02 -5.397143e-01  4.867094e-01  3.184122e-01  3.426618e-01 -1.144237e+00  2.000000e+00
-1.967140e+00 -7.603442e-01 -7.165186e-01 -4.206860e-01  2.544652e-01  2.058702e-01  6.740393e-01  3.232247e-01  6.023954e-02 -1.065003e+00  8.768766e-01  4.479658e-01 -6.100720e-01  2.000000e+00
 1.077283e+00  1.196922e+00  9.613646e-01 -1.569607e-02  8.066250e-01 -3.279051e+00  1.601207e+00 -6.511346e-01 -3.339140e-01 -1.050242e+00  4.940749e-01  3.537670e-01 -4.323903e-01  2.000000e+00
 6.623815e-01 -1.396231e+00  1.133355e+00  5.549591e-01  2.255115e+00 -9.948756e-02 -5.864117e-01  1.433923e+00 -1.968607e-01 -5.070570e-01  1.236488e-01 -6.263979e-01  1.008503e+00  2.000000e+00
 2.354356e-01 -8.771326e-01  3.886789e-01 -2.829507e-01 -1.162749e+00 -4.321330e-01 -1.701647e+00 -3.604242e-01 -1.840835e+00 -9.775648e-01  3.357019e-01 -3.484014e-01 -1.234099e+00  2.000000e+00
 2.354356e-01 -8.771326e-01  3.886789e-01 -2.829507e-01 -1.162749e+00 -4.321330e-01 -1.701647e+00 -3.604242e-01 -1.840835e+00 -9.775648e-01  3.357019e-01 -3.484014e-01 -1.234099e+00  2.000000e+00
-5.023190e-01 -4.870561e-01 -1.898438e-01  2.841452e-01 -5.165960e-03 -1.394556e+00 -9.455810e-01  4.938870e-01  1.123907e+00 -1.255559e+00 -2.296966e+00  1.072807e+00 -3.335749e-01  2.000000e+00
-5.023190e-01 -4.870561e-01 -1.898438e-01  2.841452e-01 -5.165960e-03 -1.394556e+00 -9.455810e-01  4.938870e-01  1.123907e+00 -1.255559e+00 -2.296966e+00  1.072807e+00 -3.335749e-01  2.000000e+00
-5.695805e-02  3.753467e-01 -7.575070e-02  2.208102e+00 -1.408525e+00  9.771463e-02 -1.017181e+00  2.995834e+00  1.296391e+00 -1.545182e-01  1.455777e+00 -7.379466e-02  2.751414e-02  2.000000e+00
-1.967140e+00 -7.603442e-01 -7.165186e-01 -4.206860e-01  2.544652e-01  2.058702e-01  6.740393e-01  3.232247e-01  6.023954e-02 -1.065003e+00  8.768766e-01  4.479658e-01 -6.100720e-01  2.000000e+00
-6.781534e-01 -8.301718e-02  5.743847e-01 -8.416226e-01  5.725084e-01  8.682160e-01  7.184043e-01  3.977051e-01  7.498242e-01 -1.251234e+00  5.218047e-01  2.964913e-01 -1.399152e+00  2.000000e+00
 2.376983e+00 -1.183526e+00  3.958166e-01  3.454603e-02  9.563432e-01  7.235765e-01 -9.907773e-01 -1.247773e-01 -7.327367e-01  1.189148e+00 -4.989871e-01  2.151142e+00 -7.286145e-01  2.000000e+00
-5.695805e-02  3.753467e-01 -7.575070e-02  2.208102e+00 -1.408525e+00  9.771463e-02 -1.017181e+00  2.995834e+00  1.296391e+00 -1.545182e-01  1.455777e+00 -7.379466e-02  2.751414e-02  2.000000e+00
-1.967140e+00 -7.603442e-01 -7.165186e-01 -4.206860e-01  2.544652e-01  2.058702e-01  6.740393e-01  3.232247e-01  6.023954e-02 -1.065003e+00  8.768766e-01  4.479658e-01 -6.100720e-01  2.000000e+00
 1.088472e+00 -1.627814e+00 -5.369172e-01 -1.517027e+00 -2.600649e-01  1.804189e+00  3.871868e-01  5.001033e-01 -2.191886e-01 -6.533912e-01  6.162030e-02  3.461837e-02  5.389077e-01  2.000000e+00
 1.099038e-01 -8.438894e-01  3.486564e-01 -3.086832e-01 -1.041066e+00 -3.588426e-01 -1.515096e+00 -3.045402e-01 -1.668232e+00 -9.910128e-01  3.651772e-01 -2.917977e-01 -1.213647e+00  2.000000e+00
-5.023190e-01 -4.870561e-01 -1.898438e-01  2.841452e-01 -5.165960e-03 -1.394556e+00 -9.455810e-01  4.938870e-01  1.123907e+00 -1.255559e+00 -2.296966e+00  1.072807e+00 -3.335749e-01  2.000000e+00
-1.376857e+00 -4.501668e-01 -1.253580e-01 -6.134511e-01  4.001110e-01  5.091871e-01  6.943560e-01  3.573325e-01  3.760303e-01 -1.150286e+00  7.142737e-01  3.785990e-01 -9.714260e-01  2.000000e+00
-1.357814e+00 -1.466302e+00 -9.568017e-02 -1.403492e+00  1.854130e+00 -1.460364e+00 -1.695427e+00 -1.326005e+00  1.710174e+00  1.886983e+00  1.916298e+00  5.215682e-01  2.992364e-01  2.000000e+00
-1.183824e+00  9.795590e-01  6.636255e-01 -1.496965e+00 -3.098027e-02 -2.489176e-01  1.304008e+00  1.718311e+00 -2.944392e+00 -1.092073e+00 -4.279325e-01  1.398803e+00  2.939487e+00  2.000000e+00
-5.234037e-03  7.358477e-01  7.524831e-01  1.342994e+00  3.277603e-01 -3.419569e-02  6.734151e-01 -1.671601e-02 -5.397143e-01  4.867094e-01  3.184122e-01  3.426618e-01 -1.144237e+00  2.000000e+00
 2.354356e-01 -8.771326e-01  3.886789e-01 -2.829507e-01 -1.162749e+00 -4.321330e-01 -1.701647e+00 -3.604242e-01 -1.840835e+00 -9.775648e-01  3.357019e-01 -3.484014e-01 -1.234099e+00  2.000000e+00
 2.354356e-01 -8.771326e-01  3.886789e-01 -2.829507e-01 -1.162749e+00 -4.321330e-01 -1.701647e+00 -3.604242e-01 -1.840835e+00 -9.775648e-01  3.357019e-01 -3.484014e-01 -1.234099e+00  2.000000e+00
-1.967140e+00 -7.603442e-01 -7.165186e-01 -4.206860e-01  2.544652e-01  2.058702e-01  6.740393e-01  3.232247e-01  6.023954e-02 -1.065003e+00  8.768766e-01  4.479658e-01 -6.100720e-01  2.000000e+00
 1.062651e+00  8.317274e-01  2.317777e+00 -1.410106e+00  1.002033e+00  1.762728e+00  7.783201e-01  4.982924e-01  1.681123e+00 -1.502743e+00  4.227251e-02  9.192178e-02 -2.464822e+00  2.000000e+00
-3.019013e-01  3.704901e-01 -2.078903e+00  9.621534e-01  1.998072e+00  3.306614e-01  2.134386e-02  4.365824e-01 -1.358746e+00  2.140563e-01 -4.771216e-01 -1.958264e-01 -1.351224e+00  2.000000e+00
 6.623815e-01 -1.396231e+00  1.133355e+00  5.549591e-01  2.255115e+00 -9.948756e-02 -5.864117e-01  1.433923e+00 -1.968607e-01 -5.070570e-01  1.236488e-01 -6.263979e-01  1.008503e+00  2.000000e+00
-5.234037e-03  7.358477e-01  7.524831e-01  1.342994e+00  3.277603e-01 -3.419569e-02  6.734151e-01 -1.671601e-02 -5.397143e-01  4.867094e-01  3.184122e-01  3.426618e-01 -1.144237e+00  2.000000e+00
 6.844799e-01  6.330089e-01  1.939044e+00 -1.286609e+00  9.087230e-01  1.568405e+00  7.653041e-01  4.764409e-01  1.478808e+00 -1.448106e+00  1.464458e-01  1.363623e-01 -2.233316e+00  2.000000e+00
-1.967140e+00 -7.603442e-01 -7.165186e-01 -4.206860e-01  2.544652e-01  2.058702e-01  6.740393e-01  3.232247e-01  6.023954e-02 -1.065003e+00  8.768766e-01  4.479658e-01 -6.100720e-01  2.000000e+00
 1.062651e+00  8.317274e-01  2.317777e+00 -1.410106e+00  1.002033e+00  1.762728e+00  7.783201e-01  4.982924e-01  1.681123e+00 -1.502743e+00  4.227251e-02  9.192178e-02 -2.464822e+00  2.000000e+00
-1.357814e+00 -1.466302e+00 -9.568017e-02 -1.403492e+00  1.854130e+00 -1.460364e+00 -1.695427e+00 -1.326005e+00  1.710174e+00  1.886983e+00  1.916298e+00  5.215682e-01  2.992364e-01  2.000000e+00
 1.077283e+00  1.196922e+00  9.613646e-01 -1.569607e-02  8.066250e-01 -3.279051e+00  1.601207e+00 -6.511346e-01 -3.339140e-01 -1.050242e+00  4.940749e-01  3.537670e-01 -4.323903e-01  2.000000e+00
 2.376983e+00 -1.183526e+00  3.958166e-01  3.454603e-02  9.563432e-01  7.235765e-01 -9.907773e-01 -1.247773e-01 -7.327367e-01  1.189148e+00 -4.989871e-01  2.151142e+00 -7.286145e-01  2.000000e+00
-5.234037e-03  7.358477e-01  7.524831e-01  1.342994e+00  3.277603e-01 -3.419569e-02  6.734151e-01 -1.671601e-02 -5.397143e-01  4.867094e-01  3.184122e-01  3.426618e-01 -1.144237e+00  2.000000e+00
-1.967140e+00 -7.603442e-01 -7.165186e-01 -4.206860e-01  2.544652e-01  2.058702e-01  6.740393e-01  3.232247e-01  6.023954e-02 -1.065003e+00  8.768766e-01  4.479658e-01 -6.100720e-01  2.000000e+00
 8.840441e-02 -1.775080e+00  8.708218e-01  6.683481e-01 -2.936193e-01 -1.808316e+00  1.251154e+00  4.767062e-01 -6.222367e-01  2.139914e-01  2.156151e+00 -3.020868e-01 -6.028391e-01  2.000000e+00
-1.967140e+00 -7.603442e-01 -7.165186e-01 -4.206860e-01  2.544652e-01  2.058702e-01  6.740393e-01  3.232247e-01  6.023954e-02 -1.065003e+00  8.768766e-01  4.479658e-01 -6.100720e-01  2.000000e+00
-1.183824e+00  9.795590e-01  6.636255e-01 -1.496965e+00 -3.098027e-02 -2.489176e-01  1.304008e+00  1.718311e+00 -2.944392e+00 -1.092073e+00 -4.279325e-01  1.398803e+00  2.939487e+00  2.000000e+00
-3.019013e-01  3.704901e-01 -2.078903e+00  9.621534e-01  1.998072e+00  3.306614e-01  2.134386e-02  4.365824e-01 -1.358746e+00  2.140563e-01 -4.771216e-01 -1.958264e-01 -1.351224e+00  2.000000e+00
-1.967140e+00 -7.603442e-01 -7.165186e-01 -4.206860e-01  2.544652e-01  2.058702e-01  6.740393e-01  3.232247e-01  6.023954e-02 -1.065003e+00  8.768766e-01  4.479658e-01 -6.100720e-01  2.000000e+00
-1.967140e+00 -7.603442e-01 -7.165186e-01 -4.206860e-01  2.544652e-01  2.058702e-01  6.740393e-01  3.232247e-01  6.023954e-02 -1.065003e+00  8.768766e-01  4.479658e-01 -6.100720e-01  2.000000e+00
 6.623815e-01 -1.396231e+00  1.133355e+00  5.549591e-01  2.255115e+00 -9.948756e-02 -5.864117e-01  1.433923e+00 -1.968607e-01 -5.070570e-01  1.236488e-01 -6.263979e-01  1.008503e+00  2.000000e+00
-1.357814e+00 -1.466302e+00 -9.568017e-02 -1.403492e+00  1.854130e+00 -1.460364e+00 -1.695427e+00 -1.326005e+00  1.710174e+00  1.886983e+00  1.916298e+00  5.215682e-01  2.992364e-01  2.000000e+00
 2.354356e-01 -8.771326e-01  3.886789e-01 -2.829507e-01 -1.162749e+00 -4.321330e-01 -1.701647e+00 -3.604242e-01 -1.840835e+00 -9.775648e-01  3.357019e-01 -3.484014e-01 -1.234099e+00  2.000000e+00
 1.062651e+00  8.317274e-01  2.317777e+00 -1.410106e+00  1.002033e+00  1.762728e+00  7.783201e-01  4.982924e-01  1.681123e+00 -1.502743e+00  4.227251e-02  9.192178e-02 -2.464822e+00  2.000000e+00
-1.357814e+00 -1.466302e+00 -9.568017e-02 -1.403492e+00  1.854130e+00 -1.460364e+00 -1.695427e+00 -1.326005e+00  1.710174e+00  1.886983e+00  1.916298e+00  5.215682e-01  2.992364e-01  2.000000e+00
 6.623815e-01 -1.396231e+00  1.133355e+00  5.549591e-01  2.255115e+00 -9.948756e-02 -5.864117e-01  1.433923e+00 -1.968607e-01 -5.070570e-01  1.236488e-01 -6.263979e-01  1.008503e+00  2.000000e+00
-3.019013e-01  3.704901e-01 -2.078903e+00  9.621534e-01  1.998072e+00  3.306614e-01  2.134386e-02  4.365824e-01 -1.358746e+00  2.140563e-01 -4.771216e-01 -1.958264e-01 -1.351224e+00  2.000000e+00
-1.357814e+00 -1.466302e+00 -9.568017e-02 -1.403492e+00  1.854130e+00 -1.460364e+00 -1.695427e+00 -1.326005e+00  1.710174e+00  1.886983e+00  1.916298e+00  5.215682e-01  2.992364e-01  2.000000e+00
 3.061243e-01  3.736175e+00 -4.877598e-01 -1.094829e+00  1.393495e+00  9.371350e-02 -3.294089e+00 -2.461393e-01 -4.021618e-02 -1.800197e+00  2.109596e+00  4.692413e-02  8.220036e-01  2.000000e+00
-1.967140e+00 -7.603442e-01 -7.165186e-01 -4.206860e-01  2.544652e-01  2.058702e-01  6.740393e-01  3.232247e-01  6.023954e-02 -1.065003e+00  8.768766e-01  4.479658e-01 -6.100720e-01  2.000000e+00
 1.088472e+00 -1.627814e+00 -5.369172e-01 -1.517027e+00 -2.600649e-01  1.804189e+00  3.871868e-01  5.001033e-01 -2.191886e-01 -6.533912e-01  6.162030e-02  3.461837e-02  5.389077e-01  2.000000e+00
-1.967140e+00 -7.603442e-01 -7.165186e-01 -4.206860e-01  2.544652e-01  2.058702e-01  6.740393e-01  3.232247e-01  6.023954e-02 -1.065003e+00  8.768766e-01  4.479658e-01 -6.100720e-01  2.000000e+00
 1.062651e+00  8.317274e-01  2.317777e+00 -1.410106e+00  1.002033e+00  1.762728e+00  7.783201e-01  4.982924e-01  1.681123e+00 -1.502743e+00  4.227251e-02  9.192178e-02 -2.464822e+00  2.000000e+00
 1.077283e+00  1.196922e+00  9.613646e-01 -1.569607e-02  8.066250e-01 -3.279051e+00  1.601207e+00 -6.511346e-01 -3.339140e-01 -1.050242e+00  4.940749e-01  3.537670e-01 -4.323903e-01  2.000000e+00
 1.088472e+00 -1.627814e+00 -5.369172e-01 -1.517027e+00 -2.600649e-01  1.804189e+00  3.871868e-01  5.001033e-01 -2.191886e-01 -6.533912e-01  6.162030e-02  3.461837e-02  5.389077e-01  2.000000e+00
-3.019013e-01  3.704901e-01 -2.078903e+00  9.621534e-01  1.998072e+00  3.306614e-01  2.134386e-02  4.365824e-01 -1.358746e+00  2.140563e-01 -4.771216e-01 -1.958264e-01 -1.351224e+00  2.000000e+00
-5.234037e-03  7.358477e-01  7.524831e-01  1.342994e+00  3.277603e-01 -3.419569e-02  6.734151e-01 -1.671601e-02 -5.397143e-01  4.867094e-01  3.184122e-01  3.426618e-01 -1.144237e+00  2.000000e+00
-8.860693e-01 -5.801368e-01  3.111674e-02 -5.128455e-01 -7.562954e-02  2.226457e-01 -3.499635e-02  1.388447e-01 -2.987918e-01 -1.097709e+00  5.990351e-01  1.572974e-01 -1.051385e+00  2.000000e+00
 1.077283e+00  1.196922e+00  9.613646e-01 -1.569607e-02  8.066250e-01 -3.279051e+00  1.601207e+00 -6.511346e-01 -3.339140e-01 -1.050242e+00  4.940749e-01  3.537670e-01 -4.323903e-01  2.000000e+00
 1.088472e+00 -1.627814e+00 -5.369172e-01 -1.517027e+00 -2.600649e-01  1.804189e+00  3.871868e-01  5.001033e-01 -2.191886e-01 -6.533912e-01  6.162030e-02  3.461837e-02  5.389077e-01  2.000000e+00
 1.088472e+00 -1.627814e+00 -5.369172e-01 -1.517027e+00 -2.600649e-01  1.804189e+00  3.871868e-01  5.001033e-01 -2.191886e-01 -6.533912e-01  6.162030e-02  3.461837e-02  5.389077e-01  2.000000e+00
 1.088472e+00 -1.627814e+00 -5.369172e-01 -1.517027e+00 -2.600649e-01  1.804189e+00  3.871868e-01  5.001033e-01 -2.191886e-01 -6.533912e-01  6.162030e-02  3.461837e-02  5.389077e-01  2.000000e+00
 1.077283e+00  1.196922e+00  9.613646e-01 -1.569607e-02  8.066250e-01 -3.279051e+00  1.601207e+00 -6.511346e-01 -3.339140e-01 -1.050242e+00  4.940749e-01  3.537670e-01 -4.323903e-01  2.000000e+00
-9.795587e-01 -2.413974e-01  2.725312e-01 -7.431945e-01  4.981400e-01  7.133389e-01  7.080304e-01  3.802892e-01  5.885778e-01 -1.207687e+00  6.048315e-01  3.319108e-01 -1.214641e+00  2.000000e+00
 1.077283e+00  1.196922e+00  9.613646e-01 -1.569607e-02  8.066250e-01 -3.279051e+00  1.601207e+00 -6.511346e-01 -3.339140e-01 -1.050242e+00  4.940749e-01  3.537670e-01 -4.323903e-01  2.000000e+00
-3.019013e-01  3.704901e-01 -2.078903e+00  9.621534e-01  1.998072e+00  3.306614e-01  2.134386e-02  4.365824e-01 -1.358746e+00  2.140563e-01 -4.771216e-01 -1.958264e-01 -1.351224e+00  2.000000e+00
-5.234037e-03  7.358477e-01  7.524831e-01  1.342994e+00  3.277603e-01 -3.419569e-02  6.734151e-01 -1.671601e-02 -5.397143e-01  4.867094e-01  3.184122e-01  3.426618e-01 -1.144237e+00  3.000000e+00
 2.354356e-01 -8.771326e-01  3.886789e-01 -2.829507e-01 -1.162749e+00 -4.321330e-01 -1.701647e+00 -3.604242e-01 -1.840835e+00 -9.775648e-01  3.357019e-01 -3.484014e-01 -1.234099e+00  3.000000e+00
-3.019013e-01  3.704901e-01 -2.078903e+00  9.621534e-01  1.998072e+00  3.306614e-01  2.134386e-02  4.365824e-01 -1.358746e+00  2.140563e-01 -4.771216e-01 -1.958264e-01 -1.351224e+00  3.000000e+00
 3.061243e-01  3.736175e+00 -4.877598e-01 -1.094829e+00  1.393495e+00  9.371350e-02 -3.294089e+00 -2.461393e-01 -4.021618e-02 -1.800197e+00  2.109596e+00  4.692413e-02  8.220036e-01  3.000000e+00
 8.840441e-02 -1.775080e+00  8.708218e-01  6.683481e-01 -2.936193e-01 -1.808316e+00  1.251154e+00  4.767062e-01 -6.222367e-01  2.139914e-01  2.156151e+00 -3.020868e-01 -6.028391e-01  3.000000e+00
-1.313530e-01 -3.748138e-01  9.314053e-01 -3.272193e-01  1.272260e+00 -1.637316e-01  2.263314e-01  1.556189e+00 -1.378099e+00 -7.585713e-01 -1.134911e-01  2.442915e-01  1.838686e+00  3.000000e+00
-1.183824e+00  9.795590e-01  6.636255e-01 -1.496965e+00 -3.098027e-02 -2.489176e-01  1.304008e+00  1.718311e+00 -2.944392e+00 -1.092073e+00 -4.279325e-01  1.398803e+00  2.939487e+00  3.000000e+00
 2.354356e-01 -8.771326e-01  3.886789e-01 -2.829507e-01 -1.162749e+00 -4.321330e-01 -1.701647e+00 -3.604242e-01 -1.840835e+00 -9.775648e-01  3.357019e-01 -3.484014e-01 -1.234099e+00  3.000000e+00
-3.019013e-01  3.704901e-01 -2.078903e+00  9.621534e-01  1.998072e+00  3.306614e-01  2.134386e-02  4.365824e-01 -1.358746e+00  2.140563e-01 -4.771216e-01 -1.958264e-01 -1.351224e+00  3.000000e+00
 3.061243e-01  3.736175e+00 -4.877598e-01 -1.094829e+00  1.393495e+00  9.371350e-02 -3.294089e+00 -2.461393e-01 -4.021618e-02 -1.800197e+00  2.109596e+00  4.692413e-02  8.220036e-01  3.000000e+00
 3.061243e-01  3.736175e+00 -4.877598e-01 -1.094829e+00  1.393495e+00  9.371350e-02 -3.294089e+00 -2.461393e-01 -4.021618e-02 -1.800197e+00  2.109596e+00  4.692413e-02  8.220036e-01  3.000000e+00
-5.023190e-01 -4.870561e-01 -1.898438e-01  2.841452e-01 -5.165960e-03 -1.394556e+00 -9.455810e-01  4.938870e-01  1.123907e+00 -1.255559e+00 -2.296966e+00  1.072807e+00 -3.335749e-01  3.000000e+00
 2.354356e-01 -8.771326e-01  3.886789e-01 -2.829507e-01 -1.162749e+00 -4.321330e-01 -1.701647e+00 -3.604242e-01 -1.840835e+00 -9.775648e-01  3.357019e-01 -3.484014e-01 -1.234099e+00  3.000000e+00
-3.019013e-01  3.704901e-01 -2.078903e+00  9.621534e-01  1.998072e+00  3.306614e-01  2.134386e-02  4.365824e-01 -1.358746e+00  2.140563e-01 -4.771216e-01 -1.958264e-01 -1.351224e+00  3.000000e+00
 1.981803e+00 -8.188666e-01 -2.109036e+00  9.593923e-01  5.959292e-02 -1.218525e-01  8.572648e-01 -1.378293e+00  8.945128e-01 -2.415188e+00  8.066919e-01 -4.240566e-01  9.342281e-01  3.000000e+00
 1.981803e+00 -8.188666e-01 -2.109036e+00  9.593923e-01  5.959292e-02 -1.218525e-01  8.572648e-01 -1.378293e+00  8.945128e-01 -2.415188e+00  8.066919e-01 -4.240566e-01  9.342281e-01  3.000000e+00
-1.967140e+00 -7.603442e-01 -7.165186e-01 -4.206860e-01  2.544652e-01  2.058702e-01  6.740393e-01  3.232247e-01  6.023954e-02 -1.065003e+00  8.768766e-01  4.479658e-01 -6.100720e-01  3.000000e+00
-5.234037e-03  7.358477e-01  7.524831e-01  1.342994e+00  3.277603e-01 -3.419569e-02  6.734151e-01 -1.671601e-02 -5.397143e-01  4.867094e-01  3.184122e-01  3.426618e-01 -1.144237e+00  3.000000e+00
 8.840441e-02 -1.775080e+00  8.708218e-01  6.683481e-01 -2.936193e-01 -1.808316e+00  1.251154e+00  4.767062e-01 -6.222367e-01  2.139914e-01  2.156151e+00 -3.020868e-01 -6.028391e-01  3.000000e+00
-3.019013e-01  3.704901e-01 -2.078903e+00  9.621534e-01  1.998072e+00  3.306614e-01  2.134386e-02  4.365824e-01 -1.358746e+00  2.140563e-01 -4.771216e-01 -1.958264e-01 -1.351224e+00  3.000000e+00
 2.542527e-02 -8.215179e-01  3.217226e-01 -3.260003e-01 -9.591779e-01 -3.095207e-01 -1.389554e+00 -2.669323e-01 -1.552076e+00 -1.000063e+00  3.850130e-01 -2.537054e-01 -1.199884e+00  3.000000e+00
-4.306184e-01 -7.007488e-01  1.763252e-01 -4.194837e-01 -5.171164e-01 -4.326443e-02 -7.118348e-01 -6.391185e-02 -9.250262e-01 -1.048918e+00  4.920936e-01 -4.807038e-02 -1.125586e+00  3.000000e+00
-1.967140e+00 -7.603442e-01 -7.165186e-01 -4.206860e-01  2.544652e-01  2.058702e-01  6.740393e-01  3.232247e-01  6.023954e-02 -1.065003e+00  8.768766e-01  4.479658e-01 -6.100720e-01  3.000000e+00
 6.623815e-01 -1.396231e+00  1.133355e+00  5.549591e-01  2.255115e+00 -9.948756e-02 -5.864117e-01  1.433923e+00 -1.968607e-01 -5.070570e-01  1.236488e-01 -6.263979e-01  1.008503e+00  3.000000e+00
-5.234037e-03  7.358477e-01  7.524831e-01  1.342994e+00  3.277603e-01 -3.419569e-02  6.734151e-01 -1.671601e-02 -5.397143e-01  4.867094e-01  3.184122e-01  3.426618e-01 -1.144237e+00  3.000000e+00
-1.183824e+00  9.795590e-01  6.636255e-01 -1.496965e+00 -3.098027e-02 -2.489176e-01  1.304008e+00  1.718311e+00 -2.944392e+00 -1.092073e+00 -4.279325e-01  1.398803e+00  2.939487e+00  3.000000e+00
 1.177636e-01  3.352152e-01  1.371485e+00 -1.101540e+00  7.688921e-01  1.277198e+00  7.457986e-01  4.436948e-01  1.175625e+00 -1.366227e+00  3.025567e-01  2.029596e-01 -1.886389e+00  3.000000e+00
-5.695805e-02  3.753467e-01 -7.575070e-02  2.208102e+00 -1.408525e+00  9.771463e-02 -1.017181e+00  2.995834e+00  1.296391e+00 -1.545182e-01  1.455777e+00 -7.379466e-02  2.751414e-02  3.000000e+00
 8.840441e-02 -1.775080e+00  8.708218e-01  6.683481e-01 -2.936193e-01 -1.808316e+00  1.251154e+00  4.767062e-01 -6.222367e-01  2.139914e-01  2.156151e+00 -3.020868e-01 -6.028391e-01  3.000000e+00
-5.234037e-03  7.358477e-01  7.524831e-01  1.342994e+00  3.277603e-01 -3.419569e-02  6.734151e-01 -1.671601e-02 -5.397143e-01  4.867094e-01  3.184122e-01  3.426618e-01 -1.144237e+00  3.000000e+00
 2.354356e-01 -8.771326e-01  3.886789e-01 -2.829507e-01 -1.162749e+00 -4.321330e-01 -1.701647e+00 -3.604242e-01 -1.840835e+00 -9.775648e-01  3.357019e-01 -3.484014e-01 -1.234099e+00  3.000000e+00
 6.623815e-01 -1.396231e+00  1.133355e+00  5.549591e-01  2.255115e+00 -9.948756e-02 -5.864117e-01  1.433923e+00 -1.968607e-01 -5.070570e-01  1.236488e-01 -6.263979e-01  1.008503e+00  3.000000e+00
-3.019013e-01  3.704901e-01 -2.078903e+00  9.621534e-01  1.998072e+00  3.306614e-01  2.134386e-02  4.365824e-01 -1.358746e+00  2.140563e-01 -4.771216e-01 -1.958264e-01 -1.351224e+00  3.000000e+00
 6.623815e-01 -1.396231e+00  1.133355e+00  5.549591e-01  2.255115e+00 -9.948756e-02 -5.864117e-01  1.433923e+00 -1.968607e-01 -5.070570e-01  1.236488e-01 -6.263979e-01  1.008503e+00  3.000000e+00
-5.234037e-03  7.358477e-01  7.524831e-01  1.342994e+00  3.277603e-01 -3.419569e-02  6.734151e-01 -1.671601e-02 -5.397143e-01  4.867094e-01  3.184122e-01  3.426618e-01 -1.144237e+00  3.000000e+00
 2.354356e-01 -8.771326e-01  3.886789e-01 -2.829507e-01 -1.162749e+00 -4.321330e-01 -1.701647e+00 -3.604242e-01 -1.840835e+00 -9.775648e-01  3.357019e-01 -3.484014e-01 -1.234099e+00  3.000000e+00
 3.160544e-01 -9.505599e-01  1.045239e+00  1.700416e-01  1.826270e+00 -1.275189e-01 -2.317906e-01  1.487271e+00 -7.122661e-01 -6.167992e-01  2.017847e-02 -2.464934e-01  1.370734e+00  3.000000e+00
 6.623815e-01 -1.396231e+00  1.133355e+00  5.549591e-01  2.255115e+00 -9.948756e-02 -5.864117e-01  1.433923e+00 -1.968607e-01 -5.070570e-01  1.236488e-01 -6.263979e-01  1.008503e+00  3.000000e+00
-5.023190e-01 -4.870561e-01 -1.898438e-01  2.841452e-01 -5.165960e-03 -1.394556e+00 -9.455810e-01  4.938870e-01  1.123907e+00 -1.255559e+00 -2.296966e+00  1.072807e+00 -3.335749e-01  3.000000e+00
-5.234037e-03  7.358477e-01  7.524831e-01  1.342994e+00  3.277603e-01 -3.419569e-02  6.734151e-01 -1.671601e-02 -5.397143e-01  4.867094e-01  3.184122e-01  3.426618e-01 -1.144237e+00  3.000000e+00
 2.354356e-01 -8.771326e-01  3.886789e-01 -2.829507e-01 -1.162749e+00 -4.321330e-01 -1.701647e+00 -3.604242e-01 -1.840835e+00 -9.775648e-01  3.357019e-01 -3.484014e-01 -1.234099e+00  3.000000e+00
-4.301428e-01  4.730550e-02  8.227639e-01 -9.226138e-01  6.337023e-01  9.956562e-01  7.269404e-01  4.120356e-01  8.825054e-01 -1.287066e+00  4.534862e-01  2.673465e-01 -1.550977e+00  3.000000e+00
 8.840441e-02 -1.775080e+00  8.708218e-01  6.683481e-01 -2.936193e-01 -1.808316e+00  1.251154e+00  4.767062e-01 -6.222367e-01  2.139914e-01  2.156151e+00 -3.020868e-01 -6.028391e-01  3.000000e+00
-5.023190e-01 -4.870561e-01 -1.898438e-01  2.841452e-01 -5.165960e-03 -1.394556e+00 -9.455810e-01  4.938870e-01  1.123907e+00 -1.255559e+00 -2.296966e+00  1.072807e+00 -3.335749e-01  3.000000e+00
-5.023190e-01 -4.870561e-01 -1.898438e-01  2.841452e-01 -5.165960e-03 -1.394556e+00 -9.455810e-01  4.938870e-01  1.123907e+00 -1.255559e+00 -2.296966e+00  1.072807e+00 -3.335749e-01  3.000000e+00
 1.981803e+00 -8.188666e-01 -2.109036e+00  9.593923e-01  5.959292e-02 -1.218525e-01  8.572648e-01 -1.378293e+00  8.945128e-01 -2.415188e+00  8.066919e-01 -4.240566e-01  9.342281e-01  3.000000e+00
 1.981803e+00 -8.188666e-01 -2.109036e+00  9.593923e-01  5.959292e-02 -1.218525e-01  8.572648e-01 -1.378293e+00  8.945128e-01 -2.415188e+00  8.066919e-01 -4.240566e-01  9.342281e-01  3.000000e+00
-3.019013e-01  3.704901e-01 -2.078903e+00  9.621534e-01  1.998072e+00  3.306614e-01  2.134386e-02  4.365824e-01 -1.358746e+00  2.140563e-01 -4.771216e-01 -1.958264e-01 -1.351224e+00  3.000000e+00
