 2.2445749951  0.2268778434  0.0401863747  0.6563190014 -0.0824603282 -1.2970839476  1.2642106535 -3.6640228254  0.0584338314  0.0238707097 -0.0172886476  0.1276685458  1.0393587982  1.0000000000
 0.0292524268  0.3423677546 -0.0888635709 -0.2079808975 -0.0474499486 -1.2419915981  1.4480491522  0.6132881099  0.6021876905 -0.1174769074 -0.2494832227  0.1074882085  0.9623134752  1.0000000000
 0.0115331108  0.2629058096 -0.0154153157  0.7986226829 -0.0366653805 -0.7537218286  0.6908635098  0.4509284065  0.1718410293  0.2268454266  0.2077955087  0.1906135326  1.3934720640  1.0000000000
 0.0089002223 -0.2674822595  0.0202415423 -0.8560017576  0.0526537169  1.4325175310 -1.9232571104 -0.2781738713 -1.0705792939  1.0376246054  1.2592916815  0.3760875956  2.3488410470  1.0000000000
-0.4303024679 -0.1269313875 -0.3516680230  0.2938035198 -0.3697080455  0.6361243934 -0.5557216941 -0.3204740432 -0.2982234208 -0.1177618777 -2.0064495401 -0.5229044661 -0.0465588179  1.0000000000
-0.0220203175 -0.1913464223  0.0079596021 -0.7771346954  0.0427332276  1.2000537207 -1.6495512845 -0.1973382383 -0.9419228378  0.9554691156  1.1529578628  0.3574345806  2.2528519069  1.0000000000
-0.0096896080  0.0325633654  0.1003914716  2.3359247042 -0.0132726063 -0.2390773620  0.0198884465  1.1913983753 -0.0912665315  0.4778098931  0.5295965226  0.2527625576  1.7204141918  1.0000000000
-0.4038591059  0.4056250561 -0.2622684614 -4.0151408906 -0.0011965855  0.3016946439 -0.5352703537 -1.0540864231 -0.4957678123  0.5764202300  0.6677690569  0.2658480786  1.7730632097  1.0000000000
-0.3879420667  0.3445599793 -0.1076070799 -0.3979268603 -0.0408621959 -1.2062346515  1.4509874202  1.1078435399  0.6639735044 -0.1396364402 -0.2850088979  0.1033202480  0.9432919703  1.0000000000
-0.3868102814  0.3116943921 -0.0986421570 -0.3738516270 -0.0384309264 -1.1485959171  1.3915471957  0.9394889043  0.6283906594 -0.1329987494 -0.2727455624  0.1042136539  0.9445234044  1.0000000000
 0.1576784628 -0.4529995388  0.1383270200  0.9103341869  0.0592451684  1.5157761212 -2.0468028940  0.2813059024 -1.0884309245  1.0953762730  1.3311371381  0.3919026931  2.4344533568  1.0000000000
 0.0079137242  0.0484631119  0.1080284201  2.5635795583 -0.0175339484 -0.3373890665  0.1295764658  1.2433751310 -0.0405083742  0.4484234281  0.4917532552  0.2462624472  1.6871582660  1.0000000000
 0.1345573779 -0.1360993754  0.2214456088  4.2253591048 -0.0088874251 -0.1922177308 -0.0734957622  1.7797413053 -0.0985002571  0.5340474089  0.6000336528  0.2685766039  1.8063079237  1.0000000000
-0.6868913724  0.3387177357 -0.0697394925  0.4730685438 -0.0312185770 -0.9147383570  0.9862012030  1.9696612398  0.4744149074  0.0977165339  0.0237241127  0.1651034742  1.2709221600  1.0000000000
 0.2414524104 -0.5933394305  0.1988487059  1.6102956094  0.0700976059  1.7375963826 -2.3186584041  0.4723261442 -1.1975389476  1.1859188720  1.4469633621  0.4136826767  2.5484498495  1.0000000000
-0.2553382371  0.2465360428 -0.1229097721 -1.6615533473 -0.0020547788  0.2009311398 -0.4574371861 -0.2434935445 -0.4090428556  0.5847554998  0.6751697615  0.2715034401  1.8078516765  1.0000000000
-0.3946836908  0.4356253013 -0.2626366065 -3.8965912898 -0.0064569286  0.1806588771 -0.3947387103 -1.0325684015 -0.4321918192  0.5350189281  0.6144396397  0.2563878878  1.7242647410  1.0000000000
 0.7847301166  0.3131318729 -0.0405154591 -0.0191195182 -0.0566818125 -0.9714253631  0.9261490935 -1.5358773651  0.1016202267  0.1385029507  0.1102518943  0.1623820894  1.2340487669  1.0000000000
 0.3397333661 -0.8910928590  0.2258123693  0.8280692853  0.1137875868  2.7856635649 -3.5514328457 -0.0243890757 -1.7878028942  1.5539661890  1.9242403197  0.4967546361  2.9750499457  1.0000000000
-0.1270443858 -0.3416399171  0.1649275817  0.3577124698  0.0221876929 -0.1040249632  0.2576193524 -0.9578345523  0.0767178092 -0.2180494217 -1.3948486352 -0.0204471678  0.3165920540  1.0000000000
 0.1763662929 -0.0702704824  0.1138574790  0.2277346676 -0.0950446780  0.2057702354 -0.8503197396 -0.2764923159 -0.6733000145  0.2496244183 -3.1097260448 -0.1754328630  0.1030382214  1.0000000000
 0.2265821004 -0.9932053151  0.6026390704 -0.2698545987  0.3830601775  0.6052159202  0.0003200486  0.2094026921  0.4354580804 -0.6217542632 -1.2035988463  0.1932237217  0.0748828865  1.0000000000
-0.2231831221  0.2883315576 -0.0819669292 -0.2682183820 -0.0411069135 -1.1612130303  1.3961950183  0.4850702665  0.5896568069 -0.1420180875 -0.2889176130  0.0986672736  0.9154431076  1.0000000000
-0.9705666606  0.2754475939 -0.1063507048 -0.5001728464 -0.0275858720 -1.0963394410  1.4156330667  1.4900643957  0.7253540563 -0.2042809796 -0.4017745486  0.0828094642  0.8446593399  1.0000000000
-0.1724569134 -0.7377975558  0.0545068571 -0.2045348232  0.0958154348  0.2187702410  0.9677572202 -0.2401508406  0.9266926265 -0.8223094132  0.1377509607  0.0290193707  0.3135867678  1.0000000000
 1.7894052038  0.2909694553  0.0664521709 -1.0283682846 -0.1321343489 -0.0504226616 -1.2509969124  1.9305120572 -0.9686121600  0.7130000777 -4.3608556074 -0.1338530891  0.2510231631  1.0000000000
-0.1576570752  0.1867657463  0.0496232965  2.0551548280 -0.0329437396 -0.7960805584  0.7419227889  1.4217111174  0.2769433786  0.2228225195  0.1952717795  0.1934515666  1.4145976079  1.0000000000
 0.0335488998  0.0192155682  0.1280718889  2.8696672420 -0.0166836707 -0.3267499110  0.1112249922  1.3329543521 -0.0434295362  0.4581641979  0.5039726389  0.2489315331  1.7015865196  1.0000000000
 0.1636371218 -0.2713174420  0.0448485482 -0.0661298962  0.0125777584 -0.4079266125  0.9030185115 -0.5329019719  0.4950328486 -0.3647566209 -0.5313334773  0.0354402890  0.5384543959  1.0000000000
-0.6332570065  0.3237126836 -0.1115251610 -0.4800192158 -0.0357605331 -1.1667774046  1.4424180902  1.2881445542  0.6928597821 -0.1638503204 -0.3236100205  0.0967178342  0.9101891983  1.0000000000
-0.0567158262  0.1407680719  0.0233592991  1.0658677167 -0.0153442789 -0.1992206857 -0.0249550274  0.6146759637 -0.1593261029  0.4838377776  0.5413323339  0.2519488161  1.7124599872  1.0000000000
 0.1507589266 -0.4536538965  0.1294042029  0.7081122555  0.0611657242  1.5689045300 -2.1071610243  0.2010158343 -1.1212147740  1.1116002452  1.3524678571  0.3953129863  2.4515649871  1.0000000000
-0.1150258956  0.0974918571 -0.0351421590 -0.1681645264 -0.0248794502 -0.9268870885  1.2428226406  0.0584303437  0.5512574448 -0.2187597265 -0.4002262502  0.0729158634  0.7742942089  1.0000000000
-0.5818636776  0.6768616599 -0.4557916942 -7.0469857377 -0.0106698494  0.1698316417 -0.3118891041 -2.1034766411 -0.4574055248  0.4582090533  0.5190474099  0.2334090619  1.5979278258  1.0000000000
 0.4824351887  0.3277636327 -0.0525490056  0.0184124850 -0.0561516338 -1.1197363475  1.1666697866 -0.8845556599  0.2915583736  0.0329592543 -0.0361357585  0.1389490788  1.1167718414  1.0000000000
 0.4052982123 -0.2589910952 -0.0012561653 -0.5469905102  0.0140206446 -0.3689931708  0.9195941068  0.4820623270  0.6141552434 -0.3799249728 -0.5876823676  0.0388659874  0.5485335839  1.0000000000
-0.3633054363 -0.4519155589  0.1084499056  0.4436365392  0.0432185240 -0.2270669772  0.8878667211 -1.4097223166  0.5124541474 -0.5038090484 -0.3042849064  0.0251378204  0.4315698975  1.0000000000
-0.5217708599  0.3689270673 -0.0993802992 -0.2052217389 -0.0391977680 -1.0370924446  1.1573109728  1.0231393473  0.4834905257  0.0119630407 -0.0837644214  0.1401986331  1.1355452506  1.0000000000
-0.4675512789  0.2711526954 -0.0912130543 -0.3773556183 -0.0343318865 -1.1340224110  1.4225590710  0.9662473316  0.6686545372 -0.1861872614 -0.3573908884  0.0881025988  0.8641957911  1.0000000000
 0.0518104041  0.0005886815  0.1648221616  0.3501853716 -0.0298840257  0.3359620742 -1.1087024261 -0.4051140686 -0.7849646344  0.2641635721 -3.3926389871 -0.0795838711  0.0419211200  1.0000000000
-0.0037248021 -0.3105244953  0.1326742474  0.1695533950 -0.0157966594  0.2238150218 -0.2982293099 -0.3431106960 -0.1776268524 -0.0968975942 -2.1219140049 -0.0962626914  0.1524689529  1.0000000000
-1.3978131436  0.3395987310 -0.1434464418 -0.7387395381 -0.0239746099 -1.0909559260  1.4171997458  2.2781212119  0.7915228899 -0.1832463963 -0.3647966189  0.0940802033  0.9037016070  1.0000000000
-0.0576894047  0.3591581623 -0.0799912656 -0.0202197395 -0.0474047744 -1.1329255707  1.2438229604  0.4916143638  0.4662541939 -0.0039842292 -0.0961583688  0.1353815217  1.1069042917  1.0000000000
-1.2406924434 -0.6266945277  0.2851023458  0.3805895770  0.3466136757  1.2642915207 -0.5676200252 -0.4695081769  0.3208377662 -0.8139060103 -1.2540214086  0.2373902634 -0.2077810923  1.0000000000
-0.1084214709 -0.4074088982  0.0779455695  0.1195452617  0.0340145798 -0.2267786079  0.8378482911 -0.7643208228  0.5211258109 -0.4586419773 -0.4745890962  0.0224085411  0.4437742749  1.0000000000
 0.5755282149  0.3129306246 -0.0463231764  0.0489780235 -0.0582816307 -1.1694948933  1.2368683896 -1.0742907878  0.3123165670  0.0002990051 -0.0777404395  0.1302250848  1.0700794636  1.0000000000
-0.0593929780  0.3553736889 -0.0892289894 -0.2241666921 -0.0491444518 -1.2128908560  1.3775888784  0.3303240950  0.5298476440 -0.0737749905 -0.1879035878  0.1174842747  1.0125061415  1.0000000000
-0.1129136896  0.0670989850 -0.0446467098 -0.3232283920 -0.0178005709 -0.8603805941  1.2256355692  0.4602466045  0.6059984047 -0.2454889781 -0.4162459682  0.0711641264  0.7560307587  1.0000000000
-0.1522312292  0.3215545539 -0.0837744454 -0.2649148798 -0.0455512200 -1.1509785339  1.3232319536  0.1931227830  0.5036484065 -0.0770680703 -0.1959011425  0.1148023601  0.9977294156  1.0000000000
-0.2832301379  0.3044155163 -0.1158964626 -1.1827390086 -0.0149058741 -0.1613238186 -0.0115192279  0.0788659555 -0.1752489961  0.4418077538  0.4876353059  0.2393389918  1.6433842802  1.0000000000
-0.5932636819  0.3305305042 -0.0599893027  0.5825164140 -0.0331297115 -0.9262057195  0.9870368594  1.7848594734  0.4540739404  0.1019738260  0.0312893781  0.1655233380  1.2719484717  1.0000000000
 0.0183000560  0.0642725788  0.1117054602  2.7221980293 -0.0217110139 -0.4473821563  0.2627526022  1.3042849700  0.0254759262  0.4064385668  0.4370531896  0.2367108331  1.6380973530  1.0000000000
-0.3303893469  0.4468351760 -0.1972273493 -2.2736736277 -0.0276259689 -0.4811815538  0.4264656017 -0.2257773451  0.0191607752  0.2702735857  0.2655024877  0.1974698284  1.4242880498  1.0000000000
-0.1923897407  0.0854464185 -0.1015464045 -1.9330415257  0.0198475468  0.7187443054 -1.0658934147 -0.4604425685 -0.6976761218  0.7661832929  0.9101653644  0.3125207133  2.0186612859  1.0000000000
 1.4074877564  0.2532758150 -0.0003450509  0.3765729957 -0.0691879187 -1.2520988414  1.2987370732 -2.2707493907  0.2272697841 -0.0203195832 -0.0925764061  0.1209922704  1.0138518843  1.0000000000
 0.8923954908  0.3115720290 -0.0355101446  0.0241955653 -0.0599749388 -1.0254882251  0.9877148079 -1.7452316023  0.1107118280  0.1177118489  0.0852522746  0.1567290872  1.2033404694  1.0000000000
-0.1053442033  0.0057264775  0.0565178122  0.6026333822 -0.0304986010 -0.8633816755  1.0613856051 -1.8286888217  0.2720744684 -0.1753833284 -0.4230989982  0.0561213863  0.7215215195  1.0000000000
-0.1198508618  0.1766138141 -0.0052657772  0.6490760039 -0.0163521022 -0.2447419509  0.0527663541  0.6027126165 -0.1159345883  0.4467496219  0.4922913107  0.2429608612  1.6657181382  1.0000000000
-0.2131984962  0.2381054477 -0.0845623043 -0.8312152993 -0.0097054333 -0.0267187747 -0.1889266627  0.0849650569 -0.2614128229  0.5063656675  0.5718836917  0.2545885692  1.7224445074  1.0000000000
-0.2953791771 -0.5524524445  1.1080060278 -0.1548055333 -3.3466548760 -3.7534988866 -4.4995285007 -0.1758215253  3.0963282865 -0.5311311256  0.5806307389  0.6177727383 -0.7093436244  2.0000000000
-1.4378706108 -0.9373971572  0.7918907438  0.3820739166  0.7800581709  1.3311158548 -0.6548885884 -0.5257918192  0.4146400870 -0.9248397216 -1.4280955326  0.6778516553 -0.1995638356  2.0000000000
-2.4467427885 -0.5353470823 -0.6566218179 -0.0011819020  1.0033938668 -0.8633798983 -0.9313214180 -0.0646470726  1.0244617295  1.2327510085  0.3028132403 -0.2017965676 -0.9465882837  2.0000000000
 0.2650540820 -1.0980491647  0.9099050495 -0.0073696910  0.2794235444  0.7891020656 -0.2282564921 -0.0365123559  0.3607801683 -0.9656461964  0.0929762279 -0.3050352928 -0.3778763897  2.0000000000
-0.4700050933 -0.3986017645 -0.7539307995 -0.0085792497  0.4369611901 -0.8005505494 -0.3760091860  0.0781456844 -0.4417722917  0.4226699235  0.3662653197  0.7769965460 -1.0265814615  2.0000000000
-1.4639653032  1.8284463839  3.4678783997 -0.0563212057 -2.9396736165  1.5728325884  1.1928908071 -0.0113103483  0.3863291075  2.0860269075  0.2028257575  0.8983760584 -1.2372692436  2.0000000000
-0.6593215054 -1.5645679804  1.0223922670  0.1132372815  0.6230890903  1.2103859471 -0.2332751230 -0.2599449706  0.5257687922 -0.9578388552 -0.6746039857  0.1385556632 -0.2167042421  2.0000000000
-1.7450092473 -0.1838990253  1.0841279732 -0.1305474697 -2.0670616003 -2.8817827878 -2.4288446423  0.1256179874 -0.4767918030 -1.5984350386  0.6124065323  0.9698095847 -0.7629367235  2.0000000000
-0.4973640803  0.7687609652  0.9049292704 -0.0420796486 -0.4333671405 -1.3335846460 -0.6217524487  0.2676938506 -2.2278417202 -1.8252811472  0.6021717298  0.6437146076 -0.7446847980  2.0000000000
-0.2233223145 -0.9417946476  0.7149568379  0.1415070773  0.4032743119  0.5774319286 -0.3274608692 -0.3652482638  0.0835831588 -0.4393656458 -1.7016289893  0.1698599147  0.0139675888  2.0000000000
-1.0535550916  1.3703161891 -1.0685883839  1.1080032335 -0.9195071771  0.3411968686 -2.0791499448 -1.0580653622 -1.9049788052  1.0312420567 -4.8929496257 -0.8302037605 -0.1018356195  2.0000000000
 0.1874936061 -0.5855436819  0.0710220064 -0.1005801903  0.0635727447  0.0015187189  0.8944247336 -0.6555924110  0.7089211775 -0.6341512914 -0.1386772016  0.0332378518  0.3958038345  2.0000000000
 1.4975694215  0.5846465575 -0.0876334259  0.0133435271  0.4336358983 -0.2552470078  0.1580563591  0.1140210824 -0.8664354112  0.4042777542  0.3606190471  0.9122557099 -1.0576033561  2.0000000000
 1.5113616093  1.3262349618  0.4153516915  0.0306431805  1.0196304216 -0.5080665098 -0.1735521987  0.1474603963 -1.1535709652 -0.3695595518  0.4500819185  0.3266649133 -0.8699899319  2.0000000000
 0.4184428701  0.0254071499  0.1460560424  1.4358606848 -0.0612229616 -0.9785356125  0.9088218534 -4.7753555876 -0.1695707216 -0.0217057216 -0.3425425158  0.0619655299  0.7875736201  2.0000000000
 0.3675251546 -0.4643265768  0.0490749818 -0.4081338494  0.0510103512 -0.1109601638  0.8306599002  0.0575834174  0.6480410160 -0.5064210191 -0.4599108614  0.0365468106  0.4427564809  2.0000000000
-1.7256450126 -0.9408680386 -1.2763234434  0.0052703076  1.0305380925 -0.7354941360 -0.6665153749 -0.0386329387  0.7459501270  1.2552195852  0.2951738602  0.1472852752 -1.0102140594  2.0000000000
-1.0101847854 -1.4066347387 -1.5757237772 -0.0179802359  0.2115968919 -0.7194564161 -0.2252294755  0.0660313423 -0.3332847244  0.7451778364  0.3297000744  1.0566611629 -1.1094193435  2.0000000000
 0.8667424629  0.5609049920  0.7188057763 -0.0168910585  0.1511411612 -1.6665941027 -2.8984169710 -0.3250406753  4.0999040105  1.9411328109  0.3047919741 -1.0347284443 -0.8007736336  2.0000000000
-0.3300053684  0.2928827129 -0.0487641250  0.6247361261 -0.2243521164  0.2706806251 -1.4045010781 -0.7040152395 -1.1706644310  0.5297468397 -3.9057495899 -0.2786693794  0.0079923253  2.0000000000
 1.4092674270  0.9772124131 -0.1840772932  0.0688234459  1.8791653447  0.0915055107 -0.1220039154 -0.0156736716  0.4575481832  1.1130636160  0.3140809486 -0.4303550407 -0.9104713352  2.0000000000
 0.2298090756 -2.3616266862 -1.8356967336 -0.0316827019 -1.4071230757  0.9028153751  1.3586940870  0.0456828869 -0.2863164161  2.2128853742  0.1594730170  2.0341316998 -1.4545574407  2.0000000000
 0.2126353390 -2.2663197093  1.7438488935 -0.3520313647  1.1394253059  1.0532280488  0.3586224480  0.1172398286  1.1450264447 -1.3623738949  0.1197084359  0.6377821440 -0.0950523757  2.0000000000
 1.1821226202 -0.0107949616  0.2478560851 -0.0142776908  0.2422292755  1.2646715587 -0.3686166643  0.0576709790  1.1826570577 -1.8715702585  0.5084383986  1.0216856073 -0.3557094813  2.0000000000
-0.2994209362  1.2258267123  0.4640264801  0.0381281672  1.1193031506  0.0439594521  0.6465013208  0.2802406948 -2.5859042926 -1.2291371986  0.5255802080 -0.0186532176 -0.7406150782  2.0000000000
 0.6280137110  0.3197820213  0.8868610371 -0.0624782776 -0.9335813650 -1.8321535750 -2.1297891507 -0.0308689795  1.1115006986 -0.1953297757  0.4989170582 -0.1917115967 -0.7253794821  2.0000000000
-0.5522830722 -0.1838631493 -0.7370217221  0.0229966378  1.1964810100 -0.5111269408 -0.5946487189 -0.0347784841  0.7289832119  1.1222466830  0.3167424679 -0.1394140761 -0.9461786455  2.0000000000
 1.9441093424  1.3032472678  0.4875157918  0.0307266139  0.8342932179 -0.4396014458 -0.3241409440  0.1204674138 -0.7847660461 -0.3656860303  0.4679813693  0.0054388059 -0.8025117588  2.0000000000
 0.5019216498  0.3907552616  0.4414238652  0.0203633378  0.6218207457  0.5530609976  0.4212821935  0.1922229286 -1.4142356121 -1.1923396602  0.5132430416 -0.3366196938 -0.5960431775  2.0000000000
 0.5843684488 -2.6742158504  2.2647836843 -0.4182171380  1.3115608514  0.9613282337  0.3293050233  0.1753289201  1.0602277759 -1.4124473687  0.3886269236  0.5584349032 -0.2049852014  2.0000000000
 1.1962253306  0.5378355569  0.2604588178  0.0572657342  0.6356186618  1.5095977764 -0.6024864054  0.0003243042  1.5082182646 -2.3289981166  0.3822627247  2.0755917303 -0.3526521175  2.0000000000
 0.1213577357  0.3304282117  0.2596632180 -0.0338746298 -0.3019192695 -1.3101515390 -0.7818571663  0.1828573064 -1.3349820868 -1.0524602982  0.5312605407  0.7484703384 -0.8371479199  2.0000000000
 0.7358090758  0.6527451491 -0.0376329020  0.0109674700  0.7477589297 -0.7453056659 -0.3287966398  0.1263660865 -0.9286754916 -0.1389731823  0.4243258827  0.5857434104 -0.9350325308  2.0000000000
 0.5056336141  0.9008666375  0.5698207909 -0.0121360758  0.0528945332 -0.9617021664 -0.3618610134  0.2395851673 -1.9787564457 -1.3892040613  0.5574484851  0.6191029358 -0.7925015281  2.0000000000
-0.0399191106 -1.9092077011 -1.2737823212 -0.0350794091 -1.5369561132  0.9036526924  1.2802723731  0.0417709794 -0.2290156436  2.1345943292  0.1713566461  1.8929248968 -1.4199150104  2.0000000000
-1.0952348472  0.4978290853  1.6461059040 -0.0458675341 -2.1607262085  1.0923316399  1.0085406874  0.0103766125  0.1579061279  1.9209650052  0.2122682165  1.1471267383 -1.2622521019  2.0000000000
-0.4068051213 -0.0490427452  0.3001448559  2.9264103299 -0.0725153349 -0.9462086977  0.6280294776 -7.5415794252 -0.6226910231  0.0546698985 -0.5353100120  0.0131401196  0.6494494563  2.0000000000
 1.9305850718 -3.7401459348  0.7699824352 -0.3608892930 -2.4956774566 -0.9769531986  0.7634462040  0.3061391654 -1.9341368532  1.2767624733  0.8817220168 -5.8781935210 -0.4944849913  2.0000000000
-1.2116003495 -0.7693092740 -0.9306491857 -0.0266511739  0.2003616585 -1.1509005975 -0.6344652008  0.0937942332 -0.5433361946  0.1230364470  0.4004614632  0.8623719139 -0.9995843134  2.0000000000
 0.3117317723 -2.0858486220  1.6952710218 -0.2006641309  0.9437417657  1.1175575561  0.0538841062  0.0444674508  0.8604634659 -1.2913150691  0.1876146366  0.2789202031 -0.2725448873  2.0000000000
-0.4719953241 -0.8659656312 -1.2866634783 -0.0045096072  0.5444784446 -0.7164404289 -0.2973540966  0.0591681334 -0.2602070669  0.7045780804  0.3372114828  0.8411758980 -1.0694234801  2.0000000000
-0.4642349434 -1.6763892195  1.3081849001 -0.0092381454  0.9034388421  1.0550491935 -0.1554334910 -0.1918780140  0.6395018930 -0.9843828660 -0.8794371490  0.5385011904 -0.1081174674  2.0000000000
 2.0803995099  0.6982621194 -0.0044043201  0.0360597668 -1.1792605653 -0.5786531988 -1.7100620415 -0.0284773724  1.4485659223 -0.8967366214  0.5814054613  0.1907403808 -0.5852770149  2.0000000000
 0.5261646325  0.2687181119 -0.6265176075  0.0442794258  1.4793440667 -0.1831128847 -0.2293409582 -0.0137168304  0.4452877169  1.1818178242  0.3013450639 -0.0260319962 -0.9826159567  2.0000000000
-0.0002161039 -0.3870894216 -0.8727133974 -0.0033704529  0.4888811966 -0.7434944821 -0.2732050394  0.0924509279 -0.5933528404  0.3739808703  0.3691816631  0.8853507086 -1.0406815130  2.0000000000
 0.4844363083 -2.5261879354  2.2052757225 -0.3397544673  1.2987775919  1.0142254367  0.1956982261  0.1120784071  0.9940950301 -1.3935478983  0.2524646956  0.5863223565 -0.2295100112  2.0000000000
 0.4071383129 -0.8207977665 -0.3241063507 -0.0264454487 -1.4129046319  0.9058552773  1.1838329274  0.0504096940 -0.3026223127  1.8754615252  0.2019644863  1.6325652918 -1.3470711759  2.0000000000
-0.0314929593  0.7010288591  0.8344214147 -0.0424504331 -0.6080091375 -1.4380843428 -0.9554258539  0.2098712581 -1.5486563840 -1.5684723155  0.5905278911  0.5976005247 -0.7451515311  2.0000000000
 1.1932184326  1.2079384084  0.5619937152  0.0118359898  0.5633876332 -0.6947049602 -0.2541531545  0.1936742338 -1.5634592666 -0.8973998431  0.5072403869  0.4068458884 -0.8181554295  2.0000000000
-0.3149837005 -0.8887581975 -0.0862314879 -0.0373607877 -1.7553485503  0.9992783223  1.1930930120  0.0311231473 -0.0976451920  2.0439761790  0.1877499882  1.5961068246 -1.3572258527  2.0000000000
 0.0663126602 -2.8661679086  2.3708127920 -0.2031541251  1.2328210285  0.8886953548  0.0321616661 -0.0775137546  0.5901670224 -1.0167153427 -0.3565062266  0.2687717754 -0.2088931713  2.0000000000
 0.0389681746 -0.8153656540  0.9738591686 -0.1257131667 -0.8552728792 -1.2375275095 -1.0902981873  0.0423815890  0.2564694369  0.2586383388  0.5184914537 -1.8823562655 -0.6221148173  2.0000000000
 0.3700542882 -1.1259932123 -0.8552638286 -0.0220871337 -0.9976432792  0.5670211193  0.9450697320  0.0607086036 -0.3907137653  1.6447645929  0.2254874980  1.6044552152 -1.3150562635  2.0000000000
 0.8746741137 -1.1550666710  0.6198060419 -0.0834502128 -0.5622001383  0.0946482491 -0.0666070024  0.0946578360 -0.3668540525 -0.3680827000  0.4562347633 -1.7626664430 -0.4774574996  2.0000000000
 0.3045767501  0.2067847444 -0.4523845403  0.0105793258  0.8226160593 -0.7032720079 -0.3363273406  0.0857563431 -0.5331696712  0.3017170537  0.3793235739  0.5916004590 -0.9854599502  2.0000000000
 0.9226001857 -0.6436628053 -1.2244175819  0.0024930983  0.3849317707 -0.4112961725  0.1414956309  0.1041582840 -0.7690090810  0.6314248993  0.3335016960  1.2053130611 -1.1306188451  2.0000000000
 0.5942956946 -0.3183998421 -0.9447236460  0.0030958518  0.5629006458 -0.6402765362 -0.1313449421  0.1017698129 -0.7110439451  0.4082428520  0.3618039612  0.9840817525 -1.0646181747  2.0000000000
 1.5585142776  0.9423099594  0.5849788463 -0.0080436944  0.0645363769 -1.0092762325 -0.7797867297  0.1359400699 -0.8418579231 -0.7555648278  0.5131827032  0.3268164778 -0.7968879154  2.0000000000
-0.9232107013  2.8067133151  4.6986881032 -0.0566392328 -3.5412924438  2.1958346644  1.6211409656 -0.0217366630  0.4599921933  2.3913156998  0.1718747968  0.8755930584 -1.2716488885  2.0000000000
-0.4549139223 -2.2594767101 -2.6532217605 -0.0179659419  0.3687840676 -0.9003510200 -0.1291293900  0.1062363849 -0.7581705306  0.5788570481  0.3369550690  1.4791519226 -1.1647031318  2.0000000000
 2.3634910015  0.7124150623 -0.0265422299  0.0431906912 -1.1806010419 -0.4262763973 -1.5604177141 -0.0046365274  1.2146750431 -1.0531501950  0.6114822174  0.1971035045 -0.5788632983  2.0000000000
 0.7839845450 -1.6131527399  1.1998600029 -0.1572029671  0.1202673810  0.4741504174  0.0086775556  0.0968436481  0.0753087365 -0.7763922180  0.3925760883 -0.8977167541 -0.4049802544  2.0000000000
 2.2151541051  1.9133378056  0.0355140687  0.1448458890  3.6016108055  1.0559122969  0.1341449051 -0.2013579663  2.1743094314  2.8593033431  0.1428413820 -1.6377426750 -0.9241550356  2.0000000000
 0.4605539951  2.7670656783  3.8329674856 -0.0309743860 -2.4597654462  1.6550872749  1.3415247967  0.0304567745 -0.0670255384  1.7607248355  0.2308793324  0.8916317961 -1.2070807603  2.0000000000
 0.5321865624 -0.3684302298 -0.6320699243 -0.0092906651 -0.1276527070 -0.2052752700  0.2678770503  0.0977582935 -0.6990265448  0.7503910166  0.3231066595  1.2313760949 -1.1469931979  2.0000000000
 0.7738120661 -1.4107254521 -2.1818087427  0.0044808173  0.7509748005 -0.6948469990 -0.0120632913  0.1045886610 -0.7686356920  0.6121823862  0.3334930256  1.3001334459 -1.1436273750  2.0000000000
 0.5337621709 -0.8879563510 -1.3382521161 -0.0025609471  0.2546364044 -0.3655352475  0.1624198823  0.0899542925 -0.6249106946  0.7975083649  0.3172644007  1.2291305280 -1.1522451146  2.0000000000
 0.5147047631 -1.1327423493 -1.3149518273 -0.0093576520 -0.2182468818  0.0288793210  0.5127746583  0.0768339495 -0.5246315536  1.1946382754  0.2733606936  1.4215489780 -1.2318205974  2.0000000000
 3.4673423553  2.1299871745  0.5070845776  0.0833413995  1.9209804129  0.1795849437  0.2815667862  0.1099722389 -0.8668015575  0.2073432226  0.3894771660  0.0079665052 -0.8947495222  2.0000000000
 1.0469376431 -0.5140704024 -0.5491241445 -0.0087196039 -0.6299739679  0.4790498140  0.8509411851  0.0739062691 -0.5223196922  1.4067179141  0.2506072627  1.4532211644 -1.2644704341  2.0000000000
 2.1931846671  1.2366771047 -0.5279307809  0.1224003746 -0.7131219536  0.5458644234 -0.7488399844  0.0682280801  0.4404270572 -1.7280699244  0.6264521264  0.6338245227 -0.5210016095  2.0000000000
 0.9064309458 -2.6259439916  0.6574752602 -0.1449609370 -1.5042066886 -0.2801283633  0.3368406466  0.1010184904 -1.1809678609  0.5647338317  0.3717393043 -3.9005527750 -0.4421629001  3.0000000000
-0.7301748908  0.4435385947  0.8036838223 -0.0240121640  0.5572714125 -0.8480317697 -1.0508728070 -0.0253933917  0.7348433934  0.5460077062  0.4004198772 -1.1895709977 -0.7107873191  3.0000000000
-0.5726272428  0.3338089863  0.4950391882  0.0031673206  0.8813868845  0.3081843608  0.4042266051  0.1511916381 -1.1392163297 -0.3789282233  0.4612565752 -1.1927543484 -0.6171555290  3.0000000000
 0.6587252749 -0.6281309563  0.0228396259 -0.0548323187 -0.9590755090 -0.0334707613 -0.0279932101  0.1324220198 -0.4770459717 -0.1691432059  0.6259011251 -2.2714547463 -0.5089873370  3.0000000000
-0.5712810643  0.1538654143  0.1003821929  0.2124228523  0.6593873542  1.5898409109 -0.4357551284 -0.1908636401  1.0222799914 -1.6079657483 -0.2552213837  1.1099346250 -0.2887573045  3.0000000000
-0.7377592876 -0.1303433339 -0.5946034405  0.1366391982 -0.1089615767  1.4585583853 -0.0221483385 -0.1196361487  0.8958297749 -1.1726335234 -0.1827749569  0.0288654749 -0.1652321719  3.0000000000
-0.1796811275 -1.6316983368  0.8897860387 -0.2414749957  0.6185121592  1.0237944663  0.4127063827  0.0631726030  1.0452569897 -1.2328851303  0.1577091857  0.2748681318 -0.0822821115  3.0000000000
 0.2230431717  1.7216933048  0.2040763655  0.1089597202  2.5699323896  1.0577022670  1.2711105792  0.1940995851 -1.8729767469 -0.1388599282  0.4120250884 -0.8034233344 -0.7536703348  3.0000000000
 1.0541063477  1.1826829287 -0.5030975512  0.1058584995 -0.6198440292  0.2379145453 -0.9026822987  0.0232776965  0.8094047755 -1.0845398957  0.5781701682  0.0061781491 -0.5316140766  3.0000000000
-0.4874496745 -0.5132933064  0.6134854431 -0.0514933435  0.4797917987  0.4631682772  0.6264302041  0.1749495169 -1.2900360173 -0.4470568981  0.4721539128 -1.6735699296 -0.5305912901  3.0000000000
 0.5780203429 -0.1327136282  0.1400700892 -0.0063026978 -0.3626430483  0.3305521249 -0.2917160814  0.0732776811  0.1590837669 -0.7120229854  0.5174332354 -0.9542015065 -0.4854814774  3.0000000000
-0.4503396420 -1.0224698439  0.0040739236 -0.1688785183  0.1086854035  0.7636537258  0.9574908470 -0.1773119196  1.2295832395 -1.1938506512  0.6989215526 -0.0209101005  0.1048645437  3.0000000000
 0.6920703284  1.3630039611  0.3796485421  0.0660988624  1.6329213190  0.3338097380  0.3050957111  0.1123831443 -0.8266220223 -0.0287913959  0.4295845766 -0.7536813177 -0.7362567557  3.0000000000
 0.4672964353  0.8803813860  0.2397489416  0.0394111755  0.0266833354 -0.2116815750 -0.6522158442  0.0747778611 -0.0417649546 -0.6868471675  0.5361736283 -0.3918308291 -0.6341508188  3.0000000000
 0.7815012144 -0.1716353667  0.0454233401 -0.3949568138 -0.0543902844 -0.0977037995  0.0319312582  0.4453084456 -0.0086027674 -0.0419712723 -1.9674707392 -0.0644744675  0.3396864757  3.0000000000
 0.5314352833 -0.5595013275  0.1133811521 -0.5169773593  0.0778315244  0.2534172687  0.3374043837  0.4585062792  0.4713679025 -0.4722545185 -1.0379539759  0.0143169936  0.2616186344  3.0000000000
 0.1471115166 -0.1027872403 -0.3230834179 -0.0242026030 -0.1890862567 -0.8141949091 -0.1421608324  0.1671272440 -1.3345070662 -0.2253177971  0.4238323150  1.2556842343 -1.0353492184  3.0000000000
-0.0607630777  1.2883112444 -1.0960162201  0.1649975501 -0.2763656223  1.2514000823 -0.3019872659  0.0159841820  0.9087898452 -1.4190257987  0.4826257418  0.1890026591 -0.3856441327  3.0000000000
-0.1705627605  0.8526231453 -1.3889868436  0.1838237553 -0.6873485373  1.3975925200 -0.1016947271 -0.0139854005  0.7796994129 -1.2173404107  0.3669071971 -0.4155111763 -0.3168062077  3.0000000000
-2.8740919533 -0.3264553763  1.1486089583 -0.0908694317  1.2274991882 -0.4927002160  0.3595645088  0.1303838641 -1.2857032127  0.7487815230  0.3661495642 -2.5312360217 -0.6721830214  3.0000000000
-0.9793524113  1.2048372310  0.3959914873  0.0843709903  2.9038735192  0.2565875812 -0.7588095656 -0.2625527461  2.8987692875  2.8184233913  0.1626533736 -2.1411571829 -0.8209284073  3.0000000000
-2.6187018686  0.7537874342  0.3522650962  0.0405111371  2.1245343109 -0.4863014149 -1.0477236692 -0.1782034737  2.0638392142  2.0196816884  0.2260393598 -1.2723459841 -0.8694584166  3.0000000000
 0.6937294123  0.5792458202 -0.7055956987  0.1044743658  2.7625792917  0.8290225292  0.1041942360 -0.2034033431  2.2101194547  3.0615754364  0.1156160253 -1.0467403935 -1.0395171756  3.0000000000
-1.0571382124  1.5750488990 -2.4746867066  0.4415957925 -1.1811610260  1.7632877203 -0.2199261885 -0.2031100892  0.7662664493 -1.0898397674 -0.1142492443 -0.5747867301 -0.2391362557  3.0000000000
 0.0447013539 -0.2625554331 -0.6789356199  0.1044754655 -0.8910809507  0.8278042060  0.0388554217 -0.0012146417 -0.0063294782 -0.5752541910  0.2820532063 -1.5973829364 -0.3692890662  3.0000000000
-0.4583568811 -0.2573979464 -0.8945496543 -0.0762035726 -0.4642266372  1.1845254325  0.4727525328  0.0835552562  0.9812445317 -1.0935652186  0.3553271304 -0.4518649585 -0.0795006896  3.0000000000
-2.9069238446  0.3519940314  0.4887950817 -0.0277793127  0.4666950690 -1.2927504810 -0.8984730737  0.0965948608 -0.6287315982 -0.2806767789  0.4382459653  0.1578481935 -0.8464076522  3.0000000000
 1.9338987029 -0.0509364272 -0.0807581597 -1.8546332488 -0.0666179420 -0.0473051906 -0.0761937302  3.1882171058  0.1501923569  0.0578257546 -2.4234742596 -0.0503022301  0.4041310992  3.0000000000
 0.5862336306  0.7628790112 -2.5335664414 -0.0308813723 -2.0296187400  1.2226566115  0.5874288227  0.3181131695  0.5845890079 -0.8332980866  1.3725170079 -2.3043566377 -0.3199312084  3.0000000000
-0.7766742929  1.7841518127 -1.5616931845  0.2181193822 -0.2076223507  1.3788843718  0.0155250807  0.0458610451  0.4666362104 -1.2657216053  0.5242661798 -0.2200960539 -0.4084714469  3.0000000000
-1.9340166846  0.9537039208  0.6474631410  0.0147264679  0.9765162244 -0.3121312717  0.2291010873  0.2302366422 -2.0832561819 -1.0051115149  0.5032160412 -0.2358829896 -0.7277552725  3.0000000000
-1.3739489715  0.2571287289 -0.8921975553  0.4909609228 -0.4414971747  1.2461816108 -0.5131122447 -0.4702616517  0.1632091185 -0.6407970594 -1.1219873721 -0.3800225651 -0.2189717511  3.0000000000
-0.9552505692 -0.4611222587  0.8517271518 -0.0728878195  0.4595205286 -0.1787355119  0.1523459512  0.1248967665 -0.8957477073  0.1011501719  0.4444705624 -1.9676126282 -0.5987693624  3.0000000000
-1.6541391274  0.3687087916 -0.7291670243  0.5821926841 -0.1664583528  1.3634117895 -0.7128276157 -0.5734507678  0.2041257492 -0.7345791573 -1.3910908348  0.0452790685 -0.2267420014  3.0000000000
-0.1705211032  1.5044251320 -1.3563553179  0.1839880139 -0.4979790442  1.0907410087 -0.2250611733  0.0389318485  0.6074244708 -1.1809397804  0.5578893644 -0.3263538171 -0.4264654670  3.0000000000
-1.1498883372  1.2642697871  0.4286654561  0.0537953134  1.4948975280  0.2770154746  0.7841647022  0.2586703275 -2.4276057470 -0.9975571940  0.4976873738 -0.2808643455 -0.7288228436  3.0000000000
-1.1724740462  1.3460060333 -2.7947285128  0.4738984856 -1.8329182514  1.2573996059 -0.0804001629 -0.2650388396  0.1337959217 -0.4335022209 -0.4023781023 -1.6676463687 -0.1952140541  3.0000000000
-0.2605024447  0.8563464053 -1.7934889861  0.0667630721 -0.7867357966  1.6900490973  0.2316259973  0.1174945162  1.2354990404 -1.4341029856  0.6736280406 -0.3192081858 -0.2041657830  3.0000000000
-0.8237082656  0.4712752355 -1.7827604400  0.1768068437 -1.1654085399  0.8768691856  0.3905004286 -0.1697409759  0.4714149187 -0.5878302657 -0.1384494812 -1.1059494222 -0.0104797204  3.0000000000
 1.1788059306 -0.4171977059 -1.5340173124 -0.1137151765 -2.3810875091  0.1864644882  0.4999257026  0.3134072543 -0.4512529258  0.0363369047  1.2421885680 -3.7301174454 -0.4407188595  3.0000000000
-0.7786411199  0.7409842822  0.7176867011 -0.0084725599  0.3604598089 -1.1041541896 -1.2968746702 -0.0016176340  0.5458027610  0.0781536053  0.4374980615 -0.3943319414 -0.7602550254  3.0000000000
-3.0397250584  0.2436221069  0.5345450900 -0.0470152049  0.1431797428 -1.6547639028 -1.1659889598  0.0992925306 -0.6235649496 -0.3981647090  0.4487530622  0.4371994860 -0.8731811074  3.0000000000
-0.2621143515  1.0414388295 -1.8227444963  0.1879639090 -0.9018097646  1.6098298440  0.0022465447  0.0226542577  0.9553922971 -1.3007246082  0.5121302949 -0.4989291877 -0.2864507941  3.0000000000
-0.4366134417 -0.2649633556 -0.7830585176 -0.0733452042 -0.3860140209  1.0664635796  0.4349098740  0.0396966141  0.9014402697 -1.0027185388  0.1047945531 -0.3566085174 -0.0297479350  3.0000000000
-0.6499731961 -0.0209339424 -1.1259145805  0.0625623059 -0.7152436476  0.8790659754  0.3753901573 -0.1016494313  0.5853651291 -0.7056030513 -0.1953415092 -0.7280810374 -0.0039796541  3.0000000000
 1.4613328942  0.1752834768  0.0116864109 -0.7610156595 -0.1518264497 -0.0764641114 -0.8203378246  1.4484592451 -0.6565130047  0.4690166442 -3.5955539457 -0.1476211040  0.2688678769  3.0000000000
 1.3189569124  0.1440711544 -0.0050224344 -0.6441602914 -0.1583576411 -0.1045278423 -0.6828209674  1.1620014367 -0.5840876800  0.4093580365 -3.3440139980 -0.1541117308  0.2863688807  3.0000000000
-2.2489690804  0.4649889508  0.5276924469  0.0116726869  1.5363153707  0.6574005746  1.3004344073  0.2705391689 -2.6284689665 -0.7225794426  0.4526089148 -1.2755881379 -0.6195153144  3.0000000000
