-6.261344e-01  4.872310e-01 -2.525900e-01 -1.560970e+00 -1.199116e+00 -4.171368e-02  4.997469e-01  1.746595e-01  2.782924e+00 -2.084628e+00 -4.042515e-02 -2.709023e-01 -9.558044e-01  1.000000e+00
 9.361659e-01  3.019844e-02 -1.896911e+00  9.536762e-01  1.463081e-01  4.535744e-04  3.229612e-02 -1.262522e+00  1.894219e+00 -1.098086e-01 -6.864570e-01 -6.189581e-01 -1.045216e+00  1.000000e+00
-1.686007e+00  2.019077e+00 -4.250265e-02  1.517334e-01  8.392599e-02 -5.341306e-01 -1.106076e-02 -7.431812e-03 -3.652872e-01 -5.649166e-01 -1.114931e+00  1.352248e-01 -1.622569e+00  1.000000e+00
 5.959398e-01 -1.018387e+00  3.855018e-01 -4.757841e-01 -2.113482e-01 -2.611540e-01  6.779906e-02  2.281244e-01 -3.075710e-02  6.355675e-01  2.545346e+00  2.253155e+00 -2.011724e+00  1.000000e+00
-3.274975e-02 -1.937572e-01 -1.718145e+00  6.311548e-02 -9.874743e-02 -1.299259e-02 -1.588414e-01  1.683230e+00 -1.363473e-01  1.572157e-01  8.419936e-01 -1.232740e+00  2.141106e-01  1.000000e+00
 9.259124e-01 -1.447579e+00  4.202185e-01 -5.127134e-01 -2.231640e-01  7.496779e-01  5.642589e-02  3.319016e-01 -2.638253e-01  3.885543e-01  1.996159e+00  2.023166e+00 -2.005336e+00  1.000000e+00
-4.787786e-01  8.420404e-01 -3.525917e-01  4.080954e-01  1.625578e-01  2.916119e+00 -9.857505e-02  3.462765e-01 -1.466422e+00 -3.253149e-01 -9.123821e-01  7.409856e-01 -1.968997e+00  1.000000e+00
 8.543858e-01 -1.758879e+00  9.449262e-01 -1.195423e+00 -5.667977e-01  3.809596e-01  1.701316e-01  1.497115e+00 -1.426303e+00 -1.680420e+00 -8.661320e-01  9.084415e-01 -1.975347e+00  1.000000e+00
 6.821915e-01 -1.281563e-01 -1.170511e+00  8.540747e-01  3.134108e-01  2.442412e-02 -4.885086e-02 -1.434460e+00  1.712322e+00  2.162195e-01 -7.680342e-01 -6.832694e-01 -1.048267e+00  1.000000e+00
 1.455856e-01 -3.236133e-03 -4.895603e-01  3.996229e-01  2.081030e-01  9.343292e-02 -2.348677e-02 -1.393765e+00  1.799510e+00  1.260073e-01 -7.280911e-01 -6.711399e-01 -1.038823e+00  1.000000e+00
-1.545793e+00  2.138810e+00 -3.395490e-01  3.820436e-01  1.429787e-01 -2.355255e+00 -1.307415e-02 -3.392865e-01  2.226589e-01  1.418699e+00  3.116458e+00  2.435602e+00 -2.016143e+00  1.000000e+00
-1.431422e+00  2.138726e+00 -5.320664e-01  6.056261e-01  2.285003e-01  1.783626e+00 -1.023798e-01  3.357573e-01 -1.529900e+00 -3.687639e-01 -1.095110e+00  6.602303e-01 -1.966708e+00  1.000000e+00
 1.441138e+00 -1.503903e+00 -3.414629e-01  4.512612e-01  2.301776e-01  7.421506e+00 -1.854709e-01 -4.010348e-02 -1.285411e+00  3.036319e-01 -3.630105e-01  9.301561e-01 -1.973773e+00  1.000000e+00
 1.826998e+00 -7.430597e-01 -1.885324e+00  2.029020e+00  9.312132e-01 -1.910321e+00 -2.670863e-01 -9.131629e-01 -6.966437e-01  5.206630e-01 -1.602650e+00 -2.208355e-01 -1.603910e+00  1.000000e+00
 2.197902e+00 -2.757405e+00  1.036434e-01 -6.456900e-02  3.336997e-02  3.832698e+00 -6.997547e-02 -5.651171e-01  4.385237e-01  1.907079e+00  3.791566e+00  2.698736e+00 -2.023214e+00  1.000000e+00
 1.671390e+00 -2.561213e+00  6.890115e-01 -8.465563e-01 -3.792453e-01  3.291619e+00  6.797203e-02  1.051222e+00 -1.337918e+00 -1.062857e+00 -5.828857e-01  9.744105e-01 -1.976571e+00  1.000000e+00
-4.432541e-01 -4.651156e-03  7.157137e-01 -9.451856e-01 -4.838458e-01 -1.411003e+00  1.704175e-01  1.505983e+00 -1.521014e+00 -1.775541e+00 -1.141228e+00  7.900601e-01 -1.972027e+00  1.000000e+00
-2.542883e-01 -4.034669e-01  7.918960e-01 -8.698758e-01 -3.443877e-01 -1.670718e+00  1.534468e-01  1.422761e-01  5.865655e-01 -1.120756e+00 -8.876390e-01 -9.047832e-02 -1.376446e+00  1.000000e+00
-3.360248e-01  5.452653e-01 -1.765919e-01  2.289463e-01  1.211626e-01 -2.661521e+00 -1.221728e-03 -1.004144e+00  1.493405e+00  2.960073e+00  6.232264e+00  3.725589e+00 -2.051791e+00  1.000000e+00
 4.600053e-01  6.343276e-01 -3.322556e-01  8.396824e-01  2.250937e-01  3.663742e-01 -2.441512e-01  1.364630e+00  8.756418e-01  3.235203e-01  6.484404e-01 -1.443086e+00 -1.539211e-01  1.000000e+00
 6.084460e-01  3.674481e-01 -9.745451e-01  8.211981e-01  1.464593e-01 -1.622581e-03 -3.329854e-01  2.759684e+00  1.542954e-01  1.064387e-01  1.112215e+00 -1.555148e+00  1.233926e-01  1.000000e+00
 2.084511e-01 -6.069354e-02 -3.252903e-01  8.154412e-01  6.083192e-01 -5.283862e-02 -4.198927e-01  1.073833e+00 -5.654467e-01  1.230444e+00  4.378139e-01 -1.469006e+00  1.802456e-02  1.000000e+00
 1.191377e-01 -1.622090e-01 -1.833801e-01  1.967392e-01  1.410157e-01  2.040305e-01 -8.248593e-03 -1.323157e+00  1.921630e+00  7.620484e-02 -6.346716e-01 -7.066833e-01 -9.858313e-01  1.000000e+00
-2.377318e-01  5.331956e-02  1.487324e-01  3.279017e-01  3.531586e-01  6.001552e-01 -9.518229e-02 -1.764922e+00  2.067237e+00  5.406545e-01 -6.587689e-01 -8.661870e-01 -9.203839e-01  1.000000e+00
 4.140691e-01  2.436413e-01  4.458935e-01  1.563875e+00  1.118186e+00  1.257164e-01 -6.128873e-01  5.668785e-01 -1.860185e-01  1.759192e+00  1.168251e-01 -1.635267e+00 -2.754709e-01  1.000000e+00
 7.439564e-02  5.390299e-02  1.555804e+00 -8.758424e-03  1.182912e-01 -2.253315e-01 -2.910306e-01  2.437039e+00  4.691264e-02  1.515636e-01  8.302856e-01 -1.437133e+00 -9.263280e-02  1.000000e+00
-1.814102e-01  9.289098e-01 -9.204478e-01  1.144301e+00  5.480453e-01 -1.517346e-01 -1.736609e-01 -4.126752e-01 -8.222881e-01  9.788833e-02 -1.305076e+00  1.094305e-01 -1.703373e+00  1.000000e+00
-1.133488e+00  1.773271e+00 -5.283223e-01  6.096526e-01  2.371112e-01  2.536472e+00 -1.159445e-01  2.756477e-01 -1.499613e+00 -2.687978e-01 -1.003127e+00  6.924790e-01 -1.967530e+00  1.000000e+00
-2.033382e-01  3.894778e-01  4.712334e-01  3.538075e-01  2.809105e-01  5.792401e-01 -1.907646e-01 -8.017869e-02  1.449172e+00  4.923532e-01  8.614839e-02 -1.221246e+00 -4.716622e-01  1.000000e+00
 2.421160e-01 -8.914439e-02 -4.762406e-01  5.764420e-01  3.380521e-01  2.266844e-01 -7.377325e-02 -1.575643e+00  1.812235e+00  3.656653e-01 -7.451524e-01 -7.499499e-01 -1.008538e+00  1.000000e+00
-1.057517e+00  1.419358e+00 -1.787482e-01  1.675054e-01  2.375829e-02  1.517443e+00 -3.251443e-02  6.346861e-01 -1.499919e+00 -7.026871e-01 -1.025352e+00  7.287828e-01 -1.969063e+00  1.000000e+00
-1.307942e+00  1.786874e+00 -2.566975e-01  2.841367e-01  1.026325e-01 -2.216204e+00 -2.270306e-03 -3.051029e-01  2.568490e-01  1.401749e+00  3.204084e+00  2.478380e+00 -2.017400e+00  1.000000e+00
-4.215505e-01  3.602196e-01  5.393424e-02 -3.036237e-02  7.248056e-03  9.079240e-01  2.375391e-02 -1.344664e+00  2.550812e+00  7.749378e-02 -3.030762e-01 -9.070224e-01 -7.617797e-01  1.000000e+00
 3.144124e+00 -4.455429e+00  9.019316e-01 -1.218937e+00 -5.414012e-01 -3.247908e+00  2.131347e-01  1.508291e+00 -1.149457e+00 -1.935164e+00 -1.192924e+00  5.548001e-01 -1.825253e+00  1.000000e+00
 3.501679e-01 -9.424899e-01  5.151072e-01 -5.189720e-01 -1.538396e-01 -9.802885e-01  8.775859e-02 -4.238607e-01  1.072446e+00 -6.484689e-01 -7.985944e-01 -3.201825e-01 -1.234040e+00  1.000000e+00
-2.578949e-01  2.646068e-01  7.525593e-01  5.533806e-01  5.506143e-01  5.389841e-01 -2.938020e-01 -4.392897e-01  1.200503e+00  9.276827e-01 -1.116685e-01 -1.262756e+00 -5.300484e-01  1.000000e+00
 2.301741e-01  6.269424e-01 -3.152057e-01  7.967859e-01  2.898924e-01  5.719622e-01 -2.183437e-01  4.802664e-01  1.274842e+00  4.635611e-01  3.445200e-01 -1.346300e+00 -3.140605e-01  1.000000e+00
 1.017903e+00 -1.267860e+00  5.290951e-02  5.514509e-01  4.947054e-01 -1.303862e+00 -1.454877e-01 -9.244816e-01  2.934806e-01  2.300583e-01 -1.204047e+00 -3.943983e-01 -1.359357e+00  1.000000e+00
 1.717381e-01  8.527948e-02 -6.013525e-01  5.287341e-01  2.443260e-01  4.806713e-01 -3.895141e-02 -1.548178e+00  2.104143e+00  2.776472e-01 -6.024741e-01 -8.061016e-01 -9.257834e-01  1.000000e+00
-3.342808e-03 -2.571498e-01 -2.533418e+00  3.587372e-01  4.191417e-02  4.366870e-03 -3.883746e-01  2.748797e+00  2.246197e-01 -9.811689e-02  1.131378e+00 -1.423905e+00  1.884646e-01  1.000000e+00
 7.756610e-01  4.954262e-01 -6.405840e-02  1.185255e+00  4.723254e-01 -2.322431e-02 -4.206417e-01  2.332645e+00 -1.019908e-01  6.643950e-01  8.817952e-01 -1.653105e+00  2.849190e-02  1.000000e+00
 1.309439e-02 -3.621687e-01  3.503020e-01  5.269007e-01  5.914970e-01  2.196263e-01 -1.851315e-01 -1.897563e+00  1.554483e+00  8.271889e-01 -9.124925e-01 -8.143526e-01 -1.045040e+00  1.000000e+00
 7.763504e-01 -4.059673e-01 -8.692292e-01  6.522876e-01  2.534450e-01 -9.661093e-01 -3.263131e-02 -8.428101e-01  8.383549e-01 -1.356242e-01 -9.986265e-01 -3.965169e-01 -1.275634e+00  1.000000e+00
-3.926480e-01 -3.228526e-01 -1.277139e+00 -9.471543e-01 -5.650395e-01 -3.127650e-02  2.479544e-01  9.670394e-02 -6.038514e-01  2.790326e-01  4.674657e-01 -8.347800e-01  3.168280e-01  1.000000e+00
 1.677174e-01  5.467795e-01 -1.039107e-01  8.394936e-01  4.021537e-01  5.478591e-01 -2.594820e-01  2.953072e-01  1.175706e+00  6.449189e-01  2.415901e-01 -1.352317e+00 -3.516041e-01  1.000000e+00
 1.362502e-01 -7.785266e-01  6.036082e-01 -6.659555e-01 -2.352177e-01 -6.610625e-01  1.161321e-01 -5.034762e-01  1.411781e+00 -6.796169e-01 -6.767465e-01 -3.860856e-01 -1.154807e+00  1.000000e+00
 6.766128e-01 -6.225109e-01 -4.668693e-01  3.263098e-01  1.550660e-01 -3.937650e-01 -5.010116e-03 -1.062497e+00  1.430049e+00 -8.502771e-02 -7.981908e-01 -5.438014e-01 -1.126906e+00  1.000000e+00
-3.950485e-01  5.142122e-01 -2.054868e-01  2.290375e-01  1.168031e-01  1.043861e+00 -9.175196e-03 -1.556720e+00  2.609558e+00  2.610539e-01 -3.369765e-01 -9.589526e-01 -7.501257e-01  1.000000e+00
 3.995653e-02 -4.944794e-01  4.083789e-01 -1.819110e-01  6.769891e-02 -2.727795e-01  6.905871e-03 -1.033430e+00  1.519333e+00 -1.177486e-01 -7.415816e-01 -5.605713e-01 -1.097747e+00  1.000000e+00
-2.309176e+00  2.884447e+00 -1.039743e-01  3.761215e-02 -6.098015e-02 -2.380837e+00  4.978221e-02  9.965914e-01 -1.648771e+00 -1.274603e+00 -1.481930e+00  5.768562e-01 -1.965301e+00  1.000000e+00
 1.623740e+00 -7.604544e-01 -1.493707e+00  1.857930e+00  9.337911e-01 -2.540966e+00 -2.702560e-01 -8.285404e-01 -8.403318e-01  4.709093e-01 -1.697613e+00 -2.276610e-01 -1.623463e+00  1.000000e+00
-2.608515e+00  3.741421e+00 -7.564897e-01  8.543836e-01  3.167979e-01  4.200754e-02 -1.050125e-01  3.313808e-01 -1.623239e+00 -4.469537e-01 -1.365911e+00  5.420332e-01 -1.963374e+00  1.000000e+00
 2.875657e+00 -2.870860e+00 -7.092583e-01  6.892372e-01  3.405126e-01 -3.583136e+00 -6.514788e-02  2.700311e-01 -1.162611e+00 -6.269901e-01 -1.600193e+00  1.197301e-01 -1.747399e+00  1.000000e+00
 2.330230e-01 -6.730689e-01  5.111579e-01 -6.561765e-01 -3.179832e-01 -2.278101e-01  1.006910e-01  8.208920e-01 -8.173439e-01 -5.320999e-01  6.140480e-01  1.476425e+00 -1.990524e+00  1.000000e+00
-4.234704e-01  2.155289e-01 -7.122969e-02 -1.033108e+00 -7.390403e-01 -5.514347e-02  3.219549e-01 -2.979363e-01  2.387298e+00 -1.356271e+00 -2.769580e-01 -3.934313e-01 -9.919529e-01  1.000000e+00
-1.904836e-01 -6.284701e-01  9.791922e-01 -1.017804e+00 -3.860402e-01 -1.673586e+00  1.667864e-01  1.049465e-01  7.554717e-01 -1.138090e+00 -8.415536e-01 -1.388210e-01 -1.331065e+00  1.000000e+00
-6.140095e-01  6.678142e-01 -3.893204e-02 -6.155144e-01 -5.174247e-01  1.081746e+00  2.064904e-01 -6.150564e-01  3.040621e+00 -7.002351e-01  1.335168e-01 -8.769376e-01 -6.050564e-01  1.000000e+00
-1.848042e+00  2.467335e+00 -2.954597e-01  2.938151e-01  7.129868e-02 -3.470306e-01 -2.166387e-02  6.861375e-01 -1.589085e+00 -8.455261e-01 -1.288918e+00  6.209229e-01 -1.966100e+00  1.000000e+00
-4.071008e-01  3.471224e-01  1.888754e-01 -2.758693e-01 -1.613561e-01  7.254572e-01  3.630767e-02  9.271998e-01 -1.493975e+00 -1.052308e+00 -1.028180e+00  7.650812e-01 -1.970501e+00  1.000000e+00
 7.920330e-01  5.205333e-01  1.860200e-01  1.151687e+00 -1.144741e+00  4.318164e-03 -2.285393e+00 -6.448558e-01 -2.453009e-01 -1.514275e+00  6.193934e-01  2.803484e-01  8.655800e-01  2.000000e+00
-4.923686e-01 -4.329724e-01 -1.431945e+00 -9.663275e-01 -5.046793e-01 -3.481372e-02  2.040671e-01  2.512524e-02 -6.398330e-01  3.659611e-01  4.236210e-01 -8.371914e-01  3.063510e-01  2.000000e+00
 8.472529e-02  6.927014e-02  8.672474e-04 -2.482810e-01  1.728065e+00  4.094238e-02  9.522989e-01  1.995628e-01  2.087058e-01 -2.890497e-01 -1.937894e-01  7.468117e-01  9.155291e-01  2.000000e+00
-5.933583e-01 -4.130950e-01 -1.052668e+00 -1.436194e+00 -8.955652e-01 -3.530490e-02  5.333097e-01 -9.613289e-01 -8.575963e-01  1.645773e-01  2.544760e-01 -4.739652e-01  4.374323e-01  2.000000e+00
 1.866612e-01  1.587728e-01 -1.609450e-02 -3.191455e-01  6.219525e-01  4.848227e-03 -5.845942e-01  2.183706e-01  2.715482e-01  8.343604e-02 -4.671765e-01  9.065113e-01  9.328522e-01  2.000000e+00
-1.222106e+00 -9.961683e-01  2.437751e-01  1.243626e+00 -9.135240e-01  5.901342e-03  1.726474e+00  9.388234e-01  6.647021e-01  1.168491e+00 -1.188980e+00  1.320786e+00  9.772383e-01  2.000000e+00
-5.606084e-01 -4.564812e-01 -1.233085e+00 -1.129987e+00 -5.010795e-01 -4.271112e-02  2.181574e-01 -2.332320e-01 -7.467828e-01  5.135395e-01  3.298861e-01 -8.201202e-01  2.940165e-01  2.000000e+00
-6.827902e-01 -5.594590e-01  2.155166e-01  7.122407e-01  7.031102e-02 -7.470143e-04 -2.820737e+00 -5.938284e-01 -1.890157e-01 -1.251683e+00  4.301592e-01  3.905218e-01  8.774993e-01  2.000000e+00
-1.377257e+00 -1.108023e+00  3.130520e-01  1.110978e+00  2.235067e-01  7.611808e-03 -2.462583e+00 -6.019216e-01 -2.060526e-01 -1.346320e+00  4.992630e-01  3.501908e-01  8.731274e-01  2.000000e+00
-3.342499e-01 -6.025614e-01 -2.088000e+00  3.067694e-01  3.617113e-01 -3.365237e-02 -4.388424e-01  1.450021e+00 -3.184024e-01  7.220630e-01  6.230029e-01 -1.339488e+00  1.180303e-01  2.000000e+00
-2.874300e-01 -4.014233e-01 -4.429753e+00 -6.027449e-01 -8.933348e-01  6.064529e-02 -6.519167e-02  3.741043e+00  8.577867e-01 -1.579907e+00  1.723307e+00 -1.141927e+00  4.460957e-01  2.000000e+00
-1.561574e-03  1.169889e-01  1.099217e+00  7.093018e-01  7.068488e-01  1.391674e-01 -4.432559e-01  6.322842e-01  2.669353e-01  1.151095e+00  1.667961e-01 -1.455697e+00 -3.380327e-01  2.000000e+00
-1.106757e+00 -8.768508e-01  2.146143e-01  7.214886e-01 -1.097952e-01  1.889406e-03 -2.761959e-01  3.307439e-01  3.336378e-01  2.576746e-01 -5.833461e-01  9.732177e-01  9.400022e-01  2.000000e+00
 2.405344e-01  2.059074e-01 -1.705143e-02 -4.959670e-01  1.394974e+00  1.468616e-02 -1.472892e+00 -2.432904e-01 -1.078799e-03 -7.470199e-01  9.550323e-02  5.824553e-01  8.980488e-01  2.000000e+00
-1.836777e+00 -2.442495e-01  3.416364e+00 -3.061699e+00 -1.224953e+00  3.058403e-01  3.633143e-01  8.803599e-01  2.506404e+00 -1.708083e+00  4.237411e-01 -6.284493e-01 -6.149903e-01  2.000000e+00
 2.801185e-02  2.698589e-01  6.196203e-01  8.875532e-01  7.059602e-01  3.485057e-01 -4.003801e-01  1.454896e-01  6.485807e-01  1.141492e+00  5.327015e-02 -1.408050e+00 -4.016063e-01  2.000000e+00
 1.114681e-01  8.593866e-02  1.264052e-02 -1.328639e-01  1.040439e+00  2.601441e-02  6.547015e-01  3.133630e-01  2.924424e-01  2.382951e-02 -4.124437e-01  8.734533e-01  9.291850e-01  2.000000e+00
 1.509379e+00  1.213971e+00 -2.501681e-01 -1.242888e+00  5.370373e-01 -7.954776e-03 -7.931454e-01  3.767476e-01  3.830202e-01  4.858142e-01 -7.472215e-01  1.068585e+00  9.503183e-01  2.000000e+00
 7.936606e-01  6.154995e-01 -1.375339e-01 -5.807312e-01  3.022025e+00  8.172165e-02  2.339255e+00  3.281427e-02  5.434614e-02 -9.533661e-01  2.790994e-01  4.720371e-01  8.858351e-01  2.000000e+00
-5.400236e-02 -2.667109e-01 -3.096673e+00  9.649065e-02 -2.421189e-01  2.341742e-02 -2.991188e-01  3.153979e+00  4.525129e-01 -5.815514e-01  1.343647e+00 -1.357219e+00  2.649569e-01  2.000000e+00
 1.399590e+00  1.108001e+00 -1.889001e-01 -1.066910e+00  2.036236e+00  3.823546e-02  3.172145e-01  2.906304e-02  1.181782e-01 -5.294499e-01 -3.504705e-02  6.558318e-01  9.057914e-01  2.000000e+00
 1.135416e+00  8.887001e-01 -1.709279e-01 -3.432781e-01 -2.302343e+00 -5.475891e-02 -3.143943e-01  1.211048e+00  9.115449e-01  2.221899e+00 -1.937866e+00  1.755844e+00  1.024249e+00  2.000000e+00
 2.877847e-01  2.766860e-01  1.184792e+00  2.606103e-02  4.193352e-02 -7.021108e-02  1.562812e-01 -6.649627e-01 -1.086070e+00  1.319590e+00  6.309595e-02 -1.057036e+00  1.268097e-01  2.000000e+00
-1.632957e+00 -1.110376e+00 -9.226330e-01 -2.513811e+00 -2.813811e-01 -7.496720e-02 -1.499571e-01 -1.476331e+00 -1.122306e+00  1.014722e+00 -1.784857e-01 -4.743569e-01  3.454285e-01  2.000000e+00
-1.200494e+00 -9.907071e-01  3.447913e-01  1.292462e+00  3.487013e-01  2.252994e-02 -1.499877e+00 -5.200534e-01 -1.855202e-01 -1.381709e+00  5.346552e-01  3.285845e-01  8.707139e-01  2.000000e+00
 3.418730e-01  1.695753e-01  2.434949e-01  1.261798e+00 -3.756387e-01  2.714464e-02 -8.741457e-01 -4.708546e-01 -1.774145e-01 -1.430290e+00  5.765187e-01  3.035285e-01  8.679532e-01  2.000000e+00
 1.058446e+00  8.499183e-01 -1.682010e-01 -1.008467e+00  1.914535e+00  3.217353e-02  2.183054e-01  1.049555e-01  1.717828e-01 -3.352648e-01 -1.702673e-01  7.340970e-01  9.142264e-01  2.000000e+00
 7.593068e-02  3.591395e-02  8.686671e-02  2.219489e-01  9.126552e-01  2.447080e-02 -1.059405e+00 -3.390343e-01 -7.979055e-02 -1.063693e+00  3.194338e-01  4.525006e-01  8.840188e-01  2.000000e+00
 8.517502e-02  4.036498e-01  2.056542e+00 -2.007624e-02  9.595047e-02 -9.485072e-03 -3.892292e-01 -7.121810e-01 -4.883728e-01 -3.426212e-01  2.184693e-01  1.309761e-02  6.573592e-01  2.000000e+00
-4.228145e-01 -3.919785e-01 -1.567359e-01 -6.786564e-01 -1.556669e-01 -7.186302e-02  2.060651e-01 -1.178258e+00 -1.176496e+00  1.206887e+00 -5.017759e-02 -8.194075e-01  2.123777e-01  2.000000e+00
-2.300131e+00 -1.588605e+00 -1.129890e+00 -3.112193e+00  9.833838e-02 -9.084869e-02 -6.196694e-01 -1.565427e+00 -1.168116e+00  1.354522e+00 -3.610959e-01 -4.488618e-01  3.189231e-01  2.000000e+00
-1.179179e+00 -9.354951e-01  2.320415e-01  7.449766e-01  4.338459e-01  8.365133e-03 -1.751815e+00 -3.183934e-01 -4.263065e-02 -8.627582e-01  1.730612e-01  5.378947e-01  8.932733e-01  2.000000e+00
 2.615644e-01  2.174071e-01 -4.678482e-03 -3.882447e-01  8.823421e-01  5.595772e-03 -1.397636e+00 -8.427176e-02  1.000205e-01 -4.140720e-01 -1.329738e-01  7.143481e-01  9.122375e-01  2.000000e+00
-1.080115e+00 -8.601830e-01  2.329502e-01  7.180089e-01  5.128919e-01  8.734519e-03 -2.129205e+00 -4.649556e-01 -1.263968e-01 -1.108223e+00  3.382871e-01  4.428563e-01  8.830753e-01  2.000000e+00
 1.111397e+00  8.702756e-01 -1.674396e-01 -3.684223e-01 -1.975740e+00 -4.686667e-02 -1.530919e-01  1.148446e+00  8.653573e-01  2.048892e+00 -1.816911e+00  1.685783e+00  1.016694e+00  2.000000e+00
-1.477520e-01 -1.333188e-01  5.305121e-02  4.051268e-01 -8.880112e-01 -7.999912e-03  9.354529e-01  9.082385e-01  6.716707e-01  1.277267e+00 -1.272963e+00  1.370251e+00  9.826338e-01  2.000000e+00
-9.276686e-01  6.141152e-01  7.641984e-01 -2.842367e+00 -2.068271e+00  6.732701e-01  7.002621e-01  2.232862e+00  3.507832e+00 -3.131335e+00  1.287429e+00 -6.251882e-01 -2.761655e-01  2.000000e+00
 2.533017e+00  1.565538e+00 -9.816648e-01  2.043639e+00 -2.706815e+00  5.517190e-02  2.859863e+00 -7.530348e-01 -6.014825e-01 -1.789192e+00  1.142214e+00 -3.748179e-01  6.695178e-01  2.000000e+00
 1.240691e+00  1.006534e+00 -2.075956e-01 -1.208587e+00  1.109576e+00  1.240663e-03 -1.244361e+00  7.939345e-02  2.034892e-01 -7.487754e-02 -3.657356e-01  8.487102e-01  9.266909e-01  2.000000e+00
-8.186928e-01 -6.260405e-01 -9.822161e-01 -1.547915e+00 -5.405298e-01 -6.142043e-02  3.043036e-01 -1.093386e+00 -1.056109e+00  8.318396e-01  5.582553e-02 -6.881754e-01  2.958539e-01  2.000000e+00
 6.996421e-01  5.660862e-01 -1.038984e-01 -6.450503e-01  5.298839e-01 -1.137658e-04 -5.628229e-01  3.130538e-01  3.330604e-01  2.904064e-01 -6.097212e-01  9.888517e-01  9.417140e-01  2.000000e+00
-1.368957e-01 -1.875622e-01 -5.332853e-01 -2.500688e-01 -7.620738e-02 -4.877083e-02  3.349116e-02  7.836207e-02 -7.452503e-01  8.350096e-01  3.240279e-01 -1.043043e+00  1.898548e-01  2.000000e+00
-3.015084e-01 -1.447132e-01  4.719052e-01 -1.413093e-01  4.223509e-02 -1.076769e-02 -3.586740e-01 -7.431605e-01 -5.104917e-01 -3.119521e-01  2.105185e-01 -9.258603e-04  6.490772e-01  2.000000e+00
 2.947884e-02  1.944287e-02  3.675049e-02 -6.384632e-02  1.061936e+00  2.588185e-02  3.748038e-01  2.107008e-01  2.342538e-01 -1.449475e-01 -2.990486e-01  8.082508e-01  9.221903e-01  2.000000e+00
 4.675765e-01  3.838684e-01 -6.550529e-02 -5.256527e-01  5.683712e-01  7.164985e-05 -7.935974e-01  2.262554e-01  2.838037e-01  1.473621e-01 -5.136027e-01  9.335818e-01  9.357847e-01  2.000000e+00
-5.564150e-01 -4.848553e-01 -4.475684e-01 -9.297531e-01 -2.749840e-01 -6.865175e-02  2.436012e-01 -1.192801e+00 -1.149089e+00  1.088416e+00 -2.665813e-02 -7.647357e-01  2.427049e-01  2.000000e+00
-9.198521e-02 -8.859095e-02  4.590070e-02  4.541225e-01 -1.812152e+00 -3.248128e-02  2.198940e-01  1.028868e+00  7.739413e-01  1.697508e+00 -1.570277e+00  1.542828e+00  1.001271e+00  2.000000e+00
-1.096636e+00 -8.952285e-01  2.891504e-01  1.077073e+00  1.426133e-01  9.208086e-03 -2.292868e+00 -5.810952e-01 -1.985100e-01 -1.339976e+00  4.969591e-01  3.513058e-01  8.732313e-01  2.000000e+00
-4.734177e-01 -3.758016e-01  1.290064e-01  2.386684e-01  8.951511e-01  1.376556e-02 -1.727369e+00 -3.741653e-01 -7.967058e-02 -9.903987e-01  2.611513e-01  4.869857e-01  8.877916e-01  2.000000e+00
 3.184749e-01  2.375251e-01 -2.765006e-02  1.646163e-01 -1.652837e+00 -3.098620e-02  3.490664e-01  1.061939e+00  7.916814e-01  1.745319e+00 -1.601985e+00  1.561015e+00  1.003219e+00  2.000000e+00
-7.464291e-01 -7.122515e-01 -1.492747e+00 -9.979410e-01 -2.896621e-01 -5.288441e-02  1.053440e-01 -4.553290e-01 -8.601321e-01  7.749888e-01  2.006905e-01 -8.324525e-01  2.606797e-01  2.000000e+00
 1.775858e-01 -1.768151e-01 -1.891633e+00  4.757157e-01 -1.092372e+00  2.869902e-02  8.005993e-01 -6.278154e-01 -3.918516e-01 -1.246251e+00  6.471441e-01  2.787736e-02  7.539690e-01  2.000000e+00
 4.336544e-01  3.362800e-01 -4.880652e-02 -2.896283e-02 -1.420339e+00 -3.176446e-02 -1.281913e-01  9.169972e-01  7.128154e-01  1.528479e+00 -1.457833e+00  1.478290e+00  9.943563e-01  2.000000e+00
 2.597335e-01  6.836176e-02 -9.429412e-01 -7.709798e-02 -1.172808e+00 -3.388569e-03  9.935025e-01 -9.649608e-01 -7.264235e-01 -5.179579e-01  4.697203e-01 -2.872153e-01  5.693028e-01  2.000000e+00
 3.334961e-01  2.758532e-01 -3.522846e-02 -4.495208e-01  8.726033e-01  7.815593e-03 -8.148287e-01  9.457613e-02  1.982021e-01 -1.408878e-01 -3.150933e-01  8.189139e-01  9.234434e-01  2.000000e+00
 3.460631e-01  2.832580e-01 -3.993651e-02 -3.117223e-01 -1.803880e-01 -1.359613e-02 -7.690337e-01  4.339712e-01  4.184719e-01  5.996415e-01 -8.248769e-01  1.113369e+00  9.551335e-01  2.000000e+00
 2.994312e-01  2.485614e-01 -3.316938e-02 -3.607293e-01  2.739468e-01 -4.893130e-03 -8.510163e-01  2.747325e-01  3.171424e-01  2.654149e-01 -5.954725e-01  9.809346e-01  9.408860e-01  2.000000e+00
-5.044217e-01 -4.209786e-01  1.685647e-01  5.855211e-01  5.918065e-01  1.818284e-02 -1.412445e+00 -3.781831e-01 -9.385321e-02 -1.074453e+00  3.230841e-01  4.507919e-01  8.838657e-01  2.000000e+00
-2.746284e+00 -2.222293e+00  5.173375e-01  2.529813e+00 -1.659497e+00  8.931894e-03  2.487001e+00  1.105047e+00  7.468455e-01  1.362830e+00 -1.313955e+00  1.392049e+00  9.848389e-01  2.000000e+00
 3.019446e+00  2.425055e+00 -5.145472e-01 -2.388995e+00  5.281134e-01 -2.616694e-02 -1.639968e+00  4.044499e-01  4.302075e-01  7.372994e-01 -9.302910e-01  1.175370e+00  9.618891e-01  2.000000e+00
-1.074390e+00 -8.665503e-01 -1.215041e+00 -1.036264e+00 -1.140170e-01 -1.862063e-02 -3.921249e-01 -8.038288e-01 -5.505501e-01 -2.064725e-01  1.665561e-01 -1.674830e-02  6.323654e-01  2.000000e+00
-3.704637e-01 -3.038535e-01 -1.074960e+00 -1.113447e+00 -1.014854e+00 -2.984918e-02  7.139775e-01 -1.090798e+00 -8.796763e-01  4.061647e-02  2.785774e-01 -4.256700e-01  4.645906e-01  2.000000e+00
 6.267576e-02  1.131773e-01 -2.342834e-01 -1.380587e+00  4.804919e+00  1.007712e-01  3.847284e+00  4.387296e-01  2.757922e-01 -3.431208e-01 -1.276939e-01  7.055761e-01  9.108567e-01  2.000000e+00
-2.876278e+00 -2.316481e+00  5.401841e-01  2.475413e+00 -1.418486e+00  8.454960e-03  1.850624e+00  8.954953e-01  6.307792e-01  1.035935e+00 -1.095605e+00  1.266632e+00  9.713944e-01  2.000000e+00
 6.420376e-01  5.177667e-01 -8.904108e-02 -5.041375e-01 -9.752387e-02 -1.216709e-02 -5.644876e-01  4.902649e-01  4.487122e-01  6.811942e-01 -8.789369e-01  1.144374e+00  9.584534e-01  2.000000e+00
 1.273287e+00  1.026353e+00 -2.019218e-01 -1.029204e+00  1.815024e-02 -1.944341e-02 -1.152267e+00  4.174242e-01  4.210258e-01  6.504569e-01 -8.644112e-01  1.136681e+00  9.576780e-01  2.000000e+00
 7.174731e-01  5.782450e-01 -1.044750e-01 -5.582015e-01 -1.619743e-01 -1.522782e-02 -7.189283e-01  4.851375e-01  4.505453e-01  7.038549e-01 -8.962725e-01  1.154570e+00  9.595647e-01  2.000000e+00
 7.049676e-01  5.622037e-01 -9.930441e-02 -4.125823e-01 -7.154737e-01 -2.357073e-02 -4.708023e-01  6.912407e-01  5.769305e-01  1.105317e+00 -1.170148e+00  1.312501e+00  9.765419e-01  2.000000e+00
 5.459479e-01  4.486685e-01 -8.703329e-02 -7.346119e-01  1.779519e+00  2.601150e-02 -6.035067e-01 -9.829603e-02  6.569939e-02 -6.094743e-01  9.898591e-03  6.309415e-01  9.031939e-01  2.000000e+00
-4.211596e-01 -3.435899e-01  1.027670e-01  5.448841e-01 -1.360119e+00 -2.393042e-02 -9.706633e-04  8.211797e-01  6.452999e-01  1.284454e+00 -1.287979e+00  1.379987e+00  9.837622e-01  2.000000e+00
-1.565898e+00 -1.084277e+00 -9.223280e-01 -1.921810e+00  4.558850e-02 -4.262320e-02 -6.376105e-01 -9.569352e-01 -6.993529e-01  2.984098e-01 -1.518972e-02 -1.301237e-01  5.412173e-01  2.000000e+00
 1.559465e+00  9.223683e-01 -1.103799e+00  1.008318e+00 -2.144973e+00  2.623002e-02  2.166866e+00 -8.153507e-01 -6.951435e-01 -1.152007e+00  8.684152e-01 -4.330380e-01  5.850725e-01  3.000000e+00
 8.490319e-01  5.248777e-01  2.860198e-01  1.587414e+00 -5.013969e-01  4.518216e-02  3.231979e-01 -3.930189e-01 -1.687439e-01 -1.535219e+00  6.630484e-01  2.520439e-01  8.622989e-01  3.000000e+00
 8.090740e-01  7.775027e-01  1.680808e+00  9.760834e-01 -3.759837e-01  1.730094e-02  2.397586e-01 -6.082757e-01 -3.959206e-01 -9.123149e-01  4.790858e-01  4.255321e-02  7.257708e-01  3.000000e+00
 7.502737e-01  4.842020e-01 -2.011047e-01  5.447170e-01 -1.202943e+00  9.554871e-03  1.117979e+00 -8.850764e-01 -6.485421e-01 -7.804712e-01  5.643238e-01 -2.284021e-01  6.166572e-01  3.000000e+00
-9.145636e-01 -5.336360e-01 -5.844775e-01 -2.198575e+00 -7.681339e-01 -6.768239e-02  4.207820e-01 -1.398469e+00 -1.153715e+00  8.625204e-01 -1.046453e-02 -6.266712e-01  3.098171e-01  3.000000e+00
 2.608024e-01  3.531958e-01  7.947138e-01 -4.440163e-01 -3.973571e-01 -5.005793e-02  3.525709e-01 -4.105666e-01 -8.847104e-01  7.537388e-01  2.699227e-01 -9.274002e-01  2.310622e-01  3.000000e+00
-7.977607e-01 -1.022505e+00 -1.645184e+00 -5.539581e-02  5.115123e-01 -7.505697e-02 -3.511279e-01 -3.224084e-01 -9.859973e-01  1.520897e+00  1.616916e-02 -1.112281e+00  9.221458e-02  3.000000e+00
-7.402347e-01 -6.532134e-01  3.334371e-01  1.336280e+00  6.683942e-01  4.539028e-02  1.367724e-01 -3.201592e-01 -1.099317e-01 -1.300742e+00  4.971414e-01  3.483290e-01  8.726928e-01  3.000000e+00
-6.491782e-01 -4.703429e-01 -4.594484e-01 -7.404255e-01 -2.481657e-01 -1.986502e-02 -1.217862e-01 -8.661846e-01 -6.280838e-01 -1.511673e-01  1.979650e-01 -1.188176e-01  5.912329e-01  3.000000e+00
 4.727727e-01  3.964804e-01  2.805377e-01  2.709018e-01 -8.903519e-01  5.334893e-03  7.224242e-01 -8.050427e-01 -5.895712e-01 -6.945745e-01  4.879979e-01 -1.629596e-01  6.314115e-01  3.000000e+00
-8.818462e-02 -7.206952e-02 -3.996975e-01 -3.835838e-01 -7.658887e-01 -1.264309e-02  5.289136e-01 -9.273881e-01 -7.041040e-01 -3.077885e-01  3.459807e-01 -2.457271e-01  5.628866e-01  3.000000e+00
 4.049918e-01  1.233217e-01  9.693996e-01  1.136712e+00  9.271444e-01 -8.199853e-02 -4.468749e-01  2.903472e-01 -9.568108e-01  1.928653e+00  9.796127e-02 -1.525937e+00 -8.160711e-02  3.000000e+00
-2.749631e-01 -3.073879e-01  3.175553e-01  1.409426e+00  2.310546e-01  4.191711e-02 -4.351342e-02 -3.738749e-01 -1.405972e-01 -1.390355e+00  5.576235e-01  3.135278e-01  8.689587e-01  3.000000e+00
-6.523382e-01 -6.047622e-01 -1.166306e+00 -3.715320e-01 -2.683397e-01  2.804585e-03 -1.882666e-01 -6.583568e-01 -4.078016e-01 -6.736347e-01  3.307787e-01  9.520256e-02  7.191746e-01  3.000000e+00
-1.723143e-01 -6.874108e-02  1.892270e+00  2.317205e-02  3.761945e-01 -1.001393e-01 -3.651499e-01  1.531761e+00  1.140218e-01  6.377661e-01  4.677294e-01 -1.421711e+00 -2.392443e-01  3.000000e+00
 1.996982e-01 -6.204340e-02  1.516142e+00  9.541698e-01  9.631146e-01 -2.106475e-01 -6.145835e-01  1.370600e+00 -6.228747e-01  1.532554e+00  3.141150e-01 -1.637351e+00 -2.016005e-01  3.000000e+00
 2.545835e-01  2.224375e-01 -4.319946e-02 -4.773705e-01  4.370799e-01 -6.928448e-03 -1.275165e+00  1.701046e-01  2.631407e-01  1.282076e-01 -5.057213e-01  9.295887e-01  9.353973e-01  3.000000e+00
-4.105284e-01 -1.286931e-01  4.718707e-01 -1.118484e+00 -4.714256e-01 -4.680574e-02  2.503184e-01 -1.235904e+00 -9.637641e-01  4.579938e-01  7.014382e-02 -4.240173e-01  4.214398e-01  3.000000e+00
 6.738711e-02  2.911054e-01  7.215009e-01 -1.104333e+00 -8.983288e-01 -4.616102e-02  7.142224e-01 -1.188662e+00 -1.026465e+00  4.436073e-01  1.831319e-01 -5.972890e-01  3.644975e-01  3.000000e+00
 1.556847e+00  1.017446e+00  3.605705e-01  2.138438e+00 -1.111862e+00  5.806393e-02  1.099457e+00 -4.298880e-01 -2.228624e-01 -1.814118e+00  8.656450e-01  1.339140e-01  8.495033e-01  3.000000e+00
 2.807586e-01  2.249375e-01 -9.707889e-02 -6.310572e-01  4.337525e+00  1.153651e-01  4.321436e+00  2.694878e-01  1.452620e-01 -8.484001e-01  2.275642e-01  4.996047e-01  8.886330e-01  3.000000e+00
-5.845045e-01 -4.214953e-01 -4.350163e-02 -6.012675e-01  4.053481e+00  9.169367e-02  3.082110e+00  2.514556e-01  1.761790e-01 -6.085854e-01  4.796642e-02  6.048661e-01  9.000761e-01  3.000000e+00
-2.929850e+00 -2.369378e+00  5.662498e-01  2.468673e+00  5.226259e-01  6.705430e-02  4.018649e+00  7.526190e-01  4.657961e-01  2.508745e-01 -5.309473e-01  9.379262e-01  9.358241e-01  3.000000e+00
 2.934754e-01  5.446524e-01  9.224874e-01 -1.012479e+00 -8.484604e-01 -3.811429e-02  6.008965e-01 -4.493002e-01 -8.077135e-01  3.455616e-01  3.798385e-01 -7.863540e-01  3.195868e-01  3.000000e+00
 6.918609e-01  5.439863e-01  7.611674e-02 -1.202619e-01 -1.324289e+00 -1.818796e-02  1.265409e+00 -1.101555e+00 -9.140684e-01 -1.601583e-01  4.282636e-01 -5.160417e-01  4.537406e-01  3.000000e+00
-2.055559e-02 -1.363480e-01  1.670001e-02  1.179847e-01  2.203259e-01 -6.388468e-02 -7.331587e-02 -1.335279e-01 -9.045905e-01  1.248813e+00  1.734734e-01 -1.141086e+00  1.121826e-01  3.000000e+00
-3.770422e-01 -3.190965e-01  1.877435e-01  4.420182e-01  7.628351e-01  1.973842e-02 -1.030251e+00 -2.376337e-01 -1.478160e-02 -8.489979e-01  1.718234e-01  5.377322e-01  8.931881e-01  3.000000e+00
-6.893010e-01 -7.184529e-01  3.677498e+00 -8.554417e-02  9.790718e-01 -4.309548e-01 -6.206061e-01  7.856611e-01 -7.335147e-01  1.648377e+00 -8.036628e-02 -1.454265e+00 -4.412436e-01  3.000000e+00
 9.959032e-01  1.091771e+00  2.099998e+00 -9.468850e-02 -9.393935e-01 -3.065375e-02  9.263565e-01 -9.301837e-01 -9.229434e-01  1.818316e-01  3.460160e-01 -6.385760e-01  3.799975e-01  3.000000e+00
 3.451210e-01  5.701365e-01  1.742601e+00 -4.283554e-01 -4.999067e-01 -3.287033e-02  3.483755e-01 -1.065424e+00 -8.556388e-01  1.811600e-01  1.861830e-01 -3.819987e-01  4.657035e-01  3.000000e+00
-8.279622e-01 -7.205070e-01  3.520418e-01  1.432075e+00  4.753906e-02  2.446922e-02 -1.338900e+00 -5.347051e-01 -2.019857e-01 -1.459406e+00  5.906550e-01  2.959777e-01  8.671857e-01  3.000000e+00
-9.615569e-02 -1.407164e-02 -8.569451e-01 -8.182199e-01 -7.010006e-01 -2.165938e-02  3.576201e-01  2.920189e-01 -5.093123e-01  5.881261e-02  5.822191e-01 -8.337416e-01  3.418146e-01  3.000000e+00
 8.295728e-01  5.458268e-01  5.630095e-02  1.014791e+00 -9.573594e-01  2.783309e-02  8.324550e-01 -6.367497e-01 -4.216369e-01 -1.175368e+00  6.409949e-01 -1.952684e-02  7.305936e-01  3.000000e+00
-2.009928e-01 -1.098240e-01 -1.033404e+00 -9.253283e-01 -7.252942e-01 -2.263210e-02  3.644618e-01  1.933090e-01 -5.332115e-01  5.965075e-02  5.560717e-01 -7.988282e-01  3.523376e-01  3.000000e+00
 1.364300e-01  3.139294e-01  1.084930e+00 -4.609308e-01 -5.289561e-01 -2.985143e-02  3.635621e-01 -1.064549e+00 -8.348692e-01  1.052254e-01  2.026911e-01 -3.486810e-01  4.846617e-01  3.000000e+00
-1.003820e+00 -8.545897e-01  3.677781e-01  1.454009e+00  1.842512e-01  2.662629e-02 -1.241382e+00 -5.234916e-01 -1.975538e-01 -1.453649e+00  5.875990e-01  2.976454e-01  8.673575e-01  3.000000e+00
 5.121560e-01  6.393186e-01  4.034702e-01 -5.270882e-01 -7.802340e-01 -1.568655e-02  4.711483e-01  5.852041e-01 -4.308386e-01 -3.907538e-02  7.042492e-01 -9.348978e-01  3.210137e-01  3.000000e+00
 5.486251e-01  7.553688e-01  2.048174e+00 -5.809572e-01 -5.618279e-01 -5.969164e-02  5.799217e-01 -1.019127e+00 -1.103194e+00  8.882290e-01  1.268901e-01 -8.461889e-01  2.373375e-01  3.000000e+00
 8.432437e-01  7.588547e-01  1.263929e+00  5.880736e-01  4.560669e-02 -4.028456e-02  4.803734e-02  8.256438e-01 -5.659898e-01  7.987433e-01  5.410895e-01 -1.315236e+00  1.105150e-01  3.000000e+00
 1.863161e+00  1.499762e+00  1.325304e+00  1.060057e+00 -1.667060e+00  1.053526e-02  1.752448e+00 -9.796469e-01 -7.782163e-01 -7.765417e-01  6.719619e-01 -4.192401e-01  5.500304e-01  3.000000e+00
-8.123514e-02 -1.414580e-01  2.450131e-01  1.116010e+00  2.807972e-01  3.680131e-02 -2.043069e-01 -3.288657e-01 -1.048459e-01 -1.248990e+00  4.580172e-01  3.713017e-01  8.751945e-01  3.000000e+00
-9.555809e-01 -7.661526e-01  2.482603e-01  6.641457e-01  6.334051e-01  1.555708e-02 -1.058738e+00 -1.713487e-01  3.006082e-02 -6.923207e-01  6.328995e-02  6.004921e-01  8.999476e-01  3.000000e+00
 1.188242e-01  3.993743e-01  1.048601e+00 -1.206008e+00 -8.596018e-01 -5.084095e-02  6.714510e-01 -1.110368e+00 -1.038157e+00  5.634585e-01  1.749932e-01 -6.732629e-01  3.276449e-01  3.000000e+00
 6.898650e-02 -9.753009e-02  2.684987e-03  3.669960e-01  3.673844e-01 -6.251376e-02 -1.848531e-01  1.912453e-01 -8.260776e-01  1.294577e+00  2.322135e-01 -1.249344e+00  7.493729e-02  3.000000e+00
 5.203623e-01  3.831932e-01  6.377567e-01  5.571504e-01  2.194807e-01 -4.810326e-02 -8.968188e-02  6.926726e-01 -6.344661e-01  9.952726e-01  4.418724e-01 -1.318187e+00  8.805102e-02  3.000000e+00
-2.548063e-01 -2.638508e-01  2.614944e+00 -4.502086e-01  1.716325e-01 -3.924145e-01 -3.405548e-01  2.441191e+00 -2.311677e-01  3.005188e-01  7.402195e-01 -1.428755e+00 -1.333592e-01  3.000000e+00
-2.118368e-01 -1.739488e-01  2.328047e+00 -3.579728e-01  1.532114e-01 -3.014202e-01 -3.159882e-01  2.284498e+00 -5.926008e-02  2.632833e-01  7.169465e-01 -1.410431e+00 -1.497658e-01  3.000000e+00
 5.039852e-01  5.198421e-01  1.198794e+00  6.360841e-01 -3.797824e-01  1.378957e-02  1.721106e-01 -6.248673e-01 -4.047126e-01 -8.582658e-01  4.502905e-01  4.608569e-02  7.213580e-01  3.000000e+00
