 1.9650319909  1.5700940753  0.1918557472  1.0000000000
 1.9262041870  1.7107219561  0.1860037546  1.0000000000
 1.8874319614  1.8517108437  0.1800524540  1.0000000000
 1.9495902248  1.4200779499  0.1725525534  1.0000000000
 1.8573879793  1.7485007740  0.1578536661  1.0000000000
 1.8316107649  1.8425375274  0.1539240493  1.0000000000
 1.9200763125  1.3171932621  0.1508280279  1.0000000000
 1.9066033800  1.3635550163  0.1486509529  1.0000000000
 1.8797755883  1.4572868162  0.1442133720  1.0000000000
 1.8014329784  1.7393010809  0.1316650286  1.0000000000
 1.7885830872  1.7863616324  0.1296845496  1.0000000000
 1.8500148459  1.3538784328  0.1224592181  1.0000000000
 1.8365952603  1.4007455898  0.1202104732  1.0000000000
 1.8232809937  1.4477975515  0.1179237427  1.0000000000
 1.7326070004  1.7771070598  0.1034801751  1.0000000000
 1.8329119760  1.2039358320  0.1029550449  1.0000000000
 1.7665382138  1.4381086337  0.0917047381  1.0000000000
 1.7148672083  1.6264870571  0.0832715851  1.0000000000
 1.6639234207  1.8149228594  0.0753285067  1.0000000000
 1.5997685036  2.0498155730  0.0656490966  1.0000000000
 1.7361431517  1.3342483340  0.0699799522  1.0000000000
 1.5572897456  1.9942816043  0.0415867018  1.0000000000
 1.5395575540  1.8437763151  0.0209241464  1.0000000000
 1.5144818100  1.9382996854  0.0172437472  1.0000000000
 1.6494163791  1.2204649247  0.0222986706  1.0000000000
 1.5333388446  1.6455260130  0.0023783040  1.0000000000
 1.5212165287  1.6929962889  0.0003651669  1.0000000000
 1.5923316435  1.2105104985 -0.0039877681  1.0000000000
 1.5787337737  1.2576502056 -0.0063983163  1.0000000000
 1.5026554478  1.5417404138 -0.0197529240  1.0000000000
 1.5754671988  1.0600098628 -0.0228932441  1.0000000000
 1.5353479148  1.2005999000 -0.0302453494  1.0000000000
 1.4709595590  1.4373217651 -0.0417400670  1.0000000000
 1.4090884593  1.6743349155 -0.0521429611  1.0000000000
 1.3349322483  1.9586400377 -0.0632442599  1.0000000000
 1.3098576048  2.0531228660 -0.0667417199  1.0000000000
 1.4646022683  1.2377183889 -0.0589728831  1.0000000000
 1.4515269020  1.2851012561 -0.0613455975  1.0000000000
 1.4604223473  1.0391153132 -0.0753482313  1.0000000000
 1.4344358803  1.1331205719 -0.0802280156  1.0000000000
 1.3454684187  1.4654790865 -0.0964332025  1.0000000000
 1.2852419021  1.7035295755 -0.1066327873  1.0000000000
 1.2730474811  1.7510392043 -0.1084796215  1.0000000000
 1.2607456029  1.7984723536 -0.1103261619  1.0000000000
 1.2240907560  1.9410070606 -0.1156463179  1.0000000000
 1.2116019031  1.9883414808 -0.1173451182  1.0000000000
 1.1865357908  2.0829412230 -0.1207711174  1.0000000000
 1.1739596682  2.1299461692 -0.1226123130  1.0000000000
 1.3646145101  1.1706562113 -0.1088679024  1.0000000000
 1.3380098935  1.2653747494 -0.1138804802  1.0000000000
 1.2891378833  1.4559502183 -0.1227303802  1.0000000000
 1.2533790467  1.5991187383 -0.1289830525  1.0000000000
 1.2414306211  1.6467843940 -0.1309972078  1.0000000000
 1.1808663241  1.8845426318 -0.1402112750  1.0000000000
 1.1684727441  1.9320110619 -0.1419085873  1.0000000000
 1.3065716806  1.1599117949 -0.1352130361  1.0000000000
 1.2687659932  1.3029235468 -0.1423528448  1.0000000000
 1.2565546962  1.3507293302 -0.1446685580  1.0000000000
 1.2093049230  1.5421706691 -0.1532321318  1.0000000000
 1.1973525025  1.5897962932 -0.1552495193  1.0000000000
 1.1133021373  1.9232858515 -0.1681413508  1.0000000000
 1.2494086415  1.1497402234 -0.1614516777  1.0000000000
 1.2363197440  1.1972445602 -0.1639429847  1.0000000000
 1.2237616523  1.2451037284 -0.1663685162  1.0000000000
 1.1297900829  1.6283856971 -0.1835320103  1.0000000000
 1.0455828956  1.9620766519 -0.1960133373  1.0000000000
 1.1550946141  1.2830433931 -0.1949153167  1.0000000000
 1.0969743648  1.5232893464 -0.2058006711  1.0000000000
 1.0854983130  1.5712833114 -0.2078443940  1.0000000000
 1.0625857985  1.6671845795 -0.2116966297  1.0000000000
 0.9780325346  2.0010834614 -0.2238069960  1.0000000000
 0.9654151603  2.0485466657 -0.2253959932  1.0000000000
 1.0981581677  1.2730745446 -0.2212135972  1.0000000000
 1.0865785887  1.3212630044 -0.2235120519  1.0000000000
 1.0520853383  1.4656150498 -0.2300172019  1.0000000000
 1.0182050877  1.6099829896 -0.2360449398  1.0000000000
 0.9950962838  1.7059499658 -0.2398381238  1.0000000000
 0.9833449981  1.7537134534 -0.2416266186  1.0000000000
 1.0866577366  1.0693999154 -0.2381039118  1.0000000000
 1.0625986143  1.1653447920 -0.2429381523  1.0000000000
 1.0406776507  1.2627581799 -0.2475365351  1.0000000000
 1.0184210403  1.3595934046 -0.2520019539  1.0000000000
 0.9738486586  1.5528244161 -0.2603824462  1.0000000000
 0.9510816569  1.6488906812 -0.2642039640  1.0000000000
 0.9280329150  1.7448902052 -0.2678739243  1.0000000000
 0.9163978793  1.7928086595 -0.2696476304  1.0000000000
 0.9046339837  1.8406569371 -0.2713658881  1.0000000000
 0.8428431861  2.0791332474 -0.2793953051  1.0000000000
 0.9618398229  1.3498367981 -0.2783144768  1.0000000000
 0.9509124925  1.3983668819 -0.2804754851  1.0000000000
 0.9288045131  1.4950674301 -0.2846695764  1.0000000000
 0.9068237746  1.5917096706 -0.2885770828  1.0000000000
 0.8956152258  1.6398961769 -0.2904701279  1.0000000000
 0.8729163331  1.7361584761 -0.2941100302  1.0000000000
 0.8494848974  1.8319967029 -0.2976105907  1.0000000000
 0.8374905113  1.8797655085 -0.2992307237  1.0000000000
 0.8001806483  2.0230547382 -0.3039811976  1.0000000000
 0.7878230623  2.0706478588 -0.3055497076  1.0000000000
 0.8944927093  1.3887000559 -0.3067844058  1.0000000000
 0.8620938556  1.5342192144 -0.3129335230  1.0000000000
 0.8511585652  1.5826086318 -0.3148328824  1.0000000000
 0.7823991845  1.8712579236 -0.3254720765  1.0000000000
 0.7326768166  2.0622529801 -0.3317478699  1.0000000000
 0.8986468314  1.0843106435 -0.3196941665  1.0000000000
 0.8676274595  1.2312057956 -0.3265472322  1.0000000000
 0.8482746179  1.3300750499 -0.3309757373  1.0000000000
 0.8378616160  1.3788995400 -0.3330928799  1.0000000000
 0.8278995901  1.4280296214 -0.3351920623  1.0000000000
 0.8063449640  1.5250359015 -0.3392079817  1.0000000000
 0.7848460665  1.6221032410 -0.3429944744  1.0000000000
 0.8387074336  1.0723635781 -0.3460986758  1.0000000000
 0.8103089768  1.2210230459 -0.3529112239  1.0000000000
 0.7717051206  1.4185840777 -0.3615448304  1.0000000000
 0.7613121399  1.4673234125 -0.3635817885  1.0000000000
 0.7508543399  1.5160874070 -0.3655325516  1.0000000000
 0.7186719837  1.6617872149 -0.3710883325  1.0000000000
 0.7076042358  1.7101768769 -0.3729269578  1.0000000000
 0.6961508411  1.7582366819 -0.3746748461  1.0000000000
 0.6849391645  1.8064576197 -0.3764205699  1.0000000000
 0.7719243516  1.1115290640 -0.3747591622  1.0000000000
 0.7256361493  1.3602185294 -0.3858718415  1.0000000000
 0.6743333035  1.6045416359 -0.3956170499  1.0000000000
 0.6178595703  1.8459173251 -0.4042667408  1.0000000000
 0.5806140332  1.9894479959 -0.4088811559  1.0000000000
 0.5435087273  2.1320274688 -0.4135150630  1.0000000000
 0.7126359988  1.1001949851 -0.4011671558  1.0000000000
 0.6955764192  1.2005780627 -0.4056817837  1.0000000000
 0.6596781096  1.3999410177 -0.4142726911  1.0000000000
 0.6400468934  1.4983513282 -0.4182065885  1.0000000000
 0.5974929189  1.6930579142 -0.4255181911  1.0000000000
 0.5863280606  1.7413529374 -0.4272742046  1.0000000000
 0.5750843661  1.7896000403 -0.4289878418  1.0000000000
 0.5134530545  2.0289329477 -0.4366466637  1.0000000000
 0.6609074580  1.0378913083 -0.4251777844  1.0000000000
 0.6392216846  1.1910078005 -0.4320800724  1.0000000000
 0.6222167291  1.2914010776 -0.4364728367  1.0000000000
 0.6129210224  1.3410274288 -0.4385915153  1.0000000000
 0.5942860697  1.4401321830 -0.4426076143  1.0000000000
 0.5531756555  1.6359111387 -0.4500734146  1.0000000000
 0.5204061237  1.7813381707 -0.4552979200  1.0000000000
 0.5971994058  1.0793144120 -0.4539458259  1.0000000000
 0.5898071725  1.1302329964 -0.4562534272  1.0000000000
 0.5568600196  1.3316990739 -0.4649520931  1.0000000000
 0.5386773854  1.4311607341 -0.4689676909  1.0000000000
 0.5288362599  1.4803381859 -0.4708816289  1.0000000000
 0.5190157146  1.5296381386 -0.4727892069  1.0000000000
 0.5087483165  1.5785691514 -0.4746191063  1.0000000000
 0.4654589631  1.7730885013 -0.4815441405  1.0000000000
 0.3919732263  2.0601061023 -0.4906518376  1.0000000000
 0.5481662141  0.9628602452 -0.4755085811  1.0000000000
 0.5399985387  1.0693079378 -0.4804411626  1.0000000000
 0.5261380865  1.1717663394 -0.4849601909  1.0000000000
 0.5011928470  1.3226321505 -0.4913781955  1.0000000000
 0.4741328093  1.4720503522 -0.4973544466  1.0000000000
 0.4642271206  1.5212936758 -0.4992358911  1.0000000000
 0.4325204681  1.6677590365 -0.5044221157  1.0000000000
 0.4218387108  1.7164935032 -0.5061840607  1.0000000000
 0.3493634102  2.0042654137 -0.5154202669  1.0000000000
 0.4862258583  1.0055387409 -0.5043611309  1.0000000000
 0.4621094653  1.2130485829 -0.5136195676  1.0000000000
 0.4540608440  1.2634726860 -0.5157523760  1.0000000000
 0.4454428887  1.3135525357 -0.5177841782  1.0000000000
 0.4372335471  1.3639280126 -0.5198087310  1.0000000000
 0.3670641161  1.7083006811 -0.5324556093  1.0000000000
 0.3557200399  1.7566393876 -0.5341258885  1.0000000000
 0.4343822745  0.8871437427 -0.5256739053  1.0000000000
 0.4199879101  1.1013771832 -0.5356512922  1.0000000000
 0.4136852067  1.1530485234 -0.5379347558  1.0000000000
 0.3983963064  1.2544062078 -0.5421888561  1.0000000000
 0.3643045084  1.4552846156 -0.5502606880  1.0000000000
 0.3011461542  1.7485990727 -0.5604900481  1.0000000000
 0.2891946267  1.7966214241 -0.5620331310  1.0000000000
 0.2528431846  1.9405265387 -0.5665470471  1.0000000000
 0.3580824965  1.1441492237 -0.5645182435  1.0000000000
 0.3507631941  1.1950848524 -0.5666911472  1.0000000000
 0.3353888561  1.2966223613 -0.5707487334  1.0000000000
 0.3003586017  1.4967244141 -0.5786005185  1.0000000000
 0.2226009341  1.8366354491 -0.5898799432  1.0000000000
 0.2104156153  1.8845385850 -0.5913627213  1.0000000000
 0.3255483567  0.7587982709 -0.5734239859  1.0000000000
 0.3239056152  0.8136025847 -0.5761078376  1.0000000000
 0.3139029722  1.0312037576 -0.5866059710  1.0000000000
 0.3096747409  1.0844156181 -0.5890449909  1.0000000000
 0.2960892204  1.1869390423 -0.5933066623  1.0000000000
 0.2552124436  1.4390878554 -0.6032862781  1.0000000000
 0.2033587616  1.6839709974 -0.6117089357  1.0000000000
 0.1922633535  1.7326059276 -0.6132614178  1.0000000000
 0.1683176684  1.8287635833 -0.6162579095  1.0000000000
 0.1565789292  1.8768041783 -0.6177817562  1.0000000000
 0.2625101558  0.6876855297 -0.5957058059  1.0000000000
 0.2684258875  0.8047276215 -0.6027365240  1.0000000000
 0.2100042393  1.3814701232 -0.6279069134  1.0000000000
 0.2005970094  1.4309755714 -0.6297526779  1.0000000000
 0.1913525101  1.4806085159 -0.6316020780  1.0000000000
 0.1808172925  1.5294758921 -0.6332375266  1.0000000000
 0.2136984659  0.7964028378 -0.6295025941  1.0000000000
 0.1636448936  1.3229383042 -0.6525523694  1.0000000000
 0.1464751615  1.4232117555 -0.6563352584  1.0000000000
 0.1265618737  1.5215822257 -0.6597502391  1.0000000000
 0.0949161492  1.6682911958 -0.6645355305  1.0000000000
 0.1586852134  0.7878608488 -0.6562715150  1.0000000000
 0.1394745533  1.1115110002 -0.6714040484  1.0000000000
 0.1019751042  1.3661192123 -0.6811788735  1.0000000000
 0.0624792050  1.5630724948 -0.6879132519  1.0000000000
 0.1262242776 -1.9787108837 -0.6785013555  1.0000000000
 0.1237217747 -1.9245524426 -0.6771302388  1.0000000000
 0.1189074687 -1.8159896001 -0.6741952935  1.0000000000
 0.1024909033  0.7219400010 -0.6797018321  1.0000000000
 0.1039563873  0.7795669465 -0.6830299048  1.0000000000
 0.0994736831  0.8890138428 -0.6883125670  1.0000000000
 0.0936261794  0.9973848154 -0.6934869536  1.0000000000
 0.0899822680  1.0510120925 -0.6959423559  1.0000000000
 0.0778278507  1.1547106668 -0.7001390239  1.0000000000
 0.0474212408  1.3580613053 -0.7079205443  1.0000000000
 0.0389089753  1.4081579513 -0.7096217566  1.0000000000
-0.0469192523  1.7978657376 -0.7218449720  1.0000000000
 0.0695351478 -1.6494020002 -0.6966172886  1.0000000000
 0.0673983034 -1.5946448536 -0.6946865926  1.0000000000
-0.0244088377  1.4501250847 -0.7378999895  1.0000000000
-0.0777031480  1.6940436258 -0.7455328510  1.0000000000
 0.0418669828 -1.9719491631 -0.7325554917  1.0000000000
-0.0227571241  0.4670121939 -0.7179315880  1.0000000000
-0.0029526982  0.7648292058 -0.7370195487  1.0000000000
-0.0107543392  0.9283276128 -0.7447427503  1.0000000000
-0.0186289197  1.0352543111 -0.7494941993  1.0000000000
-0.0686414354  1.3931856856 -0.7629124318  1.0000000000
-0.1420337566  1.7348311420 -0.7734523024  1.0000000000
-0.1531361567  1.7828116849 -0.7747709260  1.0000000000
 0.0020312798 -2.0228450788 -0.7610380296  1.0000000000
-0.0005415599 -1.9685574194 -0.7597484205  1.0000000000
-0.0930128933  0.2196159954 -0.7280407374  1.0000000000
-0.0754014650  0.4601420886 -0.7450350817  1.0000000000
-0.0668214496  0.9755648043 -0.7742193877  1.0000000000
-0.0712705162  1.0286146993 -0.7764968362  1.0000000000
-0.0770478822  1.0806665022 -0.7785616450  1.0000000000
-0.0903893449  1.1835662722 -0.7824921164  1.0000000000
-0.1738064904  1.6307302695 -0.7971415856  1.0000000000
-0.0378251251 -2.0735619428 -0.7894700356  1.0000000000
-0.0505794411 -1.8019866571 -0.7828252728  1.0000000000
-0.0530986812 -1.7475676420 -0.7814156210  1.0000000000
-0.0600088710 -1.5843752820 -0.7766077900  1.0000000000
-0.0641369896 -1.4751706114 -0.7728040663  1.0000000000
-0.0701855976 -1.3107985348 -0.7665191786  1.0000000000
-0.0724060435 -1.2561901896 -0.7644562577  1.0000000000
-0.0744617970 -1.2013250537 -0.7620686330  1.0000000000
-0.1802899628 -0.2116800213 -0.7207940338  1.0000000000
-0.1807251505 -0.1536197756 -0.7237822976  1.0000000000
-0.1229850964  0.4571272765 -0.7731394981  1.0000000000
-0.1107851869  0.6363218770 -0.7847882988  1.0000000000
-0.1094206195  0.6938839205 -0.7880265197  1.0000000000
-0.1195869562  0.9687989055 -0.8012914147  1.0000000000
-0.1437591805  1.1763798463 -0.8093090356  1.0000000000
-0.1507720310  1.2276579359 -0.8112299158  1.0000000000
-0.1663908771  1.3288398336 -0.8147212521  1.0000000000
-0.1756293110  1.3786151897 -0.8162671449  1.0000000000
-0.2054005914  1.5263771679 -0.8208665338  1.0000000000
-0.0906379266 -1.8529226527 -0.8115109866  1.0000000000
-0.1981402948 -0.3762135257 -0.7485380188  1.0000000000
-0.2122591955 -0.2060836048 -0.7542575603  1.0000000000
-0.2094713014 -0.0879100925 -0.7618024623  1.0000000000
-0.1839424121  0.2166175706 -0.7858225496  1.0000000000
-0.1610944589  0.6879416798 -0.8153506063  1.0000000000
-0.1724715712  0.9619736335 -0.8282847400  1.0000000000
-0.1770108148  1.0149436067 -0.8304518142  1.0000000000
-0.2477986382  1.4706141957 -0.8460919280  1.0000000000
-0.1198320988 -2.1211016927 -0.8449039019  1.0000000000
-0.1278072741 -1.9583924922 -0.8412875296  1.0000000000
-0.1406104409 -1.6862308757 -0.8344509879  1.0000000000
-0.1429806670 -1.6318348818 -0.8329383508  1.0000000000
-0.1451526716 -1.5774563361 -0.8312517848  1.0000000000
-0.1515242042 -1.4138042364 -0.8257101552  1.0000000000
-0.1578583527 -1.2498580640 -0.8195936929  1.0000000000
-0.1618408815 -1.1404036364 -0.8148750979  1.0000000000
-0.1659533614 -0.6994985152 -0.7827328908  1.0000000000
-0.1762465728 -0.6450977374 -0.7812135779  1.0000000000
-0.2478854105 -0.2014964117 -0.7870127444  1.0000000000
-0.2490827967 -0.0854565604 -0.7927318068  1.0000000000
-0.2466660782 -0.0262250924 -0.7965960997  1.0000000000
-0.2334827686  0.1550041418 -0.8102352693  1.0000000000
-0.2263969517  0.2744438767 -0.8184955314  1.0000000000
-0.2238035670  0.3333626060 -0.8221901544  1.0000000000
-0.2137888861  0.5679819314 -0.8365471938  1.0000000000
-0.2116233037  0.6829090861 -0.8429932745  1.0000000000
-0.2154792767  0.7930936044 -0.8481327463  1.0000000000
-0.2181493568  0.8475581931 -0.8505920065  1.0000000000
-0.2353640984  1.0604896733 -0.8594620130  1.0000000000
-0.2487282456  1.1633805887 -0.8631942807  1.0000000000
-0.2726648356  1.3148350808 -0.8682293080  1.0000000000
-0.2908103536  1.4145532348 -0.8713093574  1.0000000000
-0.3111062396  1.5127186239 -0.8742554573  1.0000000000
-0.1854285837 -1.6284663016 -0.8602125052  1.0000000000
-0.1877590077 -1.5740683415 -0.8586241742  1.0000000000
-0.1922414727 -1.4652290188 -0.8552192155  1.0000000000
-0.1985880782 -1.3013871088 -0.8493131858  1.0000000000
-0.2103764145 -0.9726287547 -0.8341965808  1.0000000000
-0.2105476792 -0.9173467225 -0.8297659716  1.0000000000
-0.2518232463 -0.4769500531 -0.8145905123  1.0000000000
-0.2734454760 -0.3673205924 -0.8142901863  1.0000000000
-0.2870157169 -0.1985016937 -0.8183382047  1.0000000000
-0.2798629202  0.0957193846 -0.8358185158  1.0000000000
-0.2764687310  0.1554331572 -0.8399664115  1.0000000000
-0.2671403709  0.3906351604 -0.8546030248  1.0000000000
-0.2623045458  0.5644351845 -0.8645526748  1.0000000000
-0.2616717483  0.6215803082 -0.8676689758  1.0000000000
-0.2817061352  1.0021465197 -0.8845664626  1.0000000000
-0.2873293239  1.0543582305 -0.8865583083  1.0000000000
-0.3012657322  1.1568120404 -0.8901034663  1.0000000000
-0.3635456900  1.5059318901 -0.9008732423  1.0000000000
-0.2255531068 -1.6796319686 -0.8890596055  1.0000000000
-0.2281806174 -1.6252034089 -0.8877413077  1.0000000000
-0.2350175583 -1.4619559709 -0.8827732820  1.0000000000
-0.2415743310 -1.2983828534 -0.8771059179  1.0000000000
-0.2436664366 -1.2436961100 -0.8749947203  1.0000000000
-0.2497774649 -1.0794757293 -0.8680807710  1.0000000000
-0.2533918328 -0.9696589396 -0.8622641289  1.0000000000
-0.2582490535 -0.8046973048 -0.8523343483  1.0000000000
-0.2942547629 -0.4744955799 -0.8453286290  1.0000000000
-0.3264073526 -0.0215468651 -0.8584449858  1.0000000000
-0.3232813753  0.0958056913 -0.8654045975  1.0000000000
-0.3130547041  0.4458015173 -0.8861835022  1.0000000000
-0.3121419124  0.5032455605 -0.8894112255  1.0000000000
-0.3130569574  0.6725265808 -0.8979253240  1.0000000000
-0.3236578610  0.8907233148 -0.9076598233  1.0000000000
-0.3276534307  0.9441726465 -0.9097719689  1.0000000000
-0.3461021741  1.0995750080 -0.9154191628  1.0000000000
-0.3529190128  1.1508745420 -0.9171619339  1.0000000000
-0.3608172576  1.2013976715 -0.9187764842  1.0000000000
-0.3777670190  1.3017218743 -0.9218029182  1.0000000000
-0.2550536399 -1.9485240814 -0.9229020297  1.0000000000
-0.2656426898 -1.7307889352 -0.9179003357  1.0000000000
-0.2755575173 -1.5132267571 -0.9121164787  1.0000000000
-0.2778184673 -1.4587826767 -0.9103886144  1.0000000000
-0.2845277143 -1.2953088833 -0.9048104216  1.0000000000
-0.2866259613 -1.2405912470 -0.9026849483  1.0000000000
-0.2888797011 -1.1860033757 -0.9007904472  1.0000000000
-0.2930191114 -1.0765027642 -0.8962652342  1.0000000000
-0.2950039248 -1.0217644848 -0.8937941098  1.0000000000
-0.3048254717 -0.7471776451 -0.8794006423  1.0000000000
-0.3100110696 -0.6920847871 -0.8779583330  1.0000000000
-0.3526126384 -0.3613444721 -0.8768433556  1.0000000000
-0.3685146955 -0.1358933849 -0.8828717437  1.0000000000
-0.3673717746  0.0380239840 -0.8919020667  1.0000000000
-0.3646852603  0.1546843161 -0.8986166096  1.0000000000
-0.3644198420  0.2121343974 -0.9015474112  1.0000000000
-0.3618453016  0.3851572163 -0.9111579341  1.0000000000
-0.3608731579  0.4427904148 -0.9143407100  1.0000000000
-0.3787479562  0.9386994505 -0.9370408424  1.0000000000
-0.3842364749  0.9909654077 -0.9390085620  1.0000000000
-0.3973618472  1.0939839342 -0.9425269655  1.0000000000
-0.4126128251  1.1955014973 -0.9457961900  1.0000000000
-0.4214215714  1.2453857471 -0.9471912606  1.0000000000
-0.4300162714  1.2953840637 -0.9486493475  1.0000000000
-0.2840526558 -2.2158525267 -0.9559174640  1.0000000000
-0.2866548150 -2.1622336046 -0.9547413302  1.0000000000
-0.3029248674 -1.8362835075 -0.9477957782  1.0000000000
-0.3228856165 -1.4012501150 -0.9362830079  1.0000000000
-0.3251457306 -1.3467611250 -0.9344350456  1.0000000000
-0.3274342741 -1.2922958706 -0.9325454966  1.0000000000
-0.3364914088 -1.0736817747 -0.9248382302  1.0000000000
-0.3406524830 -0.9641182176 -0.9199740486  1.0000000000
-0.3429064560 -0.9092630493 -0.9175504263  1.0000000000
-0.3497391032 -0.7445751254 -0.9097842041  1.0000000000
-0.3535416246 -0.6896385769 -0.9081359681  1.0000000000
-0.4046504872 -0.2472756448 -0.9096165625  1.0000000000
-0.4091196283 -0.1336851598 -0.9136253071  1.0000000000
-0.4082506500  0.2692649023 -0.9338545056  1.0000000000
-0.4079362710  0.3265055015 -0.9368669907  1.0000000000
-0.4073512229  0.3839537346 -0.9400005988  1.0000000000
-0.4085400042  0.4967245453 -0.9454951008  1.0000000000
-0.4176897937  0.7729948290 -0.9581129077  1.0000000000
-0.4303685287  0.9328141440 -0.9643115415  1.0000000000
-0.4352259206  0.9855604156 -0.9662690136  1.0000000000
-0.4557280945  1.1394644103 -0.9713354802  1.0000000000
-0.4912123776  1.3387598735 -0.9768316483  1.0000000000
-0.5100944405  1.4371622105 -0.9794171910  1.0000000000
-0.3399358697 -1.9420722801 -0.9773836279  1.0000000000
-0.3633458571 -1.4525749534 -0.9656242887  1.0000000000
-0.3657359148 -1.3981944477 -0.9639696507  1.0000000000
-0.4176634187 -0.5219479541 -0.9377789841  1.0000000000
-0.4452454199 -0.2448021334 -0.9404423380  1.0000000000
-0.4518504903 -0.0173023845 -0.9492527090  1.0000000000
-0.4528347042  0.0395972766 -0.9516390493  1.0000000000
-0.4533162569  0.2682626292 -0.9628576281  1.0000000000
-0.4543130669  0.3816018364 -0.9683492340  1.0000000000
-0.4553416569  0.4377892612 -0.9709692004  1.0000000000
-0.4579270480  0.5493740401 -0.9761650685  1.0000000000
-0.4596184299  0.6047807340 -0.9786948847  1.0000000000
-0.4620004747  0.6595798098 -0.9810693310  1.0000000000
-0.4682127355  0.7679955094 -0.9855791181  1.0000000000
-0.4923582740  1.0319469184 -0.9952889901  1.0000000000
-0.4994256632  1.0830519615 -0.9969102076  1.0000000000
-0.5156822082  1.1838740279 -0.9997830527  1.0000000000
-0.5423177098  1.3329800437 -1.0037743966  1.0000000000
-0.3739919811 -2.1019154799 -1.0078759985  1.0000000000
-0.3767599164 -2.0476602137 -1.0067921036  1.0000000000
-0.4035777450 -1.5037434040 -0.9946316218  1.0000000000
-0.4061037330 -1.4495023732 -0.9932409662  1.0000000000
-0.4085616460 -1.3951884119 -0.9916950671  1.0000000000
-0.4133843886 -1.2864319441 -0.9884991063  1.0000000000
-0.4256339679 -1.0133390880 -0.9798040285  1.0000000000
-0.4668031274 -0.4644636192 -0.9680075194  1.0000000000
-0.4773178953 -0.3538644872 -0.9691035841  1.0000000000
-0.4889543500 -0.1860503007 -0.9729876097  1.0000000000
-0.4933538028 -0.0733312455 -0.9767676996  1.0000000000
-0.4970704920  0.1541300515 -0.9866328679  1.0000000000
-0.5023179810  0.4353978395 -0.9993222236  1.0000000000
-0.5040927286  0.4909685032 -1.0017555602  1.0000000000
-0.5065095760  0.5459208061 -1.0041077792  1.0000000000
-0.5143874879  0.7097543251 -1.0109848829  1.0000000000
-0.5307087352  0.9232705728 -1.0191241474  1.0000000000
-0.5361295730  0.9755859004 -1.0209480232  1.0000000000
-0.5567271722  1.1293331481 -1.0258567252  1.0000000000
-0.4191694846 -2.0445455750 -1.0340068141  1.0000000000
-0.4358902454 -1.7180567032 -1.0274614297  1.0000000000
-0.4437488568 -1.5549814965 -1.0235519126  1.0000000000
-0.4463187494 -1.5007612814 -1.0222777855  1.0000000000
-0.4540386730 -1.3379182961 -1.0181243647  1.0000000000
-0.4664830251 -1.0652362105 -1.0101231980  1.0000000000
-0.4690546831 -1.0105927460 -1.0084144984  1.0000000000
-0.4718695631 -0.9559399757 -1.0068405446  1.0000000000
-0.4777316527 -0.8464311888 -1.0036630166  1.0000000000
-0.4806869417 -0.7916229788 -1.0021105063  1.0000000000
-0.4837069268 -0.7368161428 -1.0003477768  1.0000000000
-0.4875510547 -0.6821114049 -0.9993655633  1.0000000000
-0.5146511362 -0.4066724307 -0.9991869575  1.0000000000
-0.5275394863 -0.2401433729 -1.0018203422  1.0000000000
-0.5402903354  0.0974966598 -1.0135070770  1.0000000000
-0.5433277011  0.2669629700 -1.0209109064  1.0000000000
-0.5450550347  0.3227600889 -1.0231769828  1.0000000000
-0.5513088397  0.4887532167 -1.0300667280  1.0000000000
-0.5589779981  0.6529005804 -1.0369086894  1.0000000000
-0.5669844329  0.7597975698 -1.0408922715  1.0000000000
-0.5802784166  0.9189029977 -1.0466258389  1.0000000000
-0.6069503054  1.1242293275 -1.0530537350  1.0000000000
-0.4615811069 -2.0414412313 -1.0612089571  1.0000000000
-0.4784452544 -1.7150361860 -1.0548916303  1.0000000000
-0.4863756759 -1.5520554498 -1.0511183971  1.0000000000
-0.4890274949 -1.4978090183 -1.0498923360  1.0000000000
-0.4917110092 -1.4435948716 -1.0486772010  1.0000000000
-0.5072735818 -1.1169418844 -1.0400858557  1.0000000000
-0.5125380163 -1.0078452850 -1.0370959624  1.0000000000
-0.5217567677 -0.8438622575 -1.0332470391  1.0000000000
-0.5322987099 -0.6795322261 -1.0297957110  1.0000000000
-0.5373819526 -0.6245859251 -1.0294347965  1.0000000000
-0.5422076798 -0.5696864578 -1.0288913759  1.0000000000
-0.5657600010 -0.2938264999 -1.0309580932  1.0000000000
-0.5758867809 -0.1266232101 -1.0349605985  1.0000000000
-0.5801432035 -0.0143492218 -1.0388924191  1.0000000000
-0.5847025144  0.0973039223 -1.0427949889  1.0000000000
-0.5977690712  0.4871192644 -1.0585532229  1.0000000000
-0.6038288835  0.5958391267 -1.0627983411  1.0000000000
-0.6078433427  0.6492254497 -1.0646416714  1.0000000000
-0.6115441520  0.7028284948 -1.0666363224  1.0000000000
-0.6361045683  0.9662609619 -1.0757810372  1.0000000000
-0.5010378148 -2.0926112226 -1.0893932385  1.0000000000
-0.5210009600 -1.7120287178 -1.0822971520  1.0000000000
-0.5263717225 -1.6034172360 -1.0798991393  1.0000000000
-0.5290572257 -1.5491634889 -1.0786999605  1.0000000000
-0.5345434641 -1.4406609384 -1.0764526703  1.0000000000
-0.5372192448 -1.3864014447 -1.0751892833  1.0000000000
-0.5426000344 -1.2776726259 -1.0726417919  1.0000000000
-0.5452175396 -1.2231672598 -1.0712154483  1.0000000000
-0.5532391229 -1.0597036680 -1.0671525447  1.0000000000
-0.5560734100 -1.0051594405 -1.0658249490  1.0000000000
-0.5805441472 -0.6222426285 -1.0592146946  1.0000000000
-0.5902607528 -0.5124498359 -1.0588705374  1.0000000000
-0.5949289734 -0.4573104065 -1.0593455013  1.0000000000
-0.6118305312 -0.2365378612 -1.0621221637  1.0000000000
-0.6209070038 -0.0692621153 -1.0667280493  1.0000000000
-0.6281716376  0.0979881914 -1.0723618638  1.0000000000
-0.6750322383  0.8571739892 -1.0996127479  1.0000000000
-0.6920836877  1.0133649994 -1.1048276158  1.0000000000
-0.5462319676 -2.0353754602 -1.1155495313  1.0000000000
-0.5605847183 -1.7632074707 -1.1104979597  1.0000000000
-0.5662197252 -1.6547794921 -1.1085109281  1.0000000000
-0.5689298181 -1.6005761265 -1.1073728593  1.0000000000
-0.5773766228 -1.4378562517 -1.1042022259  1.0000000000
-0.5800853656 -1.3835819932 -1.1030237150  1.0000000000
-0.5828839166 -1.3291866459 -1.1018875547  1.0000000000
-0.6159659263 -0.7293237019 -1.0897831811  1.0000000000
-0.6242012003 -0.6198146697 -1.0888374304  1.0000000000
-0.6333013322 -0.5100793615 -1.0890167958  1.0000000000
-0.6377952088 -0.4552566411 -1.0891689366  1.0000000000
-0.6503725121 -0.2898259536 -1.0912177765  1.0000000000
-0.6577370885 -0.1791797244 -1.0934648491  1.0000000000
-0.6638096593 -0.0680438318 -1.0965310576  1.0000000000
-0.6747784206  0.1536884609 -1.1035575885  1.0000000000
-0.6972904040  0.5923050018 -1.1194994750  1.0000000000
-0.7185180957  0.8013376426 -1.1256637787  1.0000000000
-0.7291297791  0.9059441245 -1.1290932359  1.0000000000
-0.7351223804  0.9576627732 -1.1306852698  1.0000000000
-0.7415345270  1.0090858574 -1.1322718560  1.0000000000
-0.6031184193 -1.7604606217 -1.1378657010  1.0000000000
-0.6229404186 -1.3807064947 -1.1307915232  1.0000000000
-0.6313558656 -1.2175887314 -1.1274978831  1.0000000000
-0.6341749282 -1.1631566918 -1.1263691523  1.0000000000
-0.6398717563 -1.0543231988 -1.1241895255  1.0000000000
-0.6428892928 -0.9999103879 -1.1232418709  1.0000000000
-0.6461232031 -0.9453105308 -1.1224300574  1.0000000000
-0.6597202997 -0.7267628979 -1.1190038445  1.0000000000
-0.6634931266 -0.6721381849 -1.1185222949  1.0000000000
-0.6677659476 -0.6174543630 -1.1184144884  1.0000000000
-0.6763419493 -0.5079027051 -1.1187807112  1.0000000000
-0.6890465964 -0.3430303158 -1.1203522597  1.0000000000
-0.6970597096 -0.2328063720 -1.1220690208  1.0000000000
-0.7039056178 -0.1222933475 -1.1246440336  1.0000000000
-0.7097916037 -0.0114731691 -1.1278205626  1.0000000000
-0.7133311719  0.0433419747 -1.1292966386  1.0000000000
-0.7195660440  0.1535008938 -1.1326475370  1.0000000000
-0.7222096483  0.2087416911 -1.1345661532  1.0000000000
-0.7245741925  0.2641767751 -1.1365426116  1.0000000000
-0.7276430467  0.3187081798 -1.1383294656  1.0000000000
-0.7335780907  0.4284788824 -1.1422529063  1.0000000000
-0.7369917103  0.4827075114 -1.1441950599  1.0000000000
-0.7505436191  0.6419148235 -1.1490314681  1.0000000000
-0.8216126246  1.2055844481 -1.1649142588  1.0000000000
-0.6544755741 -1.5949450415 -1.1625724940  1.0000000000
-0.6572870626 -1.5406826051 -1.1615622048  1.0000000000
-0.6657776925 -1.3778680382 -1.1585951838  1.0000000000
-0.6999101881 -0.7789403023 -1.1491078362  1.0000000000
-0.7071430231 -0.6697689037 -1.1480294647  1.0000000000
-0.7153870131 -0.5604194052 -1.1480873677  1.0000000000
-0.7280839973 -0.3961420944 -1.1493069469  1.0000000000
-0.7435366253 -0.1760376475 -1.1529662976  1.0000000000
-0.7671161414  0.2084922123 -1.1635795678  1.0000000000
-0.7733498683  0.3179922017 -1.1672050770  1.0000000000
-0.7767283604  0.3725423551 -1.1690199084  1.0000000000
-0.8269486233  0.8984719460 -1.1843181470  1.0000000000
-0.6912531525 -1.7006012191 -1.1918098724  1.0000000000
-0.7058114607 -1.4293685882 -1.1873713797  1.0000000000
-0.7086979331 -1.3751380849 -1.1865211702  1.0000000000
-0.7115696285 -1.3208400749 -1.1855970425  1.0000000000
-0.7175278889 -1.2121198889 -1.1839146898  1.0000000000
-0.7265036750 -1.0489490695 -1.1811787196  1.0000000000
-0.7331205791 -0.9400578738 -1.1799993950  1.0000000000
-0.7546749170 -0.6128034671 -1.1773304358  1.0000000000
-0.7901593301 -0.1195151106 -1.1838648611  1.0000000000
-0.8007742656  0.0449879186 -1.1880704453  1.0000000000
-0.8119298973  0.2085291126 -1.1925425620  1.0000000000
-0.8188226312  0.3176570253 -1.1959485845  1.0000000000
-0.8224733791  0.3719555753 -1.1976439654  1.0000000000
-0.8762998231  0.8942589120 -1.2118054978  1.0000000000
-0.8968493822  1.0466843832 -1.2158686993  1.0000000000
-0.7182395817 -1.9691328372 -1.2232436482  1.0000000000
-0.7215182518 -1.9150060668 -1.2225080304  1.0000000000
-0.7246307195 -1.8607728989 -1.2216514017  1.0000000000
-0.7368186004 -1.6436148245 -1.2183930514  1.0000000000
-0.7457781552 -1.4808460689 -1.2159738031  1.0000000000
-0.7486965151 -1.4266231653 -1.2151647757  1.0000000000
-0.7798822381 -0.8830091939 -1.2082091078  1.0000000000
-0.7832982270 -0.8284736566 -1.2076099281  1.0000000000
-0.7868137440 -0.7739049275 -1.2069995159  1.0000000000
-0.7904350075 -0.7194954752 -1.2069144599  1.0000000000
-0.7980431149 -0.6105058123 -1.2068846548  1.0000000000
-0.8102477346 -0.4468042452 -1.2080239695  1.0000000000
-0.8143089156 -0.3921931575 -1.2085387740  1.0000000000
-0.8222134459 -0.2826241102 -1.2101811227  1.0000000000
-0.8334934054 -0.1183180466 -1.2133686837  1.0000000000
-0.8520548129  0.1548207086 -1.2202753081  1.0000000000
-0.8680612139  0.3714996874 -1.2263340124  1.0000000000
-0.8716995634  0.4256912575 -1.2280123399  1.0000000000
-0.8787148514  0.5336322740 -1.2314115293  1.0000000000
-0.9322645235  0.9411201324 -1.2406755376  1.0000000000
-0.7794643851 -1.6408247009 -1.2458446746  1.0000000000
-0.7855782494 -1.5323167427 -1.2444304690  1.0000000000
-0.8036376288 -1.2066714992 -1.2401354426  1.0000000000
-0.8065529648 -1.1523364990 -1.2392038789  1.0000000000
-0.8098088667 -1.0979541151 -1.2387227453  1.0000000000
-0.8130147029 -1.0436173357 -1.2381508595  1.0000000000
-0.8266534178 -0.8260018518 -1.2364968764  1.0000000000
-0.8376061330 -0.6627053537 -1.2359944336  1.0000000000
-0.8415025898 -0.6082663508 -1.2363050121  1.0000000000
-0.8731546064 -0.1716371098 -1.2417057366  1.0000000000
-0.8768028610 -0.1169678373 -1.2428753961  1.0000000000
-0.9011443778  0.2089829263 -1.2505503053  1.0000000000
-0.9172647106  0.4251140823 -1.2566164093  1.0000000000
-0.9210407624  0.4788641450 -1.2582009453  1.0000000000
-0.9600493581  0.7852362466 -1.2646806409  1.0000000000
-0.9807236620  0.9374576810 -1.2681577532  1.0000000000
-0.8188612193 -1.6922417692 -1.2741022860  1.0000000000
-0.8283570587 -1.5295145566 -1.2721898963  1.0000000000
-0.8344242998 -1.4210507248 -1.2707525949  1.0000000000
-0.8405677794 -1.3125446594 -1.2695178242  1.0000000000
-0.8496929162 -1.1497055605 -1.2675068540  1.0000000000
-0.8664730549 -0.8778876797 -1.2654131782  1.0000000000
-0.8736551969 -0.7691083827 -1.2651600901  1.0000000000
-0.8809946924 -0.6604468852 -1.2652236931  1.0000000000
-0.8849471041 -0.6059939400 -1.2656457366  1.0000000000
-0.9008818954 -0.3880229598 -1.2674830851  1.0000000000
-0.9047741356 -0.3337127343 -1.2683723487  1.0000000000
-0.9086464120 -0.2791092613 -1.2693613441  1.0000000000
-0.9164351272 -0.1701901855 -1.2711978626  1.0000000000
-0.9541761765  0.3170321036 -1.2824082626  1.0000000000
-0.9590652092  0.3703662368 -1.2834718909  1.0000000000
-1.0079630301  0.7820442579 -1.2923288130  1.0000000000
-0.8772704194 -1.4182568476 -1.2986024346  1.0000000000
-0.8994954484 -1.0383932521 -1.2949515241  1.0000000000
-0.9097260039 -0.8753437200 -1.2939268365  1.0000000000
-0.9133431164 -0.8210472648 -1.2939797894  1.0000000000
-0.9170344280 -0.7667393722 -1.2941481168  1.0000000000
-0.9401024699 -0.4405632058 -1.2964539127  1.0000000000
-0.9480136581 -0.3317762159 -1.2977854474  1.0000000000
-0.9519268928 -0.2773796724 -1.2986894812  1.0000000000
-0.9637228404 -0.1144861221 -1.3016737294  1.0000000000
-0.9673383543 -0.0599489235 -1.3028708595  1.0000000000
-0.9713713504 -0.0057703724 -1.3040002668  1.0000000000
-0.9798667050  0.1023458100 -1.3064058372  1.0000000000
-0.9262912881 -1.3070640266 -1.3252780236  1.0000000000
-0.9328110666 -1.1986128894 -1.3244828985  1.0000000000
-0.9834146383 -0.4384602236 -1.3256986231  1.0000000000
-1.0148142741 -0.5991443098 -1.3531565281  1.0000000000
-1.0226340894 -0.4906003404 -1.3542088836  1.0000000000
-1.0342725417 -0.3280537718 -1.3564464727  1.0000000000
-1.0381125864 -0.2738329882 -1.3572876850  1.0000000000
-1.0420246953 -0.2199778191 -1.3582278650  1.0000000000
-1.0574728791 -0.0033912279 -1.3623402425  1.0000000000
-1.0052484081 -1.4098168727 -1.3819825806  1.0000000000
-1.0188270663 -1.1932457633 -1.3807982000  1.0000000000
-1.0358237973 -0.9221537217 -1.3798724104  1.0000000000
-1.0393487145 -0.8679450737 -1.3798109747  1.0000000000
-1.0542585425 -0.6511034315 -1.3816870244  1.0000000000
-1.0681780975 -1.0822207482 -1.4082849044  1.0000000000
-1.0749383802 -0.9738059635 -1.4077091409  1.0000000000
-1.1009423231 -0.5946024341 -1.4111288823  1.0000000000
-0.3585626751 -0.0001311638  1.9014989428  2.0000000000
-0.6034925788  0.0867769463  1.8910595078  2.0000000000
 0.6656091601 -0.4270639434  1.7428088504  2.0000000000
-0.1338517223 -0.1058242408  1.8141068672  2.0000000000
-0.2348865916 -0.0658151939  1.8232524744  2.0000000000
-0.6451536314  0.0937520928  1.8619454776  2.0000000000
-1.3620168427  0.3734325110  1.9287934695  2.0000000000
-1.8780536564  0.5716720660  1.9791114538  2.0000000000
-2.4984285957  0.8091204466  2.0403853848  2.0000000000
 0.9226213723 -0.5404452164  1.6856149643  2.0000000000
 0.3299723205 -0.2991487757  1.7386296456  2.0000000000
 0.0290691603 -0.1787127076  1.7654809601  2.0000000000
-1.1993462219  0.3001925515  1.8811194348  2.0000000000
-1.6109068294  0.4593505277  1.9203326555  2.0000000000
-1.9217759993  0.5783062290  1.9508205127  2.0000000000
-2.6467185506  0.8551969957  2.0226283135  2.0000000000
 0.9827543333 -0.5733446339  1.6458391643  2.0000000000
 0.8851600384 -0.5331421010  1.6546433468  2.0000000000
 0.5898472558 -0.4123898949  1.6811393025  2.0000000000
 0.1913389168 -0.2516831571  1.7169154409  2.0000000000
-0.0102392032 -0.1715211331  1.7352079949  2.0000000000
-0.3155370635 -0.0516196649  1.7633729084  2.0000000000
-0.4178260930 -0.0117852561  1.7729505973  2.0000000000
-1.3439410616  0.3471872766  1.8614611132  2.0000000000
-2.4841017251  0.7828977623  1.9738728691  2.0000000000
 0.7499008061 -0.4854141537  1.6321884002  2.0000000000
 0.5513460879 -0.4050281921  1.6502464731  2.0000000000
 0.3523168544 -0.3246924952  1.6681947582  2.0000000000
-0.0500637555 -0.1643442483  1.7049597463  2.0000000000
-0.2540028460 -0.0844768835  1.7239563135  2.0000000000
-1.1815015685  0.2743230056  1.8131029305  2.0000000000
-1.4911559172  0.3935620613  1.8429513971  2.0000000000
-2.6322381140  0.8290727761  1.9559027261  2.0000000000
-2.9434653550  0.9472063078  1.9874247286  2.0000000000
 0.6120858937 -0.4379097070  1.6103000150  2.0000000000
 0.2134412890 -0.2772224865  1.6465946683  2.0000000000
-0.5002505627  0.0023698956  1.7135299173  2.0000000000
-1.1212374444  0.2415691567  1.7739810560  2.0000000000
-1.3266447161  0.3211827733  1.7935867081  2.0000000000
-1.4307369755  0.3607521741  1.8039426956  2.0000000000
-1.7420024877  0.4795713964  1.8346302416  2.0000000000
-1.8463120982  0.5191912913  1.8448738503  2.0000000000
-2.4698390367  0.7565954215  1.9070572352  2.0000000000
 1.1561013581 -0.6735592147  1.5279872930  2.0000000000
 0.8704240875 -0.5514415668  1.5523933504  2.0000000000
 0.1746629725 -0.2698900985  1.6158112701  2.0000000000
-0.1293189190 -0.1499024166  1.6442002642  2.0000000000
-0.4378841714 -0.0303644489  1.6737032675  2.0000000000
-1.4742423935  0.3675969960  1.7751300554  2.0000000000
-2.2022209009  0.6445646142  1.8474625704  2.0000000000
-2.6178572806  0.8027385558  1.8890725547  2.0000000000
-3.1363069377  0.9996057598  1.9417109212  2.0000000000
 0.3368919445 -0.3427228973  1.5662863550  2.0000000000
 0.0346522036 -0.2225668274  1.5945513364  2.0000000000
-0.1689985163 -0.1426824447  1.6138525422  2.0000000000
-1.1011503048  0.2158337309  1.7047697566  2.0000000000
-1.3090885808  0.2954041270  1.7252898867  2.0000000000
-1.5181335299  0.3744520945  1.7464036292  2.0000000000
-2.5588265313  0.7698986328  1.8503566995  2.0000000000
 0.7968635337 -0.5366367687  1.4896752563  2.0000000000
 0.4992754476 -0.4156934061  1.5166078424  2.0000000000
 0.2990736269 -0.3352676292  1.5351868962  2.0000000000
-0.2083821607 -0.1354038413  1.5834443972  2.0000000000
-0.3115820259 -0.0955743598  1.5935318271  2.0000000000
-0.6224546184  0.0237286303  1.6239337430  2.0000000000
-1.4565112954  0.3418678202  1.7068654806  2.0000000000
-1.8740807704  0.5000066721  1.7487601567  2.0000000000
-2.7080012028  0.8160225792  1.8327999193  2.0000000000
 1.3248755002 -0.7744814960  1.4108305013  2.0000000000
 1.2324760673 -0.7334197262  1.4183866121  2.0000000000
 0.1612479862 -0.2877993637  1.5135725292  2.0000000000
-0.3509784037 -0.0882995337  1.5631258019  2.0000000000
-1.1848817416  0.2299397867  1.6460059994  2.0000000000
-2.0231082772  0.5463522162  1.7308540653  2.0000000000
-2.8573624535  0.8622701547  1.8152548551  2.0000000000
-3.0651166832  0.9411436690  1.8364611272  2.0000000000
 1.1051275288 -0.6848490120  1.3942100903  2.0000000000
 0.8204935187 -0.5623688078  1.4183200608  2.0000000000
 0.7234264447 -0.5217539595  1.4267580273  2.0000000000
 0.6246272785 -0.4813809357  1.4357142502  2.0000000000
 0.2252010888 -0.3203754420  1.4727967869  2.0000000000
-0.0801859582 -0.2004668839  1.5021907691  2.0000000000
-0.1826560468 -0.1606045191  1.5122165231  2.0000000000
-0.5989516708 -0.0015654685  1.5536816689  2.0000000000
-0.8080741590  0.0776582427  1.5747752304  2.0000000000
-0.9116449367  0.1176464084  1.5848324296  2.0000000000
-2.2758026256  0.6321016054  1.7234174229  2.0000000000
-2.6936890045  0.7897605974  1.7658912305  2.0000000000
-2.7982774143  0.8293794884  1.7765152848  2.0000000000
 1.5275704338 -0.8829055652  1.3251276915  2.0000000000
 1.3463263049 -0.8006036455  1.3398454462  2.0000000000
 1.1621480260 -0.7183702972  1.3549033060  2.0000000000
 0.8801072500 -0.5956151982  1.3785020284  2.0000000000
 0.7842605276 -0.5548970399  1.3867928106  2.0000000000
 0.5892019900 -0.4738471409  1.4041887348  2.0000000000
-0.0156685041 -0.2330234192  1.4614575727  2.0000000000
-0.1178207883 -0.1930643833  1.4714304785  2.0000000000
-0.4294397003 -0.0737411866  1.5024895012  2.0000000000
-0.6385754766  0.0056629465  1.5235476573  2.0000000000
-0.7438287612  0.0452828544  1.5342699747  2.0000000000
-1.6911503472  0.4023034443  1.6306115727  2.0000000000
-1.9013513273  0.4812162583  1.6521365437  2.0000000000
-2.1110908131  0.5602453697  1.6735593755  2.0000000000
-2.5296812636  0.7179960084  1.7162762198  2.0000000000
-2.6346400355  0.7574750288  1.7269999871  2.0000000000
 1.5828603935 -0.9169004588  1.2863035172  2.0000000000
 1.3128714663 -0.7929098945  1.3074903542  2.0000000000
 1.2217523334 -0.7516670785  1.3147855768  2.0000000000
 1.0351402577 -0.6696788842  1.3304876153  2.0000000000
 0.4547957663 -0.4258891842  1.3816955100  2.0000000000
 0.2536066591 -0.3455184451  1.4005880983  2.0000000000
 0.1530366251 -0.3053748682  1.4102064512  2.0000000000
-0.0518340180 -0.2255141648  1.4302720750  2.0000000000
-0.1554107208 -0.1856870197  1.4406145778  2.0000000000
-0.2588021874 -0.1458604826  1.4508723251  2.0000000000
-0.3631344539 -0.1061207373  1.4614146892  2.0000000000
-0.6784038089  0.0128971547  1.4934941275  2.0000000000
-0.7833069127  0.0525687551  1.5041381527  2.0000000000
-1.4176972719  0.2908201958  1.5690382771  2.0000000000
-1.5235823271  0.3303441123  1.5799399625  2.0000000000
-1.8403017117  0.4487815723  1.6126318447  2.0000000000
-2.6792220035  0.7643325346  1.6986637542  2.0000000000
-3.0977545092  0.9220526923  1.7416215185  2.0000000000
 1.6391841573 -0.9506475442  1.2469489043  2.0000000000
 1.0018104215 -0.6618879967  1.2980661560  2.0000000000
 0.9076034886 -0.6209825404  1.3061544511  2.0000000000
 0.8122757243 -0.5801809150  1.3144104054  2.0000000000
 0.5200895113 -0.4585159788  1.3406488518  2.0000000000
 0.3200476856 -0.3779696742  1.3593476155  2.0000000000
 0.2191929191 -0.3378512401  1.3689669842  2.0000000000
 0.0154503677 -0.2578582667  1.3888380138  2.0000000000
-0.6117184463 -0.0193716951  1.4523136747  2.0000000000
-0.7176406337  0.0202309381  1.4632959441  2.0000000000
-0.8230246803  0.0598055330  1.4741173043  2.0000000000
-0.9298048364  0.0993516104  1.4852992642  2.0000000000
-1.4601174860  0.2977601693  1.5397683234  2.0000000000
-2.0949203660  0.5346153201  1.6057297960  2.0000000000
-3.6580419049  1.1242656505  1.7663423661  2.0000000000
 0.7789295248 -0.5724288379  1.2821913950  2.0000000000
 0.6833041305 -0.5316329630  1.2906596153  2.0000000000
 0.5855242356 -0.4911622243  1.2995347522  2.0000000000
 0.1848534637 -0.3301665865  1.3373373245  2.0000000000
 0.0828819522 -0.2901675655  1.3473187409  2.0000000000
-0.2277280892 -0.1706632026  1.3783849198  2.0000000000
-0.3327830696 -0.1309878842  1.3891544227  2.0000000000
-0.4392604793 -0.0913761382  1.4002836488  2.0000000000
-1.0764077976  0.1462524274  1.4664376619  2.0000000000
-1.7160292447  0.3838246015  1.5329768122  2.0000000000
-3.0855554250  0.8965341769  1.6748002828  2.0000000000
 1.8362823965 -1.0601418792  1.1620102311  2.0000000000
 0.9364037675 -0.6462360537  1.2330560528  2.0000000000
 0.7468678654 -0.5645393616  1.2497362470  2.0000000000
 0.4540272695 -0.4428925042  1.2764667314  2.0000000000
 0.3541081716 -0.4026054661  1.2858729267  2.0000000000
 0.2529797054 -0.3624819802  1.2956559489  2.0000000000
-0.1580424236 -0.2027895359  1.3363130406  2.0000000000
-0.3695347707 -0.1235035199  1.3582225261  2.0000000000
-0.5840150234 -0.0443856042  1.3809451687  2.0000000000
-1.0099360020  0.1137899947  1.4254958777  2.0000000000
-1.4386361253  0.2723224006  1.4703835884  2.0000000000
-1.7595429078  0.3908594461  1.5041279772  2.0000000000
-1.8660812786  0.4303305292  1.5153152100  2.0000000000
-1.9722852400  0.4697668147  1.5264668402  2.0000000000
-2.3952140802  0.6274355680  1.5706763715  2.0000000000
-2.5001119016  0.6668545369  1.5815735250  2.0000000000
-3.1314924078  0.9035197756  1.6467368911  2.0000000000
 1.7178123325 -1.0108953223  1.1355703183  2.0000000000
 1.6311039570 -0.9691317793  1.1419151621  2.0000000000
 1.5423558750 -0.9275402893  1.1486036175  2.0000000000
 1.3639288705 -0.8444639975  1.1622719562  2.0000000000
 1.1830246579 -0.7616610861  1.1766272134  2.0000000000
 0.6185210848 -0.5158807478  1.2259337165  2.0000000000
 0.5208258217 -0.4753767891  1.2349405214  2.0000000000
 0.1184453486 -0.3146175257  1.2736190996  2.0000000000
 0.0149983596 -0.2747618552  1.2839502048  2.0000000000
-0.1929483016 -0.1952013880  1.3049291897  2.0000000000
-0.5139348900 -0.0764800276  1.3387710713  2.0000000000
-0.7284296104  0.0026091792  1.3614882184  2.0000000000
-0.8349746296  0.0421406061  1.3727777233  2.0000000000
-1.2665375635  0.2002705527  1.4186924108  2.0000000000
-1.5885641219  0.3190373418  1.4525179241  2.0000000000
-2.1229327807  0.5162085058  1.5090885558  2.0000000000
 1.5987394479 -0.9614176634  1.1089916525  2.0000000000
 1.0591967574 -0.7125943161  1.1515789096  2.0000000000
 0.9675069956 -0.6713611714  1.1592743408  2.0000000000
 0.8733426056 -0.6303991208  1.1676759392  2.0000000000
 0.3899132884 -0.4270773975  1.2118785679  2.0000000000
 0.1879663531 -0.3467582435  1.2314664975  2.0000000000
-0.0179922844 -0.2669512059  1.2520762179  2.0000000000
-0.1224054393 -0.2272470417  1.2626950480  2.0000000000
-0.2268414876 -0.1874994735  1.2733081711  2.0000000000
-1.6311803085  0.3261147821  1.4233340331  2.0000000000
-1.7395351147  0.3655970141  1.4349375166  2.0000000000
-1.9541766096  0.4444509979  1.4577824898  2.0000000000
-2.1680771783  0.5233363914  1.4805271800  2.0000000000
-2.3799308187  0.6021248937  1.5029295093  2.0000000000
-2.8023354895  0.7597246775  1.5469902567  2.0000000000
-3.5343521087  1.0350091196  1.6227348513  2.0000000000
 1.6533428647 -0.9955299939  1.0696703880  2.0000000000
 1.3888962129 -0.8704300551  1.0896172494  2.0000000000
 0.7486112937 -0.5814345176  1.1431561082  2.0000000000
 0.5563423991 -0.4999221359  1.1607316706  2.0000000000
 0.3587880839 -0.4190793213  1.1794521531  2.0000000000
 0.2579953159 -0.3788722183  1.1892724122  2.0000000000
 0.0532355109 -0.2989365673  1.2096287846  2.0000000000
-0.2609176942 -0.1798407306  1.2417277637  2.0000000000
-0.3688693437 -0.1403220455  1.2531638917  2.0000000000
-0.8056043589  0.0173330110  1.3008424651  2.0000000000
-0.9141349503  0.0567298547  1.3126288233  2.0000000000
-1.0221001124  0.0962425186  1.3241873134  2.0000000000
-1.5646841392  0.2938029789  1.3824680807  2.0000000000
-1.6735913673  0.3332257978  1.3941270314  2.0000000000
-2.1072776673  0.4910585798  1.4409025981  2.0000000000
-2.4265155565  0.6093070751  1.4748183829  2.0000000000
-2.7431171458  0.7274502641  1.5078963718  2.0000000000
-2.9547751268  0.8064272189  1.5299187624  2.0000000000
 1.7937080049 -1.0714076442  1.0240051026  2.0000000000
 1.4463350572 -0.9042597590  1.0496615417  2.0000000000
 0.9978271102 -0.6966949695  1.0857456964  2.0000000000
 0.7190791506 -0.5732881973  1.1101460278  2.0000000000
 0.5262588746 -0.4918323251  1.1279362772  2.0000000000
 0.4280900282 -0.4513134538  1.1372477658  2.0000000000
 0.3285738598 -0.4109688620  1.1468276096  2.0000000000
 0.2269423727 -0.3708829629  1.1568371894  2.0000000000
 0.0213635716 -0.2910329774  1.1775137466  2.0000000000
-0.1889184191 -0.2116908737  1.1991301816  2.0000000000
-0.2953141239 -0.1721643367  1.2101770327  2.0000000000
-0.8450274692  0.0246610344  1.2708000956  2.0000000000
-0.9537704344  0.0640820477  1.2825752347  2.0000000000
-1.9340105427  0.4192039966  1.3885632199  2.0000000000
-2.0445405847  0.4587394936  1.4007766926  2.0000000000
-2.4722070038  0.6164491840  1.4463798131  2.0000000000
-2.5785157174  0.6558485946  1.4577076815  2.0000000000
-3.2113553162  0.8922142666  1.5237193327  2.0000000000
-3.3161557187  0.9315173609  1.5346580883  2.0000000000
 1.8435718888 -1.1063296608  0.9854581536  2.0000000000
 1.4150067906 -0.8964690272  1.0164830074  2.0000000000
 1.2390452719 -0.8129951417  1.0302993994  2.0000000000
 1.1491989974 -0.7714909314  1.0376117027  2.0000000000
 1.0609987418 -0.7298576667  1.0446307309  2.0000000000
 0.8784154472 -0.6471445282  1.0602453806  2.0000000000
 0.6905650424 -0.5650858289  1.0770514219  2.0000000000
 0.5955828303 -0.5242030987  1.0856626103  2.0000000000
 0.3999587568 -0.4429987082  1.1041776617  2.0000000000
 0.1973389661 -0.3627313677  1.1242043194  2.0000000000
 0.0940605653 -0.3228372143  1.1346641536  2.0000000000
-0.0098332989 -0.2830687313  1.1453068757  2.0000000000
-0.1149782312 -0.2434134471  1.1561880360  2.0000000000
-0.6589596572 -0.0463463400  1.2146760035  2.0000000000
-0.7703710609 -0.0071214405  1.2273040282  2.0000000000
-1.4294448506  0.2291286647  1.3000450217  2.0000000000
-1.7585121147  0.3474548785  1.3359175729  2.0000000000
-2.0889537443  0.4658749094  1.3721917241  2.0000000000
-2.9425825838  0.7812285574  1.4628908845  2.0000000000
-3.2580824209  0.8993084488  1.4957597914  2.0000000000
 1.4717300771 -0.9304422504  0.9766960359  2.0000000000
 1.3839793068 -0.8886734043  0.9833123445  2.0000000000
 1.1210684624 -0.7633432378  1.0040852531  2.0000000000
 1.0328995348 -0.7216585584  1.0111723932  2.0000000000
 0.9416550916 -0.6802867409  1.0190642321  2.0000000000
 0.8510486165 -0.6388514019  1.0267696750  2.0000000000
 0.6656361869 -0.5565059175  1.0431315248  2.0000000000
 0.3726167019 -0.4346079219  1.0709847792  2.0000000000
 0.0665952007 -0.3144494429  1.1015959401  2.0000000000
-0.0405862824 -0.2750185008  1.1129462053  2.0000000000
-0.1482036682 -0.2355886298  1.1243235752  2.0000000000
-0.3623658283 -0.1566670754  1.1467442095  2.0000000000
-0.9197577858  0.0395530177  1.2096055351  2.0000000000
-1.1416265414  0.1181214862  1.2344626618  2.0000000000
-1.6894988298  0.3151703218  1.2944222043  2.0000000000
-2.4582765671  0.5914263247  1.3787849831  2.0000000000
-2.8837260332  0.7490401898  1.4237639081  2.0000000000
 1.4402067235 -0.9227827117  0.9434799577  2.0000000000
 1.0937296427 -0.7551443597  0.9704616767  2.0000000000
 0.6425243136 -0.5476571244  1.0089344273  2.0000000000
 0.2484282480 -0.3855387536  1.0468446107  2.0000000000
-0.1787587151 -0.2275136818  1.0918452242  2.0000000000
-0.2878462757 -0.1882505001  1.1035645108  2.0000000000
-0.3967794134 -0.1489259054  1.1152939589  2.0000000000
-0.5070175376 -0.1096815447  1.1274202542  2.0000000000
-1.2913565120  0.1647200614  1.2169564413  2.0000000000
-1.7305230608  0.3222625319  1.2651758076  2.0000000000
-2.5042097652  0.5986142691  1.3507260606  2.0000000000
-2.8246387152  0.7168523950  1.3846818492  2.0000000000
-3.1412690497  0.8348955656  1.4180757183  2.0000000000
-3.3508180885  0.9134106562  1.4399385444  2.0000000000
 1.4932256528 -0.9572879825  0.9041692113  2.0000000000
 1.1537840706 -0.7887809600  0.9298459329  2.0000000000
 1.0672848262 -0.7468598241  0.9366773566  2.0000000000
 0.9804729931 -0.7049333572  0.9436463635  2.0000000000
 0.6203780611 -0.5387361312  0.9745335034  2.0000000000
 0.2289604048 -0.3762775244  1.0119147891  2.0000000000
 0.0085654103 -0.2980354598  1.0361835768  2.0000000000
-0.2089166182 -0.2194986255  1.0595675855  2.0000000000
-0.3178487774 -0.1802488898  1.0712625848  2.0000000000
-0.4270871622 -0.1409956496  1.0831508789  2.0000000000
-1.3297136106  0.1720320475  1.1871145208  2.0000000000
-2.9767280253  0.7633497975  1.3679615815  2.0000000000
 1.4637185770 -0.9494612136  0.8708037213  2.0000000000
 1.3799991782 -0.9072257287  0.8768827499  2.0000000000
 1.2963666415 -0.8649681265  0.8831390082  2.0000000000
 1.2121554241 -0.8226985147  0.8895579162  2.0000000000
 0.7787218033 -0.6129112935  0.9244834649  2.0000000000
 0.0948341675 -0.3284399365  0.9901947723  2.0000000000
-0.0159687087 -0.2893817291  1.0024823623  2.0000000000
 2.0007060711 -1.2389558708  0.7995738375  2.0000000000
 1.7616549595 -1.1116741842  0.8151871587  2.0000000000
 1.5995447827 -1.0266199920  0.8260186797  2.0000000000
 1.5167012524 -0.9841033144  0.8317848788  2.0000000000
 1.2683514084 -0.8569470204  0.8495180943  2.0000000000
 1.0151542959 -0.7302373057  0.8689821431  2.0000000000
 0.9296846630 -0.6880945003  0.8758901867  2.0000000000
 0.6669521234 -0.5623794347  0.8977669012  2.0000000000
 0.3888102718 -0.4385933370  0.9228475770  2.0000000000
 1.8884545719 -1.1892257671  0.7718599211  2.0000000000
 1.7289150454 -1.1040902936  0.7821417956  2.0000000000
 1.4069344073 -0.9336240402  0.8035738767  2.0000000000
 1.3247339615 -0.8911930912  0.8093788386  2.0000000000
 0.9900872348 -0.7218458801  0.8348947482  2.0000000000
 0.7338162656 -0.5952948161  0.8556073461  2.0000000000
 0.5577601768 -0.5114910773  0.8705535174  2.0000000000
 0.3707179581 -0.4291745087  0.8877266575  2.0000000000
 0.2734608227 -0.3884844457  0.8970579461  2.0000000000
-0.2956781257 -0.1954751252  0.9628939702  2.0000000000
 1.4578651472 -0.9685954622  0.7645599997  2.0000000000
 1.3785134057 -0.9257298486  0.7698367508  2.0000000000
 0.9668856460 -0.7132155193  0.8004727547  2.0000000000
 0.8841147510 -0.6706253051  0.8069239650  2.0000000000
 0.5399352471 -0.5021064622  0.8354163220  2.0000000000
 0.3582134565 -0.4191487445  0.8515839092  2.0000000000
 0.2606495848 -0.3784555234  0.8610603527  2.0000000000
 1.9839945452 -1.2597985099  0.6951941904  2.0000000000
 1.7459997828 -1.1322819935  0.7101569641  2.0000000000
 1.2697432339 -0.8751531287  0.7416891204  2.0000000000
 1.1883241759 -0.8325711218  0.7476196891  2.0000000000
 0.3449026610 -0.4091594140  0.8156159635  2.0000000000
 1.7939195054 -1.1677201203  0.6717347225  2.0000000000
 1.2420481050 -0.8671992922  0.7078082612  2.0000000000
 1.0810637255 -0.7816948403  0.7195348757  2.0000000000
 0.5885644905 -0.5256947614  0.7579730466  2.0000000000
 0.3314235040 -0.3992155111  0.7797274678  2.0000000000
 2.0727933082 -1.3305277763  0.6189691597  2.0000000000
 1.8406262394 -1.2033991265  0.6335377702  2.0000000000
 1.7619855925 -1.1606309809  0.6384040733  2.0000000000
 1.6822771129 -1.1180899742  0.6432684499  2.0000000000
 1.5253854404 -1.0318422366  0.6533606877  2.0000000000
 1.2139430552 -0.8593492006  0.6739669097  2.0000000000
 1.1361685505 -0.8161823404  0.6794444624  2.0000000000
 0.8977338814 -0.6872633183  0.6970290791  2.0000000000
 0.7358912331 -0.6016094399  0.7095658601  2.0000000000
 0.5690808788 -0.5166193174  0.7230635971  2.0000000000
 0.4029571605 -0.4315049792  0.7366772675  2.0000000000
 0.3193759451 -0.3890940045  0.7435852268  2.0000000000
 0.2345954116 -0.3469600349  0.7507419880  2.0000000000
 0.1504744551 -0.3049519042  0.7578560853  2.0000000000
 1.5720888609 -1.0675900778  0.6148059367  2.0000000000
 1.2630733746 -0.8947275104  0.6348510938  2.0000000000
 1.1094190978 -0.8081382582  0.6454066572  2.0000000000
 1.0325751883 -0.7647897794  0.6508833894  2.0000000000
 0.6338394052 -0.5498692687  0.6811430128  2.0000000000
 0.5499145944 -0.5074722010  0.6880409737  2.0000000000
 0.4703186339 -0.4644600111  0.6943963538  2.0000000000
 1.5415021132 -1.0603368514  0.5811971344  2.0000000000
 1.2328675528 -0.8872822117  0.6010305992  2.0000000000
 1.1589661071 -0.8435985491  0.6060578906  2.0000000000
 1.0844761345 -0.7998932362  0.6111074752  2.0000000000
 0.9317341122 -0.7129650135  0.6219068497  2.0000000000
 0.7728108023 -0.6268799527  0.6339010372  2.0000000000
 0.4554301050 -0.4547528742  0.6587815143  2.0000000000
 0.3792152178 -0.4110967798  0.6643913967  2.0000000000
 0.2180369085 -0.3254382105  0.6772432076  2.0000000000
 1.7428774360 -1.1826007736  0.5335461449  2.0000000000
 1.2829655221 -0.9227211830  0.5620983958  2.0000000000
 1.0593865111 -0.7916650956  0.5768267172  2.0000000000
 0.6747555187 -0.5747263840  0.6048294026  2.0000000000
 0.5953769664 -0.5316993083  0.6110213959  2.0000000000
 0.2070093776 -0.3151823095  0.6409824518  2.0000000000
 1.5548847994 -1.0897738056  0.5095005329  2.0000000000
 1.1785722935 -0.8717181044  0.5331238970  2.0000000000
 0.8881618067 -0.6955053600  0.5523616610  2.0000000000
 0.7348290556 -0.6086733239  0.5635440036  2.0000000000
 1.5979853855 -1.1264311219  0.4716605062  2.0000000000
 1.2242920252 -0.9079820171  0.4945054429  2.0000000000
 1.1521245501 -0.8638355565  0.4990202075  2.0000000000
 0.8655244318 -0.6868911110  0.5176589238  2.0000000000
 0.7900551518 -0.6433249273  0.5230663234  2.0000000000
 0.7159326137 -0.5995501695  0.5283584187  2.0000000000
 0.6420124338 -0.5556629744  0.5337130390  2.0000000000
 1.6361314767 -1.1637631706  0.4342599754  2.0000000000
 1.5638263751 -1.1197963712  0.4383709385  2.0000000000
 1.4912832231 -1.0757612702  0.4424946878  2.0000000000
 1.1950387015 -0.9006223220  0.4606067826  2.0000000000
 1.0557996586 -0.8115186867  0.4692269339  2.0000000000
 0.9146246687 -0.7226077233  0.4782828590  2.0000000000
 0.6985571706 -0.5901779179  0.4929276765  2.0000000000
 0.2690144142 -0.3243256150  0.5232872738  2.0000000000
 1.3858945245 -1.0249247907  0.4132798019  2.0000000000
 1.2400972894 -0.9369707777  0.4221086538  2.0000000000
 0.8912935540 -0.7142787444  0.4436127653  2.0000000000
 0.7525090824 -0.6250682883  0.4526048929  2.0000000000
 0.6838178211 -0.5803746935  0.4570531758  2.0000000000
 0.3968012711 -0.4033983099  0.4774598954  2.0000000000
 0.3377792936 -0.3567609151  0.4805700950  2.0000000000
 1.4965574469 -1.1065216250  0.3716543155  2.0000000000
 1.4259506622 -1.0622078349  0.3755836048  2.0000000000
 1.3542016401 -1.0180275395  0.3796436284  2.0000000000
 1.2126172919 -0.9293914448  0.3880318241  2.0000000000
 1.0045330833 -0.7956162612  0.4005834577  2.0000000000
 0.8011443545 -0.6608989359  0.4131270898  2.0000000000
 0.7353786359 -0.6156418074  0.4171019634  2.0000000000
 1.5313452051 -1.1443159399  0.3345227184  2.0000000000
 1.3223785017 -1.0111212036  0.3460177478  2.0000000000
 1.1815022008 -0.9224523760  0.3542344897  2.0000000000
 0.7826864960 -0.6517131263  0.3778498820  2.0000000000
 0.6517727188 -0.5611628886  0.3857710087  2.0000000000
 0.3926817590 -0.3793679418  0.4019282913  2.0000000000
 1.1532974153 -0.9150251979  0.3201365214  2.0000000000
 0.8846619275 -0.7351189482  0.3359353172  2.0000000000
 0.7576824802 -0.6438109249  0.3433071306  2.0000000000
 0.6358227403 -0.5515666780  0.3501641994  2.0000000000
 0.5010410249 -0.4616890754  0.3590023723  2.0000000000
 1.3238974280 -1.0426587077  0.2753305342  2.0000000000
 1.0577088905 -0.8627132000  0.2898215906  2.0000000000
 0.9912475911 -0.8176690016  0.2935879889  2.0000000000
 0.6155264275 -0.5427740381  0.3148722028  2.0000000000
 0.5550999569 -0.4965766785  0.3182804090  2.0000000000
 1.4934179142 -1.1696182305  0.2309906532  2.0000000000
 1.2259191433 -0.9908683120  0.2449831706  2.0000000000
 0.1819764795 -0.2087559121  0.3026560714  2.0000000000
 1.4569018449 -1.1634670088  0.1976198660  2.0000000000
 1.1902797364 -0.9846086620  0.2116634670  2.0000000000
 0.9347536108 -0.8028942802  0.2251806795  2.0000000000
 0.4644188837 -0.4308369897  0.2500212892  2.0000000000
 0.2305179123 -0.2445027136  0.2629211749  2.0000000000
 0.1176804273 -0.1511163118  0.2688540492  2.0000000000
 0.9684909948 -0.8413733588  0.1877237401  2.0000000000
 0.7835607841 -0.7036601002  0.1976904873  2.0000000000
 0.9966850981 -0.8807619278  0.1508587323  2.0000000000
 0.8200990852 -0.7416589537  0.1596580906  2.0000000000
 0.6482072538 -0.6012476280  0.1682561104  2.0000000000
 0.1604473015 -0.1752023110  0.1918634257  2.0000000000
 1.2773420216 -1.1019190065  0.1015566292  2.0000000000
 1.0853784274 -0.9662337547  0.1111064530  2.0000000000
 0.9647394912 -0.8741208708  0.1170293051  2.0000000000
 0.7926276184 -0.7341524198  0.1253045607  2.0000000000
 0.6857981198 -0.6391245125  0.1300466822  2.0000000000
 0.5206660857 -0.4974801873  0.1379931511  2.0000000000
 0.4733896489 -0.4488374827  0.1397269540  2.0000000000
 0.4262127719 -0.4002035368  0.1414317247  2.0000000000
 0.1492836527 -0.1646599122  0.1555144218  2.0000000000
 0.9302049584 -0.8679372821  0.0834387460  2.0000000000
 0.8718269624 -0.8215474611  0.0862316864  2.0000000000
 0.7633336885 -0.7270805019  0.0911763732  2.0000000000
 0.5032280708 -0.4881355978  0.1024193735  2.0000000000
 0.4077125187 -0.3910116193  0.1059779589  2.0000000000
 0.0941864555 -0.1048106836  0.1205026137  2.0000000000
 0.8412267425 -0.8147036153  0.0522286533  2.0000000000
 0.3465091434 -0.3323016078  0.0716362844  2.0000000000
 1.0336233772 -0.9950259546  0.0082197411  2.0000000000
 0.9758616879 -0.9487297197  0.0108822099  2.0000000000
 0.8067964744 -0.8085588773  0.0185900383  2.0000000000
 0.5102620831 -0.5192224883  0.0303043660  2.0000000000
 0.9910389045 -0.9903145923 -0.0247218041  2.0000000000
 0.6284793760 -0.6572058064 -0.0096887535  2.0000000000
 0.5782145248 -0.6091542232 -0.0076681947  2.0000000000
 0.5314879346 -0.5603520307 -0.0059888976  2.0000000000
 0.4425413500 -0.4617562087 -0.0031134047  2.0000000000
 0.4007447170 -0.4119278867 -0.0020075142  2.0000000000
 0.3567914902 -0.3625617394 -0.0006901312  2.0000000000
 0.2676481398 -0.2641862252  0.0020367528  2.0000000000
 0.1660430775 -0.1681032463  0.0064953975  2.0000000000
 0.8442311347 -0.8909598411 -0.0533068458  2.0000000000
 0.7932707162 -0.8433275690 -0.0512904148  2.0000000000
 0.6921082955 -0.7476651407 -0.0471936741  2.0000000000
 0.2956925267 -0.3038130218 -0.0348943589  2.0000000000
 0.2519123520 -0.2544443176 -0.0336313890  2.0000000000
 0.2077944075 -0.2051555452 -0.0324150345  2.0000000000
 0.4784547412 -0.5453671896 -0.0750109295  2.0000000000
 0.3561093712 -0.3953497390 -0.0719008264  2.0000000000
 0.3202475953 -0.3442355405 -0.0713865482  2.0000000000
 0.2811569318 -0.2938257337 -0.0706788965  2.0000000000
 0.2375193189 -0.2444421002 -0.0694316631  2.0000000000
 0.1040064831 -0.0967730369 -0.0653651122  2.0000000000
 0.7699477576 -0.8796994580 -0.1202107656  2.0000000000
 0.7231785630 -0.8313398994 -0.1185497067  2.0000000000
 0.5383556069 -0.6367673224 -0.1121504150  2.0000000000
 0.2652650929 -0.2841310825 -0.1062601099  2.0000000000
 0.2235439024 -0.2343420646 -0.1053014817  2.0000000000
 0.0154692223  0.0145806265 -0.1004276477  2.0000000000
 0.8223735358 -0.9713132825 -0.1567089844  2.0000000000
 0.6846203380 -0.8260903911 -0.1519277575  2.0000000000
 0.5530028801 -0.6790071744 -0.1477071422  2.0000000000
 0.1283847496 -0.1241664402 -0.1395179424  2.0000000000
 0.8260864544 -1.0147151500 -0.1913082759  2.0000000000
 0.6509185511 -0.8199144779 -0.1857037064  2.0000000000
 0.3925244179 -0.5245634461 -0.1778722614  2.0000000000
 0.1156098457 -0.1138305352 -0.1755133673  2.0000000000
 0.0408197906 -0.0124824786 -0.1747644913  2.0000000000
 0.6966622339 -0.9130001112 -0.2215398542  2.0000000000
 0.5706062523 -0.7654824164 -0.2179495025  2.0000000000
 0.3287024075 -0.4666523084 -0.2116445788  2.0000000000
 0.1081030259 -0.1022146581 -0.2121831252  2.0000000000
 0.3769640815 -0.5603819677 -0.2476593204  2.0000000000
 0.1182645264 -0.1459645412 -0.2468453165  2.0000000000
 0.3854957041 -0.6038158397 -0.2826935605  2.0000000000
 0.2802706532 -0.4513003897 -0.2810166013  2.0000000000
 0.0703556729 -0.0842988333 -0.2828178701  2.0000000000
 0.0119294628  0.0207666349 -0.2839290964  2.0000000000
 0.4952945359 -0.8000683334 -0.3192754189  2.0000000000
 0.6604837905 -1.0395139587 -0.3579775168  2.0000000000
 0.3149966269 -0.5926318299 -0.3500315390  2.0000000000
 0.2780625109 -0.5422505482 -0.3492508243  2.0000000000
 0.0106226120 -0.0123272850 -0.3546981760  2.0000000000
-0.0198774060  0.0999849952 -0.3596749279  2.0000000000
 0.4949448006 -0.8895096101 -0.3878421888  2.0000000000
 0.1990207816 -0.4299471743 -0.3840554494  2.0000000000
 0.2431526957 -0.5819148460 -0.4172613509  2.0000000000
 0.1944891889 -0.4761554175 -0.4178047086  2.0000000000
 0.1706997929 -0.4228523916 -0.4184415682  2.0000000000
 0.1220370377 -0.3162592540 -0.4197276947  2.0000000000
 0.3754303041 -0.8306089647 -0.4534374188  2.0000000000
 0.3363097014 -0.7810890136 -0.4525300434  2.0000000000
 0.2389047609 -0.6279129296 -0.4512791299  2.0000000000
 0.0933632131 -0.3095520309 -0.4537990566  2.0000000000
 0.0441390432 -0.2023577209 -0.4554005996  2.0000000000
 0.0192937305 -0.1488094626 -0.4562854905  2.0000000000
-0.0096270514  0.0837209296 -0.4695157094  2.0000000000
 0.4034281955 -0.9266650556 -0.4875533472  2.0000000000
 0.2937424370 -0.8218556497 -0.5197500084  2.0000000000
 0.2509091296 -0.7731379062 -0.5189388552  2.0000000000
 0.1405493092 -0.5652506745 -0.5181180885  2.0000000000
 0.0130676688 -0.2433976656 -0.5220830310  2.0000000000
-0.0362111125 -0.0761682423 -0.5281465118  2.0000000000
 0.2058147196 -0.7697840849 -0.5518791161  2.0000000000
 0.1746100272 -0.7186692724 -0.5514983283  2.0000000000
 0.1499104706 -0.6660867971 -0.5512845204  2.0000000000
 0.1089553330 -0.5590691326 -0.5519763633  2.0000000000
 0.0370678535 -0.4009611631 -0.5520049298  2.0000000000
-0.0025664333 -0.2928259528 -0.5539071279  2.0000000000
 0.1609720359 -0.7663234120 -0.5848772800  2.0000000000
-0.0344670890 -0.2874443645 -0.5870607356  2.0000000000
