 4.6078553359 -2.0156931178  0.9038380846  1.0000000000
 3.6190553577 -1.9683823234  0.9015701068  1.0000000000
 2.6363082201 -1.9215445672  0.8993206144  1.0000000000
 5.3051999843 -2.0242154622  0.9047486008  1.0000000000
 3.1960499686 -1.9437438730  0.9004894134  1.0000000000
 2.5434757596 -1.9127006824  0.8989971487  1.0000000000
 5.1116138546 -1.9538356195  0.9025870739  1.0000000000
 5.1055993863 -1.9721903391  0.9031012760  1.0000000000
 5.1072036272 -2.0109682429  0.9042001583  1.0000000000
 3.1031708624 -1.9347920561  0.9001631863  1.0000000000
 2.7759018462 -1.9192263090  0.8994148729  1.0000000000
 4.8967662967 -1.9378116446  0.9019452794  1.0000000000
 4.9029254653 -1.9581551919  0.9025264334  1.0000000000
 4.9063355965 -1.9779752892  0.9030903628  1.0000000000
 2.6834125183 -1.9102780618  0.8990891621  1.0000000000
 4.7120853274 -1.8494150264  0.8992816335  1.0000000000
 4.7026856756 -1.9444152707  0.9019620811  1.0000000000
 3.1027124384 -1.8628900708  0.8981597281  1.0000000000
 2.2621932597 -1.8856950336  0.8980118112  1.0000000000
 1.2338626314 -1.9240589929  0.8981193124  1.0000000000
 4.4750450941 -1.8687271062  0.8996204783  1.0000000000
 1.2860446872 -1.8967699099  0.8974141911  1.0000000000
 1.7456912173 -1.8519666675  0.8966007686  1.0000000000
 1.3377363931 -1.8691883694  0.8967005628  1.0000000000
 4.0803523021 -1.7637512451  0.8963035630  1.0000000000
 2.4011451282 -1.7976467432  0.8957044224  1.0000000000
 2.1921539710 -1.8042860058  0.8956938451  1.0000000000
 3.8938528481 -1.7312455319  0.8952201221  1.0000000000
 3.8315919341 -1.7440015110  0.8955266217  1.0000000000
 2.6181843163 -1.7590422160  0.8948271839  1.0000000000
 3.9241653664 -1.6719020697  0.8935667630  1.0000000000
 3.6907853017 -1.6972244689  0.8940792735  1.0000000000
 2.8518033148 -1.7225666519  0.8940267845  1.0000000000
 1.8753379687 -1.7556814543  0.8940602343  1.0000000000
 0.6691418862 -1.8165653790  0.8946308814  1.0000000000
 0.2689530818 -1.8366044082  0.8948128813  1.0000000000
 3.3947143110 -1.6720617179  0.8931078003  1.0000000000
 3.2873359435 -1.6815550753  0.8932822702  1.0000000000
 3.5401951016 -1.6036755008  0.8912992542  1.0000000000
 3.3795747804 -1.6197487248  0.8916136382  1.0000000000
 2.3147891594 -1.6694006271  0.8920581475  1.0000000000
 1.3593331964 -1.7157893259  0.8924860618  1.0000000000
 1.1598760655 -1.7285697325  0.8926554223  1.0000000000
 0.9537539834 -1.7390041865  0.8927531089  1.0000000000
 0.3581186804 -1.7750184495  0.8931978368  1.0000000000
 0.1599274999 -1.7856485268  0.8933075724  1.0000000000
-0.2355047092 -1.8066388737  0.8935203661  1.0000000000
-0.4295169273 -1.8169311806  0.8936246979  1.0000000000
 3.1055140300 -1.5926968078  0.8906078803  1.0000000000
 2.8684198588 -1.6110226545  0.8909195557  1.0000000000
 2.1549785071 -1.6412686358  0.8911329948  1.0000000000
 1.5785449355 -1.6681247214  0.8913593057  1.0000000000
 1.3984887734 -1.6785050694  0.8914905911  1.0000000000
 0.4020186085 -1.7427013800  0.8923467886  1.0000000000
 0.2031706258 -1.7546517433  0.8924932393  1.0000000000
 2.9200129872 -1.5574622789  0.8894481962  1.0000000000
 2.5097074459 -1.5845601353  0.8898553694  1.0000000000
 2.3353177599 -1.5926354247  0.8899275456  1.0000000000
 1.6288739042 -1.6304243900  0.8903664353  1.0000000000
 1.4427035250 -1.6398618742  0.8904641091  1.0000000000
 0.0474416601 -1.7344175759  0.8917915045  1.0000000000
 2.7560120506 -1.5206484779  0.8882613948  1.0000000000
 2.6200998486 -1.5315610874  0.8884534635  1.0000000000
 2.4841957081 -1.5415894821  0.8886203027  1.0000000000
 1.1445339740 -1.6221140347  0.8897340461  1.0000000000
-0.3067783225 -1.7257091060  0.8912244667  1.0000000000
 2.1610366174 -1.5177201629  0.8876658390  1.0000000000
 1.3266453871 -1.5713550434  0.8884594281  1.0000000000
 1.1657976323 -1.5832320743  0.8886628744  1.0000000000
 0.8638002210 -1.6042310608  0.8890298717  1.0000000000
-0.6624221725 -1.7163618538  0.8906382277  1.0000000000
-0.8607992705 -1.7272370979  0.8907544963  1.0000000000
 1.9897339970 -1.4840197299  0.8865658313  1.0000000000
 1.8405520973 -1.4965229128  0.8867937941  1.0000000000
 1.3407002612 -1.5296894183  0.8873020153  1.0000000000
 0.8657451092 -1.5661832991  0.8879492587  1.0000000000
 0.5768260333 -1.5876658520  0.8883505911  1.0000000000
 0.4359828526 -1.5971871822  0.8885235255  1.0000000000
 2.3829468122 -1.3960075890  0.8843961727  1.0000000000
 2.1098182223 -1.4212775613  0.8848825032  1.0000000000
 1.8202807418 -1.4499902293  0.8854569647  1.0000000000
 1.5223675945 -1.4770132749  0.8859752626  1.0000000000
 0.8732411486 -1.5263128522  0.8868279260  1.0000000000
 0.5730356110 -1.5500524076  0.8872730335  1.0000000000
 0.2912657880 -1.5725066653  0.8877101851  1.0000000000
 0.1499568043 -1.5836852512  0.8879270686  1.0000000000
 0.0140893506 -1.5926573849  0.8880900916  1.0000000000
-1.3699571873 -1.6976378601  0.8894685140  1.0000000000
 1.3635110689 -1.4451199750  0.8849385971  1.0000000000
 1.2022133438 -1.4577601294  0.8851607112  1.0000000000
 0.8839900714 -1.4848390809  0.8856670007  1.0000000000
 0.5737890964 -1.5111589877  0.8861674222  1.0000000000
 0.4221173778 -1.5242837963  0.8864237430  1.0000000000
 0.1421345910 -1.5483599181  0.8869065069  1.0000000000
-0.1437885299 -1.5726120702  0.8873875018  1.0000000000
-0.2804940963 -1.5835813504  0.8876030101  1.0000000000
-1.3358303152 -1.6694778274  0.8887230920  1.0000000000
-1.5252300140 -1.6782863747  0.8887929166  1.0000000000
 1.0496094255 -1.4274360632  0.8841778852  1.0000000000
 0.5782631948 -1.4704587859  0.8850167705  1.0000000000
 0.4239130564 -1.4842790362  0.8852879856  1.0000000000
-0.4495781695 -1.5633958382  0.8868842534  1.0000000000
-1.6908775087 -1.6598483717  0.8881289639  1.0000000000
 1.7532086474 -1.2956351804  0.8810023389  1.0000000000
 1.3307597430 -1.3438688073  0.8820273088  1.0000000000
 1.0423420573 -1.3792162849  0.8828003407  1.0000000000
 0.8937089133 -1.3958437434  0.8831528707  1.0000000000
 0.7398444492 -1.4112576687  0.8834664152  1.0000000000
 0.4295707351 -1.4418913374  0.8840897168  1.0000000000
 0.1144689715 -1.4741166182  0.8847555815  1.0000000000
 1.5871332855 -1.2571118039  0.8797635571  1.0000000000
 1.1678985674 -1.3087927451  0.8808933145  1.0000000000
 0.5892190567 -1.3816408704  0.8825054278  1.0000000000
 0.4343296093 -1.3976605413  0.8828376623  1.0000000000
 0.2794526804 -1.4153017090  0.8832184211  1.0000000000
-0.1946448279 -1.4638803302  0.8842219728  1.0000000000
-0.3465359484 -1.4781953216  0.8845116508  1.0000000000
-0.4977872936 -1.4931621193  0.8848191640  1.0000000000
-0.6433000671 -1.5075781375  0.8851187879  1.0000000000
 1.2887109656 -1.2377858221  0.8789652874  1.0000000000
 0.5884249961 -1.3339118954  0.8811447271  1.0000000000
-0.1934283148 -1.4236400702  0.8830789468  1.0000000000
-0.9588195612 -1.5019409933  0.8847026504  1.0000000000
-1.8422582118 -1.5738160219  0.8856966267  1.0000000000
-2.6678142907 -1.6382846426  0.8865638906  1.0000000000
 1.1311057453 -1.2019642057  0.8778125684  1.0000000000
 0.8584076883 -1.2427768683  0.8787599833  1.0000000000
 0.2875502196 -1.3219939477  0.8805692618  1.0000000000
-0.0219389496 -1.3623533359  0.8814815702  1.0000000000
-0.6684129968 -1.4332531360  0.8829708612  1.0000000000
-0.8296659972 -1.4506625566  0.8833335257  1.0000000000
-0.9859790454 -1.4668412019  0.8836681832  1.0000000000
-2.2803050515 -1.5758317279  0.8853031797  1.0000000000
 1.0971411697 -1.1395186171  0.8759939086  1.0000000000
 0.7042184850 -1.2089847161  0.8776699634  1.0000000000
 0.4283305351 -1.2511848123  0.8786572386  1.0000000000
 0.2863538903 -1.2716034300  0.8791283914  1.0000000000
-0.0151061817 -1.3144158296  0.8801236297  1.0000000000
-0.6686455983 -1.3927135599  0.8818195311  1.0000000000
-1.1567743166 -1.4462150046  0.8829370605  1.0000000000
 0.8180409826 -1.1293844415  0.8754805350  1.0000000000
 0.6880483962 -1.1531799442  0.8760586954  1.0000000000
 0.1394832034 -1.2405152549  0.8781240150  1.0000000000
-0.1590896719 -1.2849350497  0.8791706085  1.0000000000
-0.3175690838 -1.3085855557  0.8797299050  1.0000000000
-0.4837922893 -1.3295216470  0.8801906469  1.0000000000
-0.6581049945 -1.3494577144  0.8806067918  1.0000000000
-1.3384012509 -1.4270478909  0.8822318867  1.0000000000
-2.8549344613 -1.5559483628  0.8841899325  1.0000000000
 0.9067055195 -1.0403687833  0.8729979391  1.0000000000
 0.6659131805 -1.0951324894  0.8743770967  1.0000000000
 0.4069221701 -1.1435565671  0.8755595825  1.0000000000
-0.0069593080 -1.2093133218  0.8771161487  1.0000000000
-0.4570748493 -1.2829612289  0.8789076258  1.0000000000
-0.6234167287 -1.3039737115  0.8793701622  1.0000000000
-1.1783247272 -1.3697427726  0.8807365876  1.0000000000
-1.3463928408 -1.3886754291  0.8811336743  1.0000000000
-2.7383138640 -1.5143124537  0.8832051493  1.0000000000
 0.6351907466 -1.0331917314  0.8725759783  1.0000000000
 0.1232736984 -1.1336660740  0.8750517523  1.0000000000
-0.0145015474 -1.1557504311  0.8755757243  1.0000000000
-0.1512990208 -1.1781743507  0.8761110453  1.0000000000
-0.2948465533 -1.2005217908  0.8766413370  1.0000000000
-1.5234358557 -1.3693435295  0.8804320344  1.0000000000
-1.7008244182 -1.3884098625  0.8808156537  1.0000000000
 0.7201559640 -0.9410641012  0.8700008886  1.0000000000
 0.2451685874 -1.0558274428  0.8729155833  1.0000000000
 0.1135116216 -1.0793765283  0.8734871169  1.0000000000
-0.1571326785 -1.1245459771  0.8745688667  1.0000000000
-0.7313268099 -1.2325424352  0.8772980749  1.0000000000
-1.8549470750 -1.3679939746  0.8801247028  1.0000000000
-2.0779991181 -1.3890147556  0.8804832978  1.0000000000
-2.7793259962 -1.4523798966  0.8815230840  1.0000000000
-0.0315364831 -1.0475891624  0.8724602914  1.0000000000
-0.1643979213 -1.0706336085  0.8730165331  1.0000000000
-0.4352002291 -1.1160564921  0.8741074582  1.0000000000
-1.0251830757 -1.2353135029  0.8771894992  1.0000000000
-2.4526100166 -1.3897694122  0.8801595009  1.0000000000
-2.6847013429 -1.4110090093  0.8805113476  1.0000000000
 0.6421548469 -0.8121050641  0.8662192381  1.0000000000
 0.5564461429 -0.8444176660  0.8671250800  1.0000000000
 0.0855608763 -0.9687103732  0.8702896331  1.0000000000
-0.0441641671 -0.9926986342  0.8708751425  1.0000000000
-0.3075833194 -1.0393053094  0.8720049571  1.0000000000
-0.9912352222 -1.1865807730  0.8758570270  1.0000000000
-1.9181926248 -1.3053133879  0.8784009844  1.0000000000
-2.1361842598 -1.3261510175  0.8787618820  1.0000000000
-2.5929627626 -1.3693504768  0.8794899844  1.0000000000
-2.8222953182 -1.3907743274  0.8798482564  1.0000000000
 0.6052236158 -0.7477821892  0.8643353559  1.0000000000
 0.4316617898 -0.8121678534  0.8661374299  1.0000000000
-0.9635876550 -1.1360234277  0.8744568661  1.0000000000
-1.1177781143 -1.1641714416  0.8751596665  1.0000000000
-1.2883112194 -1.1900485797  0.8757610479  1.0000000000
-1.4622860895 -1.2153043714  0.8763375978  1.0000000000
 0.3080580245 -0.7802638412  0.8651603711  1.0000000000
-0.9334684455 -1.0853940124  0.8730538341  1.0000000000
-1.2379562610 -1.1429686553  0.8745119338  1.0000000000
-1.5934653464 -1.1929372372  0.8756311368  1.0000000000
-2.1818136358 -1.2622565978  0.8770337474  1.0000000000
 0.1811962798 -0.7491967749  0.8642045671  1.0000000000
-0.5114028072 -0.9461618851  0.8694194444  1.0000000000
-1.2003831781 -1.0940933066  0.8731816483  1.0000000000
-1.9014611905 -1.1958048193  0.8754962746  1.0000000000
 0.9750758439  2.3166414427  0.7785922346  1.0000000000
 0.9413908359  2.2617063094  0.7798346006  1.0000000000
 0.8705445440  2.1472440751  0.7824461181  1.0000000000
 0.1537601129 -0.6823214555  0.8622529395  1.0000000000
 0.0614002011 -0.7159298577  0.8631904881  1.0000000000
-0.1501931782 -0.7918379435  0.8652917168  1.0000000000
-0.3834727581 -0.8581148515  0.8670471096  1.0000000000
-0.5017900798 -0.8912519521  0.8679222848  1.0000000000
-0.7495433343 -0.9573528374  0.8696488697  1.0000000000
-1.3152300803 -1.0738527431  0.8725755814  1.0000000000
-1.4702838603 -1.1017598625  0.8732710156  1.0000000000
-3.0722641410 -1.2867728216  0.8769406433  1.0000000000
 0.7599975066  1.9829062964  0.7865057463  1.0000000000
 0.7251886367  1.9259248580  0.7877884575  1.0000000000
-1.7505822539 -1.1078945705  0.8732901483  1.0000000000
-2.7638653159 -1.2223571179  0.8755134235  1.0000000000
 0.9694402539  2.3355017585  0.7787679514  1.0000000000
-0.1494829837 -0.3221076607  0.8496713985  1.0000000000
-0.1726571030 -0.6471016849  0.8611019704  1.0000000000
-0.4669209089 -0.7819447196  0.8649582615  1.0000000000
-0.7095173814 -0.8482719213  0.8667014100  1.0000000000
-1.6951415096 -1.0617513836  0.8720854412  1.0000000000
-3.0950636389 -1.2238952190  0.8752863259  1.0000000000
-3.3068905945 -1.2457085934  0.8756805927  1.0000000000
 1.0010853404  2.3996022116  0.7775847751  1.0000000000
 0.9660642366  2.3445305788  0.7788756706  1.0000000000
-0.2281168642 -0.0244613051  0.8393798755  1.0000000000
-0.2001487772 -0.3019152180  0.8493081181  1.0000000000
-0.6859914322 -0.7930784785  0.8652130633  1.0000000000
-0.8104574791 -0.8268862911  0.8660989855  1.0000000000
-0.9413988650 -0.8605133666  0.8669689527  1.0000000000
-1.2005099554 -0.9272932757  0.8686982225  1.0000000000
-2.7868352653 -1.1601589733  0.8738873985  1.0000000000
 1.0328670552  2.4634693799  0.7763965948  1.0000000000
 0.8512660337  2.1768547794  0.7830941858  1.0000000000
 0.8158797224  2.1197489651  0.7843982490  1.0000000000
 0.7071585026  1.9452227566  0.7884081946  1.0000000000
 0.6370660179  1.8293902504  0.7909923339  1.0000000000
 0.5321369319  1.6559880381  0.7948597045  1.0000000000
 0.4970840785  1.5979980324  0.7961515371  1.0000000000
 0.4621789101  1.5399550605  0.7974378803  1.0000000000
-0.0796036252  0.4465666993  0.8154838352  1.0000000000
-0.1068336460  0.3841983441  0.8181649242  1.0000000000
-0.2521256115 -0.2814374292  0.8489407984  1.0000000000
-0.2763541748 -0.4780195507  0.8558812401  1.0000000000
-0.3066304777 -0.5367033901  0.8578401563  1.0000000000
-0.7820388709 -0.7713341079  0.8646065835  1.0000000000
-1.3041884816 -0.9069887179  0.8681224364  1.0000000000
-1.4517672851 -0.9371047519  0.8688666822  1.0000000000
-1.7563040767 -0.9949604851  0.8702750246  1.0000000000
-1.9146172194 -1.0230521011  0.8709452546  1.0000000000
-2.4932111346 -1.0947408314  0.8724135575  1.0000000000
 0.8842406974  2.2439756682  0.7818619397  1.0000000000
-0.0042353767  0.6356662387  0.8132469111  1.0000000000
-0.0971714638  0.4550941564  0.8169008071  1.0000000000
-0.1515573109  0.3295894337  0.8223940774  1.0000000000
-0.2695164115  0.0018434613  0.8391338186  1.0000000000
-0.4134179001 -0.5083605615  0.8570077051  1.0000000000
-0.8805433547 -0.7461336531  0.8638939200  1.0000000000
-0.9961058366 -0.7872881336  0.8650135805  1.0000000000
-2.3875992206 -1.0539734739  0.8714551153  1.0000000000
 1.0621665000  2.5376203617  0.7752835077  1.0000000000
 0.9559260403  2.3721228489  0.7792006016  1.0000000000
 0.7664562548  2.0731324736  0.7861926475  1.0000000000
 0.7304963122  2.0154180495  0.7875182852  1.0000000000
 0.6951523522  1.9586929961  0.7888205835  1.0000000000
 0.5899668311  1.7874188612  0.7926921966  1.0000000000
 0.4848642953  1.6140808454  0.7965640697  1.0000000000
 0.4141897457  1.4961732637  0.7991686762  1.0000000000
 0.1613713674  1.0085132832  0.8080722377  1.0000000000
 0.1298904018  0.9475288795  0.8091818885  1.0000000000
-0.1149663353  0.4634088850  0.8183524232  1.0000000000
-0.1704186091  0.3380766476  0.8237053233  1.0000000000
-0.1958189372  0.2739233405  0.8267228099  1.0000000000
-0.2658775825  0.0768603687  0.8367452345  1.0000000000
-0.3155083422 -0.0467209137  0.8412545878  1.0000000000
-0.3314382860 -0.1109087799  0.8435847962  1.0000000000
-0.3783643710 -0.3710055888  0.8528342321  1.0000000000
-0.4623836428 -0.4864626748  0.8566301079  1.0000000000
-0.6673056710 -0.5885673951  0.8594537033  1.0000000000
-0.7612245677 -0.6344121064  0.8607901534  1.0000000000
-1.2180723046 -0.8032039508  0.8654029671  1.0000000000
-1.4869900455 -0.8712777843  0.8671472329  1.0000000000
-1.9443846962 -0.9601592234  0.8693017443  1.0000000000
-2.3046089469 -1.0109219898  0.8703998894  1.0000000000
-2.6744705597 -1.0603479277  0.8714481838  1.0000000000
 0.7242458681  2.0217195789  0.7877343266  1.0000000000
 0.6891657183  1.9655455437  0.7890249915  1.0000000000
 0.6191293534  1.8525083365  0.7916020543  1.0000000000
 0.5136046314  1.6798467717  0.7954861600  1.0000000000
 0.3097206273  1.3229487517  0.8029374912  1.0000000000
 0.2763824083  1.2624856687  0.8041549750  1.0000000000
 0.0237478436  0.7746583034  0.8130633638  1.0000000000
-0.0385473287  0.6536596830  0.8155705926  1.0000000000
-0.1326862456  0.4722188777  0.8198349394  1.0000000000
-0.2633198543  0.1521682583  0.8344037142  1.0000000000
-0.2962335272  0.0921868933  0.8366257291  1.0000000000
-0.3942834052 -0.1554222679  0.8455561329  1.0000000000
-0.4526248372 -0.3453461278  0.8522078669  1.0000000000
-0.4912227271 -0.4043344004  0.8541728890  1.0000000000
-1.1698838675 -0.7498466396  0.8640179285  1.0000000000
-1.3010101621 -0.7867268852  0.8649704909  1.0000000000
-1.5781995289 -0.8535808415  0.8666621929  1.0000000000
-2.7635704726 -1.0432459960  0.8709703578  1.0000000000
 0.7529587719  2.0842344322  0.7866637859  1.0000000000
 0.7178637524  2.0276762295  0.7879558083  1.0000000000
 0.6131082348  1.8603475233  0.7918067223  1.0000000000
 0.5073841324  1.6882500565  0.7956959804  1.0000000000
 0.4722397089  1.6295516912  0.7969914412  1.0000000000
 0.3658408129  1.4514132845  0.8009118580  1.0000000000
 0.2995358698  1.3311414036  0.8033291047  1.0000000000
 0.1992561400  1.1493892632  0.8069951968  1.0000000000
 0.0097818543  0.7830900023  0.8135484728  1.0000000000
-0.2367387992  0.2934954384  0.8288235877  1.0000000000
-0.2939672952  0.1681108170  0.8341661258  1.0000000000
-0.4565271400 -0.2004318558  0.8475685064  1.0000000000
-0.4730623332 -0.2644849111  0.8498284442  1.0000000000
-0.5980805286 -0.4391673770  0.8556054574  1.0000000000
-1.0218780131 -0.6489692375  0.8613011858  1.0000000000
-1.1340104636 -0.6918823357  0.8624779366  1.0000000000
-1.5220282345 -0.8043515752  0.8654022870  1.0000000000
-1.6665721543 -0.8364995855  0.8661985744  1.0000000000
-1.8167473643 -0.8673464580  0.8669458357  1.0000000000
-2.1360856487 -0.9244226205  0.8682887884  1.0000000000
 0.9484900523  2.4048702317  0.7794247465  1.0000000000
 0.7816774759  2.1469641573  0.7855933806  1.0000000000
 0.6421744499  1.9244885195  0.7907220802  1.0000000000
 0.6071645905  1.8684936055  0.7920088425  1.0000000000
 0.5014529617  1.6965431390  0.7958962196  1.0000000000
 0.4661158179  1.6378025573  0.7971980001  1.0000000000
 0.4305356939  1.5782256231  0.7985098902  1.0000000000
 0.3592366162  1.4589299595  0.8011387768  1.0000000000
 0.3243584438  1.3992322756  0.8024211688  1.0000000000
 0.1543026275  1.0973603240  0.8086954648  1.0000000000
 0.1225548599  1.0373250191  0.8098317495  1.0000000000
-0.0735153041  0.6718241703  0.8176890991  1.0000000000
-0.2000084060  0.4289940778  0.8246314133  1.0000000000
-0.2886240025  0.2424415570  0.8320359387  1.0000000000
-0.3555389249  0.1221546952  0.8364260805  1.0000000000
-0.3886718955  0.0621715892  0.8386341799  1.0000000000
-0.4719008856 -0.1213375682  0.8452312948  1.0000000000
-0.4981529973 -0.1827044304  0.8473774313  1.0000000000
-1.2100294015 -0.6766796293  0.8621071310  1.0000000000
-1.3262890884 -0.7176574458  0.8632084536  1.0000000000
-1.6019344485 -0.7888447394  0.8650041310  1.0000000000
-1.8985480898 -0.8521182422  0.8665445035  1.0000000000
-2.0597277072 -0.8805036990  0.8672063634  1.0000000000
-2.2315761956 -0.9066892058  0.8677869317  1.0000000000
 1.1196284452  2.6834142564  0.7731001791  1.0000000000
 1.0891975191  2.6369983392  0.7742195703  1.0000000000
 0.8546508400  2.2771867298  0.7828844454  1.0000000000
 0.5660934326  1.8201447695  0.7935013320  1.0000000000
 0.5307895925  1.7628913347  0.7947989336  1.0000000000
 0.4955340215  1.7060140098  0.7960934039  1.0000000000
 0.3502185187  1.4669628955  0.8014611739  1.0000000000
 0.2799296310  1.3476508616  0.8040668535  1.0000000000
 0.2438560861  1.2875603464  0.8054307188  1.0000000000
 0.1414421409  1.1066600503  0.8092682818  1.0000000000
 0.1089339896  1.0473317394  0.8104669476  1.0000000000
-0.1557515495  0.5600070264  0.8219676682  1.0000000000
-0.2202869899  0.4392270625  0.8256554384  1.0000000000
-0.4518388293  0.0167819542  0.8407890106  1.0000000000
-0.4820618144 -0.0434028473  0.8429240147  1.0000000000
-0.5126765702 -0.1037026503  0.8450493662  1.0000000000
-0.5797576950 -0.2229401775  0.8491569633  1.0000000000
-0.8887092657 -0.5009759742  0.8578008936  1.0000000000
-1.2784557417 -0.6636802020  0.8618295208  1.0000000000
-1.4076628527 -0.7015051384  0.8627954825  1.0000000000
-1.8259107559 -0.8067792056  0.8654270914  1.0000000000
-2.4938885117 -0.9165565105  0.8679152002  1.0000000000
-2.8464925808 -0.9676431288  0.8690288337  1.0000000000
 0.9412403093  2.4241805103  0.7796611395  1.0000000000
 0.5955629985  1.8851370315  0.7924039579  1.0000000000
 0.5603544396  1.8289937951  0.7936952211  1.0000000000
-0.0041010146  0.8711819339  0.8146203700  1.0000000000
-0.1733207841  0.5692911590  0.8227742819  1.0000000000
-0.3050559270  0.3281557767  0.8305310715  1.0000000000
-0.3397400767  0.2685187559  0.8326432191  1.0000000000
-0.4827649481  0.0317254748  0.8408255401  1.0000000000
-0.5543133692 -0.0858006620  0.8448762683  1.0000000000
-0.5870382272 -0.1453707098  0.8469467639  1.0000000000
-0.6798878548 -0.2594046817  0.8506938813  1.0000000000
-0.7393353370 -0.3141195919  0.8523987868  1.0000000000
-0.7962535546 -0.3692107228  0.8541137806  1.0000000000
-0.9107235178 -0.4797669689  0.8575506348  1.0000000000
-1.6167944789 -0.7238724024  0.8633794346  1.0000000000
-1.7579667047 -0.7595807198  0.8642584467  1.0000000000
-2.0522069175 -0.8243208168  0.8658301771  1.0000000000
-2.5800664076 -0.9007076767  0.8674833625  1.0000000000
 1.0571025008  2.6169032625  0.7753635793  1.0000000000
 1.0200466229  2.5599373088  0.7767307231  1.0000000000
 0.6251451130  1.9493237770  0.7913054420  1.0000000000
 0.5900564222  1.8943681558  0.7925895004  1.0000000000
 0.5544174373  1.8385731902  0.7938933997  1.0000000000
 0.4837844673  1.7258242409  0.7964830384  1.0000000000
 0.2966215886  1.4236731091  0.8034126944  1.0000000000
-0.0549815316  0.8200041243  0.8169729275  1.0000000000
-0.1239160802  0.6990961788  0.8200695902  1.0000000000
-0.2266563394  0.5192012755  0.8251831423  1.0000000000
-0.2942853023  0.3996100086  0.8290071162  1.0000000000
-0.4366008970  0.1631356207  0.8369936985  1.0000000000
-0.6242374060 -0.1281496847  0.8468471345  1.0000000000
-0.6676740247 -0.1854909503  0.8487484116  1.0000000000
-0.7163232928 -0.2415414254  0.8505605798  1.0000000000
-0.8797912002 -0.4061346633  0.8556932109  1.0000000000
-1.4172368979 -0.6358344949  0.8612095581  1.0000000000
-1.5517817473 -0.6739037683  0.8621519543  1.0000000000
-1.9781621617 -0.7793176096  0.8647272259  1.0000000000
 1.0234242658  2.5797607272  0.7765850568  1.0000000000
 0.7363969542  2.1478280136  0.7872287997  1.0000000000
 0.6552051583  2.0141212662  0.7901894120  1.0000000000
 0.6202204854  1.9596539008  0.7914689413  1.0000000000
 0.5123478125  1.7911612751  0.7954144846  1.0000000000
 0.3259651793  1.4924098087  0.8023033704  1.0000000000
 0.2872670727  1.4318035685  0.8037374767  1.0000000000
 0.2499224527  1.3717544341  0.8051763732  1.0000000000
 0.1754218798  1.2515106736  0.8080594352  1.0000000000
 0.1391981925  1.1924778514  0.8095061336  1.0000000000
 0.1030803745  1.1334049788  0.8109418321  1.0000000000
 0.0674445310  1.0741878111  0.8123695882  1.0000000000
-0.1057930005  0.7679134510  0.8191565735  1.0000000000
-0.2108236393  0.5884340969  0.8240718815  1.0000000000
-0.4243280093  0.2347803380  0.8352884072  1.0000000000
-0.5426502605  0.0611043229  0.8409442853  1.0000000000
-0.5803673162  0.0028301201  0.8429119977  1.0000000000
-0.6981904516 -0.1694648373  0.8487424196  1.0000000000
-0.8513360516 -0.3333372959  0.8538803236  1.0000000000
-0.9574672118 -0.4399849637  0.8571392232  1.0000000000
-1.4833111839 -0.6189742237  0.8608521691  1.0000000000
-2.0506637653 -0.7676676011  0.8644373091  1.0000000000
 1.0272497609  2.6002526372  0.7764226801  1.0000000000
 0.7395218306  2.1677023858  0.7870947707  1.0000000000
 0.6511693931  2.0255888144  0.7903204229  1.0000000000
 0.6154781997  1.9704267874  0.7916254380  1.0000000000
 0.5794901795  1.9147863096  0.7929412969  1.0000000000
 0.3552359438  1.5613063472  0.8011824305  1.0000000000
 0.2770813672  1.4394656735  0.8040574178  1.0000000000
 0.1626077274  1.2573276850  0.8084536721  1.0000000000
 0.0535142529  1.0794322033  0.8127728447  1.0000000000
 0.0177934113  1.0199474440  0.8142035641  1.0000000000
-0.0177858491  0.9603549337  0.8156295132  1.0000000000
-0.1936432537  0.6570431854  0.8229896101  1.0000000000
-0.3004079700  0.4794353540  0.8281636401  1.0000000000
-0.3735886902  0.3631138312  0.8318674571  1.0000000000
-0.4483148061  0.2471549644  0.8356192927  1.0000000000
-0.7273181721 -0.1536918219  0.8487656278  1.0000000000
-0.8275831126 -0.2618640221  0.8521237876  1.0000000000
-0.8799832716 -0.3160886170  0.8538051318  1.0000000000
-0.9298635125 -0.3679481527  0.8553535751  1.0000000000
-1.6966793280 -0.6500414657  0.8615750468  1.0000000000
 1.0676087052  2.6766858396  0.7749118763  1.0000000000
 0.7432845321  2.1887415077  0.7869362251  1.0000000000
 0.6818973958  2.0911601270  0.7891801418  1.0000000000
 0.6484389810  2.0387801176  0.7904036549  1.0000000000
 0.5744838018  1.9253156261  0.7931076527  1.0000000000
 0.5376691596  1.8685348238  0.7944518869  1.0000000000
 0.4618294216  1.7510770669  0.7972204145  1.0000000000
 0.4239768067  1.6914993585  0.7986091703  1.0000000000
 0.3056315003  1.5076846026  0.8029349264  1.0000000000
 0.2657092246  1.4465537107  0.8043897403  1.0000000000
 0.0036647137  1.0256504961  0.8146117594  1.0000000000
-0.0674170673  0.9056623142  0.8174631434  1.0000000000
-0.1018157795  0.8441050227  0.8188054419  1.0000000000
-0.2470188604  0.6065295812  0.8252523276  1.0000000000
-0.3572125265  0.4315489523  0.8304899849  1.0000000000
-0.4719105537  0.2594861234  0.8359201518  1.0000000000
-1.4725487302 -0.5398681356  0.8590835497  1.0000000000
-1.9100515214 -0.6774587085  0.8622246541  1.0000000000
 1.0350424772  2.6417538082  0.7760922895  1.0000000000
 0.7792154945  2.2603816417  0.7855996708  1.0000000000
 0.7137187954  2.1583166117  0.7879985537  1.0000000000
 0.6815625727  2.1076409186  0.7891755046  1.0000000000
 0.5699846360  1.9364935515  0.7932568771  1.0000000000
 0.5331999361  1.8798182754  0.7945994934  1.0000000000
 0.4957251466  1.8218342324  0.7959675427  1.0000000000
 0.0622648858  1.1491020825  0.8121175499  1.0000000000
-0.0104472722  1.0312674761  0.8150200912  1.0000000000
-0.0819088079  0.9117819751  0.8178944816  1.0000000000
-0.1187114704  0.8525459324  0.8194222468  1.0000000000
-0.2282082732  0.6740457762  0.8241574042  1.0000000000
-0.3016932684  0.5569247038  0.8274883076  1.0000000000
-0.3772878586  0.4416471853  0.8309547383  1.0000000000
-0.5351471874  0.2152467074  0.8380277906  1.0000000000
-0.8831954842 -0.2288178460  0.8520719940  1.0000000000
-1.3906540051 -0.4737596914  0.8576069457  1.0000000000
-1.6940011191 -0.5814742293  0.8599904488  1.0000000000
-1.8415663643 -0.6302991313  0.8610891582  1.0000000000
-1.9836881502 -0.6772597260  0.8621441960  1.0000000000
 0.7829703023  2.2815786368  0.7854415935  1.0000000000
 0.5291210917  1.8917814504  0.7947331901  1.0000000000
 0.4096932936  1.7101215920  0.7990734436  1.0000000000
 0.3689548789  1.6481368963  0.8005494394  1.0000000000
 0.2854023404  1.5229376765  0.8035534830  1.0000000000
 0.2426183639  1.4598114885  0.8050815278  1.0000000000
 0.1996848070  1.3967222515  0.8066186471  1.0000000000
 0.0484441759  1.1547506986  0.8125143071  1.0000000000
 0.0117671708  1.0960638921  0.8139748411  1.0000000000
-0.0247414201  1.0372562990  0.8154327313  1.0000000000
-0.0962918506  0.9181471435  0.8183261072  1.0000000000
-0.2085097875  0.7416285106  0.8230884436  1.0000000000
-0.2831798218  0.6245028959  0.8263490796  1.0000000000
-0.3580739342  0.5082335210  0.8296958161  1.0000000000
-0.4369530332  0.3950108579  0.8331235188  1.0000000000
-0.4766011755  0.3384416477  0.8348885651  1.0000000000
-0.5576680010  0.2265885388  0.8383698157  1.0000000000
-0.5998014125  0.1716278458  0.8401149583  1.0000000000
-0.6428046549  0.1171875540  0.8418575718  1.0000000000
-0.6854381020  0.0625509126  0.8435930970  1.0000000000
-0.7699968826 -0.0504801346  0.8471338953  1.0000000000
-0.8123717906 -0.1072561007  0.8489012936  1.0000000000
-0.9584230494 -0.2636250214  0.8535534878  1.0000000000
-2.6061239645 -0.8385565106  0.8658483075  1.0000000000
 0.6837419046  2.1440817799  0.7890607756  1.0000000000
 0.6429972176  2.0826750605  0.7905604949  1.0000000000
 0.5250695362  1.9038845551  0.7948653423  1.0000000000
 0.0716914383  1.2196006004  0.8114344953  1.0000000000
-0.0025712743  1.1020721483  0.8143844650  1.0000000000
-0.0750629236  0.9837916785  0.8172943308  1.0000000000
-0.1875794360  0.8080035355  0.8219487685  1.0000000000
-0.3386719365  0.5747545947  0.8284719010  1.0000000000
-0.6207193286  0.1821711151  0.8404674587  1.0000000000
-0.7085432777  0.0733678928  0.8438191127  1.0000000000
-0.7508807502  0.0177329702  0.8455700432  1.0000000000
-1.8521626626 -0.5747585388  0.8597510732  1.0000000000
 0.7596033803  2.2762950746  0.7862550073  1.0000000000
 0.5624649341  1.9779188138  0.7934954292  1.0000000000
 0.5211586203  1.9160876893  0.7949937877  1.0000000000
 0.4794000866  1.8537986323  0.7965052795  1.0000000000
 0.3957862573  1.7291719000  0.7995306716  1.0000000000
 0.2662447096  1.5386757497  0.8041410586  1.0000000000
 0.1763153876  1.4094583619  0.8073131625  1.0000000000
-0.0539371795  1.0492849240  0.8162751241  1.0000000000
-0.3946882935  0.5262909139  0.8306061559  1.0000000000
-0.5176839694  0.3588585247  0.8356872085  1.0000000000
-0.6417975169  0.1925292402  0.8408017803  1.0000000000
-0.7316176366  0.0843615369  0.8440451851  1.0000000000
-0.7744915003  0.0301242134  0.8457494420  1.0000000000
-1.9339552775 -0.5710019078  0.8596258179  1.0000000000
-2.3473111988 -0.7081605515  0.8627100594  1.0000000000
 1.0140484822  2.6687906412  0.7767816986  1.0000000000
 0.9651936738  2.5962252506  0.7785961763  1.0000000000
 0.9146978110  2.5215110239  0.7804729231  1.0000000000
 0.7274915489  2.2429793159  0.7874151395  1.0000000000
 0.5999460920  2.0521584117  0.7921170769  1.0000000000
 0.5587661684  1.9902893257  0.7936237838  1.0000000000
 0.1214249247  1.3524993103  0.8092188600  1.0000000000
 0.0818435846  1.2910818746  0.8107243092  1.0000000000
 0.0436717263  1.2316911296  0.8122181477  1.0000000000
 0.0057535401  1.1727063519  0.8137216035  1.0000000000
-0.0687299823  1.0553032832  0.8167020810  1.0000000000
-0.1825419195  0.8804726979  0.8213339711  1.0000000000
-0.2205203149  0.8227637606  0.8229171992  1.0000000000
-0.2966801389  0.7070759123  0.8261407024  1.0000000000
-0.4132040765  0.5358995179  0.8310354986  1.0000000000
-0.6196614963  0.2572414198  0.8394784420  1.0000000000
-0.7969452878  0.0412114141  0.8459977695  1.0000000000
-0.8415267969 -0.0119951606  0.8476228862  1.0000000000
-0.9336414498 -0.1187752946  0.8508498093  1.0000000000
-2.1496119223 -0.6126946279  0.8605197889  1.0000000000
 0.7297756076  2.2626820409  0.7873154114  1.0000000000
 0.6411950562  2.1309958772  0.7905875182  1.0000000000
 0.3831733833  1.7494298300  0.7999610108  1.0000000000
 0.3382276225  1.6847657652  0.8015465824  1.0000000000
 0.2918645375  1.6190709183  0.8031505607  1.0000000000
 0.2459372154  1.5537340271  0.8047508161  1.0000000000
 0.0674876516  1.2965940620  0.8111138136  1.0000000000
-0.0465178951  1.1200924013  0.8156439630  1.0000000000
-0.0837838963  1.0618307855  0.8171361787  1.0000000000
-0.3925429813  0.5999182645  0.8298937033  1.0000000000
-0.4324402217  0.5444924429  0.8314941550  1.0000000000
-0.6842139112  0.2131625477  0.8414559379  1.0000000000
-0.8638691160 -0.0008216389  0.8478697661  1.0000000000
-0.9093529906 -0.0540454772  0.8494792296  1.0000000000
-1.8180796111 -0.4712405026  0.8572958771  1.0000000000
-2.2291793132 -0.6092597824  0.8603987670  1.0000000000
 0.7839920916  2.3583471394  0.7852849001  1.0000000000
 0.6387175201  2.1445024507  0.7906801355  1.0000000000
 0.5517338747  2.0153905577  0.7938797599  1.0000000000
 0.4658398220  1.8883175548  0.7970115422  1.0000000000
 0.3318096259  1.6947626842  0.8017710265  1.0000000000
 0.0904345173  1.3603544176  0.8100109250  1.0000000000
 0.0147933794  1.2425558964  0.8129985521  1.0000000000
-0.0609884448  1.1261656083  0.8160494882  1.0000000000
-0.0993847900  1.0680625053  0.8175980766  1.0000000000
-0.2528395001  0.8376001243  0.8238521787  1.0000000000
-0.2914973614  0.7807592313  0.8254425754  1.0000000000
-0.3306929892  0.7237391372  0.8270568432  1.0000000000
-0.4105919510  0.6099831383  0.8303062373  1.0000000000
-0.7955946011  0.1167492295  0.8449314275  1.0000000000
-0.8406982368  0.0633006736  0.8465296153  1.0000000000
-1.9015454491 -0.4700989746  0.8572229166  1.0000000000
 0.5476596195  2.0266747127  0.7940544732  1.0000000000
 0.2218878343  1.5659861358  0.8054325931  1.0000000000
 0.0753212372  1.3645586569  0.8104057620  1.0000000000
 0.0378281527  1.3064767381  0.8118901937  1.0000000000
 0.0001583289  1.2479565359  0.8133971192  1.0000000000
-0.2302639481  0.9012608302  0.8227430413  1.0000000000
-0.3076021709  0.7883908427  0.8258961355  1.0000000000
-0.3463096856  0.7321860630  0.8274801119  1.0000000000
-0.4705866734  0.5620860078  0.8323943503  1.0000000000
-0.5108618539  0.5063278684  0.8340088385  1.0000000000
-0.5523218143  0.4510555865  0.8356586765  1.0000000000
-0.6357439072  0.3405678884  0.8389766003  1.0000000000
 0.4576352129  1.9115554520  0.7973644307  1.0000000000
 0.3708136794  1.7844627698  0.8005041624  1.0000000000
-0.2461624014  0.9083491189  0.8232072036  1.0000000000
-0.1460602729  1.0859768295  0.8189719106  1.0000000000
-0.2231439972  0.9721340682  0.8220947504  1.0000000000
-0.3393964294  0.8034972467  0.8267973766  1.0000000000
-0.3779985305  0.7475533601  0.8283651548  1.0000000000
-0.4168698542  0.6915143815  0.8299503897  1.0000000000
-0.5886755850  0.4670318472  0.8365211854  1.0000000000
 0.5352519761  2.0599308131  0.7945860416  1.0000000000
 0.3643270091  1.8090805566  0.8008494026  1.0000000000
 0.1356943373  1.4855601893  0.8088973626  1.0000000000
 0.0922845042  1.4230964301  0.8104822090  1.0000000000
-0.1232392902  1.1491033518  0.8178778545  1.0000000000
 0.2736965940  1.6947811321  0.8041682166  1.0000000000
 0.1842239067  1.5672082595  0.8073529507  1.0000000000
-0.1769905117  1.0973715693  0.8198836092  1.0000000000
 0.2345710060 -0.1743974761 -1.6787173895  2.0000000000
 0.2471437202 -0.1798225891 -1.6959176670  2.0000000000
 0.1139995847 -0.1205356225 -1.5056641679  2.0000000000
 0.1890956956 -0.1537304825 -1.6119078055  2.0000000000
 0.1991128823 -0.1581971148 -1.6262466253  2.0000000000
 0.2396932448 -0.1763116735 -1.6844223964  2.0000000000
 0.3121877819 -0.2084528429 -1.7874932953  2.0000000000
 0.3709113844 -0.2343631094 -1.8705813392  2.0000000000
 0.4450210412 -0.2670650499 -1.9754607012  2.0000000000
 0.0783313317 -0.1044359774 -1.4537737089  2.0000000000
 0.1335629683 -0.1288398974 -1.5318526432  2.0000000000
 0.1618812287 -0.1413923744 -1.5720641339  2.0000000000
 0.2826849370 -0.1952140634 -1.7448204509  2.0000000000
 0.3292930964 -0.2157913042 -1.8108144922  2.0000000000
 0.3647153453 -0.2314287564 -1.8609680293  2.0000000000
 0.4497896797 -0.2689933273 -1.9814648078  2.0000000000
 0.0608297077 -0.0963316099 -1.4274341567  2.0000000000
 0.0697978914 -0.1002953180 -1.4401136010  2.0000000000
 0.0970989184 -0.1123653588 -1.4787343047  2.0000000000
 0.1346905883 -0.1290505050 -1.5321964355  2.0000000000
 0.1539618473 -0.1376383057 -1.5597526022  2.0000000000
 0.1835725405 -0.1508728032 -1.6022646329  2.0000000000
 0.1933671694 -0.1552555426 -1.6163485822  2.0000000000
 0.2878431720 -0.1972790970 -1.7512284682  2.0000000000
 0.4198026597 -0.2555468391 -1.9381232074  2.0000000000
 0.0703496106 -0.1001588591 -1.4392532516  2.0000000000
 0.0884966758 -0.1081906548 -1.4649603994  2.0000000000
 0.1073278247 -0.1165853562 -1.4918913439  2.0000000000
 0.1460020887 -0.1338653444 -1.5473791637  2.0000000000
 0.1659428522 -0.1427971157 -1.5760896109  2.0000000000
 0.2583814285 -0.1840529636 -1.7085929546  2.0000000000
 0.2930890632 -0.1993820189 -1.7577573953  2.0000000000
 0.4244238784 -0.2574070141 -1.9439056793  2.0000000000
 0.4590483919 -0.2727193643 -1.9930466619  2.0000000000
 0.0705814401 -0.0998631997 -1.4378644458  2.0000000000
 0.1082577110 -0.1166912149 -1.4918801387  2.0000000000
 0.1781826740 -0.1480941885 -1.5928943262  2.0000000000
 0.2404318983 -0.1758979395 -1.6822117622  2.0000000000
 0.2635316531 -0.1861129812 -1.7149826392  2.0000000000
 0.2750737595 -0.1912084185 -1.7313228389  2.0000000000
 0.3100479385 -0.2066731635 -1.7809399010  2.0000000000
 0.3218409855 -0.2118845562 -1.7976582848  2.0000000000
 0.3941109374 -0.2438184226 -1.9001105137  2.0000000000
 0.0124978456 -0.0749557348 -1.3589160736  2.0000000000
 0.0350691703 -0.0837925100 -1.3860393761  2.0000000000
 0.0997070900 -0.1125830405 -1.4783600882  2.0000000000
 0.1297487134 -0.1261444932 -1.5220432255  2.0000000000
 0.1603196549 -0.1398933825 -1.5662946430  2.0000000000
 0.2686548435 -0.1881639545 -1.7213451619  2.0000000000
 0.3513554095 -0.2247320299 -1.8386780629  2.0000000000
 0.3992144086 -0.2458838438 -1.9065431530  2.0000000000
 0.4572234869 -0.2715470333 -1.9889115292  2.0000000000
 0.0716258039 -0.0996354626 -1.4363535258  2.0000000000
 0.1013383869 -0.1131098748 -1.4798045293  2.0000000000
 0.1217602560 -0.1223507166 -1.5095944641  2.0000000000
 0.2161042625 -0.1647015826 -1.6458537837  2.0000000000
 0.2392212318 -0.1749397413 -1.6787087257  2.0000000000
 0.2622288870 -0.1851175738 -1.7113621915  2.0000000000
 0.3809491314 -0.2376209282 -1.8798373928  2.0000000000
 0.0166842535 -0.0745865462 -1.3554233255  2.0000000000
 0.0439515775 -0.0868552074 -1.3948759480  2.0000000000
 0.0628235918 -0.0953897458 -1.4223664474  2.0000000000
 0.1135547551 -0.1184489733 -1.4967867782  2.0000000000
 0.1237068540 -0.1230538779 -1.5116441213  2.0000000000
 0.1556457557 -0.1374661093 -1.5580858817  2.0000000000
 0.2442980656 -0.1769838738 -1.6850572190  2.0000000000
 0.2908312799 -0.1975741290 -1.7511309834  2.0000000000
 0.3859025212 -0.2396260609 -1.8860825284  2.0000000000
-0.0362477651 -0.0524193347 -1.2857389074  2.0000000000
-0.0297536130 -0.0551123062 -1.2941566180  2.0000000000
 0.0640357471 -0.0957373476 -1.4232374878  2.0000000000
 0.1162102997 -0.1194814569 -1.4999080523  2.0000000000
 0.2030029720 -0.1584731088 -1.6254343018  2.0000000000
 0.2962002832 -0.1997538039 -1.7579259975  2.0000000000
 0.3910837067 -0.2417336218 -1.8926581412  2.0000000000
 0.4144602737 -0.2520778723 -1.9258611238  2.0000000000
-0.0317916404 -0.0528534848 -1.2855383818  2.0000000000
-0.0097016524 -0.0616866815 -1.3128479364  2.0000000000
-0.0015935101 -0.0654301668 -1.3249693419  2.0000000000
 0.0066635441 -0.0692714093 -1.3374353468  2.0000000000
 0.0446090507 -0.0865896606 -1.3933627545  2.0000000000
 0.0755285645 -0.1007703270 -1.4392418350  2.0000000000
 0.0864100906 -0.1057616558 -1.4553964010  2.0000000000
 0.1298664270 -0.1254920398 -1.5190843690  2.0000000000
 0.1513086597 -0.1352183241 -1.5504877199  2.0000000000
 0.1619633290 -0.1400471673 -1.5660751657  2.0000000000
 0.3135333731 -0.2072336410 -1.7817388616  2.0000000000
 0.3609852309 -0.2282294226 -1.8491247976  2.0000000000
 0.3727163275 -0.2334228602 -1.8657962646  2.0000000000
-0.0728554057 -0.0344457704 -1.2264810935  2.0000000000
-0.0603640707 -0.0395781742 -1.2424613932  2.0000000000
-0.0479731574 -0.0446411812 -1.2581972141  2.0000000000
-0.0267808789 -0.0535169975 -1.2860632892  2.0000000000
-0.0191070557 -0.0568558248 -1.2966809170  2.0000000000
-0.0026084522 -0.0646043721 -1.3218949539  2.0000000000
 0.0567604841 -0.0920554763 -1.4108846787  2.0000000000
 0.0673666997 -0.0969097985 -1.4265841385  2.0000000000
 0.1004403616 -0.1120144559 -1.4754201148  2.0000000000
 0.1222834836 -0.1219138470 -1.5073626652  2.0000000000
 0.1332291949 -0.1268783396 -1.5233913218  2.0000000000
 0.2362191170 -0.1728014397 -1.6710086331  2.0000000000
 0.2597115744 -0.1832065439 -1.7044098919  2.0000000000
 0.2833077000 -0.1936572658 -1.7379593998  2.0000000000
 0.3307225625 -0.2146484770 -1.8053415575  2.0000000000
 0.3427268177 -0.2199676676 -1.8224211891  2.0000000000
-0.0879192186 -0.0268516396 -1.2012572753  2.0000000000
-0.0692492047 -0.0344574161 -1.2248671294  2.0000000000
-0.0631875915 -0.0369101617 -1.2324621075  2.0000000000
-0.0508075198 -0.0420809570 -1.2486554311  2.0000000000
-0.0030033798 -0.0641051061 -1.3199179254  2.0000000000
 0.0159629031 -0.0729226473 -1.3485412579  2.0000000000
 0.0264659404 -0.0778938595 -1.3647595726  2.0000000000
 0.0479937360 -0.0878812594 -1.3971756649  2.0000000000
 0.0590666729 -0.0929965078 -1.4137631672  2.0000000000
 0.0702475786 -0.0981201811 -1.4303448072  2.0000000000
 0.0813819211 -0.1032053246 -1.4467872231  2.0000000000
 0.1148030469 -0.1183835823 -1.4957973291  2.0000000000
 0.1260645747 -0.1234864891 -1.5122689673  2.0000000000
 0.1944906552 -0.1541071499 -1.6107860921  2.0000000000
 0.2061479743 -0.1592717461 -1.6273626278  2.0000000000
 0.2413899262 -0.1748955994 -1.6775283374  2.0000000000
 0.3364183028 -0.2169932157 -1.8126868258  2.0000000000
 0.3835404645 -0.2378446130 -1.8796115801  2.0000000000
-0.1029723192 -0.0191269444 -1.1754794432  2.0000000000
-0.0605097930 -0.0363739176 -1.2289506167  2.0000000000
-0.0537409196 -0.0396432362 -1.2396697014  2.0000000000
-0.0466758279 -0.0428529098 -1.2500095145  2.0000000000
-0.0223389182 -0.0545993260 -1.2885236769  2.0000000000
-0.0033602391 -0.0637260690 -1.3184250616  2.0000000000
 0.0066583664 -0.0684668724 -1.3338893660  2.0000000000
 0.0283318204 -0.0786840316 -1.3671891572  2.0000000000
 0.0960869062 -0.1097619018 -1.4677973570  2.0000000000
 0.1075222234 -0.1149445148 -1.4845273391  2.0000000000
 0.1188451457 -0.1200758226 -1.5010906193  2.0000000000
 0.1301161016 -0.1251756886 -1.5175470570  2.0000000000
 0.1877239492 -0.1509067195 -1.6002964601  2.0000000000
 0.2584740873 -0.1822750681 -1.7010249803  2.0000000000
 0.4317301252 -0.2589533545 -1.9471573458  2.0000000000
-0.0568813714 -0.0374513569 -1.2318042622  2.0000000000
-0.0492031426 -0.0412561768 -1.2443674950  2.0000000000
-0.0410019263 -0.0452676851 -1.2575682735  2.0000000000
-0.0028602495 -0.0639325186 -1.3190004312  2.0000000000
 0.0080418899 -0.0691381542 -1.3360217335  2.0000000000
 0.0422419828 -0.0850816243 -1.3878452906  2.0000000000
 0.0540515908 -0.0904868709 -1.4053382689  2.0000000000
 0.0656619089 -0.0957976626 -1.4225214221  2.0000000000
 0.1343724696 -0.1269476437 -1.5230854844  2.0000000000
 0.2047172643 -0.1582560466 -1.6237023788  2.0000000000
 0.3591215638 -0.2266712771 -1.8433719537  2.0000000000
-0.1425145269 -0.0013694999 -1.1184219000  2.0000000000
-0.0799425496 -0.0247571545 -1.1887037446  2.0000000000
-0.0670154404 -0.0317933893 -1.2124941677  2.0000000000
-0.0429705829 -0.0442524988 -1.2541144178  2.0000000000
-0.0334764364 -0.0490467666 -1.2700233315  2.0000000000
-0.0232497106 -0.0541031189 -1.2867085885  2.0000000000
 0.0219273887 -0.0756749143 -1.3572495679  2.0000000000
 0.0459632432 -0.0866781049 -1.3928632586  2.0000000000
 0.0692589354 -0.0973245962 -1.4273035907  2.0000000000
 0.1156745953 -0.1183619911 -1.4952206603  2.0000000000
 0.1624881364 -0.1393172269 -1.5626605362  2.0000000000
 0.1980560715 -0.1551133976 -1.6134102838  2.0000000000
 0.2099912066 -0.1604073713 -1.6304151582  2.0000000000
 0.2218465045 -0.1656592599 -1.6472791705  2.0000000000
 0.2690729697 -0.1865916595 -1.7144950217  2.0000000000
 0.2805040763 -0.1916457236 -1.7307140892  2.0000000000
 0.3527422697 -0.2236568421 -1.8335007289  2.0000000000
-0.1418663978  0.0016494713 -1.1054189536  2.0000000000
-0.1361028263 -0.0002921310 -1.1109891127  2.0000000000
-0.1299926482 -0.0024139581 -1.1171697357  2.0000000000
-0.1179615113 -0.0066039955 -1.1293848837  2.0000000000
-0.1059383539 -0.0108764530 -1.1419489812  2.0000000000
-0.0712445801 -0.0294897273 -1.2046377422  2.0000000000
-0.0629619482 -0.0340270917 -1.2200022643  2.0000000000
-0.0221707788 -0.0547612129 -1.2889109901  2.0000000000
-0.0106224437 -0.0603623153 -1.3072954852  2.0000000000
 0.0128435800 -0.0714929813 -1.3436265697  2.0000000000
 0.0501328439 -0.0884894873 -1.3985874324  2.0000000000
 0.0730255375 -0.0989653999 -1.4324850188  2.0000000000
 0.0846841603 -0.1042562591 -1.4495718001  2.0000000000
 0.1321205826 -0.1256074203 -1.5183915964  2.0000000000
 0.1676570868 -0.1414440581 -1.5693085291  2.0000000000
 0.2273530183 -0.1679209925 -1.6543533509  2.0000000000
-0.1414801454  0.0049440322 -1.0913763372  2.0000000000
-0.1098348361 -0.0073823802 -1.1289437837  2.0000000000
-0.1050733162 -0.0100823977 -1.1381540723  2.0000000000
-0.1010183027 -0.0126588989 -1.1471597240  2.0000000000
-0.0652497881 -0.0332701812 -1.2177685689  2.0000000000
-0.0436832378 -0.0443287802 -1.2545948471  2.0000000000
-0.0201052127 -0.0559103935 -1.2927303552  2.0000000000
-0.0080284140 -0.0617173112 -1.3117455654  2.0000000000
 0.0040585085 -0.0675085847 -1.3306917027  2.0000000000
 0.1609155832 -0.1382814194 -1.5589633703  2.0000000000
 0.1729217289 -0.1436104137 -1.5760839200  2.0000000000
 0.1968866706 -0.1542446099 -1.6102469575  2.0000000000
 0.2209811419 -0.1649210490 -1.6445330916  2.0000000000
 0.2449097895 -0.1755253078 -1.6785867450  2.0000000000
 0.2918766599 -0.1963204675 -1.7453496944  2.0000000000
 0.3726440789 -0.2320719079 -1.8601194309  2.0000000000
-0.1515408441  0.0114617662 -1.0685104266  2.0000000000
-0.1370594082  0.0070064793 -1.0806634008  2.0000000000
-0.1062335276 -0.0098575529 -1.1376507159  2.0000000000
-0.0942630504 -0.0170966859 -1.1627127234  2.0000000000
-0.0767914584 -0.0275545214 -1.1988343894  2.0000000000
-0.0658404807 -0.0333582913 -1.2183199261  2.0000000000
-0.0423656197 -0.0452545825 -1.2578068334  2.0000000000
-0.0049445200 -0.0633861980 -1.3172809707  2.0000000000
 0.0072561544 -0.0692621935 -1.3365248227  2.0000000000
 0.0569568379 -0.0916416464 -1.4086762958  2.0000000000
 0.0691990405 -0.0971327221 -1.4263655906  2.0000000000
 0.0814420535 -0.1026200150 -1.4440395298  2.0000000000
 0.1425436319 -0.1299577933 -1.5320372111  2.0000000000
 0.1542362566 -0.1351473203 -1.5487101271  2.0000000000
 0.2024012694 -0.1565117759 -1.6173409338  2.0000000000
 0.2388063030 -0.1726441429 -1.6691504861  2.0000000000
 0.2742817166 -0.1883528695 -1.7195861824  2.0000000000
 0.2976106839 -0.1986795631 -1.7527379265  2.0000000000
-0.1660094482  0.0184027281 -1.0459023262  2.0000000000
-0.1475506751  0.0143213645 -1.0546132193  2.0000000000
-0.1274617511  0.0050392800 -1.0845080805  2.0000000000
-0.1183438120 -0.0029163227 -1.1138291041  2.0000000000
-0.1059327397 -0.0110014600 -1.1422459056  2.0000000000
-0.0990782224 -0.0159728153 -1.1600649218  2.0000000000
-0.0887524691 -0.0218140220 -1.1799824785  2.0000000000
-0.0767333003 -0.0282065553 -1.2014549434  2.0000000000
-0.0523715595 -0.0405818771 -1.2425490737  2.0000000000
-0.0266072955 -0.0531357069 -1.2837801651  2.0000000000
-0.0135771732 -0.0594689530 -1.3045606166  2.0000000000
 0.0490536520 -0.0880255623 -1.3969104878  2.0000000000
 0.0614867036 -0.0935909044 -1.4148312674  2.0000000000
 0.1717056644 -0.1427270572 -1.5728783070  2.0000000000
 0.1839072325 -0.1481393867 -1.5902660526  2.0000000000
 0.2326804780 -0.1697519946 -1.6596783801  2.0000000000
 0.2446456485 -0.1750504064 -1.6766906934  2.0000000000
 0.3152064638 -0.2062906983 -1.7769886858  2.0000000000
 0.3270027891 -0.2115158861 -1.7937659191  2.0000000000
-0.1754155386  0.0238885757 -1.0271168336  2.0000000000
-0.1530277465  0.0198852216 -1.0336564888  2.0000000000
-0.1469066012  0.0171615341 -1.0422748453  2.0000000000
-0.1434270017  0.0153691634 -1.0482228496  2.0000000000
-0.1395823524  0.0134691742 -1.0544623976  2.0000000000
-0.1345961237  0.0088720327 -1.0715179413  2.0000000000
-0.1297298758  0.0038068055 -1.0906026406  2.0000000000
-0.1243246250  0.0000746488 -1.1038627401  2.0000000000
-0.1139099942 -0.0093257965 -1.1386941598  2.0000000000
-0.0884248461 -0.0227736614 -1.1837696711  2.0000000000
-0.0756760996 -0.0293074370 -1.2055092550  2.0000000000
-0.0624782438 -0.0359041963 -1.2273152451  2.0000000000
-0.0487314884 -0.0426297929 -1.2494198621  2.0000000000
 0.0158945340 -0.0731085386 -1.3487572651  2.0000000000
 0.0287003603 -0.0788346705 -1.3671923464  2.0000000000
 0.1032327727 -0.1121613396 -1.4744737374  2.0000000000
 0.1403649357 -0.1286513626 -1.5274710637  2.0000000000
 0.1773939794 -0.1450817307 -1.5802644502  2.0000000000
 0.2743368479 -0.1880199968 -1.7181492112  2.0000000000
 0.3095135105 -0.2035934633 -1.7681475143  2.0000000000
-0.1622326254  0.0266952503 -1.0091757342  2.0000000000
-0.1592639436  0.0258354517 -1.0113983487  2.0000000000
-0.1507037666  0.0218641254 -1.0241180131  2.0000000000
-0.1479423701  0.0200069466 -1.0306594876  2.0000000000
-0.1455041200  0.0178741888 -1.0385111577  2.0000000000
-0.1447093921  0.0154410727 -1.0483711158  2.0000000000
-0.1423563452  0.0110207874 -1.0658652904  2.0000000000
-0.1294277911 -0.0024300614 -1.1165877020  2.0000000000
-0.0889082337 -0.0234284676 -1.1866388984  2.0000000000
-0.0721746771 -0.0314823216 -1.2129674203  2.0000000000
-0.0575374788 -0.0386181304 -1.2363876860  2.0000000000
-0.0306560355 -0.0517371554 -1.2794649784  2.0000000000
 0.0335527573 -0.0809175728 -1.3737710434  2.0000000000
 0.0586893767 -0.0921543172 -1.4099428727  2.0000000000
 0.1211844722 -0.1199703224 -1.4993951476  2.0000000000
 0.2086498384 -0.1587525706 -1.6239899960  2.0000000000
 0.2567006867 -0.1800319472 -1.6923178159  2.0000000000
-0.1681213676  0.0326513248 -0.9867387018  2.0000000000
-0.1578209566  0.0282948336 -1.0002155820  2.0000000000
-0.1555335695  0.0184116070 -1.0406304850  2.0000000000
-0.1354699302 -0.0012282038 -1.1141568130  2.0000000000
-0.0659811155 -0.0347911544 -1.2239707269  2.0000000000
-0.0524698147 -0.0413836805 -1.2456138675  2.0000000000
-0.0391447875 -0.0478974588 -1.2670039395  2.0000000000
-0.0261388528 -0.0542501492 -1.2878622366  2.0000000000
 0.0635007863 -0.0942099643 -1.4164258509  2.0000000000
 0.1142218004 -0.1167137037 -1.4887507591  2.0000000000
 0.2024422639 -0.1558263492 -1.6144093202  2.0000000000
 0.2387992152 -0.1719266902 -1.6661088628  2.0000000000
 0.2745691326 -0.1877671485 -1.7169714742  2.0000000000
 0.2981017275 -0.1981902910 -1.7504396369  2.0000000000
-0.1770552231  0.0392128380 -0.9631903591  2.0000000000
-0.1668500406  0.0359664270 -0.9720052492  2.0000000000
-0.1651852642  0.0350420685 -0.9750810646  2.0000000000
-0.1635554102  0.0336290689 -0.9802455901  2.0000000000
-0.1701887728  0.0263749122 -1.0136474071  2.0000000000
-0.1532929583  0.0063866689 -1.0900659783  2.0000000000
-0.1177176387 -0.0108090860 -1.1463350545  2.0000000000
-0.0738774202 -0.0312228059 -1.2123969967  2.0000000000
-0.0605357661 -0.0377423929 -1.2338033623  2.0000000000
-0.0474165267 -0.0441541801 -1.2548562811  2.0000000000
 0.0560161826 -0.0907694610 -1.4052187645  2.0000000000
 0.2451261195 -0.1745530152 -1.6743618552  2.0000000000
-0.1829353783  0.0453500323 -0.9399817721  2.0000000000
-0.1800408092  0.0449975994 -0.9400881429  2.0000000000
-0.1777419421  0.0442979252 -0.9419300757  2.0000000000
-0.1757840734  0.0434025170 -0.9447517564  2.0000000000
-0.1767496194  0.0373182979 -0.9705339246  2.0000000000
-0.1578032428  0.0071401121 -1.0888257646  2.0000000000
-0.1318766735 -0.0046290585 -1.1266171415  2.0000000000
-0.2178810534  0.0494420814 -0.9389927620  2.0000000000
-0.2050321823  0.0505890880 -0.9281600612  2.0000000000
-0.1962385699  0.0512366713 -0.9213366022  2.0000000000
-0.1921508255  0.0515975722 -0.9178885777  2.0000000000
-0.1833642520  0.0505954386 -0.9179272569  2.0000000000
-0.1797389565  0.0487508976 -0.9238248655  2.0000000000
-0.1795839626  0.0476954115 -0.9281365751  2.0000000000
-0.1914358237  0.0431555136 -0.9524809958  2.0000000000
-0.2314441866  0.0390012984 -0.9880248633  2.0000000000
-0.2166611160  0.0562195524 -0.9099000638  2.0000000000
-0.2079988904  0.0570067770 -0.9025441253  2.0000000000
-0.1940128066  0.0580906561 -0.8912866992  2.0000000000
-0.1910148769  0.0578788165 -0.8907524597  2.0000000000
-0.1870611628  0.0556460249 -0.8980433242  2.0000000000
-0.1980508761  0.0520350017 -0.9180544987  2.0000000000
-0.2130417982  0.0494408102 -0.9356743751  2.0000000000
-0.2336217172  0.0468089201 -0.9560014461  2.0000000000
-0.2438777456  0.0453548299 -0.9667333912  2.0000000000
-0.1218254745 -0.0102105832 -1.1453439181  2.0000000000
-0.2026381242  0.0645586008 -0.8679948902  2.0000000000
-0.1991633303  0.0647158098 -0.8656884829  2.0000000000
-0.1931022950  0.0625426191 -0.8716830543  2.0000000000
-0.1956126370  0.0617383716 -0.8761248161  2.0000000000
-0.2177435356  0.0570225746 -0.9057738084  2.0000000000
-0.2359087742  0.0547388878 -0.9235107442  2.0000000000
-0.2460785375  0.0532072779 -0.9345312879  2.0000000000
-0.2311510205  0.0679937794 -0.8671301436  2.0000000000
-0.2184568336  0.0696065298 -0.8544031223  2.0000000000
-0.2012313566  0.0713762493 -0.8384717623  2.0000000000
-0.2008341393  0.0711943344 -0.8389497882  2.0000000000
-0.2380158870  0.0626472857 -0.8910286753  2.0000000000
-0.2258110101  0.0755833475 -0.8326893030  2.0000000000
-0.2056934819  0.0781521851 -0.8119332922  2.0000000000
-0.2057982011  0.0776776810 -0.8137536997  2.0000000000
-0.2201362674  0.0731843912 -0.8386657812  2.0000000000
-0.2405047235  0.0704989281 -0.8589625367  2.0000000000
-0.2452324568  0.0795821729 -0.8249687419  2.0000000000
-0.2332277039  0.0814104548 -0.8116428013  2.0000000000
-0.2289952831  0.0820222233 -0.8070817308  2.0000000000
-0.2248841230  0.0827465391 -0.8020808874  2.0000000000
-0.2170456658  0.0842758849 -0.7919222478  2.0000000000
-0.2094208544  0.0849419109 -0.7850144609  2.0000000000
-0.2095045670  0.0847909671 -0.7855574941  2.0000000000
-0.2108091796  0.0837485879 -0.7902057231  2.0000000000
-0.2171478822  0.0823250911 -0.7988923673  2.0000000000
-0.2241417599  0.0808513307 -0.8080826455  2.0000000000
-0.2361262748  0.0792011378 -0.8202842972  2.0000000000
-0.2420436323  0.0785288469 -0.8257036740  2.0000000000
-0.2485269955  0.0778002322 -0.8316245189  2.0000000000
-0.2556884778  0.0769383670 -0.8384236016  2.0000000000
-0.2241305846  0.0900020348 -0.7711507231  2.0000000000
-0.2136449105  0.0918363399 -0.7580184989  2.0000000000
-0.2132193051  0.0916320298 -0.7584018518  2.0000000000
-0.2133809217  0.0915516879 -0.7586771013  2.0000000000
-0.2228951949  0.0892052207 -0.7723234223  2.0000000000
-0.2268099244  0.0885367191 -0.7768082735  2.0000000000
-0.2319668845  0.0878597046 -0.7818927038  2.0000000000
-0.2273401733  0.0964993818 -0.7452897303  2.0000000000
-0.2173566026  0.0986534452 -0.7309691494  2.0000000000
-0.2170361974  0.0985167631 -0.7312528830  2.0000000000
-0.2168604527  0.0984098844 -0.7314811916  2.0000000000
-0.2174393761  0.0984718381 -0.7311880093  2.0000000000
-0.2199503976  0.0979917203 -0.7340905014  2.0000000000
-0.2340900502  0.0956104577 -0.7500855729  2.0000000000
-0.2397360154  0.0950306695 -0.7549866219  2.0000000000
-0.2511779288  0.0939358296 -0.7645844895  2.0000000000
-0.2426297796  0.1006434717 -0.7351226057  2.0000000000
-0.2217435157  0.1054113996 -0.7046354474  2.0000000000
-0.2203445991  0.1052347480 -0.7042873771  2.0000000000
-0.2248203731  0.1051010790 -0.7061440233  2.0000000000
-0.2276160496  0.1045119961 -0.7097825499  2.0000000000
-0.2517086352  0.1022992079 -0.7294424419  2.0000000000
-0.2378488763  0.1088140876 -0.6983633805  2.0000000000
-0.2242961797  0.1125404404 -0.6755622933  2.0000000000
-0.2229770685  0.1133657418 -0.6708097620  2.0000000000
-0.2248166413  0.1132146881 -0.6719843242  2.0000000000
-0.2450735350  0.1144714170 -0.6779780829  2.0000000000
-0.2292187829  0.1189075898 -0.6511487441  2.0000000000
-0.2276402206  0.1195355398 -0.6475803441  2.0000000000
-0.2256515656  0.1208407989 -0.6404568745  2.0000000000
-0.2259657298  0.1209768828 -0.6398574156  2.0000000000
-0.2268496081  0.1209427245 -0.6402487358  2.0000000000
-0.2286383669  0.1205990542 -0.6423770267  2.0000000000
-0.2520426331  0.1198459728 -0.6587497549  2.0000000000
-0.2482449674  0.1209335850 -0.6522576857  2.0000000000
-0.2445904082  0.1220748936 -0.6455843372  2.0000000000
-0.2327489169  0.1257299334 -0.6239936789  2.0000000000
-0.2294848059  0.1271936913 -0.6159161450  2.0000000000
-0.2279388301  0.1281266711 -0.6108929492  2.0000000000
-0.2285654494  0.1287315386 -0.6081079436  2.0000000000
-0.2479828934  0.1277904329 -0.6200232773  2.0000000000
-0.2445148938  0.1297941096 -0.6128382653  2.0000000000
-0.2381945302  0.1318347595 -0.6009397349  2.0000000000
-0.2295823004  0.1358114925 -0.5791652573  2.0000000000
-0.2295542549  0.1364677656 -0.5760236754  2.0000000000
-0.2295385819  0.1368604279 -0.5741719228  2.0000000000
-0.2392661591  0.1370014177 -0.5773531761  2.0000000000
-0.2436207179  0.1366089369 -0.5808574054  2.0000000000
-0.2546678510  0.1338824110 -0.6007361613  2.0000000000
-0.2509257934  0.1352623144 -0.5929636765  2.0000000000
-0.2475220766  0.1364861682 -0.5860267390  2.0000000000
-0.2409401988  0.1388750930 -0.5725005348  2.0000000000
-0.2342119904  0.1417728831 -0.5565400584  2.0000000000
-0.2312817455  0.1438736635 -0.5456930115  2.0000000000
-0.2309505105  0.1443894824 -0.5431704970  2.0000000000
-0.2615083682  0.1390223805 -0.5825171397  2.0000000000
-0.2502200752  0.1433401007 -0.5583865965  2.0000000000
-0.2433744228  0.1460703801 -0.5432564044  2.0000000000
-0.2329021627  0.1516055254 -0.5137550326  2.0000000000
-0.2307929904  0.1534284838 -0.5046530697  2.0000000000
-0.2378373841  0.1543022288 -0.5034649602  2.0000000000
-0.2461230563  0.1530907436 -0.5149023054  2.0000000000
-0.2378367080  0.1571362685 -0.4931245783  2.0000000000
-0.2349978791  0.1591792981 -0.4827205838  2.0000000000
-0.2324147002  0.1613471572 -0.4719137517  2.0000000000
-0.2334176843  0.1625565424 -0.4668606336  2.0000000000
-0.2591054817  0.1555922865 -0.5111010038  2.0000000000
-0.2449042752  0.1617368017 -0.4776282281  2.0000000000
-0.2429315472  0.1626583684 -0.4726155319  2.0000000000
-0.2331300548  0.1693969696 -0.4381934660  2.0000000000
-0.2304741711  0.1710593672 -0.4296955857  2.0000000000
-0.2748449232  0.1568456207 -0.5139954076  2.0000000000
-0.2584172757  0.1636871872 -0.4764686983  2.0000000000
-0.2188079367  0.2010179837 -0.2965947842  2.0000000000
-0.2778839873  0.1633583544 -0.4880002330  2.0000000000
-0.2609654166  0.1705906558 -0.4485533467  2.0000000000
-0.2453772092  0.1780302187 -0.4088145556  2.0000000000
-0.2261379860  0.1899956756 -0.3473125628  2.0000000000
-0.2179266712  0.2031335690 -0.2872112316  2.0000000000
-0.2124921486  0.2165214133 -0.2279409284  2.0000000000
-0.2513668508  0.1831343078 -0.3903602489  2.0000000000
-0.2388615953  0.1901599662 -0.3539690616  2.0000000000
-0.2580524901  0.1880823560 -0.3729136776  2.0000000000
-0.2448295479  0.1948408726 -0.3372979734  2.0000000000
-0.2322732081  0.2021592006 -0.2996379294  2.0000000000
-0.2079572870  0.2275835939 -0.1789322098  2.0000000000
-0.2830187575  0.1846887282 -0.4003550271  2.0000000000
-0.2695423714  0.1906586200 -0.3680370647  2.0000000000
-0.2598422132  0.1951695781 -0.3438346061  2.0000000000
-0.2466760643  0.2019794102 -0.3080294760  2.0000000000
-0.2382732125  0.2066937307 -0.2836045590  2.0000000000
-0.2257440398  0.2136572213 -0.2474546697  2.0000000000
-0.2231558897  0.2150933979 -0.2399295939  2.0000000000
-0.2193376048  0.2172719465 -0.2286745826  2.0000000000
-0.2043407250  0.2364374417 -0.1397171752  2.0000000000
-0.2615544132  0.2022891288 -0.3145805148  2.0000000000
-0.2570053284  0.2045514681 -0.3025989216  2.0000000000
-0.2484255275  0.2090472484 -0.2790124420  2.0000000000
-0.2259637812  0.2212528027 -0.2154329104  2.0000000000
-0.2171904287  0.2262515876 -0.1896593282  2.0000000000
-0.1981390511  0.2516614999 -0.0723006966  2.0000000000
-0.2585146721  0.2116411046 -0.2733712401  2.0000000000
-0.2109163324  0.2376733024 -0.1381267358  2.0000000000
-0.2828629408  0.2084657486 -0.2995833618  2.0000000000
-0.2779081342  0.2107066562 -0.2875026433  2.0000000000
-0.2599471627  0.2188246753 -0.2437088582  2.0000000000
-0.2294138746  0.2346986941 -0.1604301999  2.0000000000
-0.2876657407  0.2143161522 -0.2773236245  2.0000000000
-0.2442979566  0.2343742749 -0.1696449228  2.0000000000
-0.2393096970  0.2371027633 -0.1554729105  2.0000000000
-0.2337968873  0.2399464494 -0.1405562973  2.0000000000
-0.2228551466  0.2456434161 -0.1107549996  2.0000000000
-0.2177592871  0.2486599321 -0.0953380238  2.0000000000
-0.2127181690  0.2513858957 -0.0811708226  2.0000000000
-0.2026597391  0.2578623359 -0.0485506669  2.0000000000
-0.1924193420  0.2655852455 -0.0106052458  2.0000000000
-0.2771958776  0.2268034812 -0.2189620688  2.0000000000
-0.2710815581  0.2295626842 -0.2040731212  2.0000000000
-0.2565794035  0.2360370590 -0.1690601975  2.0000000000
-0.2060852338  0.2627841437 -0.0295560013  2.0000000000
-0.2010473139  0.2661374100 -0.0127583564  2.0000000000
-0.1959671682  0.2697615944  0.0051987170  2.0000000000
-0.2323859595  0.2554081006 -0.0743557975  2.0000000000
-0.2145421534  0.2646332126 -0.0261820877  2.0000000000
-0.2094981246  0.2676706630 -0.0107002409  2.0000000000
-0.2044674449  0.2708335677  0.0052967809  2.0000000000
-0.1994450857  0.2741492538  0.0219282629  2.0000000000
-0.1821009997  0.2856587683  0.0796624461  2.0000000000
-0.2838601515  0.2395470790 -0.1684867765  2.0000000000
-0.2755146597  0.2431586130 -0.1488245195  2.0000000000
-0.2446623430  0.2569603571 -0.0742291430  2.0000000000
-0.2028821959  0.2787246651  0.0394653735  2.0000000000
-0.1978861685  0.2819937907  0.0558864503  2.0000000000
-0.1693187262  0.3011399440  0.1517546208  2.0000000000
-0.3037791021  0.2387796042 -0.1821645318  2.0000000000
-0.2779957103  0.2498151954 -0.1219368426  2.0000000000
-0.2533613970  0.2607220628 -0.0628568950  2.0000000000
-0.1816632079  0.2984476348  0.1340491658  2.0000000000
-0.3171292236  0.2410683834 -0.1794604194  2.0000000000
-0.2808826811  0.2563323135 -0.0958517501  2.0000000000
-0.2294742685  0.2790403799  0.0271941044  2.0000000000
-0.1773234642  0.3070892750  0.1729559327  2.0000000000
-0.1676478935  0.3143286149  0.2085208499  2.0000000000
-0.3016222032  0.2551444828 -0.1117383867  2.0000000000
-0.2747109128  0.2667965961 -0.0483106470  2.0000000000
-0.2194721712  0.2908321862  0.0823315831  2.0000000000
-0.1740095481  0.3154545286  0.2101086634  2.0000000000
-0.2398123775  0.2897581178  0.0671761673  2.0000000000
-0.1750757511  0.3202713729  0.2300358051  2.0000000000
-0.2501320827  0.2928883639  0.0750466894  2.0000000000
-0.2183968923  0.3063383734  0.1485333627  2.0000000000
-0.1669774921  0.3323200997  0.2852100849  2.0000000000
-0.1576990751  0.3396019997  0.3207214972  2.0000000000
-0.2899222030  0.2834323690  0.0141694833  2.0000000000
-0.3471647833  0.2676123691 -0.0827793010  2.0000000000
-0.2501287563  0.3078186206  0.1382531511  2.0000000000
-0.2391539738  0.3125032864  0.1638076145  2.0000000000
-0.1555484972  0.3528769384  0.3781394380  2.0000000000
-0.1462586092  0.3601064383  0.4134438740  2.0000000000
-0.3168462636  0.2878557622  0.0188081160  2.0000000000
-0.2169497660  0.3295440014  0.2475240866  2.0000000000
-0.2497573235  0.3228428020  0.2020542160  2.0000000000
-0.2281384224  0.3321674781  0.2527930963  2.0000000000
-0.2157921842  0.3372959325  0.2809512712  2.0000000000
-0.1984775548  0.3459440876  0.3265431383  2.0000000000
-0.3100923230  0.3060550031  0.0994057631  2.0000000000
-0.2957014336  0.3115843512  0.1303503889  2.0000000000
-0.2610469012  0.3256031548  0.2078445303  2.0000000000
-0.1901725365  0.3555095278  0.3714433023  2.0000000000
-0.1778846833  0.3626836530  0.4081247092  2.0000000000
-0.1723700363  0.3661356256  0.4255604073  2.0000000000
-0.1406848012  0.3819991400  0.5091310775  2.0000000000
-0.3408978830  0.3014294799  0.0636983144  2.0000000000
-0.3176683998  0.3186435587  0.1487462414  2.0000000000
-0.3031668476  0.3241587853  0.1796888907  2.0000000000
-0.2484444965  0.3454021435  0.2982681435  2.0000000000
-0.1650866192  0.3789899107  0.4840508519  2.0000000000
-0.1488004655  0.3888043265  0.5339242348  2.0000000000
-0.3069373625  0.3304397502  0.2043119964  2.0000000000
-0.2919980806  0.3360222271  0.2357688098  2.0000000000
-0.2771045455  0.3417063837  0.2676329244  2.0000000000
-0.2441008557  0.3540763143  0.3372955255  2.0000000000
-0.1938305113  0.3730353250  0.4439086552  2.0000000000
-0.1652849452  0.3844117681  0.5070034771  2.0000000000
-0.3104923703  0.3366720613  0.2288417952  2.0000000000
-0.1488294878  0.3963118247  0.5661114216  2.0000000000
