 1.6882958031  1.7170535592  0.7656583957  1.0000000000
 1.6418596065  1.8248888708  0.8142202496  1.0000000000
 1.5945111205  1.9323517341  0.8630900685  1.0000000000
 1.6847461776  1.5844319973  0.7272246430  1.0000000000
 1.5737117576  1.8348850063  0.8413265037  1.0000000000
 1.5424200541  1.9067528191  0.8738659619  1.0000000000
 1.6646253388  1.4873251577  0.7049352824  1.0000000000
 1.6485997677  1.5227237305  0.7212275738  1.0000000000
 1.6162839995  1.5937603170  0.7538826962  1.0000000000
 1.5212144526  1.8089850987  0.8521426967  1.0000000000
 1.5057096565  1.8450026846  0.8684014138  1.0000000000
 1.5956143317  1.4960161294  0.7316234880  1.0000000000
 1.5792081008  1.5313426823  0.7479614239  1.0000000000
 1.5633149022  1.5673759174  0.7645782669  1.0000000000
 1.4532491956  1.8191466059  0.8792264205  1.0000000000
 1.5912674997  1.3631212889  0.6927025947  1.0000000000
 1.5104320593  1.5410135338  0.7751743528  1.0000000000
 1.4472622332  1.6849317390  0.8409879295  1.0000000000
 1.3852872396  1.8293438332  0.9063397313  1.0000000000
 1.3066599785  2.0085593680  0.9876286841  1.0000000000
 1.4893253910  1.4423958013  0.7523641406  1.0000000000
 1.2706220019  1.9477527229  0.9822658927  1.0000000000
 1.2651020786  1.8140441415  0.9444706024  1.0000000000
 1.2342265536  1.8865817633  0.9770554435  1.0000000000
 1.4154835567  1.3175988120  0.7401854418  1.0000000000
 1.2736892895  1.6428092100  0.8898535906  1.0000000000
 1.2584294265  1.6791096307  0.9063011943  1.0000000000
 1.3623149453  1.2907589704  0.7506036555  1.0000000000
 1.3452853538  1.3260574985  0.7672264683  1.0000000000
 1.2518999547  1.5439360889  0.8675094174  1.0000000000
 1.3588158429  1.1574929912  0.7109302194  1.0000000000
 1.3090672993  1.2636861500  0.7608872677  1.0000000000
 1.2300534619  1.4446786637  0.8448152341  1.0000000000
 1.1533206566  1.6270401397  0.9279086672  1.0000000000
 1.0627408131  1.8469443839  1.0262715364  1.0000000000
 1.0321930591  1.9198698618  1.0586915561  1.0000000000
 1.2389235307  1.2724630855  0.7881696251  1.0000000000
 1.2230223333  1.3087122707  0.8051119637  1.0000000000
 1.2515601555  1.1028730707  0.7313884364  1.0000000000
 1.2194130889  1.1740134736  0.7647684720  1.0000000000
 1.1085044797  1.4280065657  0.8827235745  1.0000000000
 1.0337230905  1.6119253818  0.9661782108  1.0000000000
 1.0187821527  1.6488537717  0.9827316400  1.0000000000
 1.0037316842  1.6856618781  0.9991399279  1.0000000000
 0.9588545659  1.7963774564  1.0483938319  1.0000000000
 0.9434855492  1.8329458153  1.0645911503  1.0000000000
 0.9131972342  1.9063800009  1.0971177841  1.0000000000
 0.8979774493  1.9428019339  1.1133668398  1.0000000000
 1.1494882736  1.1825604242  0.7918580170  1.0000000000
 1.1170196293  1.2548964457  0.8258045951  1.0000000000
 1.0558037334  1.4015746235  0.8933394094  1.0000000000
 1.0109168125  1.5121787600  0.9437021217  1.0000000000
 0.9959119964  1.5489798874  0.9604044053  1.0000000000
 0.9218521534  1.7339539047  1.0430866298  1.0000000000
 0.9069334140  1.7710180106  1.0594457465  1.0000000000
 1.0952057408  1.1543046617  0.8017901304  1.0000000000
 1.0482381378  1.2644691125  0.8531223748  1.0000000000
 1.0329417647  1.3011089746  0.8700237873  1.0000000000
 0.9733296934  1.4492254115  0.9378100799  1.0000000000
 0.9584659793  1.4860968708  0.9545429518  1.0000000000
 0.8552783193  1.7458849557  1.0705589634  1.0000000000
 1.0416823247  1.1269087405  0.8119782477  1.0000000000
 1.0259580456  1.1636960663  0.8291765349  1.0000000000
 1.0106870770  1.2007538052  0.8464202246  1.0000000000
 0.8916708355  1.4973824933  0.9822386949  1.0000000000
 0.7884942025  1.7576631303  1.0980258955  1.0000000000
 0.9422320608  1.2107621311  0.8739906195  1.0000000000
 0.8684218201  1.3968496618  0.9592929575  1.0000000000
 0.8539047694  1.4341528643  0.9762237696  1.0000000000
 0.8249593011  1.5089182618  1.0099638452  1.0000000000
 0.7218862392  1.7699326149  1.1255446664  1.0000000000
 0.7068509760  1.8070717054  1.1418630886  1.0000000000
 0.8889029202  1.1835656712  0.8842956441  1.0000000000
 0.8743588781  1.2211780031  0.9016495875  1.0000000000
 0.8302401286  1.3330890463  0.9529693467  1.0000000000
 0.7873478680  1.4457381487  1.0040333290  1.0000000000
 0.7583701142  1.5205826440  1.0376472064  1.0000000000
 0.7438317592  1.5580112801  1.0543848785  1.0000000000
 0.8944560105  1.0060046686  0.8248113236  1.0000000000
 0.8647746752  1.0807423325  0.8595392527  1.0000000000
 0.8357112196  1.1565167311  0.8946871216  1.0000000000
 0.8068390601  1.2319795239  0.9294953739  1.0000000000
 0.7495027192  1.3823451549  0.9979638589  1.0000000000
 0.7209306702  1.4574966933  1.0318050736  1.0000000000
 0.6920960938  1.5324744892  1.0653455954  1.0000000000
 0.6775037064  1.5698628243  1.0819755205  1.0000000000
 0.6631624430  1.6073641712  1.0985594830  1.0000000000
 0.5888667929  1.7946175505  1.1806832671  1.0000000000
 0.7539130376  1.2051812785  0.9399514788  1.0000000000
 0.7397025336  1.2430498054  0.9573668817  1.0000000000
 0.7113451788  1.3185604186  0.9917293380  1.0000000000
 0.6831882368  1.3941024091  1.0258303604  1.0000000000
 0.6690213718  1.4318805799  1.0427653474  1.0000000000
 0.6403909301  1.5071060678  1.0764099317  1.0000000000
 0.6115891478  1.5821536399  1.1097438116  1.0000000000
 0.5969160839  1.6197043452  1.1261994457  1.0000000000
 0.5523658713  1.7324888236  1.1755611379  1.0000000000
 0.5373883640  1.7699573011  1.1919538873  1.0000000000
 0.6870761690  1.2166719391  0.9680778189  1.0000000000
 0.6450536472  1.3303973041  1.0196815103  1.0000000000
 0.6312463508  1.3684744478  1.0368250895  1.0000000000
 0.5454624129  1.5945845421  1.1374098898  1.0000000000
 0.4859663022  1.7451545124  1.2031982010  1.0000000000
 0.7169862586  0.9590984197  0.8720687311  1.0000000000
 0.6752746047  1.0743232949  0.9254575890  1.0000000000
 0.6480131528  1.1515923971  0.9610610916  1.0000000000
 0.6346946692  1.1904751132  0.9788744059  1.0000000000
 0.6206329880  1.2283631836  0.9961331285  1.0000000000
 0.5930662827  1.3046271827  1.0306460993  1.0000000000
 0.5653061300  1.3807697666  1.0647897334  1.0000000000
 0.6630655299  0.9312057052  0.8820854169  1.0000000000
 0.6219443627  1.0470865047  0.9357868887  1.0000000000
 0.5683500646  1.2022840748  1.0070219576  1.0000000000
 0.5547217260  1.2406088700  1.0243945659  1.0000000000
 0.5410310158  1.2788808718  1.0416333894  1.0000000000
 0.4995434999  1.3934268870  1.0929061677  1.0000000000
 0.4854878566  1.4313613430  1.1098582137  1.0000000000
 0.4713969778  1.4692698611  1.1266889842  1.0000000000
 0.4571431882  1.5068952663  1.1433559154  1.0000000000
 0.5951458996  0.9416566298  0.9099783770  1.0000000000
 0.5292954204  1.1374673426  1.0003343647  1.0000000000
 0.4616903907  1.3299383306  1.0870786133  1.0000000000
 0.3913054015  1.5197048283  1.1711764133  1.0000000000
 0.3467572722  1.6330768142  1.2205791332  1.0000000000
 0.3022658451  1.7456661382  1.2697261081  1.0000000000
 0.5408459872  0.9133927952  0.9198127956  1.0000000000
 0.5153211520  0.9926411056  0.9566069173  1.0000000000
 0.4636464733  1.1500291284  1.0288005459  1.0000000000
 0.4370399703  1.2276181609  1.0638384032  1.0000000000
 0.3823075953  1.3811621365  1.1323219970  1.0000000000
 0.3683160110  1.4191205169  1.1491723548  1.0000000000
 0.3543199967  1.4570671277  1.1660060402  1.0000000000
 0.2804212585  1.6461150310  1.2484130294  1.0000000000
 0.4986542918  0.8449641035  0.9109456229  1.0000000000
 0.4626123937  0.9661596013  0.9674017234  1.0000000000
 0.4369745331  1.0452180438  1.0038388407  1.0000000000
 0.4242480182  1.0848607055  1.0220400191  1.0000000000
 0.3983480763  1.1631274097  1.0574376458  1.0000000000
 0.3443747319  1.3175706511  1.1265024468  1.0000000000
 0.3029005674  1.4322416407  1.1773519795  1.0000000000
 0.4328183325  0.8576283770  0.9399764988  1.0000000000
 0.4218557614  0.8991639726  0.9594264769  1.0000000000
 0.3719527843  1.0587017228  1.0329212791  1.0000000000
 0.3462796978  1.1374212724  1.0685324068  1.0000000000
 0.3332608317  1.1765128286  1.0861225322  1.0000000000
 0.3198697019  1.2153169426  1.1035046321  1.0000000000
 0.3063869865  1.2538362595  1.1206112582  1.0000000000
 0.2513047875  1.4074755688  1.1887097008  1.0000000000
 0.1631990689  1.6341788387  1.2873830075  1.0000000000
 0.3984742326  0.7443669292  0.9097839533  1.0000000000
 0.3797141207  0.8308164480  0.9507003081  1.0000000000
 0.3569425850  0.9129284816  0.9889610962  1.0000000000
 0.3198335037  1.0328131271  1.0439742341  1.0000000000
 0.2815061438  1.1512369570  1.0975027924  1.0000000000
 0.2681995053  1.1900255465  1.1147597299  1.0000000000
 0.2275738462  1.3060795489  1.1661406446  1.0000000000
 0.2138488020  1.3446429050  1.1833119592  1.0000000000
 0.1262695077  1.5719312760  1.2824582729  1.0000000000
 0.3357133044  0.7604450942  0.9407654837  1.0000000000
 0.2922627580  0.9269311424  1.0185222825  1.0000000000
 0.2801104039  0.9670924115  1.0369243023  1.0000000000
 0.2677698768  1.0069359309  1.0550271221  1.0000000000
 0.2553109166  1.0468211207  1.0731053253  1.0000000000
 0.1624699066  1.3200031745  1.1947840383  1.0000000000
 0.1483277307  1.3580396414  1.2115543490  1.0000000000
 0.2979627550  0.6431432853  0.9081526754  1.0000000000
 0.2628948120  0.8191044587  0.9917862389  1.0000000000
 0.2516366961  0.8602354390  1.0108887392  1.0000000000
 0.2280091944  0.9412556038  1.0480786455  1.0000000000
 0.1784381867  1.1012626635  1.1206554475  1.0000000000
 0.0968250538  1.3333782096  1.2229645621  1.0000000000
 0.0823165775  1.3713874371  1.2395675145  1.0000000000
 0.0386183132  1.4851456602  1.2889242791  1.0000000000
 0.1992951028  0.8343853496  1.0222469646  1.0000000000
 0.1878558900  0.8751120063  1.0408310120  1.0000000000
 0.1643640552  0.9565896212  1.0781088643  1.0000000000
 0.1138742733  1.1154199903  1.1496401917  1.0000000000
 0.0163923868  1.3848004948  1.2675499218  1.0000000000
 0.0018646634  1.4228281962  1.2841874945  1.0000000000
 0.2057624475  0.4976422757  0.8852724995  1.0000000000
 0.1998405726  0.5445638431  0.9082353540  1.0000000000
 0.1680186437  0.7245691730  0.9944682428  1.0000000000
 0.1584690377  0.7676204696  1.0147814851  1.0000000000
 0.1362130098  0.8500915569  1.0528011062  1.0000000000
 0.0753432046  1.0513874981  1.1439113804  1.0000000000
 0.0081590647  1.2455317128  1.2293161054  1.0000000000
-0.0055072185  1.2843995115  1.2462847492  1.0000000000
-0.0346553443  1.3604286708  1.2793101214  1.0000000000
-0.0490716386  1.3984637749  1.2958233735  1.0000000000
 0.1573294819  0.4210316039  0.8707470782  1.0000000000
 0.1473783116  0.5183943746  0.9195254211  1.0000000000
 0.0366859777  0.9870294103  1.1378888167  1.0000000000
 0.0239315012  1.0265534818  1.1555883406  1.0000000000
 0.0109997570  1.0658367927  1.1729666055  1.0000000000
-0.0025085909  1.1046028320  1.1899568265  1.0000000000
 0.0956233011  0.4930314424  0.9313808394  1.0000000000
-0.0027165434  0.9217358292  1.1313959887  1.0000000000
-0.0272837655  1.0019471527  1.1674079474  1.0000000000
-0.0535864250  1.0801307246  1.2018242618  1.0000000000
-0.0941813939  1.1966177464  1.2528019178  1.0000000000
 0.0443266956  0.4681577692  0.9436342363  1.0000000000
-0.0076627708  0.7335585702  1.0694365708  1.0000000000
-0.0655001352  0.9382552662  1.1619691511  1.0000000000
-0.1179048682  1.0948398693  1.2308758171  1.0000000000
 0.2073081058 -2.0888798588 -0.0965157804  1.0000000000
 0.2034029519 -2.0390915279 -0.0789351815  1.0000000000
 0.1956083232 -1.9393681089 -0.0437616277  1.0000000000
 0.0001828956  0.3972340724  0.9336216625  1.0000000000
-0.0073556028  0.4427871678  0.9555176387  1.0000000000
-0.0234156352  0.5330627301  0.9986659863  1.0000000000
-0.0395483231  0.6230975969  1.0417184493  1.0000000000
-0.0490096838  0.6662259863  1.0618577482  1.0000000000
-0.0705116759  0.7498287910  1.1001474622  1.0000000000
-0.1165706782  0.9138936657  1.1740975178  1.0000000000
-0.1290805005  0.9534212035  1.1916265104  1.0000000000
-0.2378280435  1.2633155381  1.3266232202  1.0000000000
 0.1409859954 -1.7987462360  0.0298833163  1.0000000000
 0.1372908402 -1.7485684777  0.0473408144  1.0000000000
-0.1930883457  0.9684099136  1.2209993418  1.0000000000
-0.2605395851  1.1625839551  1.3054445193  1.0000000000
 0.1219015175 -2.1079339543 -0.0551532564  1.0000000000
-0.0897946914  0.1415837170  0.8513256255  1.0000000000
-0.1091080770  0.3941582322  0.9809283485  1.0000000000
-0.1338138772  0.5289850559  1.0450766369  1.0000000000
-0.1518121801  0.6167215197  1.0862459239  1.0000000000
-0.2310937761  0.9048911541  1.2159530972  1.0000000000
-0.3249474829  1.1768873303  1.3341445660  1.0000000000
-0.3387317103  1.2147809669  1.3502323275  1.0000000000
 0.0831556528 -2.1672389744 -0.0521004016  1.0000000000
 0.0789464263 -2.1175167141 -0.0343486196  1.0000000000
-0.1269618611 -0.0887417957  0.7558814632  1.0000000000
-0.1401879599  0.1176567737  0.8644068180  1.0000000000
-0.1930520020  0.5494230489  1.0787982033  1.0000000000
-0.2026014594  0.5926654104  1.0988840972  1.0000000000
-0.2131052249  0.6347034102  1.1180895728  1.0000000000
-0.2354284393  0.7174235067  1.1553928099  1.0000000000
-0.3482133915  1.0761802428  1.3132382734  1.0000000000
 0.0444886353 -2.2264745774 -0.0491325751  1.0000000000
 0.0232662014 -1.9773267976  0.0399014187  1.0000000000
 0.0191021330 -1.9272923891  0.0576997110  1.0000000000
 0.0080370226 -1.7770008194  0.1101933734  1.0000000000
 0.0014714833 -1.6757906790  0.1448266928  1.0000000000
-0.0074892906 -1.5219913721  0.1963555437  1.0000000000
-0.0105231012 -1.4709767430  0.2134440966  1.0000000000
-0.0135847937 -1.4197310707  0.2305450507  1.0000000000
-0.1685285567 -0.4963651708  0.5436473162  1.0000000000
-0.1772084330 -0.4457415291  0.5687593863  1.0000000000
-0.1873164260  0.0977436790  0.8808917268  1.0000000000
-0.1985510033  0.2501163870  0.9592471557  1.0000000000
-0.2030813317  0.2998592585  0.9844673659  1.0000000000
-0.2433430810  0.5259928861  1.0920194155  1.0000000000
-0.2862908226  0.6933425830  1.1679480886  1.0000000000
-0.2975714984  0.7345676910  1.1864369639  1.0000000000
-0.3205591786  0.8163720786  1.2227003874  1.0000000000
-0.3324310766  0.8568011630  1.2405839081  1.0000000000
-0.3714625008  0.9750099163  1.2920753302  1.0000000000
-0.0159302369 -2.0370168742  0.0431620224  1.0000000000
-0.1705388544 -0.6582826210  0.5004711803  1.0000000000
-0.2016833697 -0.5071733257  0.5747288539  1.0000000000
-0.2160694137 -0.4045443193  0.6272946567  1.0000000000
-0.2206077631 -0.1290247660  0.7882628899  1.0000000000
-0.2535633529  0.2759226147  0.9974641350  1.0000000000
-0.2936680316  0.5024397981  1.1051351554  1.0000000000
-0.3030667545  0.5458821519  1.1252363628  1.0000000000
-0.4085460601  0.9122563667  1.2875997136  1.0000000000
-0.0370047660 -2.2952168850 -0.0254086436  1.0000000000
-0.0502685038 -2.1464532954  0.0282685917  1.0000000000
-0.0711521017 -1.8965770377  0.1171894381  1.0000000000
-0.0749428543 -1.8465003547  0.1347596121  1.0000000000
-0.0784242650 -1.7961485825  0.1521876532  1.0000000000
-0.0885424487 -1.6444698266  0.2042386811  1.0000000000
-0.0978682513 -1.4916010087  0.2557553298  1.0000000000
-0.1032772005 -1.3885775726  0.2895338548  1.0000000000
-0.0989261897 -0.9600558634  0.4115866823  1.0000000000
-0.1125004142 -0.9103224974  0.4296773725  1.0000000000
-0.2416139490 -0.5203964427  0.6007617057  1.0000000000
-0.2559428135 -0.4179644625  0.6528186654  1.0000000000
-0.2587429353 -0.3643812031  0.6828932709  1.0000000000
-0.2636542218 -0.2007396538  0.7769480895  1.0000000000
-0.2712089626 -0.0969616996  0.8325275049  1.0000000000
-0.2746505608 -0.0452667834  0.8597135628  1.0000000000
-0.2922254412  0.1558792586  0.9629225699  1.0000000000
-0.3037021016  0.2525068814  1.0108626806  1.0000000000
-0.3187769163  0.3444613438  1.0548907042  1.0000000000
-0.3270343379  0.3895406810  1.0762628485  1.0000000000
-0.3638301229  0.5646047284  1.1574152439  1.0000000000
-0.3859415133  0.6475009402  1.1945875099  1.0000000000
-0.4211806588  0.7691800916  1.2481825034  1.0000000000
-0.4458383567  0.8494403725  1.2831451190  1.0000000000
-0.4716559719  0.9281782801  1.3173004601  1.0000000000
-0.1181637926 -1.8562969757  0.1557122236  1.0000000000
-0.1219002934 -1.8061483580  0.1732482535  1.0000000000
-0.1289965244 -1.7054989984  0.2081059133  1.0000000000
-0.1386827977 -1.5531142887  0.2598565812  1.0000000000
-0.1532511072 -1.2423131753  0.3600511979  1.0000000000
-0.1550683258 -1.1896905247  0.3762493854  1.0000000000
-0.2162507909 -0.7808905192  0.5157169453  1.0000000000
-0.2499637338 -0.6833980337  0.5574044670  1.0000000000
-0.2824930170 -0.5338557836  0.6264997502  1.0000000000
-0.3065513119 -0.2724855846  0.7655606622  1.0000000000
-0.3096806820 -0.2197194978  0.7944607604  1.0000000000
-0.3258823242 -0.0141195469  0.9029043684  1.0000000000
-0.3402206050  0.1350761333  0.9786139960  1.0000000000
-0.3459318089  0.1834957661  1.0026293840  1.0000000000
-0.4031691814  0.4995755191  1.1519263007  1.0000000000
-0.4139341378  0.5414593693  1.1707685197  1.0000000000
-0.4359243377  0.6244434890  1.2077602318  1.0000000000
-0.5213520007  0.9051033847  1.3300975741  1.0000000000
-0.1572713028 -1.9162723060  0.1589113522  1.0000000000
-0.1613089532 -1.8661620766  0.1766395185  1.0000000000
-0.1726889211 -1.7156955709  0.2292743920  1.0000000000
-0.1825491993 -1.5634993366  0.2810446283  1.0000000000
-0.1855416351 -1.5123781543  0.2981429136  1.0000000000
-0.1935996856 -1.3576752184  0.3487595266  1.0000000000
-0.1983103841 -1.2539405230  0.3819701716  1.0000000000
-0.2023081672 -1.0959019186  0.4299213109  1.0000000000
-0.2627429354 -0.7949432150  0.5405492953  1.0000000000
-0.3428786600 -0.3939622622  0.7297141266  1.0000000000
-0.3503484036 -0.2885821408  0.7868683063  1.0000000000
-0.3777123934  0.0160099757  0.9449748788  1.0000000000
-0.3829396452  0.0652983903  0.9698069888  1.0000000000
-0.4013378554  0.2091549837  1.0405402044  1.0000000000
-0.4339825735  0.3899364074  1.1257435147  1.0000000000
-0.4430170721  0.4339107542  1.1459598632  1.0000000000
-0.4743825143  0.5604547880  1.2029306189  1.0000000000
-0.4857226606  0.6015648798  1.2210673962  1.0000000000
-0.4972871576  0.6423197249  1.2390038458  1.0000000000
-0.5209560106  0.7232329254  1.2742217399  1.0000000000
-0.1792562901 -2.1759722132  0.0906056158  1.0000000000
-0.1968132492 -1.9766100116  0.1623108501  1.0000000000
-0.2127737782 -1.7763965044  0.2329954772  1.0000000000
-0.2164209299 -1.7261405241  0.2504551886  1.0000000000
-0.2265241009 -1.5741289725  0.3023081930  1.0000000000
-0.2296463071 -1.5231421833  0.3194657391  1.0000000000
-0.2325757304 -1.4717730932  0.3365260476  1.0000000000
-0.2388569361 -1.3693846286  0.3707935992  1.0000000000
-0.2416304740 -1.3178255954  0.3876536387  1.0000000000
-0.2521924955 -1.0569797377  0.4696900896  1.0000000000
-0.2571713470 -1.0057179556  0.4871372730  1.0000000000
-0.3349420440 -0.7109381000  0.6073693703  1.0000000000
-0.3730330423 -0.5108134029  0.7013467869  1.0000000000
-0.3901373411 -0.3572037554  0.7798475723  1.0000000000
-0.3998062623 -0.2546347730  0.8332566207  1.0000000000
-0.4047159351 -0.2038443276  0.8594974604  1.0000000000
-0.4196272061 -0.0530463394  0.9368018860  1.0000000000
-0.4251939359 -0.0039750285  0.9614336736  1.0000000000
-0.4914788202  0.4128022038  1.1609455143  1.0000000000
-0.5021676991  0.4545940423  1.1796189642  1.0000000000
-0.5237508914  0.5380793772  1.2167730360  1.0000000000
-0.5467382981  0.6199202008  1.2526044920  1.0000000000
-0.5589037472  0.6599618831  1.2697798322  1.0000000000
-0.5710365942  0.7000983082  1.2871456015  1.0000000000
-0.2000104434 -2.4329252098  0.0220385903  1.0000000000
-0.2043501591 -2.3839989810  0.0396874627  1.0000000000
-0.2312864237 -2.0863311527  0.1473948831  1.0000000000
-0.2637399612 -1.6862108645  0.2890267842  1.0000000000
-0.2671623604 -1.6356037817  0.3063603762  1.0000000000
-0.2704583631 -1.5849105648  0.3235894150  1.0000000000
-0.2839929322 -1.3808157732  0.3927726504  1.0000000000
-0.2904790828 -1.2784160153  0.4269480830  1.0000000000
-0.2926238751 -1.2263272579  0.4434358260  1.0000000000
-0.3001751289 -1.0706764591  0.4935306058  1.0000000000
-0.3067261866 -1.0200369553  0.5115048857  1.0000000000
-0.3991078672 -0.6255921434  0.6771256290  1.0000000000
-0.4151014814 -0.5250813819  0.7255393992  1.0000000000
-0.4550502619 -0.1708250467  0.9046670014  1.0000000000
-0.4605134204 -0.1212007006  0.9296660595  1.0000000000
-0.4661646957 -0.0720013121  0.9542652978  1.0000000000
-0.4787376115  0.0243249627  1.0016449793  1.0000000000
-0.5145670293  0.2573609719  1.1135711499  1.0000000000
-0.5411644886  0.3899175775  1.1745668379  1.0000000000
-0.5508853958  0.4329950176  1.1941125845  1.0000000000
-0.5839917074  0.5573479069  1.2489938056  1.0000000000
-0.6328603866  0.7172096830  1.3173576269  1.0000000000
-0.6576526407  0.7963492768  1.3512602354  1.0000000000
-0.2653432331 -2.1958690562  0.1321959461  1.0000000000
-0.3037837978 -1.7470037704  0.2927408298  1.0000000000
-0.3075998483 -1.6968320331  0.3102586867  1.0000000000
-0.3890404476 -0.8862836308  0.5946509021  1.0000000000
-0.4421764870 -0.6396487245  0.7013255257  1.0000000000
-0.4720616643 -0.4394724062  0.7975804706  1.0000000000
-0.4782754989 -0.3892138477  0.8224760153  1.0000000000
-0.5011650132 -0.1893179550  0.9226100192  1.0000000000
-0.5129233318 -0.0911432990  0.9714184419  1.0000000000
-0.5194307714 -0.0430478205  0.9948988150  1.0000000000
-0.5327046449  0.0522167185  1.0414249225  1.0000000000
-0.5393569934  0.0995744170  1.0644169311  1.0000000000
-0.5469037391  0.1457049935  1.0863334780  1.0000000000
-0.5630814650  0.2361602684  1.1286512667  1.0000000000
-0.6105358793  0.4529034491  1.2269197627  1.0000000000
-0.6215728171  0.4942513671  1.2450077820  1.0000000000
-0.6450942020  0.5754604276  1.2801222600  1.0000000000
-0.6819719632  0.6946391628  1.3305817599  1.0000000000
-0.2945855341 -2.3547774435  0.0988520711  1.0000000000
-0.2990895141 -2.3052944234  0.1167886644  1.0000000000
-0.3435319407 -1.8074769132  0.2962724643  1.0000000000
-0.3475386762 -1.7575812711  0.3139032895  1.0000000000
-0.3514917161 -1.7075553832  0.3314957488  1.0000000000
-0.3593959895 -1.6073066914  0.3666817488  1.0000000000
-0.3777129309 -1.3531697282  0.4538953790  1.0000000000
-0.4466679424 -0.8510640654  0.6387762147  1.0000000000
-0.4662882605 -0.7526134733  0.6814764098  1.0000000000
-0.4940591984 -0.6044260887  0.7479633491  1.0000000000
-0.5088939777 -0.5048434582  0.7953661812  1.0000000000
-0.5346691194 -0.3054234921  0.8930651253  1.0000000000
-0.5658482231 -0.0614474372  1.0127674427  1.0000000000
-0.5728516854 -0.0142255697  1.0354726514  1.0000000000
-0.5799984870  0.0326406221  1.0580356086  1.0000000000
-0.6025042041  0.1710162887  1.1236437314  1.0000000000
-0.6376834239  0.3480328262  1.2046928249  1.0000000000
-0.6481236436  0.3899742658  1.2232588243  1.0000000000
-0.6814550777  0.5138176564  1.2774907903  1.0000000000
-0.3420124928 -2.3154824910  0.1374516924  1.0000000000
-0.3700744749 -2.0173873679  0.2460816397  1.0000000000
-0.3829029860 -1.8677942660  0.2995600896  1.0000000000
-0.3871015480 -1.8179889712  0.3173191914  1.0000000000
-0.3995639996 -1.6684887524  0.3704337164  1.0000000000
-0.4193131016 -1.4157169233  0.4586166874  1.0000000000
-0.4234714948 -1.3652768338  0.4762192914  1.0000000000
-0.4277446132 -1.3146001740  0.4938937926  1.0000000000
-0.4374137263 -1.2137528604  0.5298071816  1.0000000000
-0.4421136647 -1.1631149030  0.5476469513  1.0000000000
-0.4461483656 -1.1121687762  0.5651157209  1.0000000000
-0.4525358907 -1.0622535220  0.5836596608  1.0000000000
-0.5008542081 -0.8159555141  0.6842867862  1.0000000000
-0.5293567796 -0.6682671690  0.7485056188  1.0000000000
-0.5737198320 -0.3718648217  0.8885109595  1.0000000000
-0.5919395650 -0.2237493963  0.9614817648  1.0000000000
-0.5987201716 -0.1751974040  0.9847160965  1.0000000000
-0.6193843240 -0.0325581901  1.0533643077  1.0000000000
-0.6421789909  0.1058346611  1.1187369514  1.0000000000
-0.6594915390  0.1944830565  1.1592322209  1.0000000000
-0.6866935598  0.3259107581  1.2189030462  1.0000000000
-0.7293749111  0.4927574268  1.2923491314  1.0000000000
-0.3850568494 -2.3256629776  0.1581726208  1.0000000000
-0.4133393342 -2.0276723893  0.2669566824  1.0000000000
-0.4264106706 -1.8783342266  0.3205609637  1.0000000000
-0.4308908724 -1.8287896871  0.3384739552  1.0000000000
-0.4352581592 -1.7791021914  0.3563136849  1.0000000000
-0.4598593649 -1.4773364339  0.4625233701  1.0000000000
-0.4690244585 -1.3771771055  0.4984045923  1.0000000000
-0.4839365709 -1.2263860026  0.5525373682  1.0000000000
-0.5015778733 -1.0763481674  0.6078417927  1.0000000000
-0.5093882701 -1.0269719156  0.6271398146  1.0000000000
-0.5182776430 -0.9773916124  0.6463451452  1.0000000000
-0.5645202551 -0.7317501166  0.7500190827  1.0000000000
-0.5896082191 -0.5845472293  0.8163100977  1.0000000000
-0.6044398569 -0.4860036312  0.8626814458  1.0000000000
-0.6188768571 -0.3885578215  0.9085814969  1.0000000000
-0.6657793443 -0.0505114352  1.0715205185  1.0000000000
-0.6813636826  0.0411422865  1.1142947077  1.0000000000
-0.6893257985  0.0865712706  1.1355021830  1.0000000000
-0.6982419852  0.1305173454  1.1553396256  1.0000000000
-0.7449732153  0.3473436250  1.2527842985  1.0000000000
-0.4234139234 -2.3850275656  0.1609386268  1.0000000000
-0.4565489914 -2.0378128478  0.2878405794  1.0000000000
-0.4656683249 -1.9388482865  0.3237145678  1.0000000000
-0.4701045381 -1.8891362651  0.3416286031  1.0000000000
-0.4792011876 -1.7899840745  0.3775468790  1.0000000000
-0.4835927250 -1.7403129155  0.3953847508  1.0000000000
-0.4925457012 -1.6406425054  0.4312100195  1.0000000000
-0.4966943460 -1.5902059737  0.4489675150  1.0000000000
-0.5096094479 -1.4393183361  0.5024889850  1.0000000000
-0.5143827336 -1.3893297193  0.5204921242  1.0000000000
-0.5558579138 -1.0402401358  0.6501522993  1.0000000000
-0.5736692209 -0.9418712082  0.6896787014  1.0000000000
-0.5825057986 -0.8928773561  0.7099003048  1.0000000000
-0.6178169190 -0.6971102724  0.7942522591  1.0000000000
-0.6413940986 -0.5507441759  0.8610746020  1.0000000000
-0.6633239348 -0.4044105256  0.9297453413  1.0000000000
-0.7736670112  0.2405753833  1.2294527665  1.0000000000
-0.8037798591  0.3681381216  1.2861756735  1.0000000000
-0.4708843115 -2.3460717739  0.1994444125  1.0000000000
-0.4949832315 -2.0977897938  0.2904942007  1.0000000000
-0.5045001111 -1.9990265886  0.3266283591  1.0000000000
-0.5091363663 -1.9495021118  0.3446494657  1.0000000000
-0.5231318708 -1.8009300695  0.3987572026  1.0000000000
-0.5275974740 -1.7512603904  0.4166520257  1.0000000000
-0.5321018791 -1.7014509812  0.4345898267  1.0000000000
-0.5871165968 -1.1518381932  0.6345624181  1.0000000000
-0.6023717119 -1.0536609531  0.6732595135  1.0000000000
-0.6188107270 -0.9558647158  0.7128678464  1.0000000000
-0.6275582892 -0.9068099782  0.7330405013  1.0000000000
-0.6534681627 -0.7604169197  0.7955913936  1.0000000000
-0.6700645101 -0.6630388530  0.8385398681  1.0000000000
-0.6858904537 -0.5656969647  0.8828605184  1.0000000000
-0.7155937599 -0.3721980817  0.9727572433  1.0000000000
-0.7745918762  0.0047810110  1.1500108431  1.0000000000
-0.8118858210  0.1773770385  1.2260588677  1.0000000000
-0.8307486198  0.2637461175  1.2646003650  1.0000000000
-0.8409038083  0.3057907686  1.2831057294  1.0000000000
-0.8514259288  0.3476167840  1.3014838580  1.0000000000
-0.5381566995 -2.1083796001  0.3112080051  1.0000000000
-0.5716093085 -1.7622936375  0.4378899414  1.0000000000
-0.5855718196 -1.6128774250  0.4920327913  1.0000000000
-0.5904953751 -1.5631608151  0.5102566729  1.0000000000
-0.6002062234 -1.4635041321  0.5465832219  1.0000000000
-0.6055008610 -1.4139659891  0.5649773924  1.0000000000
-0.6107717809 -1.3640766449  0.5832968581  1.0000000000
-0.6332043690 -1.1647368109  0.6571769713  1.0000000000
-0.6407864185 -1.1159331259  0.6766244963  1.0000000000
-0.6483159035 -1.0670599021  0.6961177878  1.0000000000
-0.6643728471 -0.9694491495  0.7357188355  1.0000000000
-0.6899265812 -0.8231428849  0.7973912016  1.0000000000
-0.7064713035 -0.7260774168  0.8393361930  1.0000000000
-0.7224920113 -0.6291450073  0.8826875689  1.0000000000
-0.7377688544 -0.5322760873  0.9270582045  1.0000000000
-0.7455328838 -0.4846107158  0.9485996898  1.0000000000
-0.7605780626 -0.3885815080  0.9931288572  1.0000000000
-0.7681344035 -0.3411628193  1.0150746578  1.0000000000
-0.7751555786 -0.2930007052  1.0377480487  1.0000000000
-0.7824524859 -0.2453064717  1.0601857212  1.0000000000
-0.7974254186 -0.1511161475  1.1043214427  1.0000000000
-0.8053886697 -0.1048640442  1.1256244233  1.0000000000
-0.8303732142  0.0298956120  1.1867719072  1.0000000000
-0.9430302091  0.4893795764  1.3859759340  1.0000000000
-0.5963829736 -1.9711586197  0.3865350704  1.0000000000
-0.6012906241 -1.9217348464  0.4047596475  1.0000000000
-0.6155574089 -1.7733802079  0.4590759760  1.0000000000
-0.6734081349 -1.2269925263  0.6611451420  1.0000000000
-0.6868317172 -1.1292137347  0.6994206556  1.0000000000
-0.7020729666 -1.0315189872  0.7383854020  1.0000000000
-0.7262277101 -0.8859395188  0.7991489728  1.0000000000
-0.7591417812 -0.6921758464  0.8830191597  1.0000000000
-0.8132380164 -0.3569360903  1.0353471616  1.0000000000
-0.8282229219 -0.2626385288  1.0790695099  1.0000000000
-0.8358648387 -0.2155736246  1.1009463876  1.0000000000
-0.9264224293  0.2228528219  1.2955220895  1.0000000000
-0.6297441193 -2.0804780909  0.3708931596  1.0000000000
-0.6547092058 -1.8337776331  0.4621421677  1.0000000000
-0.6596954435 -1.7844928853  0.4804320486  1.0000000000
-0.6647567975 -1.7350111396  0.4987348575  1.0000000000
-0.6748866425 -1.6360668643  0.5353467392  1.0000000000
-0.6901948663 -1.4873431804  0.5902948125  1.0000000000
-0.7017976404 -1.3887354742  0.6277376813  1.0000000000
-0.7399672831 -1.0936741942  0.7414929204  1.0000000000
-0.8115712532 -0.6585060028  0.9266186783  1.0000000000
-0.8349471963 -0.5151990508  0.9910763293  1.0000000000
-0.8583417034 -0.3729700428  1.0556588356  1.0000000000
-0.8741769218 -0.2792094875  1.0982593985  1.0000000000
-0.8819783732 -0.2321967908  1.1200122157  1.0000000000
-0.9739565472  0.2027417147  1.3112311539  1.0000000000
-1.0051550579  0.3269235501  1.3647863705  1.0000000000
-0.6469307567 -2.3374577674  0.2999748361  1.0000000000
-0.6525544614 -2.2886159808  0.3183880864  1.0000000000
-0.6576439867 -2.2391634503  0.3366918942  1.0000000000
-0.6783604438 -2.0419666319  0.4100428758  1.0000000000
-0.6937344785 -1.8941487968  0.4650361881  1.0000000000
-0.6987689844 -1.8448406950  0.4833670731  1.0000000000
-0.7527453517 -1.3516481187  0.6684833394  1.0000000000
-0.7589197430 -1.3025565871  0.6873350222  1.0000000000
-0.7649233155 -1.2531282339  0.7061187704  1.0000000000
-0.7716470786 -1.2044176093  0.7253957146  1.0000000000
-0.7856593289 -1.1071243595  0.7642633826  1.0000000000
-0.8085051797 -0.9619127824  0.8240264046  1.0000000000
-0.8163487859 -0.9136442049  0.8442898103  1.0000000000
-0.8325265219 -0.8171903618  0.8855533549  1.0000000000
-0.8561955279 -0.6732982803  0.9483920034  1.0000000000
-0.8956328232 -0.4356442101  1.0548169488  1.0000000000
-0.9282112604 -0.2490285811  1.1389016279  1.0000000000
-0.9362465407 -0.2026767030  1.1602075116  1.0000000000
-0.9521860945 -0.1108810853  1.2020961826  1.0000000000
-1.0314660187  0.2245792284  1.3451574266  1.0000000000
-0.7216895716 -2.0527638661  0.4307881648  1.0000000000
-0.7323700473 -1.9543607964  0.4676885987  1.0000000000
-0.7637121191 -1.6588877710  0.5783619769  1.0000000000
-0.7692178075 -1.6098108631  0.5969429167  1.0000000000
-0.7744406635 -1.5603849396  0.6153540813  1.0000000000
-0.7802997551 -1.5113323061  0.6341595752  1.0000000000
-0.8042487097 -1.3150387189  0.7095026011  1.0000000000
-0.8239904959 -1.1688629037  0.7671621265  1.0000000000
-0.8311151414 -1.1203292267  0.7867586750  1.0000000000
-0.8930502239 -0.7356434941  0.9493812950  1.0000000000
-0.9008930476 -0.6880347013  0.9700865144  1.0000000000
-0.9492067931 -0.4046990894  1.0959507354  1.0000000000
-0.9823784261 -0.2195127736  1.1790410765  1.0000000000
-0.9902297889 -0.1732696864  1.2002129292  1.0000000000
-1.0487576634  0.0787834716  1.3065737835  1.0000000000
-1.0787131423  0.2044937391  1.3607568095  1.0000000000
-0.7595007564 -2.1127055163  0.4330650263  1.0000000000
-0.7762170707 -1.9652930841  0.4888593833  1.0000000000
-0.7867750488 -1.8669166293  0.5258263728  1.0000000000
-0.7974964344 -1.7687444255  0.5628822790  1.0000000000
-0.8136918665 -1.6213058518  0.6184640965  1.0000000000
-0.8433053506 -1.3764962783  0.7126227981  1.0000000000
-0.8559778237 -1.2789242627  0.7507781771  1.0000000000
-0.8693827695 -1.1819268329  0.7895695162  1.0000000000
-0.8766717173 -1.1337350432  0.8093395864  1.0000000000
-0.9066058922 -0.9410034014  0.8892007923  1.0000000000
-0.9143674055 -0.8932770218  0.9096102725  1.0000000000
-0.9221168591 -0.8454225208  0.9300498072  1.0000000000
-0.9377327076 -0.7499325208  0.9712926608  1.0000000000
-1.0116341959 -0.3285902460  1.1562060183  1.0000000000
-1.0198180596 -0.2821477349  1.1772394831  1.0000000000
-1.0958577155  0.0589965553  1.3223427116  1.0000000000
-0.8307542785 -1.8779687120  0.5470478234  1.0000000000
-0.8701291191 -1.5353839978  0.6777584233  1.0000000000
-0.8882075990 -1.3886627411  0.7344485099  1.0000000000
-0.8945236975 -1.3398839641  0.7534980102  1.0000000000
-0.9013725036 -1.2919033137  0.7731526601  1.0000000000
-0.9442655887 -1.0026522592  0.8915716007  1.0000000000
-0.9592390908 -0.9070938985  0.9317087048  1.0000000000
-0.9670314427 -0.8593448677  0.9522244119  1.0000000000
-0.9902160954 -0.7169404401  1.0137879804  1.0000000000
-0.9980623383 -0.6697201225  1.0344912582  1.0000000000
-1.0057837394 -0.6223207230  1.0554429142  1.0000000000
-1.0221699082 -0.5288721329  1.0963008568  1.0000000000
-0.8858342355 -1.7912060652  0.6055698316  1.0000000000
-0.8973704231 -1.6937293088  0.6430870650  1.0000000000
-0.9894404798 -1.0160440927  0.9138879211  1.0000000000
-1.0124593077 -1.1730118067  0.8764267096  1.0000000000
-1.0270765194 -1.0770862426  0.9161425973  1.0000000000
-1.0490671234 -0.9344696880  0.9761736622  1.0000000000
-1.0561012944 -0.8870721328  0.9960583810  1.0000000000
-1.0637154607 -0.8396247313  1.0163944348  1.0000000000
-1.0944336718 -0.6515441294  1.0983120848  1.0000000000
-0.9622313486 -1.9107719979  0.6107974765  1.0000000000
-0.9862511963 -1.7169131159  0.6861594231  1.0000000000
-1.0163790624 -1.4737628590  0.7807381038  1.0000000000
-1.0233389683 -1.4259052478  0.8004160947  1.0000000000
-1.0506380142 -1.2339561919  0.8789516076  1.0000000000
-1.0427680159 -1.6314383116  0.7455890705  1.0000000000
-1.0547120230 -1.5342276532  0.7833101336  1.0000000000
-1.1020908791 -1.1988077385  0.9207154421  1.0000000000
-0.1818162890  0.7426409193 -1.7205986766  2.0000000000
-0.4261470103  0.8031819200 -1.6961996060  2.0000000000
 0.8082860918  0.3554572229 -1.6846671067  2.0000000000
 0.0270795600  0.6264242406 -1.6735448225  2.0000000000
-0.0723375650  0.6603469045 -1.6730665401  2.0000000000
-0.4730714452  0.7959476305 -1.6726533360  2.0000000000
-1.1856933746  1.0323783091 -1.6767548065  2.0000000000
-1.7510198337  1.1978681291 -1.6943739506  2.0000000000
-2.4286611830  1.3965989071 -1.7163298739  2.0000000000
 1.0604470391  0.2469992007 -1.6628925911  2.0000000000
 0.4746843764  0.4497302725 -1.6544876974  2.0000000000
 0.1800709311  0.5513824903 -1.6509040480  2.0000000000
-1.0177174071  0.9587162098 -1.6489176002  2.0000000000
-1.4657933146  1.0910443904 -1.6623757259  2.0000000000
-1.8050343572  1.1903633283 -1.6731572326  2.0000000000
-2.5961696962  1.4223874827 -1.6988299618  2.0000000000
 1.1185420948  0.2059723423 -1.6378248737  2.0000000000
 1.0221933915  0.2396536674 -1.6360565102  2.0000000000
 0.7279451150  0.3410090958 -1.6321447035  2.0000000000
 0.3344219840  0.4763248594 -1.6276504988  2.0000000000
 0.1369585093  0.5440489943 -1.6256702861  2.0000000000
-0.1644935312  0.6454554926 -1.6247615643  2.0000000000
-0.2648033697  0.6793651844 -1.6246640661  2.0000000000
-1.1835164090  0.9841431959 -1.6305953656  2.0000000000
-2.4244761604  1.3486682741 -1.6701408497  2.0000000000
 0.8848570063  0.2661345895 -1.6077656003  2.0000000000
 0.6878296141  0.3337288255 -1.6054599584  2.0000000000
 0.4902787386  0.4013046788 -1.6035223580  2.0000000000
 0.0934274425  0.5367197038 -1.6003891008  2.0000000000
-0.1082862553  0.6043176842 -1.6001895551  2.0000000000
-1.0167491954  0.9101145410 -1.6026778105  2.0000000000
-1.3510901454  1.0096570892 -1.6124466623  2.0000000000
-2.5923065859  1.3743693322 -1.6525651294  2.0000000000
-2.9302051489  1.4735784151 -1.6643014529  2.0000000000
 0.7461110537  0.2926291160 -1.5800335976  2.0000000000
 0.3499279944  0.4278761699 -1.5765854966  2.0000000000
-0.3596215344  0.6643866177 -1.5770409534  2.0000000000
-0.9615947455  0.8692053741 -1.5779052237  2.0000000000
-1.1828172770  0.9356343958 -1.5841453295  2.0000000000
-1.2944616637  0.9688328993 -1.5873796350  2.0000000000
-1.6306981507  1.0683673452 -1.5977765508  2.0000000000
-1.7434229692  1.1015951295 -1.6014035470  2.0000000000
-2.4207119940  1.3005044254 -1.6237520245  2.0000000000
 1.2915352107  0.0822930642 -1.5632877429  2.0000000000
 1.0031733229  0.1838290065 -1.5564873543  2.0000000000
 0.3080959553  0.4205789187 -1.5505396804  2.0000000000
 0.0049909984  0.5220442841 -1.5504181864  2.0000000000
-0.3014348452  0.6233344177 -1.5516126869  2.0000000000
-1.3503458823  0.9612476507 -1.5658246520  2.0000000000
-2.1367178177  1.1935837861 -1.5910323551  2.0000000000
-2.5883999246  1.3261676632 -1.6061988343  2.0000000000
-3.1525084910  1.4918202406 -1.6259710630  2.0000000000
 0.4675550620  0.3456570798 -1.5248641906  2.0000000000
 0.1661028126  0.4471138621 -1.5241378819  2.0000000000
-0.0372191943  0.5147201670 -1.5246029151  2.0000000000
-0.9634057629  0.8200428270 -1.5320709750  2.0000000000
-1.1822240472  0.8871179349 -1.5376098833  2.0000000000
-1.4053561815  0.9537071474 -1.5439087444  2.0000000000
-2.5300825111  1.2855265345 -1.5809414783  2.0000000000
 0.9263499028  0.1690312599 -1.5019139641  2.0000000000
 0.6292835863  0.2706009266 -1.4986624421  2.0000000000
 0.4285914956  0.3383691225 -1.4979085343  2.0000000000
-0.0807175520  0.5073891848 -1.4992955594  2.0000000000
-0.1853651263  0.5412131142 -1.5006427412  2.0000000000
-0.4988392869  0.6424487840 -1.5046114864  2.0000000000
-1.3467065145  0.9129025455 -1.5183470227  2.0000000000
-1.7953327539  1.0459225913 -1.5328591984  2.0000000000
-2.6976511708  1.3111770415 -1.5635509054  2.0000000000
 1.4627870069 -0.0416095276 -1.4894703819  2.0000000000
 1.3695597269 -0.0077259502 -1.4860534813  2.0000000000
 0.2878276958  0.3648857062 -1.4709699277  2.0000000000
-0.2287495718  0.5339056624 -1.4752829909  2.0000000000
-1.0711771243  0.8048050644 -1.4881138661  2.0000000000
-1.9622879147  1.0717126842 -1.5148851788  2.0000000000
-2.8660584595  1.3370719416 -1.5463601477  2.0000000000
-3.0925718186  1.4036567718 -1.5543404854  2.0000000000
 1.2366332494  0.0187002548 -1.4557727156  2.0000000000
 0.9485013413  0.1203761879 -1.4485175989  2.0000000000
 0.8523274384  0.1542885085 -1.4463110407  2.0000000000
 0.7531490607  0.1881556175 -1.4453803901  2.0000000000
 0.3500880616  0.3237115997 -1.4439678832  2.0000000000
 0.0417286525  0.4251768938 -1.4458673683  2.0000000000
-0.0619730986  0.4590194144 -1.4468910951  2.0000000000
-0.4850313548  0.5941391090 -1.4539939466  2.0000000000
-0.6982276603  0.6615803762 -1.4582170514  2.0000000000
-0.8018484658  0.6956003445 -1.4592792392  2.0000000000
-2.2427319610  1.1307058544 -1.5010852778  2.0000000000
-2.6945961782  1.2633836451 -1.5170390529  2.0000000000
-2.8075960006  1.2964811676 -1.5210471374  2.0000000000
 1.6662924237 -0.1581833412 -1.4449217901  2.0000000000
 1.4835865200 -0.0903682319 -1.4368949661  2.0000000000
 1.2970723534 -0.0225620042 -1.4299386050  2.0000000000
 1.0096696520  0.0790919281 -1.4222788843  2.0000000000
 0.9135425304  0.1130552566 -1.4198912136  2.0000000000
 0.7157469489  0.1807740812 -1.4177592785  2.0000000000
 0.1047313931  0.3840620868 -1.4185083413  2.0000000000
 0.0001074794  0.4178892357 -1.4198452964  2.0000000000
-0.3161111809  0.5193569547 -1.4248441179  2.0000000000
-0.5297261723  0.5869170024 -1.4291421549  2.0000000000
-0.6359298910  0.6206648453 -1.4311457089  2.0000000000
-1.6209570977  0.9239548554 -1.4559420180  2.0000000000
-1.8456675072  0.9905549518 -1.4635919520  2.0000000000
-2.0716282317  1.0569793199 -1.4715348079  2.0000000000
-2.5231250849  1.1897846655 -1.4874862209  2.0000000000
-2.6369867764  1.2230591787 -1.4915748617  2.0000000000
 1.7227852162 -0.1996275344 -1.4205497644  2.0000000000
 1.4493720542 -0.0979262257 -1.4078089161  2.0000000000
 1.3562852984 -0.0639396338 -1.4042521421  2.0000000000
 1.1670120893  0.0039346563 -1.3984437913  2.0000000000
 0.5785910621  0.2073904645 -1.3893530215  2.0000000000
 0.3755724657  0.2751898061 -1.3891208277  2.0000000000
 0.2739037635  0.3090679535 -1.3894239983  2.0000000000
 0.0658642920  0.3767540554 -1.3916495264  2.0000000000
-0.0390616860  0.4106002977 -1.3930405226  2.0000000000
-0.1453382582  0.4444152434 -1.3950272946  2.0000000000
-0.2517049708  0.4782527231 -1.3970002213  2.0000000000
-0.5742948123  0.5796522127 -1.4042349074  2.0000000000
-0.6824657610  0.6134380020 -1.4068459062  2.0000000000
-1.3370974125  0.8164480031 -1.4227052155  2.0000000000
-1.4495357598  0.8498101820 -1.4264719101  2.0000000000
-1.7869649685  0.9499567991 -1.4377575423  2.0000000000
-2.6921815168  1.2158798085 -1.4702521414  2.0000000000
-3.1455023342  1.3485304389 -1.4867927101  2.0000000000
 1.7797755652 -0.2411369908 -1.3959533456  2.0000000000
 1.1327031714 -0.0034742157 -1.3694647001  2.0000000000
 1.0367242776  0.0304933937 -1.3671013650  2.0000000000
 0.9404416022  0.0644173204 -1.3648892214  2.0000000000
 0.6445430992  0.1662182130 -1.3612797146  2.0000000000
 0.4411753118  0.2339908611 -1.3612471478  2.0000000000
 0.3395888789  0.2678975985 -1.3612987018  2.0000000000
 0.1318437765  0.3356128027 -1.3633040123  2.0000000000
-0.5099661787  0.5386575924 -1.3764154111  2.0000000000
-0.6181496506  0.5724270513 -1.3790870438  2.0000000000
-0.7282592693  0.6061877781 -1.3823470838  2.0000000000
-0.8372540753  0.6399139206 -1.3853217348  2.0000000000
-1.3898405660  0.8090765212 -1.4004089635  2.0000000000
-2.0677265773  1.0092965970 -1.4241074884  2.0000000000
-3.7616900302  1.5062882618 -1.4858904877  2.0000000000
 0.9059038054  0.0571014858 -1.3362202123  2.0000000000
 0.8083202318  0.0910690545 -1.3345866989  2.0000000000
 0.7096547331  0.1249792705 -1.3334093572  2.0000000000
 0.3034670225  0.2606216158 -1.3333627796  2.0000000000
 0.1990665270  0.2944475686 -1.3345809879  2.0000000000
-0.1173960291  0.3960311390 -1.3395121824  2.0000000000
-0.2266189801  0.4298891893 -1.3424821010  2.0000000000
-0.3358200820  0.4637624838 -1.3454587018  2.0000000000
-0.9965932009  0.6664873386 -1.3647390477  2.0000000000
-1.6675958990  0.8686238439 -1.3855277128  2.0000000000
-3.1444215439  1.3012126712 -1.4401941433  2.0000000000
 1.9815031815 -0.3581753407 -1.3521682312  2.0000000000
 1.0660212479 -0.0184027407 -1.3106880946  2.0000000000
 0.8729413731  0.0497103467 -1.3067831274  2.0000000000
 0.5755064888  0.1516387923 -1.3040117996  2.0000000000
 0.4736390566  0.1855586162 -1.3041744191  2.0000000000
 0.3714244500  0.2194894904 -1.3044836196  2.0000000000
-0.0484656380  0.3548984381 -1.3101190408  2.0000000000
-0.2648748137  0.4226105087 -1.3153903413  2.0000000000
-0.4870085599  0.4903799998 -1.3225983642  2.0000000000
-0.9304691057  0.6254668818 -1.3366374126  2.0000000000
-1.3805084496  0.7606472853 -1.3512934600  2.0000000000
-1.7209046167  0.8613350713 -1.3633835954  2.0000000000
-1.8350531408  0.8948746199 -1.3676321487  2.0000000000
-1.9485642485  0.9282428814 -1.3717971607  2.0000000000
-2.4044322955  1.0615677674 -1.3892631093  2.0000000000
-2.5178559211  1.0948168812 -1.3935058380  2.0000000000
-3.2003018240  1.2940582588 -1.4190006060  2.0000000000
 1.8615629685 -0.3319981338 -1.3168852104  2.0000000000
 1.7724235641 -0.2981341948 -1.3116467952  2.0000000000
 1.6825315428 -0.2642674201 -1.3065882689  2.0000000000
 1.4997404367 -0.1962218909 -1.2977960981  2.0000000000
 1.3162380559 -0.1281135629 -1.2896110316  2.0000000000
 0.7426753529  0.0765093464 -1.2758501372  2.0000000000
 0.6430819329  0.1104190909 -1.2751038524  2.0000000000
 0.2327412237  0.2461025647 -1.2771599327  2.0000000000
 0.1269774573  0.2799389015 -1.2788080222  2.0000000000
-0.0850457107  0.3476210731 -1.2824172461  2.0000000000
-0.4167850337  0.4492703648 -1.2927324489  2.0000000000
-0.6406410917  0.5170163070 -1.3005479892  2.0000000000
-0.7512304364  0.5507834434 -1.3040504634  2.0000000000
-1.2045451997  0.6859020365 -1.3204999328  2.0000000000
-1.5439406877  0.7870947344 -1.3321182848  2.0000000000
-2.1171966125  0.9544138956 -1.3543783654  2.0000000000
 1.7400290840 -0.3059391103 -1.2816706816  2.0000000000
 1.1896941307 -0.1015284337 -1.2568572260  2.0000000000
 1.0963469999 -0.0673986672 -1.2536107902  2.0000000000
 1.0024749219 -0.0332357873 -1.2508118190  2.0000000000
 0.5086355006  0.1371012521 -1.2459840820  2.0000000000
 0.3025953895  0.2049563824 -1.2474279145  2.0000000000
 0.0926578312  0.2727025449 -1.2503281505  2.0000000000
-0.0145420733  0.3065275574 -1.2525479333  2.0000000000
-0.1206988644  0.3403631877 -1.2544610634  2.0000000000
-1.5955348967  0.7798337381 -1.3094641647  2.0000000000
-1.7101351536  0.8133985998 -1.3137821483  2.0000000000
-1.9417335827  0.8804517456 -1.3232619919  2.0000000000
-2.1719364862  0.9473766729 -1.3325816293  2.0000000000
-2.4004721708  1.0140807868 -1.3417125830  2.0000000000
-2.8570635161  1.1471763419 -1.3593603514  2.0000000000
-3.6492822111  1.3789209797 -1.3890446129  2.0000000000
 1.7970846299 -0.3476420683 -1.2570055764  2.0000000000
 1.5271656790 -0.2456424625 -1.2419267344  2.0000000000
 0.8752670371 -0.0064511290 -1.2187292200  2.0000000000
 0.6782451643  0.0617962937 -1.2165608596  2.0000000000
 0.4767636191  0.1298643616 -1.2164434867  2.0000000000
 0.3736023421  0.1638241981 -1.2172689851  2.0000000000
 0.1644656467  0.2316150342 -1.2199988001  2.0000000000
-0.1561954935  0.3330548004 -1.2264658197  2.0000000000
-0.2688157087  0.3669814998 -1.2305219319  2.0000000000
-0.7257371460  0.5026113504 -1.2492550906  2.0000000000
-0.8390366514  0.5364160843 -1.2537125811  2.0000000000
-0.9541518234  0.5701756352 -1.2587875237  2.0000000000
-1.5292261314  0.7390130202 -1.2814146189  2.0000000000
-1.6447198005  0.7726718377 -1.2860077650  2.0000000000
-2.1116043708  0.9068707787 -1.3060601135  2.0000000000
-2.4563079648  1.0071102160 -1.3201320816  2.0000000000
-2.7988684129  1.1068920487 -1.3336836906  2.0000000000
-3.0274303303  1.1734047901 -1.3423639024  2.0000000000
 1.9407074719 -0.4232969610 -1.2383554892  2.0000000000
 1.5859271040 -0.2876354240 -1.2166234015  2.0000000000
 1.1288838605 -0.1165889740 -1.1959329953  2.0000000000
 0.8448885790 -0.0138259789 -1.1883794723  2.0000000000
 0.6479620276  0.0545481495 -1.1864353593  2.0000000000
 0.5476036300  0.0886562802 -1.1861707952  2.0000000000
 0.4453456511  0.1226666615 -1.1867412732  2.0000000000
 0.3413461117  0.1566399221 -1.1880233118  2.0000000000
 0.1319093965  0.2244102025 -1.1909462928  2.0000000000
-0.0826515873  0.2920474639 -1.1956370250  2.0000000000
-0.1912567241  0.3258214101 -1.1982423287  2.0000000000
-0.7680047502  0.4954546996 -1.2235107051  2.0000000000
-0.8846739337  0.5292805191 -1.2290937602  2.0000000000
-1.9313129884  0.8326389177 -1.2738015657  2.0000000000
-2.0472806279  0.8661270995 -1.2786413914  2.0000000000
-2.5124966278  1.0001756562 -1.2987158396  2.0000000000
-2.6267831125  1.0335262375 -1.3032224277  2.0000000000
-3.3124660983  1.2329270353 -1.3298692065  2.0000000000
-3.4260724862  1.2660734391 -1.3342327388  2.0000000000
 1.9943655403 -0.4654529282 -1.2151286038  2.0000000000
 1.5542528715 -0.2954648351 -1.1864264062  2.0000000000
 1.3748665989 -0.2268997974 -1.1766601429  2.0000000000
 1.2833331528 -0.1926044998 -1.1724967143  2.0000000000
 1.1915736690 -0.1583968981 -1.1686659353  2.0000000000
 1.0055249787 -0.0897551802 -1.1624557543  2.0000000000
 0.8170046589 -0.0211062312 -1.1571921660  2.0000000000
 0.7187189878  0.0131080273 -1.1561326859  2.0000000000
 0.5192648031  0.0815465323 -1.1552929022  2.0000000000
 0.3115605269  0.1495067990 -1.1577841004  2.0000000000
 0.2052530750  0.1833875384 -1.1600328085  2.0000000000
 0.0994607214  0.2172127785 -1.1618594033  2.0000000000
-0.0079269247  0.2510169038 -1.1642480207  2.0000000000
-0.5735821020  0.4203804404 -1.1855585600  2.0000000000
-0.6906944948  0.4543220204 -1.1913006474  2.0000000000
-1.3929628362  0.6572491435 -1.2241869549  2.0000000000
-1.7456169553  0.7582797826 -1.2400615899  2.0000000000
-2.1038232109  0.8593075977 -1.2572196154  2.0000000000
-3.0273601156  1.1264171169 -1.2954901659  2.0000000000
-3.3690516157  1.2259978970 -1.3086960671  2.0000000000
 1.6127473572 -0.3375156781 -1.1611680272  2.0000000000
 1.5234103103 -0.3033442731 -1.1559914084  2.0000000000
 1.2533345891 -0.2002987523 -1.1419237055  2.0000000000
 1.1623566754 -0.1659741665 -1.1378837587  2.0000000000
 1.0716456206 -0.1315567026 -1.1338784781  2.0000000000
 0.9782820080 -0.0971313562 -1.1308814579  2.0000000000
 0.7887411644 -0.0284519663 -1.1262112370  2.0000000000
 0.4915850505  0.0744750751 -1.1242825166  2.0000000000
 0.1767622366  0.1762843213 -1.1292752258  2.0000000000
 0.0691380578  0.2100819694 -1.1320475786  2.0000000000
-0.0394492940  0.2438581274 -1.1349940125  2.0000000000
-0.2589921689  0.3113428122 -1.1411343000  2.0000000000
-0.8547254368  0.4813088088 -1.1728300284  2.0000000000
-1.0887611863  0.5488848452 -1.1842083553  2.0000000000
-1.6760124810  0.7174956266 -1.2112592945  2.0000000000
-2.5085408278  0.9529161156 -1.2507848129  2.0000000000
-2.9700276918  1.0863457088 -1.2698150936  2.0000000000
 1.5807383990 -0.3455293961 -1.1310912955  2.0000000000
 1.2255481433 -0.2079360245 -1.1104811352  2.0000000000
 0.7676153166 -0.0355911017 -1.0925076423  2.0000000000
 0.3617732645  0.1014794388 -1.0937436738  2.0000000000
-0.0708549127  0.2366904702 -1.1053828573  2.0000000000
-0.1815301833  0.2704262334 -1.1089506693  2.0000000000
-0.2918821097  0.3040834219 -1.1123636901  2.0000000000
-0.4069437941  0.3379304651 -1.1173721080  2.0000000000
-1.2512540487  0.5756683772 -1.1652778526  2.0000000000
-1.7239395268  0.7103045129 -1.1879884917  2.0000000000
-2.5643178781  0.9461074038 -1.2294739641  2.0000000000
-2.9118167340  1.0462135622 -1.2439363824  2.0000000000
-3.2556634306  1.1459916516 -1.2576675716  2.0000000000
-3.4821896241  1.2121652334 -1.2666239272  2.0000000000
 1.6365152670 -0.3876625441 -1.1069537123  2.0000000000
 1.2862845102 -0.2500875391 -1.0840686031  2.0000000000
 1.1980958003 -0.2155601698 -1.0789308644  2.0000000000
 1.1083403622 -0.1810345475 -1.0745648250  2.0000000000
 0.7420091830 -0.0426816718 -1.0603741724  2.0000000000
 0.3397347509  0.0943545635 -1.0603618074  2.0000000000
 0.1208683341  0.1620642412 -1.0675607304  2.0000000000
-0.1003305644  0.2295721745 -1.0754452374  2.0000000000
-0.2113211531  0.2633009318 -1.0792656871  2.0000000000
-0.3224457859  0.2968940245 -1.0829923787  2.0000000000
-1.2950952281  0.5687647867 -1.1407281044  2.0000000000
-3.0823711896  1.0726496101 -1.2273986722  2.0000000000
 1.6065580937 -0.3957350209 -1.0761094265  2.0000000000
 1.5203852358 -0.3614477448 -1.0697104686  2.0000000000
 1.4328929679 -0.3270593555 -1.0640143616  2.0000000000
 1.3457436627 -0.2923845366 -1.0583222073  2.0000000000
 0.9010519099 -0.1191687024 -1.0347022101  2.0000000000
 0.2090277102  0.1212650319 -1.0304440133  2.0000000000
 0.0913885954  0.1550017799 -1.0377814443  2.0000000000
 2.1718180977 -0.6404749168 -1.0967675748  2.0000000000
 1.9195954434 -0.5401739013 -1.0730357254  2.0000000000
 1.7470664806 -0.4721522284 -1.0594795120  2.0000000000
 1.6624013562 -0.4378954555 -1.0521359746  2.0000000000
 1.4037041571 -0.3350882724 -1.0326607785  2.0000000000
 1.1435420266 -0.2307987851 -1.0156760116  2.0000000000
 1.0547533801 -0.1960133063 -1.0109865265  2.0000000000
 0.7856143648 -0.0916501682 -0.9984571456  2.0000000000
 0.5013538028  0.0120966783 -0.9919428116  2.0000000000
 2.0560589305 -0.6159191955 -1.0584534222  2.0000000000
 1.8861320498 -0.5483178879 -1.0432536484  2.0000000000
 1.5464908517 -0.4118904345 -1.0140760319  2.0000000000
 1.4611712325 -0.3775877934 -1.0073056191  2.0000000000
 1.1162687783 -0.2385301805 -0.9837484359  2.0000000000
 0.8516823171 -0.1337634451 -0.9697701028  2.0000000000
 0.6715779461 -0.0639982555 -0.9618966401  2.0000000000
 0.4844818635  0.0053560176 -0.9568690337  2.0000000000
 0.3854419516  0.0397385661 -0.9564000616  2.0000000000
-0.1857061238  0.2083235827 -0.9860883992  2.0000000000
 1.5999110187 -0.4546296693 -0.9901914075  2.0000000000
 1.5167454253 -0.4199982730 -0.9827641706  2.0000000000
 1.0902966470 -0.2460978057 -0.9516169199  2.0000000000
 1.0032117356 -0.2111550939 -0.9463943287  2.0000000000
 0.6497528859 -0.0710864827 -0.9283501009  2.0000000000
 0.4684519875 -0.0012919211 -0.9214435506  2.0000000000
 0.3719484839  0.0332293318 -0.9201895617  2.0000000000
 2.1594382860 -0.7007842509 -1.0130163369  2.0000000000
 1.9056629473 -0.5999232970 -0.9891314832  2.0000000000
 1.4019013295 -0.3938006369 -0.9445012308  2.0000000000
 1.3190267352 -0.3590373633 -0.9374808211  2.0000000000
 0.4536523237 -0.0078553335 -0.8857143979  2.0000000000
 1.9582588169 -0.6426719453 -0.9664767955  2.0000000000
 1.3723696910 -0.4020923483 -0.9128929141  2.0000000000
 1.2050146109 -0.3320382648 -0.8997088485  2.0000000000
 0.6973546440 -0.1203607914 -0.8646589920  2.0000000000
 0.4363733031 -0.0145210271 -0.8506635710  2.0000000000
 2.2563461394 -0.7857182211 -0.9681149346  2.0000000000
 2.0097704968 -0.6853690663 -0.9438574000  2.0000000000
 1.9251302529 -0.6518200677 -0.9358161329  2.0000000000
 1.8396032021 -0.6179451175 -0.9278302709  2.0000000000
 1.6736871530 -0.5490573512 -0.9119257023  2.0000000000
 1.3415908739 -0.4105053086 -0.8815230827  2.0000000000
 1.2612871764 -0.3752212796 -0.8741502542  2.0000000000
 1.0131519853 -0.2691369476 -0.8542420075  2.0000000000
 0.8464120497 -0.1982545194 -0.8418248170  2.0000000000
 0.6747438333 -0.1276925194 -0.8312462265  2.0000000000
 0.5062363837 -0.0566836375 -0.8204087724  2.0000000000
 0.4217489844 -0.0211572008 -0.8148563492  2.0000000000
 0.3388506053  0.0143848235 -0.8089752724  2.0000000000
 0.2550612288  0.0494210646 -0.8037736000  2.0000000000
 1.7242875337 -0.5925929950 -0.8888888959  2.0000000000
 1.3924058982 -0.4540847999 -0.8575091716  2.0000000000
 1.2328993501 -0.3832967504 -0.8423347133  2.0000000000
 1.1527110243 -0.3477718281 -0.8348967140  2.0000000000
 0.7373793104 -0.1704503474 -0.8031602734  2.0000000000
 0.6549077069 -0.1347839394 -0.7971912667  2.0000000000
 0.5712904987 -0.0992226059 -0.7915722114  2.0000000000
 1.6931982040 -0.6016865974 -0.8580605133  2.0000000000
 1.3628533795 -0.4626150933 -0.8259977745  2.0000000000
 1.2841203045 -0.4271099371 -0.8182234219  2.0000000000
 1.2044706480 -0.3915483000 -0.8106438117  2.0000000000
 1.0461356881 -0.3200201400 -0.7950435013  2.0000000000
 0.8817463109 -0.2489470217 -0.7817346339  2.0000000000
 0.5548994688 -0.1059302864 -0.7563882920  2.0000000000
 0.4771580017 -0.0696021097 -0.7487712355  2.0000000000
 0.3149057209  0.0020448215 -0.7354139517  2.0000000000
 1.9107262659 -0.7138515143 -0.8522725327  2.0000000000
 1.4160548799 -0.5058671112 -0.8020513953  2.0000000000
 1.1785943085 -0.3994944895 -0.7779344459  2.0000000000
 0.7764600980 -0.2209720812 -0.7419801318  2.0000000000
 0.6944013388 -0.1852995828 -0.7358357309  2.0000000000
 0.3022496625 -0.0042203408 -0.6987930085  2.0000000000
 1.7094623968 -0.6552511125 -0.8047572041  2.0000000000
 1.3052237344 -0.4796453439 -0.7628515516  2.0000000000
 0.9962981075 -0.3356028087 -0.7292387384  2.0000000000
 0.8362762602 -0.2640656692 -0.7147617301  2.0000000000
 1.7585997312 -0.6995464576 -0.7830782710  2.0000000000
 1.3535867714 -0.5240836551 -0.7395990885  2.0000000000
 1.2776123397 -0.4880324322 -0.7307700179  2.0000000000
 0.9711418511 -0.3434651876 -0.6961673254  2.0000000000
 0.8940903797 -0.3073694096 -0.6881266113  2.0000000000
 0.8141835156 -0.2715523545 -0.6809839712  2.0000000000
 0.7346124300 -0.2358660615 -0.6739379843  2.0000000000
 1.8051209053 -0.7442890174 -0.7617353760  2.0000000000
 1.7248994361 -0.7092269708 -0.7524861331  2.0000000000
 1.6461424288 -0.6737094636 -0.7429919546  2.0000000000
 1.3259602457 -0.5325652484 -0.7077324944  2.0000000000
 1.1741668079 -0.4601465666 -0.6897949467  2.0000000000
 1.0232639962 -0.3875222577 -0.6716491299  2.0000000000
 0.7939267207 -0.2788440562 -0.6465928091  2.0000000000
 0.3507744882 -0.0573355583 -0.5931798767  2.0000000000
 1.5333234936 -0.6478680494 -0.7028667253  2.0000000000
 1.3729756682 -0.5773344950 -0.6853849076  2.0000000000
 0.9975815143 -0.3956248291 -0.6388250126  2.0000000000
 0.8496668384 -0.3223720181 -0.6205490760  2.0000000000
 0.7748024799 -0.2859363422 -0.6118682776  2.0000000000
 0.4781877325 -0.1385303500 -0.5767372483  2.0000000000
 0.4119611170 -0.1003481649 -0.5653217325  2.0000000000
 1.6551707380 -0.7289388503 -0.6914039735  2.0000000000
 1.5766033120 -0.6933929623 -0.6819284011  2.0000000000
 1.4995142874 -0.6575144802 -0.6721136526  2.0000000000
 1.3444842613 -0.5860380510 -0.6534447641  2.0000000000
 1.1191005843 -0.4772230679 -0.6250282909  2.0000000000
 0.9005631690 -0.3666801824 -0.5959823044  2.0000000000
 0.8291135020 -0.3296209340 -0.5861859810  2.0000000000
 1.6932807119 -0.7753976208 -0.6713336365  2.0000000000
 1.4651794985 -0.6672470975 -0.6412814952  2.0000000000
 1.3145663099 -0.5950578638 -0.6217211316  2.0000000000
 0.8787522646 -0.3741656554 -0.5620410572  2.0000000000
 0.7373427936 -0.2997823131 -0.5419771094  2.0000000000
 0.4576264448 -0.1498769660 -0.5013298163  2.0000000000
 1.2844194933 -0.6042187344 -0.5898249081  2.0000000000
 0.9920088655 -0.4574901108 -0.5501269660  2.0000000000
 0.8572130016 -0.3815480761 -0.5280655654  2.0000000000
 0.7191945024 -0.3066349927 -0.5068115809  2.0000000000
 0.5763911918 -0.2322980188 -0.4874724614  2.0000000000
 1.4710371531 -0.7232421338 -0.5900318024  2.0000000000
 1.1780540164 -0.5773234468 -0.5485772190  2.0000000000
 1.1090838707 -0.5400112578 -0.5374965611  2.0000000000
 0.6961052235 -0.3145583492 -0.4730229762  2.0000000000
 0.6301284170 -0.2763231191 -0.4619144803  2.0000000000
 1.6564090458 -0.8422221930 -0.5906747673  2.0000000000
 1.3645552664 -0.6965416753 -0.5481188367  2.0000000000
 0.2240837042 -0.0531636521 -0.3561545894  2.0000000000
 1.6195369933 -0.8525894894 -0.5602491163  2.0000000000
 1.3289894297 -0.7065669429 -0.5173295789  2.0000000000
 1.0489032663 -0.5583388386 -0.4736057889  2.0000000000
 0.5270453803 -0.2524183208 -0.3798871040  2.0000000000
 0.2751556340 -0.0976492235 -0.3312113081  2.0000000000
 0.1493839881 -0.0206565878 -0.3070815794  2.0000000000
 1.0835357606 -0.6056878934 -0.4535682645  2.0000000000
 0.8878623540 -0.4913334608 -0.4181202479  2.0000000000
 1.1230990500 -0.6520963033 -0.4327641397  2.0000000000
 0.9261557709 -0.5381512469 -0.3970878976  2.0000000000
 0.7363261288 -0.4222908307 -0.3600497928  2.0000000000
 0.1858415539 -0.0711801515 -0.2455091308  2.0000000000
 1.4326839779 -0.8486039951 -0.4593345282  2.0000000000
 1.2216572268 -0.7378289813 -0.4256467548  2.0000000000
 1.0876594778 -0.6624743224 -0.4020586662  2.0000000000
 0.8952534625 -0.5475993439 -0.3653677006  2.0000000000
 0.7762831337 -0.4689350809 -0.3384510368  2.0000000000
 0.5930704416 -0.3516462902 -0.2997846538  2.0000000000
 0.5332980535 -0.3123324506 -0.2867253768  2.0000000000
 0.4772204101 -0.2723762430 -0.2725424434  2.0000000000
 0.1724085241 -0.0770689364 -0.2087934824  2.0000000000
 1.0528560775 -0.6727380300 -0.3711343117  2.0000000000
 0.9893765245 -0.6344104838 -0.3587398905  2.0000000000
 0.8673877354 -0.5565453680 -0.3326673033  2.0000000000
 0.5731464392 -0.3589569151 -0.2649890982  2.0000000000
 0.4577073022 -0.2795201566 -0.2375392128  2.0000000000
 0.1048681354 -0.0427861972 -0.1573932555  2.0000000000
 0.9552940052 -0.6445921752 -0.3276371207  2.0000000000
 0.3859242193 -0.2460597856 -0.1871986876  2.0000000000
 1.1775022031 -0.8075644807 -0.3463974680  2.0000000000
 1.1108203121 -0.7698674333 -0.3343741647  2.0000000000
 0.9241119413 -0.6541484583 -0.2959136477  2.0000000000
 0.5803058661 -0.4154398023 -0.2121796654  2.0000000000
 1.1357693389 -0.8192392988 -0.3168994462  2.0000000000
 0.7186847332 -0.5452200504 -0.2228039090  2.0000000000
 0.6616289998 -0.5053568561 -0.2088007780  2.0000000000
 0.6076374692 -0.4647235884 -0.1939970305  2.0000000000
 0.5033485184 -0.3827145799 -0.1635023212  2.0000000000
 0.4523925117 -0.3414365161 -0.1479123453  2.0000000000
 0.3990018324 -0.3007884235 -0.1328657750  2.0000000000
 0.2912645481 -0.2199748451 -0.1030621903  2.0000000000
 0.1765544601 -0.1403311863 -0.0755830058  2.0000000000
 0.9742647231 -0.7530118572 -0.2607155567  2.0000000000
 0.9128081974 -0.7144345717 -0.2476852742  2.0000000000
 0.7990471978 -0.6349828119 -0.2196135269  2.0000000000
 0.3277872743 -0.2668919476 -0.0825779562  2.0000000000
 0.2745088358 -0.2263120634 -0.0674947477  2.0000000000
 0.2209606740 -0.1858872119 -0.0524544385  2.0000000000
 0.5511425467 -0.4830936226 -0.1289653159  2.0000000000
 0.4089227065 -0.3565148915 -0.0795798749  2.0000000000
 0.3618989641 -0.3142839431 -0.0629012140  2.0000000000
 0.3093392058 -0.2736103175 -0.0475716193  2.0000000000
 0.2575526080 -0.2327155176 -0.0319744266  2.0000000000
 0.0976261733 -0.1112380669  0.0133722378  2.0000000000
 0.8986476449 -0.7750394854 -0.2000580275  2.0000000000
 0.8421358554 -0.7354102001 -0.1859538915  2.0000000000
 0.6259890822 -0.5743179913 -0.1271606428  2.0000000000
 0.2926700709 -0.2798881966 -0.0120505663  2.0000000000
 0.2425326437 -0.2386659458  0.0041623876  2.0000000000
-0.0185141443 -0.0357086473  0.0812096218  2.0000000000
 0.9727108260 -0.8650131514 -0.1981725548  2.0000000000
 0.8042905465 -0.7466043147 -0.1556743940  2.0000000000
 0.6465704461 -0.6249439800 -0.1106521603  2.0000000000
 0.1222290809 -0.1634530541  0.0712504294  2.0000000000
 0.9841677521 -0.9169042149 -0.1831194283  2.0000000000
 0.7677042815 -0.7574753569 -0.1251210441  2.0000000000
 0.4636471281 -0.5116635068 -0.0323554684  2.0000000000
 0.1089073306 -0.1689968567  0.1080643309  2.0000000000
 0.0098993717 -0.0867533925  0.1405765870  2.0000000000
 0.8343766090 -0.8492321762 -0.1247064260  2.0000000000
 0.6821535809 -0.7272257261 -0.0788195962  2.0000000000
 0.3864181619 -0.4793646348  0.0160409145  2.0000000000
 0.0933112598 -0.1751031877  0.1441799014  2.0000000000
 0.4500031965 -0.5731682122  0.0151528150  2.0000000000
 0.1288057116 -0.2219022930  0.1643787650  2.0000000000
 0.4670317307 -0.6246024658  0.0307973102  2.0000000000
 0.3363088892 -0.4969879065  0.0824566367  2.0000000000
 0.0552972237 -0.1889903749  0.2146055862  2.0000000000
-0.0262130358 -0.1018675680  0.2527398834  2.0000000000
 0.6160336540 -0.8030632516 -0.0040460391  2.0000000000
 0.8294213525 -1.0155575313 -0.0500024208  2.0000000000
 0.3982306822 -0.6460795234  0.0928366464  2.0000000000
 0.3507402195 -0.6045239499  0.1088489766  2.0000000000
-0.0215884787 -0.1592696425  0.3040678839  2.0000000000
-0.0979933708 -0.0710594568  0.3435473444  2.0000000000
 0.6375155864 -0.9079125250  0.0248905018  2.0000000000
 0.2441553823 -0.5268306651  0.1774200065  2.0000000000
 0.3250920292 -0.6688283204  0.1534584769  2.0000000000
 0.2496442036 -0.5810408797  0.1903029740  2.0000000000
 0.2147294536 -0.5365038469  0.2093966242  2.0000000000
 0.1440298437 -0.4468757846  0.2488697045  2.0000000000
 0.5079430401 -0.8911763345  0.0999850688  2.0000000000
 0.4603563723 -0.8500643342  0.1159324527  2.0000000000
 0.3284498406 -0.7234429284  0.1661151394  2.0000000000
 0.1127201316 -0.4571741356  0.2797685249  2.0000000000
 0.0373799789 -0.3682398029  0.3185441235  2.0000000000
 0.0121117291 -0.3201415383  0.3422699325  2.0000000000
-0.0692420779 -0.1209765969  0.4468622945  2.0000000000
 0.5589263936 -0.9860558531  0.0969951309  2.0000000000
 0.4216016359 -0.9170867612  0.1579322879  2.0000000000
 0.3791281634 -0.8747315980  0.1748864578  2.0000000000
 0.2194528951 -0.7022619825  0.2447789300  2.0000000000
 0.0169366645 -0.4327262948  0.3615403686  2.0000000000
-0.0696332035 -0.2926669075  0.4272346754  2.0000000000
 0.3357545670 -0.8877562164  0.2037325697  2.0000000000
 0.2951010901 -0.8450313757  0.2209780155  2.0000000000
 0.2541640207 -0.8022592199  0.2381902907  2.0000000000
 0.1811275882 -0.7142742849  0.2745176599  2.0000000000
 0.0723248525 -0.5819355444  0.3293785696  2.0000000000
 0.0173906333 -0.4890244817  0.3711575492  2.0000000000
 0.2728578800 -0.9059894395  0.2300978964  2.0000000000
-0.0203870507 -0.5011938242  0.4003001573  2.0000000000
