 1.0766814111 -1.3142630392  2.0723663040  1.0000000000
 1.0303945419 -1.3554919580  2.1326860469  1.0000000000
 0.9845928043 -1.3973514086  2.1935651408  1.0000000000
 1.0823555744 -1.2379823441  1.9900268151  1.0000000000
 0.9734684634 -1.3338330474  2.1307815710  1.0000000000
 0.9430373708 -1.3619758992  2.1715917180  1.0000000000
 1.0723207298 -1.1751062742  1.9274860279  1.0000000000
 1.0564590698 -1.1884026961  1.9472949154  1.0000000000
 1.0244693853 -1.2149126423  1.9868971748  1.0000000000
 0.9311134178 -1.2975245314  2.1081006763  1.0000000000
 0.9162356126 -1.3119662397  2.1287866478  1.0000000000
 1.0142608171 -1.1516119420  1.9239369730  1.0000000000
 0.9982745477 -1.1648849219  1.9437555189  1.0000000000
 0.9823856870 -1.1784823345  1.9639217668  1.0000000000
 0.8741857829 -1.2760556389  2.1064426692  1.0000000000
 1.0206102902 -1.0757922552  1.8417345484  1.0000000000
 0.9395605119 -1.1412293736  1.9403397961  1.0000000000
 0.8771741515 -1.1968537961  2.0219056553  1.0000000000
 0.8172672028 -1.2546914542  2.1048901715  1.0000000000
 0.7427922577 -1.3267597861  2.2082209842  1.0000000000
 0.9293249431 -1.0775198585  1.8768595267  1.0000000000
 0.7159821673 -1.2772155087  2.1659254712  1.0000000000
 0.7183233682 -1.1977237884  2.0813490781  1.0000000000
 0.6888721218 -1.2272170614  2.1232595341  1.0000000000
 0.8770856731 -0.9772933324  1.7903015873  1.0000000000
 0.7350593494 -1.1022040914  1.9744403870  1.0000000000
 0.7203982112 -1.1171947596  1.9956832281  1.0000000000
 0.8346114538 -0.9400421905  1.7665482667  1.0000000000
 0.8176134372 -0.9526962473  1.7860990656  1.0000000000
 0.7228973524 -1.0362203088  1.9092199052  1.0000000000
 0.8433365653 -0.8657961233  1.6851355497  1.0000000000
 0.7921291401 -0.9028564183  1.7428731567  1.0000000000
 0.7116220691 -0.9709725484  1.8444656170  1.0000000000
 0.6358074239 -1.0448240476  1.9505888408  1.0000000000
 0.5485298404 -1.1358297737  2.0788013671  1.0000000000
 0.5204281328 -1.1667920313  2.1217378878  1.0000000000
 0.7326165996 -0.8781343927  1.7385324043  1.0000000000
 0.7160045146 -0.8916341317  1.7589743326  1.0000000000
 0.7587557984 -0.7913196580  1.6374580634  1.0000000000
 0.7247384632 -0.8155953276  1.6754498451  1.0000000000
 0.6112410678 -0.9118988911  1.8191108006  1.0000000000
 0.5365917437 -0.9875745202  1.9268899721  1.0000000000
 0.5221714322 -1.0031252324  1.9486548083  1.0000000000
 0.5076468105 -1.0184883590  1.9702283037  1.0000000000
 0.4645902240 -1.0649143774  2.0351188707  1.0000000000
 0.4504724996 -1.0804990755  2.0567353793  1.0000000000
 0.4224344036 -1.1116510620  2.0998714409  1.0000000000
 0.4083493321 -1.1269622665  2.1212057279  1.0000000000
 0.6650557901 -0.7902548530  1.6704534930  1.0000000000
 0.6314768201 -0.8172444458  1.7113950961  1.0000000000
 0.5689654358 -0.8753495356  1.7961154624  1.0000000000
 0.5236324010 -0.9205411038  1.8608133196  1.0000000000
 0.5088205791 -0.9358735373  1.8825519668  1.0000000000
 0.4367266435 -1.0137791217  1.9915568696  1.0000000000
 0.4226702880 -1.0297070068  2.0135592116  1.0000000000
 0.6227270915 -0.7527642140  1.6463425019  1.0000000000
 0.5727782622 -0.7939474134  1.7084334110  1.0000000000
 0.5574638341 -0.8086331052  1.7296502662  1.0000000000
 0.4962081459 -0.8689463769  1.8164181971  1.0000000000
 0.4811118994 -0.8840236135  1.8379817578  1.0000000000
 0.3804703119 -0.9941298634  1.9917179660  1.0000000000
 0.5793913955 -0.7135958466  1.6206527608  1.0000000000
 0.5631133406 -0.7280981475  1.6421203655  1.0000000000
 0.5467571214 -0.7423207322  1.6632828610  1.0000000000
 0.4241515593 -0.8634103634  1.8374276569  1.0000000000
 0.3242534067 -0.9743822279  1.9917294235  1.0000000000
 0.4881163603 -0.7194397266  1.6607827477  1.0000000000
 0.4111528544 -0.7955676939  1.7703504201  1.0000000000
 0.3965270109 -0.8114148514  1.7926397901  1.0000000000
 0.3671334561 -0.8430252453  1.8371518002  1.0000000000
 0.2683233475 -0.9554671621  1.9925470640  1.0000000000
 0.2544463319 -0.9714822997  2.0145402827  1.0000000000
 0.4456358817 -0.6820927665  1.6369127434  1.0000000000
 0.4299333395 -0.6974510816  1.6591585900  1.0000000000
 0.3837161985 -0.7431545509  1.7249637139  1.0000000000
 0.3394043773 -0.7909488757  1.7923325847  1.0000000000
 0.3103582794 -0.8229338304  1.8370913631  1.0000000000
 0.2957748551 -0.8387603177  1.8592791224  1.0000000000
 0.4659356921 -0.5822187598  1.5226634536  1.0000000000
 0.4343081484 -0.6129082399  1.5672885994  1.0000000000
 0.4026272047 -0.6439115208  1.6122844586  1.0000000000
 0.3717668635 -0.6754597805  1.6575375337  1.0000000000
 0.3116983903 -0.7386757368  1.7472554415  1.0000000000
 0.2825151507 -0.7707349230  1.7921983233  1.0000000000
 0.2537609822 -0.8030785221  1.8372173042  1.0000000000
 0.2395295665 -0.8191933819  1.8595591380  1.0000000000
 0.2254381163 -0.8353424193  1.8818658545  1.0000000000
 0.1565018254 -0.9175614165  1.9941205847  1.0000000000
 0.3291095116 -0.6383449895  1.6340576604  1.0000000000
 0.3138635969 -0.6541045345  1.6565552010  1.0000000000
 0.2839546078 -0.6860245872  1.7017354031  1.0000000000
 0.2546174155 -0.7183855069  1.7471488692  1.0000000000
 0.2402114794 -0.7346548967  1.7698059761  1.0000000000
 0.2114681546 -0.7672736627  1.8151577740  1.0000000000
 0.1831287348 -0.7997737839  1.8601122458  1.0000000000
 0.1692452257 -0.8161732716  1.8825625398  1.0000000000
 0.1280410911 -0.8658621012  1.9502470397  1.0000000000
 0.1143587838 -0.8823093653  1.9726406022  1.0000000000
 0.2711249270 -0.6169888175  1.6331141893  1.0000000000
 0.2267065815 -0.6656903831  1.7016633422  1.0000000000
 0.2122099373 -0.6821315563  1.7246038150  1.0000000000
 0.1269300160 -0.7806575227  1.8608806956  1.0000000000
 0.0722724623 -0.8471351713  1.9512316714  1.0000000000
 0.3208550398 -0.4809403263  1.4686200972  1.0000000000
 0.2741391572 -0.5300200653  1.5389403346  1.0000000000
 0.2436375741 -0.5632774617  1.5861251306  1.0000000000
 0.2284433807 -0.5801680705  1.6100092745  1.0000000000
 0.2135993484 -0.5963351566  1.6328069663  1.0000000000
 0.1842775612 -0.6293238156  1.6789927160  1.0000000000
 0.1552129206 -0.6626046337  1.7253649084  1.0000000000
 0.2778623572 -0.4422333621  1.4433302564  1.0000000000
 0.2311900456 -0.4920166597  1.5145109626  1.0000000000
 0.1708755233 -0.5595512062  1.6097697488  1.0000000000
 0.1560771803 -0.5761549358  1.6330777664  1.0000000000
 0.1415889605 -0.5930455815  1.6565578553  1.0000000000
 0.0982709433 -0.6433123711  1.7263700467  1.0000000000
 0.0839879366 -0.6597807904  1.7491963747  1.0000000000
 0.0698798032 -0.6764458710  1.7721550894  1.0000000000
 0.0558643033 -0.6929223929  1.7948278906  1.0000000000
 0.2191530892 -0.4199888221  1.4416954929  1.0000000000
 0.1426002119 -0.5056342107  1.5629545524  1.0000000000
 0.0698791424 -0.5903798946  1.6808787785  1.0000000000
-0.0002400867 -0.6741564944  1.7959918450  1.0000000000
-0.0407874697 -0.7247232134  1.8643587856  1.0000000000
-0.0812430269 -0.7745993310  1.9319063120  1.0000000000
 0.1761543461 -0.3815623372  1.4167678499  1.0000000000
 0.1452268203 -0.4161726119  1.4658947382  1.0000000000
 0.0849869628 -0.4857105184  1.5635997240  1.0000000000
 0.0558029851 -0.5201242715  1.6114720095  1.0000000000
-0.0011176635 -0.5883818516  1.7055891461  1.0000000000
-0.0152012792 -0.6050890138  1.7285958979  1.0000000000
-0.0291688824 -0.6218294127  1.7515799636  1.0000000000
-0.0967578460 -0.7061316919  1.8655812103  1.0000000000
 0.1487357137 -0.3240172147  1.3649143363  1.0000000000
 0.1021413151 -0.3786320024  1.4421202305  1.0000000000
 0.0717099730 -0.4138245362  1.4916706222  1.0000000000
 0.0566099727 -0.4315331806  1.5165127478  1.0000000000
 0.0274484892 -0.4664424555  1.5650016701  1.0000000000
-0.0297371513 -0.5354012077  1.6601702340  1.0000000000
-0.0717548445 -0.5863399621  1.7300476590  1.0000000000
 0.0900222696 -0.3038056361  1.3658371626  1.0000000000
 0.0743476487 -0.3229853184  1.3928762756  1.0000000000
 0.0136609574 -0.3945969318  1.4934201379  1.0000000000
-0.0154621050 -0.4298553867  1.5423166190  1.0000000000
-0.0299641049 -0.4475118672  1.5667486874  1.0000000000
-0.0443098183 -0.4648364547  1.5906824120  1.0000000000
-0.0581928467 -0.4822880739  1.6144911731  1.0000000000
-0.1143711478 -0.5508900026  1.7085577300  1.0000000000
-0.1942199150 -0.6522636436  1.8450974507  1.0000000000
 0.0786824123 -0.2248968394  1.2839644460  1.0000000000
 0.0469252749 -0.2655496665  1.3411632703  1.0000000000
 0.0157865907 -0.3033711928  1.3944428600  1.0000000000
-0.0293920743 -0.3576918478  1.4704214905  1.0000000000
-0.0730590954 -0.4113371520  1.5446701364  1.0000000000
-0.0873524147 -0.4288621110  1.5688235396  1.0000000000
-0.1289461744 -0.4814948876  1.6405028774  1.0000000000
-0.1430362712 -0.4985834548  1.6639764754  1.0000000000
-0.2239683035 -0.6002758497  1.8014498175  1.0000000000
 0.0194218971 -0.2075607820  1.2888035856  1.0000000000
-0.0426845281 -0.2840263580  1.3962775894  1.0000000000
-0.0576499818 -0.3026330916  1.4221829441  1.0000000000
-0.0724598021 -0.3210172781  1.4477156569  1.0000000000
-0.0871186459 -0.3391293703  1.4728094985  1.0000000000
-0.1860523554 -0.4630017418  1.6425513387  1.0000000000
-0.1996880255 -0.4799941023  1.6656444724  1.0000000000
 0.0089287199 -0.1269404391  1.2043329972  1.0000000000
-0.0555296753 -0.2095602163  1.3208714319  1.0000000000
-0.0709430682 -0.2287330170  1.3477480718  1.0000000000
-0.1009154479 -0.2657560598  1.3993383507  1.0000000000
-0.1595816226 -0.3392366077  1.5009896704  1.0000000000
-0.2423873411 -0.4446086057  1.6442757435  1.0000000000
-0.2559354072 -0.4617561395  1.6674587047  1.0000000000
-0.2957976915 -0.5130069683  1.7363330999  1.0000000000
-0.1142822212 -0.1912835619  1.3242276187  1.0000000000
-0.1292873343 -0.2103248189  1.3506980085  1.0000000000
-0.1592999615 -0.2485157674  1.4037178597  1.0000000000
-0.2169414201 -0.3211094531  1.5037005011  1.0000000000
-0.3120276963 -0.4435052727  1.6691773446  1.0000000000
-0.3255322246 -0.4606150426  1.6922844981  1.0000000000
-0.0438800759 -0.0071345963  1.0935601526  1.0000000000
-0.0608229111 -0.0292157339  1.1250114343  1.0000000000
-0.1275648434 -0.1158227370  1.2477979210  1.0000000000
-0.1428909828 -0.1351513527  1.2748323193  1.0000000000
-0.1731167807 -0.1734870369  1.3282339965  1.0000000000
-0.2464446077 -0.2672276357  1.4576036519  1.0000000000
-0.3149869850 -0.3559929927  1.5779463671  1.0000000000
-0.3281887475 -0.3735917921  1.6015135523  1.0000000000
-0.3549971709 -0.4083026622  1.6482023410  1.0000000000
-0.3683252337 -0.4254829750  1.6713030427  1.0000000000
-0.0700968214  0.0525496971  1.0383217407  1.0000000000
-0.1041843495  0.0086303045  1.1010396424  1.0000000000
-0.2756263202 -0.2133696791  1.4113782615  1.0000000000
-0.2897348408 -0.2313766670  1.4360256808  1.0000000000
-0.3035110434 -0.2493593368  1.4604733763  1.0000000000
-0.3171333019 -0.2672299855  1.4846696371  1.0000000000
-0.1474274879  0.0463422604  1.0771812665  1.0000000000
-0.3049799233 -0.1596967792  1.3654529810  1.0000000000
-0.3332083809 -0.1955979380  1.4146453830  1.0000000000
-0.3604971823 -0.2314562610  1.4631946128  1.0000000000
-0.4009202727 -0.2849784803  1.5352827510  1.0000000000
-0.1908382301  0.0839635268  1.0535072564  1.0000000000
-0.2898317825 -0.0437936509  1.2343026898  1.0000000000
-0.3630612800 -0.1419539627  1.3690450137  1.0000000000
-0.4173273341 -0.2138203542  1.4661444962  1.0000000000
 0.6919527836  1.6249107614 -0.8572615835  1.0000000000
 0.6873197558  1.5934359103 -0.8221677021  1.0000000000
 0.6792077751  1.5297897877 -0.7516530887  1.0000000000
-0.2157922107  0.1447225930  0.9963304630  1.0000000000
-0.2341599350  0.1217398921  1.0296685536  1.0000000000
-0.2685238641  0.0777198101  1.0924287063  1.0000000000
-0.3023831662  0.0340717749  1.1544842044  1.0000000000
-0.3182112625  0.0134554763  1.1833908484  1.0000000000
-0.3487528866 -0.0269391495  1.2394583236  1.0000000000
-0.4069960410 -0.1059059697  1.3476056934  1.0000000000
-0.4205638884 -0.1241660986  1.3722814722  1.0000000000
-0.5271121350 -0.2673649149  1.5643931778  1.0000000000
 0.6031565765  1.4593566204 -0.6497997795  1.0000000000
 0.5994426189  1.4273974500 -0.6145241092  1.0000000000
-0.4779546871 -0.1062771549  1.3753002308  1.0000000000
-0.5442769632 -0.1967994889  1.4964408360  1.0000000000
 0.5639829229  1.6757010857 -0.8657685567  1.0000000000
-0.1918057261  0.3371311603  0.7624068192  1.0000000000
-0.3209926465  0.1970702898  0.9822801741  1.0000000000
-0.3735642818  0.1297568539  1.0785813070  1.0000000000
-0.4069941420  0.0864229948  1.1399926868  1.0000000000
-0.5086041894 -0.0526221450  1.3301560380  1.0000000000
-0.6003697518 -0.1793716639  1.4992534720  1.0000000000
-0.6127603472 -0.1971007945  1.5225953083  1.0000000000
 0.5045609219  1.7325651856 -0.9050872709  1.0000000000
 0.4997613758  1.7011668970 -0.8700131259  1.0000000000
-0.1368412301  0.4758339211  0.5800525194  1.0000000000
-0.2415586375  0.3701885166  0.7484097346  1.0000000000
-0.4354041460  0.1438898559  1.0888403769  1.0000000000
-0.4514668576  0.1226460030  1.1186457290  1.0000000000
-0.4664515571  0.1023845849  1.1465822371  1.0000000000
-0.4958492555  0.0621567300  1.2017488430  1.0000000000
-0.6186454278 -0.1084674262  1.4314567124  1.0000000000
 0.4452751399  1.7894016855 -0.9444275503  1.0000000000
 0.4209285438  1.6321243758 -0.7686353919  1.0000000000
 0.4166582154  1.6002348919 -0.7332321494  1.0000000000
 0.4056491004  1.5040417191 -0.6271197384  1.0000000000
 0.4008003416  1.4381831688 -0.5554375439  1.0000000000
 0.3967144270  1.3371868194 -0.4466983809  1.0000000000
 0.3956278454  1.3034197993 -0.4104470092  1.0000000000
 0.3949840824  1.2695872264 -0.3742997997  1.0000000000
 0.0525438998  0.6934065495  0.2264886707  1.0000000000
 0.0165934009  0.6683628778  0.2630356967  1.0000000000
-0.2907401006  0.4036352507  0.7335247401  1.0000000000
-0.3652273925  0.3225365899  0.8597673121  1.0000000000
-0.3913189475  0.2943168774  0.9040755870  1.0000000000
-0.4797588774  0.1806347506  1.0668130052  1.0000000000
-0.5404495596  0.0982772714  1.1805941034  1.0000000000
-0.5544890172  0.0784159557  1.2074848149  1.0000000000
-0.5828436618  0.0384279104  1.2617458692  1.0000000000
-0.5962492872  0.0193913520  1.2872380718  1.0000000000
-0.6363765278 -0.0370280257  1.3627426589  1.0000000000
 0.3608351664  1.6894394543 -0.8081838815  1.0000000000
 0.1214685237  0.7986355844  0.1359465652  1.0000000000
 0.0022655915  0.7245721510  0.2354551435  1.0000000000
-0.0683090022  0.6740888387  0.3113844326  1.0000000000
-0.2356210766  0.5423671621  0.5511338533  1.0000000000
-0.4349650590  0.3317884862  0.8807807403  1.0000000000
-0.5252282696  0.2162961760  1.0467577579  1.0000000000
-0.5412268073  0.1947048830  1.0769201211  1.0000000000
-0.6670468642  0.0167720543  1.3174986293  1.0000000000
 0.3219690092  1.8716485149 -0.9880289352  1.0000000000
 0.3059348370  1.7783238642 -0.8831238609  1.0000000000
 0.2829670020  1.6198693858 -0.7065969774  1.0000000000
 0.2790577239  1.5879151266 -0.6712617235  1.0000000000
 0.2758833707  1.5554940257 -0.6356925646  1.0000000000
 0.2681389512  1.4570140307 -0.5283508213  1.0000000000
 0.2631978121  1.3568762383 -0.4202738413  1.0000000000
 0.2623392653  1.2887575401 -0.3476803524  1.0000000000
 0.3603903194  0.9709436834 -0.0366514801  1.0000000000
 0.3478794389  0.9383677641 -0.0019243650  1.0000000000
-0.0557741148  0.7564542384  0.2347330648  1.0000000000
-0.1262673135  0.7062617459  0.3076078540  1.0000000000
-0.1587884449  0.6801696801  0.3532923407  1.0000000000
-0.2568547532  0.6013387265  0.4940097288  1.0000000000
-0.3133821003  0.5494428590  0.5797644781  1.0000000000
-0.3393633408  0.5232404829  0.6213724198  1.0000000000
-0.4377242248  0.4181864158  0.7849864947  1.0000000000
-0.4806051506  0.3677568182  0.8605151575  1.0000000000
-0.5190150127  0.3199774965  0.9301419452  1.0000000000
-0.5355263098  0.2977348374  0.9613716581  1.0000000000
-0.6011945335  0.2097199784  1.0849682686  1.0000000000
-0.6304207848  0.1688671844  1.1408051496  1.0000000000
-0.6716717034  0.1093752956  1.2208539910  1.0000000000
-0.6982207550  0.0708104611  1.2722402699  1.0000000000
-0.7244601707  0.0328491825  1.3227280352  1.0000000000
 0.2142313594  1.6137207793 -0.6756469036  1.0000000000
 0.2105094370  1.5816154070 -0.6402283567  1.0000000000
 0.2043267391  1.5166249062 -0.5690104531  1.0000000000
 0.1980272332  1.4172965703 -0.4613170811  1.0000000000
 0.2087187900  1.2057208546 -0.2401767335  1.0000000000
 0.2148054743  1.1680939161 -0.2021975547  1.0000000000
 0.0915726840  0.9104696775  0.0718617874  1.0000000000
-0.0006886423  0.8629656105  0.1322883294  1.0000000000
-0.1188419299  0.7890292730  0.2297553411  1.0000000000
-0.2798771163  0.6602552283  0.4389723479  1.0000000000
-0.3107381303  0.6341507115  0.4838881631  1.0000000000
-0.4156008403  0.5304933162  0.6487796755  1.0000000000
-0.4870915102  0.4522344864  0.7693817863  1.0000000000
-0.5093452217  0.4265896472  0.8080446045  1.0000000000
-0.6317750057  0.2661713866  1.0363808733  1.0000000000
-0.6465265152  0.2453159751  1.0648993584  1.0000000000
-0.6754571884  0.2041206468  1.1209780186  1.0000000000
-0.7684917700  0.0674006383  1.3032079252  1.0000000000
 0.1533434728  1.6716354964 -0.7155387633  1.0000000000
 0.1492622297  1.6396694015 -0.6801364277  1.0000000000
 0.1381420131  1.5432629760 -0.5738109919  1.0000000000
 0.1318314107  1.4439825435 -0.4661938764  1.0000000000
 0.1306265904  1.4103994937 -0.4301242669  1.0000000000
 0.1319605380  1.3066363812 -0.3204346215  1.0000000000
 0.1390104022  1.2341722001 -0.2458449660  1.0000000000
 0.1548556962  1.1230438162 -0.1330774389  1.0000000000
 0.0145747473  0.9448416595  0.0649983337  1.0000000000
-0.2749249736  0.7447937251  0.3434187736  1.0000000000
-0.3352363803  0.6928307634  0.4299873805  1.0000000000
-0.4904172682  0.5380114811  0.6749288938  1.0000000000
-0.5133596001  0.5122229744  0.7141422322  1.0000000000
-0.5765934013  0.4372467800  0.8256579296  1.0000000000
-0.6459436679  0.3451687154  0.9562475027  1.0000000000
-0.6620248843  0.3228944069  0.9872690448  1.0000000000
-0.7063306226  0.2598051031  1.0735001291  1.0000000000
-0.7205627399  0.2393127331  1.1012684877  1.0000000000
-0.7340505507  0.2191994836  1.1281348384  1.0000000000
-0.7607447101  0.1792014567  1.1814282015  1.0000000000
 0.1125232426  1.8555866365 -0.8964930025  1.0000000000
 0.0919505996  1.7298333008 -0.7555384835  1.0000000000
 0.0752598569  1.6022387227 -0.6141039579  1.0000000000
 0.0719349476  1.5698523060 -0.5785351088  1.0000000000
 0.0649755878  1.4710857322 -0.4712559931  1.0000000000
 0.0636038798  1.4375623721 -0.4352222971  1.0000000000
 0.0630856937  1.4034739702 -0.3988900471  1.0000000000
 0.0611792920  1.3357322285 -0.3263955196  1.0000000000
 0.0636296330  1.3000396198 -0.2893320333  1.0000000000
 0.0812356627  1.1182501380 -0.1029152195  1.0000000000
 0.0713132551  1.0858524086 -0.0677727703  1.0000000000
-0.1365276890  0.9291903235  0.1216134176  1.0000000000
-0.2732601765  0.8284189728  0.2596705173  1.0000000000
-0.3619340567  0.7512208161  0.3799545132  1.0000000000
-0.4173622638  0.6998113474  0.4613111052  1.0000000000
-0.4434207814  0.6741376841  0.5016237091  1.0000000000
-0.5177412945  0.5971173263  0.6216659523  1.0000000000
-0.5406586534  0.5717312023  0.6601805817  1.0000000000
-0.7089127199  0.3576941672  0.9690742392  1.0000000000
-0.7234334075  0.3365248407  0.9978657419  1.0000000000
-0.7523577178  0.2946774690  1.0547373891  1.0000000000
-0.7795089363  0.2539701869  1.1091472835  1.0000000000
-0.7927112241  0.2339192815  1.1357702672  1.0000000000
-0.8055873075  0.2140248931  1.1620035911  1.0000000000
 0.0752169178  2.0365448234 -1.0755916489  1.0000000000
 0.0699410298  2.0058241464 -1.0410592293  1.0000000000
 0.0362232704  1.8192878392 -0.8307765250  1.0000000000
 0.0030477035  1.5639046470 -0.5477947771  1.0000000000
 0.0004017157  1.5311684650 -0.5121218912  1.0000000000
-0.0017980291  1.4982203370 -0.4763921039  1.0000000000
-0.0084551859  1.3642752293 -0.3320893082  1.0000000000
-0.0072211415  1.2947420330 -0.2589304628  1.0000000000
-0.0075345285  1.2599807567 -0.2223196724  1.0000000000
-0.0108663481  1.1555806814 -0.1126767257  1.0000000000
-0.0202765124  1.1229683076 -0.0773953232  1.0000000000
-0.2717069013  0.9116058370  0.1840841832  1.0000000000
-0.3345653342  0.8608213249  0.2553818521  1.0000000000
-0.5216703552  0.6814662519  0.5300293788  1.0000000000
-0.5456041244  0.6559577947  0.5691248588  1.0000000000
-0.5688007714  0.6305151782  0.6078754829  1.0000000000
-0.6126600387  0.5803928466  0.6829247884  1.0000000000
-0.7082860238  0.4598613305  0.8576435348  1.0000000000
-0.7557799959  0.3922695738  0.9511595846  1.0000000000
-0.7702518840  0.3710831171  0.9799414983  1.0000000000
-0.8121272333  0.3088767487  1.0636693259  1.0000000000
-0.8626376604  0.2289687153  1.1684491671  1.0000000000
-0.8876747642  0.1899991521  1.2195673557  1.0000000000
-0.0166442275  1.9078906195 -0.9061529602  1.0000000000
-0.0603499488  1.6232343758 -0.5882575530  1.0000000000
-0.0638820722  1.5910718680 -0.5528853962  1.0000000000
-0.1839566347  1.0742965308  0.0120538400  1.0000000000
-0.3368352192  0.9443284460  0.1789543271  1.0000000000
-0.4502353028  0.8420373836  0.3244252387  1.0000000000
-0.4775922873  0.8163190185  0.3635711932  1.0000000000
-0.5758608990  0.7141876319  0.5189901354  1.0000000000
-0.6209257281  0.6636848195  0.5948756664  1.0000000000
-0.6419370859  0.6387282944  0.6316467486  1.0000000000
-0.6830011307  0.5897230967  0.7039093525  1.0000000000
-0.7031363820  0.5649576547  0.7401532106  1.0000000000
-0.7218992250  0.5409954958  0.7747017043  1.0000000000
-0.7570389004  0.4941421048  0.8411824869  1.0000000000
-0.8307662458  0.3848338415  0.9898838124  1.0000000000
-0.8446843651  0.3639811665  1.0179208798  1.0000000000
-0.8716176746  0.3230477729  1.0724852108  1.0000000000
-0.9069718987  0.2634909302  1.1491533942  1.0000000000
-0.0641482723  2.0268319171 -1.0157070806  1.0000000000
-0.0698631819  1.9957896674 -0.9806744704  1.0000000000
-0.1229974010  1.6821029767 -0.6284932789  1.0000000000
-0.1268480325  1.6501697254 -0.5932461107  1.0000000000
-0.1307879777  1.6183529982 -0.5581013625  1.0000000000
-0.1387111351  1.5544445870 -0.4875267161  1.0000000000
-0.1520178824  1.3893286760 -0.3082083790  1.0000000000
-0.2880065460  1.0808887301  0.0375958225  1.0000000000
-0.3462983808  1.0288663777  0.1045853268  1.0000000000
-0.4313631665  0.9513302246  0.2079016455  1.0000000000
-0.4846559502  0.8999711476  0.2804143730  1.0000000000
-0.5848447384  0.7977233207  0.4324109112  1.0000000000
-0.6941790945  0.6719279153  0.6186348173  1.0000000000
-0.7144260441  0.6472214272  0.6547265212  1.0000000000
-0.7338198775  0.6230223422  0.6898343051  1.0000000000
-0.7884024706  0.5516262696  0.7918304133  1.0000000000
-0.8501223440  0.4613767953  0.9157284836  1.0000000000
-0.8638259868  0.4401683148  0.9441165016  1.0000000000
-0.9048283556  0.3777942244  1.0275824581  1.0000000000
-0.1340693402  2.0218100965 -0.9855012140  1.0000000000
-0.1701901696  1.8353011911 -0.7744062999  1.0000000000
-0.1847361762  1.7402609209 -0.6683005395  1.0000000000
-0.1890960400  1.7089133711 -0.6334874275  1.0000000000
-0.2027214053  1.6143552446 -0.5283617589  1.0000000000
-0.2202712271  1.4517947507 -0.3500833828  1.0000000000
-0.2231685483  1.4187404341 -0.3143347466  1.0000000000
-0.2288495972  1.3862762775 -0.2787112983  1.0000000000
-0.2427496127  1.3221286501 -0.2078196183  1.0000000000
-0.2490342146  1.2895446295 -0.1722090835  1.0000000000
-0.2571700253  1.2575563092 -0.1368702423  1.0000000000
-0.2686190355  1.2267916556 -0.1021147141  1.0000000000
-0.3858874347  1.0880361250  0.0650652599  1.0000000000
-0.4670345283  1.0094965716  0.1666064305  1.0000000000
-0.6156732416  0.8559806831  0.3840492747  1.0000000000
-0.6859511314  0.7796705536  0.4977147099  1.0000000000
-0.7066942029  0.7545916445  0.5339618320  1.0000000000
-0.7651893123  0.6805128205  0.6406339154  1.0000000000
-0.8206600028  0.6088748874  0.7432871274  1.0000000000
-0.8520743790  0.5630906768  0.8063267510  1.0000000000
-0.8972794128  0.4958295871  0.8981291891  1.0000000000
-0.9513759856  0.4121823072  1.0097469309  1.0000000000
-0.1985444164  2.0480504193 -0.9904638971  1.0000000000
-0.2357354289  1.8613871900 -0.7788197828  1.0000000000
-0.2505758930  1.7673546308 -0.6736850693  1.0000000000
-0.2557596606  1.7362379427 -0.6388223597  1.0000000000
-0.2607905097  1.7050084617 -0.6039017599  1.0000000000
-0.2854551879  1.5124504394 -0.3912810563  1.0000000000
-0.2958147694  1.4490502630 -0.3208287749  1.0000000000
-0.3182311472  1.3535597202 -0.2147820326  1.0000000000
-0.3506698983  1.2609605158 -0.1101999743  1.0000000000
-0.3675920885  1.2320314117 -0.0762342627  1.0000000000
-0.3868719275  1.2028687451 -0.0425488910  1.0000000000
-0.5070502430  1.0680065768  0.1260813608  1.0000000000
-0.5815406729  0.9904835300  0.2306976717  1.0000000000
-0.6289018938  0.9392724213  0.3025095383  1.0000000000
-0.6738183400  0.8883901465  0.3750015923  1.0000000000
-0.8198074435  0.7131741675  0.6293710388  1.0000000000
-0.8541015238  0.6657327080  0.6959294351  1.0000000000
-0.8718345669  0.6420469902  0.7294767435  1.0000000000
-0.8870765078  0.6192820480  0.7605874411  1.0000000000
-0.9578255931  0.5090768366  0.9087585333  1.0000000000
-0.2573450998  2.1048520184 -1.0299373238  1.0000000000
-0.3007230371  1.8879804917 -0.7839705152  1.0000000000
-0.3115241949  1.8257058382 -0.7139893725  1.0000000000
-0.3166304571  1.7944730700 -0.6790225888  1.0000000000
-0.3278552661  1.7324410782 -0.6092115010  1.0000000000
-0.3328521041  1.7011001033 -0.5742016503  1.0000000000
-0.3433144680  1.6383823044 -0.5040375808  1.0000000000
-0.3476693974  1.6062968275 -0.4685544222  1.0000000000
-0.3614159194  1.5102749274 -0.3622339099  1.0000000000
-0.3674087530  1.4789706846 -0.3271790146  1.0000000000
-0.4422188842  1.2640205834 -0.0832669517  1.0000000000
-0.4818212711  1.2075979897 -0.0160647717  1.0000000000
-0.5026509938  1.1802896737  0.0177566685  1.0000000000
-0.5984404288  1.0744532113  0.1538684519  1.0000000000
-0.6664248054  0.9972285948  0.2591969752  1.0000000000
-0.7318565856  0.9208488489  0.3665108129  1.0000000000
-0.9772617937  0.5866717077  0.8333430187  1.0000000000
-1.0181381659  0.5224573201  0.9190645644  1.0000000000
-0.3276507934  2.1002084910 -0.9999951677  1.0000000000
-0.3599754893  1.9453103161 -0.8238079699  1.0000000000
-0.3714765757  1.8836776532 -0.7542518808  1.0000000000
-0.3773145329  1.8527417384 -0.7193146374  1.0000000000
-0.3945514657  1.7598388742 -0.6145828253  1.0000000000
-0.3999983456  1.7287115638 -0.5796448068  1.0000000000
-0.4053624448  1.6973433480 -0.5445217382  1.0000000000
-0.4837695636  1.3533004224 -0.1580414758  1.0000000000
-0.5162070284  1.2961524802 -0.0903452947  1.0000000000
-0.5536346790  1.2401618302 -0.0228511999  1.0000000000
-0.5737360894  1.2128756313  0.0110405044  1.0000000000
-0.6410197266  1.1330160114  0.1128879354  1.0000000000
-0.6843801017  1.0807563329  0.1817278719  1.0000000000
-0.7285321242  1.0293209551  0.2516844308  1.0000000000
-0.8090033351  0.9280880781  0.3922279145  1.0000000000
-0.9587486121  0.7316886411  0.6700908571  1.0000000000
-1.0124868346  0.6425708928  0.7880577679  1.0000000000
-1.0389313620  0.5989371019  0.8457786237  1.0000000000
-1.0521547684  0.5776147308  0.8740393008  1.0000000000
-1.0649615991  0.5566719510  0.9015842689  1.0000000000
-0.4243125848  1.9719300035 -0.8292375637  1.0000000000
-0.4672475170  1.7564273694 -0.5851485826  1.0000000000
-0.4846038319  1.6628575805 -0.4799130748  1.0000000000
-0.4911214900  1.6319615361 -0.4449177592  1.0000000000
-0.5039342220  1.5697894204 -0.3747917091  1.0000000000
-0.5105586322  1.5388925384 -0.3399010866  1.0000000000
-0.5181617636  1.5082526686 -0.3050370713  1.0000000000
-0.5584437498  1.3850845618 -0.1650957277  1.0000000000
-0.5733669142  1.3565813745 -0.1312060257  1.0000000000
-0.5895798997  1.3282276413 -0.0973118825  1.0000000000
-0.6238978998  1.2724115639 -0.0295745749  1.0000000000
-0.6860742588  1.1916003962  0.0721267715  1.0000000000
-0.7274377804  1.1388399904  0.1402683947  1.0000000000
-0.7695427129  1.0870957925  0.2093953797  1.0000000000
-0.8100519352  1.0360274117  0.2792802451  1.0000000000
-0.8284065523  1.0106276870  0.3138696384  1.0000000000
-0.8676375951  0.9602806851  0.3835923254  1.0000000000
-0.8859317625  0.9354747908  0.4181490542  1.0000000000
-0.9045399643  0.9109439837  0.4527016715  1.0000000000
-0.9245481792  0.8860715637  0.4883486106  1.0000000000
-0.9627259231  0.8357570233  0.5593540790  1.0000000000
-0.9794360290  0.8114651856  0.5928219121  1.0000000000
-1.0257395631  0.7415084783  0.6882425608  1.0000000000
-1.1587391496  0.5085125992  0.9902945729  1.0000000000
-0.5089079472  1.9067592093 -0.7298995241  1.0000000000
-0.5155248622  1.8762054666 -0.6950913839  1.0000000000
-0.5340982403  1.7839688500 -0.5906084250  1.0000000000
-0.6199256060  1.4461362919 -0.2064007400  1.0000000000
-0.6460494735  1.3882840875 -0.1381527160  1.0000000000
-0.6777601633  1.3315051591 -0.0704106806  1.0000000000
-0.7324457344  1.2502926918  0.0313794666  1.0000000000
-0.8118642451  1.1449563499  0.1673733420  1.0000000000
-0.9444725656  0.9673596913  0.4094146486  1.0000000000
-0.9801062001  0.9178248909  0.4783559786  1.0000000000
-0.9980036291  0.8931129605  0.5128075624  1.0000000000
-1.1337518607  0.6670160385  0.8118892079  1.0000000000
-0.5614614964  1.9947740260 -0.8047258140  1.0000000000
-0.5947035029  1.8421891696 -0.6308215650  1.0000000000
-0.6011767392  1.8116982457 -0.5961721122  1.0000000000
-0.6085514211  1.7813385287 -0.5613672294  1.0000000000
-0.6225348067  1.7201604133 -0.4916155884  1.0000000000
-0.6440064982  1.6283478426 -0.3870274546  1.0000000000
-0.6622637473  1.5685270206 -0.3177608555  1.0000000000
-0.7317609062  1.3913243094 -0.1110633105  1.0000000000
-0.8966742519  1.1511137736  0.1949100862  1.0000000000
-0.9497284946  1.0747881390  0.2979049335  1.0000000000
-1.0026100164  0.9991739467  0.4005753725  1.0000000000
-1.0356717850  0.9497341398  0.4681694044  1.0000000000
-1.0533929235  0.9250141106  0.5025484235  1.0000000000
-1.1815758293  0.7009433552  0.7953028132  1.0000000000
-1.2169615068  0.6383011415  0.8761309915  1.0000000000
-0.5909594776  2.1740549775 -0.9848403089  1.0000000000
-0.5980064782  2.1436045194 -0.9499592375  1.0000000000
-0.6053648338  2.1132005087 -0.9150181198  1.0000000000
-0.6335617403  1.9911972296 -0.7752802431  1.0000000000
-0.6546504869  1.9001405982 -0.6710158527  1.0000000000
-0.6613993334  1.8696289580 -0.6362218975  1.0000000000
-0.7419869319  1.5681700918 -0.2892784405  1.0000000000
-0.7530714340  1.5382630001 -0.2546481098  1.0000000000
-0.7635948569  1.5084454379 -0.2200840052  1.0000000000
-0.7767676315  1.4799441110 -0.1859990104  1.0000000000
-0.8030749315  1.4228604389 -0.1179076914  1.0000000000
-0.8516055638  1.3409609169 -0.0161224995  1.0000000000
-0.8703337429  1.3139386809  0.0178479971  1.0000000000
-0.9059230315  1.2610865092  0.0854771447  1.0000000000
-0.9585008716  1.1830601695  0.1870917975  1.0000000000
-1.0450146712  1.0561067883  0.3580139218  1.0000000000
-1.1085153969  0.9569096345  0.4921626268  1.0000000000
-1.1248180635  0.9326017783  0.5254380281  1.0000000000
-1.1563101044  0.8846751207  0.5907657445  1.0000000000
-1.2406651507  0.7137401328  0.8057116757  1.0000000000
-0.6988519696  2.0179868184 -0.7805217719  1.0000000000
-0.7138175007  1.9577094175 -0.7111151059  1.0000000000
-0.7594221030  1.7769565889 -0.5031021985  1.0000000000
-0.7674723139  1.7469303407 -0.4684623346  1.0000000000
-0.7753459560  1.7168427473 -0.4338429459  1.0000000000
-0.7847172243  1.6871590980 -0.3992635632  1.0000000000
-0.8233970937  1.5683253618 -0.2610377900  1.0000000000
-0.8604016854  1.4824844998 -0.1586434860  1.0000000000
-0.8735049656  1.4542726884 -0.1246009006  1.0000000000
-1.0055082221  1.2408741762  0.1460867244  1.0000000000
-1.0214344489  1.2149246566  0.1797944399  1.0000000000
-1.1191217675  1.0629787535  0.3826580829  1.0000000000
-1.1796240489  0.9645996929  0.5147970362  1.0000000000
-1.1953670223  0.9404435375  0.5476640045  1.0000000000
-1.2524202726  0.8110568336  0.7069923579  1.0000000000
-1.2875402573  0.7476262229  0.7886963246  1.0000000000
-0.7566650604  2.0751054753 -0.8206658042  1.0000000000
-0.7795830218  1.9848052265 -0.7164977409  1.0000000000
-0.7953025417  1.9248279295 -0.6471249689  1.0000000000
-0.8117148760  1.8652815670 -0.5780746679  1.0000000000
-0.8361351742  1.7755445177 -0.4743105881  1.0000000000
-0.8830389152  1.6281358455 -0.3019558922  1.0000000000
-0.9062221177  1.5701650000 -0.2334874755  1.0000000000
-0.9310101012  1.5138281768 -0.1653240383  1.0000000000
-0.9441618651  1.4861824737 -0.1313927859  1.0000000000
-1.0059491841  1.3775488036  0.0041445211  1.0000000000
-1.0219394880  1.3510359693  0.0378289111  1.0000000000
-1.0383391932  1.3248362658  0.0715643913  1.0000000000
-1.0699984310  1.2726295503  0.1389558933  1.0000000000
-1.2039273772  1.0449308360  0.4389142608  1.0000000000
-1.2196367780  1.0206008817  0.4719244890  1.0000000000
-1.3024351137  0.8445901567  0.6920902299  1.0000000000
-0.8619603228  1.9522500295 -0.6524872219  1.0000000000
-0.9240122853  1.7457901713 -0.4115152547  1.0000000000
-0.9535496656  1.6578013672 -0.3082939772  1.0000000000
-0.9641696210  1.6287070115 -0.2740526504  1.0000000000
-0.9765840951  1.6005694157 -0.2400744977  1.0000000000
-1.0593518644  1.4356926754 -0.0363030841  1.0000000000
-1.0886974117  1.3826667414  0.0309083768  1.0000000000
-1.1039447999  1.3563598445  0.0645833407  1.0000000000
-1.1487507915  1.2785838254  0.1652266448  1.0000000000
-1.1635836854  1.2530174927  0.1986777184  1.0000000000
-1.1787561375  1.2274600040  0.2322990246  1.0000000000
-1.2084518340  1.1768935849  0.2990224413  1.0000000000
-0.9462556320  1.9208741541 -0.5890831485  1.0000000000
-0.9650171525  1.8626552275 -0.5205463900  1.0000000000
-1.1277614236  1.4675725965 -0.0432548902  1.0000000000
-1.1552058171  1.5798555462 -0.1512432529  1.0000000000
-1.1829813738  1.5257609984 -0.0837117521  1.0000000000
-1.2217736890  1.4458226218  0.0170546405  1.0000000000
-1.2352917414  1.4192675537  0.0506414898  1.0000000000
-1.2492065688  1.3932636309  0.0841301738  1.0000000000
-1.3039056825  1.2906514835  0.2173337194  1.0000000000
-1.0610528954  2.0339417438 -0.6682084331  1.0000000000
-1.1013323726  1.9194530241 -0.5320787844  1.0000000000
-1.1514538607  1.7753136670 -0.3613127293  1.0000000000
-1.1634158467  1.7480613263 -0.3274151212  1.0000000000
-1.2117345045  1.6384322246 -0.1917208562  1.0000000000
-1.1905811673  1.8910998525 -0.4698796873  1.0000000000
-1.2100456257  1.8332361819 -0.4015559335  1.0000000000
-1.2943323541  1.6417261877 -0.1643143330  1.0000000000
-0.5712293074 -1.4265731358 -1.2138604874  2.0000000000
-0.7801717761 -1.4565107958 -1.1953155541  2.0000000000
 0.4585089697 -1.1439037408 -1.2135114038  2.0000000000
-0.3128051283 -1.3241685691 -1.1907471381  2.0000000000
-0.4091485545 -1.3472095423 -1.1887719904  2.0000000000
-0.7959423264 -1.4403466587 -1.1812409199  2.0000000000
-1.4735491395 -1.6055996409 -1.1712477607  2.0000000000
-1.9660724382 -1.7319158738 -1.1772086894  2.0000000000
-2.5568016735 -1.8844894363 -1.1850923731  2.0000000000
 0.7311097763 -1.0598560413 -1.2064151198  2.0000000000
 0.1541668241 -1.1941299386 -1.1892292592  2.0000000000
-0.1352840871 -1.2620124868 -1.1810903974  2.0000000000
-1.2948516458 -1.5407876870 -1.1571195428  2.0000000000
-1.6865468333 -1.6410364872 -1.1613950481  2.0000000000
-1.9811962975 -1.7167682768 -1.1651434198  2.0000000000
-2.6673402560 -1.8942166432 -1.1747103139  2.0000000000
 0.8117797750 -1.0201233800 -1.1935279846  2.0000000000
 0.7158544151 -1.0419210217 -1.1898775184  2.0000000000
 0.4273572714 -1.1089704912 -1.1812670983  2.0000000000
 0.0418700410 -1.1991903368 -1.1703783332  2.0000000000
-0.1510173478 -1.2449520103 -1.1657294863  2.0000000000
-0.4405598061 -1.3140670887 -1.1595717043  2.0000000000
-0.5374317537 -1.3373106080 -1.1576472038  2.0000000000
-1.4089092188 -1.5505870008 -1.1457573538  2.0000000000
-2.4889936453 -1.8286843897 -1.1595350741  2.0000000000
 0.6043480877 -1.0462030897 -1.1703479137  2.0000000000
 0.4115498330 -1.0911117590 -1.1648003600  2.0000000000
 0.2189984076 -1.1363720494 -1.1596325105  2.0000000000
-0.1668733118 -1.2276160541 -1.1499663819  2.0000000000
-0.3598814846 -1.2742048312 -1.1466243824  2.0000000000
-1.2306998145 -1.4856415893 -1.1316656356  2.0000000000
-1.5234217473 -1.5603968338 -1.1344323608  2.0000000000
-2.6007921151 -1.8385348906 -1.1489907062  2.0000000000
-2.8876857814 -1.9132590306 -1.1538157926  2.0000000000
 0.4920991782 -1.0508550315 -1.1511021135  2.0000000000
 0.1067284843 -1.1415076875 -1.1409595577  2.0000000000
-0.5686941365 -1.3044411259 -1.1291746864  2.0000000000
-1.1504406186 -1.4456004001 -1.1184670531  2.0000000000
-1.3450046246 -1.4952931930 -1.1200749935  2.0000000000
-1.4424284013 -1.5201179134 -1.1209496986  2.0000000000
-1.7354493862 -1.5953286703 -1.1242546500  2.0000000000
-1.8339877081 -1.6207523109 -1.1256114576  2.0000000000
-2.4219430576 -1.7727838625 -1.1337993266  2.0000000000
 1.0545613275 -0.9011567003 -1.1554222346  2.0000000000
 0.7662592449 -0.9656109808 -1.1430343607  2.0000000000
 0.0910595699 -1.1238248618 -1.1247121316  2.0000000000
-0.1985873586 -1.1934888935 -1.1192558794  2.0000000000
-0.4882177273 -1.2639360968 -1.1151439326  2.0000000000
-1.4596682312 -1.5050291237 -1.1086451704  2.0000000000
-2.1435586657 -1.6814256430 -1.1173792839  2.0000000000
-2.5342329378 -1.7826161591 -1.1231164141  2.0000000000
-3.0120628938 -1.9072210511 -1.1312628196  2.0000000000
 0.2682987819 -1.0601790098 -1.1127023288  2.0000000000
-0.0210927109 -1.1294341242 -1.1067915032  2.0000000000
-0.2141718621 -1.1760765046 -1.1034712906  2.0000000000
-1.0863869439 -1.3903539559 -1.0932763065  2.0000000000
-1.2811885377 -1.4399809566 -1.0944896694  2.0000000000
-1.4764462178 -1.4897428823 -1.0960022231  2.0000000000
-2.4522294635 -1.7420865654 -1.1095020035  2.0000000000
 0.7354997606 -0.9292554441 -1.1094143680  2.0000000000
 0.4457705804 -0.9965199351 -1.1007476833  2.0000000000
 0.2527669858 -1.0421699851 -1.0960090986  2.0000000000
-0.2300118811 -1.1589945093 -1.0880978063  2.0000000000
-0.3268766673 -1.1828486166 -1.0871866769  2.0000000000
-0.6169535066 -1.2547025497 -1.0850576892  2.0000000000
-1.3954619540 -1.4494897805 -1.0825362449  2.0000000000
-1.7854015792 -1.5498567185 -1.0870767321  2.0000000000
-2.5642425070 -1.7518102186 -1.0988216086  2.0000000000
 1.2979602838 -0.7827154039 -1.1181832203  2.0000000000
 1.2019782544 -0.8030761184 -1.1125158481  2.0000000000
 0.1408087891 -1.0471751019 -1.0772675411  2.0000000000
-0.3427091624 -1.1659189391 -1.0720241531  2.0000000000
-1.1195753661 -1.3595837090 -1.0679385361  2.0000000000
-1.8997186086 -1.5598597546 -1.0758341777  2.0000000000
-2.6760113083 -1.7617214815 -1.0884063851  2.0000000000
-2.8686650558 -1.8121041876 -1.0917799169  2.0000000000
 1.0907532630 -0.8055279646 -1.0904288464  2.0000000000
 0.8016821374 -0.8699502558 -1.0778890574  2.0000000000
 0.7054589577 -0.8915123696 -1.0738073684  2.0000000000
 0.6088349710 -0.9141655096 -1.0712753586  2.0000000000
 0.2221607389 -1.0057869166 -1.0622254570  2.0000000000
-0.0679666892 -1.0764900864 -1.0582521057  2.0000000000
-0.1647417503 -1.1004261044 -1.0574633700  2.0000000000
-0.5523791000 -1.1971645043 -1.0557178407  2.0000000000
-0.7459482772 -1.2458274076 -1.0553835486  2.0000000000
-0.8434902452 -1.2701451915 -1.0548170656  2.0000000000
-2.1107356060 -1.5952954265 -1.0666234894  2.0000000000
-2.4994454851 -1.6964347360 -1.0729579655  2.0000000000
-2.5954230895 -1.7215055592 -1.0746402652  2.0000000000
 1.5560460123 -0.6837398300 -1.0995922771  2.0000000000
 1.3643401706 -0.7240636983 -1.0876502080  2.0000000000
 1.1721819393 -0.7650756797 -1.0766493120  2.0000000000
 0.8831968234 -0.8288610255 -1.0632814494  2.0000000000
 0.7867432715 -0.8503705419 -1.0590836373  2.0000000000
 0.5938957809 -0.8953496259 -1.0535506175  2.0000000000
 0.0133510686 -1.0348891393 -1.0428795620  2.0000000000
-0.0835505067 -1.0587114585 -1.0418994445  2.0000000000
-0.3744150948 -1.1315586497 -1.0408955053  2.0000000000
-0.5684769679 -1.1802934808 -1.0405135002  2.0000000000
-0.6654904763 -1.2048556747 -1.0406133372  2.0000000000
-1.5434060345 -1.4283616496 -1.0451120016  2.0000000000
-1.7381937659 -1.4788462352 -1.0478521123  2.0000000000
-1.9325627511 -1.5294953933 -1.0510927125  2.0000000000
-2.3213884771 -1.6307502643 -1.0574543366  2.0000000000
-2.4182954456 -1.6560851441 -1.0592642688  2.0000000000
 1.6373660802 -0.6437308801 -1.0867010170  2.0000000000
 1.3495846247 -0.7039342961 -1.0682987503  2.0000000000
 1.2532571634 -0.7246295788 -1.0628531152  2.0000000000
 1.0610279803 -0.7663292697 -1.0528685183  2.0000000000
 0.4821046198 -0.8992081457 -1.0331984369  2.0000000000
 0.2885739274 -0.9454774226 -1.0292937871  2.0000000000
 0.1918911484 -0.9688989545 -1.0277346358  2.0000000000
-0.0018611255 -1.0166757165 -1.0259212465  2.0000000000
-0.0988567262 -1.0408725795 -1.0254623583  2.0000000000
-0.1958581064 -1.0651703700 -1.0251507915  2.0000000000
-0.2929714629 -1.0896996148 -1.0251849974  2.0000000000
-0.5846555498 -1.1636864526 -1.0256941414  2.0000000000
-0.6816775947 -1.1883587077 -1.0260167887  2.0000000000
-1.2679499206 -1.3375111477 -1.0285093690  2.0000000000
-1.3652418564 -1.3627672940 -1.0300280063  2.0000000000
-1.6575487654 -1.4382738382 -1.0338106430  2.0000000000
-2.4347959017 -1.6409463390 -1.0469457476  2.0000000000
-2.8206167243 -1.7416929076 -1.0538208668  2.0000000000
 1.7189311227 -0.6036736669 -1.0737321260  2.0000000000
 1.0461031115 -0.7467057832 -1.0340491263  2.0000000000
 0.9499786718 -0.7680765453 -1.0297729389  2.0000000000
 0.8535978650 -0.7899400623 -1.0260873343  2.0000000000
 0.5641403981 -0.8568872690 -1.0168963783  2.0000000000
 0.3703993903 -0.9033780647 -1.0132693074  2.0000000000
 0.2736504396 -0.9268619869 -1.0118144407  2.0000000000
 0.0799171995 -0.9745045852 -1.0098101910  2.0000000000
-0.5033246613 -1.1217471992 -1.0097713955  2.0000000000
-0.6007405937 -1.1465934956 -1.0101784445  2.0000000000
-0.6981692606 -1.1719332873 -1.0113952850  2.0000000000
-0.7952920624 -1.1967625419 -1.0119116357  2.0000000000
-1.2845995072 -1.3219560224 -1.0154101275  2.0000000000
-1.8691611615 -1.4737961640 -1.0243123166  2.0000000000
-3.3098718869 -1.8506952273 -1.0503014759  2.0000000000
 0.8388780589 -0.7700696830 -1.0069543829  2.0000000000
 0.7424307469 -0.7923376497 -1.0037811149  2.0000000000
 0.6458780637 -0.8150738033 -1.0013404286  2.0000000000
 0.2588600721 -0.9078487280 -0.9937568087  2.0000000000
 0.1620276793 -0.9317827393 -0.9929477385  2.0000000000
-0.1292662059 -1.0045981980 -0.9917700234  2.0000000000
-0.2268452346 -1.0296000730 -0.9923512891  2.0000000000
-0.3241385419 -1.0544086785 -0.9927197680  2.0000000000
-0.9098596661 -1.2057840979 -0.9986221376  2.0000000000
-1.4964044885 -1.3569635569 -1.0050840883  2.0000000000
-2.7579598451 -1.6866879596 -1.0278875567  2.0000000000
 1.9771400810 -0.5041110782 -1.0547911184  2.0000000000
 1.0167779016 -0.7056943429 -0.9944090802  2.0000000000
 0.8242651985 -0.7498603372 -0.9873770363  2.0000000000
 0.5346337229 -0.8181736920 -0.9799189935  2.0000000000
 0.4377919388 -0.8415664088 -0.9782721833  2.0000000000
 0.3409085310 -0.8651507675 -0.9768928481  2.0000000000
-0.0470138861 -0.9615357513 -0.9744422441  2.0000000000
-0.2417503102 -1.0111714908 -0.9751572503  2.0000000000
-0.4378034841 -1.0623561617 -0.9778483319  2.0000000000
-0.8281492433 -1.1638343805 -0.9826889963  2.0000000000
-1.2203758173 -1.2650518517 -0.9869805989  2.0000000000
-1.5132032127 -1.3414906925 -0.9920371648  2.0000000000
-1.6108885690 -1.3669193842 -0.9936498369  2.0000000000
-1.7083275257 -1.3924607418 -0.9955137393  2.0000000000
-2.0970173842 -1.4944230777 -1.0030759945  2.0000000000
-2.1940590441 -1.5198092867 -1.0047883394  2.0000000000
-2.7746124173 -1.6716792730 -1.0157380542  2.0000000000
 1.8673862111 -0.5024376897 -1.0275581335  2.0000000000
 1.7713537183 -0.5218016443 -1.0205458146  2.0000000000
 1.6755135835 -0.5413236909 -1.0137919723  2.0000000000
 1.4830026126 -0.5814492118 -1.0013127508  2.0000000000
 1.2904977842 -0.6215842825 -0.9887497334  2.0000000000
 0.7132466199 -0.7521343412 -0.9647762035  2.0000000000
 0.6167150855 -0.7751296179 -0.9626264596  2.0000000000
 0.2294333548 -0.8696898247 -0.9574787554  2.0000000000
 0.1324473702 -0.8937399686 -0.9567858113  2.0000000000
-0.0617013506 -0.9425548239 -0.9564698027  2.0000000000
-0.3553670414 -1.0189108294 -0.9599573959  2.0000000000
-0.5515600509 -1.0705039649 -0.9632478376  2.0000000000
-0.6491635052 -1.0961118088 -0.9648131060  2.0000000000
-1.0408190112 -1.1985373366 -0.9710863664  2.0000000000
-1.3345636137 -1.2747659484 -0.9751144073  2.0000000000
-1.8228474125 -1.4027917982 -0.9846813548  2.0000000000
 1.7568115799 -0.5007737122 -1.0003105465  2.0000000000
 1.1795812712 -0.6217958340 -0.9636136514  2.0000000000
 1.0839141530 -0.6430922701 -0.9589256291  2.0000000000
 0.9880685910 -0.6644575524 -0.9543426676  2.0000000000
 0.5055044496 -0.7782586142 -0.9411899483  2.0000000000
 0.3118099067 -0.8260759019 -0.9393534183  2.0000000000
 0.1178222144 -0.8745721386 -0.9385482593  2.0000000000
 0.0208438554 -0.8990520019 -0.9385014016  2.0000000000
-0.0760564058 -0.9234472790 -0.9383574941  2.0000000000
-1.3515542384 -1.2591583340 -0.9617018939  2.0000000000
-1.4492580993 -1.2847245524 -0.9635739135  2.0000000000
-1.6450721400 -1.3363128728 -0.9678716074  2.0000000000
-1.8398613042 -1.3876722336 -0.9721113786  2.0000000000
-2.0342780005 -1.4388121289 -0.9760983699  2.0000000000
-2.4217830466 -1.5405834696 -0.9840509405  2.0000000000
-3.0930070139 -1.7166422156 -0.9968357225  2.0000000000
 1.8384144156 -0.4602906987 -0.9870119010  2.0000000000
 1.5502068243 -0.5190761613 -0.9666161830  2.0000000000
 0.8775416839 -0.6657780720 -0.9303872349  2.0000000000
 0.6844396592 -0.7113665541 -0.9251232729  2.0000000000
 0.4912237175 -0.7582818929 -0.9218725193  2.0000000000
 0.3942490786 -0.7821998098 -0.9209297419  2.0000000000
 0.2005213116 -0.8305581799 -0.9198360935  2.0000000000
-0.0907759349 -0.9045314288 -0.9204522830  2.0000000000
-0.1875700520 -0.9292306489 -0.9208184848  2.0000000000
-0.5840375399 -1.0363798592 -0.9321454898  2.0000000000
-0.6815571211 -1.0625732539 -0.9346205827  2.0000000000
-0.7792861413 -1.0884479700 -0.9365499532  2.0000000000
-1.2698829210 -1.2175117575 -0.9460751856  2.0000000000
-1.3681573533 -1.2433271947 -0.9480962432  2.0000000000
-1.7597587933 -1.3467691828 -0.9571451797  2.0000000000
-2.0519927871 -1.4239476303 -0.9637182791  2.0000000000
-2.3426721603 -1.5004366190 -0.9698455048  2.0000000000
-2.5362846183 -1.5511720914 -0.9737155586  2.0000000000
 2.0162243284 -0.4010777051 -0.9816460395  2.0000000000
 1.6318698192 -0.4777975037 -0.9525055417  2.0000000000
 1.1514454355 -0.5795899001 -0.9224121810  2.0000000000
 0.8632917862 -0.6448871022 -0.9099684870  2.0000000000
 0.6702804282 -0.6908858215 -0.9051723797  2.0000000000
 0.5736275091 -0.7140829966 -0.9029933796  2.0000000000
 0.4770652677 -0.7378360160 -0.9018186610  2.0000000000
 0.3800276315 -0.7621809724 -0.9013997249  2.0000000000
 0.1861297615 -0.8109388787 -0.9008983268  2.0000000000
-0.0082589856 -0.8605843180 -0.9017401351  2.0000000000
-0.1054549989 -0.8854466451 -0.9022819200  2.0000000000
-0.5998460591 -1.0188728191 -0.9160785166  2.0000000000
-0.6981522198 -1.0457140367 -0.9192642201  2.0000000000
-1.5815489570 -1.2798154538 -0.9396919664  2.0000000000
-1.6790876982 -1.3056450271 -0.9419657717  2.0000000000
-2.0699858032 -1.4091309606 -0.9513952047  2.0000000000
-2.1673489211 -1.4347556304 -0.9534840017  2.0000000000
-2.7484267382 -1.5873205074 -0.9653869684  2.0000000000
-2.8437276426 -1.6123411608 -0.9672253797  2.0000000000
 2.0997341513 -0.3612891252 -0.9698079857  2.0000000000
 1.6174701625 -0.4563985741 -0.9318172540  2.0000000000
 1.4250362533 -0.4966307357 -0.9189922562  2.0000000000
 1.3283640994 -0.5170230101 -0.9129785597  2.0000000000
 1.2328444656 -0.5377750566 -0.9074350122  2.0000000000
 1.0413393622 -0.5800282442 -0.8972863838  2.0000000000
 0.8495408694 -0.6233620196 -0.8886328998  2.0000000000
 0.7530162401 -0.6462937904 -0.8860438667  2.0000000000
 0.5598005398 -0.6932476245 -0.8824234907  2.0000000000
 0.3660496890 -0.7415997916 -0.8811260411  2.0000000000
 0.2687372071 -0.7665992673 -0.8816436062  2.0000000000
 0.1717432183 -0.7913103755 -0.8819366600  2.0000000000
 0.0745047382 -0.8162685017 -0.8825594200  2.0000000000
-0.4177493559 -0.9473124481 -0.8934841616  2.0000000000
-0.5179151130 -0.9753988413 -0.8978368395  2.0000000000
-1.1067783977 -1.1335025489 -0.9135852367  2.0000000000
-1.4015302454 -1.2119132535 -0.9211457238  2.0000000000
-1.6973893027 -1.2909115413 -0.9296226373  2.0000000000
-2.4761821813 -1.4964593161 -0.9473492113  2.0000000000
-2.7660801494 -1.5725766614 -0.9532778052  2.0000000000
 1.6994316438 -0.4151710387 -0.9179689450  2.0000000000
 1.6031727047 -0.4348353136 -0.9110498768  2.0000000000
 1.3143748785 -0.4951875108 -0.8914966743  2.0000000000
 1.2186595796 -0.5158766507 -0.8858093196  2.0000000000
 1.1232963243 -0.5367567926 -0.8803169228  2.0000000000
 1.0274369322 -0.5582896880 -0.8757461763  2.0000000000
 0.8357977850 -0.6017593200 -0.8671582871  2.0000000000
 0.5462234372 -0.6718092793 -0.8609251404  2.0000000000
 0.2548183297 -0.7459703525 -0.8612426138  2.0000000000
 0.1575666345 -0.7711862269 -0.8622456126  2.0000000000
 0.0601605297 -0.7966842697 -0.8635688373  2.0000000000
-0.1355001356 -0.8477965321 -0.8665587077  2.0000000000
-0.6326661385 -0.9853066125 -0.8855858448  2.0000000000
-0.8290702860 -1.0386778215 -0.8916435666  2.0000000000
-1.3191420651 -1.1697978937 -0.9047379048  2.0000000000
-2.0085703532 -1.3538154717 -0.9244006211  2.0000000000
-2.3976247600 -1.4564226585 -0.9332024334  2.0000000000
 1.6850373418 -0.3937471857 -0.8974109999  2.0000000000
 1.3002398557 -0.4731808736 -0.8697793314  2.0000000000
 0.8223512298 -0.5794183987 -0.8447384156  2.0000000000
 0.4360344011 -0.6741671858 -0.8381690699  2.0000000000
 0.0455778982 -0.7771069798 -0.8445612048  2.0000000000
-0.0523433171 -0.8028490475 -0.8463498300  2.0000000000
-0.1501483031 -0.8286176100 -0.8481578130  2.0000000000
-0.2488204166 -0.8553112672 -0.8509972685  2.0000000000
-0.9436121977 -1.0486965871 -0.8796606620  2.0000000000
-1.3347817448 -1.1538811367 -0.8909617978  2.0000000000
-2.0264617474 -1.3391227173 -0.9121003830  2.0000000000
-2.3189214682 -1.4161652665 -0.9188064117  2.0000000000
-2.6093257159 -1.4926177721 -0.9250700260  2.0000000000
-2.8013401568 -1.5432447500 -0.9290892916  2.0000000000
 1.7671612533 -0.3531342363 -0.8844512605  2.0000000000
 1.3818112881 -0.4310248791 -0.8547537201  2.0000000000
 1.2860540301 -0.4510746191 -0.8479850648  2.0000000000
 1.1907364731 -0.4718197458 -0.8421405368  2.0000000000
 0.8087739617 -0.5573304240 -0.8223499349  2.0000000000
 0.4229461826 -0.6517913692 -0.8155229526  2.0000000000
 0.2279028923 -0.7037323511 -0.8192395034  2.0000000000
 0.0318123348 -0.7565686808 -0.8244047569  2.0000000000
-0.0658070424 -0.7828376711 -0.8268060334  2.0000000000
-0.1646637734 -0.8094992848 -0.8298496226  2.0000000000
-0.9600555619 -1.0324346090 -0.8649291284  2.0000000000
-2.4335039162 -1.4270998918 -0.9087989300  2.0000000000
 1.7529457912 -0.3313834683 -0.8635528814  2.0000000000
 1.6560079658 -0.3501004505 -0.8552451392  2.0000000000
 1.5595645789 -0.3694539397 -0.8476703369  2.0000000000
 1.4635849843 -0.3890824489 -0.8401231146  2.0000000000
 0.9860435212 -0.4917798146 -0.8091033240  2.0000000000
 0.3136547177 -0.6540154906 -0.7926286147  2.0000000000
 0.2145957195 -0.6836164752 -0.7995291764  2.0000000000
 2.4206342522 -0.1827172911 -0.9047198019  2.0000000000
 2.1300624400 -0.2366261041 -0.8775366980  2.0000000000
 1.9328200324 -0.2726518308 -0.8597634527  2.0000000000
 1.8355842323 -0.2909318861 -0.8509232437  2.0000000000
 1.5442966973 -0.3467879026 -0.8256219026  2.0000000000
 1.2575629365 -0.4064859488 -0.8037565122  2.0000000000
 1.1623830400 -0.4271671049 -0.7976969389  2.0000000000
 0.8769485814 -0.4908242790 -0.7816515248  2.0000000000
 0.5907350613 -0.5575465636 -0.7701274549  2.0000000000
 2.3047551943 -0.1778150869 -0.8745940869  2.0000000000
 2.1099356381 -0.2138192841 -0.8564325165  2.0000000000
 1.7212943403 -0.2868203484 -0.8206189868  2.0000000000
 1.6248211889 -0.3054388772 -0.8120613920  2.0000000000
 1.2428750721 -0.3838982702 -0.7813160344  2.0000000000
 0.9585614478 -0.4466530792 -0.7636574251  2.0000000000
 0.7687695408 -0.4895689528 -0.7534452656  2.0000000000
 0.5780302869 -0.5342944024 -0.7460468723  2.0000000000
 0.4826954215 -0.5571523481 -0.7430952172  2.0000000000
-0.0066722251 -0.6965947871 -0.7658570102  2.0000000000
 1.7997087676 -0.2456312886 -0.8079261410  2.0000000000
 1.7042109263 -0.2641868934 -0.7987832368  2.0000000000
 1.2285125647 -0.3612554277 -0.7588669455  2.0000000000
 1.1336047673 -0.3816929741 -0.7522513301  2.0000000000
 0.7555951087 -0.4664561365 -0.7297718358  2.0000000000
 0.5665677008 -0.5099672078 -0.7202732510  2.0000000000
 0.4727026855 -0.5314913160 -0.7153241933  2.0000000000
 2.4579584232 -0.0963559669 -0.8511426773  2.0000000000
 2.1666481907 -0.1499236339 -0.8230771207  2.0000000000
 1.5924044160 -0.2603114816 -0.7682841288  2.0000000000
 1.4975561816 -0.2790905806 -0.7595619194  2.0000000000
 0.5544439279 -0.4860983671 -0.6952124334  2.0000000000
 2.2441192081 -0.1091045679 -0.8112833869  2.0000000000
 1.5744888515 -0.2373659381 -0.7463517447  2.0000000000
 1.3881587209 -0.2760317200 -0.7291779154  2.0000000000
 0.8231840025 -0.3983981633 -0.6872888471  2.0000000000
 0.5422846894 -0.4621621658 -0.6699126248  2.0000000000
 2.6074051648 -0.0150136588 -0.8281461420  2.0000000000
 2.3211973044 -0.0682167081 -0.7998729098  2.0000000000
 2.2242421578 -0.0859821436 -0.7903755517  2.0000000000
 2.1264229835 -0.1039320254 -0.7806625276  2.0000000000
 1.9367739523 -0.1403748679 -0.7615685670  2.0000000000
 1.5570638585 -0.2144854224 -0.7244712512  2.0000000000
 1.4645966551 -0.2337544773 -0.7156058695  2.0000000000
 1.1839337316 -0.2928055678 -0.6909034563  2.0000000000
 0.9969376053 -0.3334158723 -0.6762896941  2.0000000000
 0.8095549445 -0.3751461168 -0.6635630798  2.0000000000
 0.6235251743 -0.4171534947 -0.6510410390  2.0000000000
 0.5305192358 -0.4380511125 -0.6445829755  2.0000000000
 0.4379092719 -0.4587437084 -0.6378791614  2.0000000000
 0.3457065292 -0.4797391048 -0.6320986960  2.0000000000
 2.0140539558 -0.0990498619 -0.7496792019  2.0000000000
 1.6324688711 -0.1724786845 -0.7116077992  2.0000000000
 1.4478628320 -0.2109163496 -0.6935210014  2.0000000000
 1.3550967687 -0.2303058366 -0.6845962771  2.0000000000
 0.8888545018 -0.3309886452 -0.6463629982  2.0000000000
 0.7963069765 -0.3516937222 -0.6394538613  2.0000000000
 0.7034093186 -0.3726398576 -0.6330334255  2.0000000000
 1.9951126857 -0.0758944761 -0.7287049897  2.0000000000
 1.6154777083 -0.1495011890 -0.6896775115  2.0000000000
 1.5233702166 -0.1687776802 -0.6805634260  2.0000000000
 1.4312367588 -0.1881039563 -0.6713449474  2.0000000000
 1.2467894220 -0.2266811986 -0.6529065837  2.0000000000
 1.0608503110 -0.2665938398 -0.6368055751  2.0000000000
 0.6905658577 -0.3490086053 -0.6084476586  2.0000000000
 0.5989352790 -0.3692863746 -0.6003627040  2.0000000000
 0.4142374185 -0.4106340034 -0.5867103413  2.0000000000
 2.2628696124  0.0016984430 -0.7377596124  2.0000000000
 1.6925276505 -0.1077948541 -0.6772223461  2.0000000000
 1.4149931075 -0.1649767239 -0.6487414432  2.0000000000
 0.9534863448 -0.2634329774 -0.6055858464  2.0000000000
 0.8612187339 -0.2840948964 -0.5986338393  2.0000000000
 0.4022839834 -0.3860665385 -0.5597560042  2.0000000000
 2.0528122935 -0.0109182322 -0.6965045147  2.0000000000
 1.5818837822 -0.1033375375 -0.6456978090  2.0000000000
 1.2159380326 -0.1800342290 -0.6062828450  2.0000000000
 1.0315167184 -0.2197357237 -0.5894571166  2.0000000000
 2.1291587972  0.0303851190 -0.6859206173  2.0000000000
 1.6564756074 -0.0611646787 -0.6340614562  2.0000000000
 1.5653947148 -0.0800314610 -0.6234470690  2.0000000000
 1.2002010231 -0.1565384358 -0.5827703438  2.0000000000
 1.1088302446 -0.1762285945 -0.5738505079  2.0000000000
 1.0174720198 -0.1958738979 -0.5648583250  2.0000000000
 0.9259309511 -0.2159257985 -0.5568156805  2.0000000000
 2.2039395187  0.0717553119 -0.6760474680  2.0000000000
 2.1101372034  0.0537812112 -0.6650204185  2.0000000000
 2.0158314473  0.0358083296 -0.6540667789  2.0000000000
 1.6404458329 -0.0379041980 -0.6117835884  2.0000000000
 1.4581185102 -0.0756758334 -0.5901386557  2.0000000000
 1.2763546108 -0.1137567735 -0.5689043658  2.0000000000
 1.0033716152 -0.1720108707 -0.5401162544  2.0000000000
 0.4587245212 -0.2921738585 -0.4867043345  2.0000000000
 1.9026889912  0.0408782865 -0.6221119215  2.0000000000
 1.7149953182  0.0041257236 -0.6009176317  2.0000000000
 1.2605291739 -0.0901693981 -0.5456803843  2.0000000000
 1.0797699326 -0.1286376682 -0.5250321763  2.0000000000
 0.9897117777 -0.1480250384 -0.5150205820  2.0000000000
 0.6286697207 -0.2272951458 -0.4766666175  2.0000000000
 0.5398869549 -0.2467445048 -0.4652314170  2.0000000000
 2.0707565036  0.1005705030 -0.6233137358  2.0000000000
 1.9771446196  0.0825532281 -0.6120484800  2.0000000000
 1.8836498344  0.0643089674 -0.6008885708  2.0000000000
 1.6975615499  0.0277607998 -0.5787010139  2.0000000000
 1.4248719606 -0.0285078369 -0.5449111203  2.0000000000
 1.1552438291 -0.0855759876 -0.5108370107  2.0000000000
 1.0654264866 -0.1047720005 -0.5003791129  2.0000000000
 2.1427701879  0.1421347271 -0.6142819841  2.0000000000
 1.8644924988  0.0879094457 -0.5794512091  2.0000000000
 1.6803682312  0.0513283520 -0.5565673504  2.0000000000
 1.1398385448 -0.0618092946 -0.4872868083  2.0000000000
 0.9623545904 -0.0998976327 -0.4641764038  2.0000000000
 0.6052014975 -0.1779600122 -0.4215919946  2.0000000000
 1.6626892780  0.0750050871 -0.5344980550  2.0000000000
 1.3013185473  0.0001563981 -0.4878556314  2.0000000000
 1.1253554792 -0.0379437881 -0.4626720816  2.0000000000
 0.9483664303 -0.0759897995 -0.4391511558  2.0000000000
 0.7700730155 -0.1145294876 -0.4173716035  2.0000000000
 1.9180375520  0.1531222755 -0.5488848567  2.0000000000
 1.5532471943  0.0801404142 -0.5011478449  2.0000000000
 1.4639077404  0.0617579764 -0.4885394951  2.0000000000
 0.9350247432 -0.0516647572 -0.4131698554  2.0000000000
 0.8462127441 -0.0708336845 -0.4020620538  2.0000000000
 2.1730626885  0.2306609256 -0.5639426929  2.0000000000
 1.8062263747  0.1589732069 -0.5156444014  2.0000000000
 0.3101573154 -0.1612123808 -0.3000029285  2.0000000000
 2.1524720606  0.2541537392 -0.5432237073  2.0000000000
 1.7867391212  0.1826740502 -0.4943350010  2.0000000000
 1.4279597428  0.1094435127 -0.4442800461  2.0000000000
 0.7317560675 -0.0403731885 -0.3374361808  2.0000000000
 0.3857258305 -0.1171773355 -0.2844495026  2.0000000000
 0.2125690893 -0.1555189356 -0.2592052117  2.0000000000
 1.4975454278  0.1518429007 -0.4355368407  2.0000000000
 1.2344061320  0.0962781354 -0.3953134034  2.0000000000
 1.5689378767  0.1940409238 -0.4262696446  2.0000000000
 1.3049200806  0.1389243323 -0.3857704378  2.0000000000
 1.0447751566  0.0831362393 -0.3437824672  2.0000000000
 0.2753775993 -0.0868817351 -0.2161191467  2.0000000000
 1.9995332287  0.3078233728 -0.4695134272  2.0000000000
 1.7275826561  0.2541842882 -0.4316376275  2.0000000000
 1.5490976219  0.2179807265 -0.4052250900  2.0000000000
 1.2862552881  0.1630120296 -0.3639966182  2.0000000000
 1.1143216540  0.1261169932 -0.3342315470  2.0000000000
 0.8576663311  0.0702251855 -0.2902519475  2.0000000000
 0.7732622838  0.0516071723 -0.2749070388  2.0000000000
 0.6895183591  0.0330198223 -0.2591269623  2.0000000000
 0.2636280597 -0.0622216142 -0.1880576388  2.0000000000
 1.5294784259  0.2420193685 -0.3840373055  2.0000000000
 1.4421319020  0.2237374010 -0.3700617116  2.0000000000
 1.2678023901  0.1872414869 -0.3416628334  2.0000000000
 0.8417591555  0.0946164724 -0.2655581838  2.0000000000
 0.6744684934  0.0572887128 -0.2338371572  2.0000000000
 0.1707001562 -0.0561907246 -0.1431297992  2.0000000000
 1.4219906127  0.2480296196 -0.3488430133  2.0000000000
 0.5776717593  0.0631516712 -0.1912325160  2.0000000000
 1.7556095161  0.3439171814 -0.3831510924  2.0000000000
 1.6662289385  0.3260964461 -0.3696620623  2.0000000000
 1.4026842139  0.2720696806 -0.3276109733  2.0000000000
 0.8919469231  0.1619748386 -0.2338320729  2.0000000000
 1.7345914283  0.3679074619 -0.3628584812  2.0000000000
 1.1259446303  0.2420026812 -0.2596674313  2.0000000000
 1.0416263687  0.2235273628 -0.2435601950  2.0000000000
 0.9576374885  0.2050098629 -0.2271932061  2.0000000000
 0.7929780189  0.1675685190 -0.1926568402  2.0000000000
 0.7111873276  0.1487575153 -0.1749826739  2.0000000000
 0.6286551189  0.1301432434 -0.1581924428  2.0000000000
 0.4644006587  0.0928753406 -0.1242645182  2.0000000000
 0.2978456098  0.0550906387 -0.0927059818  2.0000000000
 1.5373952719  0.3564755284 -0.3141648353  2.0000000000
 1.4489245097  0.3386813598 -0.3002516388  2.0000000000
 1.2772702195  0.3026826869 -0.2692714507  2.0000000000
 0.5315826270  0.1357056067 -0.1154796269  2.0000000000
 0.4494576237  0.1170284243 -0.0987003878  2.0000000000
 0.3682476426  0.0985556813 -0.0811352742  2.0000000000
 0.9191591696  0.2545386022 -0.1827259698  2.0000000000
 0.6783751751  0.1973776982 -0.1265541737  2.0000000000
 0.5985879696  0.1784303930 -0.1072732523  2.0000000000
 0.5169294374  0.1598803463 -0.0898068718  2.0000000000
 0.4356931911  0.1412868756 -0.0721824140  2.0000000000
 0.1941719413  0.0859820419 -0.0183352416  2.0000000000
 1.4946646441  0.4049339944 -0.2738305727  2.0000000000
 1.4079427465  0.3871386228 -0.2586325810  2.0000000000
 1.0659335124  0.3158250854 -0.1951165141  2.0000000000
 0.5025669531  0.1839293523 -0.0639531515  2.0000000000
 0.4223106425  0.1656588949 -0.0445917711  2.0000000000
 0.0210547620  0.0731782559  0.0445825956  2.0000000000
 1.6454115226  0.4636787094 -0.2846637818  2.0000000000
 1.3868210832  0.4114094006 -0.2382856861  2.0000000000
 1.1306413180  0.3585643379 -0.1899567384  2.0000000000
 0.2467522759  0.1532641190  0.0187104218  2.0000000000
 1.7082951921  0.5048737652 -0.2810771086  2.0000000000
 1.3653463781  0.4359542213 -0.2181803382  2.0000000000
 0.8586786211  0.3293778637 -0.1178590210  2.0000000000
 0.2338430284  0.1776615298  0.0467119774  2.0000000000
 0.0761690393  0.1407440030  0.0838575755  2.0000000000
 1.5151753529  0.4949679861 -0.2299966928  2.0000000000
 1.2585683742  0.4429443526 -0.1816526440  2.0000000000
 0.7553393244  0.3364386995 -0.0788865894  2.0000000000
 0.2185489095  0.2023674782  0.0731078002  2.0000000000
 0.8986334301  0.3978361561 -0.0935993329  2.0000000000
 0.2820537470  0.2452325847  0.0806276437  2.0000000000
 0.9610077434  0.4403574655 -0.0904897132  2.0000000000
 0.7121742829  0.3878873808 -0.0358445508  2.0000000000
 0.1914157448  0.2508345210  0.1295089184  2.0000000000
 0.0379647806  0.2136639843  0.1691338794  2.0000000000
 1.2784370090  0.5341279480 -0.1384897746  2.0000000000
 1.6826699053  0.6421399813 -0.1995376205  2.0000000000
 0.9166738709  0.4901408031 -0.0510758434  2.0000000000
 0.8336422471  0.4729115883 -0.0324906807  2.0000000000
 0.0746791437  0.2837662988  0.1948588015  2.0000000000
-0.0636109559  0.2436654530  0.2456616028  2.0000000000
 1.4067984886  0.6170127809 -0.1318976240  2.0000000000
 0.6466742706  0.4637919961  0.0267189993  2.0000000000
 0.8732840634  0.5403967859 -0.0112071250  2.0000000000
 0.7074145832  0.5061430737  0.0275845306  2.0000000000
 0.6189523903  0.4902818017  0.0440609206  2.0000000000
 0.4636953925  0.4536515245  0.0884933594  2.0000000000
 1.2785485698  0.6493925548 -0.0767415349  2.0000000000
 1.1926989063  0.6328166605 -0.0601616346  2.0000000000
 0.9366821506  0.5821531029 -0.0087722525  2.0000000000
 0.4376235593  0.4798183975  0.1069224803  2.0000000000
 0.2862175369  0.4420792589  0.1528796031  2.0000000000
 0.2169978868  0.4218079271  0.1807809637  2.0000000000
-0.0163964339  0.3335126057  0.3202069711  2.0000000000
 1.4278269871  0.7068793428 -0.0897170076  2.0000000000
 1.2368009496  0.6986194018 -0.0382091091  2.0000000000
 1.1511156172  0.6820444474 -0.0214725867  2.0000000000
 0.8050779426  0.6164443126  0.0465046509  2.0000000000
 0.3004277016  0.5155786084  0.1617833162  2.0000000000
 0.0881562192  0.4568953966  0.2401728829  2.0000000000
 1.1297866253  0.7067850804 -0.0024331713  2.0000000000
 1.0437103256  0.6903682477  0.0143299629  2.0000000000
 0.9573531336  0.6739686861  0.0312176768  2.0000000000
 0.7814930476  0.6419985301  0.0649577550  2.0000000000
 0.5139355865  0.5949057696  0.1154917858  2.0000000000
 0.3321225658  0.5644204056  0.1478949144  2.0000000000
 1.1085012613  0.7313622598  0.0164660568  2.0000000000
 0.2950009955  0.5931715142  0.1606383392  2.0000000000
