 2.1757105128 -1.6623201941 -0.4639667574  1.0000000000
 2.1073200990 -1.7876092673 -0.5083258460  1.0000000000
 2.0382919538 -1.9128030634 -0.5530699443  1.0000000000
 2.1809731066 -1.5171334536 -0.4357546087  1.0000000000
 2.0184429327 -1.8087420110 -0.5403763530  1.0000000000
 1.9728090662 -1.8924274582 -0.5701021555  1.0000000000
 2.1605267486 -1.4129815093 -0.4225051858  1.0000000000
 2.1374497338 -1.4543638680 -0.4374780780  1.0000000000
 2.0905653851 -1.5372891355 -0.4674620210  1.0000000000
 1.9522326729 -1.7879438736 -0.5575203355  1.0000000000
 1.9297733204 -1.8299270183 -0.5723827294  1.0000000000
 2.0701670250 -1.4327169245 -0.4542288330  1.0000000000
 2.0467363956 -1.4742466241 -0.4693727898  1.0000000000
 2.0235108425 -1.5161246868 -0.4846028360  1.0000000000
 1.8634737375 -1.8091551901 -0.5895251866  1.0000000000
 2.0720692024 -1.2866041084 -0.4256187717  1.0000000000
 1.9562217889 -1.4948359631 -0.5015791290  1.0000000000
 1.8652518455 -1.6625527444 -0.5618596031  1.0000000000
 1.7750456718 -1.8304602465 -0.6215104972  1.0000000000
 1.6612705741 -2.0396687990 -0.6956433952  1.0000000000
 1.9353597946 -1.3895737811 -0.4879276797  1.0000000000
 1.6189548221 -1.9780548281 -0.6979960016  1.0000000000
 1.6208659901 -1.8313156379 -0.6708243573  1.0000000000
 1.5760984673 -1.9157410074 -0.7004811396  1.0000000000
 1.8469895402 -1.2629719339 -0.4910742280  1.0000000000
 1.6431017195 -1.6415836913 -0.6282808393  1.0000000000
 1.6213330899 -1.6839615968 -0.6433854056  1.0000000000
 1.7794724527 -1.2413072351 -0.5079424193  1.0000000000
 1.7557380099 -1.2831806161 -0.5234420811  1.0000000000
 1.6215878056 -1.5364376825 -0.6152861007  1.0000000000
 1.7812764850 -1.0947157923 -0.4785748326  1.0000000000
 1.7117383911 -1.2195755524 -0.5247918974  1.0000000000
 1.5991464331 -1.4305521129 -0.6017560182  1.0000000000
 1.4891733555 -1.6422950938 -0.6776938410  1.0000000000
 1.3568940441 -1.8967599902 -0.7670219934  1.0000000000
 1.3121865024 -1.9812958536 -0.7964176177  1.0000000000
 1.6210983048 -1.2399383754 -0.5572421189  1.0000000000
 1.5983742838 -1.2821310381 -0.5726701493  1.0000000000
 1.6449009013 -1.0504463986 -0.5120212334  1.0000000000
 1.6004858684 -1.1343839478 -0.5429416638  1.0000000000
 1.4435772780 -1.4304641277 -0.6511778421  1.0000000000
 1.3357903578 -1.6432972060 -0.7272177954  1.0000000000
 1.3138541247 -1.6858619120 -0.7421380384  1.0000000000
 1.2919307495 -1.7284119812 -0.7570652245  1.0000000000
 1.2261515967 -1.8561935980 -0.8015912091  1.0000000000
 1.2041180151 -1.8987568662 -0.8163278668  1.0000000000
 1.1589707230 -1.9831261494 -0.8457012046  1.0000000000
 1.1367027199 -2.0252115254 -0.8604253763  1.0000000000
 1.5095720216 -1.1544115464 -0.5752568417  1.0000000000
 1.4636083448 -1.2388281626 -0.6065156084  1.0000000000
 1.3767135094 -1.4090957908 -0.6682313485  1.0000000000
 1.3124353227 -1.5371707832 -0.7141120518  1.0000000000
 1.2911135063 -1.5798579788 -0.7293298266  1.0000000000
 1.1828901594 -1.7931813388 -0.8041820868  1.0000000000
 1.1609342255 -1.8358720106 -0.8189200816  1.0000000000
 1.4410031965 -1.1320366630 -0.5919772946  1.0000000000
 1.3747142897 -1.2597088781 -0.6388672187  1.0000000000
 1.3527691580 -1.3022425059 -0.6543429980  1.0000000000
 1.2678246323 -1.4736509833 -0.7160773302  1.0000000000
 1.2464985293 -1.5162844754 -0.7313231132  1.0000000000
 1.0960379618 -1.8156723256 -0.8363002601  1.0000000000
 1.3725698783 -1.1097139136 -0.6086700048  1.0000000000
 1.3506778891 -1.1524874043 -0.6244299973  1.0000000000
 1.3292148867 -1.1953532855 -0.6401531277  1.0000000000
 1.1597029481 -1.5384135620 -0.7637856165  1.0000000000
 1.0089887364 -1.8382453608 -0.8684382676  1.0000000000
 1.2405528087 -1.2166223342 -0.6727660902  1.0000000000
 1.1356222477 -1.4316868739 -0.7503937038  1.0000000000
 1.1148410286 -1.4747113036 -0.7657647744  1.0000000000
 1.0732557127 -1.5607857303 -0.7962484842  1.0000000000
 0.9221360814 -1.8611164240 -0.9005385419  1.0000000000
 0.8998471681 -1.9038607641 -0.9151861477  1.0000000000
 1.1731185776 -1.1948736166 -0.6896333651  1.0000000000
 1.1523788002 -1.2380610696 -0.7053853093  1.0000000000
 1.0898778590 -1.3673762482 -0.7520416139  1.0000000000
 1.0284826138 -1.4970696273 -0.7982846894  1.0000000000
 0.9865802380 -1.5832236733 -0.8286444927  1.0000000000
 0.9655245791 -1.6263052228 -0.8437876515  1.0000000000
 1.1865015823 -0.9990458467 -0.6429195410  1.0000000000
 1.1454624310 -1.0855625684 -0.6746236718  1.0000000000
 1.1054115675 -1.1729836046 -0.7065236664  1.0000000000
 1.0651476063 -1.2600120572 -0.7381057946  1.0000000000
 0.9834720110 -1.4332419172 -0.8002046999  1.0000000000
 0.9422798833 -1.5196311718 -0.8307499012  1.0000000000
 0.9004572641 -1.6059090624 -0.8610055146  1.0000000000
 0.8794237735 -1.6489797845 -0.8760768755  1.0000000000
 0.8581799056 -1.6920369200 -0.8910013850  1.0000000000
 0.7486667080 -1.9070635459 -0.9647951735  1.0000000000
 0.9981234552 -1.2384588358 -0.7550627451  1.0000000000
 0.9782576583 -1.2821532567 -0.7708849513  1.0000000000
 0.9379973112 -1.3690559625 -0.8020168983  1.0000000000
 0.8975203583 -1.4558044995 -0.8327903542  1.0000000000
 0.8770348880 -1.4991524572 -0.8480450693  1.0000000000
 0.8356021017 -1.5856667485 -0.8783778075  1.0000000000
 0.7937851482 -1.6719952864 -0.9084582875  1.0000000000
 0.7721605552 -1.7150802700 -0.9232800611  1.0000000000
 0.7061525725 -1.8443619829 -0.9675418927  1.0000000000
 0.6838770746 -1.8873520292 -0.9822049286  1.0000000000
 0.9123050807 -1.2612059136 -0.7880611436  1.0000000000
 0.8521032282 -1.3916822549 -0.8346750972  1.0000000000
 0.8322836073 -1.4353610946 -0.8501160305  1.0000000000
 0.7078505862 -1.6950676216 -0.9407677768  1.0000000000
 0.6196046603 -1.8676280468 -0.9996951529  1.0000000000
 0.9580043051 -0.9741085242 -0.7087019832  1.0000000000
 0.9015374735 -1.1067474444 -0.7570019912  1.0000000000
 0.8646518719 -1.1957135058 -0.7892512338  1.0000000000
 0.8457420184 -1.2399050802 -0.8051550383  1.0000000000
 0.8263440664 -1.2837819503 -0.8208863648  1.0000000000
 0.7869499348 -1.3712237305 -0.8520001238  1.0000000000
 0.7470492614 -1.4584630216 -0.8827761898  1.0000000000
 0.8884913661 -0.9510478445 -0.7251841601  1.0000000000
 0.8340901929 -1.0849846243 -0.7739736755  1.0000000000
 0.7605737657 -1.2629563510 -0.8381895333  1.0000000000
 0.7412270746 -1.3068773732 -0.8538602159  1.0000000000
 0.7216284329 -1.3506430248 -0.8693607923  1.0000000000
 0.6621143346 -1.4819500457 -0.9155118813  1.0000000000
 0.6418546947 -1.5255165984 -0.9308000014  1.0000000000
 0.6211976465 -1.5688514732 -0.9459168013  1.0000000000
 0.6006716224 -1.6122080317 -0.9609938979  1.0000000000
 0.8016447893 -0.9731251854 -0.7581840373  1.0000000000
 0.7136696369 -1.1980311281 -0.8397665452  1.0000000000
 0.6174145568 -1.4181023219 -0.9177398029  1.0000000000
 0.5150377540 -1.6355331354 -0.9933419697  1.0000000000
 0.4487648603 -1.7652679228 -1.0374937903  1.0000000000
 0.3828028592 -1.8940827776 -1.0814335492  1.0000000000
 0.7327650725 -0.9506254713 -0.7748962764  1.0000000000
 0.6989006192 -1.0412568444 -0.8078787829  1.0000000000
 0.6290050096 -1.2213327181 -0.8728190098  1.0000000000
 0.5916767645 -1.3100900396 -0.9043440770  1.0000000000
 0.5127143531 -1.4855500068 -0.9658367417  1.0000000000
 0.4924481637 -1.5291010169 -0.9810161754  1.0000000000
 0.4719873129 -1.5725831242 -0.9961292247  1.0000000000
 0.3624151683 -1.7889059813 -1.0698481509  1.0000000000
 0.6789845939 -0.8817912543 -0.7746166038  1.0000000000
 0.6329653970 -1.0203015415 -0.8252413860  1.0000000000
 0.5989625125 -1.1109351352 -0.8580667560  1.0000000000
 0.5814408813 -1.1559191470 -0.8742174446  1.0000000000
 0.5452383387 -1.2452528786 -0.9060539708  1.0000000000
 0.4680353457 -1.4218036626 -0.9681341342  1.0000000000
 0.4077975888 -1.5529050615 -1.0137600872  1.0000000000
 0.5972172280 -0.9067304532 -0.8087886270  1.0000000000
 0.5815835760 -0.9527469611 -0.8256024541  1.0000000000
 0.5158149006 -1.1352314153 -0.8916804773  1.0000000000
 0.4799404259 -1.2248033151 -0.9235248270  1.0000000000
 0.4615533796 -1.2693770097 -0.9392843589  1.0000000000
 0.4427590385 -1.3138358774 -0.9549592128  1.0000000000
 0.4230901271 -1.3577793777 -0.9703154863  1.0000000000
 0.3434329690 -1.5332732956 -1.0313636026  1.0000000000
 0.2125268527 -1.7925015529 -1.1195495019  1.0000000000
 0.5533505493 -0.7888161251 -0.7903458371  1.0000000000
 0.5299977122 -0.8851608372 -0.8259871834  1.0000000000
 0.5001084118 -0.9779864514 -0.8598468090  1.0000000000
 0.4503598726 -1.1145466394 -0.9090323576  1.0000000000
 0.3971797519 -1.2494950012 -0.9570179528  1.0000000000
 0.3781109788 -1.2937694237 -0.9725658196  1.0000000000
 0.3192951021 -1.4260729931 -1.0186059706  1.0000000000
 0.2993857878 -1.4700093947 -1.0339037081  1.0000000000
 0.1699135898 -1.7300761739 -1.1226701593  1.0000000000
 0.4733500646 -0.8147133873 -0.8250070112  1.0000000000
 0.4186794055 -1.0032047762 -0.8940052152  1.0000000000
 0.4022386427 -1.0487932088 -0.9104348125  1.0000000000
 0.3852990488 -1.0940611759 -0.9266103059  1.0000000000
 0.3679419833 -1.1392773227 -0.9426255937  1.0000000000
 0.2352133053 -1.4505804898 -1.0516016146  1.0000000000
 0.2145189720 -1.4941162029 -1.0666539906  1.0000000000
 0.4253804117 -0.6943967508 -0.8053316400  1.0000000000
 0.3834011526 -0.8899605289 -0.8779739364  1.0000000000
 0.3690132122 -0.9366055122 -0.8949744423  1.0000000000
 0.3371367594 -1.0283093660 -0.9279633227  1.0000000000
 0.2686210675 -1.2099315200 -0.9926393606  1.0000000000
 0.1503585009 -1.4745832744 -1.0843845524  1.0000000000
 0.1289932474 -1.5180420272 -1.0991973973  1.0000000000
 0.0643133607 -1.6482380073 -1.1435470553  1.0000000000
 0.3041594411 -0.9164175741 -0.9128269339  1.0000000000
 0.2885125218 -0.9623864336 -0.9294132027  1.0000000000
 0.2561006497 -1.0541396317 -0.9621042054  1.0000000000
 0.1860115034 -1.2347886434 -1.0261035911  1.0000000000
 0.0435099626 -1.5421014816 -1.1318113181  1.0000000000
 0.0219885563 -1.5854823450 -1.1465487884  1.0000000000
 0.3080641454 -0.5514448579 -0.8022028157  1.0000000000
 0.3016262828 -0.6023309512 -0.8215344470  1.0000000000
 0.2655753100 -0.8013744067 -0.8960804992  1.0000000000
 0.2539844440 -0.8497049325 -0.9139243303  1.0000000000
 0.2246458889 -0.9427160470 -0.9475169104  1.0000000000
 0.1402147988 -1.1704256767 -1.0282651324  1.0000000000
 0.0426915111 -1.3915868377 -1.1048303076  1.0000000000
 0.0223790640 -1.4356752542 -1.1199426443  1.0000000000
-0.0201501072 -1.5228038409 -1.1496232855  1.0000000000
-0.0412093080 -1.5663483409 -1.1645303434  1.0000000000
 0.2415412898 -0.4749174150 -0.7973159294  1.0000000000
 0.2369741562 -0.5820868151 -0.8394716837  1.0000000000
 0.0946099424 -1.1061801603 -1.0305394842  1.0000000000
 0.0765047421 -1.1510309523 -1.0463581074  1.0000000000
 0.0578691336 -1.1955965402 -1.0618500792  1.0000000000
 0.0382028090 -1.2397814807 -1.0770986351  1.0000000000
 0.1722273955 -0.5618151978 -0.8574668763  1.0000000000
 0.0476976495 -1.0410781775 -1.0324607551  1.0000000000
 0.0131614549 -1.1317778090 -1.0644593957  1.0000000000
-0.0252565456 -1.2204650785 -1.0951122554  1.0000000000
-0.0842447012 -1.3532887070 -1.1408499121  1.0000000000
 0.1088356748 -0.5422332481 -0.8758455377  1.0000000000
 0.0481638582 -0.8374906029 -0.9854368782  1.0000000000
-0.0320859307 -1.0677501775 -1.0668211178  1.0000000000
-0.1078076900 -1.2457606459 -1.1285018662  1.0000000000
 0.3625245807  2.0621263832 -0.0891236332  1.0000000000
 0.3516554597  2.0116414856 -0.1023058180  1.0000000000
 0.3301191908  1.9104199605 -0.1285699850  1.0000000000
 0.0501131583 -0.4702631984 -0.8739015292  1.0000000000
 0.0454722515 -0.5226981496 -0.8942845892  1.0000000000
 0.0277457603 -0.6227353960 -0.9316700867  1.0000000000
 0.0094168172 -0.7224024208 -0.9689758468  1.0000000000
-0.0028485003 -0.7702287204 -0.9863916087  1.0000000000
-0.0307274864 -0.8644510429 -1.0202523866  1.0000000000
-0.0952952308 -1.0485217268 -1.0853013933  1.0000000000
-0.1132106199 -1.0934906670 -1.1008050920  1.0000000000
-0.2725382599 -1.4463250710 -1.2215910513  1.0000000000
 0.2532827846  1.7645449986 -0.1922646724  1.0000000000
 0.2425180948  1.7136539655 -0.2052669604  1.0000000000
-0.1949886233 -1.1191192927 -1.1345523755  1.0000000000
-0.2939252530 -1.3400473962 -1.2101427849  1.0000000000
 0.2734824034  2.0750076412 -0.1379307127  1.0000000000
-0.0726481741 -0.2127962638 -0.8232349397  1.0000000000
-0.0786877869 -0.4851380452 -0.9321179829  1.0000000000
-0.1075428160 -0.6340299389 -0.9874105951  1.0000000000
-0.1296881675 -0.7315130033 -1.0231413977  1.0000000000
-0.2393066854 -1.0553888019 -1.1374164043  1.0000000000
-0.3768191776 -1.3648448620 -1.2431491298  1.0000000000
-0.3971895216 -1.4083533902 -1.2577599372  1.0000000000
 0.2398073568  2.1320056258 -0.1490869307  1.0000000000
 0.2288096002  2.0814319412 -0.1624199967  1.0000000000
-0.1325006723  0.0257414385 -0.7523440216  1.0000000000
-0.1331811166 -0.1947432501 -0.8427523620  1.0000000000
-0.1794088794 -0.6648986655 -1.0245852782  1.0000000000
-0.1917011878 -0.7129664815 -1.0420156876  1.0000000000
-0.2047583219 -0.7605441344 -1.0591353606  1.0000000000
-0.2350160872 -0.8535629028 -1.0920264087  1.0000000000
-0.3996731059 -1.2582761681 -1.2315729778  1.0000000000
 0.2060628657  2.1889153764 -0.1602779406  1.0000000000
 0.1511379463  1.9357556546 -0.2267850253  1.0000000000
 0.1401603767  1.8849943397 -0.2400727358  1.0000000000
 0.1083221261  1.7325580530 -0.2790643436  1.0000000000
 0.0875470804  1.6301468474 -0.3045783238  1.0000000000
 0.0563265172  1.4750555263 -0.3422864703  1.0000000000
 0.0458133943  1.4235875842 -0.3548222952  1.0000000000
 0.0355196591  1.3716614262 -0.3670569008  1.0000000000
-0.2075179992  0.4384092020 -0.6001938489  1.0000000000
-0.2108834501  0.3843360018 -0.6212870539  1.0000000000
-0.1863071134 -0.1808874816 -0.8654307147  1.0000000000
-0.1925763688 -0.3429803951 -0.9296060377  1.0000000000
-0.1949524565 -0.3968060283 -0.9508898806  1.0000000000
-0.2407054299 -0.6467289202 -1.0437626018  1.0000000000
-0.2971387904 -0.8350109388 -1.1108072853  1.0000000000
-0.3133444453 -0.8810575706 -1.1269773680  1.0000000000
-0.3467470728 -0.9724954582 -1.1587039616  1.0000000000
-0.3644568401 -1.0177729339 -1.1742693774  1.0000000000
-0.4224769593 -1.1512165660 -1.2198366934  1.0000000000
 0.1171586053  1.9929863320 -0.2381806194  1.0000000000
-0.2103917741  0.6021300996 -0.5760171140  1.0000000000
-0.2424963456  0.4452110970 -0.6319476144  1.0000000000
-0.2481463357  0.3360718690 -0.6760293126  1.0000000000
-0.2374635152  0.0534576794 -0.7979499561  1.0000000000
-0.2555493139 -0.3788163405 -0.9703807210  1.0000000000
-0.3023101266 -0.6283258821 -1.0627996288  1.0000000000
-0.3148504753 -0.6762582293 -1.0800031991  1.0000000000
-0.4647161824 -1.0884675961 -1.2232864954  1.0000000000
 0.1277248785  2.2523714872 -0.1958985166  1.0000000000
 0.0945286172  2.1007972799 -0.2360489542  1.0000000000
 0.0396587704  1.8470206102 -0.3024182759  1.0000000000
 0.0291353063  1.7961997398 -0.3153903231  1.0000000000
 0.0185911269  1.7452773156 -0.3283602646  1.0000000000
-0.0127831003  1.5917003200 -0.3667344927  1.0000000000
-0.0440917086  1.4373504060 -0.4045561926  1.0000000000
-0.0646509808  1.3339595141 -0.4292288695  1.0000000000
-0.1363263643  0.9127244688 -0.5170630735  1.0000000000
-0.1549995961  0.8620198141 -0.5303989080  1.0000000000
-0.2788139295  0.4522831338 -0.6634420995  1.0000000000
-0.2917238942  0.3456481494 -0.7036688859  1.0000000000
-0.2920963528  0.2902175868 -0.7267651298  1.0000000000
-0.2880227061  0.1216462255 -0.7987690449  1.0000000000
-0.2903537403  0.0119201909 -0.8436354558  1.0000000000
-0.2923833667 -0.0424305944 -0.8654749991  1.0000000000
-0.3045648938 -0.2569664490 -0.9501939956  1.0000000000
-0.3149437062 -0.3616561978 -0.9904587697  1.0000000000
-0.3328558189 -0.4619422254 -1.0275752501  1.0000000000
-0.3424491894 -0.5117493529 -1.0459867817  1.0000000000
-0.3900298020 -0.7053745273 -1.1158909889  1.0000000000
-0.4200532918 -0.7985828859 -1.1486699543  1.0000000000
-0.4705013435 -0.9355768494 -1.1960279648  1.0000000000
-0.5072629072 -1.0256290612 -1.2267329933  1.0000000000
-0.5458639514 -1.1145178559 -1.2569292150  1.0000000000
-0.0158064572  1.8027616537 -0.3401152184  1.0000000000
-0.0263252125  1.7518533243 -0.3530450141  1.0000000000
-0.0474895645  1.6499425772 -0.3789090448  1.0000000000
-0.0788269442  1.4958616399 -0.4169542164  1.0000000000
-0.1398343098  1.1846127243 -0.4898017665  1.0000000000
-0.1486691722  1.1319960436 -0.5007834063  1.0000000000
-0.2532343121  0.7187777707 -0.6076286543  1.0000000000
-0.2880461388  0.6170549233 -0.6387104764  1.0000000000
-0.3216828764  0.4611751689 -0.6919317259  1.0000000000
-0.3369890795  0.1890636143 -0.8003236982  1.0000000000
-0.3372880173  0.1336971811 -0.8233830004  1.0000000000
-0.3481810503 -0.0825380625 -0.9097464511  1.0000000000
-0.3604610732 -0.2416581547 -0.9716356631  1.0000000000
-0.3662494063 -0.2937212631 -0.9915421858  1.0000000000
-0.4368948100 -0.6402522585 -1.1184477641  1.0000000000
-0.4514018838 -0.6871667038 -1.1349668382  1.0000000000
-0.4811390674 -0.7805850549 -1.1677048793  1.0000000000
-0.6073945726 -1.0962671155 -1.2755775547  1.0000000000
-0.0497748828  1.8603056614 -0.3515930049  1.0000000000
-0.0607497148  1.8094221429 -0.3648527108  1.0000000000
-0.0925817986  1.6567591137 -0.4037750836  1.0000000000
-0.1240802574  1.5029448614 -0.4419590102  1.0000000000
-0.1344891820  1.4514430753 -0.4545210069  1.0000000000
-0.1653236709  1.2963013897 -0.4916126955  1.0000000000
-0.1857684015  1.1924717951 -0.5158174059  1.0000000000
-0.2158666678  1.0358300670 -0.5508353284  1.0000000000
-0.2983830890  0.7278928928 -0.6355027325  1.0000000000
-0.3801203411  0.3095438656 -0.7818866024  1.0000000000
-0.3859013731  0.2009190681 -0.8252394177  1.0000000000
-0.4063132674 -0.1213255781 -0.9527168540  1.0000000000
-0.4118119063 -0.1735900267 -0.9727944687  1.0000000000
-0.4323873697 -0.3280157754 -1.0309258041  1.0000000000
-0.4725172584 -0.5263005066 -1.1034840353  1.0000000000
-0.4837842422 -0.5751386294 -1.1210283392  1.0000000000
-0.5264888783 -0.7163290793 -1.1707531149  1.0000000000
-0.5419449587 -0.7627807446 -1.1868692312  1.0000000000
-0.5584494910 -0.8085779290 -1.2026800478  1.0000000000
-0.5932365843 -0.8994203251 -1.2336649383  1.0000000000
-0.0395319699  2.1207001524 -0.3095065546  1.0000000000
-0.0838723742  1.9177842769 -0.3631550602  1.0000000000
-0.1271185033  1.7146082752 -0.4157613571  1.0000000000
-0.1376747544  1.6635964202 -0.4286577542  1.0000000000
-0.1692610862  1.5099632257 -0.4668941649  1.0000000000
-0.1797167135  1.4584595343 -0.4795228833  1.0000000000
-0.1901317338  1.4069980173 -0.4921066691  1.0000000000
-0.2112118564  1.3039623141 -0.5173876007  1.0000000000
-0.2214329773  1.2522142790 -0.5296636519  1.0000000000
-0.2731989025  0.9924040662 -0.5901157959  1.0000000000
-0.2863285278  0.9409782013 -0.6040046934  1.0000000000
-0.3730560243  0.6344694050 -0.6960421046  1.0000000000
-0.4143705670  0.4263216642 -0.7681210773  1.0000000000
-0.4297308570  0.2659596925 -0.8296666127  1.0000000000
-0.4380149289  0.1587069123 -0.8716369200  1.0000000000
-0.4423612089  0.1053819328 -0.8923640691  1.0000000000
-0.4562345875 -0.0538229868 -0.9542956803  1.0000000000
-0.4612731616 -0.1065412805 -0.9746392918  1.0000000000
-0.5434376467 -0.5579026749 -1.1407401697  1.0000000000
-0.5571003242 -0.6052680929 -1.1575103991  1.0000000000
-0.5863006030 -0.6990277510 -1.1902677350  1.0000000000
-0.6189395144 -0.7909282871 -1.2218921554  1.0000000000
-0.6369809233 -0.8360684696 -1.2371059078  1.0000000000
-0.6551459660 -0.8810792122 -1.2522975053  1.0000000000
-0.0287768582  2.3795221616 -0.2669947725  1.0000000000
-0.0397355338  2.3293948662 -0.2802784050  1.0000000000
-0.1065496786  2.0257966870 -0.3609866434  1.0000000000
-0.1933776828  1.6195258600 -0.4664510528  1.0000000000
-0.2038878534  1.5683449099 -0.4792023619  1.0000000000
-0.2143694598  1.5171311371 -0.4919027419  1.0000000000
-0.2569269111  1.3115049179 -0.5430514917  1.0000000000
-0.2779172979  1.2084123753 -0.5681209483  1.0000000000
-0.2884694454  1.1565761029 -0.5805176974  1.0000000000
-0.3202301485  1.0009598534 -0.6174133914  1.0000000000
-0.3323520694  0.9497011262 -0.6311965941  1.0000000000
-0.4404229267  0.5402931967 -0.7586851982  1.0000000000
-0.4582395434  0.4357345290 -0.7958953794  1.0000000000
-0.4980473543  0.0648904977 -0.9368935588  1.0000000000
-0.5030349663  0.0119899751 -0.9573529123  1.0000000000
-0.5091230514 -0.0402062353 -0.9771763305  1.0000000000
-0.5231362465 -0.1434170483 -1.0159155942  1.0000000000
-0.5672727721 -0.3952119900 -1.1087225280  1.0000000000
-0.6036141495 -0.5402708917 -1.1603369393  1.0000000000
-0.6163367936 -0.5882341704 -1.1773068284  1.0000000000
-0.6618844649 -0.7279660472 -1.2257425964  1.0000000000
-0.7344120183 -0.9080711449 -1.2862357828  1.0000000000
-0.7711779865 -0.9973597955 -1.3162412847  1.0000000000
-0.1290673046  2.1339553900 -0.3586387706  1.0000000000
-0.2278118324  1.6774572111 -0.4784040206  1.0000000000
-0.2384749572  1.6265235229 -0.4913531423  1.0000000000
-0.4215592923  0.8056325796 -0.7044152197  1.0000000000
-0.4842349809  0.5494522070 -0.7866541495  1.0000000000
-0.5179332474  0.3405455751 -0.8616689621  1.0000000000
-0.5248083162  0.2879558006 -0.8811482352  1.0000000000
-0.5492713254  0.0777733904 -0.9606317835  1.0000000000
-0.5627698900 -0.0261814467 -0.9996796829  1.0000000000
-0.5708682309 -0.0773933436 -1.0185408880  1.0000000000
-0.5874116340 -0.1789985759 -1.0561945649  1.0000000000
-0.5952660594 -0.2299692377 -1.0751192857  1.0000000000
-0.6053787240 -0.2795749367 -1.0931270762  1.0000000000
-0.6260220553 -0.3784793959 -1.1289143747  1.0000000000
-0.6901919249 -0.6181147386 -1.2134305287  1.0000000000
-0.7052314370 -0.6647514013 -1.2295692431  1.0000000000
-0.7392928543 -0.7560438269 -1.2605136491  1.0000000000
-0.7940345298 -0.8906836654 -1.3055950344  1.0000000000
-0.1400757961  2.2924615788 -0.3425677707  1.0000000000
-0.1512538734  2.2419140467 -0.3560604261  1.0000000000
-0.2621282616  1.7351452619 -0.4901872588  1.0000000000
-0.2729417515  1.6845615273 -0.5033559584  1.0000000000
-0.2836195005  1.6336718230 -0.5163242618  1.0000000000
-0.3051615032  1.5318390715 -0.5423922563  1.0000000000
-0.3593441313  1.2756242690 -0.6074518820  1.0000000000
-0.4810643857  0.7636382965 -0.7472786312  1.0000000000
-0.5053846728  0.6614790895 -0.7802106219  1.0000000000
-0.5385866921  0.5070129694 -0.8322486464  1.0000000000
-0.5566398829  0.4032105240 -0.8689218850  1.0000000000
-0.5871294740  0.1947485293 -0.9452713794  1.0000000000
-0.6245601657 -0.0633864826 -1.0410039686  1.0000000000
-0.6333779657 -0.1140371819 -1.0595334508  1.0000000000
-0.6425927222 -0.1643070816 -1.0779390060  1.0000000000
-0.6720802472 -0.3136828921 -1.1320941415  1.0000000000
-0.7202044993 -0.5073215629 -1.2007058020  1.0000000000
-0.7335873761 -0.5549335314 -1.2173948088  1.0000000000
-0.7800257629 -0.6940664601 -1.2651834925  1.0000000000
-0.1958970826  2.2487255767 -0.3805125978  1.0000000000
-0.2632369330  1.9448802041 -0.4617868724  1.0000000000
-0.2962087501  1.7927901799 -0.5017279818  1.0000000000
-0.3070965356  1.7421387402 -0.5149684956  1.0000000000
-0.3397084998  1.5902227088 -0.5545371097  1.0000000000
-0.3941649092  1.3345300942 -0.6200854332  1.0000000000
-0.4052104254  1.2834214617 -0.6333238341  1.0000000000
-0.4164603037  1.2322947212 -0.6466678922  1.0000000000
-0.4390810981  1.1298980371 -0.6734776171  1.0000000000
-0.4503887982  1.0786169973 -0.6868426027  1.0000000000
-0.4617566138  1.0272920122 -0.7001543885  1.0000000000
-0.4738910912  0.9763478541 -0.7142402223  1.0000000000
-0.5390359975  0.7217369550 -0.7912193973  1.0000000000
-0.5737336729  0.5681884476 -0.8416315865  1.0000000000
-0.6293010323  0.2585259469 -0.9507833404  1.0000000000
-0.6512773638  0.1027405207 -1.0084630157  1.0000000000
-0.6600315148  0.0517385920 -1.0269128412  1.0000000000
-0.6869965829 -0.1002760320 -1.0821683648  1.0000000000
-0.7169640865 -0.2496614048 -1.1360850191  1.0000000000
-0.7408217960 -0.3465856280 -1.1702332279  1.0000000000
-0.7779739239 -0.4911701264 -1.2211088513  1.0000000000
-0.8382229663 -0.6775787416 -1.2852477508  1.0000000000
-0.2406133756  2.2555837923 -0.4049893175  1.0000000000
-0.3080960260  1.9518438653 -0.4864438363  1.0000000000
-0.3411808135  1.7999173042 -0.5265365798  1.0000000000
-0.3521641109  1.7493936807 -0.5398807626  1.0000000000
-0.3631523614  1.6988416077 -0.5532006963  1.0000000000
-0.4289364186  1.3932336183 -0.6325097820  1.0000000000
-0.4512193587  1.2913840577 -0.6593238712  1.0000000000
-0.4855208095  1.1382300110 -0.7000730029  1.0000000000
-0.5206983805  0.9850723591 -0.7415388655  1.0000000000
-0.5338219131  0.9341567147 -0.7564522699  1.0000000000
-0.5465974267  0.8833643370 -0.7714511515  1.0000000000
-0.6082532987  0.6288987278 -0.8515560297  1.0000000000
-0.6403746345  0.4753451492 -0.9034708847  1.0000000000
-0.6595018517  0.3725586012 -0.9395160706  1.0000000000
-0.6781119843  0.2699896287 -0.9758921195  1.0000000000
-0.7402250484 -0.0868835469 -1.1049747214  1.0000000000
-0.7613515294 -0.1858502867 -1.1402904622  1.0000000000
-0.7723803154 -0.2349090515 -1.1576708398  1.0000000000
-0.7849279465 -0.2830429589 -1.1743925511  1.0000000000
-0.8495529274 -0.5222785191 -1.2578695248  1.0000000000
-0.2738714940  2.3127805241 -0.4158362366  1.0000000000
-0.3528860136  1.9584760472 -0.5110589637  1.0000000000
-0.3751158652  1.8576354710 -0.5379502759  1.0000000000
-0.3861721934  1.8070641383 -0.5513245533  1.0000000000
-0.4083763351  1.7060859436 -0.5782320271  1.0000000000
-0.4193800659  1.6555173968 -0.5915540773  1.0000000000
-0.4415799707  1.5541492080 -0.6183627962  1.0000000000
-0.4525560081  1.5029978319 -0.6315762327  1.0000000000
-0.4858304007  1.3501683435 -0.6716432729  1.0000000000
-0.4971613063  1.2993390961 -0.6852488546  1.0000000000
-0.5798865840  0.9430226874 -0.7834925179  1.0000000000
-0.6054359587  0.8415794970 -0.8137983822  1.0000000000
-0.6179592572  0.7908525825 -0.8295568242  1.0000000000
-0.6655141583  0.5875998433 -0.8951412411  1.0000000000
-0.6970039716  0.4343267124 -0.9475160601  1.0000000000
-0.7274276669  0.2814829129 -1.0007155076  1.0000000000
-0.8803184814 -0.4111179511 -1.2451246087  1.0000000000
-0.9223876241 -0.5527152192 -1.2941712742  1.0000000000
-0.3297790373  2.2692120303 -0.4538317979  1.0000000000
-0.3863331485  2.0160690106 -0.5219613160  1.0000000000
-0.4088534903  1.9152556059 -0.5491449227  1.0000000000
-0.4199687554  1.8647614430 -0.5626445318  1.0000000000
-0.4535557169  1.7133738693 -0.6031834055  1.0000000000
-0.4646184468  1.6628344630 -0.6165873978  1.0000000000
-0.4757329658  1.6121463571 -0.6300190206  1.0000000000
-0.6015237866  1.0530878899 -0.7808930925  1.0000000000
-0.6262513519  0.9517241430 -0.8103397883  1.0000000000
-0.6513608743  0.8505753110 -0.8409059839  1.0000000000
-0.6638166411  0.8000271957 -0.8565469840  1.0000000000
-0.6999784167  0.6481031292 -0.9051508541  1.0000000000
-0.7227079612  0.5464853997 -0.9388607071  1.0000000000
-0.7444094948  0.4448052198 -0.9733770497  1.0000000000
-0.7859234197  0.2417088609 -1.0437954744  1.0000000000
-0.8689666342 -0.1585116272 -1.1852626443  1.0000000000
-0.9240157531 -0.3479485792 -1.2494581220  1.0000000000
-0.9510119250 -0.4429046585 -1.2822492012  1.0000000000
-0.9648083383 -0.4901068476 -1.2986034905  1.0000000000
-0.9797525787 -0.5367839367 -1.3146495020  1.0000000000
-0.4311408085  2.0232513926 -0.5464979089  1.0000000000
-0.5098802516  1.6701221570 -0.6416272979  1.0000000000
-0.5435193917  1.5181563339 -0.6822806729  1.0000000000
-0.5548509655  1.4674708665 -0.6959610168  1.0000000000
-0.5773925369  1.3659533494 -0.7231640175  1.0000000000
-0.5889572812  1.3153976351 -0.7370710397  1.0000000000
-0.6006838604  1.2646806832 -0.7510989060  1.0000000000
-0.6477107891  1.0613523171 -0.8071684843  1.0000000000
-0.6600780137  1.0109673769 -0.8220238306  1.0000000000
-0.6724024157  0.9605149245 -0.8369888241  1.0000000000
-0.6973318630  0.8596426878 -0.8678322117  1.0000000000
-0.7340174915  0.7080221169 -0.9156972094  1.0000000000
-0.7578641453  0.6069281301 -0.9483854363  1.0000000000
-0.7805217977  0.5056941571 -0.9821303754  1.0000000000
-0.8022615687  0.4044274515 -1.0166433000  1.0000000000
-0.8144350836  0.3545012090 -1.0333222013  1.0000000000
-0.8361397030  0.2537030979 -1.0681267892  1.0000000000
-0.8475488090  0.2038279557 -1.0853080712  1.0000000000
-0.8570617884  0.1529506211 -1.1034180210  1.0000000000
-0.8672414922  0.1028513259 -1.1210290282  1.0000000000
-0.8885274871  0.0028569130 -1.1563217203  1.0000000000
-0.9000358322 -0.0466734953 -1.1735127054  1.0000000000
-0.9391405955 -0.1908313188 -1.2224678630  1.0000000000
-1.1031133891 -0.7029011930 -1.3962015364  1.0000000000
-0.5101377397  1.8792689102 -0.6121584540  1.0000000000
-0.5214422721  1.8288506280 -0.6258177490  1.0000000000
-0.5549899258  1.6775061842 -0.6665222912  1.0000000000
-0.6823421417  1.1206945654 -0.8197304127  1.0000000000
-0.7063480298  1.0196546260 -0.8486309501  1.0000000000
-0.7311045369  0.9189227663 -0.8788185270  1.0000000000
-0.7683771707  0.7680176352 -0.9258769353  1.0000000000
-0.8161912866  0.5662136594 -0.9912451846  1.0000000000
-0.8969531647  0.2151137423 -1.1100388827  1.0000000000
-0.9193166785  0.1154342024 -1.1445662326  1.0000000000
-0.9303879348  0.0655833944 -1.1619614807  1.0000000000
-1.0644187003 -0.4121268492 -1.3239980522  1.0000000000
-0.5322711939  1.9871982851 -0.6093360020  1.0000000000
-0.5890749709  1.7353134706 -0.6779734817  1.0000000000
-0.6003687309  1.6849123853 -0.6917271258  1.0000000000
-0.6117590687  1.6344610952 -0.7054762158  1.0000000000
-0.6345509299  1.5334761227 -0.7330812752  1.0000000000
-0.6689312873  1.3816841599 -0.7745423080  1.0000000000
-0.6926039370  1.2807780419 -0.8029798731  1.0000000000
-0.7647847273  0.9780314889 -0.8899635784  1.0000000000
-0.8746927105  0.5258394599 -1.0340647826  1.0000000000
-0.9105085452  0.3756381598 -1.0842682468  1.0000000000
-0.9476101015  0.2266621576 -1.1342724902  1.0000000000
-0.9713897676  0.1275807730 -1.1681166418  1.0000000000
-0.9827871074  0.0778630654 -1.1853505987  1.0000000000
-1.1213478454 -0.3965451762 -1.3446690312  1.0000000000
-1.1676507751 -0.5348126684 -1.3913137932  1.0000000000
-0.5192308352  2.2462727593 -0.5650517412  1.0000000000
-0.5309750497  2.1960856156 -0.5788705451  1.0000000000
-0.5425664990  2.1456673950 -0.5926096847  1.0000000000
-0.5886874018  1.9440519630 -0.6477718576  1.0000000000
-0.6229771304  1.7930254219 -0.6891244450  1.0000000000
-0.6343403224  1.7426836835 -0.7029433760  1.0000000000
-0.7503747404  1.2384405937 -0.8431265710  1.0000000000
-0.7623293890  1.1879120906 -0.8574294870  1.0000000000
-0.7743639417  1.1373950740 -0.8718700699  1.0000000000
-0.7864643772  1.0871754419 -0.8865732097  1.0000000000
-0.8110264481  0.9868220457 -0.9165721482  1.0000000000
-0.8486967503  0.8366098355 -0.9629637460  1.0000000000
-0.8612399393  0.7866575694 -0.9786602534  1.0000000000
-0.8856104598  0.6862335354 -1.0108386897  1.0000000000
-0.9221568856  0.5360437907 -1.0597732415  1.0000000000
-0.9849131153  0.2874158329 -1.1421483316  1.0000000000
-1.0353307081  0.0901983837 -1.2086481536  1.0000000000
-1.0468557476  0.0408158786 -1.2257678126  1.0000000000
-1.0703927749 -0.0572330983 -1.2594274543  1.0000000000
-1.1930112743 -0.4274099828 -1.3810812668  1.0000000000
-0.6335977738  1.9513272024 -0.6723946038  1.0000000000
-0.6566646545  1.8507055702 -0.7001386005  1.0000000000
-0.7254685356  1.5485995099 -0.7836815643  1.0000000000
-0.7369660048  1.4981829072 -0.7975493047  1.0000000000
-0.7484717585  1.4477658509 -0.8115525670  1.0000000000
-0.7604295320  1.3975153289 -0.8259849083  1.0000000000
-0.8083138446  1.1962275082 -0.8834417178  1.0000000000
-0.8447374070  1.0456058636 -0.9276736409  1.0000000000
-0.8571504587  0.9955992408 -0.9428507476  1.0000000000
-0.9569901213  0.5959062860 -1.0692872909  1.0000000000
-0.9693852620  0.5461196689 -1.0856516888  1.0000000000
-1.0476916203  0.2494434887 -1.1831669963  1.0000000000
-1.0990624615  0.0531685789 -1.2491065981  1.0000000000
-1.1110764767  0.0042869215 -1.2658007801  1.0000000000
-1.2043463079 -0.2728568944 -1.3552079724  1.0000000000
-1.2503293508 -0.4115468838 -1.4015134523  1.0000000000
-0.6666615245  2.0088623293 -0.6830509086  1.0000000000
-0.7018349422  1.8580604063 -0.7251250994  1.0000000000
-0.7248626611  1.7574593313 -0.7529722788  1.0000000000
-0.7478941341  1.6568716164 -0.7809262518  1.0000000000
-0.7825132855  1.5059215903 -0.8229094940  1.0000000000
-0.8420663120  1.2545214373 -0.8946217670  1.0000000000
-0.8663803419  1.1542893433 -0.9240588681  1.0000000000
-0.8909127629  1.0543187106 -0.9538891643  1.0000000000
-0.9035117001  1.0044610299 -0.9691769909  1.0000000000
-0.9539626702  0.8048440402 -1.0313203608  1.0000000000
-0.9665858847  0.7551758718 -1.0472406733  1.0000000000
-0.9791261573  0.7053700651 -1.0632225187  1.0000000000
-1.0041188029  0.6057986081 -1.0952326982  1.0000000000
-1.1260580354  0.1635152394 -1.2391719704  1.0000000000
-1.1388287187  0.1145475164 -1.2557050328  1.0000000000
-1.2600402315 -0.2578401698 -1.3760923657  1.0000000000
-0.7701473310  1.7648320387 -0.7780373714  1.0000000000
-0.8518524768  1.4132249942 -0.8768998172  1.0000000000
-0.8878030458  1.2625659257 -0.9201677111  1.0000000000
-0.8999504070  1.2124276184 -0.9348315104  1.0000000000
-0.9124070045  1.1627161154 -0.9500080941  1.0000000000
-0.9877151221  0.8638934686 -1.0419923662  1.0000000000
-1.0131469889  0.7645747625 -1.0732500502  1.0000000000
-1.0257451464  0.7148581756 -1.0891744581  1.0000000000
-1.0639295611  0.5662054245 -1.1370145061  1.0000000000
-1.0767848760  0.5167757335 -1.1531285196  1.0000000000
-1.0897766786  0.4673230062 -1.1692927461  1.0000000000
-1.1169250156  0.3691531082 -1.2011458434  1.0000000000
-0.8385361722  1.6718512591 -0.8311161169  1.0000000000
-0.8621019128  1.5716013022 -0.8595383619  1.0000000000
-1.0339497282  0.8728906993 -1.0681265856  1.0000000000
-1.0417248848  1.0305091627 -1.0477659187  1.0000000000
-1.0672434268  0.9313090864 -1.0786575347  1.0000000000
-1.1058507534  0.7831570150 -1.1253412403  1.0000000000
-1.1185583916  0.7337542202 -1.1410100706  1.0000000000
-1.1318276684  0.6845767293 -1.1566823112  1.0000000000
-1.1837189600  0.4874661568 -1.2203469006  1.0000000000
-0.9052371722  1.7869382421 -0.8529974783  1.0000000000
-0.9529580028  1.5870003792 -0.9100999216  1.0000000000
-1.0126034527  1.3366494711 -0.9821367617  1.0000000000
-1.0252307764  1.2870892499 -0.9973871803  1.0000000000
-1.0750613608  1.0887083619 -1.0584646254  1.0000000000
-1.0222057643  1.4946331851 -0.9641604810  1.0000000000
-1.0460181714  1.3945308937 -0.9929332245  1.0000000000
-1.1333430881  1.0476646436 -1.0997747154  1.0000000000
-0.3703191722 -0.5880321157  1.8096265859  2.0000000000
-0.6036612388 -0.6622737493  1.7774529019  2.0000000000
 0.6215863514 -0.1546407332  1.7765865496  2.0000000000
-0.1485265208 -0.4651577755  1.7567274049  2.0000000000
-0.2464294328 -0.5038823532  1.7549393194  2.0000000000
-0.6403201075 -0.6589338744  1.7488528113  2.0000000000
-1.3295074542 -0.9305890367  1.7378644806  2.0000000000
-1.8312851323 -1.1231530596  1.7363968704  2.0000000000
-2.4341465137 -1.3542598252  1.7357168793  2.0000000000
 0.8724149005 -0.0349215545  1.7535501686  2.0000000000
 0.3001626931 -0.2677375695  1.7385932363  2.0000000000
 0.0106817147 -0.3842139469  1.7313498358  2.0000000000
-1.1683586290 -0.8499510444  1.7115626431  2.0000000000
-1.5690968070 -1.0040004098  1.7101004634  2.0000000000
-1.8710427366 -1.1195119220  1.7096904880  2.0000000000
-2.5749535363 -1.3892906607  1.7089843777  2.0000000000
 0.9329759087  0.0072263789  1.7252943787  2.0000000000
 0.8390762569 -0.0315201873  1.7226806104  2.0000000000
 0.5533279469 -0.1479690464  1.7154193324  2.0000000000
 0.1689024840 -0.3032034189  1.7061121906  2.0000000000
-0.0250285523 -0.3808192493  1.7017497072  2.0000000000
-0.3188133638 -0.4969706194  1.6964084669  2.0000000000
-0.4173412677 -0.5357400209  1.6949208723  2.0000000000
-1.3076536826 -0.8848959342  1.6839487773  2.0000000000
-2.4136580083 -1.3086726447  1.6822972099  2.0000000000
 0.7102555707 -0.0670003604  1.6891207053  2.0000000000
 0.5186773906 -0.1446310352  1.6847240822  2.0000000000
 0.3266801204 -0.2222351057  1.6802254551  2.0000000000
-0.0607028010 -0.3774545245  1.6718922160  2.0000000000
-0.2569495018 -0.4549045307  1.6686585706  2.0000000000
-1.1480047757 -0.8039906399  1.6583161867  2.0000000000
-1.4475176692 -0.9198548593  1.6561951059  2.0000000000
-2.5546763145 -1.3435936056  1.6554854790  2.0000000000
-2.8561215406 -1.4586372311  1.6562595042  2.0000000000
 0.5800501493 -0.1024238242  1.6561260102  2.0000000000
 0.1953899628 -0.2577192890  1.6476665175  2.0000000000
-0.4909131965 -0.5289129182  1.6366811375  2.0000000000
-1.0879369210 -0.7618049491  1.6316160165  2.0000000000
-1.2858573949 -0.8392457766  1.6291887417  2.0000000000
-1.3868632208 -0.8777869735  1.6291593422  2.0000000000
-1.6888252726 -0.9933093245  1.6285844465  2.0000000000
-1.7894666070 -1.0317875574  1.6284777233  2.0000000000
-2.3935816019 -1.2629019045  1.6285036884  2.0000000000
 1.1114136650  0.1346522264  1.6415267079  2.0000000000
 0.8326752638  0.0175703365  1.6319053024  2.0000000000
 0.1600823073 -0.2543763467  1.6172779730  2.0000000000
-0.1326432617 -0.3706637097  1.6124314519  2.0000000000
-0.4290347998 -0.4867764858  1.6087592950  2.0000000000
-1.4266121465 -0.8742889518  1.6016124383  2.0000000000
-2.1316711195 -1.1437070448  1.6014398389  2.0000000000
-2.5345247280 -1.2978081891  1.6017771649  2.0000000000
-3.0378405458 -1.4897656278  1.6032733854  2.0000000000
 0.3189598820 -0.1734116875  1.5903083735  2.0000000000
 0.0278222912 -0.2898084774  1.5852637903  2.0000000000
-0.1682388672 -0.3673095695  1.5824584791  2.0000000000
-1.0623957845 -0.7162732508  1.5741871711  2.0000000000
-1.2642073225 -0.7937244696  1.5741057049  2.0000000000
-1.4665861874 -0.8708099739  1.5741588938  2.0000000000
-2.4739787931 -1.2556039741  1.5746879557  2.0000000000
 0.7653444201  0.0243967257  1.5695600177  2.0000000000
 0.4779639259 -0.0922940512  1.5629101220  2.0000000000
 0.2859202986 -0.1701053456  1.5591790108  2.0000000000
-0.2033670529 -0.3639874414  1.5523350904  2.0000000000
-0.3027605528 -0.4027118599  1.5516672217  2.0000000000
-0.6011337613 -0.5188008596  1.5493404658  2.0000000000
-1.4042249606 -0.8288402536  1.5461450238  2.0000000000
-1.8084122997 -0.9827766844  1.5466279009  2.0000000000
-2.6150961885 -1.2904467371  1.5482449353  2.0000000000
 1.2861630330  0.2624997657  1.5586835448  2.0000000000
 1.1958816259  0.2232933765  1.5545468351  2.0000000000
 0.1547115435 -0.2055834941  1.5266594358  2.0000000000
-0.3383583281 -0.3993557042  1.5217776690  2.0000000000
-1.1396780586 -0.7094993604  1.5180952301  2.0000000000
-1.9493480206 -1.0178875274  1.5194476652  2.0000000000
-2.7570810615 -1.3254811153  1.5218307684  2.0000000000
-2.9587092765 -1.4024410803  1.5225758252  2.0000000000
 1.0727521967  0.1875079067  1.5191175434  2.0000000000
 0.7944915717  0.0701705032  1.5091841275  2.0000000000
 0.6999298067  0.0311633345  1.5064637816  2.0000000000
 0.6040860527 -0.0077677229  1.5044069080  2.0000000000
 0.2183888312 -0.1634105499  1.4972553164  2.0000000000
-0.0754208094 -0.2797905228  1.4937385646  2.0000000000
-0.1742967630 -0.3185631810  1.4929454582  2.0000000000
-0.5741141160 -0.4734801130  1.4912603095  2.0000000000
-0.7751134450 -0.5507251801  1.4909641921  2.0000000000
-0.8742041732 -0.5897182883  1.4897183395  2.0000000000
-2.1913422228 -1.0913414906  1.4927293695  2.0000000000
-2.5952961350 -1.2449459546  1.4943085471  2.0000000000
-2.6965778734 -1.2835188956  1.4946270564  2.0000000000
 1.4894096212  0.3870077782  1.5077283280  2.0000000000
 1.3125533555  0.3085061525  1.4989360447  2.0000000000
 1.1316626450  0.2300834606  1.4911329468  2.0000000000
 0.8546710075  0.1126864117  1.4808607546  2.0000000000
 0.7620704560  0.0735036956  1.4774389232  2.0000000000
 0.5721306513 -0.0044366422  1.4728865772  2.0000000000
-0.0109973754 -0.2376806223  1.4642323208  2.0000000000
-0.1098100644 -0.2764799887  1.4634604887  2.0000000000
-0.4093299625 -0.3927177286  1.4622665276  2.0000000000
-0.6102828335 -0.4701765493  1.4619276625  2.0000000000
-0.7106559327 -0.5088495291  1.4616021368  2.0000000000
-1.6238208330 -0.8571715354  1.4631676918  2.0000000000
-1.8264506875 -0.9341523421  1.4638218144  2.0000000000
-2.0294159350 -1.0111545566  1.4647088110  2.0000000000
-2.4339601300 -1.1649124654  1.4663591590  2.0000000000
-2.5355070177 -1.2034297132  1.4669197715  2.0000000000
 1.5464464734  0.4298712342  1.4805255193  2.0000000000
 1.2814357420  0.3119126000  1.4665723835  2.0000000000
 1.1919233439  0.2726106619  1.4623001350  2.0000000000
 1.0091783677  0.1942421159  1.4552798962  2.0000000000
 0.4436247610 -0.0400611097  1.4395280566  2.0000000000
 0.2507236132 -0.1179580382  1.4359088037  2.0000000000
 0.1531234514 -0.1567636212  1.4349576788  2.0000000000
-0.0441109702 -0.2343887071  1.4333645658  2.0000000000
-0.1435961007 -0.2731465102  1.4328467806  2.0000000000
-0.2433482081 -0.3119212910  1.4325212861  2.0000000000
-0.3435049083 -0.3506430737  1.4323143662  2.0000000000
-0.6458574018 -0.4668353572  1.4323104012  2.0000000000
-0.7471142366 -0.5055568135  1.4324822353  2.0000000000
-1.3573099543 -0.7383035636  1.4336471898  2.0000000000
-1.4591997991 -0.7767990846  1.4341893797  2.0000000000
-1.7646256256 -0.8923557079  1.4357178274  2.0000000000
-2.5761484201 -1.2000787970  1.4398792565  2.0000000000
-2.9805845611 -1.3535994338  1.4420896202  2.0000000000
 1.6034345145  0.4726537067  1.4528574653  2.0000000000
 0.9784292803  0.1975414841  1.4229202145  2.0000000000
 0.8864385036  0.1583418826  1.4195936497  2.0000000000
 0.7934577706  0.1192554206  1.4165553002  2.0000000000
 0.5100465201  0.0021206441  1.4092065471  2.0000000000
 0.3158819846 -0.0757239297  1.4061478680  2.0000000000
 0.2189064223 -0.1146150035  1.4047481404  2.0000000000
 0.0223694734 -0.1922886453  1.4029386207  2.0000000000
-0.5802237273 -0.4248783018  1.4024649308  2.0000000000
-0.6814063584 -0.4635785163  1.4026907338  2.0000000000
-0.7826972286 -0.5022636292  1.4029221626  2.0000000000
-0.8850761730 -0.5409503139  1.4035951124  2.0000000000
-1.3956191573 -0.7348286523  1.4053884170  2.0000000000
-2.0082216355 -0.9660302504  1.4095253821  2.0000000000
-3.5227454352 -1.5412540811  1.4176129572  2.0000000000
 0.7634139281  0.1225431107  1.3841780203  2.0000000000
 0.6703701380  0.0833799524  1.3813265647  2.0000000000
 0.5752720654  0.0443634104  1.3791284059  2.0000000000
 0.1881923738 -0.1113732989  1.3730269672  2.0000000000
 0.0894505198 -0.1501995041  1.3722984567  2.0000000000
-0.2093122279 -0.2665856482  1.3712380852  2.0000000000
-0.3104597227 -0.3053306567  1.3715153420  2.0000000000
-0.4122708258 -0.3440835804  1.3719918019  2.0000000000
-1.0239120357 -0.5763785132  1.3750371461  2.0000000000
-1.6396233931 -0.8086410067  1.3789870380  2.0000000000
-2.9626499125 -1.3087689611  1.3879502144  2.0000000000
 1.8014672794  0.5977877011  1.4033675725  2.0000000000
 0.9180123127  0.2042261215  1.3577037701  2.0000000000
 0.7338533693  0.1257904438  1.3516360577  2.0000000000
 0.4496942175  0.0085717103  1.3449864643  2.0000000000
 0.3532249696 -0.0303749127  1.3434104566  2.0000000000
 0.2558010192 -0.0693180556  1.3422175492  2.0000000000
-0.1405981306 -0.2245280631  1.3400100758  2.0000000000
-0.3428397725 -0.3020165079  1.3405713204  2.0000000000
-0.5488405942 -0.3795828882  1.3425566954  2.0000000000
-0.9575280577 -0.5343544676  1.3451475010  2.0000000000
-1.3698675348 -0.6894291408  1.3483371572  2.0000000000
-1.6791570601 -0.8053195825  1.3512228103  2.0000000000
-1.7820603698 -0.8439517847  1.3521893274  2.0000000000
-1.8843731349 -0.8824767767  1.3530581665  2.0000000000
-2.2928620440 -1.0364416473  1.3564500013  2.0000000000
-2.3944082821 -1.0749093451  1.3571023577  2.0000000000
-3.0045251354 -1.3056269424  1.3611721901  2.0000000000
 1.6860505024  0.5620278505  1.3651955644  2.0000000000
 1.6002145410  0.5225784830  1.3596846639  2.0000000000
 1.5137260613  0.4831895752  1.3543287687  2.0000000000
 1.3378865194  0.4043332504  1.3446502426  2.0000000000
 1.1602489114  0.3255078213  1.3356578269  2.0000000000
 0.6116183365  0.0898332645  1.3163412959  2.0000000000
 0.5167442150  0.0507626524  1.3142309095  2.0000000000
 0.1276654276 -0.1049193735  1.3094494382  2.0000000000
 0.0280483461 -0.1437296715  1.3090485244  2.0000000000
-0.1721423870 -0.2212552658  1.3087350362  2.0000000000
-0.4796349652 -0.3375662041  1.3111489900  2.0000000000
-0.6856270355 -0.4150449257  1.3131995540  2.0000000000
-0.7875509819 -0.4537452262  1.3138322786  2.0000000000
-1.2014065480 -0.6086923562  1.3181631711  2.0000000000
-1.5114093428 -0.7248971200  1.3209860477  2.0000000000
-2.0270645804 -0.9177570378  1.3266129855  2.0000000000
 1.5699098689  0.5261087148  1.3267724844  2.0000000000
 1.0410146566  0.2894860669  1.2990438135  2.0000000000
 0.9523605477  0.2500679250  1.2949120182  2.0000000000
 0.8616756136  0.2107369154  1.2916570828  2.0000000000
 0.3921515647  0.0149380570  1.2800470144  2.0000000000
 0.1970505607 -0.0629121567  1.2778993019  2.0000000000
-0.0016632217 -0.1405238302  1.2771289872  2.0000000000
-0.1024060168 -0.1792541766  1.2771987148  2.0000000000
-0.2027253637 -0.2180005792  1.2771668040  2.0000000000
-1.5498093773 -0.7215992423  1.2927151085  2.0000000000
-1.6542009408 -0.7602605962  1.2941199327  2.0000000000
-1.8616701832 -0.8374488581  1.2967519072  2.0000000000
-2.0679880438 -0.9146044957  1.2991986026  2.0000000000
-2.2725247489 -0.9916129696  1.3012553071  2.0000000000
-2.6801176285 -1.1453713307  1.3046627725  2.0000000000
-3.3894900142 -1.4138257531  1.3095268398  2.0000000000
 1.6257167387  0.5691490604  1.2993073436  2.0000000000
 1.3657685256  0.4506678957  1.2835905912  2.0000000000
 0.7428260960  0.1746270919  1.2552997455  2.0000000000
 0.5551879471  0.0962202137  1.2506935731  2.0000000000
 0.3642850840  0.0180726205  1.2472749422  2.0000000000
 0.2667388913 -0.0208972534  1.2463293370  2.0000000000
 0.0688077514 -0.0985671147  1.2452901258  2.0000000000
-0.2334345528 -0.2147089402  1.2456361881  2.0000000000
-0.3371869404 -0.2535083736  1.2468158775  2.0000000000
-0.7549703654 -0.4085453560  1.2533755040  2.0000000000
-0.8588323792 -0.4472325979  1.2548155946  2.0000000000
-0.9621112610 -0.4859888589  1.2558697437  2.0000000000
-1.4834005536 -0.6797121887  1.2629409807  2.0000000000
-1.5884979933 -0.7183348615  1.2645345706  2.0000000000
-2.0056696009 -0.8729225352  1.2705748321  2.0000000000
-2.3140635495 -0.9885425950  1.2741667610  2.0000000000
-2.6201384342 -1.1038386773  1.2769447253  2.0000000000
-2.8243282851 -1.1808301192  1.2785092526  2.0000000000
 1.7657479098  0.6516794774  1.2776136054  2.0000000000
 1.4234617226  0.4936667836  1.2554244257  2.0000000000
 0.9862254868  0.2960775013  1.2323133466  2.0000000000
 0.7148311548  0.1778490945  1.2223511340  2.0000000000
 0.5280554781  0.0993712936  1.2176275464  2.0000000000
 0.4332816664  0.0601567079  1.2157662284  2.0000000000
 0.3365834219  0.0211702441  1.2145627308  2.0000000000
 0.2387734886 -0.0177681216  1.2137074710  2.0000000000
 0.0402237759 -0.0954062570  1.2130636905  2.0000000000
-0.1621395195 -0.1728548887  1.2135789001  2.0000000000
-0.2645863918 -0.2115097370  1.2141836788  2.0000000000
-0.7898046422 -0.4053158073  1.2235170045  2.0000000000
-0.8942515129 -0.4440390454  1.2252669253  2.0000000000
-1.8362926319 -0.7924004224  1.2395417617  2.0000000000
-1.9421726518 -0.8311478497  1.2415634556  2.0000000000
-2.3557072989 -0.9854846054  1.2469905408  2.0000000000
-2.4583430121 -1.0240152291  1.2481097342  2.0000000000
-3.0701540115 -1.2545595069  1.2533525140  2.0000000000
-3.1719144767 -1.2929506434  1.2542423837  2.0000000000
 1.8186084361  0.6951147456  1.2510116202  2.0000000000
 1.3941308911  0.4972267562  1.2221431788  2.0000000000
 1.2231864757  0.4179208477  1.2118218861  2.0000000000
 1.1350086866  0.3783919608  1.2074276907  2.0000000000
 1.0485072126  0.3388152164  1.2026523697  2.0000000000
 0.8707155039  0.2597512614  1.1951014000  2.0000000000
 0.6909624697  0.1808462676  1.1882662145  2.0000000000
 0.5969967417  0.1416308066  1.1860770117  2.0000000000
 0.4077576037  0.0631527102  1.1822658752  2.0000000000
 0.2113593974 -0.0146795600  1.1809886507  2.0000000000
 0.1122071099 -0.0535611710  1.1806595712  2.0000000000
 0.0120850060 -0.0922988751  1.1806302445  2.0000000000
-0.0895068017 -0.1310066487  1.1810418918  2.0000000000
-0.6104845303 -0.3245683921  1.1881434664  2.0000000000
-0.7170587667 -0.3633537953  1.1906043538  2.0000000000
-1.3487205338 -0.5957428962  1.2025122372  2.0000000000
-1.6647452788 -0.7118763557  1.2079755964  2.0000000000
-1.9830323183 -0.8280935492  1.2142493843  2.0000000000
-2.8072561864 -1.1363474350  1.2241158941  2.0000000000
-3.1124753437 -1.2514973104  1.2266739644  2.0000000000
 1.4508811534  0.5404028715  1.1941811980  2.0000000000
 1.3650766822  0.5007959478  1.1888692903  2.0000000000
 1.1080803769  0.3817358480  1.1738003921  2.0000000000
 1.0219424357  0.3420884276  1.1691398852  2.0000000000
 0.9346247960  0.3024905963  1.1649612493  2.0000000000
 0.8465833276  0.2628691829  1.1609580554  2.0000000000
 0.6651375780  0.1840046029  1.1547063424  2.0000000000
 0.3817408747  0.0662302575  1.1491028177  2.0000000000
 0.0876947929 -0.0506168516  1.1470633156  2.0000000000
-0.0154124702 -0.0892276974  1.1481013113  2.0000000000
-0.1183967889 -0.1278700620  1.1489480357  2.0000000000
-0.3244194841 -0.2051238917  1.1505445867  2.0000000000
-0.8574442719 -0.3988998815  1.1631940392  2.0000000000
-1.0699762332 -0.4763027810  1.1682081965  2.0000000000
-1.5962387820 -0.6699146390  1.1774979220  2.0000000000
-2.3365620438 -0.9409797836  1.1917039910  2.0000000000
-2.7472288412 -1.0948819777  1.1962564868  2.0000000000
 1.4209408135  0.5440711639  1.1611098287  2.0000000000
 1.0833689790  0.3850091632  1.1397110845  2.0000000000
 0.6467297160  0.1866999917  1.1189989760  2.0000000000
 0.2619719047  0.0299055148  1.1137211401  2.0000000000
-0.1465072273 -0.1247938028  1.1163754072  2.0000000000
-0.2507805705 -0.1633734467  1.1176637421  2.0000000000
-0.3540985654 -0.2019284596  1.1186678507  2.0000000000
-0.4606517463 -0.2406746490  1.1209763851  2.0000000000
-1.2118422295 -0.5118604310  1.1412410489  2.0000000000
-1.6333803760 -0.6666546703  1.1491199931  2.0000000000
-2.3770979923 -0.9379219925  1.1645128989  2.0000000000
-2.6872918325 -1.0535067181  1.1684699232  2.0000000000
-2.9939664255 -1.1688016771  1.1716608092  2.0000000000
-3.1961078145 -1.2452407253  1.1734147563  2.0000000000
 1.4751831341  0.5874396042  1.1338977425  2.0000000000
 1.1426936922  0.4281248217  1.1109561427  2.0000000000
 1.0589990791  0.3882582917  1.1055670506  2.0000000000
 0.9735542422  0.3484911872  1.1007810201  2.0000000000
 0.6259482402  0.1895248656  1.0839966506  2.0000000000
 0.2443565505  0.0326549350  1.0777662385  2.0000000000
 0.0355069765 -0.0446165265  1.0806883367  2.0000000000
-0.1731980696 -0.1217451211  1.0836598407  2.0000000000
-0.2776234976 -0.1602978047  1.0850653489  2.0000000000
-0.3813048332 -0.1987887867  1.0863201267  2.0000000000
-1.2467192045 -0.5087144413  1.1123888302  2.0000000000
-2.8314790142 -1.0889397640  1.1428018934  2.0000000000
 1.4479331067  0.5910641896  1.1003826674  2.0000000000
 1.3663211202  0.5512572580  1.0940417932  2.0000000000
 1.2842099942  0.5114236511  1.0880306430  2.0000000000
 1.2008166059  0.4713614239  1.0825548005  2.0000000000
 0.7791080870  0.2718767762  1.0572083423  2.0000000000
 0.1223718619 -0.0033107770  1.0434746003  2.0000000000
 0.0096225326 -0.0416312628  1.0479898884  2.0000000000
 1.9885754616  0.8726176891  1.1143250706  2.0000000000
 1.7482787276  0.7539104768  1.0932695992  2.0000000000
 1.5832694430  0.6744087608  1.0802563348  2.0000000000
 1.5023855276  0.6344853339  1.0734760588  2.0000000000
 1.2571338064  0.5148936141  1.0544617442  2.0000000000
 1.0100321531  0.3947281688  1.0374407508  2.0000000000
 0.9262360294  0.3547827829  1.0322426461  2.0000000000
 0.6705761250  0.2350595928  1.0183051511  2.0000000000
 0.4017198359  0.1161650929  1.0086090914  2.0000000000
 1.8783082292  0.8369990203  1.0743946828  2.0000000000
 1.7178051750  0.7576473251  1.0602963259  2.0000000000
 1.3943119177  0.5982579243  1.0329256058  2.0000000000
 1.3128812612  0.5584119170  1.0264861861  2.0000000000
 0.9865393734  0.3980460545  1.0028074620  2.0000000000
 0.7364681498  0.2778278334  0.9873627419  2.0000000000
 0.5663596451  0.1978107292  0.9782865822  2.0000000000
 0.3888000700  0.1184850485  0.9714280504  2.0000000000
 0.2967097916  0.0790172764  0.9690975137  2.0000000000
-0.2488979201 -0.1126907369  0.9857933865  2.0000000000
 1.4470465881  0.6419808861  1.0060514640  2.0000000000
 1.3669586450  0.6019818361  0.9989807549  2.0000000000
 0.9637884822  0.4012183830  0.9681908254  2.0000000000
 0.8818946971  0.3610005209  0.9625358181  2.0000000000
 0.5478486928  0.2005596648  0.9426008515  2.0000000000
 0.3764671298  0.1207498440  0.9342589835  2.0000000000
 0.2843193501  0.0813052773  0.9319275626  2.0000000000
 1.9787716221  0.9244546051  1.0223086370  2.0000000000
 1.7382653643  0.8057766429  1.0006845494  2.0000000000
 1.2604199434  0.5656101797  0.9583465022  2.0000000000
 1.1821367495  0.5254215464  0.9515690293  2.0000000000
 0.3620144395  0.1231482055  0.8976286300  2.0000000000
 1.7891585860  0.8498339122  0.9745266028  2.0000000000
 1.2340325434  0.5692650338  0.9242662182  2.0000000000
 1.0761723720  0.4885949551  0.9113004592  2.0000000000
 0.5960141086  0.2460798462  0.8757597043  2.0000000000
 0.3488850945  0.1253882252  0.8606465212  2.0000000000
 2.0725258868  1.0116011523  0.9706921490  2.0000000000
 1.8388874092  0.8936850857  0.9486417465  2.0000000000
 1.7586760038  0.8542611388  0.9413223089  2.0000000000
 1.6777382255  0.8145933890  0.9340736996  2.0000000000
 1.5195299331  0.7342239088  0.9193458458  2.0000000000
 1.2076283563  0.5729320887  0.8901852906  2.0000000000
 1.1303262893  0.5324505545  0.8833355370  2.0000000000
 0.8963934122  0.4108231641  0.8636586434  2.0000000000
 0.7381569427  0.3297709937  0.8514478120  2.0000000000
 0.5758489090  0.2490501455  0.8404469056  2.0000000000
 0.4170742072  0.1680377616  0.8290049427  2.0000000000
 0.3363196040  0.1276279796  0.8235175481  2.0000000000
 0.2570829785  0.0872092352  0.8177867966  2.0000000000
 0.1783697184  0.0470470351  0.8121762811  2.0000000000
 1.5686116450  0.7785781448  0.8931724608  2.0000000000
 1.2568445752  0.6173275115  0.8633971821  2.0000000000
 1.1055440668  0.5360532029  0.8490347167  2.0000000000
 1.0300705425  0.4952738677  0.8418683094  2.0000000000
 0.6379790591  0.2922793413  0.8103502253  2.0000000000
 0.5585131269  0.2517995525  0.8046800990  2.0000000000
 0.4810746042  0.2110661573  0.7984844583  2.0000000000
 1.5399666289  0.7830008446  0.8597757561  2.0000000000
 1.2295439362  0.6212373770  0.8295528438  2.0000000000
 1.1555999010  0.5804381116  0.8220436179  2.0000000000
 1.0811541289  0.5395200941  0.8146111077  2.0000000000
 0.9309551900  0.4577870585  0.8000567628  2.0000000000
 0.7753035958  0.3764873098  0.7870701803  2.0000000000
 0.4658897975  0.2135281517  0.7619993049  2.0000000000
 0.3889609048  0.1727446071  0.7556657991  2.0000000000
 0.2372914985  0.0909153589  0.7422748161  2.0000000000
 1.7464688457  0.9074128047  0.8492312755  2.0000000000
 1.2808134439  0.6655672062  0.8030406479  2.0000000000
 1.0571219845  0.5430860225  0.7800591922  2.0000000000
 0.6778216808  0.3388436233  0.7454106057  2.0000000000
 0.6006988041  0.2981014551  0.7390780698  2.0000000000
 0.2263071155  0.0929072367  0.7046981350  2.0000000000
 1.5575886997  0.8323376567  0.8006925519  2.0000000000
 1.1779956617  0.6289923014  0.7614708400  2.0000000000
 0.8870742697  0.4642674362  0.7300158190  2.0000000000
 0.7360504670  0.3824895800  0.7160783626  2.0000000000
 1.6036374270  0.8772844417  0.7755903864  2.0000000000
 1.2248010570  0.6740082000  0.7355124390  2.0000000000
 1.1527788697  0.6327881475  0.7272565767  2.0000000000
 0.8658121556  0.4674466273  0.6948096434  2.0000000000
 0.7916509707  0.4264437263  0.6874816633  2.0000000000
 0.7174779195  0.3853718521  0.6802751727  2.0000000000
 0.6426543190  0.3445349099  0.6733703095  2.0000000000
 1.6487867794  0.9222397547  0.7505353409  2.0000000000
 1.5727204084  0.8819514564  0.7423671631  2.0000000000
 1.4979572504  0.8411942446  0.7339713806  2.0000000000
 1.1986908025  0.6780478782  0.7014389418  2.0000000000
 1.0571364755  0.5951381120  0.6844670875  2.0000000000
 0.9154308897  0.5121378698  0.6678723123  2.0000000000
 0.7006092705  0.3880826897  0.6440582518  2.0000000000
 0.2798173841  0.1378007806  0.5959715533  2.0000000000
 1.3937926235  0.8048690713  0.6921404676  2.0000000000
 1.2450367829  0.7231155015  0.6757508169  2.0000000000
 0.8920973663  0.5157021323  0.6330232626  2.0000000000
 0.7536741707  0.4323284230  0.6160779199  2.0000000000
 0.6833717904  0.3908248554  0.6079016048  2.0000000000
 0.4021999775  0.2241122803  0.5760967054  2.0000000000
 0.3417508026  0.1809046981  0.5656587281  2.0000000000
 1.5077314405  0.8917817812  0.6762533883  2.0000000000
 1.4352380362  0.8506653348  0.6675920083  2.0000000000
 1.3626608186  0.8095941341  0.6587391664  2.0000000000
 1.2181984326  0.7273151169  0.6416128107  2.0000000000
 1.0080114053  0.6026916949  0.6154611288  2.0000000000
 0.8023818474  0.4771583296  0.5890832805  2.0000000000
 0.7359032351  0.4350597114  0.5800376790  2.0000000000
 1.5448531141  0.9379721465  0.6523080071  2.0000000000
 1.3311008981  0.8144513932  0.6254472041  2.0000000000
 1.1897133446  0.7317696927  0.6078100525  2.0000000000
 0.7837558004  0.4800752318  0.5533543897  2.0000000000
 0.6503877396  0.3959068772  0.5353184537  2.0000000000
 0.3883185985  0.2265954987  0.4987645540  2.0000000000
 1.1620135874  0.7361785057  0.5736410561  2.0000000000
 0.8887288150  0.5689002945  0.5375442897  2.0000000000
 0.7651219924  0.4829371067  0.5176281121  2.0000000000
 0.6355003176  0.3982112856  0.4986117544  2.0000000000
 0.5005641413  0.3142169078  0.4812993574  2.0000000000
 1.3377637885  0.8655742589  0.5681193597  2.0000000000
 1.0655462181  0.6988280797  0.5305206665  2.0000000000
 0.9990508135  0.6568456846  0.5209962269  2.0000000000
 0.6144717947  0.4015910196  0.4630440504  2.0000000000
 0.5528470479  0.3586699778  0.4531233128  2.0000000000
 1.5125484569  0.9945336412  0.5624904314  2.0000000000
 1.2389113821  0.8288542997  0.5248279363  2.0000000000
 0.1726103987  0.1029584832  0.3554850589  2.0000000000
 1.4777068174  0.9999611052  0.5295484166  2.0000000000
 1.2044687883  0.8342545390  0.4919106320  2.0000000000
 0.9448938931  0.6654743083  0.4525328363  2.0000000000
 0.4596524450  0.3207264115  0.3697924986  2.0000000000
 0.2230106215  0.1475945046  0.3278254100  2.0000000000
 0.1043254032  0.0613893864  0.3070984262  2.0000000000
 0.9802123589  0.7124247946  0.4284412196  2.0000000000
 0.7944746408  0.5840724611  0.3978310781  2.0000000000
 1.0137806666  0.7596358916  0.4047575881  2.0000000000
 0.8310141492  0.6309364320  0.3733120249  2.0000000000
 0.6551278169  0.5006169919  0.3408448909  2.0000000000
 0.1437406820  0.1075179317  0.2415374761  2.0000000000
 1.3020554413  0.9759626536  0.4220678010  2.0000000000
 1.1055361740  0.8501841575  0.3922993762  2.0000000000
 0.9823848144  0.7647313822  0.3712943511  2.0000000000
 0.8034174845  0.6353977337  0.3391133446  2.0000000000
 0.6924728699  0.5474808575  0.3161458089  2.0000000000
 0.5228676315  0.4160259443  0.2825620211  2.0000000000
 0.4700183856  0.3716677803  0.2707335812  2.0000000000
 0.4185203481  0.3271211228  0.2585353395  2.0000000000
 0.1324581849  0.1091425565  0.2040000378  2.0000000000
 0.9482904445  0.7702530645  0.3381894348  2.0000000000
 0.8892808688  0.7271812707  0.3273582181  2.0000000000
 0.7760729597  0.6399076825  0.3048089944  2.0000000000
 0.5033879315  0.4191500036  0.2467330195  2.0000000000
 0.4013128877  0.3297381284  0.2221629244  2.0000000000
 0.0709578870  0.0661869547  0.1540856359  2.0000000000
 0.8573807362  0.7324150610  0.2939125313  2.0000000000
 0.3370576174  0.2872359991  0.1726187333  2.0000000000
 1.0608795123  0.9100809754  0.3042037617  2.0000000000
 1.0037374613  0.8667928840  0.2930285609  2.0000000000
 0.8265116671  0.7374771259  0.2602167956  2.0000000000
 0.5142431984  0.4702359043  0.1876393476  2.0000000000
 1.0203698581  0.9167648061  0.2720765913  2.0000000000
 0.6398694731  0.6091597455  0.1902228444  2.0000000000
 0.5865162399  0.5648636155  0.1783484876  2.0000000000
 0.5386528986  0.5194822199  0.1654863514  2.0000000000
 0.4448608601  0.4282639668  0.1393455154  2.0000000000
 0.3999214928  0.3823179089  0.1258401173  2.0000000000
 0.3522880732  0.3369682315  0.1128535319  2.0000000000
 0.2531016790  0.2473262822  0.0875644660  2.0000000000
 0.1462831407  0.1588053166  0.0640918334  2.0000000000
 0.8705073321  0.8359961894  0.2167653191  2.0000000000
 0.8154956339  0.7923050649  0.2051883583  2.0000000000
 0.7111428553  0.7035718801  0.1810512765  2.0000000000
 0.2867941706  0.2944094220  0.0637145857  2.0000000000
 0.2383636646  0.2493626596  0.0508240567  2.0000000000
 0.1894019043  0.2044476030  0.0379986391  2.0000000000
 0.4888220456  0.5276646754  0.0959283006  2.0000000000
 0.3633547085  0.3878385722  0.0539342385  2.0000000000
 0.3200087431  0.3415309998  0.0400616936  2.0000000000
 0.2724611837  0.2963442986  0.0269975051  2.0000000000
 0.2244422015  0.2512064704  0.0139387580  2.0000000000
 0.0753009976  0.1168463353 -0.0238336960  2.0000000000
 0.7987785515  0.8479338079  0.1510235269  2.0000000000
 0.7478771347  0.8035246307  0.1387779779  2.0000000000
 0.5526598529  0.6237450902  0.0881451212  2.0000000000
 0.2605771235  0.2976484734 -0.0104322624  2.0000000000
 0.2135392835  0.2524244542 -0.0236341744  2.0000000000
-0.0328885463  0.0287631905 -0.0869180816  2.0000000000
 0.8596133271  0.9433334311  0.1433328251  2.0000000000
 0.7113850514  0.8096166299  0.1059485098  2.0000000000
 0.5709688432  0.6739419434  0.0671339235  2.0000000000
 0.1026171909  0.1643688984 -0.0864160912  2.0000000000
 0.8699954801  0.9941840378  0.1232717536  2.0000000000
 0.6787579870  0.8150899847  0.0725481853  2.0000000000
 0.4026404643  0.5426746409 -0.0060331128  2.0000000000
 0.0925054557  0.1653987754 -0.1242519069  2.0000000000
 0.0002808889  0.0749541917 -0.1510177535  2.0000000000
 0.7338337273  0.9118089707  0.0659069456  2.0000000000
 0.5992941493  0.7755766142  0.0262728976  2.0000000000
 0.3362395915  0.5002784526 -0.0548415384  2.0000000000
 0.0820332318  0.1665706048 -0.1620013925  2.0000000000
 0.3906590809  0.5982709369 -0.0608544580  2.0000000000
 0.1161293696  0.2131935370 -0.1858570230  2.0000000000
 0.3996306552  0.6502081542 -0.0803724772  2.0000000000
 0.2878035549  0.5090672880 -0.1241677019  2.0000000000
 0.0464922257  0.1718549635 -0.2345398242  2.0000000000
-0.0265017660  0.0770541078 -0.2655696091  2.0000000000
 0.5308971367  0.8410061953 -0.0581941141  2.0000000000
 0.7163946849  1.0726803023 -0.0249818290  2.0000000000
 0.3356130132  0.6614886105 -0.1471542883  2.0000000000
 0.2933394065  0.6153897027 -0.1609129470  2.0000000000
-0.0249551297  0.1300787414 -0.3222586321  2.0000000000
-0.0798623631  0.0315378767 -0.3570260258  2.0000000000
 0.5424024846  0.9454549809 -0.0964367826  2.0000000000
 0.1996892539  0.5244910201 -0.2255181743  2.0000000000
 0.2631295109  0.6746169889 -0.2125983600  2.0000000000
 0.1994115334  0.5784294468 -0.2432749360  2.0000000000
 0.1705561650  0.5294940536 -0.2595535627  2.0000000000
 0.1098893123  0.4321979153 -0.2916352961  2.0000000000
 0.4230779908  0.9133931226 -0.1748731437  2.0000000000
 0.3810170729  0.8677173191 -0.1885028603  2.0000000000
 0.2657202152  0.7277781496 -0.2311130717  2.0000000000
 0.0805998851  0.4374435256 -0.3252609295  2.0000000000
 0.0227885990  0.3387134548 -0.3591019173  2.0000000000
-0.0046411797  0.2892021624 -0.3762060638  2.0000000000
-0.0383956443  0.0716673900 -0.4655222051  2.0000000000
 0.4648230296  1.0121646240 -0.1792711655  2.0000000000
 0.3401501994  0.9287536479 -0.2385441460  2.0000000000
 0.3023711422  0.8821422446 -0.2528147929  2.0000000000
 0.1617452256  0.6931427715 -0.3111732937  2.0000000000
-0.0101554511  0.4001396671 -0.4073194494  2.0000000000
-0.0831398475  0.2493729739 -0.4608307117  2.0000000000
 0.2629712243  0.8893578077 -0.2849281613  2.0000000000
 0.2137080157  0.8453725644 -0.2982386302  2.0000000000
 0.1917518407  0.7952530357 -0.3139024933  2.0000000000
 0.1242852924  0.7001936178 -0.3434299949  2.0000000000
 0.0301433322  0.5557442936 -0.3887700910  2.0000000000
-0.0159102949  0.4558990912 -0.4224483497  2.0000000000
 0.2028980008  0.9013228204 -0.3150169013  2.0000000000
-0.0557364696  0.4634480899 -0.4538905406  2.0000000000
