-3.303575e-02 -8.461644e-02  8.597361e-02  1.000000e+00
-2.468085e-02 -8.753664e-02  9.435277e-02  1.000000e+00
-1.769646e-02 -8.619026e-02  9.729181e-02  1.000000e+00
-3.880536e-02 -8.048788e-02  6.573039e-02  1.000000e+00
-1.927817e-02 -9.092791e-02  9.074036e-02  1.000000e+00
-1.504348e-02 -8.949748e-02  9.246301e-02  1.000000e+00
-4.137892e-02 -7.613628e-02  4.677399e-02  1.000000e+00
-3.812883e-02 -8.011180e-02  5.359437e-02  1.000000e+00
-3.189380e-02 -8.669463e-02  6.535679e-02  1.000000e+00
-1.629852e-02 -9.433415e-02  8.554877e-02  1.000000e+00
-1.423696e-02 -9.381970e-02  8.684095e-02  1.000000e+00
-3.409358e-02 -8.318483e-02  4.765280e-02  1.000000e+00
-3.103430e-02 -8.681213e-02  5.388469e-02  1.000000e+00
-2.808144e-02 -8.995139e-02  5.950079e-02  1.000000e+00
-1.134387e-02 -9.720563e-02  8.179551e-02  1.000000e+00
-3.932208e-02 -7.237222e-02  1.957289e-02  1.000000e+00
-2.420358e-02 -9.321390e-02  5.368447e-02  1.000000e+00
-1.424052e-02 -1.007199e-01  7.031684e-02  1.000000e+00
-6.793388e-03 -9.949844e-02  7.784669e-02  1.000000e+00
-9.832947e-04 -8.746593e-02  7.671666e-02  1.000000e+00
-2.581239e-02 -8.934409e-02  3.596101e-02  1.000000e+00
 3.783178e-04 -9.360682e-02  7.359168e-02  1.000000e+00
 2.454827e-05 -1.043859e-01  6.910240e-02  1.000000e+00
 1.902490e-03 -9.957660e-02  6.974309e-02  1.000000e+00
-2.282993e-02 -8.590052e-02  1.054164e-02  1.000000e+00
-2.311461e-03 -1.113429e-01  5.719692e-02  1.000000e+00
-8.073521e-04 -1.112365e-01  5.973311e-02  1.000000e+00
-1.831181e-02 -8.866004e-02  5.141803e-03  1.000000e+00
-1.563151e-02 -9.377737e-02  1.237810e-02  1.000000e+00
-2.226152e-03 -1.130257e-01  4.522638e-02  1.000000e+00
-2.193739e-02 -7.308504e-02 -2.407296e-02  1.000000e+00
-1.377509e-02 -9.136147e-02 -1.087835e-04  1.000000e+00
-2.218324e-03 -1.120817e-01  3.098129e-02  1.000000e+00
 5.485246e-03 -1.176364e-01  4.973286e-02  1.000000e+00
 9.380879e-03 -1.049974e-01  5.738077e-02  1.000000e+00
 9.612025e-03 -9.723543e-02  5.704618e-02  1.000000e+00
-6.792978e-03 -9.932147e-02  1.884840e-03  1.000000e+00
-4.470525e-03 -1.041343e-01  8.536426e-03  1.000000e+00
-1.219630e-02 -7.750989e-02 -3.329050e-02  1.000000e+00
-7.113917e-03 -9.060925e-02 -1.750479e-02  1.000000e+00
 7.106100e-03 -1.204630e-01  2.538873e-02  1.000000e+00
 1.244763e-02 -1.227864e-01  4.262078e-02  1.000000e+00
 1.301178e-02 -1.213405e-01  4.477119e-02  1.000000e+00
 1.342052e-02 -1.193150e-01  4.652230e-02  1.000000e+00
 1.380608e-02 -1.101610e-01  4.957311e-02  1.000000e+00
 1.369020e-02 -1.062403e-01  4.992836e-02  1.000000e+00
 1.316329e-02 -9.741042e-02  4.979000e-02  1.000000e+00
 1.277716e-02 -9.261276e-02  4.934735e-02  1.000000e+00
-1.732783e-04 -9.896281e-02 -1.487584e-02  1.000000e+00
 4.071430e-03 -1.094734e-01 -1.471800e-03  1.000000e+00
 1.079197e-02 -1.232760e-01  2.040324e-02  1.000000e+00
 1.405458e-02 -1.266390e-01  3.226196e-02  1.000000e+00
 1.479512e-02 -1.264140e-01  3.535894e-02  1.000000e+00
 1.612229e-02 -1.161649e-01  4.492537e-02  1.000000e+00
 1.597546e-02 -1.125545e-01  4.577069e-02  1.000000e+00
 4.319638e-03 -1.012774e-01 -1.944592e-02  1.000000e+00
 1.007662e-02 -1.164202e-01 -1.892071e-04  1.000000e+00
 1.169783e-02 -1.202570e-01  5.463667e-03  1.000000e+00
 1.648411e-02 -1.288731e-01  2.398000e-02  1.000000e+00
 1.724280e-02 -1.293015e-01  2.757722e-02  1.000000e+00
 1.810715e-02 -1.148019e-01  4.204451e-02  1.000000e+00
 8.773757e-03 -1.034571e-01 -2.383030e-02  1.000000e+00
 1.069749e-02 -1.091552e-01 -1.716414e-02  1.000000e+00
 1.248366e-02 -1.142876e-01 -1.083142e-02  1.000000e+00
 2.081370e-02 -1.315127e-01  2.629302e-02  1.000000e+00
 1.965537e-02 -1.126851e-01  3.928422e-02  1.000000e+00
 1.810880e-02 -1.210383e-01 -9.348291e-03  1.000000e+00
 2.301376e-02 -1.336958e-01  1.483968e-02  1.000000e+00
 2.346396e-02 -1.340922e-01  1.857197e-02  1.000000e+00
 2.385256e-02 -1.327964e-01  2.493887e-02  1.000000e+00
 2.078993e-02 -1.098553e-01  3.667234e-02  1.000000e+00
 1.995281e-02 -1.048897e-01  3.719617e-02  1.000000e+00
 2.203371e-02 -1.230799e-01 -1.367316e-02  1.000000e+00
 2.321653e-02 -1.270433e-01 -8.167933e-03  1.000000e+00
 2.571068e-02 -1.347065e-01  6.332974e-03  1.000000e+00
 2.660450e-02 -1.358540e-01  1.770623e-02  1.000000e+00
 2.636422e-02 -1.331351e-01  2.356070e-02  1.000000e+00
 2.601796e-02 -1.308144e-01  2.598677e-02  1.000000e+00
 2.014584e-02 -1.025926e-01 -4.232102e-02  1.000000e+00
 2.331548e-02 -1.149480e-01 -2.956409e-02  1.000000e+00
 2.588524e-02 -1.249241e-01 -1.782177e-02  1.000000e+00
 2.777976e-02 -1.322108e-01 -7.242355e-03  1.000000e+00
 2.942310e-02 -1.380662e-01  1.009460e-02  1.000000e+00
 2.920203e-02 -1.366386e-01  1.679322e-02  1.000000e+00
 2.835998e-02 -1.325289e-01  2.219955e-02  1.000000e+00
 2.773285e-02 -1.295621e-01  2.443409e-02  1.000000e+00
 2.698504e-02 -1.260498e-01  2.636830e-02  1.000000e+00
 2.192954e-02 -1.022811e-01  3.197385e-02  1.000000e+00
 3.125013e-02 -1.338855e-01 -1.132397e-02  1.000000e+00
 3.177885e-02 -1.364608e-01 -6.521621e-03  1.000000e+00
 3.229358e-02 -1.393732e-01  2.179358e-03  1.000000e+00
 3.210501e-02 -1.393196e-01  9.646523e-03  1.000000e+00
 3.176235e-02 -1.382190e-01  1.291465e-02  1.000000e+00
 3.062691e-02 -1.340168e-01  1.853171e-02  1.000000e+00
 2.897024e-02 -1.274235e-01  2.295999e-02  1.000000e+00
 2.798005e-02 -1.233556e-01  2.474858e-02  1.000000e+00
 2.453776e-02 -1.087666e-01  2.854689e-02  1.000000e+00
 2.328278e-02 -1.033157e-01  2.933601e-02  1.000000e+00
 3.500615e-02 -1.379041e-01 -1.045638e-02  1.000000e+00
 3.505735e-02 -1.411127e-01  2.190468e-03  1.000000e+00
 3.472786e-02 -1.406921e-01  5.827872e-03  1.000000e+00
 2.975622e-02 -1.244441e-01  2.159010e-02  1.000000e+00
 2.457491e-02 -1.041603e-01  2.678123e-02  1.000000e+00
 3.411325e-02 -1.129375e-01 -4.602511e-02  1.000000e+00
 3.690914e-02 -1.291476e-01 -2.916835e-02  1.000000e+00
 3.790735e-02 -1.365237e-01 -1.896486e-02  1.000000e+00
 3.813396e-02 -1.390988e-01 -1.421983e-02  1.000000e+00
 3.817855e-02 -1.409136e-01 -9.727601e-03  1.000000e+00
 3.773402e-02 -1.422590e-01 -1.533708e-03  1.000000e+00
 3.661937e-02 -1.406403e-01  5.571858e-03  1.000000e+00
 3.801542e-02 -1.138089e-01 -4.901374e-02  1.000000e+00
 4.037779e-02 -1.300835e-01 -3.257169e-02  1.000000e+00
 4.104921e-02 -1.418378e-01 -1.332930e-02  1.000000e+00
 4.076517e-02 -1.428710e-01 -9.090642e-03  1.000000e+00
 4.030761e-02 -1.431415e-01 -5.099501e-03  1.000000e+00
 3.797573e-02 -1.395673e-01  5.335892e-03  1.000000e+00
 3.691458e-02 -1.370176e-01  8.292686e-03  1.000000e+00
 3.573298e-02 -1.338586e-01  1.098843e-02  1.000000e+00
 3.444541e-02 -1.301415e-01  1.342554e-02  1.000000e+00
 4.261267e-02 -1.205424e-01 -4.632675e-02  1.000000e+00
 4.406015e-02 -1.407066e-01 -2.121524e-02  1.000000e+00
 4.108149e-02 -1.420153e-01 -1.186478e-03  1.000000e+00
 3.459219e-02 -1.262988e-01  1.279252e-02  1.000000e+00
 2.973237e-02 -1.111317e-01  1.827038e-02  1.000000e+00
 2.466437e-02 -9.371705e-02  2.178179e-02  1.000000e+00
 4.613062e-02 -1.209657e-01 -4.906969e-02  1.000000e+00
 4.695590e-02 -1.311982e-01 -3.878994e-02  1.000000e+00
 4.644306e-02 -1.428739e-01 -2.000484e-02  1.000000e+00
 4.511890e-02 -1.440868e-01 -1.173766e-02  1.000000e+00
 4.062110e-02 -1.377216e-01  2.148756e-03  1.000000e+00
 3.918103e-02 -1.344965e-01  5.036461e-03  1.000000e+00
 3.764357e-02 -1.307129e-01  7.686187e-03  1.000000e+00
 2.905654e-02 -1.055181e-01  1.745363e-02  1.000000e+00
 4.898879e-02 -1.150392e-01 -5.672405e-02  1.000000e+00
 5.004939e-02 -1.313660e-01 -4.159880e-02  1.000000e+00
 4.986398e-02 -1.387033e-01 -3.204094e-02  1.000000e+00
 4.949797e-02 -1.412284e-01 -2.747452e-02  1.000000e+00
 4.823220e-02 -1.439432e-01 -1.884193e-02  1.000000e+00
 4.376838e-02 -1.403104e-01 -3.904695e-03  1.000000e+00
 3.909324e-02 -1.306133e-01  5.013248e-03  1.000000e+00
 5.275673e-02 -1.210704e-01 -5.392933e-02  1.000000e+00
 5.296821e-02 -1.265165e-01 -4.903279e-02  1.000000e+00
 5.201635e-02 -1.410721e-01 -3.031850e-02  1.000000e+00
 5.046726e-02 -1.437382e-01 -2.173488e-02  1.000000e+00
 4.944091e-02 -1.439096e-01 -1.768924e-02  1.000000e+00
 4.825839e-02 -1.433268e-01 -1.382417e-02  1.000000e+00
 4.693072e-02 -1.420152e-01 -1.015025e-02  1.000000e+00
 4.043794e-02 -1.302549e-01  2.476271e-03  1.000000e+00
 2.888467e-02 -9.908322e-02  1.490612e-02  1.000000e+00
 5.519988e-02 -1.079712e-01 -6.556408e-02  1.000000e+00
 5.584875e-02 -1.207471e-01 -5.604263e-02  1.000000e+00
 5.580714e-02 -1.309076e-01 -4.660214e-02  1.000000e+00
 5.439240e-02 -1.406359e-01 -3.296732e-02  1.000000e+00
 5.140418e-02 -1.433958e-01 -2.039757e-02  1.000000e+00
 5.009003e-02 -1.427893e-01 -1.651563e-02  1.000000e+00
 4.535194e-02 -1.367526e-01 -5.961603e-03  1.000000e+00
 4.355454e-02 -1.334710e-01 -2.837562e-03  1.000000e+00
 3.160840e-02 -1.043301e-01  1.147180e-02  1.000000e+00
 5.868297e-02 -1.141119e-01 -6.252474e-02  1.000000e+00
 5.802442e-02 -1.342544e-01 -4.426632e-02  1.000000e+00
 5.741141e-02 -1.374732e-01 -3.980193e-02  1.000000e+00
 5.662005e-02 -1.399205e-01 -3.541777e-02  1.000000e+00
 5.565461e-02 -1.415885e-01 -3.113199e-02  1.000000e+00
 4.478373e-02 -1.326008e-01 -5.166972e-03  1.000000e+00
 4.279875e-02 -1.287659e-01 -2.176590e-03  1.000000e+00
 6.117257e-02 -9.946718e-02 -7.265260e-02  1.000000e+00
 6.133773e-02 -1.247194e-01 -5.520184e-02  1.000000e+00
 6.094509e-02 -1.293898e-01 -5.077038e-02  1.000000e+00
 5.962142e-02 -1.365142e-01 -4.198237e-02  1.000000e+00
 5.491009e-02 -1.415246e-01 -2.526151e-02  1.000000e+00
 4.380905e-02 -1.276417e-01 -4.286480e-03  1.000000e+00
 4.166919e-02 -1.233287e-01 -1.424759e-03  1.000000e+00
 3.508455e-02 -1.081118e-01  5.950758e-03  1.000000e+00
 6.326512e-02 -1.282399e-01 -5.253641e-02  1.000000e+00
 6.255568e-02 -1.321396e-01 -4.823704e-02  1.000000e+00
 6.060797e-02 -1.376647e-01 -3.971218e-02  1.000000e+00
 5.475952e-02 -1.395075e-01 -2.351431e-02  1.000000e+00
 4.021404e-02 -1.172664e-01 -5.844675e-04  1.000000e+00
 3.793696e-02 -1.122033e-01  1.953432e-03  1.000000e+00
 6.650750e-02 -8.159604e-02 -8.133878e-02  1.000000e+00
 6.683176e-02 -8.969348e-02 -7.783518e-02  1.000000e+00
 6.656755e-02 -1.169709e-01 -6.235654e-02  1.000000e+00
 6.607776e-02 -1.222527e-01 -5.824656e-02  1.000000e+00
 6.456754e-02 -1.306906e-01 -4.990510e-02  1.000000e+00
 5.782676e-02 -1.385589e-01 -2.936865e-02  1.000000e+00
 4.774383e-02 -1.284595e-01 -1.122776e-02  1.000000e+00
 4.547830e-02 -1.246614e-01 -8.060439e-03  1.000000e+00
 4.083122e-02 -1.157170e-01 -2.271674e-03  1.000000e+00
 3.848351e-02 -1.106939e-01  3.373050e-04  1.000000e+00
 6.906892e-02 -7.186619e-02 -8.429402e-02  1.000000e+00
 6.959896e-02 -8.836275e-02 -7.803001e-02  1.000000e+00
 6.083070e-02 -1.366560e-01 -3.509258e-02  1.000000e+00
 5.905533e-02 -1.366833e-01 -3.113253e-02  1.000000e+00
 5.714801e-02 -1.359838e-01 -2.725570e-02  1.000000e+00
 5.512197e-02 -1.345860e-01 -2.348064e-02  1.000000e+00
 7.216688e-02 -8.684003e-02 -7.802092e-02  1.000000e+00
 6.375525e-02 -1.338069e-01 -4.060357e-02  1.000000e+00
 6.012714e-02 -1.345585e-01 -3.270114e-02  1.000000e+00
 5.599268e-02 -1.324453e-01 -2.507356e-02  1.000000e+00
 4.909195e-02 -1.244977e-01 -1.447355e-02  1.000000e+00
 7.452870e-02 -8.513355e-02 -7.781094e-02  1.000000e+00
 7.075399e-02 -1.211764e-01 -5.745394e-02  1.000000e+00
 6.302626e-02 -1.322094e-01 -3.796253e-02  1.000000e+00
 5.440803e-02 -1.280282e-01 -2.282057e-02  1.000000e+00
 2.489433e-02  6.352239e-02  6.563949e-02  1.000000e+00
 2.643772e-02  6.742559e-02  6.619160e-02  1.000000e+00
 2.957125e-02  7.522278e-02  6.614751e-02  1.000000e+00
 7.686314e-02 -7.540495e-02 -7.989015e-02  1.000000e+00
 7.667819e-02 -8.325272e-02 -7.740357e-02  1.000000e+00
 7.583756e-02 -9.749957e-02 -7.171461e-02  1.000000e+00
 7.433597e-02 -1.094736e-01 -6.523071e-02  1.000000e+00
 7.333064e-02 -1.144999e-01 -6.175126e-02  1.000000e+00
 7.081274e-02 -1.224694e-01 -5.443997e-02  1.000000e+00
 6.387567e-02 -1.296397e-01 -3.909539e-02  1.000000e+00
 6.179317e-02 -1.296074e-01 -3.524965e-02  1.000000e+00
 4.222892e-02 -1.074811e-01 -7.653266e-03  1.000000e+00
 3.593194e-02  8.852400e-02  6.740892e-02  1.000000e+00
 3.759420e-02  9.208761e-02  6.557131e-02  1.000000e+00
 6.010229e-02 -1.260724e-01 -3.246243e-02  1.000000e+00
 4.755486e-02 -1.133704e-01 -1.482218e-02  1.000000e+00
 2.697612e-02  6.670105e-02  7.191729e-02  1.000000e+00
 8.101937e-02 -3.717759e-02 -8.289849e-02  1.000000e+00
 8.031852e-02 -7.901103e-02 -7.601317e-02  1.000000e+00
 7.808542e-02 -9.900555e-02 -6.838630e-02  1.000000e+00
 7.577356e-02 -1.093764e-01 -6.222458e-02  1.000000e+00
 6.281680e-02 -1.238108e-01 -3.701512e-02  1.000000e+00
 4.494871e-02 -1.066026e-01 -1.254057e-02  1.000000e+00
 4.229233e-02 -1.023011e-01 -9.518160e-03  1.000000e+00
 2.617490e-02  6.403619e-02  7.331672e-02  1.000000e+00
 2.793225e-02  6.814511e-02  7.485491e-02  1.000000e+00
 8.183615e-02  1.184003e-03 -7.839378e-02  1.000000e+00
 8.306556e-02 -3.534057e-02 -8.069065e-02  1.000000e+00
 7.803728e-02 -1.017735e-01 -6.517173e-02  1.000000e+00
 7.668925e-02 -1.065479e-01 -6.214959e-02  1.000000e+00
 7.518031e-02 -1.106560e-01 -5.895467e-02  1.000000e+00
 7.169722e-02 -1.167950e-01 -5.214931e-02  1.000000e+00
 5.024694e-02 -1.110425e-01 -1.975595e-02  1.000000e+00
 2.521330e-02  6.116775e-02  7.388389e-02  1.000000e+00
 3.450113e-02  8.201342e-02  8.081965e-02  1.000000e+00
 3.643406e-02  8.609655e-02  8.108293e-02  1.000000e+00
 4.225526e-02  9.761783e-02  7.907732e-02  1.000000e+00
 4.608826e-02  1.043638e-01  7.523444e-02  1.000000e+00
 5.165259e-02  1.124281e-01  6.563222e-02  1.000000e+00
 5.344034e-02  1.144438e-01  6.145119e-02  1.000000e+00
 5.518906e-02  1.160750e-01  5.681712e-02  1.000000e+00
 7.915135e-02  6.182940e-02 -5.250279e-02  1.000000e+00
 8.004674e-02  5.422352e-02 -5.698172e-02  1.000000e+00
 8.486679e-02 -3.342505e-02 -7.835862e-02  1.000000e+00
 8.420961e-02 -5.890495e-02 -7.672544e-02  1.000000e+00
 8.370675e-02 -6.676373e-02 -7.546925e-02  1.000000e+00
 7.885106e-02 -9.888045e-02 -6.474630e-02  1.000000e+00
 7.212052e-02 -1.135832e-01 -5.223585e-02  1.000000e+00
 7.007337e-02 -1.155407e-01 -4.877378e-02  1.000000e+00
 6.560187e-02 -1.173816e-01 -4.163454e-02  1.000000e+00
 6.320073e-02 -1.172909e-01 -3.801022e-02  1.000000e+00
 5.550038e-02 -1.132770e-01 -2.722238e-02  1.000000e+00
 3.354579e-02  7.918687e-02  8.314652e-02  1.000000e+00
 7.860890e-02  8.342172e-02 -3.117387e-02  1.000000e+00
 8.152570e-02  6.306696e-02 -4.736192e-02  1.000000e+00
 8.316746e-02  4.755826e-02 -5.634785e-02  1.000000e+00
 8.595392e-02  4.341640e-03 -7.151474e-02  1.000000e+00
 8.483430e-02 -6.430862e-02 -7.394110e-02  1.000000e+00
 7.945321e-02 -9.584924e-02 -6.412582e-02  1.000000e+00
 7.790405e-02 -1.004322e-01 -6.139652e-02  1.000000e+00
 5.798675e-02 -1.117411e-01 -3.110245e-02  1.000000e+00
 2.469599e-02  5.902754e-02  7.559059e-02  1.000000e+00
 3.039861e-02  7.175868e-02  8.266832e-02  1.000000e+00
 4.064503e-02  9.285887e-02  8.795628e-02  1.000000e+00
 4.273767e-02  9.678399e-02  8.771724e-02  1.000000e+00
 4.482705e-02  1.005335e-01  8.698414e-02  1.000000e+00
 5.100599e-02  1.103931e-01  8.168721e-02  1.000000e+00
 5.692481e-02  1.174914e-01  7.172874e-02  1.000000e+00
 6.066299e-02  1.202953e-01  6.268566e-02  1.000000e+00
 7.352809e-02  1.123643e-01  1.357248e-02  1.000000e+00
 7.488568e-02  1.090212e-01  6.787086e-03  1.000000e+00
 8.364370e-02  6.423392e-02 -4.230836e-02  1.000000e+00
 8.519073e-02  4.880114e-02 -5.169042e-02  1.000000e+00
 8.585133e-02  4.062736e-02 -5.579458e-02  1.000000e+00
 8.732316e-02  1.481159e-02 -6.559813e-02  1.000000e+00
 8.782180e-02 -2.973547e-03 -6.998284e-02  1.000000e+00
 8.790737e-02 -1.187508e-02 -7.152920e-02  1.000000e+00
 8.700530e-02 -4.619061e-02 -7.356465e-02  1.000000e+00
 8.572371e-02 -6.176264e-02 -7.225766e-02  1.000000e+00
 8.383861e-02 -7.569260e-02 -6.957215e-02  1.000000e+00
 8.266318e-02 -8.192032e-02 -6.776173e-02  1.000000e+00
 7.641431e-02 -1.010200e-01 -5.793241e-02  1.000000e+00
 7.241132e-02 -1.067275e-01 -5.181692e-02  1.000000e+00
 6.547529e-02 -1.102912e-01 -4.174663e-02  1.000000e+00
 6.036247e-02 -1.094591e-01 -3.475407e-02  1.000000e+00
 5.498778e-02 -1.062984e-01 -2.778345e-02  1.000000e+00
 4.377690e-02  9.794351e-02  9.108168e-02  1.000000e+00
 4.593219e-02  1.017175e-01  9.054888e-02  1.000000e+00
 5.020601e-02  1.085897e-01  8.793948e-02  1.000000e+00
 5.642468e-02  1.167162e-01  8.008428e-02  1.000000e+00
 6.767285e-02  1.222651e-01  5.154537e-02  1.000000e+00
 6.935503e-02  1.215363e-01  4.549234e-02  1.000000e+00
 8.059350e-02  9.683081e-02 -7.594344e-03  1.000000e+00
 8.276313e-02  8.554591e-02 -2.026543e-02  1.000000e+00
 8.549943e-02  6.531785e-02 -3.735755e-02  1.000000e+00
 8.848706e-02  2.498708e-02 -5.877861e-02  1.000000e+00
 8.881113e-02  1.630695e-02 -6.183785e-02  1.000000e+00
 8.901458e-02 -1.875928e-02 -6.978189e-02  1.000000e+00
 8.785406e-02 -4.384457e-02 -7.133729e-02  1.000000e+00
 8.718779e-02 -5.167160e-02 -7.106732e-02  1.000000e+00
 7.830048e-02 -9.381239e-02 -5.987590e-02  1.000000e+00
 7.643102e-02 -9.756110e-02 -5.720844e-02  1.000000e+00
 7.228330e-02 -1.031183e-01 -5.132252e-02  1.000000e+00
 5.453987e-02 -1.026460e-01 -2.782101e-02  1.000000e+00
 4.247943e-02  9.493195e-02  9.402209e-02  1.000000e+00
 4.469518e-02  9.890928e-02  9.417255e-02  1.000000e+00
 5.130193e-02  1.096006e-01  9.160661e-02  1.000000e+00
 5.769584e-02  1.177341e-01  8.430769e-02  1.000000e+00
 5.975049e-02  1.197317e-01  8.083586e-02  1.000000e+00
 6.561633e-02  1.232064e-01  6.756569e-02  1.000000e+00
 6.924292e-02  1.232051e-01  5.665788e-02  1.000000e+00
 7.420907e-02  1.194095e-01  3.804728e-02  1.000000e+00
 8.231659e-02  9.767490e-02 -2.233550e-03  1.000000e+00
 8.898078e-02  4.305937e-02 -4.705923e-02  1.000000e+00
 8.978205e-02  2.635263e-02 -5.481885e-02  1.000000e+00
 8.955093e-02 -2.522849e-02 -6.796911e-02  1.000000e+00
 8.907248e-02 -3.346622e-02 -6.868366e-02  1.000000e+00
 8.678697e-02 -5.645545e-02 -6.845755e-02  1.000000e+00
 8.165611e-02 -8.122484e-02 -6.321711e-02  1.000000e+00
 7.999889e-02 -8.608726e-02 -6.115745e-02  1.000000e+00
 7.417895e-02 -9.702895e-02 -5.356251e-02  1.000000e+00
 7.197744e-02 -9.941179e-02 -5.064696e-02  1.000000e+00
 6.965936e-02 -1.011544e-01 -4.758528e-02  1.000000e+00
 6.471688e-02 -1.027464e-01 -4.113585e-02  1.000000e+00
 3.216817e-02  7.408570e-02  8.869025e-02  1.000000e+00
 4.096205e-02  9.152944e-02  9.584981e-02  1.000000e+00
 5.001053e-02  1.070629e-01  9.615153e-02  1.000000e+00
 5.225046e-02  1.103924e-01  9.496203e-02  1.000000e+00
 5.879747e-02  1.185245e-01  8.820451e-02  1.000000e+00
 6.090085e-02  1.205153e-01  8.490411e-02  1.000000e+00
 6.295548e-02  1.220999e-01  8.110336e-02  1.000000e+00
 6.690032e-02  1.239551e-01  7.210014e-02  1.000000e+00
 6.878291e-02  1.241840e-01  6.696127e-02  1.000000e+00
 7.719077e-02  1.177634e-01  3.656518e-02  1.000000e+00
 7.865893e-02  1.149141e-01  2.988658e-02  1.000000e+00
 8.587758e-02  8.716054e-02 -1.004961e-02  1.000000e+00
 8.907611e-02  5.980629e-02 -3.316058e-02  1.000000e+00
 9.052354e-02  3.600710e-02 -4.704033e-02  1.000000e+00
 9.098131e-02  1.920821e-02 -5.432720e-02  1.000000e+00
 9.104481e-02  1.067498e-02 -5.734448e-02  1.000000e+00
 9.051591e-02 -1.482541e-02 -6.383877e-02  1.000000e+00
 9.008376e-02 -2.311029e-02 -6.515429e-02  1.000000e+00
 7.976849e-02 -8.266558e-02 -5.982419e-02  1.000000e+00
 7.789636e-02 -8.682242e-02 -5.764334e-02  1.000000e+00
 7.375373e-02 -9.331288e-02 -5.260328e-02  1.000000e+00
 6.913189e-02 -9.731443e-02 -4.683933e-02  1.000000e+00
 6.666572e-02 -9.838458e-02 -4.375577e-02  1.000000e+00
 6.411149e-02 -9.884874e-02 -4.057547e-02  1.000000e+00
 2.256903e-02  5.299165e-02  7.472449e-02  1.000000e+00
 2.443122e-02  5.712477e-02  7.811876e-02  1.000000e+00
 3.699465e-02  8.340506e-02  9.484229e-02  1.000000e+00
 5.530740e-02  1.139955e-01  9.644845e-02  1.000000e+00
 5.753557e-02  1.167128e-01  9.437005e-02  1.000000e+00
 5.972514e-02  1.190769e-01  9.176017e-02  1.000000e+00
 6.798162e-02  1.244657e-01  7.629011e-02  1.000000e+00
 7.174391e-02  1.244097e-01  6.590085e-02  1.000000e+00
 7.352122e-02  1.236355e-01  6.016973e-02  1.000000e+00
 7.840956e-02  1.182183e-01  4.138211e-02  1.000000e+00
 7.988531e-02  1.153696e-01  3.475511e-02  1.000000e+00
 8.873672e-02  7.492789e-02 -1.751116e-02  1.000000e+00
 9.007298e-02  6.065012e-02 -2.871476e-02  1.000000e+00
 9.151799e-02  3.781710e-03 -5.654148e-02  1.000000e+00
 9.126240e-02 -4.588181e-03 -5.887639e-02  1.000000e+00
 9.087856e-02 -1.286350e-02 -6.078590e-02  1.000000e+00
 8.971005e-02 -2.891510e-02 -6.334219e-02  1.000000e+00
 8.431134e-02 -6.373006e-02 -6.279738e-02  1.000000e+00
 7.933848e-02 -7.918787e-02 -5.833358e-02  1.000000e+00
 7.740394e-02 -8.323121e-02 -5.628103e-02  1.000000e+00
 7.085063e-02 -9.177831e-02 -4.878382e-02  1.000000e+00
 6.071170e-02 -9.476738e-02 -3.669249e-02  1.000000e+00
 5.525845e-02 -9.291315e-02 -3.025279e-02  1.000000e+00
 3.291527e-02  7.481860e-02  9.156426e-02  1.000000e+00
 5.368958e-02  1.112810e-01  1.006858e-01  1.000000e+00
 5.598631e-02  1.143162e-01  9.931233e-02  1.000000e+00
 8.478996e-02  1.040419e-01  1.915946e-02  1.000000e+00
 8.955280e-02  7.548617e-02 -1.302910e-02  1.000000e+00
 9.163293e-02  4.614173e-02 -3.451462e-02  1.000000e+00
 9.189175e-02  3.820332e-02 -3.903326e-02  1.000000e+00
 9.178099e-02  5.402310e-03 -5.314163e-02  1.000000e+00
 9.098537e-02 -1.092128e-02 -5.769292e-02  1.000000e+00
 9.038959e-02 -1.888122e-02 -5.933484e-02  1.000000e+00
 8.878629e-02 -3.413708e-02 -6.137335e-02  1.000000e+00
 8.777387e-02 -4.133228e-02 -6.178688e-02  1.000000e+00
 8.661874e-02 -4.817508e-02 -6.181206e-02  1.000000e+00
 8.387867e-02 -6.062842e-02 -6.075777e-02  1.000000e+00
 7.461137e-02 -8.295004e-02 -5.259334e-02  1.000000e+00
 7.238043e-02 -8.571446e-02 -5.019973e-02  1.000000e+00
 6.760299e-02 -8.946806e-02 -4.486373e-02  1.000000e+00
 5.981212e-02 -9.076930e-02 -3.591038e-02  1.000000e+00
 2.678848e-02  6.169992e-02  8.315022e-02  1.000000e+00
 2.884442e-02  6.605400e-02  8.649924e-02  1.000000e+00
 5.182369e-02  1.080430e-01  1.037157e-01  1.000000e+00
 5.417466e-02  1.113632e-01  1.030339e-01  1.000000e+00
 5.650054e-02  1.143889e-01  1.018237e-01  1.000000e+00
 6.104601e-02  1.194336e-01  9.780165e-02  1.000000e+00
 7.148272e-02  1.249338e-01  7.886715e-02  1.000000e+00
 8.659986e-02  9.935326e-02  1.684557e-02  1.000000e+00
 8.854317e-02  8.843522e-02  3.732018e-03  1.000000e+00
 9.072299e-02  6.909493e-02 -1.462389e-02  1.000000e+00
 9.166291e-02  5.459565e-02 -2.554981e-02  1.000000e+00
 9.221805e-02  2.316734e-02 -4.325437e-02  1.000000e+00
 9.016951e-02 -1.679516e-02 -5.635149e-02  1.000000e+00
 8.936279e-02 -2.437388e-02 -5.771577e-02  1.000000e+00
 8.841785e-02 -3.169707e-02 -5.866973e-02  1.000000e+00
 8.474161e-02 -5.166588e-02 -5.917257e-02  1.000000e+00
 7.790233e-02 -7.213025e-02 -5.492029e-02  1.000000e+00
 7.586652e-02 -7.594066e-02 -5.311278e-02  1.000000e+00
 6.907612e-02 -8.396842e-02 -4.629801e-02  1.000000e+00
 2.895821e-02  6.599310e-02  8.714029e-02  1.000000e+00
 4.255854e-02  9.237907e-02  1.027562e-01  1.000000e+00
 4.973905e-02  1.043218e-01  1.055755e-01  1.000000e+00
 5.212866e-02  1.078907e-01  1.055592e-01  1.000000e+00
 5.916283e-02  1.168950e-01  1.023894e-01  1.000000e+00
 6.998131e-02  1.244827e-01  8.667582e-02  1.000000e+00
 7.195253e-02  1.246737e-01  8.210015e-02  1.000000e+00
 7.384817e-02  1.243826e-01  7.711364e-02  1.000000e+00
 7.739787e-02  1.223120e-01  6.606439e-02  1.000000e+00
 7.904570e-02  1.205200e-01  6.008844e-02  1.000000e+00
 8.060536e-02  1.182205e-01  5.387399e-02  1.000000e+00
 8.207464e-02  1.154157e-01  4.747016e-02  1.000000e+00
 8.800358e-02  9.412200e-02  1.436541e-02  1.000000e+00
 9.037078e-02  7.615475e-02 -4.633904e-03  1.000000e+00
 9.219997e-02  3.223254e-02 -3.570149e-02  1.000000e+00
 9.153112e-02  8.483717e-03 -4.636942e-02  1.000000e+00
 9.105510e-02  6.167391e-04 -4.910803e-02  1.000000e+00
 8.883175e-02 -2.213833e-02 -5.482267e-02  1.000000e+00
 8.537908e-02 -4.260900e-02 -5.687113e-02  1.000000e+00
 8.238906e-02 -5.439788e-02 -5.633625e-02  1.000000e+00
 7.690999e-02 -6.858247e-02 -5.301920e-02  1.000000e+00
 6.796359e-02 -8.004020e-02 -4.484670e-02  1.000000e+00
 2.899250e-02  6.577331e-02  8.755888e-02  1.000000e+00
 4.265732e-02  9.205840e-02  1.037339e-01  1.000000e+00
 4.987888e-02  1.039438e-01  1.069329e-01  1.000000e+00
 5.228271e-02  1.074934e-01  1.070556e-01  1.000000e+00
 5.466970e-02  1.107808e-01  1.066706e-01  1.000000e+00
 6.817983e-02  1.233135e-01  9.336360e-02  1.000000e+00
 7.220697e-02  1.241505e-01  8.495388e-02  1.000000e+00
 7.765511e-02  1.218010e-01  6.932059e-02  1.000000e+00
 8.230797e-02  1.149694e-01  5.104881e-02  1.000000e+00
 8.367010e-02  1.117008e-01  4.459085e-02  1.000000e+00
 8.493448e-02  1.079494e-01  3.803180e-02  1.000000e+00
 8.973360e-02  8.251506e-02  5.425255e-03  1.000000e+00
 9.133818e-02  6.278418e-02 -1.238580e-02  1.000000e+00
 9.184718e-02  4.830823e-02 -2.290722e-02  1.000000e+00
 9.188772e-02  3.315039e-02 -3.208852e-02  1.000000e+00
 8.807137e-02 -1.994181e-02 -5.189107e-02  1.000000e+00
 8.578636e-02 -3.354265e-02 -5.387660e-02  1.000000e+00
 8.444045e-02 -3.985316e-02 -5.428090e-02  1.000000e+00
 8.296004e-02 -4.578356e-02 -5.430931e-02  1.000000e+00
 7.364065e-02 -6.861439e-02 -4.942524e-02  1.000000e+00
 2.686833e-02  6.108478e-02  8.420664e-02  1.000000e+00
 4.263583e-02  9.152211e-02  1.044077e-01  1.000000e+00
 4.745787e-02  9.957508e-02  1.072181e-01  1.000000e+00
 4.987610e-02  1.033270e-01  1.079518e-01  1.000000e+00
 5.468033e-02  1.101132e-01  1.079539e-01  1.000000e+00
 5.704829e-02  1.130826e-01  1.071883e-01  1.000000e+00
 6.167340e-02  1.180222e-01  1.040818e-01  1.000000e+00
 6.391484e-02  1.199372e-01  1.017418e-01  1.000000e+00
 7.027146e-02  1.231795e-01  9.170614e-02  1.000000e+00
 7.224786e-02  1.233625e-01  8.742532e-02  1.000000e+00
 8.364027e-02  1.110609e-01  4.792767e-02  1.000000e+00
 8.602240e-02  1.032018e-01  3.491896e-02  1.000000e+00
 8.705762e-02  9.859771e-02  2.836859e-02  1.000000e+00
 9.012355e-02  7.618282e-02  2.945624e-03  1.000000e+00
 9.125104e-02  5.598230e-02 -1.415204e-02  1.000000e+00
 9.132217e-02  3.396322e-02 -2.856809e-02  1.000000e+00
 7.643593e-02 -5.757137e-02 -5.007771e-02  1.000000e+00
 7.006129e-02 -6.791253e-02 -4.569121e-02  1.000000e+00
 2.882459e-02  6.486048e-02  8.773111e-02  1.000000e+00
 4.011228e-02  8.657547e-02  1.026785e-01  1.000000e+00
 4.489954e-02  9.484317e-02  1.064938e-01  1.000000e+00
 4.731503e-02  9.875479e-02  1.077885e-01  1.000000e+00
 5.453524e-02  1.091961e-01  1.088812e-01  1.000000e+00
 5.690240e-02  1.121369e-01  1.082482e-01  1.000000e+00
 5.923504e-02  1.147566e-01  1.070966e-01  1.000000e+00
 8.062259e-02  1.160650e-01  6.326732e-02  1.000000e+00
 8.336680e-02  1.101904e-01  5.093488e-02  1.000000e+00
 8.569597e-02  1.024608e-01  3.811433e-02  1.000000e+00
 8.670033e-02  9.793652e-02  3.164170e-02  1.000000e+00
 8.905391e-02  8.197526e-02  1.253368e-02  1.000000e+00
 9.005900e-02  6.961214e-02  4.835091e-04  1.000000e+00
 9.059936e-02  5.617270e-02 -1.066116e-02  1.000000e+00
 9.023587e-02  2.730419e-02 -2.928857e-02  1.000000e+00
 8.340808e-02 -2.852533e-02 -4.831864e-02  1.000000e+00
 7.690252e-02 -4.993740e-02 -4.855523e-02  1.000000e+00
 7.293788e-02 -5.804516e-02 -4.667844e-02  1.000000e+00
 7.079620e-02 -6.137491e-02 -4.531218e-02  1.000000e+00
 6.855795e-02 -6.420604e-02 -4.369221e-02  1.000000e+00
 3.986413e-02  8.566002e-02  1.026780e-01  1.000000e+00
 5.659661e-02  1.109402e-01  1.089480e-01  1.000000e+00
 6.343280e-02  1.176459e-01  1.043403e-01  1.000000e+00
 6.560465e-02  1.191238e-01  1.017820e-01  1.000000e+00
 6.974581e-02  1.208157e-01  9.520184e-02  1.000000e+00
 7.170296e-02  1.209964e-01  9.122231e-02  1.000000e+00
 7.357733e-02  1.207164e-01  8.681976e-02  1.000000e+00
 8.016041e-02  1.148600e-01  6.569550e-02  1.000000e+00
 8.156011e-02  1.122077e-01  5.974279e-02  1.000000e+00
 8.285583e-02  1.090901e-01  5.361196e-02  1.000000e+00
 8.512679e-02  1.015053e-01  4.100601e-02  1.000000e+00
 8.770592e-02  8.701003e-02  2.194424e-02  1.000000e+00
 8.885673e-02  7.553824e-02  9.659340e-03  1.000000e+00
 8.954037e-02  6.289510e-02 -1.908537e-03  1.000000e+00
 8.974648e-02  4.936133e-02 -1.248299e-02  1.000000e+00
 8.966719e-02  4.235736e-02 -1.732493e-02  1.000000e+00
 8.913742e-02  2.808374e-02 -2.600188e-02  1.000000e+00
 8.868446e-02  2.090105e-02 -2.980063e-02  1.000000e+00
 8.810465e-02  1.374702e-02 -3.322108e-02  1.000000e+00
 8.739707e-02  6.666443e-03 -3.625362e-02  1.000000e+00
 8.559629e-02 -7.096449e-03 -4.113311e-02  1.000000e+00
 8.450277e-02 -1.369176e-02 -4.297713e-02  1.000000e+00
 8.045763e-02 -3.184252e-02 -4.617275e-02  1.000000e+00
 5.724674e-02 -6.661730e-02 -3.352080e-02  1.000000e+00
 4.663984e-02  9.644072e-02  1.079689e-01  1.000000e+00
 4.903397e-02  1.000699e-01  1.090047e-01  1.000000e+00
 5.613516e-02  1.094982e-01  1.092936e-01  1.000000e+00
 7.799866e-02  1.155520e-01  7.335943e-02  1.000000e+00
 8.084779e-02  1.108170e-01  6.195985e-02  1.000000e+00
 8.327395e-02  1.042650e-01  4.982303e-02  1.000000e+00
 8.608388e-02  9.126439e-02  3.104944e-02  1.000000e+00
 8.821907e-02  6.891887e-02  6.845056e-03  1.000000e+00
 8.731720e-02  2.177489e-02 -2.662773e-02  1.000000e+00
 8.593781e-02  7.964458e-03 -3.313757e-02  1.000000e+00
 8.505812e-02  1.216588e-03 -3.581617e-02  1.000000e+00
 6.956159e-02 -5.124619e-02 -4.204408e-02  1.000000e+00
 4.138772e-02  8.728368e-02  1.041313e-01  1.000000e+00
 5.320075e-02  1.049938e-01  1.095773e-01  1.000000e+00
 5.552329e-02  1.078185e-01  1.092938e-01  1.000000e+00
 5.781105e-02  1.103342e-01  1.085153e-01  1.000000e+00
 6.224832e-02  1.143344e-01  1.054557e-01  1.000000e+00
 6.844366e-02  1.174228e-01  9.719267e-02  1.000000e+00
 7.218958e-02  1.173432e-01  8.942399e-02  1.000000e+00
 8.115300e-02  1.062139e-01  5.798399e-02  1.000000e+00
 8.714901e-02  6.220839e-02  4.144391e-03  1.000000e+00
 8.700232e-02  4.276875e-02 -1.107999e-02  1.000000e+00
 8.574509e-02  2.253935e-02 -2.354360e-02  1.000000e+00
 8.428384e-02  9.164390e-03 -3.007923e-02  1.000000e+00
 8.336610e-02  2.636012e-03 -3.278361e-02  1.000000e+00
 6.768878e-02 -4.795123e-02 -3.964290e-02  1.000000e+00
 6.104488e-02 -5.550264e-02 -3.568773e-02  1.000000e+00
 2.965867e-02  6.533525e-02  8.901575e-02  1.000000e+00
 3.179168e-02  6.946638e-02  9.235221e-02  1.000000e+00
 3.398077e-02  7.360136e-02  9.549392e-02  1.000000e+00
 4.313141e-02  8.957827e-02  1.053283e-01  1.000000e+00
 5.015270e-02  1.000832e-01  1.088521e-01  1.000000e+00
 5.247283e-02  1.031344e-01  1.091426e-01  1.000000e+00
 7.291834e-02  1.145997e-01  8.586013e-02  1.000000e+00
 7.453496e-02  1.134591e-01  8.118061e-02  1.000000e+00
 7.605283e-02  1.118702e-01  7.618326e-02  1.000000e+00
 7.746836e-02  1.098350e-01  7.090741e-02  1.000000e+00
 7.998029e-02  1.044494e-01  5.968812e-02  1.000000e+00
 8.291468e-02  9.325441e-02  4.185232e-02  1.000000e+00
 8.366322e-02  8.875836e-02  3.581754e-02  1.000000e+00
 8.480781e-02  7.875376e-02  2.387525e-02  1.000000e+00
 8.562885e-02  6.163701e-02  6.881929e-03  1.000000e+00
 8.456329e-02  2.973569e-02 -1.675800e-02  1.000000e+00
 8.149842e-02  3.957196e-03 -2.980351e-02  1.000000e+00
 8.042692e-02 -2.188049e-03 -3.214669e-02  1.000000e+00
 7.792538e-02 -1.384918e-02 -3.571219e-02  1.000000e+00
 6.358723e-02 -4.758515e-02 -3.620964e-02  1.000000e+00
 4.241133e-02  8.777066e-02  1.043252e-01  1.000000e+00
 4.702638e-02  9.483766e-02  1.072060e-01  1.000000e+00
 6.041370e-02  1.100706e-01  1.051634e-01  1.000000e+00
 6.248580e-02  1.114603e-01  1.031562e-01  1.000000e+00
 6.449145e-02  1.124641e-01  1.006795e-01  1.000000e+00
 6.642386e-02  1.130660e-01  9.774778e-02  1.000000e+00
 7.330429e-02  1.112375e-01  8.192099e-02  1.000000e+00
 7.744248e-02  1.053070e-01  6.662684e-02  1.000000e+00
 7.860822e-02  1.024781e-01  6.108031e-02  1.000000e+00
 8.379637e-02  6.667961e-02  1.482384e-02  1.000000e+00
 8.391002e-02  6.091696e-02  9.425379e-03  1.000000e+00
 8.204036e-02  2.372986e-02 -1.766928e-02  1.000000e+00
 7.837422e-02 -7.439014e-04 -2.923615e-02  1.000000e+00
 7.716244e-02 -6.469914e-03 -3.122260e-02  1.000000e+00
 6.759634e-02 -3.496010e-02 -3.575931e-02  1.000000e+00
 6.153634e-02 -4.434724e-02 -3.382552e-02  1.000000e+00
 3.933811e-02  8.209835e-02  1.010297e-01  1.000000e+00
 4.612515e-02  9.270067e-02  1.060271e-01  1.000000e+00
 5.063196e-02  9.879149e-02  1.073478e-01  1.000000e+00
 5.503807e-02  1.038303e-01  1.068720e-01  1.000000e+00
 6.130674e-02  1.089741e-01  1.026438e-01  1.000000e+00
 7.035240e-02  1.098744e-01  8.668255e-02  1.000000e+00
 7.334248e-02  1.073083e-01  7.767030e-02  1.000000e+00
 7.592165e-02  1.030542e-01  6.754844e-02  1.000000e+00
 7.704932e-02  1.003101e-01  6.216983e-02  1.000000e+00
 8.042847e-02  8.552368e-02  3.952061e-02  1.000000e+00
 8.098250e-02  8.096766e-02  3.378714e-02  1.000000e+00
 8.141801e-02  7.611417e-02  2.810786e-02  1.000000e+00
 8.193072e-02  6.562619e-02  1.706589e-02  1.000000e+00
 7.829180e-02  1.213802e-02 -2.133332e-02  1.000000e+00
 7.729383e-02  6.290111e-03 -2.403510e-02  1.000000e+00
 6.539768e-02 -3.222980e-02 -3.314072e-02  1.000000e+00
 4.953504e-02  9.633483e-02  1.060194e-01  1.000000e+00
 6.376267e-02  1.078410e-01  9.697207e-02  1.000000e+00
 6.882179e-02  1.072040e-01  8.661216e-02  1.000000e+00
 7.032546e-02  1.061720e-01  8.243302e-02  1.000000e+00
 7.173031e-02  1.047271e-01  7.794250e-02  1.000000e+00
 7.790709e-02  8.774768e-02  4.657420e-02  1.000000e+00
 7.905619e-02  7.924885e-02  3.540798e-02  1.000000e+00
 7.945418e-02  7.455828e-02  2.987551e-02  1.000000e+00
 7.993516e-02  5.904887e-02  1.393238e-02  1.000000e+00
 7.985706e-02  5.350163e-02  8.949927e-03  1.000000e+00
 7.965979e-02  4.782048e-02  4.184276e-03  1.000000e+00
 7.890897e-02  3.619632e-02 -4.593783e-03  1.000000e+00
 5.254757e-02  9.850434e-02  1.042682e-01  1.000000e+00
 5.659615e-02  1.021102e-01  1.023364e-01  1.000000e+00
 7.589661e-02  8.557877e-02  4.762526e-02  1.000000e+00
 7.139068e-02  9.275103e-02  6.373897e-02  1.000000e+00
 7.306998e-02  8.675800e-02  5.362815e-02  1.000000e+00
 7.474045e-02  7.537134e-02  3.795109e-02  1.000000e+00
 7.506693e-02  7.101963e-02  3.274344e-02  1.000000e+00
 7.527739e-02  6.643073e-02  2.760640e-02  1.000000e+00
 7.495949e-02  4.627330e-02  8.427452e-03  1.000000e+00
 4.564774e-02  8.801155e-02  1.005341e-01  1.000000e+00
 5.346366e-02  9.594652e-02  9.907396e-02  1.000000e+00
 6.193816e-02  9.868497e-02  8.801192e-02  1.000000e+00
 6.339479e-02  9.815020e-02  8.467482e-02  1.000000e+00
 6.826571e-02  9.229692e-02  6.838698e-02  1.000000e+00
 5.524428e-02  9.474640e-02  9.408709e-02  1.000000e+00
 5.845933e-02  9.549740e-02  8.952144e-02  1.000000e+00
 6.695129e-02  8.697865e-02  6.350948e-02  1.000000e+00
-6.188191e-02 -1.302962e-02  1.288474e-01  2.000000e+00
-5.986323e-02 -1.538904e-02  1.362580e-01  2.000000e+00
-8.257740e-02 -1.014454e-03  8.180914e-02  2.000000e+00
-7.371835e-02 -1.162450e-02  1.255096e-01  2.000000e+00
-7.168418e-02 -1.274181e-02  1.293325e-01  2.000000e+00
-6.224617e-02 -1.635538e-02  1.397564e-01  2.000000e+00
-4.363805e-02 -1.871224e-02  1.386319e-01  2.000000e+00
-3.120881e-02 -1.735016e-02  1.249669e-01  2.000000e+00
-1.902474e-02 -1.341534e-02  1.002704e-01  2.000000e+00
-8.539551e-02  3.255103e-03  6.173266e-02  2.000000e+00
-8.437182e-02 -5.458054e-03  1.015009e-01  2.000000e+00
-8.035054e-02 -9.723143e-03  1.185108e-01  2.000000e+00
-5.068957e-02 -1.972484e-02  1.449293e-01  2.000000e+00
-3.978554e-02 -1.958618e-02  1.377148e-01  2.000000e+00
-3.225177e-02 -1.843637e-02  1.282336e-01  2.000000e+00
-1.789603e-02 -1.343591e-02  9.818617e-02  2.000000e+00
-8.819024e-02  4.943933e-03  5.381034e-02  2.000000e+00
-8.897691e-02  3.523419e-03  6.083420e-02  2.000000e+00
-8.959438e-02 -1.024000e-03  8.208442e-02  2.000000e+00
-8.644862e-02 -7.287090e-03  1.086387e-01  2.000000e+00
-8.334216e-02 -1.027166e-02  1.201700e-01  2.000000e+00
-7.712147e-02 -1.429115e-02  1.342877e-01  2.000000e+00
-7.470968e-02 -1.546674e-02  1.380156e-01  2.000000e+00
-4.943831e-02 -2.104986e-02  1.471319e-01  2.000000e+00
-2.213079e-02 -1.601452e-02  1.099500e-01  2.000000e+00
-9.293927e-02  2.239238e-03  6.700447e-02  2.000000e+00
-9.296452e-02 -1.021137e-03  8.175044e-02  2.000000e+00
-9.180217e-02 -4.360433e-03  9.605848e-02  2.000000e+00
-8.621827e-02 -1.083572e-02  1.215085e-01  2.000000e+00
-8.204136e-02 -1.375997e-02  1.318594e-01  2.000000e+00
-5.688881e-02 -2.185684e-02  1.518866e-01  2.000000e+00
-4.792386e-02 -2.231001e-02  1.486022e-01  2.000000e+00
-2.075428e-02 -1.607174e-02  1.074926e-01  2.000000e+00
-1.552645e-02 -1.321927e-02  9.278605e-02  2.000000e+00
-9.640976e-02  7.304579e-04  7.344095e-02  2.000000e+00
-9.382139e-02 -6.318838e-03  1.030968e-01  2.000000e+00
-7.945395e-02 -1.726156e-02  1.420989e-01  2.000000e+00
-6.155127e-02 -2.267051e-02  1.545744e-01  2.000000e+00
-5.530446e-02 -2.340260e-02  1.540634e-01  2.000000e+00
-5.221346e-02 -2.356369e-02  1.529874e-01  2.000000e+00
-4.324673e-02 -2.326571e-02  1.467801e-01  2.000000e+00
-4.039997e-02 -2.292384e-02  1.438214e-01  2.000000e+00
-2.536783e-02 -1.888457e-02  1.193307e-01  2.000000e+00
-9.441044e-02  1.066453e-02  2.598243e-02  2.000000e+00
-9.841665e-02  6.103258e-03  4.835900e-02  2.000000e+00
-9.669844e-02 -6.621567e-03  1.029410e-01  2.000000e+00
-9.154762e-02 -1.201729e-02  1.231462e-01  2.000000e+00
-8.435738e-02 -1.680350e-02  1.393071e-01  2.000000e+00
-5.343175e-02 -2.488578e-02  1.554619e-01  2.000000e+00
-3.309516e-02 -2.248082e-02  1.350878e-01  2.000000e+00
-2.371162e-02 -1.899795e-02  1.164879e-01  2.000000e+00
-1.459160e-02 -1.374442e-02  9.104591e-02  2.000000e+00
-1.016278e-01 -2.978431e-03  8.680664e-02  2.000000e+00
-9.785624e-02 -8.883631e-03  1.097979e-01  2.000000e+00
-9.396368e-02 -1.263894e-02  1.234128e-01  2.000000e+00
-6.774582e-02 -2.460031e-02  1.580820e-01  2.000000e+00
-6.109999e-02 -2.573398e-02  1.590333e-01  2.000000e+00
-5.452295e-02 -2.625433e-02  1.576078e-01  2.000000e+00
-2.632861e-02 -2.107501e-02  1.232562e-01  2.000000e+00
-1.045600e-01  6.940071e-03  4.307457e-02  2.000000e+00
-1.054302e-01  1.063216e-03  6.848001e-02  2.000000e+00
-1.043190e-01 -3.085921e-03  8.535654e-02  2.000000e+00
-9.619024e-02 -1.328443e-02  1.232936e-01  2.000000e+00
-9.378427e-02 -1.516055e-02  1.296672e-01  2.000000e+00
-8.540518e-02 -2.019110e-02  1.455231e-01  2.000000e+00
-5.882953e-02 -2.747566e-02  1.603580e-01  2.000000e+00
-4.579991e-02 -2.734032e-02  1.533064e-01  2.000000e+00
-2.444482e-02 -2.115868e-02  1.198076e-01  2.000000e+00
-9.688354e-02  1.696315e-02 -5.557020e-03  2.000000e+00
-9.939790e-02  1.570332e-02  9.645999e-04  2.000000e+00
-1.056795e-01 -5.410814e-03  9.201172e-02  2.000000e+00
-9.570263e-02 -1.593504e-02  1.293897e-01  2.000000e+00
-7.017909e-02 -2.728655e-02  1.607035e-01  2.000000e+00
-4.329377e-02 -2.838136e-02  1.518368e-01  2.000000e+00
-2.254370e-02 -2.112133e-02  1.158828e-01  2.000000e+00
-1.860372e-02 -1.867182e-02  1.052118e-01  2.000000e+00
-1.043535e-01  1.510300e-02  3.679141e-03  2.000000e+00
-1.090884e-01  9.809112e-03  2.778168e-02  2.000000e+00
-1.099770e-01  7.803995e-03  3.645696e-02  2.000000e+00
-1.105084e-01  5.702312e-03  4.533462e-02  2.000000e+00
-1.090747e-01 -3.333009e-03  8.134017e-02  2.000000e+00
-1.044946e-01 -1.025555e-02  1.067387e-01  2.000000e+00
-1.023811e-01 -1.249042e-02  1.145224e-01  2.000000e+00
-9.157912e-02 -2.059405e-02  1.407262e-01  2.000000e+00
-8.512180e-02 -2.392923e-02  1.502884e-01  2.000000e+00
-8.172027e-02 -2.537316e-02  1.540869e-01  2.000000e+00
-3.771940e-02 -2.857981e-02  1.457802e-01  2.000000e+00
-2.719015e-02 -2.465660e-02  1.273448e-01  2.000000e+00
-2.487979e-02 -2.347436e-02  1.221898e-01  2.000000e+00
-9.299288e-02  2.204932e-02 -3.174844e-02  2.000000e+00
-9.935105e-02  2.011631e-02 -2.123321e-02  2.000000e+00
-1.046734e-01  1.748579e-02 -8.236890e-03  2.000000e+00
-1.103285e-01  1.234178e-02  1.515753e-02  2.000000e+00
-1.115275e-01  1.034853e-02  2.376337e-02  2.000000e+00
-1.128393e-01  6.026717e-03  4.176822e-02  2.000000e+00
-1.081770e-01 -8.358889e-03  9.651441e-02  2.000000e+00
-1.062497e-01 -1.076127e-02  1.049335e-01  2.000000e+00
-9.886534e-02 -1.758624e-02  1.276140e-01  2.000000e+00
-9.285126e-02 -2.163945e-02  1.400608e-01  2.000000e+00
-8.959534e-02 -2.346934e-02  1.453592e-01  2.000000e+00
-5.742865e-02 -3.224951e-02  1.626051e-01  2.000000e+00
-5.053629e-02 -3.217398e-02  1.593243e-01  2.000000e+00
-4.401531e-02 -3.141907e-02  1.539050e-01  2.000000e+00
-3.236230e-02 -2.819848e-02  1.379727e-01  2.000000e+00
-2.976790e-02 -2.711093e-02  1.331935e-01  2.000000e+00
-9.178940e-02  2.393998e-02 -4.135307e-02  2.000000e+00
-1.017066e-01  2.116414e-02 -2.643841e-02  2.000000e+00
-1.045092e-01  1.986868e-02 -2.013840e-02  2.000000e+00
-1.092125e-01  1.674925e-02 -5.759281e-03  2.000000e+00
-1.149655e-01  3.931903e-03  4.735192e-02  2.000000e+00
-1.139328e-01 -1.082847e-03  6.641528e-02  2.000000e+00
-1.128808e-01 -3.644438e-03  7.583872e-02  2.000000e+00
-1.097722e-01 -8.772334e-03  9.407315e-02  2.000000e+00
-1.077511e-01 -1.129689e-02  1.027354e-01  2.000000e+00
-1.054467e-01 -1.376778e-02  1.110026e-01  2.000000e+00
-1.028823e-01 -1.616513e-02  1.188128e-01  2.000000e+00
-9.388494e-02 -2.273083e-02  1.389774e-01  2.000000e+00
-9.054053e-02 -2.465488e-02  1.444699e-01  2.000000e+00
-6.871894e-02 -3.255858e-02  1.629588e-01  2.000000e+00
-6.501814e-02 -3.320245e-02  1.636002e-01  2.000000e+00
-5.421621e-02 -3.394975e-02  1.616202e-01  2.000000e+00
-2.980685e-02 -2.850061e-02  1.337762e-01  2.000000e+00
-2.070426e-02 -2.319282e-02  1.128267e-01  2.000000e+00
-9.017248e-02  2.573185e-02 -5.044092e-02  2.000000e+00
-1.113121e-01  1.758078e-02 -1.086617e-02  2.000000e+00
-1.131355e-01  1.568153e-02 -2.741316e-03  2.000000e+00
-1.146017e-01  1.362442e-02  5.847128e-03  2.000000e+00
-1.167627e-01  6.653092e-03  3.366788e-02  2.000000e+00
-1.163110e-01  1.513818e-03  5.312983e-02  2.000000e+00
-1.155290e-01 -1.144307e-03  6.288466e-02  2.000000e+00
-1.129076e-01 -6.531025e-03  8.202568e-02  2.000000e+00
-9.794589e-02 -2.170132e-02  1.311434e-01  2.000000e+00
-9.466994e-02 -2.387198e-02  1.374762e-01  2.000000e+00
-9.124263e-02 -2.589300e-02  1.431602e-01  2.000000e+00
-8.769175e-02 -2.774991e-02  1.481670e-01  2.000000e+00
-6.900927e-02 -3.419946e-02  1.625646e-01  2.000000e+00
-4.746074e-02 -3.520065e-02  1.574552e-01  2.000000e+00
-1.213735e-02 -1.682061e-02  8.607537e-02  2.000000e+00
-1.163635e-01  1.426032e-02  7.911658e-04  2.000000e+00
-1.174012e-01  1.195095e-02  9.941827e-03  2.000000e+00
-1.180561e-01  9.507325e-03  1.942501e-02  2.000000e+00
-1.168463e-01 -1.229454e-03  5.901564e-02  2.000000e+00
-1.156188e-01 -4.049010e-03  6.889882e-02  2.000000e+00
-1.099435e-01 -1.247282e-02  9.718131e-02  2.000000e+00
-1.074563e-01 -1.519337e-02  1.059009e-01  2.000000e+00
-1.047112e-01 -1.783340e-02  1.141536e-01  2.000000e+00
-8.435446e-02 -3.090015e-02  1.510968e-01  2.000000e+00
-6.154773e-02 -3.711245e-02  1.628116e-01  2.000000e+00
-2.253819e-02 -2.714355e-02  1.186075e-01  2.000000e+00
-8.156898e-02  2.897351e-02 -6.777581e-02  2.000000e+00
-1.147757e-01  1.924099e-02 -2.176621e-02  2.000000e+00
-1.178569e-01  1.488725e-02 -4.507415e-03  2.000000e+00
-1.196046e-01  7.223921e-03  2.436622e-02  2.000000e+00
-1.194079e-01  4.440596e-03  3.445898e-02  2.000000e+00
-1.188277e-01  1.577686e-03  4.464053e-02  2.000000e+00
-1.129071e-01 -1.020910e-02  8.450760e-02  2.000000e+00
-1.080395e-01 -1.597143e-02  1.027757e-01  2.000000e+00
-1.021510e-01 -2.139825e-02  1.191686e-01  2.000000e+00
-8.819694e-02 -3.058628e-02  1.446568e-01  2.000000e+00
-7.283522e-02 -3.671255e-02  1.588350e-01  2.000000e+00
-6.135741e-02 -3.895338e-02  1.618329e-01  2.000000e+00
-5.764874e-02 -3.924188e-02  1.614545e-01  2.000000e+00
-5.402557e-02 -3.930697e-02  1.604322e-01  2.000000e+00
-4.062193e-02 -3.750139e-02  1.506337e-01  2.000000e+00
-3.758549e-02 -3.659196e-02  1.469676e-01  2.000000e+00
-2.229241e-02 -2.849058e-02  1.184218e-01  2.000000e+00
-8.729227e-02  3.024378e-02 -7.230203e-02  2.000000e+00
-9.140379e-02  2.998781e-02 -7.044195e-02  2.000000e+00
-9.535960e-02  2.951929e-02 -6.779179e-02  2.000000e+00
-1.026736e-01  2.792142e-02 -6.008713e-02  2.000000e+00
-1.089861e-01  2.542814e-02 -4.922574e-02  2.000000e+00
-1.199707e-01  1.296673e-02 -5.814252e-04  2.000000e+00
-1.204777e-01  1.028600e-02  9.225531e-03  2.000000e+00
-1.185999e-01 -1.486665e-03  5.032198e-02  2.000000e+00
-1.171950e-01 -4.577777e-03  6.061503e-02  2.000000e+00
-1.133688e-01 -1.076655e-02  8.061021e-02  2.000000e+00
-1.054208e-01 -1.969445e-02  1.079446e-01  2.000000e+00
-9.895324e-02 -2.513308e-02  1.236118e-01  2.000000e+00
-9.545376e-02 -2.763345e-02  1.305188e-01  2.000000e+00
-8.035592e-02 -3.576323e-02  1.511733e-01  2.000000e+00
-6.863038e-02 -3.954728e-02  1.589284e-01  2.000000e+00
-5.008149e-02 -4.108277e-02  1.577399e-01  2.000000e+00
-9.272640e-02  3.128910e-02 -7.633910e-02  2.000000e+00
-1.128690e-01  2.483769e-02 -4.871361e-02  2.000000e+00
-1.151989e-01  2.296062e-02 -4.140724e-02  2.000000e+00
-1.171730e-01  2.087002e-02 -3.343441e-02  2.000000e+00
-1.212712e-01  7.707080e-03  1.400759e-02  2.000000e+00
-1.201500e-01  1.528289e-03  3.498003e-02  2.000000e+00
-1.175257e-01 -4.898669e-03  5.601110e-02  2.000000e+00
-1.156881e-01 -8.141726e-03  6.632309e-02  2.000000e+00
-1.135267e-01 -1.136985e-02  7.638473e-02  2.000000e+00
-6.807703e-02 -4.148470e-02  1.569179e-01  2.000000e+00
-6.420242e-02 -4.230446e-02  1.581682e-01  2.000000e+00
-5.666008e-02 -4.318724e-02  1.585566e-01  2.000000e+00
-4.949402e-02 -4.309003e-02  1.563182e-01  2.000000e+00
-4.279647e-02 -4.208171e-02  1.517411e-01  2.000000e+00
-3.102693e-02 -3.777039e-02  1.369750e-01  2.000000e+00
-1.588602e-02 -2.589189e-02  1.012750e-01  2.000000e+00
-8.972856e-02  3.288578e-02 -8.392547e-02  2.000000e+00
-1.015020e-01  3.129960e-02 -7.647679e-02  2.000000e+00
-1.194750e-01  1.926541e-02 -3.083917e-02  2.000000e+00
-1.213585e-01  1.390242e-02 -1.195259e-02  2.000000e+00
-1.216421e-01  7.905668e-03  8.487792e-03  2.000000e+00
-1.211871e-01  4.723632e-03  1.906751e-02  2.000000e+00
-1.191242e-01 -1.886337e-03  4.048007e-02  2.000000e+00
-1.133763e-01 -1.202284e-02  7.185089e-02  2.000000e+00
-1.108347e-01 -1.535291e-02  8.176024e-02  2.000000e+00
-9.823210e-02 -2.772687e-02  1.166824e-01  2.000000e+00
-9.461644e-02 -3.046217e-02  1.239402e-01  2.000000e+00
-9.087380e-02 -3.301065e-02  1.305184e-01  2.000000e+00
-7.123998e-02 -4.238380e-02  1.524036e-01  2.000000e+00
-6.730818e-02 -4.350573e-02  1.545249e-01  2.000000e+00
-5.225644e-02 -4.535769e-02  1.558614e-01  2.000000e+00
-4.207502e-02 -4.412143e-02  1.501782e-01  2.000000e+00
-3.310653e-02 -4.098594e-02  1.399675e-01  2.000000e+00
-2.784959e-02 -3.807076e-02  1.312803e-01  2.000000e+00
-8.205612e-02  3.415629e-02 -9.035819e-02  2.000000e+00
-9.863124e-02  3.333121e-02 -8.585652e-02  2.000000e+00
-1.143872e-01  2.677527e-02 -6.110968e-02  2.000000e+00
-1.198739e-01  1.993047e-02 -3.694965e-02  2.000000e+00
-1.215898e-01  1.433013e-02 -1.789185e-02  2.000000e+00
-1.218443e-01  1.127191e-02 -7.715006e-03  2.000000e+00
-1.216966e-01  8.070348e-03  2.775079e-03  2.000000e+00
-1.211520e-01  4.749239e-03  1.348509e-02  2.000000e+00
-1.189118e-01 -2.149302e-03  3.518470e-02  2.000000e+00
-1.152389e-01 -9.208936e-03  5.662972e-02  2.000000e+00
-1.129150e-01 -1.272921e-02  6.703076e-02  2.000000e+00
-9.744636e-02 -2.912679e-02  1.126933e-01  2.000000e+00
-9.378347e-02 -3.198405e-02  1.201150e-01  2.000000e+00
-5.864041e-02 -4.712745e-02  1.540850e-01  2.000000e+00
-5.492492e-02 -4.747093e-02  1.541883e-01  2.000000e+00
-4.120498e-02 -4.624469e-02  1.482922e-01  2.000000e+00
-3.810435e-02 -4.534704e-02  1.454394e-01  2.000000e+00
-2.254963e-02 -3.634503e-02  1.203513e-01  2.000000e+00
-2.046198e-02 -3.443746e-02  1.153071e-01  2.000000e+00
-7.836637e-02  3.514615e-02 -9.483119e-02  2.000000e+00
-9.924964e-02  3.458918e-02 -9.190680e-02  2.000000e+00
-1.063045e-01  3.262764e-02 -8.470579e-02  2.000000e+00
-1.094256e-01  3.125176e-02 -7.978334e-02  2.000000e+00
-1.122384e-01  2.961341e-02 -7.400461e-02  2.000000e+00
-1.168445e-01  2.557016e-02 -6.002306e-02  2.000000e+00
-1.199661e-01  2.056895e-02 -4.315866e-02  2.000000e+00
-1.209373e-01  1.774376e-02 -3.381252e-02  2.000000e+00
-1.216699e-01  1.153618e-02 -1.369532e-02  2.000000e+00
-1.207961e-01  4.734184e-03  7.720577e-03  2.000000e+00
-1.197743e-01  1.172828e-03  1.867829e-02  2.000000e+00
-1.183795e-01 -2.459216e-03  2.967384e-02  2.000000e+00
-1.166288e-01 -6.133524e-03  4.061192e-02  2.000000e+00
-1.033226e-01 -2.411852e-02  9.134875e-02  2.000000e+00
-9.993704e-02 -2.743720e-02  1.001622e-01  2.000000e+00
-7.701605e-02 -4.328979e-02  1.391590e-01  2.000000e+00
-6.512828e-02 -4.781164e-02  1.486491e-01  2.000000e+00
-5.378033e-02 -4.974735e-02  1.514849e-01  2.000000e+00
-2.882035e-02 -4.347611e-02  1.325643e-01  2.000000e+00
-2.183687e-02 -3.807362e-02  1.189166e-01  2.000000e+00
-9.579425e-02  3.646157e-02 -1.000751e-01  2.000000e+00
-9.961949e-02  3.583467e-02 -9.792128e-02  2.000000e+00
-1.096142e-01  3.233105e-02 -8.603534e-02  2.000000e+00
-1.123546e-01  3.061730e-02 -8.029767e-02  2.000000e+00
-1.147571e-01  2.863581e-02 -7.371843e-02  2.000000e+00
-1.168010e-01  2.639429e-02 -6.634275e-02  2.000000e+00
-1.197478e-01  2.117714e-02 -4.943544e-02  2.000000e+00
-1.211753e-01  1.176215e-02 -1.979406e-02  2.000000e+00
-1.190077e-01  9.646328e-04  1.286585e-02  2.000000e+00
-1.175273e-01 -2.819410e-03  2.397517e-02  2.000000e+00
-1.156947e-01 -6.647631e-03  3.503422e-02  2.000000e+00
-1.110588e-01 -1.431563e-02  5.662996e-02  2.000000e+00
-9.502943e-02 -3.214889e-02  1.037704e-01  2.000000e+00
-8.745429e-02 -3.815770e-02  1.185339e-01  2.000000e+00
-6.763464e-02 -4.882581e-02  1.426528e-01  2.000000e+00
-4.218352e-02 -5.149661e-02  1.456942e-01  2.000000e+00
-3.042962e-02 -4.713107e-02  1.344313e-01  2.000000e+00
-9.596747e-02  3.772859e-02 -1.058977e-01  2.000000e+00
-1.095214e-01  3.338820e-02 -9.225134e-02  2.000000e+00
-1.192169e-01  2.175161e-02 -5.574828e-02  2.000000e+00
-1.199360e-01  8.324735e-03 -1.523560e-02  2.000000e+00
-1.144451e-01 -7.218136e-03  2.928051e-02  2.000000e+00
-1.122075e-01 -1.121826e-02  4.030577e-02  2.000000e+00
-1.096679e-01 -1.520161e-02  5.110267e-02  2.000000e+00
-1.068524e-01 -1.913651e-02  6.158539e-02  2.000000e+00
-8.186328e-02 -4.281681e-02  1.203872e-01  2.000000e+00
-6.599831e-02 -5.115708e-02  1.387469e-01  2.000000e+00
-4.082686e-02 -5.392120e-02  1.427819e-01  2.000000e+00
-3.196028e-02 -5.082787e-02  1.354227e-01  2.000000e+00
-2.443306e-02 -4.582065e-02  1.242774e-01  2.000000e+00
-2.014829e-02 -4.173353e-02  1.154013e-01  2.000000e+00
-9.198576e-02  3.940211e-02 -1.125881e-01  2.000000e+00
-1.062487e-01  3.599868e-02 -1.031071e-01  2.000000e+00
-1.091445e-01  3.441999e-02 -9.839901e-02  2.000000e+00
-1.117170e-01  3.254886e-02 -9.278093e-02  2.000000e+00
-1.183734e-01  2.228924e-02 -6.206483e-02  2.000000e+00
-1.187082e-01  8.318984e-03 -2.142893e-02  2.000000e+00
-1.165166e-01  3.948446e-04  8.479502e-04  2.000000e+00
-1.128838e-01 -7.847553e-03  2.338040e-02  2.000000e+00
-1.105766e-01 -1.200864e-02  3.449883e-02  2.000000e+00
-1.079741e-01 -1.615269e-02  4.539525e-02  2.000000e+00
-7.994501e-02 -4.489775e-02  1.156387e-01  2.000000e+00
-2.806169e-02 -5.163430e-02  1.294582e-01  2.000000e+00
-9.173028e-02  4.066438e-02 -1.180143e-01  2.000000e+00
-9.556596e-02  4.020926e-02 -1.171945e-01  2.000000e+00
-9.919004e-02  3.946390e-02 -1.154374e-01  2.000000e+00
-1.025705e-01  3.842045e-02 -1.127271e-01  2.000000e+00
-1.148516e-01  2.868090e-02 -8.519903e-02  2.000000e+00
-1.161684e-01  4.203223e-03 -1.656673e-02  2.000000e+00
-1.148000e-01  2.830780e-05 -5.295871e-03  2.000000e+00
-6.171072e-02  3.816525e-02 -1.049539e-01  2.000000e+00
-7.471543e-02  4.112258e-02 -1.171405e-01  2.000000e+00
-8.320372e-02  4.203161e-02 -1.218639e-01  2.000000e+00
-8.729228e-02  4.210689e-02 -1.230069e-01  2.000000e+00
-9.852491e-02  4.062866e-02 -1.209956e-01  2.000000e+00
-1.075344e-01  3.639632e-02 -1.103596e-01  2.000000e+00
-1.099119e-01  3.435901e-02 -1.049100e-01  2.000000e+00
-1.148724e-01  2.644280e-02 -8.332633e-02  2.000000e+00
-1.163262e-01  1.611036e-02 -5.520065e-02  2.000000e+00
-6.571778e-02  4.058527e-02 -1.134790e-01  2.000000e+00
-7.427662e-02  4.239627e-02 -1.214404e-01  2.000000e+00
-9.048757e-02  4.312780e-02 -1.283187e-01  2.000000e+00
-9.415332e-02  4.260251e-02 -1.278212e-01  2.000000e+00
-1.063033e-01  3.733630e-02 -1.161085e-01  2.000000e+00
-1.120438e-01  3.002316e-02 -9.735771e-02  2.000000e+00
-1.139897e-01  2.365560e-02 -8.071049e-02  2.000000e+00
-1.143564e-01  1.625031e-02 -6.140086e-02  2.000000e+00
-1.139481e-01  1.221585e-02 -5.096478e-02  2.000000e+00
-1.063941e-01 -1.010682e-02  5.107458e-03  2.000000e+00
-8.573884e-02  4.458136e-02 -1.325265e-01  2.000000e+00
-8.949979e-02  4.432569e-02 -1.331381e-01  2.000000e+00
-1.047918e-01  3.824186e-02 -1.216613e-01  2.000000e+00
-1.069516e-01  3.602961e-02 -1.164273e-01  2.000000e+00
-1.119266e-01  2.402272e-02 -8.671674e-02  2.000000e+00
-1.120890e-01  1.634076e-02 -6.751046e-02  2.000000e+00
-1.115857e-01  1.215708e-02 -5.711029e-02  2.000000e+00
-5.625910e-02  4.043788e-02 -1.095147e-01  2.000000e+00
-6.866634e-02  4.409237e-02 -1.252509e-01  2.000000e+00
-9.173120e-02  4.489475e-02 -1.375391e-01  2.000000e+00
-9.496430e-02  4.396038e-02 -1.364002e-01  2.000000e+00
-1.095330e-01  1.638115e-02 -7.349851e-02  2.000000e+00
-6.364221e-02  4.428644e-02 -1.236747e-01  2.000000e+00
-9.014759e-02  4.600087e-02 -1.419868e-01  2.000000e+00
-9.612105e-02  4.367789e-02 -1.390384e-01  2.000000e+00
-1.064889e-01  2.832693e-02 -1.066729e-01  2.000000e+00
-1.066983e-01  1.637154e-02 -7.933512e-02  2.000000e+00
-4.690735e-02  3.950684e-02 -1.013700e-01  2.000000e+00
-5.860440e-02  4.425132e-02 -1.208544e-01  2.000000e+00
-6.257890e-02  4.550354e-02 -1.265150e-01  2.000000e+00
-6.654311e-02  4.654649e-02 -1.316125e-01  2.000000e+00
-7.431497e-02  4.790291e-02 -1.397888e-01  2.000000e+00
-8.832116e-02  4.708025e-02 -1.461255e-01  2.000000e+00
-9.131598e-02  4.603713e-02 -1.453254e-01  2.000000e+00
-9.862730e-02  4.074414e-02 -1.368493e-01  2.000000e+00
-1.018826e-01  3.540656e-02 -1.262403e-01  2.000000e+00
-1.036948e-01  2.868824e-02 -1.120048e-01  2.000000e+00
-1.040052e-01  2.071488e-02 -9.464479e-02  2.000000e+00
-1.035964e-01  1.631265e-02 -8.499174e-02  2.000000e+00
-1.028190e-01  1.166944e-02 -7.481060e-02  2.000000e+00
-1.016835e-01  6.816010e-03 -6.419820e-02  2.000000e+00
-6.900498e-02  4.856097e-02 -1.389573e-01  2.000000e+00
-8.315529e-02  4.887647e-02 -1.495612e-01  2.000000e+00
-8.912459e-02  4.703237e-02 -1.493061e-01  2.000000e+00
-9.172918e-02  4.556384e-02 -1.476667e-01  2.000000e+00
-1.000341e-01  3.265691e-02 -1.244839e-01  2.000000e+00
-1.006412e-01  2.900661e-02 -1.170792e-01  2.000000e+00
-1.008774e-01  2.503296e-02 -1.088844e-01  2.000000e+00
-6.734631e-02  4.975659e-02 -1.415044e-01  2.000000e+00
-8.099242e-02  4.995610e-02 -1.528311e-01  2.000000e+00
-8.396289e-02  4.916202e-02 -1.533809e-01  2.000000e+00
-8.669760e-02  4.800027e-02 -1.529346e-01  2.000000e+00
-9.135518e-02  4.454066e-02 -1.489850e-01  2.000000e+00
-9.478222e-02  3.954905e-02 -1.409783e-01  2.000000e+00
-9.746918e-02  2.517470e-02 -1.138246e-01  2.000000e+00
-9.723473e-02  2.075598e-02 -1.050587e-01  2.000000e+00
-9.569411e-02  1.109548e-02 -8.571563e-02  2.000000e+00
-5.464504e-02  4.785291e-02 -1.269015e-01  2.000000e+00
-7.556896e-02  5.149925e-02 -1.540305e-01  2.000000e+00
-8.404307e-02  4.894264e-02 -1.561902e-01  2.000000e+00
-9.268310e-02  3.697259e-02 -1.396589e-01  2.000000e+00
-9.341994e-02  3.342661e-02 -1.334425e-01  2.000000e+00
-9.178786e-02  1.074062e-02 -9.082362e-02  2.000000e+00
-6.001333e-02  5.135638e-02 -1.403390e-01  2.000000e+00
-7.601839e-02  5.205663e-02 -1.582214e-01  2.000000e+00
-8.528291e-02  4.608885e-02 -1.558393e-01  2.000000e+00
-8.818927e-02  4.070864e-02 -1.485626e-01  2.000000e+00
-5.456315e-02  5.153036e-02 -1.356562e-01  2.000000e+00
-7.046584e-02  5.366473e-02 -1.582573e-01  2.000000e+00
-7.322304e-02  5.308291e-02 -1.603085e-01  2.000000e+00
-8.192252e-02  4.682436e-02 -1.586786e-01  2.000000e+00
-8.340178e-02  4.423896e-02 -1.557351e-01  2.000000e+00
-8.456701e-02  4.124410e-02 -1.517927e-01  2.000000e+00
-8.540595e-02  3.784654e-02 -1.468820e-01  2.000000e+00
-4.918613e-02  5.148507e-02 -1.297602e-01  2.000000e+00
-5.244656e-02  5.274311e-02 -1.363648e-01  2.000000e+00
-5.567036e-02  5.375068e-02 -1.424366e-01  2.000000e+00
-6.762450e-02  5.473271e-02 -1.597436e-01  2.000000e+00
-7.263620e-02  5.307230e-02 -1.632510e-01  2.000000e+00
-7.672168e-02  4.980055e-02 -1.628343e-01  2.000000e+00
-8.074421e-02  4.175473e-02 -1.546273e-01  2.000000e+00
-8.010843e-02  1.504869e-02 -1.137708e-01  2.000000e+00
-5.625893e-02  5.566192e-02 -1.484676e-01  2.000000e+00
-6.196356e-02  5.610530e-02 -1.574997e-01  2.000000e+00
-7.310952e-02  5.058832e-02 -1.646340e-01  2.000000e+00
-7.582315e-02  4.545384e-02 -1.605775e-01  2.000000e+00
-7.673388e-02  4.224475e-02 -1.570540e-01  2.000000e+00
-7.719959e-02  2.534424e-02 -1.338038e-01  2.000000e+00
-7.651365e-02  2.019264e-02 -1.259888e-01  2.000000e+00
-4.774139e-02  5.520615e-02 -1.365730e-01  2.000000e+00
-5.066879e-02  5.617653e-02 -1.428964e-01  2.000000e+00
-5.352643e-02  5.685349e-02 -1.486202e-01  2.000000e+00
-5.892247e-02  5.721908e-02 -1.579477e-01  2.000000e+00
-6.581474e-02  5.495194e-02 -1.656304e-01  2.000000e+00
-7.068299e-02  4.892057e-02 -1.646798e-01  2.000000e+00
-7.176369e-02  4.603745e-02 -1.623639e-01  2.000000e+00
-4.234771e-02  5.524739e-02 -1.291238e-01  2.000000e+00
-5.063940e-02  5.805887e-02 -1.483411e-01  2.000000e+00
-5.572094e-02  5.834040e-02 -1.579518e-01  2.000000e+00
-6.659135e-02  4.959767e-02 -1.658100e-01  2.000000e+00
-6.820427e-02  4.318233e-02 -1.606464e-01  2.000000e+00
-6.785470e-02  2.524206e-02 -1.393027e-01  2.000000e+00
-5.236843e-02  5.947434e-02 -1.575085e-01  2.000000e+00
-5.991452e-02  5.509181e-02 -1.672805e-01  2.000000e+00
-6.234834e-02  5.027256e-02 -1.664959e-01  2.000000e+00
-6.371228e-02  4.364061e-02 -1.617997e-01  2.000000e+00
-6.392985e-02  3.523731e-02 -1.533461e-01  2.000000e+00
-4.205525e-02  5.995635e-02 -1.404068e-01  2.000000e+00
-5.088565e-02  6.009613e-02 -1.605446e-01  2.000000e+00
-5.272587e-02  5.915255e-02 -1.636297e-01  2.000000e+00
-5.908714e-02  4.409962e-02 -1.625204e-01  2.000000e+00
-5.923382e-02  3.999319e-02 -1.590017e-01  2.000000e+00
-3.192366e-02  5.785532e-02 -1.173046e-01  2.000000e+00
-4.113503e-02  6.180950e-02 -1.448896e-01  2.000000e+00
-4.903671e-02  6.365305e-03 -1.233025e-01  2.000000e+00
-2.916189e-02  5.929818e-02 -1.150248e-01  2.000000e+00
-3.771530e-02  6.312234e-02 -1.428710e-01  2.000000e+00
-4.472659e-02  6.126155e-02 -1.611287e-01  2.000000e+00
-4.911474e-02  3.589227e-02 -1.558260e-01  2.000000e+00
-4.528159e-02  1.257803e-02 -1.326373e-01  2.000000e+00
-4.195240e-02 -1.121517e-03 -1.173183e-01  2.000000e+00
-3.918218e-02  6.351841e-02 -1.556349e-01  2.000000e+00
-4.276004e-02  5.866163e-02 -1.638049e-01  2.000000e+00
-3.369121e-02  6.552278e-02 -1.486199e-01  2.000000e+00
-3.734483e-02  6.178783e-02 -1.597700e-01  2.000000e+00
-3.931754e-02  5.381731e-02 -1.632776e-01  2.000000e+00
-3.293836e-02  4.959646e-03 -1.280228e-01  2.000000e+00
-2.198140e-02  6.526481e-02 -1.135125e-01  2.000000e+00
-2.683149e-02  6.732235e-02 -1.342859e-01  2.000000e+00
-2.964541e-02  6.684588e-02 -1.455473e-01  2.000000e+00
-3.284977e-02  6.287092e-02 -1.571678e-01  2.000000e+00
-3.411133e-02  5.785095e-02 -1.608251e-01  2.000000e+00
-3.444300e-02  4.662343e-02 -1.597147e-01  2.000000e+00
-3.410853e-02  4.190613e-02 -1.575955e-01  2.000000e+00
-3.354725e-02  3.671991e-02 -1.546387e-01  2.000000e+00
-2.749309e-02  4.565175e-03 -1.289041e-01  2.000000e+00
-2.552093e-02  6.821841e-02 -1.420660e-01  2.000000e+00
-2.658936e-02  6.727281e-02 -1.468324e-01  2.000000e+00
-2.828331e-02  6.399686e-02 -1.541510e-01  2.000000e+00
-2.930454e-02  4.721764e-02 -1.579180e-01  2.000000e+00
-2.825475e-02  3.706514e-02 -1.534592e-01  2.000000e+00
-2.024229e-02 -3.371762e-03 -1.228906e-01  2.000000e+00
-2.224594e-02  6.862109e-02 -1.430845e-01  2.000000e+00
-2.203325e-02  3.155818e-02 -1.488132e-01  2.000000e+00
-1.415323e-02  7.183689e-02 -1.154760e-01  2.000000e+00
-1.521511e-02  7.201010e-02 -1.221270e-01  2.000000e+00
-1.784829e-02  7.002450e-02 -1.389546e-01  2.000000e+00
-1.930046e-02  5.312849e-02 -1.535646e-01  2.000000e+00
-1.032505e-02  7.358559e-02 -1.106526e-01  2.000000e+00
-1.449168e-02  6.502235e-02 -1.458298e-01  2.000000e+00
-1.455087e-02  6.185798e-02 -1.481304e-01  2.000000e+00
-1.444337e-02  5.817869e-02 -1.496417e-01  2.000000e+00
-1.370475e-02  4.928222e-02 -1.502621e-01  2.000000e+00
-1.306742e-02  4.408029e-02 -1.493796e-01  2.000000e+00
-1.225118e-02  3.839416e-02 -1.477245e-01  2.000000e+00
-1.009576e-02  2.565376e-02 -1.422185e-01  2.000000e+00
-7.289859e-03  1.127944e-02 -1.340669e-01  2.000000e+00
-7.869316e-03  7.508341e-02 -1.185419e-01  2.000000e+00
-8.453358e-03  7.427668e-02 -1.243596e-01  2.000000e+00
-9.302127e-03  7.125904e-02 -1.342649e-01  2.000000e+00
-5.885851e-03  3.267879e-02 -1.430827e-01  2.000000e+00
-4.696299e-03  2.596428e-02 -1.403433e-01  2.000000e+00
-3.356098e-03  1.883897e-02 -1.369511e-01  2.000000e+00
-4.330980e-03  6.028876e-02 -1.416463e-01  2.000000e+00
-2.518119e-03  4.550094e-02 -1.431889e-01  2.000000e+00
-1.604125e-03  3.957506e-02 -1.422148e-01  2.000000e+00
-5.388547e-04  3.318137e-02 -1.405283e-01  2.000000e+00
 6.722252e-04  2.634569e-02 -1.381609e-01  2.000000e+00
 5.093608e-03  3.518451e-03 -1.273894e-01  2.000000e+00
 5.666513e-04  7.864238e-02 -1.075076e-01  2.000000e+00
 2.680570e-04  7.767717e-02 -1.134970e-01  2.000000e+00
 7.279774e-05  6.891606e-02 -1.319155e-01  2.000000e+00
 4.769830e-03  3.375492e-02 -1.376784e-01  2.000000e+00
 5.997606e-03  2.680186e-02 -1.356868e-01  2.000000e+00
 1.380347e-02 -1.333635e-02 -1.171610e-01  2.000000e+00
 5.319717e-03  8.125451e-02 -8.827969e-02  2.000000e+00
 4.636478e-03  7.947128e-02 -1.076386e-01  2.000000e+00
 4.684356e-03  7.338915e-02 -1.228057e-01  2.000000e+00
 1.407823e-02  1.200899e-02 -1.278886e-01  2.000000e+00
 9.448537e-03  8.313437e-02 -7.495770e-02  2.000000e+00
 8.994808e-03  8.132541e-02 -1.015275e-01  2.000000e+00
 1.070366e-02  6.391012e-02 -1.274060e-01  2.000000e+00
 1.925932e-02  1.241024e-02 -1.256710e-01  2.000000e+00
 2.237049e-02 -4.443452e-03 -1.192865e-01  2.000000e+00
 1.319020e-02  8.518300e-02 -8.240282e-02  2.000000e+00
 1.349801e-02  8.153598e-02 -1.010008e-01  2.000000e+00
 1.635902e-02  6.038787e-02 -1.245402e-01  2.000000e+00
 2.435242e-02  1.290422e-02 -1.232131e-01  2.000000e+00
 1.980358e-02  7.104993e-02 -1.133811e-01  2.000000e+00
 2.795171e-02  2.163882e-02 -1.221442e-01  2.000000e+00
 2.385622e-02  7.657850e-02 -1.033534e-01  2.000000e+00
 2.612122e-02  6.301238e-02 -1.139518e-01  2.000000e+00
 3.422773e-02  1.417278e-02 -1.176368e-01  2.000000e+00
 3.708642e-02 -3.200079e-03 -1.136902e-01  2.000000e+00
 2.609328e-02  8.925374e-02 -7.507640e-02  2.000000e+00
 2.763188e-02  9.424844e-02 -3.413549e-02  2.000000e+00
 3.291226e-02  7.998491e-02 -9.062158e-02  2.000000e+00
 3.371779e-02  7.580765e-02 -9.516165e-02  2.000000e+00
 4.493082e-02  7.119646e-03 -1.103486e-01  2.000000e+00
 4.760219e-02 -1.098407e-02 -1.070798e-01  2.000000e+00
 3.296109e-02  9.614739e-02 -4.778049e-02  2.000000e+00
 4.003821e-02  6.732913e-02 -9.684076e-02  2.000000e+00
 4.155769e-02  8.350737e-02 -7.745686e-02  2.000000e+00
 4.343435e-02  7.426278e-02 -8.689817e-02  2.000000e+00
 4.443368e-02  6.884390e-02 -9.090512e-02  2.000000e+00
 4.655358e-02  5.647774e-02 -9.737827e-02  2.000000e+00
 4.121997e-02  9.939247e-02 -4.012435e-02  2.000000e+00
 4.207889e-02  9.763303e-02 -4.674665e-02  2.000000e+00
 4.475615e-02  8.918341e-02 -6.524428e-02  2.000000e+00
 5.083084e-02  5.786789e-02 -9.193675e-02  2.000000e+00
 5.307796e-02  4.347242e-02 -9.693291e-02  2.000000e+00
 5.422958e-02  3.564095e-02 -9.865304e-02  2.000000e+00
 5.886090e-02  9.960753e-04 -1.005324e-01  2.000000e+00
 4.297328e-02  1.036824e-01 -1.935873e-02  2.000000e+00
 4.838173e-02  1.036679e-01 -2.575993e-02  2.000000e+00
 4.940924e-02  1.017706e-01 -3.245318e-02  2.000000e+00
 5.353708e-02  8.883187e-02 -5.736477e-02  2.000000e+00
 5.997531e-02  5.363040e-02 -8.422757e-02  2.000000e+00
 6.323950e-02  2.990586e-02 -9.139420e-02  2.000000e+00
 5.286598e-02  1.037774e-01 -2.537554e-02  2.000000e+00
 5.396045e-02  1.012852e-01 -3.199231e-02  2.000000e+00
 5.504892e-02  9.825483e-02 -3.845030e-02  2.000000e+00
 5.721717e-02  9.056914e-02 -5.068101e-02  2.000000e+00
 6.046837e-02  7.503939e-02 -6.663937e-02  2.000000e+00
 6.263402e-02  6.216132e-02 -7.527840e-02  2.000000e+00
 5.616787e-02  1.057221e-01 -1.838173e-02  2.000000e+00
 6.618666e-02  6.359788e-02 -6.968446e-02  2.000000e+00
