-1.629298e+00 -1.168326e+00 -5.076245e+00  1.000000e+00
-1.766462e+00 -1.570939e+00 -3.208290e+01  1.000000e+00
-1.903607e+00 -1.973516e+00 -6.160868e+01  1.000000e+00
-1.444862e+00 -8.387766e-01  2.356290e+01  1.000000e+00
-1.764929e+00 -1.778230e+00 -3.654233e+01  1.000000e+00
-1.856359e+00 -2.046611e+00 -5.623455e+01  1.000000e+00
-1.306140e+00 -6.434265e-01  4.195861e+01  1.000000e+00
-1.351874e+00 -7.776497e-01  3.490795e+01  1.000000e+00
-1.443336e+00 -1.046088e+00  1.996650e+01  1.000000e+00
-1.717679e+00 -1.851325e+00 -3.157749e+01  1.000000e+00
-1.763395e+00 -1.985518e+00 -4.114790e+01  1.000000e+00
-1.304616e+00 -8.507432e-01  3.864865e+01  1.000000e+00
-1.350349e+00 -9.849642e-01  3.145376e+01  1.000000e+00
-1.396080e+00 -1.119182e+00  2.397883e+01  1.000000e+00
-1.716144e+00 -2.058612e+00 -3.618508e+01  1.000000e+00
-1.120150e+00 -5.211585e-01  6.174839e+01  1.000000e+00
-1.348823e+00 -1.192276e+00  2.785335e+01  1.000000e+00
-1.531731e+00 -1.729117e+00 -4.303150e+00  1.000000e+00
-1.714609e+00 -2.265894e+00 -4.093881e+01  1.000000e+00
-1.943154e+00 -2.936756e+00 -9.303015e+01  1.000000e+00
-1.210099e+00 -9.969304e-01  4.571660e+01  1.000000e+00
-1.850201e+00 -2.875688e+00 -7.668628e+01  1.000000e+00
-1.665820e+00 -2.546264e+00 -4.101768e+01  1.000000e+00
-1.757244e+00 -2.814613e+00 -6.103144e+01  1.000000e+00
-1.024105e+00 -8.746660e-01  6.469621e+01  1.000000e+00
-1.435689e+00 -2.082599e+00 -2.085492e-01  1.000000e+00
-1.481412e+00 -2.216795e+00 -8.820164e+00  1.000000e+00
-9.768426e-01 -9.477588e-01  6.747609e+01  1.000000e+00
-1.022581e+00 -1.081986e+00  6.152047e+01  1.000000e+00
-1.296980e+00 -1.887287e+00  1.990548e+01  1.000000e+00
-7.923565e-01 -6.181565e-01  8.589680e+01  1.000000e+00
-9.295800e-01 -1.020851e+00  7.011812e+01  1.000000e+00
-1.158260e+00 -1.691959e+00  3.821848e+01  1.000000e+00
-1.386899e+00 -2.362980e+00 -6.818691e-01  1.000000e+00
-1.661200e+00 -3.168051e+00 -5.660000e+01  1.000000e+00
-1.752615e+00 -3.436364e+00 -7.747808e+01  1.000000e+00
-9.280562e-01 -1.228171e+00  6.693837e+01  1.000000e+00
-9.737942e-01 -1.362396e+00  6.097434e+01  1.000000e+00
-6.978274e-01 -7.643401e-01  8.995220e+01  1.000000e+00
-7.893126e-01 -1.032806e+00  8.025661e+01  1.000000e+00
-1.109471e+00 -1.972355e+00  3.749893e+01  1.000000e+00
-1.338109e+00 -2.643352e+00 -1.443211e+00  1.000000e+00
-1.383830e+00 -2.777538e+00 -1.007151e+01  1.000000e+00
-1.429550e+00 -2.911718e+00 -1.897972e+01  1.000000e+00
-1.566695e+00 -3.314228e+00 -4.738359e+01  1.000000e+00
-1.612406e+00 -3.448386e+00 -5.741122e+01  1.000000e+00
-1.703820e+00 -3.716683e+00 -7.830586e+01  1.000000e+00
-1.749522e+00 -3.850822e+00 -8.917281e+01  1.000000e+00
-7.877896e-01 -1.240127e+00  7.721711e+01  1.000000e+00
-8.792688e-01 -1.508579e+00  6.611253e+01  1.000000e+00
-1.062211e+00 -2.045446e+00  4.054244e+01  1.000000e+00
-1.199400e+00 -2.448056e+00  1.842454e+01  1.000000e+00
-1.245127e+00 -2.582251e+00  1.049193e+01  1.000000e+00
-1.473728e+00 -3.253151e+00 -3.337005e+01  1.000000e+00
-1.519442e+00 -3.387314e+00 -4.298209e+01  1.000000e+00
-7.405254e-01 -1.313219e+00  7.930773e+01  1.000000e+00
-8.777436e-01 -1.715892e+00  6.263826e+01  1.000000e+00
-9.234804e-01 -1.850110e+00  5.652161e+01  1.000000e+00
-1.106412e+00 -2.386947e+00  2.925449e+01  1.000000e+00
-1.152141e+00 -2.521146e+00  2.173768e+01  1.000000e+00
-1.472188e+00 -3.460400e+00 -3.871839e+01  1.000000e+00
-6.932608e-01 -1.386309e+00  8.126049e+01  1.000000e+00
-7.390019e-01 -1.520536e+00  7.611995e+01  1.000000e+00
-7.847418e-01 -1.654761e+00  7.069931e+01  1.000000e+00
-1.150609e+00 -2.728428e+00  1.725200e+01  1.000000e+00
-1.470647e+00 -3.667640e+00 -4.421282e+01  1.000000e+00
-7.832170e-01 -1.862071e+00  6.722103e+01  1.000000e+00
-1.011891e+00 -2.533123e+00  3.519562e+01  1.000000e+00
-1.057621e+00 -2.667321e+00  2.795044e+01  1.000000e+00
-1.149076e+00 -2.935704e+00  1.262015e+01  1.000000e+00
-1.469104e+00 -3.874872e+00 -4.985334e+01  1.000000e+00
-1.514813e+00 -4.009014e+00 -5.989752e+01  1.000000e+00
-7.359532e-01 -1.935160e+00  6.930563e+01  1.000000e+00
-7.816915e-01 -2.069378e+00  6.359651e+01  1.000000e+00
-9.188978e-01 -2.472008e+00  4.478875e+01  1.000000e+00
-1.056090e+00 -2.874601e+00  2.346073e+01  1.000000e+00
-1.147542e+00 -3.142972e+00  7.842134e+00  1.000000e+00
-1.193266e+00 -3.277150e+00 -3.870809e-01  1.000000e+00
-5.057225e-01 -1.471348e+00  9.074443e+01  1.000000e+00
-5.972081e-01 -1.739804e+00  8.155863e+01  1.000000e+00
-6.886893e-01 -2.008248e+00  7.125237e+01  1.000000e+00
-7.801654e-01 -2.276679e+00  5.982575e+01  1.000000e+00
-9.631001e-01 -2.813493e+00  3.361185e+01  1.000000e+00
-1.054557e+00 -3.081873e+00  1.882484e+01  1.000000e+00
-1.146007e+00 -3.350232e+00  2.917968e+00  1.000000e+00
-1.191729e+00 -3.484404e+00 -5.455363e+00  1.000000e+00
-1.237449e+00 -3.618570e+00 -1.410860e+01  1.000000e+00
-1.466015e+00 -4.289305e+00 -6.157258e+01  1.000000e+00
-7.329022e-01 -2.349765e+00  6.190633e+01  1.000000e+00
-7.786387e-01 -2.483974e+00  5.590876e+01  1.000000e+00
-8.701072e-01 -2.752380e+00  4.307347e+01  1.000000e+00
-9.615693e-01 -3.020769e+00  2.911810e+01  1.000000e+00
-1.007298e+00 -3.154956e+00  2.172042e+01  1.000000e+00
-1.098749e+00 -3.423314e+00  6.085184e+00  1.000000e+00
-1.190192e+00 -3.691649e+00 -1.066978e+01  1.000000e+00
-1.235911e+00 -3.825808e+00 -1.946710e+01  1.000000e+00
-1.373053e+00 -4.228247e+00 -4.753819e+01  1.000000e+00
-1.418762e+00 -4.362380e+00 -5.745485e+01  1.000000e+00
-7.313758e-01 -2.557059e+00  5.798733e+01  1.000000e+00
-8.685779e-01 -2.959660e+00  3.872188e+01  1.000000e+00
-9.143086e-01 -3.093851e+00  3.174002e+01  1.000000e+00
-1.188654e+00 -3.898886e+00 -1.603031e+01  1.000000e+00
-1.371509e+00 -4.435453e+00 -5.347493e+01  1.000000e+00
-4.096695e-01 -1.824838e+00  9.008192e+01  1.000000e+00
-5.468965e-01 -2.227505e+00  7.626544e+01  1.000000e+00
-6.383754e-01 -2.495934e+00  6.565393e+01  1.000000e+00
-6.841128e-01 -2.630142e+00  5.992805e+01  1.000000e+00
-7.298489e-01 -2.764346e+00  5.392211e+01  1.000000e+00
-8.213164e-01 -3.032741e+00  4.107012e+01  1.000000e+00
-9.127775e-01 -3.301117e+00  2.709807e+01  1.000000e+00
-3.624041e-01 -1.897923e+00  9.106963e+01  1.000000e+00
-4.996321e-01 -2.300589e+00  7.766074e+01  1.000000e+00
-6.825863e-01 -2.837427e+00  5.586082e+01  1.000000e+00
-7.283213e-01 -2.971627e+00  4.971068e+01  1.000000e+00
-7.740549e-01 -3.105821e+00  4.328051e+01  1.000000e+00
-9.112456e-01 -3.508375e+00  2.230995e+01  1.000000e+00
-9.569723e-01 -3.642549e+00  1.475981e+01  1.000000e+00
-1.002697e+00 -3.776717e+00  6.929722e+00  1.000000e+00
-1.048420e+00 -3.910880e+00 -1.180293e+00  1.000000e+00
-3.608826e-01 -2.105231e+00  8.786583e+01  1.000000e+00
-5.895866e-01 -2.776305e+00  6.339591e+01  1.000000e+00
-8.182566e-01 -3.447273e+00  3.192433e+01  1.000000e+00
-1.046883e+00 -4.118108e+00 -6.546915e+00  1.000000e+00
-1.184035e+00 -4.520534e+00 -3.298851e+01  1.000000e+00
-1.321165e+00 -4.922897e+00 -6.194853e+01  1.000000e+00
-3.136176e-01 -2.178314e+00  8.871367e+01  1.000000e+00
-4.051033e-01 -2.446753e+00  8.003774e+01  1.000000e+00
-5.880609e-01 -2.983586e+00  5.932466e+01  1.000000e+00
-6.795316e-01 -3.251977e+00  4.728773e+01  1.000000e+00
-8.624536e-01 -3.788698e+00  1.985368e+01  1.000000e+00
-9.081797e-01 -3.922864e+00  1.229524e+01  1.000000e+00
-9.539038e-01 -4.057025e+00  4.456850e+00  1.000000e+00
-1.182493e+00 -4.727729e+00 -3.893341e+01  1.000000e+00
-2.206080e-01 -2.117171e+00  9.320555e+01  1.000000e+00
-3.578391e-01 -2.519833e+00  8.101944e+01  1.000000e+00
-4.493211e-01 -2.788256e+00  7.149480e+01  1.000000e+00
-4.950604e-01 -2.922462e+00  6.631233e+01  1.000000e+00
-5.865348e-01 -3.190860e+00  5.510720e+01  1.000000e+00
-7.694657e-01 -3.727599e+00  2.933651e+01  1.000000e+00
-9.066457e-01 -4.130094e+00  7.068661e+00  1.000000e+00
-2.190878e-01 -2.324474e+00  8.999575e+01  1.000000e+00
-2.648318e-01 -2.458694e+00  8.606958e+01  1.000000e+00
-4.477974e-01 -2.995538e+00  6.756375e+01  1.000000e+00
-5.392727e-01 -3.263935e+00  5.663033e+01  1.000000e+00
-5.850083e-01 -3.398127e+00  5.074353e+01  1.000000e+00
-6.307423e-01 -3.532313e+00  4.457670e+01  1.000000e+00
-6.764748e-01 -3.666494e+00  3.812985e+01  1.000000e+00
-8.593875e-01 -4.203162e+00  9.542629e+00  1.000000e+00
-1.133696e+00 -5.007972e+00 -4.173560e+01  1.000000e+00
-8.033202e-02 -2.129104e+00  9.717017e+01  1.000000e+00
-1.718232e-01 -2.397553e+00  9.042999e+01  1.000000e+00
-2.633109e-01 -2.665988e+00  8.256926e+01  1.000000e+00
-4.005345e-01 -3.068613e+00  6.867731e+01  1.000000e+00
-5.377467e-01 -3.471199e+00  5.226465e+01  1.000000e+00
-5.834813e-01 -3.605384e+00  4.623366e+01  1.000000e+00
-7.206754e-01 -4.007908e+00  2.646065e+01  1.000000e+00
-7.664032e-01 -4.142071e+00  1.930968e+01  1.000000e+00
-1.040729e+00 -4.946914e+00 -2.947444e+01  1.000000e+00
-7.881342e-02 -2.336407e+00  9.410066e+01  1.000000e+00
-2.617898e-01 -2.873275e+00  7.892269e+01  1.000000e+00
-3.075313e-01 -3.007483e+00  7.442790e+01  1.000000e+00
-3.532717e-01 -3.141686e+00  6.965301e+01  1.000000e+00
-3.990109e-01 -3.275885e+00  6.459804e+01  1.000000e+00
-7.191445e-01 -4.215136e+00  2.137213e+01  1.000000e+00
-7.648712e-01 -4.349292e+00  1.407703e+01  1.000000e+00
 5.994447e-02 -2.141031e+00  9.975967e+01  1.000000e+00
-1.230396e-01 -2.677923e+00  8.736631e+01  1.000000e+00
-1.687836e-01 -2.812138e+00  8.356761e+01  1.000000e+00
-2.602685e-01 -3.080555e+00  7.512987e+01  1.000000e+00
-4.432240e-01 -3.617338e+00  5.489330e+01  1.000000e+00
-7.176131e-01 -4.422354e+00  1.613746e+01  1.000000e+00
-7.633385e-01 -4.556502e+00  8.698252e+00  1.000000e+00
-9.005027e-01 -4.958906e+00 -1.529884e+01  1.000000e+00
-1.215204e-01 -2.885210e+00  8.385999e+01  1.000000e+00
-1.672636e-01 -3.019420e+00  7.991704e+01  1.000000e+00
-2.587470e-01 -3.287827e+00  7.119082e+01  1.000000e+00
-4.416990e-01 -3.824587e+00  5.037741e+01  1.000000e+00
-7.618052e-01 -4.763701e+00  3.173348e+00  1.000000e+00
-8.075273e-01 -4.897834e+00 -4.689875e+00  1.000000e+00
 2.459693e-01 -2.018720e+00  1.028201e+02  1.000000e+00
 2.002208e-01 -2.152952e+00  1.009740e+02  1.000000e+00
 1.723236e-02 -2.689851e+00  9.078829e+01  1.000000e+00
-2.851298e-02 -2.824067e+00  8.754147e+01  1.000000e+00
-1.200010e-01 -3.092489e+00  8.020743e+01  1.000000e+00
-3.487022e-01 -3.763469e+00  5.697053e+01  1.000000e+00
-5.773690e-01 -4.434319e+00  2.673239e+01  1.000000e+00
-6.230974e-01 -4.568471e+00  1.984478e+01  1.000000e+00
-7.145487e-01 -4.836756e+00  5.229732e+00  1.000000e+00
-7.602714e-01 -4.970888e+00 -2.497673e+00  1.000000e+00
 3.389820e-01 -1.957561e+00  1.033156e+02  1.000000e+00
 2.474844e-01 -2.226025e+00  1.001755e+02  1.000000e+00
-2.557036e-01 -3.702346e+00  6.287403e+01  1.000000e+00
-3.014418e-01 -3.836532e+00  5.780235e+01  1.000000e+00
-3.471786e-01 -3.970712e+00  5.245062e+01  1.000000e+00
-3.929140e-01 -4.104887e+00  4.681884e+01  1.000000e+00
 2.947475e-01 -2.299097e+00  9.923902e+01  1.000000e+00
-1.627032e-01 -3.641219e+00  6.808790e+01  1.000000e+00
-2.541816e-01 -3.909592e+00  5.849632e+01  1.000000e+00
-3.456547e-01 -4.177945e+00  4.778451e+01  1.000000e+00
-4.828531e-01 -4.580430e+00  2.961664e+01  1.000000e+00
 3.420100e-01 -2.372167e+00  9.816472e+01  1.000000e+00
 6.752871e-02 -3.177481e+00  8.365088e+01  1.000000e+00
-1.611829e-01 -3.848468e+00  6.385240e+01  1.000000e+00
-3.441306e-01 -4.385167e+00  4.297222e+01  1.000000e+00
 2.584272e+00  3.996795e+00 -1.565062e+02  1.000000e+00
 2.538589e+00  3.862685e+00 -1.446471e+02  1.000000e+00
 2.447215e+00  3.594442e+00 -1.217678e+02  1.000000e+00
 4.350207e-01 -2.311006e+00  9.825509e+01  1.000000e+00
 3.892720e-01 -2.445235e+00  9.695256e+01  1.000000e+00
 2.977756e-01 -2.713684e+00  9.350700e+01  1.000000e+00
 2.062813e-01 -2.982121e+00  8.894077e+01  1.000000e+00
 1.605352e-01 -3.116334e+00  8.623744e+01  1.000000e+00
 6.904524e-02 -3.384749e+00  7.999035e+01  1.000000e+00
-1.139232e-01 -3.921525e+00  6.413479e+01  1.000000e+00
-1.596626e-01 -4.055707e+00  5.947068e+01  1.000000e+00
-5.255249e-01 -5.128950e+00  1.207681e+01  1.000000e+00
 2.357371e+00  3.118959e+00 -9.660052e+01  1.000000e+00
 2.311672e+00  2.984805e+00 -8.628399e+01  1.000000e+00
-1.581421e-01 -4.262936e+00  5.494276e+01  1.000000e+00
-3.868128e-01 -4.933723e+00  2.670070e+01  1.000000e+00
 2.678739e+00  3.850676e+00 -1.723794e+02  1.000000e+00
 7.125399e-01 -1.920206e+00  9.646675e+01  1.000000e+00
 4.837939e-01 -2.591366e+00  9.411468e+01  1.000000e+00
 3.465496e-01 -2.994030e+00  8.934131e+01  1.000000e+00
 2.550560e-01 -3.262456e+00  8.475827e+01  1.000000e+00
-6.514539e-02 -4.201812e+00  5.989362e+01  1.000000e+00
-3.852869e-01 -5.140902e+00  2.130578e+01  1.000000e+00
-4.310150e-01 -5.275032e+00  1.467326e+01  1.000000e+00
 2.771647e+00  3.911722e+00 -1.930681e+02  1.000000e+00
 2.725971e+00  3.777616e+00 -1.805225e+02  1.000000e+00
 9.427955e-01 -1.456315e+00  9.045648e+01  1.000000e+00
 7.597996e-01 -1.993273e+00  9.416168e+01  1.000000e+00
 3.480621e-01 -3.201303e+00  8.610763e+01  1.000000e+00
 3.023155e-01 -3.335513e+00  8.381190e+01  1.000000e+00
 2.565695e-01 -3.469719e+00  8.123603e+01  1.000000e+00
 1.650800e-01 -3.738119e+00  7.524389e+01  1.000000e+00
-2.465697e-01 -4.945664e+00  3.441486e+01  1.000000e+00
 2.864547e+00  3.972762e+00 -2.144452e+02  1.000000e+00
 2.636157e+00  3.302191e+00 -1.524374e+02  1.000000e+00
 2.590470e+00  3.168055e+00 -1.408747e+02  1.000000e+00
 2.453390e+00  2.765608e+00 -1.078649e+02  1.000000e+00
 2.361989e+00  2.497279e+00 -8.725709e+01  1.000000e+00
 2.224869e+00  2.094744e+00 -5.844410e+01  1.000000e+00
 2.179157e+00  1.960555e+00 -4.939950e+01  1.000000e+00
 2.133443e+00  1.826362e+00 -4.063480e+01  1.000000e+00
 1.310277e+00 -5.896850e-01  6.924802e+01  1.000000e+00
 1.264533e+00 -7.239276e-01  7.269169e+01  1.000000e+00
 8.070585e-01 -2.066338e+00  9.171878e+01  1.000000e+00
 6.698108e-01 -2.469036e+00  9.196330e+01  1.000000e+00
 6.240617e-01 -2.603264e+00  9.148444e+01  1.000000e+00
 3.953209e-01 -3.274360e+00  8.488755e+01  1.000000e+00
 2.123383e-01 -3.811171e+00  7.456728e+01  1.000000e+00
 1.665946e-01 -3.945362e+00  7.128689e+01  1.000000e+00
 7.511014e-02 -4.213731e+00  6.388581e+01  1.000000e+00
 2.936953e-02 -4.347907e+00  5.976514e+01  1.000000e+00
-1.078450e-01 -4.750403e+00  4.572274e+01  1.000000e+00
 2.729073e+00  3.363258e+00 -1.724269e+02  1.000000e+00
 1.494758e+00 -2.600322e-01  5.275356e+01  1.000000e+00
 1.357532e+00 -6.627541e-01  6.517294e+01  1.000000e+00
 1.266044e+00 -9.312386e-01  7.205179e+01  1.000000e+00
 1.037311e+00 -1.602448e+00  8.434597e+01  1.000000e+00
 6.713200e-01 -2.676323e+00  8.944717e+01  1.000000e+00
 4.425791e-01 -3.347414e+00  8.352961e+01  1.000000e+00
 3.968322e-01 -3.481622e+00  8.150562e+01  1.000000e+00
-1.485223e-02 -4.689284e+00  5.068428e+01  1.000000e+00
 3.004663e+00  3.960739e+00 -2.454732e+02  1.000000e+00
 2.867656e+00  3.558437e+00 -2.057777e+02  1.000000e+00
 2.639247e+00  2.887785e+00 -1.452100e+02  1.000000e+00
 2.593556e+00  2.753634e+00 -1.339354e+02  1.000000e+00
 2.547862e+00  2.619478e+00 -1.229406e+02  1.000000e+00
 2.410763e+00  2.216972e+00 -9.163459e+01  1.000000e+00
 2.273641e+00  1.814419e+00 -6.284698e+01  1.000000e+00
 2.182214e+00  1.546026e+00 -4.505461e+01  1.000000e+00
 1.816423e+00  4.723030e-01  1.491655e+01  1.000000e+00
 1.770691e+00  3.380739e-01  2.115287e+01  1.000000e+00
 1.404786e+00 -7.358216e-01  6.096006e+01  1.000000e+00
 1.313299e+00 -1.004305e+00  6.811058e+01  1.000000e+00
 1.267554e+00 -1.138547e+00  7.126559e+01  1.000000e+00
 1.130315e+00 -1.541272e+00  7.904964e+01  1.000000e+00
 1.038819e+00 -1.809752e+00  8.283813e+01  1.000000e+00
 9.930709e-01 -1.943990e+00  8.431209e+01  1.000000e+00
 8.100754e-01 -2.480925e+00  8.740613e+01  1.000000e+00
 7.185774e-01 -2.749380e+00  8.727205e+01  1.000000e+00
 6.270800e-01 -3.017824e+00  8.601727e+01  1.000000e+00
 5.813317e-01 -3.152042e+00  8.496962e+01  1.000000e+00
 3.983431e-01 -3.688875e+00  7.797744e+01  1.000000e+00
 3.068525e-01 -3.957267e+00  7.280050e+01  1.000000e+00
 1.696230e-01 -4.359819e+00  6.293421e+01  1.000000e+00
 7.814182e-02 -4.628160e+00  5.495622e+01  1.000000e+00
-1.333463e-02 -4.896479e+00  4.585798e+01  1.000000e+00
 2.640788e+00  2.680571e+00 -1.418154e+02  1.000000e+00
 2.595095e+00  2.546414e+00 -1.306849e+02  1.000000e+00
 2.503701e+00  2.278081e+00 -1.092632e+02  1.000000e+00
 2.366589e+00  1.875542e+00 -7.922900e+01  1.000000e+00
 2.092301e+00  1.070338e+00 -2.671722e+01  1.000000e+00
 2.046579e+00  9.361235e-01 -1.894504e+01  1.000000e+00
 1.680737e+00 -1.376934e-01  3.315164e+01  1.000000e+00
 1.589261e+00 -4.061677e-01  4.337509e+01  1.000000e+00
 1.452039e+00 -8.088875e-01  5.660939e+01  1.000000e+00
 1.223316e+00 -1.480094e+00  7.306363e+01  1.000000e+00
 1.177570e+00 -1.614335e+00  7.551398e+01  1.000000e+00
 9.945781e-01 -2.151286e+00  8.251363e+01  1.000000e+00
 8.573317e-01 -2.553983e+00  8.482146e+01  1.000000e+00
 8.115828e-01 -2.688210e+00  8.503037e+01  1.000000e+00
 4.913458e-01 -3.627721e+00  7.864796e+01  1.000000e+00
 4.455994e-01 -3.761922e+00  7.661555e+01  1.000000e+00
 3.541085e-01 -4.030311e+00  7.171034e+01  1.000000e+00
 3.391952e-02 -4.969512e+00  4.571883e+01  1.000000e+00
 2.733708e+00  2.741660e+00 -1.613789e+02  1.000000e+00
 2.688019e+00  2.607508e+00 -1.498331e+02  1.000000e+00
 2.550935e+00  2.205017e+00 -1.168739e+02  1.000000e+00
 2.413826e+00  1.802476e+00 -8.643270e+01  1.000000e+00
 2.368119e+00  1.668286e+00 -7.684530e+01  1.000000e+00
 2.230980e+00  1.265689e+00 -4.976235e+01  1.000000e+00
 2.139544e+00  9.972709e-01 -3.310664e+01  1.000000e+00
 2.002374e+00  5.946178e-01 -1.022283e+01  1.000000e+00
 1.727986e+00 -2.107596e-01  2.798413e+01  1.000000e+00
 1.362061e+00 -1.284674e+00  6.324142e+01  1.000000e+00
 1.270570e+00 -1.553156e+00  6.925432e+01  1.000000e+00
 9.960845e-01 -2.358577e+00  8.056887e+01  1.000000e+00
 9.503359e-01 -2.492808e+00  8.147400e+01  1.000000e+00
 8.130894e-01 -2.895488e+00  8.250832e+01  1.000000e+00
 6.300960e-01 -3.432355e+00  7.996499e+01  1.000000e+00
 5.843484e-01 -3.566563e+00  7.862875e+01  1.000000e+00
 4.471089e-01 -3.969162e+00  7.293914e+01  1.000000e+00
 4.013637e-01 -4.103353e+00  7.048234e+01  1.000000e+00
 3.556192e-01 -4.237539e+00  6.774541e+01  1.000000e+00
 2.641330e-01 -4.505896e+00  6.143122e+01  1.000000e+00
 3.009328e+00  3.339260e+00 -2.322715e+02  1.000000e+00
 2.826621e+00  2.802744e+00 -1.816309e+02  1.000000e+00
 2.643864e+00  2.266123e+00 -1.354646e+02  1.000000e+00
 2.598168e+00  2.131953e+00 -1.246223e+02  1.000000e+00
 2.461062e+00  1.729411e+00 -9.377409e+01  1.000000e+00
 2.415355e+00  1.595221e+00 -8.405100e+01  1.000000e+00
 2.369646e+00  1.461026e+00 -7.460777e+01  1.000000e+00
 2.278220e+00  1.192623e+00 -5.656094e+01  1.000000e+00
 2.232504e+00  1.058416e+00 -4.795740e+01  1.000000e+00
 2.003891e+00  3.873285e-01 -9.139056e+00  1.000000e+00
 1.958163e+00  2.531024e-01 -2.215385e+00  1.000000e+00
 1.683760e+00 -5.522972e-01  3.344550e+01  1.000000e+00
 1.500799e+00 -1.089255e+00  5.161748e+01  1.000000e+00
 1.363568e+00 -1.491976e+00  6.230500e+01  1.000000e+00
 1.272076e+00 -1.760454e+00  6.802923e+01  1.000000e+00
 1.226329e+00 -1.894692e+00  7.047110e+01  1.000000e+00
 1.089087e+00 -2.297399e+00  7.611566e+01  1.000000e+00
 1.043339e+00 -2.431632e+00  7.743683e+01  1.000000e+00
 6.316031e-01 -3.639607e+00  7.671946e+01  1.000000e+00
 5.858559e-01 -3.773810e+00  7.523893e+01  1.000000e+00
 4.943633e-01 -4.042202e+00  7.143744e+01  1.000000e+00
 4.028733e-01 -4.310577e+00  6.651542e+01  1.000000e+00
 3.571296e-01 -4.444756e+00  6.363424e+01  1.000000e+00
 3.113867e-01 -4.578931e+00  6.047296e+01  1.000000e+00
 3.284847e+00  3.936683e+00 -3.116452e+02  1.000000e+00
 3.239195e+00  3.802603e+00 -2.970329e+02  1.000000e+00
 2.965204e+00  2.997957e+00 -2.152274e+02  1.000000e+00
 2.599701e+00  1.924714e+00 -1.218102e+02  1.000000e+00
 2.554000e+00  1.790533e+00 -1.113918e+02  1.000000e+00
 2.508297e+00  1.656347e+00 -1.012532e+02  1.000000e+00
 2.325458e+00  1.119559e+00 -6.349724e+01  1.000000e+00
 2.234025e+00  8.511404e-01 -4.629864e+01  1.000000e+00
 2.188305e+00  7.169260e-01 -3.811926e+01  1.000000e+00
 2.051134e+00  3.142642e-01 -1.526095e+01  1.000000e+00
 2.005406e+00  1.800383e-01 -8.201519e+00  1.000000e+00
 1.639530e+00 -8.938361e-01  3.819190e+01  1.000000e+00
 1.548048e+00 -1.162315e+00  4.698926e+01  1.000000e+00
 1.227834e+00 -2.101985e+00  6.895540e+01  1.000000e+00
 1.182087e+00 -2.236219e+00  7.097277e+01  1.000000e+00
 1.136339e+00 -2.370453e+00  7.270996e+01  1.000000e+00
 1.044843e+00 -2.638913e+00  7.534381e+01  1.000000e+00
 8.161005e-01 -3.310022e+00  7.702539e+01  1.000000e+00
 6.788567e-01 -3.712649e+00  7.467233e+01  1.000000e+00
 6.331095e-01 -3.846850e+00  7.332766e+01  1.000000e+00
 4.958713e-01 -4.249428e+00  6.761281e+01  1.000000e+00
 3.128974e-01 -4.786129e+00  5.607134e+01  1.000000e+00
 2.214162e-01 -5.054446e+00  4.862006e+01  1.000000e+00
 3.103767e+00  3.193144e+00 -2.506220e+02  1.000000e+00
 2.692629e+00  1.985828e+00 -1.405320e+02  1.000000e+00
 2.646931e+00  1.851652e+00 -1.296982e+02  1.000000e+00
 1.915458e+00 -2.957148e-01  5.580002e+00  1.000000e+00
 1.686778e+00 -9.668956e-01  3.315429e+01  1.000000e+00
 1.503812e+00 -1.503851e+00  5.017171e+01  1.000000e+00
 1.458068e+00 -1.638090e+00  5.372573e+01  1.000000e+00
 1.275085e+00 -2.175038e+00  6.514020e+01  1.000000e+00
 1.183591e+00 -2.443504e+00  6.916645e+01  1.000000e+00
 1.137843e+00 -2.577734e+00  7.075931e+01  1.000000e+00
 1.046347e+00 -2.846188e+00  7.310452e+01  1.000000e+00
 1.000598e+00 -2.980412e+00  7.385686e+01  1.000000e+00
 9.548499e-01 -3.114633e+00  7.432903e+01  1.000000e+00
 8.633531e-01 -3.383065e+00  7.443285e+01  1.000000e+00
 6.346154e-01 -4.054084e+00  6.978961e+01  1.000000e+00
 5.888692e-01 -4.188275e+00  6.802052e+01  1.000000e+00
 4.973788e-01 -4.456643e+00  6.364195e+01  1.000000e+00
 3.601491e-01 -4.859156e+00  5.497326e+01  1.000000e+00
 3.287966e+00  3.522404e+00 -3.021388e+02  1.000000e+00
 3.242309e+00  3.388307e+00 -2.878143e+02  1.000000e+00
 2.785550e+00  2.046938e+00 -1.599426e+02  1.000000e+00
 2.739856e+00  1.912767e+00 -1.486934e+02  1.000000e+00
 2.694160e+00  1.778591e+00 -1.377239e+02  1.000000e+00
 2.602760e+00  1.510223e+00 -1.166243e+02  1.000000e+00
 2.374216e+00  8.392262e-01 -6.877223e+01  1.000000e+00
 1.916968e+00 -5.030085e-01  5.936503e+00  1.000000e+00
 1.825499e+00 -7.714789e-01  1.751788e+01  1.000000e+00
 1.688284e+00 -1.174191e+00  3.278926e+01  1.000000e+00
 1.596802e+00 -1.442668e+00  4.156961e+01  1.000000e+00
 1.413827e+00 -1.979618e+00  5.576863e+01  1.000000e+00
 1.185094e+00 -2.650782e+00  6.721384e+01  1.000000e+00
 1.139346e+00 -2.785009e+00  6.866238e+01  1.000000e+00
 1.093598e+00 -2.919234e+00  6.983074e+01  1.000000e+00
 9.563528e-01 -3.321893e+00  7.165481e+01  1.000000e+00
 7.733610e-01 -3.858725e+00  7.016458e+01  1.000000e+00
 7.276137e-01 -3.992923e+00  6.909164e+01  1.000000e+00
 5.903751e-01 -4.395492e+00  6.419195e+01  1.000000e+00
 3.289521e+00  3.315252e+00 -2.976045e+02  1.000000e+00
 3.015513e+00  2.510506e+00 -2.167132e+02  1.000000e+00
 2.878464e+00  2.108044e+00 -1.800417e+02  1.000000e+00
 2.832775e+00  1.973878e+00 -1.683772e+02  1.000000e+00
 2.695690e+00  1.571349e+00 -1.350619e+02  1.000000e+00
 2.467163e+00  9.003727e-01 -8.513225e+01  1.000000e+00
 2.421450e+00  7.661655e-01 -7.598589e+01  1.000000e+00
 2.375735e+00  6.319544e-01 -6.711941e+01  1.000000e+00
 2.284299e+00  3.635231e-01 -5.022628e+01  1.000000e+00
 2.238577e+00  2.293028e-01 -4.219963e+01  1.000000e+00
 2.192854e+00  9.508004e-02 -3.445296e+01  1.000000e+00
 2.147129e+00 -3.914514e-02 -2.698629e+01  1.000000e+00
 1.918477e+00 -7.103006e-01  6.146739e+00  1.000000e+00
 1.781268e+00 -1.113009e+00  2.266578e+01  1.000000e+00
 1.506819e+00 -1.918433e+00  4.814083e+01  1.000000e+00
 1.369584e+00 -2.321137e+00  5.709643e+01  1.000000e+00
 1.323837e+00 -2.455369e+00  5.952131e+01  1.000000e+00
 1.186595e+00 -2.858053e+00  6.511495e+01  1.000000e+00
 1.049351e+00 -3.260717e+00  6.818708e+01  1.000000e+00
 9.578549e-01 -3.529144e+00  6.883432e+01  1.000000e+00
 8.206114e-01 -3.931759e+00  6.770398e+01  1.000000e+00
 6.376254e-01 -4.468520e+00  6.227478e+01  1.000000e+00
 3.336732e+00  3.242197e+00 -3.075322e+02  1.000000e+00
 3.062731e+00  2.437448e+00 -2.258278e+02  1.000000e+00
 2.925686e+00  2.034985e+00 -1.887495e+02  1.000000e+00
 2.879998e+00  1.900819e+00 -1.769494e+02  1.000000e+00
 2.834307e+00  1.766648e+00 -1.654289e+02  1.000000e+00
 2.560104e+00  9.615168e-01 -1.021812e+02  1.000000e+00
 2.468683e+00  6.931062e-01 -8.333722e+01  1.000000e+00
 2.331534e+00  2.904643e-01 -5.717049e+01  1.000000e+00
 2.194366e+00 -1.122030e-01 -3.352330e+01  1.000000e+00
 2.148640e+00 -2.464303e-01 -2.620088e+01  1.000000e+00
 2.102912e+00 -3.806593e-01 -1.915848e+01  1.000000e+00
 1.874248e+00 -1.051827e+00  1.185286e+01  1.000000e+00
 1.737033e+00 -1.454537e+00  2.709869e+01  1.000000e+00
 1.645551e+00 -1.723010e+00  3.586200e+01  1.000000e+00
 1.554065e+00 -1.991482e+00  4.350478e+01  1.000000e+00
 1.233844e+00 -2.931095e+00  6.142973e+01  1.000000e+00
 1.142348e+00 -3.199537e+00  6.402968e+01  1.000000e+00
 1.096600e+00 -3.333754e+00  6.490940e+01  1.000000e+00
 1.050852e+00 -3.467969e+00  6.550895e+01  1.000000e+00
 8.221136e-01 -4.138985e+00  6.430432e+01  1.000000e+00
 3.429593e+00  3.303243e+00 -3.323284e+02  1.000000e+00
 3.109948e+00  2.364392e+00 -2.350799e+02  1.000000e+00
 3.018590e+00  2.096088e+00 -2.098103e+02  1.000000e+00
 2.972906e+00  1.961928e+00 -1.975949e+02  1.000000e+00
 2.881530e+00  1.693590e+00 -1.740032e+02  1.000000e+00
 2.835837e+00  1.559413e+00 -1.626268e+02  1.000000e+00
 2.744443e+00  1.291045e+00 -1.407134e+02  1.000000e+00
 2.698743e+00  1.156854e+00 -1.301763e+02  1.000000e+00
 2.561625e+00  7.542554e-01 -1.002439e+02  1.000000e+00
 2.515914e+00  6.200483e-01 -9.082621e+01  1.000000e+00
 2.195877e+00 -3.194861e-01 -3.273986e+01  1.000000e+00
 2.104421e+00 -5.879448e-01 -1.866359e+01  1.000000e+00
 2.058690e+00 -7.221768e-01 -1.204549e+01  1.000000e+00
 1.875753e+00 -1.259115e+00  1.162628e+01  1.000000e+00
 1.738536e+00 -1.661823e+00  2.643917e+01  1.000000e+00
 1.601310e+00 -2.064529e+00  3.873097e+01  1.000000e+00
 9.608564e-01 -3.943620e+00  6.275455e+01  1.000000e+00
 8.236150e-01 -4.346201e+00  6.075842e+01  1.000000e+00
 3.431147e+00  3.096091e+00 -3.278003e+02  1.000000e+00
 3.202835e+00  2.425479e+00 -2.576593e+02  1.000000e+00
 3.111486e+00  2.157187e+00 -2.315595e+02  1.000000e+00
 3.065807e+00  2.023032e+00 -2.189289e+02  1.000000e+00
 2.928750e+00  1.620533e+00 -1.827150e+02  1.000000e+00
 2.883059e+00  1.486357e+00 -1.712030e+02  1.000000e+00
 2.837365e+00  1.352175e+00 -1.599708e+02  1.000000e+00
 2.334560e+00 -1.240895e-01 -5.488431e+01  1.000000e+00
 2.243112e+00 -3.925399e-01 -3.941654e+01  1.000000e+00
 2.151658e+00 -6.609977e-01 -2.506878e+01  1.000000e+00
 2.105928e+00 -7.952291e-01 -1.831492e+01  1.000000e+00
 1.968729e+00 -1.197929e+00  2.663193e-01  1.000000e+00
 1.877256e+00 -1.466399e+00  1.125344e+01  1.000000e+00
 1.785778e+00 -1.734870e+00  2.112018e+01  1.000000e+00
 1.602810e+00 -2.271806e+00  3.749220e+01  1.000000e+00
 1.236842e+00 -3.345608e+00  5.678922e+01  1.000000e+00
 1.053851e+00 -3.882446e+00  5.971389e+01  1.000000e+00
 9.623558e-01 -4.150843e+00  5.949528e+01  1.000000e+00
 9.166087e-01 -4.285035e+00  5.896575e+01  1.000000e+00
 8.708619e-01 -4.419223e+00  5.815608e+01  1.000000e+00
 3.250047e+00  2.352425e+00 -2.673221e+02  1.000000e+00
 2.930279e+00  1.413301e+00 -1.799168e+02  1.000000e+00
 2.793191e+00  1.010742e+00 -1.466525e+02  1.000000e+00
 2.747490e+00  8.765466e-01 -1.361240e+02  1.000000e+00
 2.656079e+00  6.081441e-01 -1.159062e+02  1.000000e+00
 2.610370e+00  4.739375e-01 -1.062172e+02  1.000000e+00
 2.564659e+00  3.397272e-01 -9.680793e+01  1.000000e+00
 2.381792e+00 -1.971424e-01 -6.197013e+01  1.000000e+00
 2.336070e+00 -3.313660e-01 -5.396054e+01  1.000000e+00
 2.290346e+00 -4.655919e-01 -4.623091e+01  1.000000e+00
 2.198893e+00 -7.340486e-01 -3.161167e+01  1.000000e+00
 2.061700e+00 -1.136744e+00 -1.178300e+01  1.000000e+00
 1.970231e+00 -1.405212e+00  3.583855e-02  1.000000e+00
 1.878757e+00 -1.673681e+00  1.073435e+01  1.000000e+00
 1.787278e+00 -1.942149e+00  2.031244e+01  1.000000e+00
 1.741537e+00 -2.076383e+00  2.468132e+01  1.000000e+00
 1.650052e+00 -2.344847e+00  3.257869e+01  1.000000e+00
 1.604308e+00 -2.479077e+00  3.610717e+01  1.000000e+00
 1.558564e+00 -2.613306e+00  3.935551e+01  1.000000e+00
 1.512819e+00 -2.747534e+00  4.232369e+01  1.000000e+00
 1.421327e+00 -3.015983e+00  4.741961e+01  1.000000e+00
 1.375581e+00 -3.150204e+00  4.954734e+01  1.000000e+00
 1.238339e+00 -3.552852e+00  5.424956e+01  1.000000e+00
 7.351253e-01 -5.028937e+00  4.991934e+01  1.000000e+00
 3.160236e+00  1.876924e+00 -2.375787e+02  1.000000e+00
 3.114556e+00  1.742763e+00 -2.249566e+02  1.000000e+00
 2.977497e+00  1.340247e+00 -1.887682e+02  1.000000e+00
 2.474741e+00 -1.359726e-01 -7.761887e+01  1.000000e+00
 2.383301e+00 -4.044166e-01 -6.104831e+01  1.000000e+00
 2.291853e+00 -6.728689e-01 -4.559761e+01  1.000000e+00
 2.154668e+00 -1.075559e+00 -2.452160e+01  1.000000e+00
 1.971732e+00 -1.612490e+00 -3.408955e-01  1.000000e+00
 1.651549e+00 -2.552115e+00  3.119171e+01  1.000000e+00
 1.560061e+00 -2.820569e+00  3.767987e+01  1.000000e+00
 1.514315e+00 -2.954793e+00  4.050372e+01  1.000000e+00
 1.056846e+00 -4.296883e+00  5.333379e+01  1.000000e+00
 3.298795e+00  2.072176e+00 -2.734640e+02  1.000000e+00
 3.070401e+00  1.401372e+00 -2.096759e+02  1.000000e+00
 3.024714e+00  1.267195e+00 -1.977572e+02  1.000000e+00
 2.979023e+00  1.133013e+00 -1.861181e+02  1.000000e+00
 2.887632e+00  8.646358e-01 -1.636792e+02  1.000000e+00
 2.750527e+00  4.620394e-01 -1.321191e+02  1.000000e+00
 2.659111e+00  1.936237e-01 -1.124781e+02  1.000000e+00
 2.384808e+00 -6.116899e-01 -6.027269e+01  1.000000e+00
 1.973232e+00 -1.819765e+00 -8.638729e-01  1.000000e+00
 1.836015e+00 -2.222461e+00  1.389783e+01  1.000000e+00
 1.698789e+00 -2.625149e+00  2.613850e+01  1.000000e+00
 1.607301e+00 -2.893601e+00  3.289828e+01  1.000000e+00
 1.561556e+00 -3.027824e+00  3.585796e+01  1.000000e+00
 1.104089e+00 -4.369899e+00  5.004636e+01  1.000000e+00
 9.668489e-01 -4.772447e+00  4.883997e+01  1.000000e+00
 3.574303e+00  2.669778e+00 -3.548574e+02  1.000000e+00
 3.528650e+00  2.535661e+00 -3.400078e+02  1.000000e+00
 3.482993e+00  2.401537e+00 -3.254377e+02  1.000000e+00
 3.300330e+00  1.864976e+00 -2.699515e+02  1.000000e+00
 3.163298e+00  1.462493e+00 -2.312720e+02  1.000000e+00
 3.117615e+00  1.328321e+00 -2.189380e+02  1.000000e+00
 2.660623e+00 -1.363727e-02 -1.109833e+02  1.000000e+00
 2.614910e+00 -1.478521e-01 -1.017268e+02  1.000000e+00
 2.569195e+00 -2.820698e-01 -9.275022e+01  1.000000e+00
 2.523477e+00 -4.162896e-01 -8.405357e+01  1.000000e+00
 2.432036e+00 -6.847357e-01 -6.750008e+01  1.000000e+00
 2.294861e+00 -1.087417e+00 -4.476966e+01  1.000000e+00
 2.249132e+00 -1.221647e+00 -3.775287e+01  1.000000e+00
 2.157670e+00 -1.490108e+00 -2.455937e+01  1.000000e+00
 2.020466e+00 -1.892803e+00 -6.869559e+00  1.000000e+00
 1.791769e+00 -2.563954e+00  1.701165e+01  1.000000e+00
 1.608795e+00 -3.100852e+00  3.107443e+01  1.000000e+00
 1.563050e+00 -3.235071e+00  3.388978e+01  1.000000e+00
 1.471558e+00 -3.503503e+00  3.868002e+01  1.000000e+00
 1.105583e+00 -4.577097e+00  4.663498e+01  1.000000e+00
 3.347536e+00  1.791927e+00 -2.798934e+02  1.000000e+00
 3.256187e+00  1.523610e+00 -2.535564e+02  1.000000e+00
 2.982066e+00  7.185366e-01 -1.812562e+02  1.000000e+00
 2.936369e+00  5.843422e-01 -1.701852e+02  1.000000e+00
 2.890669e+00  4.501437e-01 -1.593939e+02  1.000000e+00
 2.844967e+00  3.159418e-01 -1.488824e+02  1.000000e+00
 2.662133e+00 -2.208982e-01 -1.096346e+02  1.000000e+00
 2.524984e+00 -6.235559e-01 -8.313761e+01  1.000000e+00
 2.479263e+00 -7.577794e-01 -7.486513e+01  1.000000e+00
 2.113435e+00 -1.831608e+00 -1.876526e+01  1.000000e+00
 2.067699e+00 -1.965839e+00 -1.301295e+01  1.000000e+00
 1.793263e+00 -2.771210e+00  1.561886e+01  1.000000e+00
 1.610288e+00 -3.308095e+00  2.910432e+01  1.000000e+00
 1.564543e+00 -3.442310e+00  3.177533e+01  1.000000e+00
 1.290064e+00 -4.247540e+00  4.191831e+01  1.000000e+00
 1.152824e+00 -4.650104e+00  4.320782e+01  1.000000e+00
 3.440408e+00  1.853028e+00 -3.036960e+02  1.000000e+00
 3.303394e+00  1.450562e+00 -2.633647e+02  1.000000e+00
 3.212034e+00  1.182223e+00 -2.378749e+02  1.000000e+00
 3.120663e+00  9.138656e-01 -2.135036e+02  1.000000e+00
 2.983584e+00  5.112955e-01 -1.790445e+02  1.000000e+00
 2.755065e+00 -1.597284e-01 -1.272079e+02  1.000000e+00
 2.663640e+00 -4.281587e-01 -1.084321e+02  1.000000e+00
 2.572207e+00 -6.965980e-01 -9.077600e+01  1.000000e+00
 2.526488e+00 -8.308208e-01 -8.236782e+01  1.000000e+00
 2.343590e+00 -1.367726e+00 -5.153486e+01  1.000000e+00
 2.297861e+00 -1.501954e+00 -4.452662e+01  1.000000e+00
 2.252131e+00 -1.636184e+00 -3.779840e+01  1.000000e+00
 2.160666e+00 -1.904643e+00 -2.518211e+01  1.000000e+00
 1.749012e+00 -3.112680e+00  1.772704e+01  1.000000e+00
 1.703269e+00 -3.246899e+00  2.109415e+01  1.000000e+00
 1.337302e+00 -4.320549e+00  3.794586e+01  1.000000e+00
 3.259241e+00  1.109177e+00 -2.475496e+02  1.000000e+00
 2.939399e+00  1.698519e-01 -1.661960e+02  1.000000e+00
 2.802283e+00 -2.327708e-01 -1.355266e+02  1.000000e+00
 2.756573e+00 -3.669840e-01 -1.258631e+02  1.000000e+00
 2.710860e+00 -5.012000e-01 -1.164795e+02  1.000000e+00
 2.436542e+00 -1.306534e+00 -6.605632e+01  1.000000e+00
 2.345088e+00 -1.574989e+00 -5.148839e+01  1.000000e+00
 2.299358e+00 -1.709218e+00 -4.462443e+01  1.000000e+00
 2.162160e+00 -2.111903e+00 -2.571283e+01  1.000000e+00
 2.116425e+00 -2.246131e+00 -1.996908e+01  1.000000e+00
 2.070688e+00 -2.380359e+00 -1.450542e+01  1.000000e+00
 1.979212e+00 -2.648812e+00 -4.418347e+00  1.000000e+00
 3.215079e+00  7.677760e-01 -2.324484e+02  1.000000e+00
 3.123700e+00  4.994013e-01 -2.086536e+02  1.000000e+00
 2.483766e+00 -1.379569e+00 -7.342718e+01  1.000000e+00
 2.668150e+00 -1.049931e+00 -1.057017e+02  1.000000e+00
 2.576710e+00 -1.318376e+00 -8.891107e+01  1.000000e+00
 2.439536e+00 -1.721051e+00 -6.582488e+01  1.000000e+00
 2.393807e+00 -1.855277e+00 -5.868947e+01  1.000000e+00
 2.348078e+00 -1.989504e+00 -5.183409e+01  1.000000e+00
 2.165144e+00 -2.526407e+00 -2.721300e+01  1.000000e+00
 3.400848e+00  8.900498e-01 -2.773988e+02  1.000000e+00
 3.218113e+00  3.533209e-01 -2.276061e+02  1.000000e+00
 2.989629e+00 -3.176762e-01 -1.716584e+02  1.000000e+00
 2.943925e+00 -4.518849e-01 -1.613082e+02  1.000000e+00
 2.761083e+00 -9.887432e-01 -1.227058e+02  1.000000e+00
 3.173933e+00  1.189622e-02 -2.137992e+02  1.000000e+00
 3.082539e+00 -2.565049e-01 -1.914287e+02  1.000000e+00
 2.762581e+00 -1.195992e+00 -1.219457e+02  1.000000e+00
-3.006567e+00  1.987307e+00 -1.795641e+02  2.000000e+00
-3.050769e+00  1.645890e+00 -1.948833e+02  2.000000e+00
-2.409273e+00  3.317298e+00 -5.272957e+01  2.000000e+00
-2.775033e+00  2.243783e+00 -1.292590e+02  2.000000e+00
-2.820744e+00  2.109592e+00 -1.400849e+02  2.000000e+00
-3.003566e+00  1.572839e+00 -1.861870e+02  2.000000e+00
-3.323405e+00  6.335831e-01 -2.776363e+02  2.000000e+00
-3.551771e+00 -3.722994e-02 -3.513457e+02  2.000000e+00
-3.825698e+00 -8.420701e-01 -4.490181e+02  2.000000e+00
-2.224865e+00  3.646827e+00 -2.226316e+01  2.000000e+00
-2.499232e+00  2.841699e+00 -7.212609e+01  2.000000e+00
-2.636393e+00  2.439123e+00 -1.008377e+02  2.000000e+00
-3.184838e+00  8.288689e-01 -2.408729e+02  2.000000e+00
-3.367568e+00  2.921804e-01 -2.965027e+02  2.000000e+00
-3.504582e+00 -1.103007e-01 -3.411604e+02  2.000000e+00
-3.824160e+00 -1.049271e+00 -4.551410e+02  2.000000e+00
-2.131911e+00  3.707986e+00 -8.818351e+00  2.000000e+00
-2.177644e+00  3.573801e+00 -1.601289e+01  2.000000e+00
-2.314836e+00  3.171237e+00 -3.927700e+01  2.000000e+00
-2.497738e+00  2.634467e+00 -7.421638e+01  2.000000e+00
-2.589179e+00  2.366079e+00 -9.336604e+01  2.000000e+00
-2.726325e+00  1.963496e+00 -1.241901e+02  2.000000e+00
-2.772036e+00  1.829303e+00 -1.350246e+02  2.000000e+00
-3.183325e+00  6.216273e-01 -2.451262e+02  2.000000e+00
-3.685687e+00 -8.540961e-01 -4.104533e+02  2.000000e+00
-2.176154e+00  3.366585e+00 -1.723921e+01  2.000000e+00
-2.267615e+00  3.098203e+00 -3.275722e+01  2.000000e+00
-2.359071e+00  2.829815e+00 -4.939545e+01  2.000000e+00
-2.541963e+00  2.293032e+00 -8.603205e+01  2.000000e+00
-2.633397e+00  2.024640e+00 -1.060302e+02  2.000000e+00
-3.044742e+00  8.169214e-01 -2.098750e+02  2.000000e+00
-3.181810e+00  4.143839e-01 -2.495256e+02  2.000000e+00
-3.684150e+00 -1.061306e+00 -4.164364e+02  2.000000e+00
-3.821076e+00 -1.463664e+00 -4.678242e+02  2.000000e+00
-2.174661e+00  3.159359e+00 -1.861183e+01  2.000000e+00
-2.357576e+00  2.622577e+00 -5.134536e+01  2.000000e+00
-2.677609e+00  1.683194e+00 -1.194089e+02  2.000000e+00
-2.951839e+00  8.780407e-01 -1.886647e+02  2.000000e+00
-3.043228e+00  6.096719e-01 -2.139882e+02  2.000000e+00
-3.088919e+00  4.754914e-01 -2.270695e+02  2.000000e+00
-3.225973e+00  7.296797e-02 -2.679913e+02  2.000000e+00
-3.271652e+00 -6.119971e-02 -2.821911e+02  2.000000e+00
-3.545656e+00 -8.661193e-01 -3.732594e+02  2.000000e+00
-1.853020e+00  3.891458e+00  2.738019e+01  2.000000e+00
-1.990233e+00  3.488899e+00  8.699023e+00  2.000000e+00
-2.310353e+00  2.549532e+00 -4.469379e+01  2.000000e+00
-2.447524e+00  2.146932e+00 -7.177702e+01  2.000000e+00
-2.584679e+00  1.744334e+00 -1.013800e+02  2.000000e+00
-3.041713e+00  4.024206e-01 -2.182475e+02  2.000000e+00
-3.361472e+00 -5.367579e-01 -3.166968e+02  2.000000e+00
-3.544119e+00 -1.073338e+00 -3.791026e+02  2.000000e+00
-3.772346e+00 -1.743942e+00 -4.633946e+02  2.000000e+00
-2.171671e+00  2.744884e+00 -2.179595e+01  2.000000e+00
-2.308855e+00  2.342282e+00 -4.679193e+01  2.000000e+00
-2.400302e+00  2.073879e+00 -6.485600e+01  2.000000e+00
-2.811716e+00  8.660957e-01 -1.600009e+02  2.000000e+00
-2.903115e+00  5.977169e-01 -1.842225e+02  2.000000e+00
-2.994504e+00  3.293481e-01 -2.095630e+02  2.000000e+00
-3.451267e+00 -1.012283e+00 -3.530422e+02  2.000000e+00
-1.895772e+00  3.342828e+00  1.968866e+01  2.000000e+00
-2.032978e+00  2.940238e+00 -6.989925e-01  2.000000e+00
-2.124443e+00  2.671837e+00 -1.569123e+01  2.000000e+00
-2.353078e+00  2.000823e+00 -5.807265e+01  2.000000e+00
-2.398800e+00  1.866620e+00 -6.738895e+01  2.000000e+00
-2.535954e+00  1.464014e+00 -9.701758e+01  2.000000e+00
-2.901599e+00  3.904580e-01 -1.883416e+02  2.000000e+00
-3.084359e+00 -1.462599e-01 -2.407177e+02  2.000000e+00
-3.449729e+00 -1.219506e+00 -3.588894e+02  2.000000e+00
-1.574095e+00  4.074922e+00  5.737386e+01  2.000000e+00
-1.619838e+00  3.940740e+00  5.267477e+01  2.000000e+00
-2.122944e+00  2.464585e+00 -1.750469e+01  2.000000e+00
-2.351575e+00  1.793561e+00 -6.060757e+01  2.000000e+00
-2.717283e+00  7.199555e-01 -1.441297e+02  2.000000e+00
-3.082834e+00 -3.535108e-01 -2.455592e+02  2.000000e+00
-3.448189e+00 -1.426727e+00 -3.648825e+02  2.000000e+00
-3.539492e+00 -1.694978e+00 -3.975074e+02  2.000000e+00
-1.618343e+00  3.733521e+00  5.230282e+01  2.000000e+00
-1.755565e+00  3.330944e+00  3.609143e+01  2.000000e+00
-1.801304e+00  3.196747e+00  3.012734e+01  2.000000e+00
-1.847041e+00  3.062548e+00  2.388311e+01  2.000000e+00
-2.029981e+00  2.525737e+00 -3.894924e+00  2.000000e+00
-2.167172e+00  2.123119e+00 -2.766927e+01  2.000000e+00
-2.212899e+00  1.988912e+00 -3.615413e+01  2.000000e+00
-2.395789e+00  1.452088e+00 -7.289354e+01  2.000000e+00
-2.487223e+00  1.183680e+00 -9.294298e+01  2.000000e+00
-2.532936e+00  1.049478e+00 -1.033876e+02  2.000000e+00
-3.126985e+00 -6.949259e-01 -2.646278e+02  2.000000e+00
-3.309668e+00 -1.231539e+00 -3.237476e+02  2.000000e+00
-3.355331e+00 -1.365679e+00 -3.392262e+02  2.000000e+00
-1.342385e+00  4.331399e+00  7.750889e+01  2.000000e+00
-1.433874e+00  4.063043e+00  7.005485e+01  2.000000e+00
-1.525361e+00  3.794674e+00  6.148005e+01  2.000000e+00
-1.662587e+00  3.392098e+00  4.651653e+01  2.000000e+00
-1.708328e+00  3.257901e+00  4.096836e+01  2.000000e+00
-1.799805e+00  2.989501e+00  2.903161e+01  2.000000e+00
-2.074211e+00  2.184268e+00 -1.350137e+01  2.000000e+00
-2.119941e+00  2.050060e+00 -2.157046e+01  2.000000e+00
-2.257119e+00  1.647435e+00 -4.745787e+01  2.000000e+00
-2.348562e+00  1.379021e+00 -6.611611e+01  2.000000e+00
-2.394281e+00  1.244815e+00 -7.586516e+01  2.000000e+00
-2.805649e+00  3.704159e-02 -1.762010e+02  2.000000e+00
-2.897036e+00 -2.313239e-01 -2.015754e+02  2.000000e+00
-2.988412e+00 -4.996751e-01 -2.280685e+02  2.000000e+00
-3.171126e+00 -1.036328e+00 -2.844100e+02  2.000000e+00
-3.216797e+00 -1.170479e+00 -2.991941e+02  2.000000e+00
-1.249397e+00  4.392545e+00  8.433252e+01  2.000000e+00
-1.386633e+00  3.990011e+00  7.397920e+01  2.000000e+00
-1.432377e+00  3.855826e+00  6.996770e+01  2.000000e+00
-1.523864e+00  3.587446e+00  6.110415e+01  2.000000e+00
-1.798306e+00  2.782248e+00  2.778954e+01  2.000000e+00
-1.889778e+00  2.513835e+00  1.444360e+01  2.000000e+00
-1.935513e+00  2.379627e+00  7.350470e+00  2.000000e+00
-2.026977e+00  2.111209e+00 -7.676021e+00  2.000000e+00
-2.072708e+00  1.976999e+00 -1.560936e+01  2.000000e+00
-2.118436e+00  1.842789e+00 -2.382274e+01  2.000000e+00
-2.164163e+00  1.708579e+00 -3.231615e+01  2.000000e+00
-2.301333e+00  1.305953e+00 -5.947636e+01  2.000000e+00
-2.347053e+00  1.171746e+00 -6.908971e+01  2.000000e+00
-2.621326e+00  3.665355e-01 -1.326477e+02  2.000000e+00
-2.667030e+00  2.323413e-01 -1.442202e+02  2.000000e+00
-2.804126e+00 -1.702241e-01 -1.806162e+02  2.000000e+00
-3.169590e+00 -1.243567e+00 -2.899774e+02  2.000000e+00
-3.352243e+00 -1.780123e+00 -3.513663e+02  2.000000e+00
-1.156408e+00  4.453690e+00  9.046650e+01  2.000000e+00
-1.476622e+00  3.514405e+00  6.529813e+01  2.000000e+00
-1.522365e+00  3.380209e+00  6.058190e+01  2.000000e+00
-1.568107e+00  3.246010e+00  5.558549e+01  2.000000e+00
-1.705329e+00  2.843402e+00  3.891532e+01  2.000000e+00
-1.796805e+00  2.574988e+00  2.640116e+01  2.000000e+00
-1.842541e+00  2.440779e+00  1.972391e+01  2.000000e+00
-1.934010e+00  2.172359e+00  5.529114e+00  2.000000e+00
-2.208380e+00  1.367092e+00 -4.377665e+01  2.000000e+00
-2.254103e+00  1.232883e+00 -5.297432e+01  2.000000e+00
-2.299823e+00  1.098674e+00 -6.245194e+01  2.000000e+00
-2.345542e+00  9.644670e-01 -7.220952e+01  2.000000e+00
-2.574102e+00  2.934568e-01 -1.251958e+02  2.000000e+00
-2.848293e+00 -5.116690e-01 -1.980131e+02  2.000000e+00
-3.533282e+00 -2.523773e+00 -4.240887e+02  2.000000e+00
-1.520865e+00  3.172963e+00  5.991330e+01  2.000000e+00
-1.566607e+00  3.038760e+00  5.477253e+01  2.000000e+00
-1.612348e+00  2.904555e+00  4.935160e+01  2.000000e+00
-1.795302e+00  2.367721e+00  2.486648e+01  2.000000e+00
-1.841038e+00  2.233509e+00  1.804490e+01  2.000000e+00
-1.978237e+00  1.830871e+00 -4.100356e+00  2.000000e+00
-2.023967e+00  1.696659e+00 -1.204223e+01  2.000000e+00
-2.069695e+00  1.562446e+00 -2.026415e+01  2.000000e+00
-2.344028e+00  7.571856e-01 -7.547552e+01  2.000000e+00
-2.618286e+00 -4.801304e-02 -1.407637e+02  2.000000e+00
-3.212172e+00 -1.792174e+00 -3.167659e+02  2.000000e+00
-9.246759e-01  4.710135e+00  1.023080e+02  2.000000e+00
-1.382134e+00  3.368315e+00  7.327273e+01  2.000000e+00
-1.473621e+00  3.099913e+00  6.410333e+01  2.000000e+00
-1.610845e+00  2.697293e+00  4.824796e+01  2.000000e+00
-1.656585e+00  2.563084e+00  4.240253e+01  2.000000e+00
-1.702324e+00  2.428872e+00  3.627696e+01  2.000000e+00
-1.885266e+00  1.892019e+00  8.973600e+00  2.000000e+00
-1.976729e+00  1.623591e+00 -6.358577e+00  2.000000e+00
-2.068186e+00  1.355163e+00 -2.281093e+01  2.000000e+00
-2.251079e+00  8.183167e-01 -5.907565e+01  2.000000e+00
-2.433939e+00  2.814952e-01 -9.981939e+01  2.000000e+00
-2.571060e+00 -1.210964e-01 -1.333158e+02  2.000000e+00
-2.616762e+00 -2.552878e-01 -1.450408e+02  2.000000e+00
-2.662462e+00 -3.894759e-01 -1.570457e+02  2.000000e+00
-2.845232e+00 -9.261911e-01 -2.078620e+02  2.000000e+00
-2.890918e+00 -1.060359e+00 -2.212653e+02  2.000000e+00
-3.164963e+00 -1.865266e+00 -3.075552e+02  2.000000e+00
-9.231738e-01  4.502942e+00  1.032235e+02  2.000000e+00
-9.689204e-01  4.368771e+00  1.014366e+02  2.000000e+00
-1.014667e+00  4.234596e+00  9.936940e+01  2.000000e+00
-1.106160e+00  3.966233e+00  9.439441e+01  2.000000e+00
-1.197652e+00  3.697856e+00  8.829858e+01  2.000000e+00
-1.472119e+00  2.892654e+00  6.328640e+01  2.000000e+00
-1.517861e+00  2.758446e+00  5.813708e+01  2.000000e+00
-1.700819e+00  2.221598e+00  3.473832e+01  2.000000e+00
-1.746556e+00  2.087383e+00  2.818830e+01  2.000000e+00
-1.838026e+00  1.818952e+00  1.424798e+01  2.000000e+00
-1.975221e+00  1.416305e+00 -8.763065e+00  2.000000e+00
-2.066676e+00  1.147876e+00 -2.550396e+01  2.000000e+00
-2.112400e+00  1.013662e+00 -3.429442e+01  2.000000e+00
-2.295281e+00  4.768223e-01 -7.225591e+01  2.000000e+00
-2.432419e+00  7.421257e-02 -1.036661e+02  2.000000e+00
-2.660935e+00 -5.967475e-01 -1.616130e+02  2.000000e+00
-9.216708e-01  4.295737e+00  1.039927e+02  2.000000e+00
-1.196150e+00  3.490616e+00  8.820151e+01  2.000000e+00
-1.241896e+00  3.356418e+00  8.458892e+01  2.000000e+00
-1.287641e+00  3.222216e+00  8.069612e+01  2.000000e+00
-1.516356e+00  2.551177e+00  5.702947e+01  2.000000e+00
-1.607837e+00  2.282749e+00  4.560168e+01  2.000000e+00
-1.699313e+00  2.014318e+00  3.305336e+01  2.000000e+00
-1.745049e+00  1.880101e+00  2.635903e+01  2.000000e+00
-1.790784e+00  1.745884e+00  1.938460e+01  2.000000e+00
-2.385188e+00  1.128627e-03 -9.676491e+01  2.000000e+00
-2.430897e+00 -1.330705e-01 -1.076590e+02  2.000000e+00
-2.522308e+00 -4.014597e-01 -1.302867e+02  2.000000e+00
-2.613709e+00 -6.698355e-01 -1.540334e+02  2.000000e+00
-2.705099e+00 -9.381961e-01 -1.788991e+02  2.000000e+00
-2.887844e+00 -1.474865e+00 -2.319863e+02  2.000000e+00
-3.207524e+00 -2.413830e+00 -3.356508e+02  2.000000e+00
-8.286730e-01  4.356875e+00  1.079263e+02  2.000000e+00
-9.659140e-01  3.954337e+00  1.025398e+02  2.000000e+00
-1.286137e+00  3.014958e+00  8.016396e+01  2.000000e+00
-1.377625e+00  2.746540e+00  7.124909e+01  2.000000e+00
-1.469110e+00  2.478115e+00  6.121354e+01  2.000000e+00
-1.514851e+00  2.343901e+00  5.577552e+01  2.000000e+00
-1.606331e+00  2.075468e+00  4.405906e+01  2.000000e+00
-1.743541e+00  1.672813e+00  2.438346e+01  2.000000e+00
-1.789276e+00  1.538595e+00  1.726472e+01  2.000000e+00
-1.972198e+00  1.001724e+00 -1.401081e+01  2.000000e+00
-2.017924e+00  8.675079e-01 -2.252977e+01  2.000000e+00
-2.063649e+00  7.332933e-01 -3.132873e+01  2.000000e+00
-2.292243e+00  6.224626e-02 -7.952283e+01  2.000000e+00
-2.337956e+00 -7.195647e-02 -9.000138e+01  2.000000e+00
-2.520782e+00 -6.087377e-01 -1.347139e+02  2.000000e+00
-2.657874e+00 -1.011286e+00 -1.711859e+02  2.000000e+00
-2.794941e+00 -1.413797e+00 -2.101750e+02  2.000000e+00
-2.886304e+00 -1.682113e+00 -2.375658e+02  2.000000e+00
-6.899274e-01  4.552179e+00  1.119892e+02  2.000000e+00
-8.729151e-01  4.015479e+00  1.070318e+02  2.000000e+00
-1.101650e+00  3.344516e+00  9.453033e+01  2.000000e+00
-1.238887e+00  2.941902e+00  8.366695e+01  2.000000e+00
-1.330376e+00  2.673480e+00  7.502373e+01  2.000000e+00
-1.376119e+00  2.539267e+00  7.028186e+01  2.000000e+00
-1.421862e+00  2.405052e+00  6.525982e+01  2.000000e+00
-1.467604e+00  2.270836e+00  5.995761e+01  2.000000e+00
-1.559084e+00  2.002400e+00  4.851276e+01  2.000000e+00
-1.650560e+00  1.733961e+00  3.594739e+01  2.000000e+00
-1.696297e+00  1.599741e+00  2.924454e+01  2.000000e+00
-1.924957e+00  9.286455e-01 -8.470855e+00  2.000000e+00
-1.970684e+00  7.944286e-01 -1.685406e+01  2.000000e+00
-2.382141e+00 -4.134412e-01 -1.049008e+02  2.000000e+00
-2.427848e+00 -5.476358e-01 -1.160832e+02  2.000000e+00
-2.610647e+00 -1.084377e+00 -1.636103e+02  2.000000e+00
-2.656340e+00 -1.218553e+00 -1.761914e+02  2.000000e+00
-2.930435e+00 -2.023501e+00 -2.575500e+02  2.000000e+00
-2.976107e+00 -2.157640e+00 -2.720881e+02  2.000000e+00
-5.969277e-01  4.613310e+00  1.141272e+02  2.000000e+00
-8.256622e-01  3.942436e+00  1.093103e+02  2.000000e+00
-9.171569e-01  3.674057e+00  1.054220e+02  2.000000e+00
-9.629041e-01  3.539862e+00  1.030576e+02  2.000000e+00
-1.008651e+00  3.405664e+00  1.004129e+02  2.000000e+00
-1.100145e+00  3.137259e+00  9.428292e+01  2.000000e+00
-1.191636e+00  2.868843e+00  8.703212e+01  2.000000e+00
-1.237381e+00  2.734632e+00  8.298644e+01  2.000000e+00
-1.328870e+00  2.466204e+00  7.405451e+01  2.000000e+00
-1.420355e+00  2.197769e+00  6.400190e+01  2.000000e+00
-1.466096e+00  2.063550e+00  5.855536e+01  2.000000e+00
-1.511837e+00  1.929331e+00  5.282867e+01  2.000000e+00
-1.557576e+00  1.795110e+00  4.682185e+01  2.000000e+00
-1.786253e+00  1.124005e+00  1.258614e+01  2.000000e+00
-1.831985e+00  9.897850e-01  4.898765e+00  2.000000e+00
-2.106336e+00  1.844909e-01 -4.710577e+01  2.000000e+00
-2.243486e+00 -2.181299e-01 -7.688742e+01  2.000000e+00
-2.380615e+00 -6.207252e-01 -1.091879e+02  2.000000e+00
-2.746178e+00 -1.694144e+00 -2.076322e+02  2.000000e+00
-2.883215e+00 -2.096595e+00 -2.491627e+02  2.000000e+00
-7.326607e-01  4.003576e+00  1.128389e+02  2.000000e+00
-7.784081e-01  3.869390e+00  1.114509e+02  2.000000e+00
-9.156507e-01  3.466811e+00  1.056057e+02  2.000000e+00
-9.613980e-01  3.332611e+00  1.030969e+02  2.000000e+00
-1.007145e+00  3.198408e+00  1.003078e+02  2.000000e+00
-1.052892e+00  3.064202e+00  9.723860e+01  2.000000e+00
-1.144384e+00  2.795783e+00  9.025948e+01  2.000000e+00
-1.281619e+00  2.393139e+00  7.768935e+01  2.000000e+00
-1.418847e+00  1.990481e+00  6.259766e+01  2.000000e+00
-1.464588e+00  1.856260e+00  5.700678e+01  2.000000e+00
-1.510327e+00  1.722038e+00  5.113577e+01  2.000000e+00
-1.601803e+00  1.453593e+00  3.855337e+01  2.000000e+00
-1.830470e+00  7.824851e-01  2.195799e+00  2.000000e+00
-1.921926e+00  5.140482e-01 -1.430756e+01  2.000000e+00
-2.150533e+00 -1.570128e-01 -6.046561e+01  2.000000e+00
-2.470490e+00 -1.096381e+00 -1.368421e+02  2.000000e+00
-2.653266e+00 -1.633076e+00 -1.866406e+02  2.000000e+00
-6.854055e-01  3.930530e+00  1.147058e+02  2.000000e+00
-8.683961e-01  3.393757e+00  1.080160e+02  2.000000e+00
-1.097131e+00  2.722721e+00  9.334900e+01  2.000000e+00
-1.280111e+00  2.185852e+00  7.657180e+01  2.000000e+00
-1.463078e+00  1.648964e+00  5.531189e+01  2.000000e+00
-1.508817e+00  1.514740e+00  4.929656e+01  2.000000e+00
-1.554555e+00  1.380516e+00  4.300111e+01  2.000000e+00
-1.600292e+00  1.246293e+00  3.642555e+01  2.000000e+00
-1.920408e+00  3.067471e-01 -1.744526e+01  2.000000e+00
-2.103293e+00 -2.301012e-01 -5.438865e+01  2.000000e+00
-2.423258e+00 -1.169474e+00 -1.298152e+02  2.000000e+00
-2.560347e+00 -1.572003e+00 -1.663376e+02  2.000000e+00
-2.697410e+00 -1.974489e+00 -2.053770e+02  2.000000e+00
-2.788770e+00 -2.242785e+00 -2.328012e+02  2.000000e+00
-5.924019e-01  3.991667e+00  1.172710e+02  2.000000e+00
-7.753927e-01  3.454902e+00  1.122454e+02  2.000000e+00
-8.211405e-01  3.320702e+00  1.102885e+02  2.000000e+00
-8.668883e-01  3.186498e+00  1.080514e+02  2.000000e+00
-1.049877e+00  2.649657e+00  9.630070e+01  2.000000e+00
-1.232858e+00  2.112782e+00  8.006684e+01  2.000000e+00
-1.324344e+00  1.844337e+00  7.026884e+01  2.000000e+00
-1.415827e+00  1.575888e+00  5.935021e+01  2.000000e+00
-1.461566e+00  1.441664e+00  5.347069e+01  2.000000e+00
-1.507305e+00  1.307439e+00  4.731105e+01  2.000000e+00
-1.873164e+00  2.336611e-01 -1.204904e+01  2.000000e+00
-2.558808e+00 -1.779265e+00 -1.716392e+02  2.000000e+00
-5.451448e-01  3.918619e+00  1.187263e+02  2.000000e+00
-5.908923e-01  3.784431e+00  1.180261e+02  2.000000e+00
-6.366400e-01  3.650240e+00  1.170457e+02  2.000000e+00
-6.823879e-01  3.516045e+00  1.157851e+02  2.000000e+00
-9.111271e-01  2.845020e+00  1.052786e+02  2.000000e+00
-1.231348e+00  1.905487e+00  7.880096e+01  2.000000e+00
-1.277091e+00  1.771263e+00  7.389770e+01  2.000000e+00
-1.776670e-01  4.784764e+00  1.161484e+02  2.000000e+00
-3.149004e-01  4.382281e+00  1.194991e+02  2.000000e+00
-4.063926e-01  4.113934e+00  1.203319e+02  2.000000e+00
-4.521394e-01  3.979754e+00  1.203279e+02  2.000000e+00
-5.893820e-01  3.577186e+00  1.186349e+02  2.000000e+00
-7.266263e-01  3.174585e+00  1.144199e+02  2.000000e+00
-7.723745e-01  3.040378e+00  1.124545e+02  2.000000e+00
-9.096178e-01  2.637741e+00  1.048769e+02  2.000000e+00
-1.046858e+00  2.235084e+00  9.477738e+01  2.000000e+00
-1.761522e-01  4.577568e+00  1.179100e+02  2.000000e+00
-2.676416e-01  4.309237e+00  1.201353e+02  2.000000e+00
-4.506278e-01  3.772516e+00  1.212235e+02  2.000000e+00
-4.963754e-01  3.638325e+00  1.207950e+02  2.000000e+00
-6.793678e-01  3.101524e+00  1.162788e+02  2.000000e+00
-8.166123e-01  2.698890e+00  1.099494e+02  2.000000e+00
-9.081075e-01  2.430455e+00  1.043288e+02  2.000000e+00
-9.996012e-01  2.162012e+00  9.758725e+01  2.000000e+00
-1.045347e+00  2.027789e+00  9.379621e+01  2.000000e+00
-1.274067e+00  1.356655e+00  7.063831e+01  2.000000e+00
-3.576208e-01  3.833651e+00  1.222776e+02  2.000000e+00
-4.033681e-01  3.699462e+00  1.222652e+02  2.000000e+00
-6.321085e-01  3.028461e+00  1.179999e+02  2.000000e+00
-6.778570e-01  2.894251e+00  1.163062e+02  2.000000e+00
-8.608492e-01  2.357385e+00  1.067291e+02  2.000000e+00
-9.523435e-01  2.088939e+00  1.002593e+02  2.000000e+00
-9.980898e-01  1.954714e+00  9.660409e+01  2.000000e+00
 9.852600e-03  4.699798e+00  1.143359e+02  2.000000e+00
-1.273770e-01  4.297314e+00  1.197498e+02  2.000000e+00
-4.018553e-01  3.492212e+00  1.230124e+02  2.000000e+00
-4.476032e-01  3.358013e+00  1.225754e+02  2.000000e+00
-9.050848e-01  2.015865e+00  1.027935e+02  2.000000e+00
-3.437238e-02  4.358434e+00  1.181763e+02  2.000000e+00
-3.545941e-01  3.419152e+00  1.239142e+02  2.000000e+00
-4.460904e-01  3.150748e+00  1.230318e+02  2.000000e+00
-7.205817e-01  2.345463e+00  1.136591e+02  2.000000e+00
-8.578252e-01  1.942789e+00  1.051898e+02  2.000000e+00
 1.958540e-01  4.822014e+00  1.080029e+02  2.000000e+00
 5.863168e-02  4.419551e+00  1.159129e+02  2.000000e+00
 1.288878e-02  4.285386e+00  1.179893e+02  2.000000e+00
-3.285494e-02  4.151215e+00  1.197854e+02  2.000000e+00
-1.243449e-01  3.882858e+00  1.225372e+02  2.000000e+00
-3.073322e-01  3.346091e+00  1.246783e+02  2.000000e+00
-3.530802e-01  3.211890e+00  1.245130e+02  2.000000e+00
-4.903257e-01  2.809264e+00  1.223359e+02  2.000000e+00
-5.818233e-01  2.540832e+00  1.194834e+02  2.000000e+00
-6.733206e-01  2.272390e+00  1.155100e+02  2.000000e+00
-7.648170e-01  2.003940e+00  1.104157e+02  2.000000e+00
-8.105648e-01  1.869712e+00  1.074483e+02  2.000000e+00
-8.563121e-01  1.735484e+00  1.042006e+02  2.000000e+00
-9.020588e-01  1.601254e+00  1.006728e+02  2.000000e+00
-3.133743e-02  3.943985e+00  1.212483e+02  2.000000e+00
-2.143222e-01  3.407228e+00  1.250536e+02  2.000000e+00
-3.058177e-01  3.138825e+00  1.252750e+02  2.000000e+00
-3.515661e-01  3.004618e+00  1.249654e+02  2.000000e+00
-5.803100e-01  2.333539e+00  1.192140e+02  2.000000e+00
-6.260588e-01  2.199316e+00  1.172230e+02  2.000000e+00
-6.718073e-01  2.065090e+00  1.149519e+02  2.000000e+00
 1.592515e-02  3.870929e+00  1.210572e+02  2.000000e+00
-1.670592e-01  3.334166e+00  1.254060e+02  2.000000e+00
-2.128067e-01  3.199964e+00  1.257927e+02  2.000000e+00
-2.585546e-01  3.065760e+00  1.258992e+02  2.000000e+00
-3.500515e-01  2.797339e+00  1.252714e+02  2.000000e+00
-4.415493e-01  2.528907e+00  1.235228e+02  2.000000e+00
-6.245450e-01  1.992014e+00  1.166629e+02  2.000000e+00
-6.702934e-01  1.857785e+00  1.142474e+02  2.000000e+00
-7.617895e-01  1.589324e+00  1.085758e+02  2.000000e+00
 2.004176e-01  4.200400e+00  1.141172e+02  2.000000e+00
-7.404861e-02  3.395300e+00  1.248178e+02  2.000000e+00
-2.112909e-01  2.992692e+00  1.263854e+02  2.000000e+00
-4.400348e-01  2.321613e+00  1.233938e+02  2.000000e+00
-4.857839e-01  2.187389e+00  1.219548e+02  2.000000e+00
-7.145271e-01  1.516243e+00  1.105565e+02  2.000000e+00
 1.561955e-01  3.858996e+00  1.182021e+02  2.000000e+00
-7.253152e-02  3.188036e+00  1.256972e+02  2.000000e+00
-2.555236e-01  2.651198e+00  1.266495e+02  2.000000e+00
-3.470216e-01  2.382760e+00  1.254444e+02  2.000000e+00
 2.492018e-01  3.920116e+00  1.149862e+02  2.000000e+00
 2.047976e-02  3.249171e+00  1.245615e+02  2.000000e+00
-2.526701e-02  3.114969e+00  1.256360e+02  2.000000e+00
-2.082589e-01  2.578125e+00  1.271318e+02  2.000000e+00
-2.540078e-01  2.443907e+00  1.268052e+02  2.000000e+00
-2.997569e-01  2.309685e+00  1.261984e+02  2.000000e+00
-3.455061e-01  2.175461e+00  1.253113e+02  2.000000e+00
 3.422070e-01  3.981234e+00  1.110805e+02  2.000000e+00
 2.964656e-01  3.847057e+00  1.139719e+02  2.000000e+00
 2.507232e-01  3.712876e+00  1.165832e+02  2.000000e+00
 6.774455e-02  3.176104e+00  1.242265e+02  2.000000e+00
-2.374924e-02  2.907694e+00  1.263670e+02  2.000000e+00
-1.152452e-01  2.639269e+00  1.273867e+02  2.000000e+00
-2.524918e-01  2.236609e+00  1.268145e+02  2.000000e+00
-5.269873e-01  1.431230e+00  1.181042e+02  2.000000e+00
 2.522444e-01  3.505626e+00  1.180339e+02  2.000000e+00
 1.607554e-01  3.237237e+00  1.221273e+02  2.000000e+00
-6.797960e-02  2.566195e+00  1.274573e+02  2.000000e+00
-1.594769e-01  2.297756e+00  1.276278e+02  2.000000e+00
-2.052261e-01  2.163532e+00  1.272927e+02  2.000000e+00
-3.882238e-01  1.626615e+00  1.231502e+02  2.000000e+00
-4.339731e-01  1.492381e+00  1.214140e+02  2.000000e+00
 3.909939e-01  3.700935e+00  1.115298e+02  2.000000e+00
 3.452521e-01  3.566751e+00  1.144128e+02  2.000000e+00
 2.995092e-01  3.432562e+00  1.170156e+02  2.000000e+00
 2.080207e-01  3.164169e+00  1.213807e+02  2.000000e+00
 7.078192e-02  2.761551e+00  1.258269e+02  2.000000e+00
-6.646211e-02  2.358901e+00  1.277513e+02  2.000000e+00
-1.122109e-01  2.224679e+00  1.278323e+02  2.000000e+00
 4.839988e-01  3.762054e+00  1.068029e+02  2.000000e+00
 3.467743e-01  3.359496e+00  1.158594e+02  2.000000e+00
 2.552862e-01  3.091100e+00  1.204962e+02  2.000000e+00
-1.919579e-02  2.285825e+00  1.276820e+02  2.000000e+00
-1.106937e-01  2.017375e+00  1.278355e+02  2.000000e+00
-2.936918e-01  1.480449e+00  1.247800e+02  2.000000e+00
 3.025519e-01  3.018030e+00  1.194739e+02  2.000000e+00
 1.195670e-01  2.481188e+00  1.259287e+02  2.000000e+00
 2.807082e-02  2.212747e+00  1.274748e+02  2.000000e+00
-6.342702e-02  1.944295e+00  1.279001e+02  2.000000e+00
-1.549258e-01  1.675834e+00  1.272046e+02  2.000000e+00
 4.870469e-01  3.347554e+00  1.101231e+02  2.000000e+00
 3.040729e-01  2.810753e+00  1.204835e+02  2.000000e+00
 2.583272e-01  2.676543e+00  1.223732e+02  2.000000e+00
-1.616004e-02  1.871215e+00  1.278269e+02  2.000000e+00
-6.190933e-02  1.736984e+00  1.277551e+02  2.000000e+00
 6.715300e-01  3.677042e+00  9.729782e+01  2.000000e+00
 4.885703e-01  3.140290e+00  1.115636e+02  2.000000e+00
-2.891403e-01  8.584799e-01  1.221796e+02  2.000000e+00
 7.187940e-01  3.603978e+00  9.504676e+01  2.000000e+00
 5.358358e-01  3.067220e+00  1.098560e+02  2.000000e+00
 3.528602e-01  2.530392e+00  1.201826e+02  2.000000e+00
-1.312411e-02  1.456585e+00  1.273863e+02  2.000000e+00
-1.961234e-01  9.196333e-01  1.242630e+02  2.000000e+00
-2.876227e-01  6.511515e-01  1.210200e+02  2.000000e+00
 4.458719e-01  2.591530e+00  1.165832e+02  2.000000e+00
 3.086344e-01  2.188879e+00  1.226344e+02  2.000000e+00
 5.388821e-01  2.652665e+00  1.122941e+02  2.000000e+00
 4.016479e-01  2.250021e+00  1.195934e+02  2.000000e+00
 2.644067e-01  1.847348e+00  1.243709e+02  2.000000e+00
-1.473380e-01  6.392177e-01  1.235722e+02  2.000000e+00
 8.148493e-01  3.250590e+00  9.199639e+01  2.000000e+00
 6.776322e-01  2.848003e+00  1.039057e+02  2.000000e+00
 5.861482e-01  2.579590e+00  1.104445e+02  2.000000e+00
 4.489148e-01  2.176943e+00  1.181513e+02  2.000000e+00
 3.574217e-01  1.908495e+00  1.218883e+02  2.000000e+00
 2.201775e-01  1.505804e+00  1.253923e+02  2.000000e+00
 1.744285e-01  1.371569e+00  1.259998e+02  2.000000e+00
 1.286792e-01  1.237333e+00  1.263272e+02  2.000000e+00
-1.000702e-01  5.661300e-01  1.237606e+02  2.000000e+00
 6.334141e-01  2.506514e+00  1.084570e+02  2.000000e+00
 5.876709e-01  2.372301e+00  1.114420e+02  2.000000e+00
 4.961816e-01  2.103864e+00  1.165715e+02  2.000000e+00
 2.674452e-01  1.432720e+00  1.244917e+02  2.000000e+00
 1.759471e-01  1.164248e+00  1.256984e+02  2.000000e+00
-9.855221e-02  3.587989e-01  1.225931e+02  2.000000e+00
 6.349371e-01  2.299223e+00  1.094525e+02  2.000000e+00
 1.774654e-01  9.569232e-01  1.252506e+02  2.000000e+00
 8.651665e-01  2.762983e+00  9.261744e+01  2.000000e+00
 8.194275e-01  2.628780e+00  9.671459e+01  2.000000e+00
 6.822031e-01  2.226145e+00  1.073252e+02  2.000000e+00
 4.077287e-01  1.420788e+00  1.209816e+02  2.000000e+00
 9.124307e-01  2.689909e+00  8.980885e+01  2.000000e+00
 5.922361e-01  1.750398e+00  1.135566e+02  2.000000e+00
 5.464901e-01  1.616169e+00  1.158284e+02  2.000000e+00
 5.007434e-01  1.481938e+00  1.178201e+02  2.000000e+00
 4.092480e-01  1.213469e+00  1.209628e+02  2.000000e+00
 3.634996e-01  1.079232e+00  1.221139e+02  2.000000e+00
 3.177506e-01  9.449927e-01  1.229847e+02  2.000000e+00
 2.262516e-01  6.765102e-01  1.238857e+02  2.000000e+00
 1.347518e-01  4.080236e-01  1.236659e+02  2.000000e+00
 8.682169e-01  2.348418e+00  9.531993e+01  2.000000e+00
 8.224762e-01  2.214205e+00  9.912848e+01  2.000000e+00
 7.309913e-01  1.945767e+00  1.059051e+02  2.000000e+00
 3.192690e-01  7.376663e-01  1.225309e+02  2.000000e+00
 2.735195e-01  6.034241e-01  1.229772e+02  2.000000e+00
 2.277697e-01  4.691810e-01  1.231433e+02  2.000000e+00
 5.952771e-01  1.335773e+00  1.142347e+02  2.000000e+00
 4.580344e-01  9.330626e-01  1.193436e+02  2.000000e+00
 4.122858e-01  7.988226e-01  1.204862e+02  2.000000e+00
 3.665366e-01  6.645808e-01  1.213486e+02  2.000000e+00
 3.207872e-01  5.303382e-01  1.219308e+02  2.000000e+00
 1.835375e-01  1.276055e-01  1.219960e+02  2.000000e+00
 9.627454e-01  2.202263e+00  8.955682e+01  2.000000e+00
 9.170055e-01  2.068048e+00  9.363705e+01  2.000000e+00
 7.340347e-01  1.531154e+00  1.071565e+02  2.000000e+00
 4.138040e-01  5.914956e-01  1.200284e+02  2.000000e+00
 3.680547e-01  4.572526e-01  1.207464e+02  2.000000e+00
 1.393050e-01 -2.139717e-01  1.201334e+02  2.000000e+00
 1.101484e+00  2.397606e+00  7.719595e+01  2.000000e+00
 9.642696e-01  1.994969e+00  9.068455e+01  2.000000e+00
 8.270441e-01  1.592301e+00  1.016519e+02  2.000000e+00
 3.238226e-01  1.156781e-01  1.202915e+02  2.000000e+00
 1.194481e+00  2.458735e+00  6.850586e+01  2.000000e+00
 1.011533e+00  1.921891e+00  8.759421e+01  2.000000e+00
 7.370755e-01  1.116525e+00  1.078225e+02  2.000000e+00
 3.710898e-01  4.259267e-02  1.191032e+02  2.000000e+00
 2.795899e-01 -2.258983e-01  1.191213e+02  2.000000e+00
 1.150272e+00  2.117243e+00  7.511040e+01  2.000000e+00
 1.013057e+00  1.714591e+00  8.857362e+01  2.000000e+00
 7.385950e-01  9.092056e-01  1.079360e+02  2.000000e+00
 4.183567e-01 -3.049221e-02  1.177770e+02  2.000000e+00
 8.773505e-01  1.104595e+00  9.991575e+01  2.000000e+00
 5.113729e-01  3.066909e-02  1.156118e+02  2.000000e+00
 9.703582e-01  1.165747e+00  9.373238e+01  2.000000e+00
 8.331250e-01  7.630409e-01  1.029680e+02  2.000000e+00
 5.128895e-01 -1.766601e-01  1.147111e+02  2.000000e+00
 4.213901e-01 -4.451515e-01  1.155444e+02  2.000000e+00
 1.200582e+00  1.629576e+00  7.385438e+01  2.000000e+00
 1.476511e+00  2.227561e+00  4.211870e+01  2.000000e+00
 1.064884e+00  1.019587e+00  8.739780e+01  2.000000e+00
 1.019141e+00  8.853523e-01  9.102819e+01  2.000000e+00
 5.616713e-01 -4.570707e-01  1.119222e+02  2.000000e+00
 4.701718e-01 -7.255619e-01  1.127386e+02  2.000000e+00
 1.386574e+00  1.751857e+00  5.554362e+01  2.000000e+00
 9.749160e-01  5.437974e-01  9.448195e+01  2.000000e+00
 1.159407e+00  8.734276e-01  8.051186e+01  2.000000e+00
 1.067922e+00  6.049560e-01  8.803584e+01  2.000000e+00
 1.022178e+00  4.707174e-01  9.137759e+01  2.000000e+00
 9.306879e-01  2.022354e-01  9.722058e+01  2.000000e+00
 1.435356e+00  1.471486e+00  5.247075e+01  2.000000e+00
 1.389621e+00  1.337264e+00  5.790925e+01  2.000000e+00
 1.252408e+00  9.345816e-01  7.254411e+01  2.000000e+00
 9.779503e-01  1.291559e-01  9.425009e+01  2.000000e+00
 8.864573e-01 -1.393310e-01  9.924407e+01  2.000000e+00
 8.407099e-01 -2.735754e-01  1.013208e+02  2.000000e+00
 6.577153e-01 -8.105564e-01  1.068257e+02  2.000000e+00
 1.574077e+00  1.666843e+00  3.601527e+01  2.000000e+00
 1.529869e+00  1.325333e+00  4.339967e+01  2.000000e+00
 1.484136e+00  1.191111e+00  4.910977e+01  2.000000e+00
 1.301186e+00  6.541937e-01  6.914923e+01  2.000000e+00
 1.026728e+00 -1.512432e-01  9.080435e+01  2.000000e+00
 8.894869e-01 -5.539761e-01  9.784962e+01  2.000000e+00
 1.531392e+00  1.118036e+00  4.450333e+01  2.000000e+00
 1.485657e+00  9.838100e-01  5.006916e+01  2.000000e+00
 1.439921e+00  8.495814e-01  5.535490e+01  2.000000e+00
 1.348444e+00  5.811172e-01  6.508605e+01  2.000000e+00
 1.211221e+00  1.784053e-01  7.758181e+01  2.000000e+00
 1.119733e+00 -9.007709e-02  8.451157e+01  2.000000e+00
 1.578647e+00  1.044961e+00  3.975909e+01  2.000000e+00
 1.166992e+00 -1.631527e-01  8.098973e+01  2.000000e+00
