-7.545072e-02 -5.730210e-02  3.778033e-02  1.000000e+00
-7.859732e-02 -7.165725e-02  8.045719e-02  1.000000e+00
-8.112784e-02 -8.480388e-02  1.240100e-01  1.000000e+00
-6.951534e-02 -4.504062e-02 -1.078614e-02  1.000000e+00
-7.749867e-02 -7.934962e-02  8.653819e-02  1.000000e+00
-7.917489e-02 -8.796180e-02  1.154414e-01  1.000000e+00
-6.438484e-02 -3.737495e-02 -4.359295e-02  1.000000e+00
-6.586144e-02 -4.282841e-02 -3.095801e-02  1.000000e+00
-6.863820e-02 -5.344719e-02 -4.861816e-03  1.000000e+00
-7.545088e-02 -8.251239e-02  7.830798e-02  1.000000e+00
-7.635285e-02 -8.688608e-02  9.262369e-02  1.000000e+00
-6.356771e-02 -4.596788e-02 -3.784664e-02  1.000000e+00
-6.501003e-02 -5.133640e-02 -2.510348e-02  1.000000e+00
-6.639318e-02 -5.660210e-02 -1.209340e-02  1.000000e+00
-7.429966e-02 -9.003337e-02  8.442941e-02  1.000000e+00
-5.651090e-02 -3.242388e-02 -8.034914e-02  1.000000e+00
-6.411556e-02 -5.975362e-02 -1.913384e-02  1.000000e+00
-6.913185e-02 -7.965508e-02  3.447832e-02  1.000000e+00
-7.310594e-02 -9.737474e-02  9.054880e-02  1.000000e+00
-7.653298e-02 -1.159795e-01  1.617152e-01  1.000000e+00
-5.888511e-02 -5.224233e-02 -5.101145e-02  1.000000e+00
-7.402229e-02 -1.156408e-01  1.391259e-01  1.000000e+00
-6.978499e-02 -1.075965e-01  8.870021e-02  1.000000e+00
-7.134925e-02 -1.151454e-01  1.168087e-01  1.000000e+00
-5.085445e-02 -4.741240e-02 -8.632623e-02  1.000000e+00
-6.361279e-02 -9.366557e-02  2.598695e-02  1.000000e+00
-6.472588e-02 -9.814571e-02  3.954795e-02  1.000000e+00
-4.837411e-02 -5.051380e-02 -9.172373e-02  1.000000e+00
-5.003815e-02 -5.610775e-02 -8.060318e-02  1.000000e+00
-5.888093e-02 -8.736783e-02 -7.405194e-03  1.000000e+00
-4.053593e-02 -3.629130e-02 -1.272768e-01  1.000000e+00
-4.587133e-02 -5.360449e-02 -9.688135e-02  1.000000e+00
-5.377365e-02 -8.052547e-02 -3.907155e-02  1.000000e+00
-6.024050e-02 -1.042667e-01  2.528843e-02  1.000000e+00
-6.588517e-02 -1.275732e-01  1.070210e-01  1.000000e+00
-6.723039e-02 -1.339457e-01  1.345333e-01  1.000000e+00
-4.505378e-02 -6.228237e-02 -9.111418e-02  1.000000e+00
-4.671010e-02 -6.778148e-02 -8.007651e-02  1.000000e+00
-3.535962e-02 -4.239753e-02 -1.354428e-01  1.000000e+00
-3.903402e-02 -5.404635e-02 -1.165294e-01  1.000000e+00
-5.039691e-02 -9.166034e-02 -3.871258e-02  1.000000e+00
-5.682750e-02 -1.145504e-01  2.490737e-02  1.000000e+00
-5.792668e-02 -1.186552e-01  3.813480e-02  1.000000e+00
-5.896128e-02 -1.225915e-01  5.147472e-02  1.000000e+00
-6.167110e-02 -1.333523e-01  9.193338e-02  1.000000e+00
-6.244154e-02 -1.365794e-01  1.054882e-01  1.000000e+00
-6.378180e-02 -1.424792e-01  1.325636e-01  1.000000e+00
-6.435161e-02 -1.451484e-01  1.460399e-01  1.000000e+00
-3.824826e-02 -6.278650e-02 -1.108705e-01  1.000000e+00
-4.169310e-02 -7.388395e-02 -9.005439e-02  1.000000e+00
-4.797314e-02 -9.467479e-02 -4.441485e-02  1.000000e+00
-5.209380e-02 -1.088296e-01 -7.371689e-03  1.000000e+00
-5.334722e-02 -1.132425e-01  5.389600e-03  1.000000e+00
-5.866505e-02 -1.328024e-01  7.123936e-02  1.000000e+00
-5.953353e-02 -1.361865e-01  8.465338e-02  1.000000e+00
-3.567576e-02 -6.580860e-02 -1.150257e-01  1.000000e+00
-4.083184e-02 -8.227920e-02 -8.395388e-02  1.000000e+00
-4.245204e-02 -8.753647e-02 -7.290223e-02  1.000000e+00
-4.839068e-02 -1.072198e-01 -2.579801e-02  1.000000e+00
-4.973180e-02 -1.117736e-01 -1.341007e-02  1.000000e+00
-5.737787e-02 -1.389806e-01  7.755728e-02  1.000000e+00
-3.309095e-02 -6.880718e-02 -1.189210e-01  1.000000e+00
-3.487622e-02 -7.440328e-02 -1.091692e-01  1.000000e+00
-3.661598e-02 -7.989095e-02 -9.903745e-02  1.000000e+00
-4.866297e-02 -1.190601e-01 -6.817968e-03  1.000000e+00
-5.607159e-02 -1.448786e-01  8.384964e-02  1.000000e+00
-3.577308e-02 -8.821609e-02 -9.288511e-02  1.000000e+00
-4.357071e-02 -1.130333e-01 -3.682317e-02  1.000000e+00
-4.496461e-02 -1.175529e-01 -2.481288e-02  1.000000e+00
-4.757519e-02 -1.261046e-01 -1.752124e-04  1.000000e+00
-5.474873e-02 -1.504855e-01  9.010939e-02  1.000000e+00
-5.551585e-02 -1.532231e-01  1.032162e-01  1.000000e+00
-3.322876e-02 -9.113663e-02 -9.696902e-02  1.000000e+00
-3.491476e-02 -9.636465e-02 -8.658993e-02  1.000000e+00
-3.966703e-02 -1.112246e-01 -5.355538e-02  1.000000e+00
-4.392523e-02 -1.247218e-01 -1.813276e-02  1.000000e+00
-4.647064e-02 -1.328928e-01  6.508782e-03  1.000000e+00
-4.765190e-02 -1.367168e-01  1.906865e-02  1.000000e+00
-2.340208e-02 -7.195345e-02 -1.376243e-01  1.000000e+00
-2.712453e-02 -8.321439e-02 -1.200001e-01  1.000000e+00
-3.067721e-02 -9.402197e-02 -1.007944e-01  1.000000e+00
-3.404286e-02 -1.043185e-01 -8.016251e-02  1.000000e+00
-4.015260e-02 -1.231712e-01 -3.528792e-02  1.000000e+00
-4.287110e-02 -1.316369e-01 -1.139589e-02  1.000000e+00
-4.535152e-02 -1.394111e-01  1.322497e-02  1.000000e+00
-4.649992e-02 -1.430291e-01  2.575151e-02  1.000000e+00
-4.758601e-02 -1.464632e-01  3.839161e-02  1.000000e+00
-5.206321e-02 -1.607890e-01  1.025053e-01  1.000000e+00
-3.152874e-02 -1.071372e-01 -8.419003e-02  1.000000e+00
-3.315921e-02 -1.120603e-01 -7.361329e-02  1.000000e+00
-3.626377e-02 -1.214544e-01 -5.158039e-02  1.000000e+00
-3.914918e-02 -1.302088e-01 -2.852033e-02  1.000000e+00
-4.050614e-02 -1.343336e-01 -1.666076e-02  1.000000e+00
-4.304257e-02 -1.420565e-01  7.604492e-03  1.000000e+00
-4.533579e-02 -1.490525e-01  3.244629e-02  1.000000e+00
-4.638921e-02 -1.522702e-01  4.502663e-02  1.000000e+00
-4.917028e-02 -1.607736e-01  8.313604e-02  1.000000e+00
-4.996985e-02 -1.632196e-01  9.588851e-02  1.000000e+00
-3.066347e-02 -1.148184e-01 -7.760964e-02  1.000000e+00
-3.531120e-02 -1.286098e-01 -4.480431e-02  1.000000e+00
-3.675155e-02 -1.328810e-01 -3.335693e-02  1.000000e+00
-4.416171e-02 -1.547763e-01  3.914511e-02  1.000000e+00
-4.786798e-02 -1.655942e-01  8.946809e-02  1.000000e+00
-1.743999e-02 -8.616606e-02 -1.366889e-01  1.000000e+00
-2.299959e-02 -1.024430e-01 -1.106943e-01  1.000000e+00
-2.649068e-02 -1.126446e-01 -9.147089e-02  1.000000e+00
-2.816541e-02 -1.175304e-01 -8.134948e-02  1.000000e+00
-2.979040e-02 -1.222647e-01 -7.091556e-02  1.000000e+00
-3.288431e-02 -1.312561e-01 -4.919470e-02  1.000000e+00
-3.575984e-02 -1.395771e-01 -2.648093e-02  1.000000e+00
-1.482732e-02 -8.893133e-02 -1.386984e-01  1.000000e+00
-2.043954e-02 -1.051639e-01 -1.134622e-01  1.000000e+00
-2.731442e-02 -1.249067e-01 -7.462298e-02  1.000000e+00
-2.891126e-02 -1.294607e-01 -6.411775e-02  1.000000e+00
-3.045586e-02 -1.338507e-01 -5.333606e-02  1.000000e+00
-3.476139e-02 -1.459893e-01 -1.954883e-02  1.000000e+00
-3.608281e-02 -1.496776e-01 -7.879024e-03  1.000000e+00
-3.734551e-02 -1.531807e-01  3.957469e-03  1.000000e+00
-3.854855e-02 -1.564957e-01  1.593836e-02  1.000000e+00
-1.414486e-02 -9.717200e-02 -1.326883e-01  1.000000e+00
-2.317022e-02 -1.228074e-01 -8.805099e-02  1.000000e+00
-3.100430e-02 -1.446062e-01 -3.533373e-02  1.000000e+00
-3.745159e-02 -1.619532e-01  2.282660e-02  1.000000e+00
-4.060136e-02 -1.700572e-01  5.919313e-02  1.000000e+00
-4.319505e-02 -1.763791e-01  9.594565e-02  1.000000e+00
-1.155854e-02 -9.983353e-02 -1.344085e-01  1.000000e+00
-1.533038e-02 -1.104632e-01 -1.181913e-01  1.000000e+00
-2.236804e-02 -1.300337e-01 -8.126274e-02  1.000000e+00
-2.560200e-02 -1.388766e-01 -6.086211e-02  1.000000e+00
-3.143397e-02 -1.544748e-01 -1.701958e-02  1.000000e+00
-3.275172e-02 -1.579158e-01 -5.551332e-03  1.000000e+00
-3.401121e-02 -1.611668e-01  6.076172e-03  1.000000e+00
-3.940883e-02 -1.744955e-01  6.583748e-02  1.000000e+00
-7.023762e-03 -9.696206e-02 -1.430760e-01  1.000000e+00
-1.278531e-02 -1.130372e-01 -1.201508e-01  1.000000e+00
-1.643142e-02 -1.230770e-01 -1.028803e-01  1.000000e+00
-1.818947e-02 -1.278740e-01 -9.370366e-02  1.000000e+00
-2.156577e-02 -1.369928e-01 -7.436473e-02  1.000000e+00
-2.771113e-02 -1.531858e-01 -3.231737e-02  1.000000e+00
-3.174415e-02 -1.634093e-01  1.497388e-03  1.000000e+00
-6.411891e-03 -1.050091e-01 -1.370273e-01  1.000000e+00
-8.348803e-03 -1.103497e-01 -1.296402e-01  1.000000e+00
-1.570942e-02 -1.303232e-01 -9.613367e-02  1.000000e+00
-1.912785e-02 -1.393886e-01 -7.726292e-02  1.000000e+00
-2.076492e-02 -1.436712e-01 -6.736646e-02  1.000000e+00
-2.235165e-02 -1.477806e-01 -5.718984e-02  1.000000e+00
-2.388650e-02 -1.517124e-01 -4.675394e-02  1.000000e+00
-2.948052e-02 -1.655872e-01 -2.843050e-03  1.000000e+00
-3.612976e-02 -1.805591e-01  6.715742e-02  1.000000e+00
 1.449300e-04 -9.650902e-02 -1.508620e-01  1.000000e+00
-3.855603e-03 -1.075190e-01 -1.379264e-01  1.000000e+00
-7.724190e-03 -1.180239e-01 -1.232579e-01  1.000000e+00
-1.323882e-02 -1.327138e-01 -9.829851e-02  1.000000e+00
-1.835741e-02 -1.459770e-01 -7.023187e-02  1.000000e+00
-1.996696e-02 -1.500561e-01 -6.027724e-02  1.000000e+00
-2.448376e-02 -1.612066e-01 -2.890425e-02  1.000000e+00
-2.588098e-02 -1.645489e-01 -1.801395e-02  1.000000e+00
-3.305684e-02 -1.804940e-01  5.037385e-02  1.000000e+00
 6.851667e-04 -1.045503e-01 -1.449789e-01  1.000000e+00
-7.107571e-03 -1.254529e-01 -1.167175e-01  1.000000e+00
-8.964128e-03 -1.303254e-01 -1.086423e-01  1.000000e+00
-1.077961e-02 -1.350439e-01 -1.001979e-01  1.000000e+00
-1.255197e-02 -1.396026e-01 -9.140292e-02  1.000000e+00
-2.360318e-02 -1.666276e-01 -2.167941e-02  1.000000e+00
-2.497061e-02 -1.697429e-01 -1.080028e-02  1.000000e+00
 7.329736e-03 -9.581290e-02 -1.560090e-01  1.000000e+00
-7.676043e-04 -1.176455e-01 -1.323078e-01  1.000000e+00
-2.714857e-03 -1.227821e-01 -1.252839e-01  1.000000e+00
-6.500099e-03 -1.326214e-01 -1.100286e-01  1.000000e+00
-1.357376e-02 -1.503962e-01 -7.518475e-02  1.000000e+00
-2.272780e-02 -1.717172e-01 -1.441352e-02  1.000000e+00
-2.406541e-02 -1.746012e-01 -3.555887e-03  1.000000e+00
-2.773597e-02 -1.820607e-01  2.984618e-02  1.000000e+00
-2.344434e-04 -1.250710e-01 -1.258933e-01  1.000000e+00
-2.161564e-03 -1.300377e-01 -1.187184e-01  1.000000e+00
-5.902874e-03 -1.395152e-01 -1.032005e-01  1.000000e+00
-1.287622e-02 -1.564896e-01 -6.799648e-02  1.000000e+00
-2.316680e-02 -1.791175e-01  3.711660e-03  1.000000e+00
-2.441793e-02 -1.815672e-01  1.467611e-02  1.000000e+00
 1.662338e-02 -8.907456e-02 -1.622125e-01  1.000000e+00
 1.449904e-02 -9.487524e-02 -1.584997e-01  1.000000e+00
 6.209885e-03 -1.169940e-01 -1.388072e-01  1.000000e+00
 4.202972e-03 -1.222146e-01 -1.327366e-01  1.000000e+00
 2.851873e-04 -1.322354e-01 -1.193183e-01  1.000000e+00
-8.844125e-03 -1.545479e-01 -7.909810e-02  1.000000e+00
-1.683162e-02 -1.724441e-01 -3.118917e-02  1.000000e+00
-1.827498e-02 -1.754515e-01 -2.090270e-02  1.000000e+00
-2.099816e-02 -1.808743e-01  2.101911e-04  1.000000e+00
-2.227618e-02 -1.832864e-01  1.099509e-02  1.000000e+00
 2.128092e-02 -8.554306e-02 -1.633382e-01  1.000000e+00
 1.700435e-02 -9.719380e-02 -1.569671e-01  1.000000e+00
-4.743269e-03 -1.524260e-01 -8.916387e-02  1.000000e+00
-6.504045e-03 -1.565193e-01 -8.066529e-02  1.000000e+00
-8.219826e-03 -1.604347e-01 -7.185319e-02  1.000000e+00
-9.888912e-03 -1.641678e-01 -6.274688e-02  1.000000e+00
 1.948379e-02 -9.945413e-02 -1.551719e-01  1.000000e+00
-5.816880e-04 -1.501274e-01 -9.815627e-02  1.000000e+00
-4.182791e-03 -1.584193e-01 -8.197362e-02  1.000000e+00
-7.607639e-03 -1.659970e-01 -6.451738e-02  1.000000e+00
-1.238575e-02 -1.759575e-01 -3.628245e-02  1.000000e+00
 2.193552e-02 -1.016546e-01 -1.531175e-01  1.000000e+00
 9.481856e-03 -1.335847e-01 -1.256725e-01  1.000000e+00
-8.460861e-05 -1.562229e-01 -9.104413e-02  1.000000e+00
-7.008480e-03 -1.712261e-01 -5.709938e-02  1.000000e+00
 9.319914e-02  1.367230e-01  2.152460e-01  1.000000e+00
 9.316522e-02  1.347326e-01  2.025647e-01  1.000000e+00
 9.288546e-02  1.302130e-01  1.769497e-01  1.000000e+00
 2.650611e-02 -9.808977e-02 -1.534308e-01  1.000000e+00
 2.435772e-02 -1.037936e-01 -1.508077e-01  1.000000e+00
 2.010478e-02 -1.148781e-01 -1.440746e-01  1.000000e+00
 1.592868e-02 -1.254811e-01 -1.354278e-01  1.000000e+00
 1.387609e-02 -1.305838e-01 -1.304161e-01  1.000000e+00
 9.854511e-03 -1.403580e-01 -1.190826e-01  1.000000e+00
 2.211314e-03 -1.580119e-01 -9.159724e-02  1.000000e+00
 3.964230e-04 -1.619994e-01 -8.381795e-02  1.000000e+00
-1.246602e-02 -1.871437e-01 -1.137096e-02  1.000000e+00
 9.367975e-02  1.199965e-01  1.482133e-01  1.000000e+00
 9.324485e-02  1.169023e-01  1.352737e-01  1.000000e+00
 8.607453e-04 -1.674475e-01 -7.648656e-02  1.000000e+00
-7.411333e-03 -1.834742e-01 -3.279843e-02  1.000000e+00
 9.630014e-02  1.328879e-01  2.352371e-01  1.000000e+00
 3.994861e-02 -7.873673e-02 -1.507388e-01  1.000000e+00
 2.910654e-02 -1.078814e-01 -1.454382e-01  1.000000e+00
 2.271606e-02 -1.241495e-01 -1.362190e-01  1.000000e+00
 1.855012e-02 -1.343599e-01 -1.277073e-01  1.000000e+00
 4.880222e-03 -1.652780e-01 -8.464251e-02  1.000000e+00
-6.827625e-03 -1.874261e-01 -2.517241e-02  1.000000e+00
-8.307105e-03 -1.898084e-01 -1.570360e-02  1.000000e+00
 9.766158e-02  1.328606e-01  2.577307e-01  1.000000e+00
 9.778848e-02  1.309569e-01  2.452714e-01  1.000000e+00
 5.089809e-02 -5.637384e-02 -1.401464e-01  1.000000e+00
 4.227808e-02 -8.082414e-02 -1.463694e-01  1.000000e+00
 2.292097e-02 -1.311387e-01 -1.301999e-01  1.000000e+00
 2.084057e-02 -1.361411e-01 -1.259770e-01  1.000000e+00
 1.878413e-02 -1.409997e-01 -1.213069e-01  1.000000e+00
 1.475302e-02 -1.502606e-01 -1.106777e-01  1.000000e+00
-1.605797e-03 -1.833938e-01 -4.465615e-02  1.000000e+00
 9.885200e-02  1.327084e-01  2.799863e-01  1.000000e+00
 9.928051e-02  1.221648e-01  2.173136e-01  1.000000e+00
 9.915235e-02  1.195267e-01  2.044542e-01  1.000000e+00
 9.832883e-02  1.105564e-01  1.655902e-01  1.000000e+00
 9.741110e-02  1.037079e-01  1.396568e-01  1.000000e+00
 9.548161e-02  9.217171e-02  1.011602e-01  1.000000e+00
 9.469225e-02  8.800058e-02  8.852500e-02  1.000000e+00
 9.383071e-02  8.367228e-02  7.602555e-02  1.000000e+00
 6.744888e-02 -1.498449e-02 -1.020074e-01  1.000000e+00
 6.549946e-02 -2.118139e-02 -1.081535e-01  1.000000e+00
 4.456840e-02 -8.285151e-02 -1.417748e-01  1.000000e+00
 3.804948e-02 -1.004350e-01 -1.417086e-01  1.000000e+00
 3.587982e-02 -1.061212e-01 -1.406565e-01  1.000000e+00
 2.518623e-02 -1.328829e-01 -1.279631e-01  1.000000e+00
 1.698023e-02 -1.518589e-01 -1.094733e-01  1.000000e+00
 1.499831e-02 -1.562118e-01 -1.037952e-01  1.000000e+00
 1.113404e-02 -1.644103e-01 -9.127426e-02  1.000000e+00
 9.255900e-03 -1.682465e-01 -8.446339e-02  1.000000e+00
 3.860701e-03 -1.786542e-01 -6.203205e-02  1.000000e+00
 1.007961e-01  1.226292e-01  2.402237e-01  1.000000e+00
 7.517768e-02  1.147549e-03 -7.277058e-02  1.000000e+00
 6.960974e-02 -1.719031e-02 -9.461791e-02  1.000000e+00
 6.570104e-02 -2.957384e-02 -1.068498e-01  1.000000e+00
 5.540345e-02 -6.057105e-02 -1.287357e-01  1.000000e+00
 3.813106e-02 -1.079651e-01 -1.368742e-01  1.000000e+00
 2.741611e-02 -1.345542e-01 -1.254860e-01  1.000000e+00
 2.532035e-02 -1.394845e-01 -1.217835e-01  1.000000e+00
 7.729954e-03 -1.766583e-01 -6.983858e-02  1.000000e+00
 1.011432e-01  1.305663e-01  3.118043e-01  1.000000e+00
 1.019919e-01  1.251256e-01  2.754209e-01  1.000000e+00
 1.019974e-01  1.125749e-01  2.119427e-01  1.000000e+00
 1.017799e-01  1.095415e-01  1.989956e-01  1.000000e+00
 1.014884e-01  1.063356e-01  1.860129e-01  1.000000e+00
 1.001676e-01  9.569923e-02  1.470663e-01  1.000000e+00
 9.817951e-02  8.358516e-02  1.085846e-01  1.000000e+00
 9.648845e-02  7.473111e-02  8.348517e-02  1.000000e+00
 8.695818e-02  3.389251e-02 -8.677975e-03  1.000000e+00
 8.547832e-02  2.827295e-02 -1.892834e-02  1.000000e+00
 7.172354e-02 -1.935126e-02 -8.706148e-02  1.000000e+00
 6.784046e-02 -3.169966e-02 -9.971016e-02  1.000000e+00
 6.584674e-02 -3.789295e-02 -1.053126e-01  1.000000e+00
 5.969091e-02 -5.644237e-02 -1.191363e-01  1.000000e+00
 5.547068e-02 -6.869384e-02 -1.258078e-01  1.000000e+00
 5.333456e-02 -7.475837e-02 -1.283689e-01  1.000000e+00
 4.468659e-02 -9.840424e-02 -1.334269e-01  1.000000e+00
 4.034229e-02 -1.097409e-01 -1.328668e-01  1.000000e+00
 3.601578e-02 -1.206665e-01 -1.302915e-01  1.000000e+00
 3.386636e-02 -1.259560e-01 -1.282645e-01  1.000000e+00
 2.542511e-02 -1.457916e-01 -1.154325e-01  1.000000e+00
 2.133489e-02 -1.548250e-01 -1.063347e-01  1.000000e+00
 1.541713e-02 -1.671410e-01 -8.962727e-02  1.000000e+00
 1.164252e-02 -1.744730e-01 -7.662306e-02  1.000000e+00
 8.022758e-03 -1.810654e-01 -6.227814e-02  1.000000e+00
 1.032596e-01  1.074566e-01  2.092355e-01  1.000000e+00
 1.029958e-01  1.042324e-01  1.962597e-01  1.000000e+00
 1.022447e-01  9.727603e-02  1.702626e-01  1.000000e+00
 1.005589e-01  8.560576e-02  1.314805e-01  1.000000e+00
 9.521276e-02  5.814678e-02  5.688080e-02  1.000000e+00
 9.407499e-02  5.308767e-02  4.508904e-02  1.000000e+00
 8.268176e-02  8.705284e-03 -3.890923e-02  1.000000e+00
 7.926581e-02 -3.217273e-03 -5.635735e-02  1.000000e+00
 7.378883e-02 -2.146599e-02 -7.934623e-02  1.000000e+00
 6.389329e-02 -5.228161e-02 -1.083760e-01  1.000000e+00
 6.182413e-02 -5.842554e-02 -1.127072e-01  1.000000e+00
 5.334456e-02 -8.264098e-02 -1.249318e-01  1.000000e+00
 4.685527e-02 -1.001793e-01 -1.286930e-01  1.000000e+00
 4.468339e-02 -1.058613e-01 -1.289205e-01  1.000000e+00
 2.965522e-02 -1.425289e-01 -1.166411e-01  1.000000e+00
 2.756666e-02 -1.472370e-01 -1.130001e-01  1.000000e+00
 2.345943e-02 -1.561912e-01 -1.044081e-01  1.000000e+00
 1.005830e-02 -1.821481e-01 -6.204025e-02  1.000000e+00
 1.048520e-01  1.084480e-01  2.323938e-01  1.000000e+00
 1.046900e-01  1.053770e-01  2.194816e-01  1.000000e+00
 1.037570e-01  9.514897e-02  1.805204e-01  1.000000e+00
 1.021510e-01  8.344288e-02  1.416758e-01  1.000000e+00
 1.014669e-01  7.922558e-02  1.288563e-01  1.000000e+00
 9.897496e-02  6.568000e-02  9.109453e-02  1.000000e+00
 9.695537e-02  5.594994e-02  6.672154e-02  1.000000e+00
 9.341033e-02  4.041049e-02  3.179640e-02  1.000000e+00
 8.461541e-02  6.558141e-03 -3.016644e-02  1.000000e+00
 7.000469e-02 -4.195024e-02 -9.095431e-02  1.000000e+00
 6.596947e-02 -5.423421e-02 -1.015445e-01  1.000000e+00
 5.330720e-02 -9.033583e-02 -1.212673e-01  1.000000e+00
 5.114673e-02 -9.615151e-02 -1.227655e-01  1.000000e+00
 4.463888e-02 -1.130844e-01 -1.242003e-01  1.000000e+00
 3.600884e-02 -1.341675e-01 -1.191306e-01  1.000000e+00
 3.387860e-02 -1.391222e-01 -1.166600e-01  1.000000e+00
 2.759636e-02 -1.531208e-01 -1.065084e-01  1.000000e+00
 2.554691e-02 -1.574784e-01 -1.022489e-01  1.000000e+00
 2.352383e-02 -1.616725e-01 -9.757240e-02  1.000000e+00
 1.956589e-02 -1.695506e-01 -8.702364e-02  1.000000e+00
 1.057828e-01  1.192640e-01  3.054514e-01  1.000000e+00
 1.062658e-01  1.093093e-01  2.554191e-01  1.000000e+00
 1.055770e-01  9.662247e-02  2.037928e-01  1.000000e+00
 1.052180e-01  9.303261e-02  1.907907e-01  1.000000e+00
 1.036911e-01  8.129515e-02  1.518999e-01  1.000000e+00
 1.030328e-01  7.707017e-02  1.390482e-01  1.000000e+00
 1.023005e-01  7.269489e-02  1.262893e-01  1.000000e+00
 1.006164e-01  6.351017e-02  1.011390e-01  1.000000e+00
 9.966617e-02  5.870996e-02  8.879155e-02  1.000000e+00
 9.387739e-02  3.284436e-02  3.019419e-02  1.000000e+00
 9.252176e-02  2.734067e-02  1.924825e-02  1.000000e+00
 8.315129e-02 -7.412735e-03 -3.940548e-02  1.000000e+00
 7.588702e-02 -3.165588e-02 -7.061992e-02  1.000000e+00
 7.001812e-02 -5.002039e-02 -8.928228e-02  1.000000e+00
 6.594639e-02 -6.221881e-02 -9.931764e-02  1.000000e+00
 6.387138e-02 -6.827815e-02 -1.035925e-01  1.000000e+00
 5.752505e-02 -8.619127e-02 -1.133913e-01  1.000000e+00
 5.537905e-02 -9.204513e-02 -1.156407e-01  1.000000e+00
 3.595237e-02 -1.404934e-01 -1.132696e-01  1.000000e+00
 3.383377e-02 -1.452676e-01 -1.105873e-01  1.000000e+00
 2.965308e-02 -1.543697e-01 -1.038719e-01  1.000000e+00
 2.556437e-02 -1.628387e-01 -9.543255e-02  1.000000e+00
 2.356047e-02 -1.668227e-01 -9.059816e-02  1.000000e+00
 2.158653e-02 -1.706335e-01 -8.537241e-02  1.000000e+00
 1.046547e-01  1.260335e-01  3.734501e-01  1.000000e+00
 1.052456e-01  1.246228e-01  3.623009e-01  1.000000e+00
 1.073896e-01  1.126343e-01  2.907802e-01  1.000000e+00
 1.062192e-01  8.716488e-02  1.880648e-01  1.000000e+00
 1.057363e-01  8.324241e-02  1.750838e-01  1.000000e+00
 1.051783e-01  7.916390e-02  1.621431e-01  1.000000e+00
 1.022041e-01  6.136313e-02  1.112252e-01  1.000000e+00
 1.002810e-01  5.163189e-02  8.658199e-02  1.000000e+00
 9.921374e-02  4.657620e-02  7.454063e-02  1.000000e+00
 9.560410e-02  3.071881e-02  3.979128e-02  1.000000e+00
 9.426988e-02  2.522407e-02  2.873463e-02  1.000000e+00
 8.150464e-02 -2.146170e-02 -4.755868e-02  1.000000e+00
 7.781340e-02 -3.360097e-02 -6.266265e-02  1.000000e+00
 6.377842e-02 -7.604407e-02 -1.008608e-01  1.000000e+00
 6.166953e-02 -8.198489e-02 -1.043547e-01  1.000000e+00
 5.954342e-02 -8.786897e-02 -1.073443e-01  1.000000e+00
 5.525145e-02 -9.943295e-02 -1.118045e-01  1.000000e+00
 4.442729e-02 -1.267702e-01 -1.141431e-01  1.000000e+00
 3.798374e-02 -1.417878e-01 -1.096638e-01  1.000000e+00
 3.586109e-02 -1.465206e-01 -1.072312e-01  1.000000e+00
 2.960545e-02 -1.598136e-01 -9.725078e-02  1.000000e+00
 2.161722e-02 -1.752257e-01 -7.813074e-02  1.000000e+00
 1.781414e-02 -1.818609e-01 -6.632757e-02  1.000000e+00
 1.080694e-01  1.153561e-01  3.252874e-01  1.000000e+00
 1.079829e-01  8.883716e-02  2.113312e-01  1.000000e+00
 1.076012e-01  8.506490e-02  1.983354e-01  1.000000e+00
 9.165222e-02  6.169635e-03  6.613442e-03  1.000000e+00
 8.334732e-02 -2.340331e-02 -3.911863e-02  1.000000e+00
 7.586236e-02 -4.763116e-02 -6.825465e-02  1.000000e+00
 7.389582e-02 -5.369609e-02 -7.440254e-02  1.000000e+00
 6.573210e-02 -7.772567e-02 -9.419025e-02  1.000000e+00
 6.151220e-02 -8.948057e-02 -1.011223e-01  1.000000e+00
 5.937802e-02 -9.526302e-02 -1.038356e-01  1.000000e+00
 5.507598e-02 -1.065962e-01 -1.077524e-01  1.000000e+00
 5.291402e-02 -1.121306e-01 -1.089572e-01  1.000000e+00
 5.074867e-02 -1.175664e-01 -1.096622e-01  1.000000e+00
 4.641939e-02 -1.281115e-01 -1.095881e-01  1.000000e+00
 3.573550e-02 -1.522387e-01 -1.010231e-01  1.000000e+00
 3.364419e-02 -1.566290e-01 -9.793890e-02  1.000000e+00
 2.952738e-02 -1.649284e-01 -9.048258e-02  1.000000e+00
 2.355175e-02 -1.761019e-01 -7.626730e-02  1.000000e+00
 1.078046e-01  1.192722e-01  3.701292e-01  1.000000e+00
 1.083166e-01  1.174837e-01  3.586833e-01  1.000000e+00
 1.095657e-01  9.038121e-02  2.345508e-01  1.000000e+00
 1.092851e-01  8.676056e-02  2.215830e-01  1.000000e+00
 1.089289e-01  8.298089e-02  2.085959e-01  1.000000e+00
 1.079902e-01  7.495585e-02  1.826502e-01  1.000000e+00
 1.043368e-01  5.234641e-02  1.189745e-01  1.000000e+00
 9.181491e-02 -1.616837e-03  5.863928e-03  1.000000e+00
 8.857806e-02 -1.336724e-02 -1.312002e-02  1.000000e+00
 8.334220e-02 -3.130397e-02 -3.867876e-02  1.000000e+00
 7.962650e-02 -4.337161e-02 -5.361191e-02  1.000000e+00
 7.175008e-02 -6.746072e-02 -7.802034e-02  1.000000e+00
 6.130272e-02 -9.677005e-02 -9.767159e-02  1.000000e+00
 5.916210e-02 -1.024395e-01 -1.001106e-01  1.000000e+00
 5.701130e-02 -1.080255e-01 -1.020495e-01  1.000000e+00
 5.052707e-02 -1.242036e-01 -1.048799e-01  1.000000e+00
 4.191437e-02 -1.441436e-01 -1.018288e-01  1.000000e+00
 3.978565e-02 -1.487913e-01 -9.988808e-02  1.000000e+00
 3.350050e-02 -1.618267e-01 -9.137866e-02  1.000000e+00
 1.092850e-01  1.155759e-01  3.682803e-01  1.000000e+00
 1.110584e-01  1.012204e-01  2.958525e-01  1.000000e+00
 1.109677e-01  9.179571e-02  2.576543e-01  1.000000e+00
 1.107878e-01  8.832771e-02  2.447565e-01  1.000000e+00
 1.097953e-01  7.697359e-02  2.058583e-01  1.000000e+00
 1.066356e-01  5.507117e-02  1.416415e-01  1.000000e+00
 1.057816e-01  5.027979e-02  1.290870e-01  1.000000e+00
 1.048553e-01  4.536270e-02  1.166799e-01  1.000000e+00
 1.027902e-01  3.517357e-02  9.239338e-02  1.000000e+00
 1.016537e-01  2.991334e-02  8.055636e-02  1.000000e+00
 1.004498e-01  2.455105e-02  6.895117e-02  1.000000e+00
 9.917991e-02  1.909329e-02  5.759798e-02  1.000000e+00
 9.190277e-02 -9.379018e-03  5.282688e-03  1.000000e+00
 8.686676e-02 -2.713468e-02 -2.191393e-02  1.000000e+00
 7.558505e-02 -6.312457e-02 -6.503432e-02  1.000000e+00
 6.948315e-02 -8.089573e-02 -8.038184e-02  1.000000e+00
 6.739970e-02 -8.672883e-02 -8.452839e-02  1.000000e+00
 6.104174e-02 -1.038380e-01 -9.400659e-02  1.000000e+00
 5.458395e-02 -1.201906e-01 -9.901993e-02  1.000000e+00
 5.026213e-02 -1.305682e-01 -9.989983e-02  1.000000e+00
 4.381132e-02 -1.452042e-01 -9.761137e-02  1.000000e+00
 3.538383e-02 -1.627116e-01 -8.812775e-02  1.000000e+00
 1.102035e-01  1.136710e-01  3.777961e-01  1.000000e+00
 1.121254e-01  9.922022e-02  3.058395e-01  1.000000e+00
 1.121099e-01  8.976501e-02  2.677874e-01  1.000000e+00
 1.119551e-01  8.628961e-02  2.549237e-01  1.000000e+00
 1.117249e-01  8.265561e-02  2.420043e-01  1.000000e+00
 1.087562e-01  5.768332e-02  1.645108e-01  1.000000e+00
 1.071690e-01  4.824234e-02  1.392100e-01  1.000000e+00
 1.042466e-01  3.316431e-02  1.023546e-01  1.000000e+00
 1.007020e-01  1.712636e-02  6.732316e-02  1.000000e+00
 9.938880e-02  1.159720e-02  5.614671e-02  1.000000e+00
 9.801259e-02  5.988078e-03  4.525317e-02  1.000000e+00
 9.025383e-02 -2.299402e-02 -4.339647e-03  1.000000e+00
 8.497510e-02 -4.084628e-02 -2.961091e-02  1.000000e+00
 8.123654e-02 -5.280220e-02 -4.435718e-02  1.000000e+00
 7.734707e-02 -6.472186e-02 -5.731798e-02  1.000000e+00
 6.286950e-02 -1.051658e-01 -8.774098e-02  1.000000e+00
 5.858151e-02 -1.160810e-01 -9.202862e-02  1.000000e+00
 5.642685e-02 -1.213919e-01 -9.343402e-02  1.000000e+00
 5.426892e-02 -1.265949e-01 -9.434992e-02  1.000000e+00
 4.352918e-02 -1.507456e-01 -9.174191e-02  1.000000e+00
 1.104869e-01  1.136181e-01  3.983711e-01  1.000000e+00
 1.131387e-01  9.723111e-02  3.157607e-01  1.000000e+00
 1.132520e-01  9.107156e-02  2.906094e-01  1.000000e+00
 1.131970e-01  8.774945e-02  2.778684e-01  1.000000e+00
 1.128612e-01  8.062954e-02  2.521559e-01  1.000000e+00
 1.125799e-01  7.683637e-02  2.392258e-01  1.000000e+00
 1.117897e-01  6.879778e-02  2.133238e-01  1.000000e+00
 1.112811e-01  6.455905e-02  2.003949e-01  1.000000e+00
 1.093050e-01  5.101243e-02  1.619574e-01  1.000000e+00
 1.084981e-01  4.623514e-02  1.493340e-01  1.000000e+00
 1.008731e-01  9.689125e-03  6.581966e-02  1.000000e+00
 9.810009e-02 -1.559525e-03  4.413232e-02  1.000000e+00
 9.662294e-02 -7.283086e-03  3.374731e-02  1.000000e+00
 9.015842e-02 -3.065755e-02 -4.334842e-03  1.000000e+00
 8.479063e-02 -4.846491e-02 -2.883962e-02  1.000000e+00
 7.905301e-02 -6.625717e-02 -4.948269e-02  1.000000e+00
 4.960568e-02 -1.424334e-01 -8.937035e-02  1.000000e+00
 4.321010e-02 -1.559698e-01 -8.570458e-02  1.000000e+00
 1.118891e-01  1.098740e-01  3.965528e-01  1.000000e+00
 1.139068e-01  9.809932e-02  3.379082e-01  1.000000e+00
 1.142155e-01  9.224680e-02  3.131583e-01  1.000000e+00
 1.142592e-01  8.907827e-02  3.005787e-01  1.000000e+00
 1.139411e-01  7.862252e-02  2.622564e-01  1.000000e+00
 1.136839e-01  7.482777e-02  2.493554e-01  1.000000e+00
 1.133508e-01  7.088275e-02  2.364258e-01  1.000000e+00
 1.047747e-01  1.871932e-02  9.847029e-02  1.000000e+00
 1.022980e-01  7.823615e-03  7.552628e-02  1.000000e+00
 9.956561e-02 -3.379566e-03  5.364923e-02  1.000000e+00
 9.810808e-02 -9.078177e-03  4.315757e-02  1.000000e+00
 9.339431e-02 -2.646966e-02  1.367953e-02  1.000000e+00
 8.998958e-02 -3.823031e-02 -4.148549e-03  1.000000e+00
 8.639728e-02 -5.004709e-02 -2.038351e-02  1.000000e+00
 7.873248e-02 -7.357891e-02 -4.769406e-02  1.000000e+00
 6.210279e-02 -1.183489e-01 -7.991630e-02  1.000000e+00
 5.350550e-02 -1.385578e-01 -8.442974e-02  1.000000e+00
 4.921617e-02 -1.479135e-01 -8.383345e-02  1.000000e+00
 4.708344e-02 -1.523816e-01 -8.284121e-02  1.000000e+00
 4.496221e-02 -1.567020e-01 -8.139607e-02  1.000000e+00
 1.147878e-01  9.614463e-02  3.475976e-01  1.000000e+00
 1.147305e-01  7.284072e-02  2.594302e-01  1.000000e+00
 1.135749e-01  6.057691e-02  2.206981e-01  1.000000e+00
 1.130383e-01  5.620775e-02  2.078148e-01  1.000000e+00
 1.117399e-01  4.707233e-02  1.822186e-01  1.000000e+00
 1.109793e-01  4.231547e-02  1.695492e-01  1.000000e+00
 1.101455e-01  3.743927e-02  1.569944e-01  1.000000e+00
 1.060971e-01  1.685461e-02  1.083471e-01  1.000000e+00
 1.049129e-01  1.146929e-02  9.668261e-02  1.000000e+00
 1.036627e-01  6.001509e-03  8.525750e-02  1.000000e+00
 1.009710e-01 -5.153013e-03  6.320293e-02  1.000000e+00
 9.648327e-02 -2.232071e-02  3.238522e-02  1.000000e+00
 9.321536e-02 -3.396566e-02  1.354822e-02  1.000000e+00
 8.974777e-02 -4.569491e-02 -3.779085e-03  1.000000e+00
 8.610016e-02 -5.744199e-02 -1.948903e-02  1.000000e+00
 8.421527e-02 -6.330120e-02 -2.670787e-02  1.000000e+00
 8.033673e-02 -7.494867e-02 -3.982234e-02  1.000000e+00
 7.834857e-02 -8.072008e-02 -4.570065e-02  1.000000e+00
 7.633155e-02 -8.644542e-02 -5.111650e-02  1.000000e+00
 7.428850e-02 -9.211639e-02 -5.606380e-02  1.000000e+00
 7.013580e-02 -1.032624e-01 -6.453379e-02  1.000000e+00
 6.803192e-02 -1.087214e-01 -6.804965e-02  1.000000e+00
 6.164477e-02 -1.245486e-01 -7.570215e-02  1.000000e+00
 3.833715e-02 -1.728688e-01 -6.770248e-02  1.000000e+00
 1.161064e-01  8.514042e-02  3.202878e-01  1.000000e+00
 1.161225e-01  8.180428e-02  3.077129e-01  1.000000e+00
 1.157193e-01  7.087620e-02  2.694417e-01  1.000000e+00
 1.084538e-01  2.030645e-02  1.301661e-01  1.000000e+00
 1.061958e-01  9.667713e-03  1.065002e-01  1.000000e+00
 1.036726e-01 -1.294429e-03  8.375942e-02  1.000000e+00
 9.942026e-02 -1.821876e-02  5.171747e-02  1.000000e+00
 9.296112e-02 -4.136095e-02  1.359058e-02  1.000000e+00
 7.990735e-02 -8.198293e-02 -3.790589e-02  1.000000e+00
 7.587047e-02 -9.329270e-02 -4.863797e-02  1.000000e+00
 7.381472e-02 -9.885675e-02 -5.330366e-02  1.000000e+00
 5.257179e-02 -1.493248e-01 -7.377488e-02  1.000000e+00
 1.166456e-01  8.940700e-02  3.546222e-01  1.000000e+00
 1.168369e-01  7.272603e-02  2.921656e-01  1.000000e+00
 1.166498e-01  6.893518e-02  2.793814e-01  1.000000e+00
 1.163868e-01  6.499879e-02  2.665467e-01  1.000000e+00
 1.156331e-01  5.670265e-02  2.408096e-01  1.000000e+00
 1.139358e-01  4.325850e-02  2.023537e-01  1.000000e+00
 1.124318e-01  3.368198e-02  1.770668e-01  1.000000e+00
 1.062091e-01  2.490570e-03  1.047578e-01  1.000000e+00
 9.263227e-02 -4.863869e-02  1.380875e-02  1.000000e+00
 8.719298e-02 -6.601150e-02 -1.001486e-02  1.000000e+00
 8.140769e-02 -8.317936e-02 -3.001435e-02  1.000000e+00
 7.739483e-02 -9.440020e-02 -4.110436e-02  1.000000e+00
 7.534999e-02 -9.991879e-02 -4.595666e-02  1.000000e+00
 5.417287e-02 -1.499122e-01 -6.850370e-02  1.000000e+00
 4.781635e-02 -1.624435e-01 -6.621267e-02  1.000000e+00
 1.152722e-01  1.002771e-01  4.218955e-01  1.000000e+00
 1.158333e-01  9.803588e-02  4.107828e-01  1.000000e+00
 1.163262e-01  9.563631e-02  3.994301e-01  1.000000e+00
 1.175927e-01  8.445925e-02  3.519420e-01  1.000000e+00
 1.177752e-01  7.444509e-02  3.146346e-01  1.000000e+00
 1.176863e-01  7.080525e-02  3.019768e-01  1.000000e+00
 1.126439e-01  2.691939e-02  1.745578e-01  1.000000e+00
 1.117324e-01  2.187803e-02  1.621982e-01  1.000000e+00
 1.107500e-01  1.673934e-02  1.499930e-01  1.000000e+00
 1.096978e-01  1.150960e-02  1.379629e-01  1.000000e+00
 1.073899e-01  8.031151e-04  1.145092e-01  1.000000e+00
 1.034420e-01 -1.576997e-02  8.113844e-02  1.000000e+00
 1.020035e-01 -2.140206e-02  7.057228e-02  1.000000e+00
 9.895449e-02 -3.278204e-02  5.038114e-02  1.000000e+00
 9.398340e-02 -5.002254e-02  2.268665e-02  1.000000e+00
 8.479791e-02 -7.866773e-02 -1.564370e-02  1.000000e+00
 7.682748e-02 -1.009108e-01 -3.850457e-02  1.000000e+00
 7.477147e-02 -1.063104e-01 -4.307471e-02  1.000000e+00
 7.060323e-02 -1.168613e-01 -5.081103e-02  1.000000e+00
 5.359595e-02 -1.546985e-01 -6.298171e-02  1.000000e+00
 1.182965e-01  8.255613e-02  3.613827e-01  1.000000e+00
 1.185361e-01  7.603230e-02  3.367867e-01  1.000000e+00
 1.174523e-01  5.294346e-02  2.606612e-01  1.000000e+00
 1.170066e-01  4.861402e-02  2.478456e-01  1.000000e+00
 1.164853e-01  4.415727e-02  2.350491e-01  1.000000e+00
 1.158891e-01  3.957774e-02  2.222933e-01  1.000000e+00
 1.127661e-01  2.013296e-02  1.721017e-01  1.000000e+00
 1.096750e-01  4.525740e-03  1.359213e-01  1.000000e+00
 1.085083e-01 -8.381801e-04  1.242496e-01  1.000000e+00
 9.696281e-02 -4.562859e-02  4.059539e-02  1.000000e+00
 9.527310e-02 -5.134723e-02  3.160904e-02  1.000000e+00
 8.423060e-02 -8.537219e-02 -1.397404e-02  1.000000e+00
 7.620170e-02 -1.071841e-01 -3.570619e-02  1.000000e+00
 7.413639e-02 -1.124549e-01 -3.999453e-02  1.000000e+00
 6.147443e-02 -1.419761e-01 -5.591887e-02  1.000000e+00
 5.509560e-02 -1.550798e-01 -5.762710e-02  1.000000e+00
 1.186930e-01  8.370561e-02  3.826827e-01  1.000000e+00
 1.192256e-01  7.415107e-02  3.462698e-01  1.000000e+00
 1.192096e-01  6.703613e-02  3.213132e-01  1.000000e+00
 1.188922e-01  5.934717e-02  2.959923e-01  1.000000e+00
 1.178478e-01  4.679322e-02  2.576831e-01  1.000000e+00
 1.146061e-01  2.342448e-02  1.943578e-01  1.000000e+00
 1.127982e-01  1.333866e-02  1.697046e-01  1.000000e+00
 1.107101e-01  2.901405e-03  1.456888e-01  1.000000e+00
 1.095642e-01 -2.432781e-03  1.339706e-01  1.000000e+00
 1.043382e-01 -2.437701e-02  8.948186e-02  1.000000e+00
 1.028799e-01 -2.997822e-02  7.904760e-02  1.000000e+00
 1.013649e-01 -3.561027e-02  6.892319e-02  1.000000e+00
 9.817317e-02 -4.693538e-02  4.966803e-02  1.000000e+00
 8.161626e-02 -9.730872e-02 -1.793805e-02  1.000000e+00
 7.960685e-02 -1.026844e-01 -2.331729e-02  1.000000e+00
 6.290693e-02 -1.424284e-01 -4.979962e-02  1.000000e+00
 1.198833e-01  6.518941e-02  3.308230e-01  1.000000e+00
 1.175975e-01  3.603603e-02  2.419700e-01  1.000000e+00
 1.154940e-01  2.173650e-02  2.041759e-01  1.000000e+00
 1.146470e-01  1.676563e-02  1.917703e-01  1.000000e+00
 1.137286e-01  1.170222e-02  1.794958e-01  1.000000e+00
 1.067912e-01 -2.025954e-02  1.097342e-01  1.000000e+00
 1.039724e-01 -3.134842e-02  8.842252e-02  1.000000e+00
 1.024763e-01 -3.694107e-02  7.821178e-02  1.000000e+00
 9.766654e-02 -5.381814e-02  4.955315e-02  1.000000e+00
 9.596373e-02 -5.945035e-02  4.070742e-02  1.000000e+00
 9.421512e-02 -6.507241e-02  3.223789e-02  1.000000e+00
 9.059047e-02 -7.625382e-02  1.647572e-02  1.000000e+00
 1.202646e-01  5.571943e-02  3.151407e-01  1.000000e+00
 1.197289e-01  4.753421e-02  2.898084e-01  1.000000e+00
 1.077816e-01 -2.165293e-02  1.192411e-01  1.000000e+00
 1.123540e-01 -6.931984e-03  1.629321e-01  1.000000e+00
 1.099877e-01 -1.758835e-02  1.398970e-01  1.000000e+00
 1.059679e-01 -3.392504e-02  1.071467e-01  1.000000e+00
 1.045098e-01 -3.943492e-02  9.678191e-02  1.000000e+00
 1.029960e-01 -4.496425e-02  8.672107e-02  1.000000e+00
 9.642766e-02 -6.711976e-02  4.982106e-02  1.000000e+00
 1.215513e-01  5.980952e-02  3.586305e-01  1.000000e+00
 1.209438e-01  4.408904e-02  3.087293e-01  1.000000e+00
 1.184952e-01  2.171063e-02  2.456942e-01  1.000000e+00
 1.177834e-01  1.691684e-02  2.332055e-01  1.000000e+00
 1.142212e-01 -3.134680e-03  1.843359e-01  1.000000e+00
 1.207453e-01  3.384611e-02  2.928673e-01  1.000000e+00
 1.197311e-01  2.482526e-02  2.677121e-01  1.000000e+00
 1.138976e-01 -9.690912e-03  1.819902e-01  1.000000e+00
-1.151573e-01  5.585291e-02  2.708174e-01  2.000000e+00
-1.160539e-01  4.553006e-02  2.920488e-01  2.000000e+00
-1.022927e-01  1.004680e-01  9.656592e-02  2.000000e+00
-1.118090e-01  6.556692e-02  2.081715e-01  2.000000e+00
-1.127137e-01  6.115282e-02  2.229892e-01  2.000000e+00
-1.156438e-01  4.365708e-02  2.831579e-01  2.000000e+00
-1.180111e-01  1.457579e-02  3.881545e-01  2.000000e+00
-1.175211e-01 -4.144447e-03  4.591468e-01  2.000000e+00
-1.146273e-01 -2.350557e-02  5.357646e-01  2.000000e+00
-9.700492e-02  1.119070e-01  5.050434e-02  2.000000e+00
-1.056406e-01  8.615506e-02  1.275325e-01  2.000000e+00
-1.091886e-01  7.282036e-02  1.698432e-01  2.000000e+00
-1.173271e-01  2.046216e-02  3.498733e-01  2.000000e+00
-1.177343e-01  4.572256e-03  4.088058e-01  2.000000e+00
-1.172775e-01 -6.486897e-03  4.511004e-01  2.000000e+00
-1.137830e-01 -2.880251e-02  5.401659e-01  2.000000e+00
-9.452222e-02  1.149622e-01  3.013595e-02  2.000000e+00
-9.615574e-02  1.108000e-01  4.168163e-02  2.000000e+00
-1.007689e-01  9.794833e-02  7.856543e-02  2.000000e+00
-1.061698e-01  8.019814e-02  1.322661e-01  2.000000e+00
-1.085141e-01  7.117679e-02  1.606749e-01  2.000000e+00
-1.115488e-01  5.760998e-02  2.047227e-01  2.000000e+00
-1.124264e-01  5.310454e-02  2.196924e-01  2.000000e+00
-1.171273e-01  1.415134e-02  3.560914e-01  2.000000e+00
-1.149010e-01 -2.543747e-02  5.087047e-01  2.000000e+00
-9.684955e-02  1.053359e-01  4.475012e-02  2.000000e+00
-9.991311e-02  9.658835e-02  6.957767e-02  2.000000e+00
-1.027661e-01  8.765955e-02  9.575299e-02  2.000000e+00
-1.077771e-01  6.946907e-02  1.514779e-01  2.000000e+00
-1.099074e-01  6.031390e-02  1.806684e-01  2.000000e+00
-1.160808e-01  2.023344e-02  3.170259e-01  2.000000e+00
-1.168347e-01  7.790989e-03  3.622278e-01  2.000000e+00
-1.140336e-01 -3.094484e-02  5.132620e-01  2.000000e+00
-1.118460e-01 -3.920926e-02  5.481301e-01  2.000000e+00
-9.746924e-02  9.962263e-02  4.808262e-02  2.000000e+00
-1.032483e-01  8.153996e-02  1.001712e-01  2.000000e+00
-1.110550e-01  4.921330e-02  2.012457e-01  2.000000e+00
-1.150913e-01  2.227903e-02  2.927098e-01  2.000000e+00
-1.158562e-01  1.371032e-02  3.232005e-01  2.000000e+00
-1.161280e-01  9.528466e-03  3.383358e-01  2.000000e+00
-1.165004e-01 -2.545189e-03  3.830170e-01  2.000000e+00
-1.164776e-01 -6.396477e-03  3.975927e-01  2.000000e+00
-1.148334e-01 -2.739546e-02  4.802124e-01  2.000000e+00
-8.624099e-02  1.240352e-01 -2.713276e-02  2.000000e+00
-9.154746e-02  1.114262e-01  4.142268e-03  2.000000e+00
-1.023253e-01  7.987181e-02  9.105509e-02  2.000000e+00
-1.061153e-01  6.586355e-02  1.330302e-01  2.000000e+00
-1.093361e-01  5.182920e-02  1.769819e-01  2.000000e+00
-1.155398e-01  7.137145e-03  3.293152e-01  2.000000e+00
-1.155273e-01 -1.992481e-02  4.315757e-01  2.000000e+00
-1.139444e-01 -3.311262e-02  4.849234e-01  2.000000e+00
-1.104723e-01 -4.690579e-02  5.442034e-01  2.000000e+00
-9.848072e-02  8.748862e-02  5.549795e-02  2.000000e+00
-1.026835e-01  7.342857e-02  9.563683e-02  2.000000e+00
-1.051905e-01  6.396717e-02  1.237960e-01  2.000000e+00
-1.131930e-01  2.209470e-02  2.589365e-01  2.000000e+00
-1.141904e-01  1.325706e-02  2.896624e-01  2.000000e+00
-1.148926e-01  4.694052e-03  3.202093e-01  2.000000e+00
-1.139999e-01 -3.262245e-02  4.637172e-01  2.000000e+00
-8.925414e-02  1.087349e-01 -1.288651e-02  2.000000e+00
-9.428216e-02  9.513124e-02  2.161511e-02  2.000000e+00
-9.739347e-02  8.580776e-02  4.655998e-02  2.000000e+00
-1.042032e-01  6.200946e-02  1.145662e-01  2.000000e+00
-1.053838e-01  5.722161e-02  1.289602e-01  2.000000e+00
-1.085331e-01  4.292658e-02  1.733062e-01  2.000000e+00
-1.138504e-01  6.474658e-03  2.957436e-01  2.000000e+00
-1.147486e-01 -1.011296e-02  3.562531e-01  2.000000e+00
-1.130422e-01 -3.843537e-02  4.683757e-01  2.000000e+00
-7.681167e-02  1.328601e-01 -7.738904e-02  2.000000e+00
-7.875812e-02  1.288255e-01 -6.926504e-02  2.000000e+00
-9.773994e-02  7.928862e-02  5.058823e-02  2.000000e+00
-1.043552e-01  5.515272e-02  1.196989e-01  2.000000e+00
-1.115451e-01  1.731749e-02  2.402533e-01  2.000000e+00
-1.141104e-01 -1.666869e-02  3.620018e-01  2.000000e+00
-1.120034e-01 -4.417192e-02  4.727969e-01  2.000000e+00
-1.107887e-01 -4.982150e-02  4.975614e-01  2.000000e+00
-7.931520e-02  1.234329e-01 -6.841592e-02  2.000000e+00
-8.491942e-02  1.103111e-01 -4.000722e-02  2.000000e+00
-8.671477e-02  1.057809e-01 -2.959535e-02  2.000000e+00
-8.846945e-02  1.011834e-01 -1.873651e-02  2.000000e+00
-9.503249e-02  8.225634e-02  2.883301e-02  2.000000e+00
-9.941208e-02  6.769222e-02  6.832355e-02  2.000000e+00
-1.007573e-01  6.280512e-02  8.210320e-02  2.000000e+00
-1.055165e-01  4.328466e-02  1.396978e-01  2.000000e+00
-1.075011e-01  3.363948e-02  1.696458e-01  2.000000e+00
-1.083899e-01  2.886969e-02  1.848212e-01  2.000000e+00
-1.133219e-01 -2.694747e-02  3.821662e-01  2.000000e+00
-1.123472e-01 -4.076247e-02  4.380436e-01  2.000000e+00
-1.119279e-01 -4.390984e-02  4.513335e-01  2.000000e+00
-6.792815e-02  1.423689e-01 -1.124897e-01  2.000000e+00
-7.198102e-02  1.345875e-01 -9.951489e-02  2.000000e+00
-7.594905e-02  1.263679e-01 -8.440760e-02  2.000000e+00
-8.169372e-02  1.133168e-01 -5.790428e-02  2.000000e+00
-8.354246e-02  1.087985e-01 -4.809022e-02  2.000000e+00
-8.712489e-02  9.954879e-02 -2.707376e-02  2.000000e+00
-9.677381e-02  7.058827e-02  4.588775e-02  2.000000e+00
-9.819767e-02  6.565911e-02  5.929504e-02  2.000000e+00
-1.021124e-01  5.083994e-02  1.012290e-01  2.000000e+00
-1.044073e-01  4.100579e-02  1.303799e-01  2.000000e+00
-1.054556e-01  3.612352e-02  1.452417e-01  2.000000e+00
-1.117137e-01 -5.570808e-03  2.830859e-01  2.000000e+00
-1.122977e-01 -1.401778e-02  3.136105e-01  2.000000e+00
-1.125843e-01 -2.207322e-02  3.436709e-01  2.000000e+00
-1.122751e-01 -3.686889e-02  4.016683e-01  2.000000e+00
-1.120174e-01 -4.027174e-02  4.156002e-01  2.000000e+00
-6.433046e-02  1.450721e-01 -1.246771e-01  2.000000e+00
-7.046440e-02  1.333870e-01 -1.065566e-01  2.000000e+00
-7.247189e-02  1.292657e-01 -9.943265e-02  2.000000e+00
-7.641435e-02  1.207175e-01 -8.360395e-02  2.000000e+00
-8.746526e-02  9.307360e-02 -2.426476e-02  2.000000e+00
-9.082033e-02  8.336985e-02 -9.095130e-04  2.000000e+00
-9.242516e-02  7.845775e-02  1.136237e-02  2.000000e+00
-9.547810e-02  6.854916e-02  3.699728e-02  2.000000e+00
-9.692191e-02  6.356722e-02  5.031895e-02  2.000000e+00
-9.830791e-02  5.857659e-02  6.394796e-02  2.000000e+00
-9.963418e-02  5.358453e-02  7.786187e-02  2.000000e+00
-1.032371e-01  3.867218e-02  1.210803e-01  2.000000e+00
-1.043075e-01  3.374647e-02  1.358987e-01  2.000000e+00
-1.092693e-01  5.146043e-03  2.273962e-01  2.000000e+00
-1.098442e-01  5.987942e-04  2.428408e-01  2.000000e+00
-1.111248e-01 -1.254689e-02  2.890045e-01  2.000000e+00
-1.112835e-01 -4.308917e-02  4.066434e-01  2.000000e+00
-1.096458e-01 -5.543012e-02  4.598668e-01  2.000000e+00
-6.064776e-02  1.477112e-01 -1.357731e-01  2.000000e+00
-7.487583e-02  1.192628e-01 -9.099433e-02  2.000000e+00
-7.681857e-02  1.147856e-01 -8.246736e-02  2.000000e+00
-7.873052e-02  1.102231e-01 -7.343585e-02  2.000000e+00
-8.425473e-02  9.609097e-02 -4.344224e-02  2.000000e+00
-8.773509e-02  8.636737e-02 -2.117787e-02  2.000000e+00
-8.940702e-02  8.143613e-02 -9.414699e-03  2.000000e+00
-9.260250e-02  7.147095e-02  1.528137e-02  2.000000e+00
-1.008476e-01  4.128241e-02  9.723668e-02  2.000000e+00
-1.020062e-01  3.628517e-02  1.118078e-01  2.000000e+00
-1.030988e-01  3.131693e-02  1.265760e-01  2.000000e+00
-1.041239e-01  2.638472e-02  1.415165e-01  2.000000e+00
-1.081987e-01  2.500807e-03  2.179227e-01  2.000000e+00
-1.106783e-01 -2.363101e-02  3.100193e-01  2.000000e+00
-1.055349e-01 -7.059935e-02  5.106533e-01  2.000000e+00
-7.716076e-02  1.085816e-01 -8.100356e-02  2.000000e+00
-7.905362e-02  1.038799e-01 -7.163407e-02  2.000000e+00
-8.091101e-02  9.910691e-02 -6.178028e-02  2.000000e+00
-8.793375e-02  7.944302e-02 -1.782319e-02  2.000000e+00
-8.957525e-02  7.442001e-02 -5.782652e-03  2.000000e+00
-9.418829e-02  5.921180e-02  3.255892e-02  2.000000e+00
-9.561498e-02  5.412078e-02  4.601004e-02  2.000000e+00
-9.698282e-02  4.903134e-02  5.975996e-02  2.000000e+00
-1.038572e-01  1.893717e-02  1.472183e-01  2.000000e+00
-1.082404e-01 -9.314532e-03  2.393160e-01  2.000000e+00
-1.086670e-01 -5.828043e-02  4.293203e-01  2.000000e+00
-5.095148e-02  1.562140e-01 -1.572225e-01  2.000000e+00
-7.162586e-02  1.161631e-01 -1.053271e-01  2.000000e+00
-7.553315e-02  1.068781e-01 -8.842825e-02  2.000000e+00
-8.114712e-02  9.238809e-02 -5.934608e-02  2.000000e+00
-8.294189e-02  8.743594e-02 -4.871137e-02  2.000000e+00
-8.469407e-02  8.243469e-02 -3.763242e-02  2.000000e+00
-9.122821e-02  6.208637e-02  1.076826e-02  2.000000e+00
-9.417857e-02  5.181085e-02  3.714442e-02  2.000000e+00
-9.689555e-02  4.154777e-02  6.474278e-02  2.000000e+00
-1.015723e-01  2.129536e-02  1.228606e-01  2.000000e+00
-1.051623e-01  1.787184e-03  1.835627e-01  2.000000e+00
-1.071012e-01 -1.209969e-02  2.298109e-01  2.000000e+00
-1.076004e-01 -1.655441e-02  2.452290e-01  2.000000e+00
-1.080254e-01 -2.091268e-02  2.606062e-01  2.000000e+00
-1.089820e-01 -3.728080e-02  3.212194e-01  2.000000e+00
-1.090360e-01 -4.108381e-02  3.360306e-01  2.000000e+00
-1.078445e-01 -6.118988e-02  4.203408e-01  2.000000e+00
-5.127549e-02  1.516953e-01 -1.597326e-01  2.000000e+00
-5.338500e-02  1.480569e-01 -1.567081e-01  2.000000e+00
-5.549155e-02  1.442834e-01 -1.531153e-01  2.000000e+00
-5.968444e-02  1.363507e-01 -1.442282e-01  2.000000e+00
-6.383144e-02  1.279383e-01 -1.330902e-01  2.000000e+00
-7.576922e-02  1.002923e-01 -8.665892e-02  2.000000e+00
-7.765596e-02  9.540114e-02 -7.712131e-02  2.000000e+00
-8.481003e-02  7.528335e-02 -3.431581e-02  2.000000e+00
-8.648760e-02  7.015239e-02 -2.253299e-02  2.000000e+00
-8.969275e-02  5.982118e-02  2.201660e-03  2.000000e+00
-9.409245e-02  4.426480e-02  4.191805e-02  2.000000e+00
-9.673005e-02  3.394227e-02  6.988202e-02  2.000000e+00
-9.795475e-02  2.881790e-02  8.424023e-02  2.000000e+00
-1.021904e-01  8.735123e-03  1.436120e-01  2.000000e+00
-1.046362e-01 -5.698350e-03  1.894730e-01  2.000000e+00
-1.072543e-01 -2.805181e-02  2.664126e-01  2.000000e+00
-5.155566e-02  1.468488e-01 -1.618800e-01  2.000000e+00
-6.409391e-02  1.219843e-01 -1.330687e-01  2.000000e+00
-6.613321e-02  1.174480e-01 -1.263103e-01  2.000000e+00
-6.815047e-02  1.128157e-01 -1.190093e-01  2.000000e+00
-7.780779e-02  8.844882e-02 -7.471822e-02  2.000000e+00
-8.141953e-02  7.827115e-02 -5.360595e-02  2.000000e+00
-8.485644e-02  6.793559e-02 -3.073874e-02  2.000000e+00
-8.650321e-02  6.272754e-02 -1.869201e-02  2.000000e+00
-8.809906e-02  5.750282e-02 -6.262332e-03  2.000000e+00
-1.033336e-01 -8.513509e-03  1.800090e-01  2.000000e+00
-1.040293e-01 -1.319477e-02  1.953881e-01  2.000000e+00
-1.052009e-01 -2.228305e-02  2.261926e-01  2.000000e+00
-1.060770e-01 -3.096856e-02  2.568912e-01  2.000000e+00
-1.066560e-01 -3.921039e-02  2.872867e-01  2.000000e+00
-1.069280e-01 -5.422164e-02  3.464138e-01  2.000000e+00
-1.046641e-01 -7.521903e-02  4.409975e-01  2.000000e+00
-4.755870e-02  1.493406e-01 -1.694363e-01  2.000000e+00
-5.390303e-02  1.376510e-01 -1.599189e-01  2.000000e+00
-6.833428e-02  1.062701e-01 -1.179392e-01  2.000000e+00
-7.225863e-02  9.646777e-02 -1.010706e-01  2.000000e+00
-7.605331e-02  8.639356e-02 -8.218431e-02  2.000000e+00
-7.789525e-02  8.127272e-02 -7.201852e-02  2.000000e+00
-8.145521e-02  7.090101e-02 -5.031943e-02  2.000000e+00
-8.644800e-02  5.513279e-02 -1.461516e-02  2.000000e+00
-8.801025e-02  4.985136e-02 -1.948881e-03  2.000000e+00
-9.369212e-02  2.880419e-02  5.197554e-02  2.000000e+00
-9.496119e-02  2.360008e-02  6.615789e-02  2.000000e+00
-9.616625e-02  1.843398e-02  8.057334e-02  2.000000e+00
-1.011816e-01 -6.576375e-03  1.552792e-01  2.000000e+00
-1.019745e-01 -1.136670e-02  1.705691e-01  2.000000e+00
-1.044181e-01 -2.961301e-02  2.320420e-01  2.000000e+00
-1.054754e-01 -4.218262e-02  2.777727e-01  2.000000e+00
-1.058669e-01 -5.365332e-02  3.224566e-01  2.000000e+00
-1.057627e-01 -6.063803e-02  3.513610e-01  2.000000e+00
-4.139739e-02  1.552948e-01 -1.770040e-01  2.000000e+00
-4.986514e-02  1.402842e-01 -1.686131e-01  2.000000e+00
-6.036026e-02  1.186390e-01 -1.452555e-01  2.000000e+00
-6.647172e-02  1.043882e-01 -1.245234e-01  2.000000e+00
-7.042082e-02  9.446969e-02 -1.080267e-01  2.000000e+00
-7.234935e-02  8.940622e-02 -9.900802e-02  2.000000e+00
-7.424354e-02  8.428298e-02 -8.949296e-02  2.000000e+00
-7.610068e-02  7.910745e-02 -7.949570e-02  2.000000e+00
-7.969332e-02  6.862984e-02 -5.811695e-02  2.000000e+00
-8.310687e-02  5.803479e-02 -3.500654e-02  2.000000e+00
-8.474044e-02  5.271265e-02 -2.284831e-02  2.000000e+00
-9.208760e-02  2.616669e-02  4.314752e-02  2.000000e+00
-9.337892e-02  2.092430e-02  5.723182e-02  2.000000e+00
-1.019788e-01 -2.361631e-02  1.918163e-01  2.000000e+00
-1.025789e-01 -2.815004e-02  2.071760e-01  2.000000e+00
-1.042412e-01 -4.518287e-02  2.682480e-01  2.000000e+00
-1.044717e-01 -4.914130e-02  2.833021e-01  2.000000e+00
-1.043225e-01 -7.006915e-02  3.700608e-01  2.000000e+00
-1.040484e-01 -7.305847e-02  3.837294e-01  2.000000e+00
-3.731224e-02  1.575381e-01 -1.812944e-01  2.000000e+00
-4.788981e-02  1.388280e-01 -1.733376e-01  2.000000e+00
-5.212625e-02  1.303994e-01 -1.661379e-01  2.000000e+00
-5.423425e-02  1.260034e-01 -1.616769e-01  2.000000e+00
-5.633159e-02  1.214942e-01 -1.566454e-01  2.000000e+00
-6.048264e-02  1.121603e-01 -1.448895e-01  2.000000e+00
-6.455622e-02  1.024493e-01 -1.309198e-01  2.000000e+00
-6.655676e-02  9.746945e-02 -1.231258e-01  2.000000e+00
-7.047118e-02  8.729670e-02 -1.059717e-01  2.000000e+00
-7.425157e-02  7.688909e-02 -8.681347e-02  2.000000e+00
-7.608474e-02  7.161613e-02 -7.651845e-02  2.000000e+00
-7.787641e-02  6.630733e-02 -6.576730e-02  2.000000e+00
-7.962403e-02  6.097049e-02 -5.457719e-02  2.000000e+00
-8.761792e-02  3.414016e-02  7.293091e-03  2.000000e+00
-8.905233e-02  2.879972e-02  2.070643e-02  2.000000e+00
-9.634931e-02 -2.421411e-03  1.065425e-01  2.000000e+00
-9.908974e-02 -1.717950e-02  1.517969e-01  2.000000e+00
-1.011862e-01 -3.113050e-02  1.976970e-01  2.000000e+00
-1.035422e-01 -6.326753e-02  3.181162e-01  2.000000e+00
-1.032228e-01 -7.309273e-02  3.607214e-01  2.000000e+00
-4.374105e-02  1.413946e-01 -1.803434e-01  2.000000e+00
-4.586640e-02  1.373117e-01 -1.778306e-01  2.000000e+00
-5.222471e-02  1.243046e-01 -1.668304e-01  2.000000e+00
-5.432860e-02  1.197351e-01 -1.620146e-01  2.000000e+00
-5.641988e-02  1.150588e-01 -1.566298e-01  2.000000e+00
-5.849562e-02  1.102822e-01 -1.506814e-01  2.000000e+00
-6.258889e-02  1.004549e-01 -1.371210e-01  2.000000e+00
-6.854013e-02  8.513392e-02 -1.127564e-01  2.000000e+00
-7.419762e-02  6.929442e-02 -8.384399e-02  2.000000e+00
-7.600554e-02  6.393510e-02 -7.326243e-02  2.000000e+00
-7.777019e-02  5.854908e-02 -6.223617e-02  2.000000e+00
-8.115976e-02  4.772859e-02 -3.892206e-02  2.000000e+00
-8.871199e-02  2.076370e-02  2.578526e-02  2.000000e+00
-9.132113e-02  1.017611e-02  5.377626e-02  2.000000e+00
-9.669741e-02 -1.527507e-02  1.273510e-01  2.000000e+00
-1.012569e-01 -4.716102e-02  2.340450e-01  2.000000e+00
-1.022473e-01 -6.276460e-02  2.940033e-01  2.000000e+00
-4.166868e-02  1.398802e-01 -1.843720e-01  2.000000e+00
-5.016674e-02  1.225482e-01 -1.717582e-01  2.000000e+00
-6.057092e-02  9.840626e-02 -1.431197e-01  2.000000e+00
-6.849299e-02  7.763380e-02 -1.103957e-01  2.000000e+00
-7.586330e-02  5.608059e-02 -6.973806e-02  2.000000e+00
-7.759975e-02  5.062904e-02 -5.844911e-02  2.000000e+00
-7.928876e-02  4.516814e-02 -4.674613e-02  2.000000e+00
-8.092799e-02  3.970587e-02 -3.464864e-02  2.000000e+00
-9.082961e-02  2.094484e-03  5.928007e-02  2.000000e+00
-9.509472e-02 -1.823988e-02  1.181616e-01  2.000000e+00
-9.983911e-02 -5.022694e-02  2.245528e-01  2.000000e+00
-1.007745e-01 -6.214187e-02  2.696936e-01  2.000000e+00
-1.010516e-01 -7.280955e-02  3.136280e-01  2.000000e+00
-1.008772e-01 -7.918573e-02  3.419539e-01  2.000000e+00
-3.742610e-02  1.423767e-01 -1.896314e-01  2.000000e+00
-4.593835e-02  1.253117e-01 -1.802485e-01  2.000000e+00
-4.806162e-02  1.207357e-01 -1.764540e-01  2.000000e+00
-5.017718e-02  1.160475e-01 -1.720822e-01  2.000000e+00
-5.850355e-02  9.630495e-02 -1.489091e-01  2.000000e+00
-6.647290e-02  7.531675e-02 -1.169967e-01  2.000000e+00
-7.026680e-02  6.450556e-02 -9.797985e-02  2.000000e+00
-7.390453e-02  5.356677e-02 -7.707495e-02  2.000000e+00
-7.565836e-02  4.806953e-02 -6.595622e-02  2.000000e+00
-7.736552e-02  4.256448e-02 -5.441750e-02  2.000000e+00
-8.907615e-02 -8.001917e-04  5.053146e-02  2.000000e+00
-9.958249e-02 -6.893354e-02  2.750083e-01  2.000000e+00
-3.526504e-02  1.408068e-01 -1.929273e-01  2.000000e+00
-3.739019e-02  1.366776e-01 -1.916841e-01  2.000000e+00
-3.952019e-02  1.324136e-01 -1.898624e-01  2.000000e+00
-4.165220e-02  1.280202e-01 -1.874601e-01  2.000000e+00
-5.224075e-02  1.043201e-01 -1.667569e-01  2.000000e+00
-6.633217e-02  6.751627e-02 -1.143348e-01  2.000000e+00
-6.822556e-02  6.204186e-02 -1.047749e-01  2.000000e+00
-1.858495e-02  1.643394e-01 -1.872510e-01  2.000000e+00
-2.467851e-02  1.544912e-01 -1.942897e-01  2.000000e+00
-2.884205e-02  1.471340e-01 -1.962548e-01  2.000000e+00
-3.094642e-02  1.432296e-01 -1.963943e-01  2.000000e+00
-3.731723e-02  1.306685e-01 -1.933719e-01  2.000000e+00
-4.371528e-02  1.169472e-01 -1.851258e-01  2.000000e+00
-4.584053e-02  1.121431e-01 -1.812140e-01  2.000000e+00
-5.215279e-02  9.713103e-02 -1.660276e-01  2.000000e+00
-5.830801e-02  8.136792e-02 -1.457885e-01  2.000000e+00
-1.837865e-02  1.598931e-01 -1.914802e-01  2.000000e+00
-2.245069e-02  1.530467e-01 -1.961085e-01  2.000000e+00
-3.081917e-02  1.374991e-01 -1.987347e-01  2.000000e+00
-3.294253e-02  1.332513e-01 -1.979680e-01  2.000000e+00
-4.147690e-02  1.149742e-01 -1.890903e-01  2.000000e+00
-4.783929e-02  1.000865e-01 -1.763260e-01  2.000000e+00
-5.201839e-02  8.970031e-02 -1.649541e-01  2.000000e+00
-5.611998e-02  7.901338e-02 -1.513532e-01  2.000000e+00
-5.813441e-02  7.357624e-02 -1.437395e-01  2.000000e+00
-6.772972e-02  4.577187e-02 -9.801894e-02  2.000000e+00
-2.642651e-02  1.399305e-01 -2.011872e-01  2.000000e+00
-2.853729e-02  1.357637e-01 -2.012371e-01  2.000000e+00
-3.919701e-02  1.129506e-01 -1.928003e-01  2.000000e+00
-4.132997e-02  1.080335e-01 -1.893632e-01  2.000000e+00
-4.976708e-02  8.740402e-02 -1.698403e-01  2.000000e+00
-5.388734e-02  7.661457e-02 -1.566918e-01  2.000000e+00
-5.591261e-02  7.112788e-02 -1.492992e-01  2.000000e+00
-9.916056e-03  1.634932e-01 -1.856820e-01  2.000000e+00
-1.585457e-02  1.536121e-01 -1.963936e-01  2.000000e+00
-2.833747e-02  1.296118e-01 -2.031858e-01  2.000000e+00
-3.046589e-02  1.251142e-01 -2.023267e-01  2.000000e+00
-5.161160e-02  7.417334e-02 -1.617982e-01  2.000000e+00
-1.153202e-02  1.555787e-01 -1.938454e-01  2.000000e+00
-2.597984e-02  1.277155e-01 -2.053843e-01  2.000000e+00
-3.024049e-02  1.184794e-01 -2.035781e-01  2.000000e+00
-4.303578e-02  8.806977e-02 -1.841481e-01  2.000000e+00
-4.929435e-02  7.169157e-02 -1.666664e-01  2.000000e+00
-1.550815e-03  1.666509e-01 -1.749352e-01  2.000000e+00
-7.227807e-03  1.574424e-01 -1.900214e-01  2.000000e+00
-9.186760e-03  1.540328e-01 -1.940628e-01  2.000000e+00
-1.117526e-02  1.504582e-01 -1.975882e-01  2.000000e+00
-1.523127e-02  1.428287e-01 -2.030437e-01  2.000000e+00
-2.358767e-02  1.257703e-01 -2.073043e-01  2.000000e+00
-2.571198e-02  1.211600e-01 -2.069410e-01  2.000000e+00
-3.212419e-02  1.065922e-01 -2.023532e-01  2.000000e+00
-3.640253e-02  9.633099e-02 -1.963674e-01  2.000000e+00
-4.065598e-02  8.569535e-02 -1.880520e-01  2.000000e+00
-4.486064e-02  7.474500e-02 -1.774410e-01  2.000000e+00
-4.693724e-02  6.917123e-02 -1.712907e-01  2.000000e+00
-4.899272e-02  6.354242e-02 -1.645884e-01  2.000000e+00
-5.102418e-02  5.786671e-02 -1.573439e-01  2.000000e+00
-1.079689e-02  1.450107e-01 -2.009905e-01  2.000000e+00
-1.905366e-02  1.283106e-01 -2.084783e-01  2.000000e+00
-2.328409e-02  1.191122e-01 -2.088298e-01  2.000000e+00
-2.541512e-02  1.143203e-01 -2.081367e-01  2.000000e+00
-3.611222e-02  8.869172e-02 -1.958946e-01  2.000000e+00
-3.823929e-02  8.328100e-02 -1.916954e-01  2.000000e+00
-4.035526e-02  7.779263e-02 -1.869201e-01  2.000000e+00
-8.374600e-03  1.432499e-01 -2.011051e-01  2.000000e+00
-1.660210e-02  1.263269e-01 -2.095797e-01  2.000000e+00
-1.870655e-02  1.217391e-01 -2.102950e-01  2.000000e+00
-2.082457e-02  1.170194e-01 -2.104353e-01  2.000000e+00
-2.508989e-02  1.072087e-01 -2.089728e-01  2.000000e+00
-2.937489e-02  9.694641e-02 -2.051691e-01  2.000000e+00
-3.790903e-02  7.529272e-02 -1.905478e-01  2.000000e+00
-4.001760e-02  6.968812e-02 -1.854499e-01  2.000000e+00
-4.418386e-02  5.830511e-02 -1.735654e-01  2.000000e+00
-6.266083e-05  1.526676e-01 -1.882307e-01  2.000000e+00
-1.203988e-02  1.288029e-01 -2.088566e-01  2.000000e+00
-1.833521e-02  1.148834e-01 -2.117544e-01  2.000000e+00
-2.902533e-02  8.927081e-02 -2.049868e-01  2.000000e+00
-3.116674e-02  8.384715e-02 -2.018759e-01  2.000000e+00
-4.172595e-02  5.563859e-02 -1.776733e-01  2.000000e+00
-1.478022e-03  1.435454e-01 -1.964978e-01  2.000000e+00
-1.161456e-02  1.222262e-01 -2.109129e-01  2.000000e+00
-2.007311e-02  1.026873e-01 -2.123480e-01  2.000000e+00
-2.435723e-02  9.222353e-02 -2.095739e-01  2.000000e+00
 2.936618e-03  1.455522e-01 -1.907814e-01  2.000000e+00
-7.014461e-03  1.247236e-01 -2.091008e-01  2.000000e+00
-9.082289e-03  1.201126e-01 -2.111406e-01  2.000000e+00
-1.752304e-02  1.003692e-01 -2.136045e-01  2.000000e+00
-1.966139e-02  9.514033e-02 -2.127708e-01  2.000000e+00
-2.180519e-02  8.980792e-02 -2.113512e-01  2.000000e+00
-2.395145e-02  8.437930e-02 -2.093449e-01  2.000000e+00
 7.309052e-03  1.474577e-01 -1.838046e-01  2.000000e+00
 5.428225e-03  1.437158e-01 -1.892440e-01  2.000000e+00
 3.511522e-03  1.398092e-01 -1.941901e-01  2.000000e+00
-4.466893e-03  1.226219e-01 -2.087806e-01  2.000000e+00
-8.607724e-03  1.131610e-01 -2.128056e-01  2.000000e+00
-1.282099e-02  1.031826e-01 -2.145597e-01  2.000000e+00
-1.922691e-02  8.735884e-02 -2.128413e-01  2.000000e+00
-3.205527e-02  5.335408e-02 -1.936329e-01  2.000000e+00
 4.097578e-03  1.337568e-01 -1.972719e-01  2.000000e+00
 1.282415e-04  1.250541e-01 -2.050689e-01  2.000000e+00
-1.022614e-02  1.008428e-01 -2.149712e-01  2.000000e+00
-1.448285e-02  9.030381e-02 -2.149350e-01  2.000000e+00
-1.662435e-02  8.487833e-02 -2.140418e-01  2.000000e+00
-2.520841e-02  6.231215e-02 -2.046137e-01  2.000000e+00
-2.734385e-02  5.649418e-02 -2.008015e-01  2.000000e+00
 1.046347e-02  1.399147e-01 -1.852859e-01  2.000000e+00
 8.575129e-03  1.359031e-01 -1.907015e-01  2.000000e+00
 6.651045e-03  1.317315e-01 -1.956187e-01  2.000000e+00
 2.705145e-03  1.229265e-01 -2.039054e-01  2.000000e+00
-3.420275e-03  1.086424e-01 -2.122951e-01  2.000000e+00
-9.729258e-03  9.320825e-02 -2.156231e-01  2.000000e+00
-1.185990e-02  8.783865e-02 -2.155785e-01  2.000000e+00
 1.483759e-02  1.418523e-01 -1.767385e-01  2.000000e+00
 9.219670e-03  1.296679e-01 -1.936699e-01  2.000000e+00
 5.298242e-03  1.207625e-01 -2.024450e-01  2.000000e+00
-7.090117e-03  9.075905e-02 -2.157068e-01  2.000000e+00
-1.135440e-02  7.983131e-02 -2.155661e-01  2.000000e+00
-1.994510e-02  5.693550e-02 -2.082749e-01  2.000000e+00
 7.905520e-03  1.185639e-01 -2.006880e-01  2.000000e+00
-2.334730e-04  9.887218e-02 -2.127960e-01  2.000000e+00
-4.433765e-03  8.828214e-02 -2.154939e-01  2.000000e+00
-8.691102e-03  7.726902e-02 -2.158868e-01  2.000000e+00
-1.298194e-02  6.589270e-02 -2.139486e-01  2.000000e+00
 1.627532e-02  1.297542e-01 -1.832617e-01  2.000000e+00
 8.541271e-03  1.115643e-01 -2.027287e-01  2.000000e+00
 6.528343e-03  1.066582e-01 -2.062873e-01  2.000000e+00
-6.011688e-03  7.468375e-02 -2.159117e-01  2.000000e+00
-8.152248e-03  6.899744e-02 -2.155045e-01  2.000000e+00
 2.420995e-02  1.397756e-01 -1.598069e-01  2.000000e+00
 1.699646e-02  1.232648e-01 -1.860586e-01  2.000000e+00
-1.834146e-02  3.060398e-02 -2.024703e-01  2.000000e+00
 2.674944e-02  1.377672e-01 -1.557912e-01  2.000000e+00
 1.960557e-02  1.210657e-01 -1.829377e-01  2.000000e+00
 1.184229e-02  1.019244e-01 -2.022953e-01  2.000000e+00
-4.891554e-03  5.785081e-02 -2.147594e-01  2.000000e+00
-1.349636e-02  3.386099e-02 -2.071586e-01  2.000000e+00
-1.777384e-02  2.161038e-02 -1.999023e-01  2.000000e+00
 1.648935e-02  1.045582e-01 -1.955460e-01  2.000000e+00
 1.046558e-02  8.906139e-02 -2.068687e-01  2.000000e+00
 2.108270e-02  1.071181e-01 -1.874893e-01  2.000000e+00
 1.518606e-02  9.188408e-02 -2.011568e-01  2.000000e+00
 9.032708e-03  7.555575e-02 -2.099741e-01  2.000000e+00
-1.019940e-02  2.202595e-02 -2.056329e-01  2.000000e+00
 3.271838e-02  1.274794e-01 -1.501708e-01  2.000000e+00
 2.745458e-02  1.143001e-01 -1.718532e-01  2.000000e+00
 2.373168e-02  1.047519e-01 -1.839788e-01  2.000000e+00
 1.787338e-02  8.939709e-02 -1.983869e-01  2.000000e+00
 1.381496e-02  7.854614e-02 -2.053346e-01  2.000000e+00
 7.552645e-03  6.148933e-02 -2.115891e-01  2.000000e+00
 5.430082e-03  5.562620e-02 -2.125372e-01  2.000000e+00
 3.294870e-03  4.968769e-02 -2.129099e-01  2.000000e+00
-7.465161e-03  1.916134e-02 -2.061043e-01  2.000000e+00
 2.638024e-02  1.023647e-01 -1.801836e-01  2.000000e+00
 2.447588e-02  9.733815e-02 -1.857434e-01  2.000000e+00
 2.056162e-02  8.689308e-02 -1.953272e-01  2.000000e+00
 1.028384e-02  5.881240e-02 -2.098379e-01  2.000000e+00
 6.034881e-03  4.695037e-02 -2.117029e-01  2.000000e+00
-6.875416e-03  1.006678e-02 -2.034772e-01  2.000000e+00
 2.713668e-02  9.489331e-02 -1.819049e-01  2.000000e+00
 6.637598e-03  3.814851e-02 -2.105470e-01  2.000000e+00
 3.703776e-02  1.119963e-01 -1.508084e-01  2.000000e+00
 3.529217e-02  1.073225e-01 -1.582481e-01  2.000000e+00
 2.979323e-02  9.243282e-02 -1.777860e-01  2.000000e+00
 1.783403e-02  5.930991e-02 -2.031361e-01  2.000000e+00
 3.961921e-02  1.096709e-01 -1.455151e-01  2.000000e+00
 2.664095e-02  7.379258e-02 -1.891904e-01  2.000000e+00
 2.464001e-02  6.817595e-02 -1.934163e-01  2.000000e+00
 2.261014e-02  6.245748e-02 -1.971046e-01  2.000000e+00
 1.847478e-02  5.074586e-02 -2.028345e-01  2.000000e+00
 1.637502e-02  4.476872e-02 -2.048624e-01  2.000000e+00
 1.425777e-02  3.872171e-02 -2.063250e-01  2.000000e+00
 9.982758e-03  2.645213e-02 -2.075402e-01  2.000000e+00
 5.673910e-03  1.400684e-02 -2.064641e-01  2.000000e+00
 3.872792e-02  9.768258e-02 -1.552539e-01  2.000000e+00
 3.692787e-02  9.264533e-02 -1.622238e-01  2.000000e+00
 3.320177e-02  8.217206e-02 -1.747340e-01  2.000000e+00
 1.486501e-02  2.985084e-02 -2.051192e-01  2.000000e+00
 1.272497e-02  2.366955e-02 -2.057164e-01  2.000000e+00
 1.057525e-02  1.744581e-02 -2.057424e-01  2.000000e+00
 2.801128e-02  5.717528e-02 -1.899545e-01  2.000000e+00
 2.182559e-02  3.933636e-02 -1.992915e-01  2.000000e+00
 1.972006e-02  3.324488e-02 -2.012940e-01  2.000000e+00
 1.759761e-02  2.709490e-02 -2.027329e-01  2.000000e+00
 1.546124e-02  2.089516e-02 -2.036047e-01  2.000000e+00
 8.998972e-03  2.086233e-03 -2.028032e-01  2.000000e+00
 4.390890e-02  9.281540e-02 -1.442227e-01  2.000000e+00
 4.214402e-02  8.771182e-02 -1.516330e-01  2.000000e+00
 3.465937e-02  6.603401e-02 -1.765372e-01  2.000000e+00
 2.032160e-02  2.434773e-02 -2.000619e-01  2.000000e+00
 1.818936e-02  1.813124e-02 -2.012074e-01  2.000000e+00
 7.407677e-03 -1.336165e-02 -1.984257e-01  2.000000e+00
 4.982419e-02  1.002178e-01 -1.217809e-01  2.000000e+00
 4.473031e-02  8.523370e-02 -1.459513e-01  2.000000e+00
 3.922378e-02  6.906548e-02 -1.660514e-01  2.000000e+00
 1.661496e-02  2.812312e-03 -1.996682e-01  2.000000e+00
 5.390983e-02  1.025627e-01 -1.061590e-01  2.000000e+00
 4.729931e-02  8.275069e-02 -1.400190e-01  2.000000e+00
 3.602672e-02  4.926060e-02 -1.771661e-01  2.000000e+00
 1.932671e-02  5.409587e-05 -1.972576e-01  2.000000e+00
 1.500734e-02 -1.260856e-02 -1.966912e-01  2.000000e+00
 5.321810e-02  9.051283e-02 -1.173280e-01  2.000000e+00
 4.809138e-02  7.494349e-02 -1.414480e-01  2.000000e+00
 3.667245e-02  4.068213e-02 -1.770432e-01  2.000000e+00
 2.202473e-02 -2.683438e-03 -1.945677e-01  2.000000e+00
 4.323656e-02  4.989862e-02 -1.618811e-01  2.000000e+00
 2.684880e-02  9.257337e-04 -1.904907e-01  2.000000e+00
 4.772058e-02  5.311760e-02 -1.501647e-01  2.000000e+00
 4.191662e-02  3.542392e-02 -1.671700e-01  2.000000e+00
 2.737096e-02 -8.087669e-03 -1.883633e-01  2.000000e+00
 2.306219e-02 -2.077687e-02 -1.894544e-01  2.000000e+00
 5.736147e-02  7.280978e-02 -1.139029e-01  2.000000e+00
 6.741542e-02  9.540253e-02 -5.886526e-02  2.000000e+00
 5.279038e-02  4.800463e-02 -1.378873e-01  2.000000e+00
 5.092221e-02  4.216391e-02 -1.445116e-01  2.000000e+00
 3.049392e-02 -1.972724e-02 -1.824519e-01  2.000000e+00
 2.617740e-02 -3.241018e-02 -1.835246e-01  2.000000e+00
 6.540520e-02  7.834687e-02 -8.106484e-02  2.000000e+00
 4.960477e-02  2.765330e-02 -1.504903e-01  2.000000e+00
 5.774762e-02  4.294645e-02 -1.246949e-01  2.000000e+00
 5.403082e-02  3.113053e-02 -1.383498e-01  2.000000e+00
 5.211193e-02  2.510229e-02 -1.444550e-01  2.000000e+00
 4.816644e-02  1.284634e-02 -1.551636e-01  2.000000e+00
 6.855758e-02  6.829083e-02 -7.489509e-02  2.000000e+00
 6.698661e-02  6.294857e-02 -8.428208e-02  2.000000e+00
 6.195518e-02  4.622565e-02 -1.100414e-01  2.000000e+00
 5.066712e-02  1.030926e-02 -1.493703e-01  2.000000e+00
 4.661678e-02 -2.158632e-03 -1.585023e-01  2.000000e+00
 4.455020e-02 -8.446766e-03 -1.622807e-01  2.000000e+00
 3.607649e-02 -3.375030e-02 -1.720129e-01  2.000000e+00
 7.378737e-02  7.619817e-02 -4.663158e-02  2.000000e+00
 7.312685e-02  6.345604e-02 -5.857292e-02  2.000000e+00
 7.159747e-02  5.808572e-02 -6.830197e-02  2.000000e+00
 6.493890e-02  3.549554e-02 -1.033099e-01  2.000000e+00
 5.358205e-02 -8.900729e-04 -1.424057e-01  2.000000e+00
 4.743989e-02 -1.972484e-02 -1.552144e-01  2.000000e+00
 7.384623e-02  5.567758e-02 -6.004686e-02  2.000000e+00
 7.228089e-02  5.017935e-02 -6.957374e-02  2.000000e+00
 7.066054e-02  4.457150e-02 -7.871703e-02  2.000000e+00
 6.726343e-02  3.305566e-02 -9.578497e-02  2.000000e+00
 6.181146e-02  1.514562e-02 -1.181088e-01  2.000000e+00
 5.796839e-02  2.875364e-03 -1.306474e-01  2.000000e+00
 7.605494e-02  5.328730e-02 -5.162598e-02  2.000000e+00
 6.032911e-02  4.625485e-04 -1.239813e-01  2.000000e+00
