-5.174461e-01 -3.711917e-01 -5.287915e-01  1.000000e+00
-5.607827e-01 -4.986789e-01 -3.242958e+00  1.000000e+00
-6.040581e-01 -6.260525e-01 -6.208381e+00  1.000000e+00
-4.590499e-01 -2.667934e-01  2.351330e+00  1.000000e+00
-5.602270e-01 -5.643389e-01 -3.690632e+00  1.000000e+00
-5.890758e-01 -6.492411e-01 -5.668340e+00  1.000000e+00
-4.150791e-01 -2.048748e-01  4.202214e+00  1.000000e+00
-4.295631e-01 -2.474304e-01  3.492763e+00  1.000000e+00
-4.585160e-01 -3.325167e-01  1.989700e+00  1.000000e+00
-5.452361e-01 -5.875270e-01 -3.191521e+00  1.000000e+00
-5.596668e-01 -6.299852e-01 -4.152861e+00  1.000000e+00
-4.145508e-01 -2.706142e-01  3.869225e+00  1.000000e+00
-4.290318e-01 -3.131627e-01  3.145340e+00  1.000000e+00
-4.435078e-01 -3.557022e-01  2.393407e+00  1.000000e+00
-5.446756e-01 -6.531724e-01 -3.653977e+00  1.000000e+00
-3.560589e-01 -1.661036e-01  6.194140e+00  1.000000e+00
-4.284970e-01 -3.788876e-01  2.783278e+00  1.000000e+00
-4.863537e-01 -5.489444e-01 -4.501480e-01  1.000000e+00
-5.441106e-01 -7.188020e-01 -4.130981e+00  1.000000e+00
-6.161437e-01 -9.307766e-01 -9.359124e+00  1.000000e+00
-3.845189e-01 -3.169822e-01  4.580615e+00  1.000000e+00
-5.867702e-01 -9.115974e-01 -7.718778e+00  1.000000e+00
-5.285471e-01 -8.075961e-01 -4.137905e+00  1.000000e+00
-5.573798e-01 -8.924003e-01 -6.147117e+00  1.000000e+00
-3.254875e-01 -2.782224e-01  6.491038e+00  1.000000e+00
-4.557900e-01 -6.609824e-01 -3.767516e-02  1.000000e+00
-4.702401e-01 -7.034529e-01 -9.031390e-01  1.000000e+00
-3.104609e-01 -3.014040e-01  6.770949e+00  1.000000e+00
-3.249602e-01 -3.439719e-01  6.171431e+00  1.000000e+00
-4.118581e-01 -5.991840e-01  1.984720e+00  1.000000e+00
-2.519073e-01 -1.968379e-01  8.625830e+00  1.000000e+00
-2.954327e-01 -3.245850e-01  7.036994e+00  1.000000e+00
-3.678929e-01 -5.373365e-01  3.826763e+00  1.000000e+00
-4.402250e-01 -7.498126e-01 -8.455503e-02  1.000000e+00
-5.268132e-01 -1.004299e+00 -5.700350e+00  1.000000e+00
-5.556168e-01 -1.088987e+00 -7.795106e+00  1.000000e+00
-2.949054e-01 -3.903335e-01  6.716961e+00  1.000000e+00
-3.094038e-01 -4.328935e-01  6.116643e+00  1.000000e+00
-2.218383e-01 -2.431945e-01  9.034322e+00  1.000000e+00
-2.508642e-01 -3.283678e-01  8.057897e+00  1.000000e+00
-3.523305e-01 -6.262138e-01  3.754768e+00  1.000000e+00
-4.246553e-01 -8.386160e-01 -1.603002e-01  1.000000e+00
-4.391020e-01 -8.810530e-01 -1.027229e+00  1.000000e+00
-4.535422e-01 -9.234739e-01 -1.922084e+00  1.000000e+00
-4.968208e-01 -1.050633e+00 -4.773985e+00  1.000000e+00
-5.112322e-01 -1.092983e+00 -5.780323e+00  1.000000e+00
-5.400315e-01 -1.177623e+00 -7.876413e+00  1.000000e+00
-5.544190e-01 -1.219912e+00 -8.966115e+00  1.000000e+00
-2.503395e-01 -3.941219e-01  7.751902e+00  1.000000e+00
-2.793464e-01 -4.792502e-01  6.634010e+00  1.000000e+00
-3.373081e-01 -6.493894e-01  4.061108e+00  1.000000e+00
-3.807266e-01 -7.768694e-01  1.836933e+00  1.000000e+00
-3.951880e-01 -8.193354e-01  1.039537e+00  1.000000e+00
-4.673999e-01 -1.031429e+00 -3.366613e+00  1.000000e+00
-4.818216e-01 -1.073795e+00 -4.331530e+00  1.000000e+00
-2.353060e-01 -4.172981e-01  7.962455e+00  1.000000e+00
-2.788147e-01 -5.449761e-01  6.284437e+00  1.000000e+00
-2.933092e-01 -5.875160e-01  5.668893e+00  1.000000e+00
-3.512394e-01 -7.575607e-01  2.926092e+00  1.000000e+00
-3.657088e-01 -8.000396e-01  2.170316e+00  1.000000e+00
-4.668206e-01 -1.096954e+00 -3.902900e+00  1.000000e+00
-2.202715e-01 -4.404726e-01  8.159130e+00  1.000000e+00
-2.347797e-01 -4.830406e-01  7.641572e+00  1.000000e+00
-2.492842e-01 -5.255997e-01  7.095891e+00  1.000000e+00
-3.651553e-01 -8.656702e-01  1.719701e+00  1.000000e+00
-4.662374e-01 -1.162452e+00 -4.453692e+00  1.000000e+00
-2.487535e-01 -5.913202e-01  6.745888e+00  1.000000e+00
-3.211958e-01 -8.038950e-01  3.524025e+00  1.000000e+00
-3.356692e-01 -8.463712e-01  2.795517e+00  1.000000e+00
-3.645990e-01 -9.312794e-01  1.254503e+00  1.000000e+00
-4.656506e-01 -1.227921e+00 -5.018978e+00  1.000000e+00
-4.800576e-01 -1.270221e+00 -6.026641e+00  1.000000e+00
-2.337216e-01 -6.144887e-01  6.955803e+00  1.000000e+00
-2.482209e-01 -6.570262e-01  6.381232e+00  1.000000e+00
-2.916918e-01 -7.845689e-01  4.489040e+00  1.000000e+00
-3.351175e-01 -9.119922e-01  2.344451e+00  1.000000e+00
-3.640397e-01 -9.968654e-01  7.747327e-01  1.000000e+00
-3.784917e-01 -1.039277e+00 -5.206787e-02  1.000000e+00
-1.606483e-01 -4.674088e-01  9.114273e+00  1.000000e+00
-1.896757e-01 -5.525501e-01  8.189321e+00  1.000000e+00
-2.186890e-01 -6.376543e-01  7.151840e+00  1.000000e+00
-2.476863e-01 -7.227160e-01  6.001930e+00  1.000000e+00
-3.056252e-01 -8.926896e-01  3.365281e+00  1.000000e+00
-3.345632e-01 -9.775905e-01  1.878798e+00  1.000000e+00
-3.634776e-01 -1.062427e+00  2.803993e-01  1.000000e+00
-3.779254e-01 -1.104819e+00 -5.607203e-01  1.000000e+00
-3.923666e-01 -1.147193e+00 -1.429760e+00  1.000000e+00
-4.644657e-01 -1.358765e+00 -6.192985e+00  1.000000e+00
-2.326561e-01 -7.458762e-01  6.211413e+00  1.000000e+00
-2.471497e-01 -7.883879e-01  5.607989e+00  1.000000e+00
-2.761229e-01 -8.733722e-01  4.316950e+00  1.000000e+00
-3.050757e-01 -9.582995e-01  2.913764e+00  1.000000e+00
-3.195438e-01 -1.000740e+00  2.170159e+00  1.000000e+00
-3.484625e-01 -1.085572e+00  5.990140e-01  1.000000e+00
-3.773561e-01 -1.170333e+00 -1.083913e+00  1.000000e+00
-3.917929e-01 -1.212685e+00 -1.967244e+00  1.000000e+00
-4.350605e-01 -1.339621e+00 -4.784443e+00  1.000000e+00
-4.494681e-01 -1.381891e+00 -5.779168e+00  1.000000e+00
-2.321206e-01 -8.115432e-01  5.817255e+00  1.000000e+00
-2.755780e-01 -9.389931e-01  3.879587e+00  1.000000e+00
-2.900536e-01 -9.814472e-01  3.177627e+00  1.000000e+00
-3.767838e-01 -1.235818e+00 -1.621636e+00  1.000000e+00
-4.344693e-01 -1.405011e+00 -5.379181e+00  1.000000e+00
-1.300518e-01 -5.794717e-01  9.047651e+00  1.000000e+00
-1.735883e-01 -7.071327e-01  7.656673e+00  1.000000e+00
-2.025943e-01 -7.921861e-01  6.588751e+00  1.000000e+00
-2.170910e-01 -8.346946e-01  6.012647e+00  1.000000e+00
-2.315833e-01 -8.771900e-01  5.408467e+00  1.000000e+00
-2.605534e-01 -9.621387e-01  4.115939e+00  1.000000e+00
-2.895029e-01 -1.047027e+00  2.711295e+00  1.000000e+00
-1.150144e-01 -6.026283e-01  9.147139e+00  1.000000e+00
-1.585543e-01 -7.302853e-01  7.797188e+00  1.000000e+00
-2.165550e-01 -9.003355e-01  5.603641e+00  1.000000e+00
-2.310442e-01 -9.428150e-01  4.985055e+00  1.000000e+00
-2.455285e-01 -9.852799e-01  4.338420e+00  1.000000e+00
-2.889500e-01 -1.112580e+00  2.230383e+00  1.000000e+00
-3.034126e-01 -1.154980e+00  1.471719e+00  1.000000e+00
-3.178692e-01 -1.197361e+00  6.850924e-01  1.000000e+00
-3.323195e-01 -1.239724e+00 -1.294759e-01  1.000000e+00
-1.144946e-01 -6.683424e-01  8.824576e+00  1.000000e+00
-1.870311e-01 -8.809854e-01  6.361798e+00  1.000000e+00
-2.594600e-01 -1.093295e+00  3.196971e+00  1.000000e+00
-3.317520e-01 -1.305185e+00 -6.679093e-01  1.000000e+00
-3.750493e-01 -1.432082e+00 -3.321871e+00  1.000000e+00
-4.182804e-01 -1.558778e+00 -6.226388e+00  1.000000e+00
-9.945851e-02 -6.914905e-01  8.909970e+00  1.000000e+00
-1.284863e-01 -7.765789e-01  8.036568e+00  1.000000e+00
-1.864979e-01 -9.466134e-01  5.952359e+00  1.000000e+00
-2.154779e-01 -1.031548e+00  4.741766e+00  1.000000e+00
-2.733769e-01 -1.201227e+00  1.984216e+00  1.000000e+00
-2.878375e-01 -1.243602e+00  1.224854e+00  1.000000e+00
-3.022921e-01 -1.285959e+00  4.375391e-01  1.000000e+00
-3.744652e-01 -1.497433e+00 -3.917601e+00  1.000000e+00
-6.990321e-02 -6.720766e-01  9.362280e+00  1.000000e+00
-1.134527e-01 -7.997194e-01  8.135431e+00  1.000000e+00
-1.424689e-01 -8.847581e-01  7.176873e+00  1.000000e+00
-1.569713e-01 -9.272585e-01  6.655433e+00  1.000000e+00
-1.859633e-01 -1.012218e+00  5.528295e+00  1.000000e+00
-2.438902e-01 -1.181951e+00  2.937417e+00  1.000000e+00
-2.872779e-01 -1.309068e+00  7.002572e-01  1.000000e+00
-6.938746e-02 -7.377745e-01  9.039098e+00  1.000000e+00
-8.390501e-02 -7.803205e-01  8.643825e+00  1.000000e+00
-1.419416e-01 -9.503880e-01  6.781430e+00  1.000000e+00
-1.709365e-01 -1.035342e+00  5.681622e+00  1.000000e+00
-1.854273e-01 -1.077797e+00  5.089614e+00  1.000000e+00
-1.999133e-01 -1.120236e+00  4.469557e+00  1.000000e+00
-2.143943e-01 -1.162659e+00  3.821466e+00  1.000000e+00
-2.722636e-01 -1.332170e+00  9.491133e-01  1.000000e+00
-3.588778e-01 -1.585827e+00 -4.197265e+00  1.000000e+00
-2.530769e-02 -6.757916e-01  9.761545e+00  1.000000e+00
-5.435281e-02 -7.609101e-01  9.082833e+00  1.000000e+00
-8.338672e-02 -8.459870e-01  8.291505e+00  1.000000e+00
-1.269124e-01 -9.735124e-01  6.893546e+00  1.000000e+00
-1.704024e-01 -1.100913e+00  5.242724e+00  1.000000e+00
-1.848899e-01 -1.143349e+00  4.636325e+00  1.000000e+00
-2.283222e-01 -1.270555e+00  2.648968e+00  1.000000e+00
-2.427887e-01 -1.312921e+00  1.930521e+00  1.000000e+00
-3.294565e-01 -1.566684e+00 -2.966781e+00  1.000000e+00
-2.479684e-02 -7.414886e-01  9.452436e+00  1.000000e+00
-8.286788e-02 -9.116324e-01  7.924523e+00  1.000000e+00
-9.737766e-02 -9.541386e-01  7.472208e+00  1.000000e+00
-1.118838e-01 -9.966315e-01  6.991780e+00  1.000000e+00
-1.263860e-01 -1.039110e+00  6.483254e+00  1.000000e+00
-2.277727e-01 -1.336014e+00  2.138010e+00  1.000000e+00
-2.422352e-01 -1.378357e+00  1.405233e+00  1.000000e+00
 1.928956e-02 -6.794870e-01  1.002235e+01  1.000000e+00
-3.880612e-02 -8.497068e-01  8.774417e+00  1.000000e+00
-5.332344e-02 -8.922351e-01  8.392041e+00  1.000000e+00
-8.234852e-02 -9.772550e-01  7.542888e+00  1.000000e+00
-1.403538e-01 -1.147129e+00  5.507313e+00  1.000000e+00
-2.272214e-01 -1.401440e+00  1.612494e+00  1.000000e+00
-2.416799e-01 -1.443759e+00  8.653998e-01  1.000000e+00
-2.850177e-01 -1.570585e+00 -1.543432e+00  1.000000e+00
-3.829316e-02 -9.153514e-01  8.421483e+00  1.000000e+00
-5.280833e-02 -9.578651e-01  8.024648e+00  1.000000e+00
-8.182864e-02 -1.042853e+00  7.146606e+00  1.000000e+00
-1.398225e-01 -1.212654e+00  5.053374e+00  1.000000e+00
-2.411228e-01 -1.509124e+00  3.110311e-01  1.000000e+00
-2.555709e-01 -1.551396e+00 -4.782922e-01  1.000000e+00
 7.841795e-02 -6.405805e-01  1.033066e+01  1.000000e+00
 6.388618e-02 -6.831628e-01  1.014468e+01  1.000000e+00
 5.776805e-03 -8.534041e-01  9.118917e+00  1.000000e+00
-8.744936e-03 -8.959389e-01  8.792055e+00  1.000000e+00
-3.778005e-02 -9.809731e-01  8.053887e+00  1.000000e+00
-1.103080e-01 -1.193320e+00  5.716392e+00  1.000000e+00
-1.827270e-01 -1.405256e+00  2.677264e+00  1.000000e+00
-1.971951e-01 -1.447587e+00  1.985413e+00  1.000000e+00
-2.261138e-01 -1.532185e+00  5.178311e-01  1.000000e+00
-2.405640e-01 -1.574452e+00 -2.578624e-01  1.000000e+00
 1.079830e-01 -6.211142e-01  1.038063e+01  1.000000e+00
 7.891766e-02 -7.062825e-01  1.006424e+01  1.000000e+00
-8.078737e-02 -1.173970e+00  6.310133e+00  1.000000e+00
-9.528646e-02 -1.216406e+00  5.800114e+00  1.000000e+00
-1.097813e-01 -1.258825e+00  5.262025e+00  1.000000e+00
-1.242716e-01 -1.301227e+00  4.695881e+00  1.000000e+00
 9.394751e-02 -7.293970e-01  9.969929e+00  1.000000e+00
-5.126142e-02 -1.154605e+00  6.834573e+00  1.000000e+00
-8.026602e-02 -1.239485e+00  5.869959e+00  1.000000e+00
-1.092538e-01 -1.324298e+00  4.793054e+00  1.000000e+00
-1.526999e-01 -1.451382e+00  2.967414e+00  1.000000e+00
 1.089756e-01 -7.525062e-01  9.861736e+00  1.000000e+00
 2.181572e-02 -1.007759e+00  8.400428e+00  1.000000e+00
-5.074531e-02 -1.220129e+00  6.408608e+00  1.000000e+00
-1.087257e-01 -1.389739e+00  4.309488e+00  1.000000e+00
 8.185879e-01  1.264902e+00 -1.570324e+01  1.000000e+00
 8.042642e-01  1.222703e+00 -1.451605e+01  1.000000e+00
 7.755876e-01  1.138234e+00 -1.222470e+01  1.000000e+00
 1.385345e-01 -7.330362e-01  9.870899e+00  1.000000e+00
 1.240018e-01 -7.756098e-01  9.739667e+00  1.000000e+00
 9.494023e-02 -8.607304e-01  9.392632e+00  1.000000e+00
 6.588541e-02 -9.458110e-01  8.932878e+00  1.000000e+00
 5.136111e-02 -9.883345e-01  8.660750e+00  1.000000e+00
 2.231990e-02 -1.073345e+00  8.032032e+00  1.000000e+00
-3.572633e-02 -1.243198e+00  6.437029e+00  1.000000e+00
-5.022897e-02 -1.285622e+00  5.968019e+00  1.000000e+00
-1.660852e-01 -1.624352e+00  1.206376e+00  1.000000e+00
 7.474623e-01  9.882692e-01 -9.703564e+00  1.000000e+00
 7.330863e-01  9.459351e-01 -8.669272e+00  1.000000e+00
-4.971244e-02 -1.351084e+00  5.512814e+00  1.000000e+00
-1.221439e-01 -1.562822e+00  2.675002e+00  1.000000e+00
 8.484606e-01  1.218748e+00 -1.729429e+01  1.000000e+00
 2.267181e-01 -6.088824e-01  9.691230e+00  1.000000e+00
 1.540479e-01 -8.217995e-01  9.453907e+00  1.000000e+00
 1.104564e-01 -9.494488e-01  8.973189e+00  1.000000e+00
 8.140378e-02 -1.034495e+00  8.511830e+00  1.000000e+00
-2.019796e-02 -1.331731e+00  6.010576e+00  1.000000e+00
-1.216100e-01 -1.628126e+00  2.133367e+00  1.000000e+00
-1.360772e-01 -1.670386e+00  1.467449e+00  1.000000e+00
 8.776927e-01  1.237855e+00 -1.936541e+01  1.000000e+00
 8.633904e-01  1.195670e+00 -1.811034e+01  1.000000e+00
 2.998703e-01 -4.615532e-01  9.086599e+00  1.000000e+00
 2.417371e-01 -6.319806e-01  9.459138e+00  1.000000e+00
 1.109478e-01 -1.015051e+00  8.647640e+00  1.000000e+00
 9.642204e-02 -1.057565e+00  8.416559e+00  1.000000e+00
 8.189842e-02 -1.100066e+00  8.157319e+00  1.000000e+00
 5.285857e-02 -1.185028e+00  7.554393e+00  1.000000e+00
-7.765253e-02 -1.566561e+00  3.450050e+00  1.000000e+00
 9.069017e-01  1.256944e+00 -2.150457e+01  1.000000e+00
 8.353593e-01  1.045889e+00 -1.530032e+01  1.000000e+00
 8.210208e-01  1.003609e+00 -1.414240e+01  1.000000e+00
 7.779496e-01  8.766459e-01 -1.083495e+01  1.000000e+00
 7.491912e-01  7.919065e-01 -8.768853e+00  1.000000e+00
 7.059921e-01  6.646654e-01 -5.878470e+00  1.000000e+00
 6.915769e-01  6.222193e-01 -4.970769e+00  1.000000e+00
 6.771544e-01  5.797581e-01 -4.090982e+00  1.000000e+00
 4.165569e-01 -1.863357e-01  6.952687e+00  1.000000e+00
 4.020390e-01 -2.289524e-01  7.299141e+00  1.000000e+00
 2.567535e-01 -6.550732e-01  9.213188e+00  1.000000e+00
 2.131512e-01 -7.828304e-01  9.237475e+00  1.000000e+00
 1.986177e-01 -8.254016e-01  9.189171e+00  1.000000e+00
 1.259642e-01 -1.038117e+00  8.524817e+00  1.000000e+00
 6.787293e-02 -1.208080e+00  7.486291e+00  1.000000e+00
 5.335643e-02 -1.250536e+00  7.156302e+00  1.000000e+00
 2.433270e-02 -1.335400e+00  6.411966e+00  1.000000e+00
 9.825924e-03 -1.377808e+00  5.997641e+00  1.000000e+00
-3.367120e-02 -1.504924e+00  4.586190e+00  1.000000e+00
 8.646163e-01  1.065064e+00 -1.730248e+01  1.000000e+00
 4.750917e-01 -8.160931e-02  5.293339e+00  1.000000e+00
 4.315608e-01 -2.094418e-01  6.542605e+00  1.000000e+00
 4.025250e-01 -2.946739e-01  7.234629e+00  1.000000e+00
 3.298957e-01 -5.077495e-01  8.471465e+00  1.000000e+00
 2.136322e-01 -8.484773e-01  8.984076e+00  1.000000e+00
 1.409782e-01 -1.061177e+00  8.388127e+00  1.000000e+00
 1.264517e-01 -1.103683e+00  8.184408e+00  1.000000e+00
-4.169415e-03 -1.485588e+00  5.084803e+00  1.000000e+00
 9.509907e-01  1.252948e+00 -2.460883e+01  1.000000e+00
 9.081519e-01  1.126441e+00 -2.064047e+01  1.000000e+00
 8.365463e-01  9.151304e-01 -1.457835e+01  1.000000e+00
 8.221961e-01  8.728046e-01 -1.344895e+01  1.000000e+00
 8.078367e-01  8.304593e-01 -1.234729e+01  1.000000e+00
 7.647061e-01  7.033123e-01 -9.208973e+00  1.000000e+00
 7.215014e-01  5.760133e-01 -6.321145e+00  1.000000e+00
 6.926603e-01  4.910721e-01 -4.535377e+00  1.000000e+00
 5.770326e-01  1.508244e-01  1.488783e+00  1.000000e+00
 5.625534e-01  1.082504e-01  2.115653e+00  1.000000e+00
 4.465614e-01 -2.325432e-01  6.118702e+00  1.000000e+00
 4.175281e-01 -3.177725e-01  6.838014e+00  1.000000e+00
 4.030075e-01 -3.603880e-01  7.155410e+00  1.000000e+00
 3.594324e-01 -4.882294e-01  7.938489e+00  1.000000e+00
 3.303737e-01 -5.734459e-01  8.319581e+00  1.000000e+00
 3.158425e-01 -6.160487e-01  8.467829e+00  1.000000e+00
 2.577108e-01 -7.864078e-01  8.778821e+00  1.000000e+00
 2.286440e-01 -8.715463e-01  8.765124e+00  1.000000e+00
 1.995792e-01 -9.566501e-01  8.638654e+00  1.000000e+00
 1.850481e-01 -9.991872e-01  8.533138e+00  1.000000e+00
 1.269380e-01 -1.169221e+00  7.829332e+00  1.000000e+00
 9.789480e-02 -1.254160e+00  7.308479e+00  1.000000e+00
 5.435016e-02 -1.381454e+00  6.316205e+00  1.000000e+00
 2.533656e-02 -1.466234e+00  5.514150e+00  1.000000e+00
-3.661904e-03 -1.550940e+00  4.599778e+00  1.000000e+00
 8.371293e-01  8.497156e-01 -1.423912e+01  1.000000e+00
 8.227734e-01  8.073684e-01 -1.312400e+01  1.000000e+00
 7.940348e-01  7.226182e-01 -1.097705e+01  1.000000e+00
 7.508636e-01  5.953638e-01 -7.965177e+00  1.000000e+00
 6.643158e-01  3.404581e-01 -2.694410e+00  1.000000e+00
 6.498673e-01  2.979304e-01 -1.913787e+00  1.000000e+00
 5.340759e-01 -4.261352e-02  3.321878e+00  1.000000e+00
 5.050802e-01 -1.278137e-01  4.349925e+00  1.000000e+00
 4.615584e-01 -2.556396e-01  5.680982e+00  1.000000e+00
 3.889623e-01 -4.687052e-01  7.336165e+00  1.000000e+00
 3.744363e-01 -5.113154e-01  7.582660e+00  1.000000e+00
 3.163173e-01 -6.817237e-01  8.286705e+00  1.000000e+00
 2.727191e-01 -8.094761e-01  8.518663e+00  1.000000e+00
 2.581859e-01 -8.520463e-01  8.539587e+00  1.000000e+00
 1.564714e-01 -1.149772e+00  7.896794e+00  1.000000e+00
 1.419462e-01 -1.192258e+00  7.692272e+00  1.000000e+00
 1.129020e-01 -1.277188e+00  7.198773e+00  1.000000e+00
 1.133952e-02 -1.573934e+00  4.585771e+00  1.000000e+00
 8.664007e-01  8.689580e-01 -1.619924e+01  1.000000e+00
 8.520576e-01  8.266284e-01 -1.504296e+01  1.000000e+00
 8.089734e-01  6.995262e-01 -1.174051e+01  1.000000e+00
 7.658117e-01  5.722681e-01 -8.688185e+00  1.000000e+00
 7.514084e-01  5.298173e-01 -7.726430e+00  1.000000e+00
 7.081531e-01  4.023802e-01 -5.008531e+00  1.000000e+00
 6.792809e-01  3.173585e-01 -3.336265e+00  1.000000e+00
 6.359244e-01  1.897441e-01 -1.037734e+00  1.000000e+00
 5.490610e-01 -6.571058e-02  2.802243e+00  1.000000e+00
 4.330055e-01 -4.065660e-01  6.348007e+00  1.000000e+00
 4.039618e-01 -4.917875e-01  6.952852e+00  1.000000e+00
 3.167893e-01 -7.473815e-01  8.090876e+00  1.000000e+00
 3.022570e-01 -7.899629e-01  8.181865e+00  1.000000e+00
 2.586587e-01 -9.176633e-01  8.285657e+00  1.000000e+00
 2.005333e-01 -1.087802e+00  8.029394e+00  1.000000e+00
 1.860045e-01 -1.130309e+00  7.894879e+00  1.000000e+00
 1.424280e-01 -1.257754e+00  7.322352e+00  1.000000e+00
 1.279067e-01 -1.300208e+00  7.075206e+00  1.000000e+00
 1.133877e-01 -1.342646e+00  6.799922e+00  1.000000e+00
 8.435812e-02 -1.427474e+00  6.164978e+00  1.000000e+00
 9.528688e-01  1.057218e+00 -2.329339e+01  1.000000e+00
 8.956503e-01  8.881858e-01 -1.822757e+01  1.000000e+00
 8.382742e-01  7.188236e-01 -1.360419e+01  1.000000e+00
 8.239072e-01  6.764365e-01 -1.251767e+01  1.000000e+00
 7.807552e-01  5.491752e-01 -9.424897e+00  1.000000e+00
 7.663549e-01  5.067236e-01 -8.449645e+00  1.000000e+00
 7.519468e-01  4.642575e-01 -7.502264e+00  1.000000e+00
 7.231083e-01  3.792847e-01 -5.691198e+00  1.000000e+00
 7.086783e-01  3.367795e-01 -4.827555e+00  1.000000e+00
 6.364308e-01  1.240913e-01 -9.289509e-01  1.000000e+00
 6.219634e-01  8.152623e-02 -2.332708e-01  1.000000e+00
 5.350534e-01 -1.739989e-01  3.351317e+00  1.000000e+00
 4.770301e-01 -3.444263e-01  5.178766e+00  1.000000e+00
 4.334796e-01 -4.722559e-01  6.253737e+00  1.000000e+00
 4.044337e-01 -5.574695e-01  6.829517e+00  1.000000e+00
 3.899079e-01 -6.000725e-01  7.075132e+00  1.000000e+00
 3.463213e-01 -7.278573e-01  7.642841e+00  1.000000e+00
 3.317903e-01 -7.704420e-01  7.775691e+00  1.000000e+00
 2.010075e-01 -1.153338e+00  7.702748e+00  1.000000e+00
 1.864800e-01 -1.195829e+00  7.553741e+00  1.000000e+00
 1.574303e-01 -1.280770e+00  7.171249e+00  1.000000e+00
 1.283890e-01 -1.365652e+00  6.676168e+00  1.000000e+00
 1.138722e-01 -1.408070e+00  6.386430e+00  1.000000e+00
 9.935820e-02 -1.450471e+00  6.068571e+00  1.000000e+00
 1.039021e+00  1.244920e+00 -3.122322e+01  1.000000e+00
 1.024793e+00  1.202816e+00 -2.976470e+01  1.000000e+00
 9.391833e-01  9.496701e-01 -2.159008e+01  1.000000e+00
 8.244637e-01  6.109443e-01 -1.223630e+01  1.000000e+00
 8.100829e-01  5.685227e-01 -1.119189e+01  1.000000e+00
 7.956938e-01  5.260853e-01 -1.017531e+01  1.000000e+00
 7.380588e-01  3.561927e-01 -6.387587e+00  1.000000e+00
 7.091976e-01  2.711701e-01 -4.661189e+00  1.000000e+00
 6.947568e-01  2.286422e-01 -3.839923e+00  1.000000e+00
 6.513969e-01  1.009999e-01 -1.544066e+00  1.000000e+00
 6.369318e-01  5.843541e-02 -8.348154e-01  1.000000e+00
 5.210327e-01 -2.822905e-01  3.828568e+00  1.000000e+00
 4.920170e-01 -3.675048e-01  4.713261e+00  1.000000e+00
 3.903755e-01 -6.657342e-01  6.922562e+00  1.000000e+00
 3.758474e-01 -7.083266e-01  7.125456e+00  1.000000e+00
 3.613181e-01 -7.509140e-01  7.300160e+00  1.000000e+00
 3.322565e-01 -8.360708e-01  7.564993e+00  1.000000e+00
 2.595973e-01 -1.048826e+00  7.733731e+00  1.000000e+00
 2.160074e-01 -1.176359e+00  7.496765e+00  1.000000e+00
 2.014798e-01 -1.218845e+00  7.361433e+00  1.000000e+00
 1.579074e-01 -1.346221e+00  6.786494e+00  1.000000e+00
 9.984385e-02 -1.515838e+00  5.626008e+00  1.000000e+00
 7.083049e-02 -1.600540e+00  4.877128e+00  1.000000e+00
 9.826534e-01  1.011077e+00 -2.513008e+01  1.000000e+00
 8.537597e-01  6.302653e-01 -1.411300e+01  1.000000e+00
 8.393908e-01  5.878591e-01 -1.302734e+01  1.000000e+00
 6.084748e-01 -9.238352e-02  5.500694e-01  1.000000e+00
 5.360124e-01 -3.053668e-01  3.322024e+00  1.000000e+00
 4.779745e-01 -4.757893e-01  5.033305e+00  1.000000e+00
 4.634575e-01 -5.183942e-01  5.390738e+00  1.000000e+00
 4.053669e-01 -6.887897e-01  6.538743e+00  1.000000e+00
 3.763111e-01 -7.739635e-01  6.943653e+00  1.000000e+00
 3.617815e-01 -8.165419e-01  7.103825e+00  1.000000e+00
 3.327199e-01 -9.016785e-01  7.339600e+00  1.000000e+00
 3.181883e-01 -9.442353e-01  7.415202e+00  1.000000e+00
 3.036566e-01 -9.867834e-01  7.462615e+00  1.000000e+00
 2.745937e-01 -1.071851e+00  7.472883e+00  1.000000e+00
 2.019502e-01 -1.284321e+00  7.005455e+00  1.000000e+00
 1.874257e-01 -1.326775e+00  6.827479e+00  1.000000e+00
 1.583829e-01 -1.411639e+00  6.387092e+00  1.000000e+00
 1.148376e-01 -1.538811e+00  5.515554e+00  1.000000e+00
 1.040300e+00  1.114561e+00 -3.027746e+01  1.000000e+00
 1.026057e+00  1.072401e+00 -2.884713e+01  1.000000e+00
 8.830346e-01  6.495744e-01 -1.605802e+01  1.000000e+00
 8.686781e-01  6.071841e-01 -1.493116e+01  1.000000e+00
 8.543127e-01  5.647771e-01 -1.383205e+01  1.000000e+00
 8.255559e-01  4.799153e-01 -1.171718e+01  1.000000e+00
 7.535239e-01  2.675146e-01 -6.917290e+00  1.000000e+00
 6.089591e-01 -1.580494e-01  5.859305e-01  1.000000e+00
 5.799820e-01 -2.432372e-01  1.750025e+00  1.000000e+00
 5.364850e-01 -3.710399e-01  3.285351e+00  1.000000e+00
 5.074689e-01 -4.562476e-01  4.168243e+00  1.000000e+00
 4.494017e-01 -6.266523e-01  5.596169e+00  1.000000e+00
 3.767715e-01 -8.395808e-01  6.747153e+00  1.000000e+00
 3.622417e-01 -8.821493e-01  6.892795e+00  1.000000e+00
 3.477112e-01 -9.247104e-01  7.010249e+00  1.000000e+00
 3.041177e-01 -1.052343e+00  7.193486e+00  1.000000e+00
 2.459974e-01 -1.222374e+00  7.043259e+00  1.000000e+00
 2.314696e-01 -1.264851e+00  6.935272e+00  1.000000e+00
 1.878959e-01 -1.392199e+00  6.442368e+00  1.000000e+00
 1.040927e+00  1.049339e+00 -2.982611e+01  1.000000e+00
 9.552611e-01  7.958809e-01 -2.174134e+01  1.000000e+00
 9.122878e-01  6.688709e-01 -1.807127e+01  1.000000e+00
 8.979441e-01  6.264973e-01 -1.690326e+01  1.000000e+00
 8.548584e-01  4.992747e-01 -1.356563e+01  1.000000e+00
 7.828811e-01  2.869399e-01 -8.558997e+00  1.000000e+00
 7.684625e-01  2.444346e-01 -7.641284e+00  1.000000e+00
 7.540368e-01  2.019180e-01 -6.751488e+00  1.000000e+00
 7.251649e-01  1.168541e-01 -5.055729e+00  1.000000e+00
 7.107191e-01  7.430809e-02 -4.249798e+00  1.000000e+00
 6.962672e-01  3.175370e-02 -3.471860e+00  1.000000e+00
 6.818093e-01 -1.080843e-02 -2.721927e+00  1.000000e+00
 6.094382e-01 -2.237112e-01  6.071258e-01  1.000000e+00
 5.659588e-01 -3.515014e-01  2.267598e+00  1.000000e+00
 4.789023e-01 -6.071042e-01  4.829070e+00  1.000000e+00
 4.353378e-01 -7.348794e-01  5.729666e+00  1.000000e+00
 4.208125e-01 -7.774626e-01  5.973514e+00  1.000000e+00
 3.772286e-01 -9.051770e-01  6.535961e+00  1.000000e+00
 3.336375e-01 -1.032824e+00  6.844742e+00  1.000000e+00
 3.045760e-01 -1.117875e+00  6.909675e+00  1.000000e+00
 2.609872e-01 -1.245369e+00  6.795743e+00  1.000000e+00
 2.028852e-01 -1.415174e+00  6.249533e+00  1.000000e+00
 1.055790e+00  1.026279e+00 -3.081864e+01  1.000000e+00
 9.701498e-01  7.728111e-01 -2.265381e+01  1.000000e+00
 9.271880e-01  6.457979e-01 -1.894356e+01  1.000000e+00
 9.128480e-01  6.034235e-01 -1.776214e+01  1.000000e+00
 8.984986e-01  5.610317e-01 -1.660841e+01  1.000000e+00
 8.122197e-01  3.063573e-01 -1.026929e+01  1.000000e+00
 7.833960e-01  2.213590e-01 -8.378971e+00  1.000000e+00
 7.401067e-01  9.378028e-02 -5.752860e+00  1.000000e+00
 6.967588e-01 -3.387946e-02 -3.378432e+00  1.000000e+00
 6.822975e-01 -7.644752e-02 -2.642963e+00  1.000000e+00
 6.678306e-01 -1.190217e-01 -1.935525e+00  1.000000e+00
 5.954207e-01 -3.319623e-01  1.180746e+00  1.000000e+00
 5.519227e-01 -4.597572e-01  2.713343e+00  1.000000e+00
 5.229064e-01 -5.449549e-01  3.594424e+00  1.000000e+00
 4.938780e-01 -6.301472e-01  4.362911e+00  1.000000e+00
 3.922114e-01 -9.281967e-01  6.165311e+00  1.000000e+00
 3.631524e-01 -1.013296e+00  6.426664e+00  1.000000e+00
 3.486222e-01 -1.055832e+00  6.515066e+00  1.000000e+00
 3.340918e-01 -1.098359e+00  6.575285e+00  1.000000e+00
 2.614457e-01 -1.310822e+00  6.453742e+00  1.000000e+00
 1.084877e+00  1.045388e+00 -3.329495e+01  1.000000e+00
 9.850326e-01  7.497443e-01 -2.357988e+01  1.000000e+00
 9.564091e-01  6.650857e-01 -2.105197e+01  1.000000e+00
 9.420825e-01  6.227284e-01 -1.982947e+01  1.000000e+00
 9.134005e-01  5.379608e-01 -1.746749e+01  1.000000e+00
 8.990456e-01  4.955521e-01 -1.632808e+01  1.000000e+00
 8.703092e-01  4.106880e-01 -1.413250e+01  1.000000e+00
 8.559282e-01  3.682341e-01 -1.307639e+01  1.000000e+00
 8.127366e-01  2.407928e-01 -1.007505e+01  1.000000e+00
 7.983241e-01  1.982882e-01 -9.130344e+00  1.000000e+00
 6.972444e-01 -9.951176e-02 -3.299637e+00  1.000000e+00
 6.683100e-01 -1.846627e-01 -1.885681e+00  1.000000e+00
 6.538348e-01 -2.272457e-01 -1.220772e+00  1.000000e+00
 5.958870e-01 -3.976109e-01  1.158100e+00  1.000000e+00
 5.523830e-01 -5.254005e-01  2.647145e+00  1.000000e+00
 5.088492e-01 -6.531828e-01  3.882965e+00  1.000000e+00
 3.054842e-01 -1.248855e+00  6.298026e+00  1.000000e+00
 2.619017e-01 -1.376243e+00  6.097081e+00  1.000000e+00
 1.085499e+00  9.801662e-01 -3.284433e+01  1.000000e+00
 1.014202e+00  7.689816e-01 -2.583824e+01  1.000000e+00
 9.856068e-01  6.843601e-01 -2.322841e+01  1.000000e+00
 9.712939e-01  6.420204e-01 -2.196488e+01  1.000000e+00
 9.282965e-01  5.148938e-01 -1.834020e+01  1.000000e+00
 9.139452e-01  4.724848e-01 -1.718736e+01  1.000000e+00
 8.995849e-01  4.300601e-01 -1.606225e+01  1.000000e+00
 7.410929e-01 -3.744634e-02 -5.523158e+00  1.000000e+00
 7.121861e-01 -1.225702e-01 -3.970028e+00  1.000000e+00
 6.832564e-01 -2.077179e-01 -2.528960e+00  1.000000e+00
 6.687835e-01 -2.502990e-01 -1.850484e+00  1.000000e+00
 6.253355e-01 -3.780631e-01  1.654515e-02  1.000000e+00
 5.963481e-01 -4.632494e-01  1.120783e+00  1.000000e+00
 5.673452e-01 -5.484375e-01  2.112567e+00  1.000000e+00
 5.093005e-01 -7.187970e-01  3.758498e+00  1.000000e+00
 3.931085e-01 -1.059294e+00  5.698546e+00  1.000000e+00
 3.349914e-01 -1.229343e+00  5.992340e+00  1.000000e+00
 3.059342e-01 -1.314298e+00  5.970197e+00  1.000000e+00
 2.914067e-01 -1.356756e+00  5.916878e+00  1.000000e+00
 2.768804e-01 -1.399199e+00  5.835399e+00  1.000000e+00
 1.029068e+00  7.459224e-01 -2.680481e+01  1.000000e+00
 9.288390e-01  4.494217e-01 -1.806025e+01  1.000000e+00
 8.857424e-01  3.221037e-01 -1.472793e+01  1.000000e+00
 8.713598e-01  2.796366e-01 -1.367273e+01  1.000000e+00
 8.425702e-01  1.946647e-01 -1.164579e+01  1.000000e+00
 8.281638e-01  1.521614e-01 -1.067411e+01  1.000000e+00
 8.137499e-01  1.096474e-01 -9.730306e+00  1.000000e+00
 7.560242e-01 -6.050177e-02 -6.234331e+00  1.000000e+00
 7.415764e-01 -1.030589e-01 -5.430235e+00  1.000000e+00
 7.271226e-01 -1.456226e-01 -4.654129e+00  1.000000e+00
 6.981977e-01 -2.307667e-01 -3.185960e+00  1.000000e+00
 6.547707e-01 -3.585149e-01 -1.194017e+00  1.000000e+00
 6.257957e-01 -4.436935e-01 -6.413958e-03  1.000000e+00
 5.968040e-01 -5.288761e-01  1.068797e+00  1.000000e+00
 5.677975e-01 -6.140572e-01  2.031536e+00  1.000000e+00
 5.532892e-01 -6.566456e-01  2.470709e+00  1.000000e+00
 5.242639e-01 -7.418141e-01  3.264620e+00  1.000000e+00
 5.097473e-01 -7.843930e-01  3.619348e+00  1.000000e+00
 4.952284e-01 -8.269673e-01  3.945916e+00  1.000000e+00
 4.807075e-01 -8.695365e-01  4.244321e+00  1.000000e+00
 4.516604e-01 -9.546563e-01  4.756623e+00  1.000000e+00
 4.371347e-01 -9.972057e-01  4.970515e+00  1.000000e+00
 3.935518e-01 -1.124803e+00  5.443140e+00  1.000000e+00
 2.337648e-01 -1.591744e+00  5.007156e+00  1.000000e+00
 1.001045e+00  5.959011e-01 -2.383144e+01  1.000000e+00
 9.867300e-01  5.535420e-01 -2.256879e+01  1.000000e+00
 9.437267e-01  4.263630e-01 -1.894676e+01  1.000000e+00
 7.853887e-01 -4.100284e-02 -7.804785e+00  1.000000e+00
 7.565049e-01 -1.261067e-01 -6.141571e+00  1.000000e+00
 7.275965e-01 -2.112364e-01 -4.590294e+00  1.000000e+00
 6.841919e-01 -3.389669e-01 -2.473533e+00  1.000000e+00
 6.262506e-01 -5.093126e-01 -4.403701e-02  1.000000e+00
 5.247072e-01 -8.073984e-01  3.125321e+00  1.000000e+00
 4.956699e-01 -8.925344e-01  3.777550e+00  1.000000e+00
 4.811482e-01 -9.350937e-01  4.061420e+00  1.000000e+00
 3.358788e-01 -1.360202e+00  5.350715e+00  1.000000e+00
 1.044502e+00  6.575115e-01 -2.741988e+01  1.000000e+00
 9.729485e-01  4.457182e-01 -2.103992e+01  1.000000e+00
 9.586083e-01  4.033090e-01 -1.984686e+01  1.000000e+00
 9.442588e-01  3.608846e-01 -1.868150e+01  1.000000e+00
 9.155331e-01  2.759926e-01 -1.643400e+01  1.000000e+00
 8.723808e-01  1.485575e-01 -1.327113e+01  1.000000e+00
 8.435729e-01  6.354395e-02 -1.130174e+01  1.000000e+00
 7.569791e-01 -1.917085e-01 -6.063426e+00  1.000000e+00
 6.267000e-01 -5.749188e-01 -9.632318e-02  1.000000e+00
 5.831954e-01 -7.026693e-01  1.387194e+00  1.000000e+00
 5.396622e-01 -8.303955e-01  2.617526e+00  1.000000e+00
 5.106275e-01 -9.155236e-01  3.297002e+00  1.000000e+00
 4.961070e-01 -9.580788e-01  3.594502e+00  1.000000e+00
 3.508447e-01 -1.383140e+00  5.020253e+00  1.000000e+00
 3.072672e-01 -1.510421e+00  4.898761e+00  1.000000e+00
 1.130619e+00  8.457762e-01 -3.554865e+01  1.000000e+00
 1.116389e+00  8.035561e-01 -3.406680e+01  1.000000e+00
 1.102147e+00  7.613141e-01 -3.261236e+01  1.000000e+00
 1.045068e+00  5.921398e-01 -2.706923e+01  1.000000e+00
 1.002147e+00  4.650620e-01 -2.320113e+01  1.000000e+00
 9.878200e-01  4.226688e-01 -2.196700e+01  1.000000e+00
 8.440634e-01 -2.019406e-03 -1.115157e+01  1.000000e+00
 8.296441e-01 -4.454869e-02 -1.022311e+01  1.000000e+00
 8.152177e-01 -8.708630e-02 -9.322560e+00  1.000000e+00
 8.007846e-01 -1.296314e-01 -8.449951e+00  1.000000e+00
 7.718989e-01 -2.147415e-01 -6.788604e+00  1.000000e+00
 7.285255e-01 -3.424461e-01 -4.506514e+00  1.000000e+00
 7.140566e-01 -3.850220e-01 -3.801859e+00  1.000000e+00
 6.851037e-01 -4.701813e-01 -2.476692e+00  1.000000e+00
 6.416400e-01 -5.979284e-01 -6.994872e-01  1.000000e+00
 5.691246e-01 -8.108162e-01  1.700389e+00  1.000000e+00
 5.110608e-01 -9.810550e-01  3.113811e+00  1.000000e+00
 4.965397e-01 -1.023599e+00  3.396776e+00  1.000000e+00
 4.674930e-01 -1.108663e+00  3.878215e+00  1.000000e+00
 3.512797e-01 -1.448503e+00  4.677295e+00  1.000000e+00
 1.059917e+00  5.690952e-01 -2.806331e+01  1.000000e+00
 1.031321e+00  4.843939e-01 -2.543028e+01  1.000000e+00
 9.452990e-01  2.299024e-01 -1.819450e+01  1.000000e+00
 9.309301e-01  1.874379e-01 -1.708554e+01  1.000000e+00
 9.165528e-01  1.449610e-01 -1.600436e+01  1.000000e+00
 9.021671e-01  1.024727e-01 -1.495099e+01  1.000000e+00
 8.445467e-01 -6.758254e-02 -1.101597e+01  1.000000e+00
 8.012562e-01 -1.952116e-01 -8.357662e+00  1.000000e+00
 7.868129e-01 -2.377677e-01 -7.527457e+00  1.000000e+00
 6.710649e-01 -5.783507e-01 -1.894269e+00  1.000000e+00
 6.565747e-01 -6.209301e-01 -1.316377e+00  1.000000e+00
 5.695571e-01 -8.763636e-01  1.560659e+00  1.000000e+00
 5.114897e-01 -1.046561e+00  2.915943e+00  1.000000e+00
 4.969681e-01 -1.089093e+00  3.184374e+00  1.000000e+00
 4.098163e-01 -1.344081e+00  4.203513e+00  1.000000e+00
 3.662369e-01 -1.471414e+00  4.332876e+00  1.000000e+00
 1.089036e+00  5.883787e-01 -3.044207e+01  1.000000e+00
 1.046171e+00  4.613539e-01 -2.641120e+01  1.000000e+00
 1.017543e+00  3.765849e-01 -2.386186e+01  1.000000e+00
 9.888764e-01  2.917537e-01 -2.142310e+01  1.000000e+00
 9.458071e-01  1.644021e-01 -1.797276e+01  1.000000e+00
 8.738565e-01 -4.808388e-02 -1.277790e+01  1.000000e+00
 8.450228e-01 -1.331439e-01 -1.089496e+01  1.000000e+00
 8.161614e-01 -2.182330e-01 -9.123690e+00  1.000000e+00
 8.017209e-01 -2.607869e-01 -8.279976e+00  1.000000e+00
 7.438988e-01 -4.310475e-01 -5.184979e+00  1.000000e+00
 7.294294e-01 -4.736205e-01 -4.481269e+00  1.000000e+00
 7.149550e-01 -5.161953e-01 -3.805602e+00  1.000000e+00
 6.859920e-01 -6.013475e-01 -2.538449e+00  1.000000e+00
 5.554700e-01 -9.844374e-01  1.772770e+00  1.000000e+00
 5.409533e-01 -1.026980e+00  2.111135e+00  1.000000e+00
 4.247674e-01 -1.366998e+00  3.804356e+00  1.000000e+00
 1.032395e+00  3.535508e-01 -2.482962e+01  1.000000e+00
 9.319283e-01  5.641204e-02 -1.668530e+01  1.000000e+00
 8.887437e-01 -7.110627e-02 -1.361150e+01  1.000000e+00
 8.743335e-01 -1.136304e-01 -1.264261e+01  1.000000e+00
 8.599161e-01 -1.561624e-01 -1.170162e+01  1.000000e+00
 7.732726e-01 -4.114809e-01 -6.642338e+00  1.000000e+00
 7.443441e-01 -4.966186e-01 -5.179815e+00  1.000000e+00
 7.298719e-01 -5.391904e-01 -4.490600e+00  1.000000e+00
 6.864272e-01 -6.669085e-01 -2.591300e+00  1.000000e+00
 6.719369e-01 -7.094798e-01 -2.014353e+00  1.000000e+00
 6.574426e-01 -7.520494e-01 -1.465500e+00  1.000000e+00
 6.284431e-01 -8.371803e-01 -4.521093e-01  1.000000e+00
 1.018588e+00  2.456940e-01 -2.331867e+01  1.000000e+00
 9.898993e-01  1.608099e-01 -2.093714e+01  1.000000e+00
 7.881763e-01 -4.344771e-01 -7.381623e+00  1.000000e+00
 8.464077e-01 -3.297997e-01 -1.061943e+01  1.000000e+00
 8.175245e-01 -4.149062e-01 -8.934881e+00  1.000000e+00
 7.741551e-01 -5.425904e-01 -6.617930e+00  1.000000e+00
 7.596878e-01 -5.851555e-01 -5.901638e+00  1.000000e+00
 7.452154e-01 -6.277213e-01 -5.213383e+00  1.000000e+00
 6.872798e-01 -7.979777e-01 -2.740956e+00  1.000000e+00
 1.076908e+00  2.844828e-01 -2.781404e+01  1.000000e+00
 1.019599e+00  1.147793e-01 -2.283336e+01  1.000000e+00
 9.477587e-01 -9.762198e-02 -1.723104e+01  1.000000e+00
 9.333658e-01 -1.401316e-01 -1.619395e+01  1.000000e+00
 8.757196e-01 -3.102448e-01 -1.232420e+01  1.000000e+00
 1.005735e+00  6.848847e-03 -2.145080e+01  1.000000e+00
 9.769973e-01 -7.811933e-02 -1.921079e+01  1.000000e+00
 8.761666e-01 -3.757691e-01 -1.224722e+01  1.000000e+00
-9.528428e-01  6.277409e-01 -1.803493e+01  2.000000e+00
-9.667750e-01  5.198348e-01 -1.957203e+01  2.000000e+00
-7.644066e-01  1.048608e+00 -5.307885e+00  2.000000e+00
-8.799415e-01  7.090174e-01 -1.299159e+01  2.000000e+00
-8.943552e-01  6.665659e-01 -1.407784e+01  2.000000e+00
-9.519377e-01  4.967838e-01 -1.870151e+01  2.000000e+00
-1.052392e+00  1.998634e-01 -2.786210e+01  2.000000e+00
-1.123862e+00 -1.195803e-02 -3.523426e+01  2.000000e+00
-1.209269e+00 -2.657168e-01 -4.498660e+01  2.000000e+00
-7.061026e-01  1.152940e+00 -2.247691e+00  2.000000e+00
-7.928995e-01  8.982762e-01 -7.257044e+00  2.000000e+00
-8.362264e-01  7.709039e-01 -1.014005e+01  2.000000e+00
-1.008909e+00  2.615789e-01 -2.418239e+01  2.000000e+00
-1.066201e+00  9.200198e-02 -2.975101e+01  2.000000e+00
-1.109066e+00 -3.506990e-02 -3.421700e+01  2.000000e+00
-1.208699e+00 -3.310897e-01 -4.559756e+01  2.000000e+00
-6.767211e-01  1.172404e+00 -8.971391e-01  2.000000e+00
-6.912052e-01  1.129972e+00 -1.620219e+00  2.000000e+00
-7.346324e-01  1.002639e+00 -3.958031e+00  2.000000e+00
-7.924677e-01  8.328054e-01 -7.467917e+00  2.000000e+00
-8.213522e-01  7.478770e-01 -9.390921e+00  2.000000e+00
-8.646321e-01  6.204851e-01 -1.248510e+01  2.000000e+00
-8.790454e-01  5.780241e-01 -1.357233e+01  2.000000e+00
-1.008417e+00  1.960770e-01 -2.460936e+01  2.000000e+00
-1.165510e+00 -2.697242e-01 -4.113914e+01  2.000000e+00
-6.907838e-01  1.064549e+00 -1.744098e+00  2.000000e+00
-7.197356e-01  9.796414e-01 -3.303644e+00  2.000000e+00
-7.486687e-01  8.947175e-01 -4.975466e+00  2.000000e+00
-8.064713e-01  7.248422e-01 -8.655446e+00  2.000000e+00
-8.353371e-01  6.399018e-01 -1.066333e+01  2.000000e+00
-9.648820e-01  2.578185e-01 -2.107897e+01  2.000000e+00
-1.007916e+00  1.305693e-01 -2.505079e+01  2.000000e+00
-1.164942e+00 -3.351265e-01 -4.173647e+01  2.000000e+00
-1.207530e+00 -4.618116e-01 -4.686214e+01  2.000000e+00
-6.903565e-01  9.990981e-01 -1.882691e+00  2.000000e+00
-7.482320e-01  8.292263e-01 -5.172167e+00  2.000000e+00
-8.493013e-01  5.319027e-01 -1.200719e+01  2.000000e+00
-9.356647e-01  2.771578e-01 -1.895404e+01  2.000000e+00
-9.643883e-01  1.922917e-01 -2.149199e+01  2.000000e+00
-9.787370e-01  1.498709e-01 -2.280255e+01  2.000000e+00
-1.021728e+00  2.266599e-02 -2.690019e+01  2.000000e+00
-1.036039e+00 -1.971426e-02 -2.832130e+01  2.000000e+00
-1.121689e+00 -2.737230e-01 -3.742581e+01  2.000000e+00
-5.884937e-01  1.230784e+00  2.740651e+00  2.000000e+00
-6.319854e-01  1.103467e+00  8.622766e-01  2.000000e+00
-7.333301e-01  8.061936e-01 -4.504585e+00  2.000000e+00
-7.766901e-01  6.787497e-01 -7.225500e+00  2.000000e+00
-8.199967e-01  5.513082e-01 -1.019828e+01  2.000000e+00
-9.638865e-01  1.267591e-01 -2.191950e+01  2.000000e+00
-1.064090e+00 -1.699175e-01 -3.177336e+01  2.000000e+00
-1.121122e+00 -3.391534e-01 -3.800948e+01  2.000000e+00
-1.192151e+00 -5.503159e-01 -4.641979e+01  2.000000e+00
-6.894841e-01  8.681200e-01 -2.203997e+00  2.000000e+00
-7.328835e-01  7.406672e-01 -4.716133e+00  2.000000e+00
-7.617900e-01  6.556926e-01 -6.531048e+00  2.000000e+00
-8.915530e-01  2.734055e-01 -1.608153e+01  2.000000e+00
-9.203079e-01  1.885076e-01 -1.851028e+01  2.000000e+00
-9.490291e-01  1.036417e-01 -2.105004e+01  2.000000e+00
-1.092065e+00 -3.200171e-01 -3.540637e+01  2.000000e+00
-6.021322e-01  1.057466e+00  1.966514e+00  2.000000e+00
-6.456042e-01  9.300504e-01 -8.361980e-02  2.000000e+00
-6.745653e-01  8.450839e-01 -1.590922e+00  2.000000e+00
-7.468837e-01  6.326283e-01 -5.850288e+00  2.000000e+00
-7.613311e-01  5.901360e-01 -6.786226e+00  2.000000e+00
-8.046363e-01  4.626689e-01 -9.761851e+00  2.000000e+00
-9.198050e-01  1.229513e-01 -1.892385e+01  2.000000e+00
-9.771913e-01 -4.671865e-02 -2.417132e+01  2.000000e+00
-1.091493e+00 -3.854607e-01 -3.599048e+01  2.000000e+00
-5.001580e-01  1.289134e+00  5.756647e+00  2.000000e+00
-5.146707e-01  1.246709e+00  5.283984e+00  2.000000e+00
-6.741167e-01  7.795466e-01 -1.773799e+00  2.000000e+00
-7.464216e-01  5.670597e-01 -6.105642e+00  2.000000e+00
-8.617897e-01  2.271857e-01 -1.449090e+01  2.000000e+00
-9.766596e-01 -1.122501e-01 -2.465648e+01  2.000000e+00
-1.090912e+00 -4.508955e-01 -3.658888e+01  2.000000e+00
-1.119365e+00 -5.353922e-01 -3.984619e+01  2.000000e+00
-5.142342e-01  1.181280e+00  5.246460e+00  2.000000e+00
-5.577554e-01  1.053905e+00  3.615651e+00  2.000000e+00
-5.722568e-01  1.011432e+00  3.015718e+00  2.000000e+00
-5.867549e-01  9.689533e-01  2.387635e+00  2.000000e+00
-6.447103e-01  7.989895e-01 -4.059736e-01  2.000000e+00
-6.881313e-01  6.714861e-01 -2.796164e+00  2.000000e+00
-7.025950e-01  6.289828e-01 -3.649006e+00  2.000000e+00
-7.603939e-01  4.589771e-01 -7.340497e+00  2.000000e+00
-7.892565e-01  3.739886e-01 -9.354064e+00  2.000000e+00
-8.036777e-01  3.315002e-01 -1.040273e+01  2.000000e+00
-9.904317e-01 -2.201505e-01 -2.656551e+01  2.000000e+00
-1.047577e+00 -3.894883e-01 -3.247858e+01  2.000000e+00
-1.061837e+00 -4.317830e-01 -3.402552e+01  2.000000e+00
-4.266974e-01  1.370416e+00  7.782149e+00  2.000000e+00
-4.557360e-01  1.285593e+00  7.032301e+00  2.000000e+00
-4.847685e-01  1.200725e+00  6.169629e+00  2.000000e+00
-5.283019e-01  1.073355e+00  4.664175e+00  2.000000e+00
-5.428080e-01  1.030883e+00  4.106001e+00  2.000000e+00
-5.718110e-01  9.459187e-01  2.905173e+00  2.000000e+00
-6.587312e-01  6.909200e-01 -1.372381e+00  2.000000e+00
-6.732024e-01  6.484121e-01 -2.183622e+00  2.000000e+00
-7.165849e-01  5.208880e-01 -4.785591e+00  2.000000e+00
-7.454782e-01  4.358788e-01 -6.660275e+00  2.000000e+00
-7.599156e-01  3.933782e-01 -7.639574e+00  2.000000e+00
-8.895339e-01  1.112042e-02 -1.770828e+01  2.000000e+00
-9.182499e-01 -7.373502e-02 -2.025153e+01  2.000000e+00
-9.469297e-01 -1.585455e-01 -2.290554e+01  2.000000e+00
-1.004174e+00 -3.280098e-01 -2.854487e+01  2.000000e+00
-1.018459e+00 -3.703392e-01 -3.002356e+01  2.000000e+00
-3.972121e-01  1.389841e+00  8.468751e+00  2.000000e+00
-4.407749e-01  1.262602e+00  7.427182e+00  2.000000e+00
-4.552933e-01  1.220167e+00  7.023569e+00  2.000000e+00
-4.843248e-01  1.135266e+00  6.131735e+00  2.000000e+00
-5.713604e-01  8.803803e-01  2.779895e+00  2.000000e+00
-6.003463e-01  7.953748e-01  1.437410e+00  2.000000e+00
-6.148334e-01  7.528669e-01  7.239908e-01  2.000000e+00
-6.437945e-01  6.678447e-01 -7.871360e-01  2.000000e+00
-6.582681e-01  6.253316e-01 -1.584816e+00  2.000000e+00
-6.727367e-01  5.828182e-01 -2.410554e+00  2.000000e+00
-6.872001e-01  5.403051e-01 -3.264334e+00  2.000000e+00
-7.305568e-01  4.127746e-01 -5.993759e+00  2.000000e+00
-7.449970e-01  3.702697e-01 -6.959537e+00  2.000000e+00
-8.314965e-01  1.153437e-01 -1.334050e+01  2.000000e+00
-8.458872e-01  7.287970e-02 -1.450151e+01  2.000000e+00
-8.890104e-01 -5.445784e-02 -1.815124e+01  2.000000e+00
-1.003605e+00 -3.935047e-01 -2.910160e+01  2.000000e+00
-1.060657e+00 -5.626622e-01 -3.523751e+01  2.000000e+00
-3.677198e-01  1.409259e+00  9.086040e+00  2.000000e+00
-4.693627e-01  1.112248e+00  6.553670e+00  2.000000e+00
-4.838768e-01  1.069778e+00  6.079080e+00  2.000000e+00
-4.983885e-01  1.027301e+00  5.576302e+00  2.000000e+00
-5.419078e-01  8.998275e-01  3.898921e+00  2.000000e+00
-5.709048e-01  8.148189e-01  2.639889e+00  2.000000e+00
-5.853978e-01  7.723088e-01  1.968172e+00  2.000000e+00
-6.143719e-01  6.872801e-01  5.403936e-01  2.000000e+00
-7.011806e-01  4.321771e-01 -4.416687e+00  2.000000e+00
-7.156297e-01  3.896648e-01 -5.340958e+00  2.000000e+00
-7.300728e-01  3.471556e-01 -6.293208e+00  2.000000e+00
-7.445095e-01  3.046504e-01 -7.273418e+00  2.000000e+00
-8.165907e-01  9.220688e-02 -1.259317e+01  2.000000e+00
-9.028315e-01 -1.624524e-01 -1.989501e+01  2.000000e+00
-1.116892e+00 -7.968593e-01 -4.249449e+01  2.000000e+00
-4.834246e-01  1.004262e+00  6.011667e+00  2.000000e+00
-4.979354e-01  9.617713e-01  5.494322e+00  2.000000e+00
-5.124435e-01  9.192742e-01  4.948803e+00  2.000000e+00
-5.704443e-01  7.492362e-01  2.485161e+00  2.000000e+00
-5.849355e-01  7.067178e-01  1.798913e+00  2.000000e+00
-6.283833e-01  5.791521e-01 -4.284444e-01  2.000000e+00
-6.428567e-01  5.366291e-01 -1.227055e+00  2.000000e+00
-6.573250e-01  4.941066e-01 -2.053720e+00  2.000000e+00
-7.440157e-01  2.390226e-01 -7.601909e+00  2.000000e+00
-8.304660e-01 -1.586666e-02 -1.415543e+01  2.000000e+00
-1.016710e+00 -5.667496e-01 -3.177915e+01  2.000000e+00
-2.941916e-01  1.490440e+00  1.027775e+01  2.000000e+00
-4.394246e-01  1.066188e+00  7.356107e+00  2.000000e+00
-4.684560e-01  9.812165e-01  6.433225e+00  2.000000e+00
-5.119848e-01  8.537086e-01  4.837520e+00  2.000000e+00
-5.264885e-01  8.111954e-01  4.249284e+00  2.000000e+00
-5.409890e-01  7.686781e-01  3.632898e+00  2.000000e+00
-5.989529e-01  5.985812e-01  8.860711e-01  2.000000e+00
-6.279089e-01  5.135259e-01 -6.559317e-01  2.000000e+00
-6.568450e-01  4.284734e-01 -2.310175e+00  2.000000e+00
-7.146503e-01  2.583989e-01 -5.954855e+00  2.000000e+00
-7.723537e-01  8.840196e-02 -1.004681e+01  2.000000e+00
-8.155554e-01 -3.901831e-02 -1.340849e+01  2.000000e+00
-8.299402e-01 -8.147330e-02 -1.458469e+01  2.000000e+00
-8.443169e-01 -1.239179e-01 -1.578866e+01  2.000000e+00
-9.017363e-01 -2.935791e-01 -2.088181e+01  2.000000e+00
-9.160683e-01 -3.359616e-01 -2.222427e+01  2.000000e+00
-1.001850e+00 -5.899283e-01 -3.085787e+01  2.000000e+00
-2.937331e-01  1.425091e+00  1.037032e+01  2.000000e+00
-3.082590e-01  1.382701e+00  1.019058e+01  2.000000e+00
-3.227849e-01  1.340297e+00  9.982622e+00  2.000000e+00
-3.518361e-01  1.255452e+00  9.482010e+00  2.000000e+00
-3.808848e-01  1.170560e+00  8.868497e+00  2.000000e+00
-4.679966e-01  9.156615e-01  6.350868e+00  2.000000e+00
-4.825078e-01  8.731531e-01  5.832582e+00  2.000000e+00
-5.405226e-01  7.030723e-01  3.477795e+00  2.000000e+00
-5.550177e-01  6.605438e-01  2.818738e+00  2.000000e+00
-5.839957e-01  5.754816e-01  1.416274e+00  2.000000e+00
-6.274291e-01  4.478859e-01 -8.980963e-01  2.000000e+00
-6.563595e-01  3.628285e-01 -2.581287e+00  2.000000e+00
-6.708165e-01  3.203039e-01 -3.464917e+00  2.000000e+00
-7.285838e-01  1.502480e-01 -7.279248e+00  2.000000e+00
-7.718392e-01  2.277036e-02 -1.043325e+01  2.000000e+00
-8.437792e-01 -1.895147e-01 -1.624673e+01  2.000000e+00
-2.932720e-01  1.359705e+00  1.044810e+01  2.000000e+00
-3.804253e-01  1.105063e+00  8.858801e+00  2.000000e+00
-3.949478e-01  1.062586e+00  8.495138e+00  2.000000e+00
-4.094688e-01  1.020100e+00  8.103262e+00  2.000000e+00
-4.820432e-01  8.075636e-01  5.720921e+00  2.000000e+00
-5.110542e-01  7.225122e-01  4.570744e+00  2.000000e+00
-5.400516e-01  6.374479e-01  3.307973e+00  2.000000e+00
-5.545447e-01  5.949128e-01  2.634394e+00  2.000000e+00
-5.690337e-01  5.523764e-01  1.932701e+00  2.000000e+00
-7.569111e-01 -3.831503e-04 -9.740665e+00  2.000000e+00
-7.713182e-01 -4.286260e-02 -1.083424e+01  2.000000e+00
-8.001092e-01 -1.277931e-01 -1.310490e+01  2.000000e+00
-8.288679e-01 -2.126811e-01 -1.548673e+01  2.000000e+00
-8.575924e-01 -2.975212e-01 -1.797954e+01  2.000000e+00
-9.149315e-01 -4.670355e-01 -2.329720e+01  2.000000e+00
-1.014883e+00 -7.630387e-01 -3.366352e+01  2.000000e+00
-2.637543e-01  1.379104e+00  1.084420e+01  2.000000e+00
-3.073353e-01  1.251854e+00  1.030221e+01  2.000000e+00
-4.090051e-01  9.545459e-01  8.049651e+00  2.000000e+00
-4.380401e-01  8.695255e-01  7.152157e+00  2.000000e+00
-4.670657e-01  7.844819e-01  6.141907e+00  2.000000e+00
-4.815744e-01  7.419530e-01  5.594518e+00  2.000000e+00
-5.105823e-01  6.568846e-01  4.415262e+00  2.000000e+00
-5.540671e-01  5.292660e-01  2.435343e+00  2.000000e+00
-5.685538e-01  4.867249e-01  1.719142e+00  2.000000e+00
-6.264536e-01  3.165713e-01 -1.426428e+00  2.000000e+00
-6.409155e-01  2.740391e-01 -2.282935e+00  2.000000e+00
-6.553719e-01  2.315107e-01 -3.167455e+00  2.000000e+00
-7.275604e-01  1.895053e-02 -8.009597e+00  2.000000e+00
-7.419779e-01 -2.354031e-02 -9.061794e+00  2.000000e+00
-7.995724e-01 -1.934100e-01 -1.354908e+01  2.000000e+00
-8.426827e-01 -3.206947e-01 -1.720630e+01  2.000000e+00
-8.857127e-01 -4.478579e-01 -2.111281e+01  2.000000e+00
-9.143516e-01 -5.325567e-01 -2.385527e+01  2.000000e+00
-2.197067e-01  1.440877e+00  1.125320e+01  2.000000e+00
-2.778142e-01  1.271265e+00  1.075456e+01  2.000000e+00
-3.504486e-01  1.058971e+00  9.496064e+00  2.000000e+00
-3.940180e-01  9.314794e-01  8.402290e+00  2.000000e+00
-4.230556e-01  8.464482e-01  7.532068e+00  2.000000e+00
-4.375710e-01  8.039237e-01  7.054664e+00  2.000000e+00
-4.520840e-01  7.613942e-01  6.549076e+00  2.000000e+00
-4.665943e-01  7.188604e-01  6.015312e+00  2.000000e+00
-4.956055e-01  6.337824e-01  4.863292e+00  2.000000e+00
-5.246030e-01  5.486955e-01  3.598688e+00  2.000000e+00
-5.390959e-01  5.061504e-01  2.924195e+00  2.000000e+00
-6.114934e-01  2.934359e-01 -8.696413e-01  2.000000e+00
-6.259578e-01  2.509001e-01 -1.712579e+00  2.000000e+00
-7.558586e-01 -1.316609e-01 -1.055761e+01  2.000000e+00
-7.702567e-01 -1.741260e-01 -1.167986e+01  2.000000e+00
-8.277677e-01 -3.438707e-01 -1.644673e+01  2.000000e+00
-8.421239e-01 -3.862745e-01 -1.770779e+01  2.000000e+00
-9.280623e-01 -6.403731e-01 -2.585442e+01  2.000000e+00
-9.423501e-01 -6.826623e-01 -2.730864e+01  2.000000e+00
-1.901827e-01  1.460252e+00  1.146860e+01  2.000000e+00
-2.628166e-01  1.248240e+00  1.098416e+01  2.000000e+00
-2.918729e-01  1.163343e+00  1.059276e+01  2.000000e+00
-3.064007e-01  1.120877e+00  1.035471e+01  2.000000e+00
-3.209280e-01  1.078401e+00  1.008843e+01  2.000000e+00
-3.499800e-01  9.934206e-01  9.471200e+00  2.000000e+00
-3.790269e-01  9.084067e-01  8.741092e+00  2.000000e+00
-3.935479e-01  8.658890e-01  8.333722e+00  2.000000e+00
-4.225838e-01  7.808354e-01  7.434380e+00  2.000000e+00
-4.516100e-01  6.957622e-01  6.422287e+00  2.000000e+00
-4.661188e-01  6.532200e-01  5.873980e+00  2.000000e+00
-4.806245e-01  6.106750e-01  5.297513e+00  2.000000e+00
-4.951268e-01  5.681278e-01  4.692894e+00  2.000000e+00
-5.675795e-01  3.553843e-01  1.247958e+00  2.000000e+00
-5.820566e-01  3.128389e-01  4.746950e-01  2.000000e+00
-6.688055e-01  5.764765e-02 -4.753516e+00  2.000000e+00
-7.120963e-01 -6.986472e-02 -7.745211e+00  2.000000e+00
-7.553228e-01 -1.972967e-01 -1.098790e+01  2.000000e+00
-8.702317e-01 -5.365812e-01 -2.085726e+01  2.000000e+00
-9.131690e-01 -6.635596e-01 -2.501453e+01  2.000000e+00
-2.332871e-01  1.267644e+00  1.133959e+01  2.000000e+00
-2.478155e-01  1.225207e+00  1.119989e+01  2.000000e+00
-2.914014e-01  1.097826e+00  1.061142e+01  2.000000e+00
-3.059294e-01  1.055344e+00  1.035879e+01  2.000000e+00
-3.204567e-01  1.012853e+00  1.007794e+01  2.000000e+00
-3.349831e-01  9.703527e-01  9.768864e+00  2.000000e+00
-3.640321e-01  8.853280e-01  9.066051e+00  2.000000e+00
-4.075926e-01  7.577414e-01  7.800265e+00  2.000000e+00
-4.511320e-01  6.301119e-01  6.280761e+00  2.000000e+00
-4.656394e-01  5.875624e-01  5.717918e+00  2.000000e+00
-4.801434e-01  5.450109e-01  5.126920e+00  2.000000e+00
-5.091406e-01  4.599047e-01  3.860505e+00  2.000000e+00
-5.815595e-01  2.471525e-01  2.026113e-01  2.000000e+00
-6.104924e-01  1.620715e-01 -1.456986e+00  2.000000e+00
-6.827218e-01 -5.053299e-02 -6.095899e+00  2.000000e+00
-7.835500e-01 -3.478087e-01 -1.376224e+01  2.000000e+00
-8.409852e-01 -5.174055e-01 -1.875410e+01  2.000000e+00
-2.182824e-01  1.244611e+00  1.152779e+01  2.000000e+00
-2.763986e-01  1.074769e+00  1.085426e+01  2.000000e+00
-3.490336e-01  8.622435e-01  9.377165e+00  2.000000e+00
-4.071148e-01  6.920980e-01  7.687632e+00  2.000000e+00
-4.651559e-01  5.218893e-01  5.547130e+00  2.000000e+00
-4.796582e-01  4.793324e-01  4.941609e+00  2.000000e+00
-4.941567e-01  4.367750e-01  4.307951e+00  2.000000e+00
-5.086514e-01  3.942178e-01  3.646169e+00  2.000000e+00
-6.099842e-01  9.638120e-02 -1.772624e+00  2.000000e+00
-6.677662e-01 -7.370031e-02 -5.485482e+00  2.000000e+00
-7.686162e-01 -3.709895e-01 -1.305721e+01  2.000000e+00
-8.117166e-01 -4.982133e-01 -1.671915e+01  2.000000e+00
-8.547354e-01 -6.252986e-01 -2.063023e+01  2.000000e+00
-8.833662e-01 -7.099362e-01 -2.337565e+01  2.000000e+00
-1.887461e-01  1.264007e+00  1.178625e+01  2.000000e+00
-2.468629e-01  1.094189e+00  1.128031e+01  2.000000e+00
-2.613926e-01  1.051706e+00  1.108324e+01  2.000000e+00
-2.759219e-01  1.009213e+00  1.085793e+01  2.000000e+00
-3.340316e-01  8.391535e-01  9.674429e+00  2.000000e+00
-3.921175e-01  6.689889e-01  8.039483e+00  2.000000e+00
-4.211469e-01  5.838809e-01  7.052844e+00  2.000000e+00
-4.501646e-01  4.987631e-01  5.953518e+00  2.000000e+00
-4.646686e-01  4.562022e-01  5.361621e+00  2.000000e+00
-4.791689e-01  4.136410e-01  4.741584e+00  2.000000e+00
-5.950136e-01  7.322117e-02 -1.230208e+00  2.000000e+00
-8.111411e-01 -5.637785e-01 -1.724999e+01  2.000000e+00
-1.737350e-01  1.240966e+00  1.193304e+01  2.000000e+00
-1.882637e-01  1.198524e+00  1.186257e+01  2.000000e+00
-2.027931e-01  1.156070e+00  1.176387e+01  2.000000e+00
-2.173230e-01  1.113603e+00  1.163693e+01  2.000000e+00
-2.899716e-01  9.011136e-01  1.057873e+01  2.000000e+00
-3.916340e-01  6.033182e-01  7.911906e+00  2.000000e+00
-4.061487e-01  5.607584e-01  7.418136e+00  2.000000e+00
-5.706162e-02  1.514646e+00  1.167323e+01  2.000000e+00
-1.006186e-01  1.387572e+00  1.201085e+01  2.000000e+00
-1.296669e-01  1.302775e+00  1.209485e+01  2.000000e+00
-1.441934e-01  1.260354e+00  1.209451e+01  2.000000e+00
-1.877797e-01  1.133011e+00  1.192411e+01  2.000000e+00
-2.313711e-01  1.005561e+00  1.149959e+01  2.000000e+00
-2.459016e-01  9.630572e-01  1.130161e+01  2.000000e+00
-2.894899e-01  8.354937e-01  1.053828e+01  2.000000e+00
-3.330685e-01  7.078668e-01  9.520939e+00  2.000000e+00
-5.656280e-02  1.449290e+00  1.185101e+01  2.000000e+00
-8.560244e-02  1.364544e+00  1.207521e+01  2.000000e+00
-1.437047e-01  1.194867e+00  1.218497e+01  2.000000e+00
-1.582336e-01  1.152413e+00  1.214184e+01  2.000000e+00
-2.163559e-01  9.824803e-01  1.168696e+01  2.000000e+00
-2.599479e-01  8.549269e-01  1.104932e+01  2.000000e+00
-2.890058e-01  7.698521e-01  1.048308e+01  2.000000e+00
-3.180587e-01  6.847524e-01  9.803945e+00  2.000000e+00
-3.325827e-01  6.421949e-01  9.422059e+00  2.000000e+00
-4.051688e-01  4.293595e-01  7.089701e+00  2.000000e+00
-1.141578e-01  1.214254e+00  1.229134e+01  2.000000e+00
-1.286856e-01  1.171808e+00  1.229011e+01  2.000000e+00
-2.013380e-01  9.593942e-01  1.186044e+01  2.000000e+00
-2.158695e-01  9.168800e-01  1.168980e+01  2.000000e+00
-2.739910e-01  7.467419e-01  1.072490e+01  2.000000e+00
-3.030458e-01  6.616334e-01  1.007309e+01  2.000000e+00
-3.175708e-01  6.190718e-01  9.704863e+00  2.000000e+00
 2.502010e-03  1.487942e+00  1.149171e+01  2.000000e+00
-4.104302e-02  1.360861e+00  1.203691e+01  2.000000e+00
-1.281932e-01  1.106278e+00  1.236557e+01  2.000000e+00
-1.427233e-01  1.063801e+00  1.232154e+01  2.000000e+00
-2.880299e-01  6.385102e-01  1.032837e+01  2.000000e+00
-1.150340e-02  1.380204e+00  1.187872e+01  2.000000e+00
-1.131695e-01  1.083202e+00  1.245660e+01  2.000000e+00
-1.422307e-01  9.982258e-01  1.236766e+01  2.000000e+00
-2.294225e-01  7.430623e-01  1.142317e+01  2.000000e+00
-2.730113e-01  6.153830e-01  1.056979e+01  2.000000e+00
 6.155620e-02  1.526547e+00  1.085482e+01  2.000000e+00
 1.803417e-02  1.399535e+00  1.165111e+01  2.000000e+00
 3.520296e-03  1.357162e+00  1.186017e+01  2.000000e+00
-1.099641e-02  1.314773e+00  1.204104e+01  2.000000e+00
-4.003750e-02  1.229946e+00  1.231815e+01  2.000000e+00
-9.814362e-02  1.060121e+00  1.253374e+01  2.000000e+00
-1.126738e-01  1.017634e+00  1.251707e+01  2.000000e+00
-1.562691e-01  8.901057e-01  1.229762e+01  2.000000e+00
-1.853345e-01  8.050401e-01  1.201013e+01  2.000000e+00
-2.143990e-01  7.199433e-01  1.160970e+01  2.000000e+00
-2.434607e-01  6.348210e-01  1.109635e+01  2.000000e+00
-2.579900e-01  5.922519e-01  1.079733e+01  2.000000e+00
-2.725179e-01  5.496785e-01  1.047009e+01  2.000000e+00
-2.870442e-01  5.071015e-01  1.011464e+01  2.000000e+00
-1.048921e-02  1.249308e+00  1.218859e+01  2.000000e+00
-6.858688e-02  1.079516e+00  1.257176e+01  2.000000e+00
-9.764581e-02  9.945425e-01  1.259399e+01  2.000000e+00
-1.121770e-01  9.520385e-01  1.256276e+01  2.000000e+00
-1.848405e-01  7.393766e-01  1.198302e+01  2.000000e+00
-1.993731e-01  6.968204e-01  1.178236e+01  2.000000e+00
-2.139050e-01  6.542581e-01  1.155347e+01  2.000000e+00
 4.539000e-03  1.226244e+00  1.216958e+01  2.000000e+00
-5.355723e-02  1.056430e+00  1.260744e+01  2.000000e+00
-6.808589e-02  1.013944e+00  1.264635e+01  2.000000e+00
-8.261593e-02  9.714467e-01  1.265703e+01  2.000000e+00
-1.116792e-01  8.864190e-01  1.259367e+01  2.000000e+00
-1.407452e-01  8.013529e-01  1.241737e+01  2.000000e+00
-1.988775e-01  6.311274e-01  1.172592e+01  2.000000e+00
-2.134092e-01  5.885557e-01  1.148247e+01  2.000000e+00
-2.424696e-01  5.033985e-01  1.091090e+01  2.000000e+00
 6.311284e-02  1.330394e+00  1.147109e+01  2.000000e+00
-2.399908e-02  1.075818e+00  1.254842e+01  2.000000e+00
-6.758425e-02  9.483464e-01  1.270616e+01  2.000000e+00
-1.402475e-01  7.356848e-01  1.240439e+01  2.000000e+00
-1.547812e-01  6.931275e-01  1.225932e+01  2.000000e+00
-2.274420e-01  4.802538e-01  1.111048e+01  2.000000e+00
 4.911686e-02  1.222527e+00  1.188253e+01  2.000000e+00
-2.349294e-02  1.010245e+00  1.263712e+01  2.000000e+00
-8.161410e-02  8.401960e-01  1.273277e+01  2.000000e+00
-1.106806e-01  7.551127e-01  1.261118e+01  2.000000e+00
 7.866182e-02  1.241871e+00  1.155897e+01  2.000000e+00
 6.067530e-03  1.029633e+00  1.252295e+01  2.000000e+00
-8.458565e-03  9.871451e-01  1.263111e+01  2.000000e+00
-6.657905e-02  8.170787e-01  1.278148e+01  2.000000e+00
-8.111203e-02  7.745373e-01  1.274848e+01  2.000000e+00
-9.564572e-02  7.319872e-01  1.268725e+01  2.000000e+00
-1.101798e-01  6.894294e-01  1.259778e+01  2.000000e+00
 1.082029e-01  1.261204e+00  1.116599e+01  2.000000e+00
 9.369377e-02  1.218797e+00  1.145703e+01  2.000000e+00
 7.918134e-02  1.176374e+00  1.171989e+01  2.000000e+00
 2.110278e-02  1.006535e+00  1.248936e+01  2.000000e+00
-7.950484e-03  9.215367e-01  1.270482e+01  2.000000e+00
-3.701055e-02  8.364941e-01  1.280736e+01  2.000000e+00
-8.060926e-02  7.088584e-01  1.274943e+01  2.000000e+00
-1.678143e-01  4.533969e-01  1.187115e+01  2.000000e+00
 7.970029e-02  1.110847e+00  1.186607e+01  2.000000e+00
 5.066209e-02  1.025917e+00  1.227815e+01  2.000000e+00
-2.197283e-02  8.133738e-01  1.281460e+01  2.000000e+00
-5.103760e-02  7.282841e-01  1.283157e+01  2.000000e+00
-6.557138e-02  6.857264e-01  1.279771e+01  2.000000e+00
-1.237101e-01  5.154266e-01  1.237987e+01  2.000000e+00
-1.382445e-01  4.728379e-01  1.220481e+01  2.000000e+00
 1.237602e-01  1.172636e+00  1.121147e+01  2.000000e+00
 1.092496e-01  1.130202e+00  1.150167e+01  2.000000e+00
 9.473564e-02  1.087754e+00  1.176367e+01  2.000000e+00
 6.569885e-02  1.002814e+00  1.220310e+01  2.000000e+00
 2.212500e-02  8.753094e-01  1.265066e+01  2.000000e+00
-2.146562e-02  7.477060e-01  1.284422e+01  2.000000e+00
-3.599844e-02  7.051529e-01  1.285227e+01  2.000000e+00
 1.533006e-01  1.191971e+00  1.073582e+01  2.000000e+00
 1.097717e-01  1.064657e+00  1.164738e+01  2.000000e+00
 8.073642e-02  9.797084e-01  1.211414e+01  2.000000e+00
-6.425498e-03  7.245755e-01  1.283734e+01  2.000000e+00
-3.549189e-02  6.394539e-01  1.285258e+01  2.000000e+00
-9.363192e-02  4.691281e-01  1.254421e+01  2.000000e+00
 9.577464e-02  9.565989e-01  1.201129e+01  2.000000e+00
 3.767638e-02  7.865364e-01  1.266102e+01  2.000000e+00
 8.615549e-03  7.014424e-01  1.281656e+01  2.000000e+00
-2.045055e-02  6.163139e-01  1.285917e+01  2.000000e+00
-4.952001e-02  5.311565e-01  1.278883e+01  2.000000e+00
 1.543566e-01  1.060915e+00  1.107010e+01  2.000000e+00
 9.629305e-02  8.909838e-01  1.211297e+01  2.000000e+00
 8.177012e-02  8.484694e-01  1.230319e+01  2.000000e+00
-5.408338e-03  5.931715e-01  1.285186e+01  2.000000e+00
-1.994269e-02  5.505930e-01  1.284449e+01  2.000000e+00
 2.129009e-01  1.165121e+00  9.779461e+00  2.000000e+00
 1.548827e-01  9.953447e-01  1.121512e+01  2.000000e+00
-9.211310e-02  2.718484e-01  1.228194e+01  2.000000e+00
 2.279337e-01  1.142028e+00  9.552957e+00  2.000000e+00
 1.699203e-01  9.722339e-01  1.104324e+01  2.000000e+00
 1.118516e-01  8.022192e-01  1.208270e+01  2.000000e+00
-4.390862e-03  4.617059e-01  1.280732e+01  2.000000e+00
-6.253450e-02  2.912957e-01  1.249205e+01  2.000000e+00
-9.160527e-02  2.060717e-01  1.216501e+01  2.000000e+00
 1.414135e-01  8.216159e-01  1.172036e+01  2.000000e+00
 9.784372e-02  6.940073e-01  1.232946e+01  2.000000e+00
 1.709708e-01  8.410058e-01  1.128860e+01  2.000000e+00
 1.274113e-01  7.134195e-01  1.202333e+01  2.000000e+00
 8.382985e-02  5.857426e-01  1.250418e+01  2.000000e+00
-4.698211e-02  2.023553e-01  1.242237e+01  2.000000e+00
 2.585375e-01  1.030291e+00  9.245881e+00  2.000000e+00
 2.150324e-01  9.028850e-01  1.044427e+01  2.000000e+00
 1.860101e-01  8.178796e-01  1.110237e+01  2.000000e+00
 1.424532e-01  6.902832e-01  1.187812e+01  2.000000e+00
 1.134022e-01  6.051680e-01  1.225426e+01  2.000000e+00
 6.981106e-02  4.774330e-01  1.260683e+01  2.000000e+00
 5.527771e-02  4.348407e-01  1.266789e+01  2.000000e+00
 4.074325e-02  3.922427e-01  1.270073e+01  2.000000e+00
-3.193727e-02  1.791900e-01  1.244138e+01  2.000000e+00
 2.010491e-01  7.947513e-01  1.090226e+01  2.000000e+00
 1.865340e-01  7.522269e-01  1.120271e+01  2.000000e+00
 1.574949e-01  6.671452e-01  1.171902e+01  2.000000e+00
 8.485565e-02  4.542814e-01  1.251613e+01  2.000000e+00
 5.578842e-02  3.690866e-01  1.263740e+01  2.000000e+00
-3.142839e-02  1.134050e-01  1.232362e+01  2.000000e+00
 2.015736e-01  7.290936e-01  1.100238e+01  2.000000e+00
 5.629863e-02  3.033226e-01  1.259216e+01  2.000000e+00
 2.746429e-01  8.760090e-01  9.308037e+00  2.000000e+00
 2.601410e-01  8.335153e-01  9.720310e+00  2.000000e+00
 2.166127e-01  7.059587e-01  1.078816e+01  2.000000e+00
 1.294751e-01  4.505689e-01  1.216270e+01  2.000000e+00
 2.896763e-01  8.528855e-01  9.025302e+00  2.000000e+00
 1.880965e-01  5.551595e-01  1.141525e+01  2.000000e+00
 1.735727e-01  5.125866e-01  1.164392e+01  2.000000e+00
 1.590467e-01  4.700058e-01  1.184439e+01  2.000000e+00
 1.299883e-01  3.848227e-01  1.216066e+01  2.000000e+00
 1.154566e-01  3.422218e-01  1.227647e+01  2.000000e+00
 1.009234e-01  2.996157e-01  1.236405e+01  2.000000e+00
 7.185367e-02  2.143903e-01  1.245452e+01  2.000000e+00
 4.278109e-02  1.291521e-01  1.243206e+01  2.000000e+00
 2.757064e-01  7.447470e-01  9.579693e+00  2.000000e+00
 2.611993e-01  7.022219e-01  9.962960e+00  2.000000e+00
 2.321745e-01  6.171382e-01  1.064498e+01  2.000000e+00
 1.014337e-01  2.338463e-01  1.231817e+01  2.000000e+00
 8.689863e-02  1.912303e-01  1.236298e+01  2.000000e+00
 7.236278e-02  1.486111e-01  1.237956e+01  2.000000e+00
 1.891302e-01  4.237066e-01  1.148322e+01  2.000000e+00
 1.455438e-01  2.959113e-01  1.199739e+01  2.000000e+00
 1.310115e-01  2.533020e-01  1.211234e+01  2.000000e+00
 1.164779e-01  2.106881e-01  1.219906e+01  2.000000e+00
 1.019431e-01  1.680708e-01  1.225755e+01  2.000000e+00
 5.833454e-02  4.020358e-02  1.226366e+01  2.000000e+00
 3.057735e-01  6.984811e-01  8.999449e+00  2.000000e+00
 2.912690e-01  6.559504e-01  9.410025e+00  2.000000e+00
 2.332156e-01  4.857234e-01  1.077064e+01  2.000000e+00
 1.315214e-01  1.875306e-01  1.206605e+01  2.000000e+00
 1.169870e-01  1.449120e-01  1.213823e+01  2.000000e+00
 4.430536e-02 -6.820955e-02  1.207571e+01  2.000000e+00
 3.497988e-01  7.603776e-01  7.755640e+00  2.000000e+00
 3.063021e-01  6.328137e-01  9.112746e+00  2.000000e+00
 2.627705e-01  5.051508e-01  1.021645e+01  2.000000e+00
 1.029593e-01  3.650754e-02  1.209207e+01  2.000000e+00
 3.793144e-01  7.797471e-01  6.881296e+00  2.000000e+00
 3.213337e-01  6.096767e-01  8.801596e+00  2.000000e+00
 2.342488e-01  3.542584e-01  1.083734e+01  2.000000e+00
 1.180022e-01  1.334953e-02  1.197235e+01  2.000000e+00
 8.892941e-02 -7.190342e-02  1.197386e+01  2.000000e+00
 3.653600e-01  6.716040e-01  7.545402e+00  2.000000e+00
 3.218595e-01  5.439908e-01  8.899954e+00  2.000000e+00
 2.347624e-01  2.885113e-01  1.084858e+01  2.000000e+00
 1.330443e-01 -9.806810e-03  1.183873e+01  2.000000e+00
 2.788416e-01  3.505560e-01  1.004118e+01  2.000000e+00
 1.626201e-01  9.664825e-03  1.162075e+01  2.000000e+00
 3.083905e-01  3.699987e-01  9.418697e+00  2.000000e+00
 2.648343e-01  2.422148e-01  1.034818e+01  2.000000e+00
 1.631250e-01 -5.611361e-02  1.152984e+01  2.000000e+00
 1.340536e-01 -1.413680e-01  1.161348e+01  2.000000e+00
 3.814434e-01  5.171292e-01  7.418369e+00  2.000000e+00
 4.688874e-01  7.066068e-01  4.226501e+00  2.000000e+00
 3.384490e-01  3.237143e-01  8.780836e+00  2.000000e+00
 3.239356e-01  2.811240e-01  9.146166e+00  2.000000e+00
 1.786658e-01 -1.450382e-01  1.124871e+01  2.000000e+00
 1.495945e-01 -2.302913e-01  1.133066e+01  2.000000e+00
 4.404661e-01  5.559432e-01  5.576103e+00  2.000000e+00
 3.099294e-01  1.727810e-01  9.493541e+00  2.000000e+00
 3.684993e-01  2.774357e-01  8.087541e+00  2.000000e+00
 3.394744e-01  1.922448e-01  8.844643e+00  2.000000e+00
 3.249572e-01  1.496402e-01  9.180932e+00  2.000000e+00
 2.959143e-01  6.441619e-02  9.768950e+00  2.000000e+00
 4.560085e-01  4.671434e-01  5.266561e+00  2.000000e+00
 4.415197e-01  4.245930e-01  5.813521e+00  2.000000e+00
 3.980268e-01  2.968850e-01  7.285677e+00  2.000000e+00
 3.109421e-01  4.127697e-02  9.469806e+00  2.000000e+00
 2.818914e-01 -4.396231e-02  9.972374e+00  2.000000e+00
 2.673630e-01 -8.658566e-02  1.018135e+01  2.000000e+00
 2.092339e-01 -2.570879e-01  1.073516e+01  2.000000e+00
 4.999784e-01  5.290855e-01  3.611698e+00  2.000000e+00
 4.860277e-01  4.208862e-01  4.353881e+00  2.000000e+00
 4.715426e-01  3.783333e-01  4.928079e+00  2.000000e+00
 4.135570e-01  2.080323e-01  6.943732e+00  2.000000e+00
 3.264686e-01 -4.761111e-02  9.122654e+00  2.000000e+00
 2.828887e-01 -1.754787e-01  9.831606e+00  2.000000e+00
 4.865497e-01  3.552063e-01  4.464621e+00  2.000000e+00
 4.720617e-01  3.126429e-01  5.024337e+00  2.000000e+00
 4.575691e-01  2.700706e-01  5.555944e+00  2.000000e+00
 4.285709e-01  1.849026e-01  6.534782e+00  2.000000e+00
 3.850450e-01  5.710160e-02  7.791951e+00  2.000000e+00
 3.560113e-01 -2.812352e-02  8.489234e+00  2.000000e+00
 5.015538e-01  3.320815e-01  3.987345e+00  2.000000e+00
 3.710292e-01 -5.125059e-02  8.134676e+00  2.000000e+00
