-5.150077e+00 -3.692837e+00 -5.055162e+01  1.000000e+00
-5.583865e+00 -4.965841e+00 -3.204833e+02  1.000000e+00
-6.017647e+00 -6.238833e+00 -6.156126e+02  1.000000e+00
-4.566910e+00 -2.650897e+00  2.356780e+02  1.000000e+00
-5.579088e+00 -5.621246e+00 -3.650602e+02  1.000000e+00
-5.868276e+00 -6.469906e+00 -5.618976e+02  1.000000e+00
-4.128338e+00 -2.033289e+00  4.195221e+02  1.000000e+00
-4.272938e+00 -2.457630e+00  3.490593e+02  1.000000e+00
-4.562136e+00 -3.306308e+00  1.997339e+02  1.000000e+00
-5.429717e+00 -5.852319e+00 -3.154380e+02  1.000000e+00
-5.574312e+00 -6.276649e+00 -4.110992e+02  1.000000e+00
-4.123565e+00 -2.688702e+00  3.864425e+02  1.000000e+00
-4.268164e+00 -3.113042e+00  3.145374e+02  1.000000e+00
-4.412763e+00 -3.537381e+00  2.398325e+02  1.000000e+00
-5.424940e+00 -6.507722e+00 -3.614970e+02  1.000000e+00
-3.540389e+00 -1.646750e+00  6.172908e+02  1.000000e+00
-4.263390e+00 -3.768453e+00  2.785535e+02  1.000000e+00
-4.841782e+00 -5.465799e+00 -4.283392e+01  1.000000e+00
-5.420163e+00 -7.163124e+00 -4.090180e+02  1.000000e+00
-6.143124e+00 -9.284746e+00 -9.297412e+02  1.000000e+00
-3.824817e+00 -3.150847e+00  4.570760e+02  1.000000e+00
-5.849163e+00 -9.091497e+00 -7.663621e+02  1.000000e+00
-5.266014e+00 -8.049597e+00 -4.098162e+02  1.000000e+00
-5.555200e+00 -8.898247e+00 -6.098754e+02  1.000000e+00
-3.236867e+00 -2.764310e+00  6.467478e+02  1.000000e+00
-4.538260e+00 -6.583350e+00 -1.917956e+00  1.000000e+00
-4.682857e+00 -7.007682e+00 -8.799110e+01  1.000000e+00
-3.087492e+00 -2.995382e+00  6.745274e+02  1.000000e+00
-3.232093e+00 -3.419723e+00  6.150107e+02  1.000000e+00
-4.099692e+00 -5.965754e+00  1.991125e+02  1.000000e+00
-2.504310e+00 -1.953425e+00  8.586067e+02  1.000000e+00
-2.938117e+00 -3.226454e+00  7.009294e+02  1.000000e+00
-3.661120e+00 -5.348154e+00  3.821352e+02  1.000000e+00
-4.384111e+00 -7.469826e+00 -6.655624e+00  1.000000e+00
-5.251679e+00 -1.001578e+01 -5.655971e+02  1.000000e+00
-5.540862e+00 -1.086442e+01 -7.743084e+02  1.000000e+00
-2.933344e+00 -3.881868e+00  6.691524e+02  1.000000e+00
-3.077945e+00 -4.306209e+00  6.095512e+02  1.000000e+00
-2.205559e+00 -2.415569e+00  8.991312e+02  1.000000e+00
-2.494764e+00 -3.264256e+00  8.022439e+02  1.000000e+00
-3.506971e+00 -6.234635e+00  3.749402e+02  1.000000e+00
-4.229961e+00 -8.356299e+00 -1.427288e+01  1.000000e+00
-4.374557e+00 -8.780628e+00 -1.005149e+02  1.000000e+00
-4.519153e+00 -9.204955e+00 -1.895567e+02  1.000000e+00
-4.952935e+00 -1.047793e+01 -4.734802e+02  1.000000e+00
-5.097528e+00 -1.090225e+01 -5.737208e+02  1.000000e+00
-5.386710e+00 -1.175088e+01 -7.826008e+02  1.000000e+00
-5.531301e+00 -1.217519e+01 -8.912402e+02  1.000000e+00
-2.489991e+00 -3.919670e+00  7.718693e+02  1.000000e+00
-2.779195e+00 -4.768353e+00  6.608977e+02  1.000000e+00
-3.357597e+00 -6.465706e+00  4.053555e+02  1.000000e+00
-3.791393e+00 -7.738709e+00  1.843002e+02  1.000000e+00
-3.935991e+00 -8.163040e+00  1.050154e+02  1.000000e+00
-4.658969e+00 -1.028467e+01 -3.334050e+02  1.000000e+00
-4.803563e+00 -1.070900e+01 -4.294882e+02  1.000000e+00
-2.340616e+00 -4.150742e+00  7.927606e+02  1.000000e+00
-2.774421e+00 -5.423764e+00  6.261765e+02  1.000000e+00
-2.919022e+00 -5.848103e+00  5.650486e+02  1.000000e+00
-3.497421e+00 -7.545447e+00  2.925381e+02  1.000000e+00
-3.642019e+00 -7.969780e+00  2.174109e+02  1.000000e+00
-4.654191e+00 -1.094007e+01 -3.868738e+02  1.000000e+00
-2.191240e+00 -4.381813e+00  8.122742e+02  1.000000e+00
-2.335842e+00 -4.806155e+00  7.609038e+02  1.000000e+00
-2.480444e+00 -5.230496e+00  7.067335e+02  1.000000e+00
-3.637243e+00 -8.625182e+00  1.725746e+02  1.000000e+00
-4.649412e+00 -1.159545e+01 -4.418046e+02  1.000000e+00
-2.475671e+00 -5.885907e+00  6.719724e+02  1.000000e+00
-3.198672e+00 -8.007589e+00  3.519112e+02  1.000000e+00
-3.343271e+00 -8.431921e+00  2.794994e+02  1.000000e+00
-3.632467e+00 -9.280582e+00  1.262762e+02  1.000000e+00
-4.644632e+00 -1.225084e+01 -4.981974e+02  1.000000e+00
-4.789224e+00 -1.267516e+01 -5.986066e+02  1.000000e+00
-2.326295e+00 -6.116978e+00  6.928039e+02  1.000000e+00
-2.470897e+00 -6.541316e+00  6.357492e+02  1.000000e+00
-2.904698e+00 -7.814325e+00  4.477856e+02  1.000000e+00
-3.338495e+00 -9.087323e+00  2.346232e+02  1.000000e+00
-3.627690e+00 -9.935980e+00  7.851576e+01  1.000000e+00
-3.772287e+00 -1.036031e+01 -3.737622e+00  1.000000e+00
-1.598510e+00 -4.650684e+00  9.070463e+02  1.000000e+00
-1.887716e+00 -5.499368e+00  8.152519e+02  1.000000e+00
-2.176920e+00 -6.348048e+00  7.122578e+02  1.000000e+00
-2.466122e+00 -7.196724e+00  5.980638e+02  1.000000e+00
-3.044522e+00 -8.894061e+00  3.360773e+02  1.000000e+00
-3.333719e+00 -9.742721e+00  1.882849e+02  1.000000e+00
-3.622913e+00 -1.059137e+01  2.929328e+01  1.000000e+00
-3.767510e+00 -1.101570e+01 -5.440218e+01  1.000000e+00
-3.912105e+00 -1.144002e+01 -1.408974e+02  1.000000e+00
-4.635072e+00 -1.356160e+01 -6.153688e+02  1.000000e+00
-2.316747e+00 -7.427795e+00  6.188555e+02  1.000000e+00
-2.461348e+00 -7.852131e+00  5.589164e+02  1.000000e+00
-2.750548e+00 -8.700799e+00  4.306385e+02  1.000000e+00
-3.039747e+00 -9.549461e+00  2.911612e+02  1.000000e+00
-3.184345e+00 -9.973790e+00  2.172228e+02  1.000000e+00
-3.473540e+00 -1.082244e+01  6.094654e+01  1.000000e+00
-3.762732e+00 -1.167109e+01 -1.065288e+02  1.000000e+00
-3.907327e+00 -1.209541e+01 -1.944660e+02  1.000000e+00
-4.341108e+00 -1.336836e+01 -4.750760e+02  1.000000e+00
-4.485700e+00 -1.379267e+01 -5.742119e+02  1.000000e+00
-2.311973e+00 -8.083200e+00  5.796880e+02  1.000000e+00
-2.745773e+00 -9.356200e+00  3.871446e+02  1.000000e+00
-2.890372e+00 -9.780530e+00  3.173637e+02  1.000000e+00
-3.757954e+00 -1.232648e+01 -1.601174e+02  1.000000e+00
-4.336328e+00 -1.402374e+01 -5.344326e+02  1.000000e+00
-1.294985e+00 -5.768238e+00  9.004249e+02  1.000000e+00
-1.728793e+00 -7.041259e+00  7.623532e+02  1.000000e+00
-2.017997e+00 -7.889934e+00  6.563057e+02  1.000000e+00
-2.162598e+00 -8.314270e+00  5.990820e+02  1.000000e+00
-2.307199e+00 -8.738604e+00  5.390585e+02  1.000000e+00
-2.596399e+00 -9.587269e+00  4.106117e+02  1.000000e+00
-2.885596e+00 -1.043593e+01  2.709656e+02  1.000000e+00
-1.145609e+00 -5.999308e+00  9.102949e+02  1.000000e+00
-1.579418e+00 -7.272328e+00  7.762964e+02  1.000000e+00
-2.157824e+00 -8.969673e+00  5.584326e+02  1.000000e+00
-2.302424e+00 -9.394005e+00  4.969668e+02  1.000000e+00
-2.447024e+00 -9.818337e+00  4.327012e+02  1.000000e+00
-2.880820e+00 -1.109132e+01  2.231054e+02  1.000000e+00
-3.025418e+00 -1.151565e+01  1.476405e+02  1.000000e+00
-3.170015e+00 -1.193997e+01  6.937576e+01  1.000000e+00
-3.314612e+00 -1.236429e+01 -1.168873e+01  1.000000e+00
-1.140837e+00 -6.654718e+00  8.782787e+02  1.000000e+00
-1.863848e+00 -8.776407e+00  6.337371e+02  1.000000e+00
-2.586848e+00 -1.089806e+01  3.191978e+02  1.000000e+00
-3.309834e+00 -1.301968e+01 -6.533721e+01  1.000000e+00
-3.743618e+00 -1.429262e+01 -3.296551e+02  1.000000e+00
-4.177396e+00 -1.556554e+01 -6.191700e+02  1.000000e+00
-9.914609e-01 -6.885787e+00  8.867510e+02  1.000000e+00
-1.280667e+00 -7.734466e+00  8.000497e+02  1.000000e+00
-1.859074e+00 -9.431809e+00  5.930477e+02  1.000000e+00
-2.148275e+00 -1.028047e+01  4.727473e+02  1.000000e+00
-2.726670e+00 -1.197778e+01  1.985482e+02  1.000000e+00
-2.871268e+00 -1.240210e+01  1.229989e+02  1.000000e+00
-3.015865e+00 -1.282642e+01  4.464974e+01  1.000000e+00
-3.738839e+00 -1.494799e+01 -3.890917e+02  1.000000e+00
-6.974818e-01 -6.692515e+00  9.316386e+02  1.000000e+00
-1.131291e+00 -7.965534e+00  8.098598e+02  1.000000e+00
-1.420496e+00 -8.814207e+00  7.146741e+02  1.000000e+00
-1.565097e+00 -9.238542e+00  6.628814e+02  1.000000e+00
-1.854299e+00 -1.008721e+01  5.508962e+02  1.000000e+00
-2.432698e+00 -1.178452e+01  2.933273e+02  1.000000e+00
-2.866491e+00 -1.305749e+01  7.075251e+01  1.000000e+00
-6.927095e-01 -7.347924e+00  8.995626e+02  1.000000e+00
-8.373127e-01 -7.772263e+00  8.603274e+02  1.000000e+00
-1.415722e+00 -9.469609e+00  6.753871e+02  1.000000e+00
-1.704925e+00 -1.031827e+01  5.661174e+02  1.000000e+00
-1.849525e+00 -1.074261e+01  5.072826e+02  1.000000e+00
-1.994125e+00 -1.116693e+01  4.456481e+02  1.000000e+00
-2.138725e+00 -1.159126e+01  3.812136e+02  1.000000e+00
-2.717118e+00 -1.328855e+01  9.547763e+01  1.000000e+00
-3.584688e+00 -1.583443e+01 -4.171190e+02  1.000000e+00
-2.541264e-01 -6.730310e+00  9.712569e+02  1.000000e+00
-5.433339e-01 -7.578991e+00  9.039019e+02  1.000000e+00
-8.325402e-01 -8.427669e+00  8.253470e+02  1.000000e+00
-1.266347e+00 -9.700676e+00  6.865151e+02  1.000000e+00
-1.700150e+00 -1.097367e+01  5.224838e+02  1.000000e+00
-1.844751e+00 -1.139800e+01  4.622070e+02  1.000000e+00
-2.278548e+00 -1.267097e+01  2.645773e+02  1.000000e+00
-2.423146e+00 -1.309530e+01  1.931011e+02  1.000000e+00
-3.290722e+00 -1.564118e+01 -2.945511e+02  1.000000e+00
-2.493547e-01 -7.385718e+00  9.405833e+02  1.000000e+00
-8.277676e-01 -9.083072e+00  7.889045e+02  1.000000e+00
-9.723700e-01 -9.507408e+00  7.439849e+02  1.000000e+00
-1.116972e+00 -9.931742e+00  6.962654e+02  1.000000e+00
-1.261574e+00 -1.035607e+01  6.457460e+02  1.000000e+00
-2.273773e+00 -1.332636e+01  2.137132e+02  1.000000e+00
-2.418370e+00 -1.375068e+01  1.407949e+02  1.000000e+00
 1.892290e-01 -6.768102e+00  9.971334e+02  1.000000e+00
-3.891863e-01 -8.465464e+00  8.732855e+02  1.000000e+00
-5.337895e-01 -8.889802e+00  8.353236e+02  1.000000e+00
-8.229949e-01 -9.738474e+00  7.509999e+02  1.000000e+00
-1.401401e+00 -1.143580e+01  5.487532e+02  1.000000e+00
-2.268997e+00 -1.398174e+01  1.613871e+02  1.000000e+00
-2.413594e+00 -1.440606e+01  8.702668e+01  1.000000e+00
-2.847382e+00 -1.567900e+01 -1.528529e+02  1.000000e+00
-3.844143e-01 -9.120868e+00  8.382454e+02  1.000000e+00
-5.290173e-01 -9.545204e+00  7.988412e+02  1.000000e+00
-8.182223e-01 -1.039387e+01  7.116331e+02  1.000000e+00
-1.396627e+00 -1.209119e+01  5.036177e+02  1.000000e+00
-2.408818e+00 -1.506143e+01  3.179644e+01  1.000000e+00
-2.553414e+00 -1.548575e+01 -4.680576e+01  1.000000e+00
 7.771891e-01 -6.381550e+00  1.027715e+03  1.000000e+00
 6.325844e-01 -6.805893e+00  1.009268e+03  1.000000e+00
 5.416772e-02 -8.503257e+00  9.074824e+02  1.000000e+00
-9.043590e-02 -8.927595e+00  8.750359e+02  1.000000e+00
-3.796423e-01 -9.776269e+00  8.017431e+02  1.000000e+00
-1.102652e+00 -1.189793e+01  5.695119e+02  1.000000e+00
-1.825652e+00 -1.401955e+01  2.672836e+02  1.000000e+00
-1.970250e+00 -1.444386e+01  1.984384e+02  1.000000e+00
-2.259445e+00 -1.529249e+01  5.234869e+01  1.000000e+00
-2.404041e+00 -1.571681e+01 -2.489582e+01  1.000000e+00
 1.071169e+00 -6.188273e+00  1.032666e+03  1.000000e+00
 7.819597e-01 -7.036960e+00  1.001288e+03  1.000000e+00
-8.086767e-01 -1.170466e+01  6.285131e+02  1.000000e+00
-9.532781e-01 -1.212899e+01  5.778248e+02  1.000000e+00
-1.097879e+00 -1.255332e+01  5.243366e+02  1.000000e+00
-1.242479e+00 -1.297764e+01  4.680485e+02  1.000000e+00
 9.313349e-01 -7.268025e+00  9.919305e+02  1.000000e+00
-5.147005e-01 -1.151139e+01  6.806213e+02  1.000000e+00
-8.039039e-01 -1.236005e+01  5.847600e+02  1.000000e+00
-1.093106e+00 -1.320870e+01  4.776991e+02  1.000000e+00
-1.526905e+00 -1.448167e+01  2.961089e+02  1.000000e+00
 1.080710e+00 -7.499090e+00  9.811951e+02  1.000000e+00
 2.130852e-01 -1.004512e+01  8.361557e+02  1.000000e+00
-5.099282e-01 -1.216679e+01  6.382904e+02  1.000000e+00
-1.088332e+00 -1.386409e+01  4.295996e+02  1.000000e+00
 8.170813e+00  1.263797e+01 -1.564536e+03  1.000000e+00
 8.026229e+00  1.221367e+01 -1.445958e+03  1.000000e+00
 7.737059e+00  1.136505e+01 -1.217199e+03  1.000000e+00
 1.374689e+00 -7.305812e+00  9.820974e+02  1.000000e+00
 1.230085e+00 -7.730155e+00  9.690820e+02  1.000000e+00
 9.408756e-01 -8.578836e+00  9.346510e+02  1.000000e+00
 6.516672e-01 -9.427514e+00  8.890201e+02  1.000000e+00
 5.070633e-01 -9.851852e+00  8.620046e+02  1.000000e+00
 2.178563e-01 -1.070052e+01  7.995737e+02  1.000000e+00
-3.605541e-01 -1.239785e+01  6.411125e+02  1.000000e+00
-5.051558e-01 -1.282217e+01  5.944974e+02  1.000000e+00
-1.661953e+00 -1.621673e+01  1.207811e+02  1.000000e+00
 7.452664e+00  9.861044e+00 -9.655704e+02  1.000000e+00
 7.308075e+00  9.436726e+00 -8.624315e+02  1.000000e+00
-5.003835e-01 -1.347756e+01  5.492423e+02  1.000000e+00
-1.223384e+00 -1.559916e+01  2.669577e+02  1.000000e+00
 8.469545e+00  1.217585e+01 -1.723231e+03  1.000000e+00
 2.251858e+00 -6.070566e+00  9.642224e+02  1.000000e+00
 1.528834e+00 -8.192282e+00  9.407229e+02  1.000000e+00
 1.095020e+00 -9.465301e+00  8.930229e+02  1.000000e+00
 8.058119e-01 -1.031398e+01  8.472230e+02  1.000000e+00
-2.064084e-01 -1.328429e+01  5.987241e+02  1.000000e+00
-1.218610e+00 -1.625453e+01  2.130299e+02  1.000000e+00
-1.363208e+00 -1.667884e+01  1.467314e+02  1.000000e+00
 8.763492e+00  1.236909e+01 -1.930095e+03  1.000000e+00
 8.618910e+00  1.194479e+01 -1.804645e+03  1.000000e+00
 2.979651e+00 -4.604247e+00  9.041557e+02  1.000000e+00
 2.401232e+00 -6.301630e+00  9.411876e+02  1.000000e+00
 1.099790e+00 -1.012070e+01  8.607079e+02  1.000000e+00
 9.551859e-01 -1.054504e+01  8.377656e+02  1.000000e+00
 8.105821e-01 -1.096937e+01  8.120234e+02  1.000000e+00
 5.213752e-01 -1.181804e+01  7.521391e+02  1.000000e+00
-7.800389e-01 -1.563696e+01  3.440630e+02  1.000000e+00
 9.057436e+00  1.256233e+01 -2.143851e+03  1.000000e+00
 8.334525e+00  1.044080e+01 -1.523808e+03  1.000000e+00
 8.189939e+00  1.001649e+01 -1.408198e+03  1.000000e+00
 7.756178e+00  8.743535e+00 -1.078164e+03  1.000000e+00
 7.466999e+00  7.894891e+00 -8.721399e+02  1.000000e+00
 7.033225e+00  6.621912e+00 -5.841008e+02  1.000000e+00
 6.888632e+00  6.197583e+00 -4.936873e+02  1.000000e+00
 6.744038e+00  5.773252e+00 -4.060735e+02  1.000000e+00
 4.141252e+00 -1.864885e+00  6.922015e+02  1.000000e+00
 3.996649e+00 -2.289232e+00  7.266174e+02  1.000000e+00
 2.550606e+00 -6.532693e+00  9.167752e+02  1.000000e+00
 2.116791e+00 -7.805723e+00  9.192220e+02  1.000000e+00
 1.972186e+00 -8.230065e+00  9.144376e+02  1.000000e+00
 1.249164e+00 -1.035176e+01  8.485151e+02  1.000000e+00
 6.707488e-01 -1.204910e+01  7.453773e+02  1.000000e+00
 5.261457e-01 -1.247343e+01  7.125930e+02  1.000000e+00
 2.369405e-01 -1.332208e+01  6.386244e+02  1.000000e+00
 9.233832e-02 -1.374641e+01  5.974402e+02  1.000000e+00
-3.414657e-01 -1.501938e+01  4.570882e+02  1.000000e+00
 8.628474e+00  1.063405e+01 -1.723671e+03  1.000000e+00
 4.724432e+00 -8.229121e-01  5.273558e+02  1.000000e+00
 4.290625e+00 -2.095950e+00  6.514765e+02  1.000000e+00
 4.001418e+00 -2.944643e+00  7.202236e+02  1.000000e+00
 3.278398e+00 -5.066375e+00  8.430913e+02  1.000000e+00
 2.121560e+00 -8.461127e+00  8.940784e+02  1.000000e+00
 1.398537e+00 -1.058282e+01  8.349448e+02  1.000000e+00
 1.253933e+00 -1.100716e+01  8.147180e+02  1.000000e+00
-4.749192e-02 -1.482611e+01  5.066792e+02  1.000000e+00
 9.500741e+00  1.252451e+01 -2.454117e+03  1.000000e+00
 9.067003e+00  1.125160e+01 -2.057150e+03  1.000000e+00
 8.344085e+00  9.130045e+00 -1.451527e+03  1.000000e+00
 8.199498e+00  8.705727e+00 -1.338800e+03  1.000000e+00
 8.054911e+00  8.281408e+00 -1.228874e+03  1.000000e+00
 7.621143e+00  7.008439e+00 -9.158913e+02  1.000000e+00
 7.187369e+00  5.735454e+00 -6.281059e+02  1.000000e+00
 6.898181e+00  4.886790e+00 -4.502475e+02  1.000000e+00
 5.741407e+00  1.492087e+00  1.491939e+02  1.000000e+00
 5.596808e+00  1.067744e+00  2.115249e+02  1.000000e+00
 4.439997e+00 -2.327014e+00  6.093738e+02  1.000000e+00
 4.150791e+00 -3.175707e+00  6.808364e+02  1.000000e+00
 4.006187e+00 -3.600053e+00  7.123676e+02  1.000000e+00
 3.572375e+00 -4.873092e+00  7.901614e+02  1.000000e+00
 3.283166e+00 -5.721784e+00  8.280239e+02  1.000000e+00
 3.138562e+00 -6.146129e+00  8.427551e+02  1.000000e+00
 2.560143e+00 -7.843504e+00  8.736796e+02  1.000000e+00
 2.270933e+00 -8.692188e+00  8.723417e+02  1.000000e+00
 1.981724e+00 -9.540868e+00  8.598037e+02  1.000000e+00
 1.837119e+00 -9.965207e+00  8.493347e+02  1.000000e+00
 1.258703e+00 -1.166255e+01  7.794588e+02  1.000000e+00
 9.694954e-01 -1.251121e+01  7.277209e+02  1.000000e+00
 5.356866e-01 -1.378420e+01  6.291144e+02  1.000000e+00
 2.464823e-01 -1.463285e+01  5.493770e+02  1.000000e+00
-4.272047e-02 -1.548149e+01  4.584401e+02  1.000000e+00
 8.348864e+00  8.474664e+00 -1.417579e+03  1.000000e+00
 8.204277e+00  8.050345e+00 -1.306295e+03  1.000000e+00
 7.915100e+00  7.201700e+00 -1.092125e+03  1.000000e+00
 7.481328e+00  5.928720e+00 -7.918677e+02  1.000000e+00
 6.613765e+00  3.382720e+00 -2.669458e+02  1.000000e+00
 6.469168e+00  2.958382e+00 -1.892581e+02  1.000000e+00
 5.312378e+00 -4.363515e-01  3.314491e+02  1.000000e+00
 5.023175e+00 -1.285041e+00  4.336267e+02  1.000000e+00
 4.589369e+00 -2.558078e+00  5.658935e+02  1.000000e+00
 3.866352e+00 -4.679809e+00  7.303385e+02  1.000000e+00
 3.721748e+00 -5.104155e+00  7.548274e+02  1.000000e+00
 3.143330e+00 -6.801536e+00  8.247832e+02  1.000000e+00
 2.709516e+00 -8.074565e+00  8.478497e+02  1.000000e+00
 2.564911e+00 -8.498907e+00  8.499385e+02  1.000000e+00
 1.552680e+00 -1.146927e+01  7.861598e+02  1.000000e+00
 1.408076e+00 -1.189361e+01  7.658486e+02  1.000000e+00
 1.118868e+00 -1.274227e+01  7.168262e+02  1.000000e+00
 1.066518e-01 -1.571254e+01  4.570495e+02  1.000000e+00
 8.642815e+00  8.667920e+00 -1.613176e+03  1.000000e+00
 8.498229e+00  8.243602e+00 -1.497734e+03  1.000000e+00
 8.064466e+00  6.970637e+00 -1.168208e+03  1.000000e+00
 7.630695e+00  5.697656e+00 -8.638784e+02  1.000000e+00
 7.486104e+00  5.273326e+00 -7.680345e+02  1.000000e+00
 7.052324e+00  4.000328e+00 -4.973011e+02  1.000000e+00
 6.763133e+00  3.151656e+00 -3.308109e+02  1.000000e+00
 6.329343e+00  1.878640e+00 -1.020742e+02  1.000000e+00
 5.461748e+00 -6.674153e-01  2.798028e+02  1.000000e+00
 4.304931e+00 -4.062179e+00  6.321757e+02  1.000000e+00
 4.015724e+00 -4.910872e+00  6.922691e+02  1.000000e+00
 3.148098e+00 -7.456940e+00  8.053490e+02  1.000000e+00
 3.003493e+00 -7.881283e+00  8.143956e+02  1.000000e+00
 2.569679e+00 -9.154308e+00  8.247353e+02  1.000000e+00
 1.991261e+00 -1.085166e+01  7.993212e+02  1.000000e+00
 1.846656e+00 -1.127600e+01  7.859677e+02  1.000000e+00
 1.412844e+00 -1.254900e+01  7.291073e+02  1.000000e+00
 1.268241e+00 -1.297333e+01  7.045538e+02  1.000000e+00
 1.123638e+00 -1.339766e+01  6.772004e+02  1.000000e+00
 8.344317e-01 -1.424631e+01  6.140937e+02  1.000000e+00
 9.515091e+00  1.055842e+01 -2.322052e+03  1.000000e+00
 8.936763e+00  8.861173e+00 -1.815665e+03  1.000000e+00
 8.358420e+00  7.163898e+00 -1.354069e+03  1.000000e+00
 8.213831e+00  6.739574e+00 -1.245669e+03  1.000000e+00
 7.780062e+00  5.466593e+00 -9.372665e+02  1.000000e+00
 7.635470e+00  5.042263e+00 -8.400651e+02  1.000000e+00
 7.490878e+00  4.617932e+00 -7.456634e+02  1.000000e+00
 7.201691e+00  3.769264e+00 -5.652590e+02  1.000000e+00
 7.057097e+00  3.344929e+00 -4.792564e+02  1.000000e+00
 6.334115e+00  1.223235e+00 -9.124052e+01  1.000000e+00
 6.189517e+00  7.988943e-01 -2.203691e+01  1.000000e+00
 5.321917e+00 -1.747168e+00  3.343872e+02  1.000000e+00
 4.743509e+00 -3.444550e+00  5.160046e+02  1.000000e+00
 4.309699e+00 -4.717588e+00  6.228178e+02  1.000000e+00
 4.020492e+00 -5.566279e+00  6.800266e+02  1.000000e+00
 3.875888e+00 -5.990624e+00  7.044310e+02  1.000000e+00
 3.442075e+00 -7.263657e+00  7.608441e+02  1.000000e+00
 3.297470e+00 -7.688000e+00  7.740484e+02  1.000000e+00
 1.996029e+00 -1.150705e+01  7.668868e+02  1.000000e+00
 1.851425e+00 -1.193139e+01  7.520910e+02  1.000000e+00
 1.562217e+00 -1.278005e+01  7.140995e+02  1.000000e+00
 1.273010e+00 -1.362871e+01  6.649081e+02  1.000000e+00
 1.128407e+00 -1.405304e+01  6.361125e+02  1.000000e+00
 9.838039e-01 -1.447736e+01  6.045169e+02  1.000000e+00
 1.038734e+01  1.244886e+01 -3.115864e+03  1.000000e+00
 1.024276e+01  1.202456e+01 -2.969715e+03  1.000000e+00
 9.375292e+00  9.478738e+00 -2.151600e+03  1.000000e+00
 8.218608e+00  6.084186e+00 -1.217549e+03  1.000000e+00
 8.074018e+00  5.659859e+00 -1.113391e+03  1.000000e+00
 7.929428e+00  5.235530e+00 -1.012032e+03  1.000000e+00
 7.351059e+00  3.538201e+00 -6.345943e+02  1.000000e+00
 7.061869e+00  2.689529e+00 -4.626737e+02  1.000000e+00
 6.917274e+00  2.265191e+00 -3.809131e+02  1.000000e+00
 6.483484e+00  9.921722e-01 -1.524302e+02  1.000000e+00
 6.338886e+00  5.678312e-01 -8.186896e+01  1.000000e+00
 5.182084e+00 -2.826921e+00  3.818251e+02  1.000000e+00
 4.892879e+00 -3.675612e+00  4.697492e+02  1.000000e+00
 3.880655e+00 -6.646029e+00  6.892840e+02  1.000000e+00
 3.736051e+00 -7.070373e+00  7.094461e+02  1.000000e+00
 3.591447e+00 -7.494717e+00  7.268081e+02  1.000000e+00
 3.302238e+00 -8.343402e+00  7.531322e+02  1.000000e+00
 2.579214e+00 -1.046510e+01  7.699422e+02  1.000000e+00
 2.145401e+00 -1.173811e+01  7.464281e+02  1.000000e+00
 2.000797e+00 -1.216244e+01  7.329901e+02  1.000000e+00
 1.566985e+00 -1.343544e+01  6.758761e+02  1.000000e+00
 9.885732e-01 -1.513274e+01  5.605247e+02  1.000000e+00
 6.993689e-01 -1.598138e+01  4.860494e+02  1.000000e+00
 9.813813e+00  1.009629e+01 -2.505541e+03  1.000000e+00
 8.512561e+00  6.277448e+00 -1.404723e+03  1.000000e+00
 8.367973e+00  5.853123e+00 -1.296407e+03  1.000000e+00
 6.054458e+00 -9.362595e-01  5.587900e+01  1.000000e+00
 5.331454e+00 -3.057983e+00  3.314768e+02  1.000000e+00
 4.753045e+00 -4.755364e+00  5.015558e+02  1.000000e+00
 4.608441e+00 -5.179710e+00  5.370757e+02  1.000000e+00
 4.030027e+00 -6.877089e+00  6.511550e+02  1.000000e+00
 3.740818e+00 -7.725776e+00  6.913946e+02  1.000000e+00
 3.596214e+00 -8.150119e+00  7.073144e+02  1.000000e+00
 3.307005e+00 -8.998802e+00  7.307539e+02  1.000000e+00
 3.162400e+00 -9.423143e+00  7.382736e+02  1.000000e+00
 3.017795e+00 -9.847482e+00  7.429934e+02  1.000000e+00
 2.728586e+00 -1.069616e+01  7.440328e+02  1.000000e+00
 2.005565e+00 -1.281783e+01  6.976313e+02  1.000000e+00
 1.860961e+00 -1.324216e+01  6.799511e+02  1.000000e+00
 1.571754e+00 -1.409082e+01  6.361906e+02  1.000000e+00
 1.137945e+00 -1.536379e+01  5.495504e+02  1.000000e+00
 1.039690e+01  1.113814e+01 -3.020752e+03  1.000000e+00
 1.025233e+01  1.071384e+01 -2.877485e+03  1.000000e+00
 8.806512e+00  6.470710e+00 -1.598789e+03  1.000000e+00
 8.661925e+00  6.046386e+00 -1.486316e+03  1.000000e+00
 8.517337e+00  5.622061e+00 -1.376643e+03  1.000000e+00
 8.228158e+00  4.773404e+00 -1.165696e+03  1.000000e+00
 7.505198e+00  2.651740e+00 -6.873222e+02  1.000000e+00
 6.059227e+00 -1.591666e+00  5.944191e+01  1.000000e+00
 5.770026e+00 -2.440354e+00  1.751962e+02  1.000000e+00
 5.336222e+00 -3.713389e+00  3.278282e+02  1.000000e+00
 5.047018e+00 -4.562079e+00  4.155832e+02  1.000000e+00
 4.468605e+00 -6.259459e+00  5.574933e+02  1.000000e+00
 3.745585e+00 -8.381177e+00  6.718809e+02  1.000000e+00
 3.600980e+00 -8.805518e+00  6.863584e+02  1.000000e+00
 3.456376e+00 -9.229859e+00  6.980359e+02  1.000000e+00
 3.022562e+00 -1.050288e+01  7.162683e+02  1.000000e+00
 2.444144e+00 -1.220022e+01  7.013780e+02  1.000000e+00
 2.299540e+00 -1.262455e+01  6.906555e+02  1.000000e+00
 1.865729e+00 -1.389754e+01  6.416879e+02  1.000000e+00
 1.040169e+01  1.048278e+01 -2.975388e+03  1.000000e+00
 9.534213e+00  7.936926e+00 -2.166432e+03  1.000000e+00
 9.100461e+00  6.663971e+00 -1.799746e+03  1.000000e+00
 8.955875e+00  6.239649e+00 -1.683117e+03  1.000000e+00
 8.522112e+00  4.966672e+00 -1.350025e+03  1.000000e+00
 7.799157e+00  2.845013e+00 -8.508653e+02  1.000000e+00
 7.654564e+00  2.420678e+00 -7.594325e+02  1.000000e+00
 7.509970e+00  1.996341e+00 -6.707992e+02  1.000000e+00
 7.220780e+00  1.147665e+00 -5.019323e+02  1.000000e+00
 7.076184e+00  7.233254e-01 -4.216984e+02  1.000000e+00
 6.931587e+00  2.989853e-01 -3.442645e+02  1.000000e+00
 6.786990e+00 -1.253556e-01 -2.696303e+02  1.000000e+00
 6.063995e+00 -2.247071e+00  6.154257e+01  1.000000e+00
 5.630193e+00 -3.520104e+00  2.266474e+02  1.000000e+00
 4.762579e+00 -6.066174e+00  4.812584e+02  1.000000e+00
 4.328768e+00 -7.339206e+00  5.707641e+02  1.000000e+00
 4.184164e+00 -7.763549e+00  5.949994e+02  1.000000e+00
 3.750351e+00 -9.036575e+00  6.509050e+02  1.000000e+00
 3.316538e+00 -1.030959e+01  6.816106e+02  1.000000e+00
 3.027329e+00 -1.115827e+01  6.880810e+02  1.000000e+00
 2.593516e+00 -1.243127e+01  6.767865e+02  1.000000e+00
 2.015100e+00 -1.412859e+01  6.225273e+02  1.000000e+00
 1.055105e+01  1.025172e+01 -3.074668e+03  1.000000e+00
 9.683574e+00  7.705865e+00 -2.257568e+03  1.000000e+00
 9.249823e+00  6.432909e+00 -1.886809e+03  1.000000e+00
 9.105238e+00  6.008587e+00 -1.768822e+03  1.000000e+00
 8.960651e+00  5.584263e+00 -1.653635e+03  1.000000e+00
 8.093115e+00  3.038286e+00 -1.021301e+03  1.000000e+00
 7.803930e+00  2.189617e+00 -8.329203e+02  1.000000e+00
 7.370146e+00  9.166039e-01 -5.713473e+02  1.000000e+00
 6.936357e+00 -3.564168e-01 -3.349725e+02  1.000000e+00
 6.791759e+00 -7.807590e-01 -2.617805e+02  1.000000e+00
 6.647161e+00 -1.205101e+00 -1.913884e+02  1.000000e+00
 5.924163e+00 -3.326820e+00  1.185738e+02  1.000000e+00
 5.490359e+00 -4.599854e+00  2.709520e+02  1.000000e+00
 5.201154e+00 -5.448543e+00  3.585376e+02  1.000000e+00
 4.911949e+00 -6.297232e+00  4.349235e+02  1.000000e+00
 3.899722e+00 -9.267631e+00  6.140741e+02  1.000000e+00
 3.610513e+00 -1.011631e+01  6.400599e+02  1.000000e+00
 3.465909e+00 -1.054065e+01  6.488528e+02  1.000000e+00
 3.321304e+00 -1.096499e+01  6.548457e+02  1.000000e+00
 2.598282e+00 -1.308666e+01  6.428103e+02  1.000000e+00
 1.084498e+01  1.044496e+01 -3.322663e+03  1.000000e+00
 9.832934e+00  7.474805e+00 -2.350080e+03  1.000000e+00
 9.543769e+00  6.626169e+00 -2.097394e+03  1.000000e+00
 9.399185e+00  6.201848e+00 -1.975250e+03  1.000000e+00
 9.110014e+00  5.353201e+00 -1.739360e+03  1.000000e+00
 8.965427e+00  4.928876e+00 -1.625615e+03  1.000000e+00
 8.676250e+00  4.080219e+00 -1.406522e+03  1.000000e+00
 8.531661e+00  3.655889e+00 -1.301176e+03  1.000000e+00
 8.097887e+00  2.382890e+00 -1.001933e+03  1.000000e+00
 7.953295e+00  1.958555e+00 -9.077855e+02  1.000000e+00
 6.941126e+00 -1.011820e+00 -3.271425e+02  1.000000e+00
 6.651930e+00 -1.860504e+00 -1.864431e+02  1.000000e+00
 6.507331e+00 -2.284848e+00 -1.202930e+02  1.000000e+00
 5.928930e+00 -3.982223e+00  1.163078e+02  1.000000e+00
 5.495126e+00 -5.255257e+00  2.643592e+02  1.000000e+00
 5.061318e+00 -6.528290e+00  3.872110e+02  1.000000e+00
 3.036861e+00 -1.246905e+01  6.273200e+02  1.000000e+00
 2.603049e+00 -1.374204e+01  6.073719e+02  1.000000e+00
 1.084976e+01  9.789602e+00 -3.277359e+03  1.000000e+00
 1.012687e+01  7.668059e+00 -2.575870e+03  1.000000e+00
 9.837713e+00  6.819427e+00 -2.314870e+03  1.000000e+00
 9.693130e+00  6.395108e+00 -2.188569e+03  1.000000e+00
 9.259376e+00  5.122141e+00 -1.826463e+03  1.000000e+00
 9.114789e+00  4.697815e+00 -1.711360e+03  1.000000e+00
 8.970202e+00  4.273488e+00 -1.599057e+03  1.000000e+00
 7.379686e+00 -3.941970e-01 -5.484963e+02  1.000000e+00
 7.090493e+00 -1.242879e+00 -3.938821e+02  1.000000e+00
 6.801297e+00 -2.091564e+00 -2.504674e+02  1.000000e+00
 6.656698e+00 -2.515907e+00 -1.829597e+02  1.000000e+00
 6.222899e+00 -3.788938e+00  2.763765e+00  1.000000e+00
 5.933697e+00 -4.637626e+00  1.125798e+02  1.000000e+00
 5.644494e+00 -5.486315e+00  2.111961e+02  1.000000e+00
 5.066084e+00 -7.183690e+00  3.748292e+02  1.000000e+00
 3.909253e+00 -1.057842e+01  5.676961e+02  1.000000e+00
 3.330835e+00 -1.227576e+01  5.969295e+02  1.000000e+00
 3.041627e+00 -1.312443e+01  5.947462e+02  1.000000e+00
 2.897023e+00 -1.354876e+01  5.894546e+02  1.000000e+00
 2.752419e+00 -1.397309e+01  5.813630e+02  1.000000e+00
 1.027623e+01  7.436999e+00 -2.672495e+03  1.000000e+00
 9.264151e+00  4.466755e+00 -1.798483e+03  1.000000e+00
 8.830387e+00  3.193768e+00 -1.465899e+03  1.000000e+00
 8.685797e+00  2.769437e+00 -1.360637e+03  1.000000e+00
 8.396615e+00  1.920769e+00 -1.158511e+03  1.000000e+00
 8.252023e+00  1.496434e+00 -1.061648e+03  1.000000e+00
 8.107430e+00  1.072098e+00 -9.675848e+02  1.000000e+00
 7.529052e+00 -6.252567e-01 -6.193286e+02  1.000000e+00
 7.384455e+00 -1.049597e+00 -5.392641e+02  1.000000e+00
 7.239858e+00 -1.473939e+00 -4.619992e+02  1.000000e+00
 6.950663e+00 -2.322622e+00 -3.158692e+02  1.000000e+00
 6.516866e+00 -3.595652e+00 -1.176732e+02  1.000000e+00
 6.227666e+00 -4.444340e+00  4.580892e-01  1.000000e+00
 5.938463e+00 -5.293028e+00  1.073897e+02  1.000000e+00
 5.649260e+00 -6.141716e+00  2.031214e+02  1.000000e+00
 5.504658e+00 -6.566060e+00  2.467874e+02  1.000000e+00
 5.215452e+00 -7.414746e+00  3.257193e+02  1.000000e+00
 5.070849e+00 -7.839089e+00  3.609853e+02  1.000000e+00
 4.926246e+00 -8.263431e+00  3.934514e+02  1.000000e+00
 4.781642e+00 -8.687773e+00  4.231174e+02  1.000000e+00
 4.492435e+00 -9.536455e+00  4.740496e+02  1.000000e+00
 4.347831e+00 -9.960795e+00  4.953156e+02  1.000000e+00
 3.914018e+00 -1.123381e+01  5.423139e+02  1.000000e+00
 2.323373e+00 -1.590144e+01  4.990412e+02  1.000000e+00
 9.991849e+00  5.932988e+00 -2.375052e+03  1.000000e+00
 9.847266e+00  5.508667e+00 -2.248835e+03  1.000000e+00
 9.413512e+00  4.235695e+00 -1.886983e+03  1.000000e+00
 7.823012e+00 -4.319762e-01 -7.757603e+02  1.000000e+00
 7.533820e+00 -1.280656e+00 -6.101162e+02  1.000000e+00
 7.244627e+00 -2.129339e+00 -4.556712e+02  1.000000e+00
 6.810832e+00 -3.402367e+00 -2.450027e+02  1.000000e+00
 6.232432e+00 -5.099741e+00 -3.309737e+00  1.000000e+00
 5.220217e+00 -8.070144e+00  3.118555e+02  1.000000e+00
 4.931011e+00 -8.918827e+00  3.767030e+02  1.000000e+00
 4.786407e+00 -9.343168e+00  4.049268e+02  1.000000e+00
 3.340366e+00 -1.358653e+01  5.331646e+02  1.000000e+00
 1.043037e+01  6.550565e+00 -2.733905e+03  1.000000e+00
 9.707457e+00  4.428961e+00 -2.096036e+03  1.000000e+00
 9.562872e+00  4.004635e+00 -1.976861e+03  1.000000e+00
 9.418286e+00  3.580308e+00 -1.860485e+03  1.000000e+00
 9.129110e+00  2.731649e+00 -1.636132e+03  1.000000e+00
 8.695340e+00  1.458651e+00 -1.320599e+03  1.000000e+00
 8.406157e+00  6.099791e-01 -1.124242e+03  1.000000e+00
 7.538588e+00 -1.936056e+00 -6.023658e+02  1.000000e+00
 6.237197e+00 -5.755141e+00 -8.539606e+00  1.000000e+00
 5.803393e+00 -7.028170e+00  1.390041e+02  1.000000e+00
 5.369585e+00 -8.301197e+00  2.613482e+02  1.000000e+00
 5.080379e+00 -9.149880e+00  3.289110e+02  1.000000e+00
 4.935775e+00 -9.574220e+00  3.584925e+02  1.000000e+00
 3.489734e+00 -1.381758e+01  5.003074e+02  1.000000e+00
 3.055922e+00 -1.509056e+01  4.882521e+02  1.000000e+00
 1.130261e+01  8.441062e+00 -3.547945e+03  1.000000e+00
 1.115804e+01  8.016755e+00 -3.399418e+03  1.000000e+00
 1.101346e+01  7.592446e+00 -3.253691e+03  1.000000e+00
 1.043515e+01  5.895189e+00 -2.698775e+03  1.000000e+00
 1.000140e+01  4.622226e+00 -2.311981e+03  1.000000e+00
 9.856817e+00  4.197902e+00 -2.188648e+03  1.000000e+00
 8.410926e+00 -4.541600e-02 -1.109301e+03  1.000000e+00
 8.266333e+00 -4.697536e-01 -1.016764e+03  1.000000e+00
 8.121739e+00 -8.940928e-01 -9.270273e+02  1.000000e+00
 7.977144e+00 -1.318432e+00 -8.400903e+02  1.000000e+00
 7.687953e+00 -2.167113e+00 -6.746153e+02  1.000000e+00
 7.254161e+00 -3.440138e+00 -4.474016e+02  1.000000e+00
 7.109563e+00 -3.864480e+00 -3.772634e+02  1.000000e+00
 6.820364e+00 -4.713166e+00 -2.453865e+02  1.000000e+00
 6.386564e+00 -5.986196e+00 -6.857052e+01  1.000000e+00
 5.663555e+00 -8.107908e+00  1.701241e+02  1.000000e+00
 5.085143e+00 -9.805272e+00  3.106806e+02  1.000000e+00
 4.940539e+00 -1.022961e+01  3.388198e+02  1.000000e+00
 4.651332e+00 -1.107829e+01  3.866981e+02  1.000000e+00
 3.494499e+00 -1.447295e+01  4.662119e+02  1.000000e+00
 1.058450e+01  5.664130e+00 -2.798194e+03  1.000000e+00
 1.029534e+01  4.815490e+00 -2.534817e+03  1.000000e+00
 9.427831e+00  2.269532e+00 -1.811874e+03  1.000000e+00
 9.283243e+00  1.845200e+00 -1.701182e+03  1.000000e+00
 9.138653e+00  1.420867e+00 -1.593289e+03  1.000000e+00
 8.994063e+00  9.965339e-01 -1.488196e+03  1.000000e+00
 8.415696e+00 -7.008110e-01 -1.095822e+03  1.000000e+00
 7.981912e+00 -1.973829e+00 -8.309375e+02  1.000000e+00
 7.837316e+00 -2.398170e+00 -7.482423e+02  1.000000e+00
 6.680530e+00 -5.792907e+00 -1.874754e+02  1.000000e+00
 6.535929e+00 -6.217250e+00 -1.299790e+02  1.000000e+00
 5.668319e+00 -8.763302e+00  1.562008e+02  1.000000e+00
 5.089906e+00 -1.046066e+01  2.909881e+02  1.000000e+00
 4.945303e+00 -1.088500e+01  3.176849e+02  1.000000e+00
 4.077679e+00 -1.343101e+01  4.190664e+02  1.000000e+00
 3.643867e+00 -1.470400e+01  4.319573e+02  1.000000e+00
 1.087844e+01  5.857389e+00 -3.036236e+03  1.000000e+00
 1.044470e+01  4.584432e+00 -2.632899e+03  1.000000e+00
 1.015553e+01  3.735785e+00 -2.378005e+03  1.000000e+00
 9.866364e+00  2.887133e+00 -2.134309e+03  1.000000e+00
 9.432603e+00  1.614143e+00 -1.789762e+03  1.000000e+00
 8.709650e+00 -5.075306e-01 -1.271508e+03  1.000000e+00
 8.420464e+00 -1.356207e+00 -1.083804e+03  1.000000e+00
 8.131275e+00 -2.204885e+00 -9.072995e+02  1.000000e+00
 7.986679e+00 -2.629226e+00 -8.232467e+02  1.000000e+00
 7.408291e+00 -4.326591e+00 -5.150340e+02  1.000000e+00
 7.263693e+00 -4.750933e+00 -4.449805e+02  1.000000e+00
 7.119094e+00 -5.175276e+00 -3.777267e+02  1.000000e+00
 6.829895e+00 -6.023960e+00 -2.516190e+02  1.000000e+00
 5.528479e+00 -9.843034e+00  1.772697e+02  1.000000e+00
 5.383876e+00 -1.026737e+01  2.109242e+02  1.000000e+00
 4.227046e+00 -1.366205e+01  3.793610e+02  1.000000e+00
 1.030489e+01  3.504728e+00 -2.474750e+03  1.000000e+00
 9.292784e+00  5.344196e-01 -1.661303e+03  1.000000e+00
 8.859011e+00 -7.385870e-01 -1.354678e+03  1.000000e+00
 8.714419e+00 -1.162924e+00 -1.258068e+03  1.000000e+00
 8.569825e+00 -1.587263e+00 -1.164259e+03  1.000000e+00
 7.702252e+00 -4.133304e+00 -6.601965e+02  1.000000e+00
 7.413057e+00 -4.981987e+00 -5.145744e+02  1.000000e+00
 7.268458e+00 -5.406330e+00 -4.459630e+02  1.000000e+00
 6.834659e+00 -6.679356e+00 -2.569283e+02  1.000000e+00
 6.690058e+00 -7.103698e+00 -1.995166e+02  1.000000e+00
 6.545458e+00 -7.528039e+00 -1.449048e+02  1.000000e+00
 6.256255e+00 -8.376723e+00 -4.408086e+01  1.000000e+00
 1.016508e+01  2.425019e+00 -2.323746e+03  1.000000e+00
 9.875907e+00  1.576360e+00 -2.085818e+03  1.000000e+00
 7.851615e+00 -4.364358e+00 -7.338831e+02  1.000000e+00
 8.434764e+00 -3.322389e+00 -1.056525e+03  1.000000e+00
 8.145573e+00 -4.171069e+00 -8.886733e+02  1.000000e+00
 7.711782e+00 -5.444092e+00 -6.578947e+02  1.000000e+00
 7.567184e+00 -5.868434e+00 -5.865680e+02  1.000000e+00
 7.422585e+00 -6.292775e+00 -5.180414e+02  1.000000e+00
 6.844186e+00 -7.990140e+00 -2.719336e+02  1.000000e+00
 1.075296e+01  2.811559e+00 -2.773247e+03  1.000000e+00
 1.017462e+01  1.114249e+00 -2.275334e+03  1.000000e+00
 9.451680e+00 -1.007416e+00 -1.715932e+03  1.000000e+00
 9.307090e+00 -1.431752e+00 -1.612451e+03  1.000000e+00
 8.728719e+00 -3.129102e+00 -1.226522e+03  1.000000e+00
 1.003480e+01  3.453166e-02 -2.137284e+03  1.000000e+00
 9.745628e+00 -8.141345e-01 -1.913608e+03  1.000000e+00
 8.733485e+00 -3.784494e+00 -1.218930e+03  1.000000e+00
-9.505513e+00  6.285120e+00 -1.794856e+03  2.000000e+00
-9.645337e+00  5.205405e+00 -1.947997e+03  2.000000e+00
-7.616259e+00  1.049063e+01 -5.269469e+02  2.000000e+00
-8.773024e+00  7.095994e+00 -1.291934e+03  2.000000e+00
-8.917617e+00  6.671664e+00 -1.400156e+03  2.000000e+00
-9.495981e+00  4.974346e+00 -1.861043e+03  2.000000e+00
-1.050809e+01  2.004060e+00 -2.775379e+03  2.000000e+00
-1.123099e+01 -1.175466e-01 -3.512460e+03  2.000000e+00
-1.209844e+01 -2.663432e+00 -4.489332e+03  2.000000e+00
-7.033102e+00  1.153257e+01 -2.224183e+02  2.000000e+00
-7.900690e+00  8.986590e+00 -7.208172e+02  2.000000e+00
-8.334478e+00  7.713598e+00 -1.007815e+03  2.000000e+00
-1.006956e+01  2.621647e+00 -2.407779e+03  2.000000e+00
-1.064790e+01  9.243499e-01 -2.964019e+03  2.000000e+00
-1.108164e+01 -3.486119e-01 -3.410594e+03  2.000000e+00
-1.209366e+01 -3.318808e+00 -4.550575e+03  2.000000e+00
-6.739140e+00  1.172584e+01 -8.803089e+01  2.000000e+00
-6.883740e+00  1.130152e+01 -1.599400e+02  2.000000e+00
-7.317537e+00  1.002853e+01 -3.924672e+02  2.000000e+00
-7.895927e+00  8.331204e+00 -7.417017e+02  2.000000e+00
-8.185118e+00  7.482542e+00 -9.331180e+02  2.000000e+00
-8.618900e+00  6.209548e+00 -1.241241e+03  2.000000e+00
-8.763493e+00  5.785217e+00 -1.349548e+03  2.000000e+00
-1.006479e+01  1.966258e+00 -2.450296e+03  2.000000e+00
-1.165517e+01 -2.701256e+00 -4.103595e+03  2.000000e+00
-6.878977e+00  1.064613e+01 -1.721908e+02  2.000000e+00
-7.168175e+00  9.797473e+00 -3.272936e+02  2.000000e+00
-7.457372e+00  8.948811e+00 -4.935959e+02  2.000000e+00
-8.035758e+00  7.251484e+00 -8.597989e+02  2.000000e+00
-8.324947e+00  6.402820e+00 -1.059699e+03  2.000000e+00
-9.626265e+00  2.583848e+00 -2.097836e+03  2.000000e+00
-1.006002e+01  1.310868e+00 -2.494275e+03  2.000000e+00
-1.165039e+01 -3.356635e+00 -4.163435e+03  2.000000e+00
-1.208410e+01 -4.629558e+00 -4.677444e+03  2.000000e+00
-6.874214e+00  9.990750e+00 -1.859037e+02  2.000000e+00
-7.452607e+00  8.293423e+00 -5.130780e+02  2.000000e+00
-8.464774e+00  5.323096e+00 -1.193427e+03  2.000000e+00
-9.332319e+00  2.777112e+00 -1.885772e+03  2.000000e+00
-9.621495e+00  1.928456e+00 -2.138951e+03  2.000000e+00
-9.766081e+00  1.504129e+00 -2.269740e+03  2.000000e+00
-1.019983e+01  2.311540e-01 -2.678903e+03  2.000000e+00
-1.034442e+01 -1.931689e-01 -2.820889e+03  2.000000e+00
-1.121189e+01 -2.739079e+00 -3.731595e+03  2.000000e+00
-5.857247e+00  1.230567e+01  2.737753e+02  2.000000e+00
-6.291050e+00  1.103269e+01  8.706608e+01  2.000000e+00
-7.303245e+00  8.062366e+00 -4.465866e+02  2.000000e+00
-7.737035e+00  6.789367e+00 -7.172930e+02  2.000000e+00
-8.170820e+00  5.516368e+00 -1.013198e+03  2.000000e+00
-9.616724e+00  1.273064e+00 -2.181528e+03  2.000000e+00
-1.062880e+01 -1.697198e+00 -3.165931e+03  2.000000e+00
-1.120711e+01 -3.394461e+00 -3.790033e+03  2.000000e+00
-1.192997e+01 -5.516001e+00 -4.633141e+03  2.000000e+00
-6.864685e+00  8.679974e+00 -2.177161e+02  2.000000e+00
-7.298479e+00  7.406974e+00 -4.675507e+02  2.000000e+00
-7.587673e+00  6.558307e+00 -6.481063e+02  2.000000e+00
-8.889012e+00  2.739314e+00 -1.599195e+03  2.000000e+00
-9.178191e+00  1.890654e+00 -1.841345e+03  2.000000e+00
-9.467366e+00  1.041998e+00 -2.094693e+03  2.000000e+00
-1.091318e+01 -3.201217e+00 -3.529400e+03  2.000000e+00
-5.992320e+00  1.057058e+01  1.969097e+02  2.000000e+00
-6.426122e+00  9.297583e+00 -6.853237e+00  2.000000e+00
-6.715321e+00  8.448916e+00 -1.566949e+02  2.000000e+00
-7.438310e+00  6.327246e+00 -5.802971e+02  2.000000e+00
-7.582906e+00  5.902912e+00 -6.734171e+02  2.000000e+00
-8.016691e+00  4.629911e+00 -9.695758e+02  2.000000e+00
-9.173420e+00  1.235260e+00 -1.882520e+03  2.000000e+00
-9.751764e+00 -4.620468e-01 -2.406182e+03  2.000000e+00
-1.090841e+01 -3.856600e+00 -3.587878e+03  2.000000e+00
-4.975342e+00  1.288550e+01  5.735460e+02  2.000000e+00
-5.119945e+00  1.246117e+01  5.265826e+02  2.000000e+00
-6.710555e+00  7.793524e+00 -1.748143e+02  2.000000e+00
-7.433543e+00  5.671850e+00 -6.056278e+02  2.000000e+00
-8.590292e+00  2.277184e+00 -1.440519e+03  2.000000e+00
-9.746990e+00 -1.117439e+00 -2.454586e+03  2.000000e+00
-1.090363e+01 -4.511982e+00 -3.647818e+03  2.000000e+00
-1.119278e+01 -5.360602e+00 -3.974118e+03  2.000000e+00
-5.115180e+00  1.180579e+01  5.228663e+02  2.000000e+00
-5.548987e+00  1.053280e+01  3.608490e+02  2.000000e+00
-5.693588e+00  1.010847e+01  3.012432e+02  2.000000e+00
-5.838190e+00  9.684135e+00  2.388375e+02  2.000000e+00
-6.416591e+00  7.986799e+00 -3.878504e+01  2.000000e+00
-6.850388e+00  6.713794e+00 -2.764011e+02  2.000000e+00
-6.994985e+00  6.289458e+00 -3.612062e+02  2.000000e+00
-7.573371e+00  4.592118e+00 -7.284249e+02  2.000000e+00
-7.862560e+00  3.743450e+00 -9.288331e+02  2.000000e+00
-8.007154e+00  3.319116e+00 -1.033237e+03  2.000000e+00
-9.886798e+00 -2.197153e+00 -2.645251e+03  2.000000e+00
-1.046512e+01 -3.894426e+00 -3.236438e+03  2.000000e+00
-1.060970e+01 -4.318740e+00 -3.391232e+03  2.000000e+00
-4.242797e+00  1.369638e+01  7.747764e+02  2.000000e+00
-4.532004e+00  1.284772e+01  7.002803e+02  2.000000e+00
-4.821210e+00  1.199907e+01  6.145842e+02  2.000000e+00
-5.255018e+00  1.072608e+01  4.650399e+02  2.000000e+00
-5.399620e+00  1.030174e+01  4.095917e+02  2.000000e+00
-5.688823e+00  9.453077e+00  2.902956e+02  2.000000e+00
-6.556424e+00  6.907068e+00 -1.347919e+02  2.000000e+00
-6.701023e+00  6.482732e+00 -2.154395e+02  2.000000e+00
-7.134815e+00  5.209725e+00 -4.741816e+02  2.000000e+00
-7.424007e+00  4.361054e+00 -6.606754e+02  2.000000e+00
-7.568603e+00  3.936719e+00 -7.581221e+02  2.000000e+00
-8.869928e+00  1.177295e-01 -1.761129e+03  2.000000e+00
-9.159102e+00 -7.309258e-01 -2.014815e+03  2.000000e+00
-9.448273e+00 -1.579577e+00 -2.279699e+03  2.000000e+00
-1.002660e+01 -3.276863e+00 -2.843061e+03  2.000000e+00
-1.017118e+01 -3.701180e+00 -2.990900e+03  2.000000e+00
-3.948825e+00  1.388965e+01  8.429703e+02  2.000000e+00
-4.382636e+00  1.261667e+01  7.394994e+02  2.000000e+00
-4.527239e+00  1.219234e+01  6.994091e+02  2.000000e+00
-4.816445e+00  1.134368e+01  6.108282e+02  2.000000e+00
-5.684057e+00  8.797684e+00  2.778856e+02  2.000000e+00
-5.973259e+00  7.949014e+00  1.445050e+02  2.000000e+00
-6.117859e+00  7.524678e+00  7.361469e+01  2.000000e+00
-6.407058e+00  6.676006e+00 -7.656556e+01  2.000000e+00
-6.551657e+00  6.251670e+00 -1.558556e+02  2.000000e+00
-6.696255e+00  5.827334e+00 -2.379454e+02  2.000000e+00
-6.840853e+00  5.402998e+00 -3.228352e+02  2.000000e+00
-7.274643e+00  4.129990e+00 -5.943034e+02  2.000000e+00
-7.419239e+00  3.705654e+00 -6.903924e+02  2.000000e+00
-8.286797e+00  1.159652e+00 -1.325721e+03  2.000000e+00
-8.431388e+00  7.353211e-01 -1.441408e+03  2.000000e+00
-8.865155e+00 -5.376673e-01 -1.805267e+03  2.000000e+00
-1.002183e+01 -3.932251e+00 -2.898735e+03  2.000000e+00
-1.060014e+01 -5.629506e+00 -3.512654e+03  2.000000e+00
-3.654852e+00  1.408292e+01  9.042713e+02  2.000000e+00
-4.667077e+00  1.111263e+01  6.527428e+02  2.000000e+00
-4.811680e+00  1.068829e+01  6.056100e+02  2.000000e+00
-4.956282e+00  1.026396e+01  5.556773e+02  2.000000e+00
-5.390088e+00  8.990960e+00  3.890790e+02  2.000000e+00
-5.679291e+00  8.142289e+00  2.640135e+02  2.000000e+00
-5.823892e+00  7.717953e+00  1.972808e+02  2.000000e+00
-6.113092e+00  6.869281e+00  5.541570e+01  2.000000e+00
-6.980682e+00  4.323261e+00 -4.373772e+02  2.000000e+00
-7.125278e+00  3.898925e+00 -5.293089e+02  2.000000e+00
-7.269874e+00  3.474589e+00 -6.240403e+02  2.000000e+00
-7.414469e+00  3.050253e+00 -7.215716e+02  2.000000e+00
-8.137435e+00  9.285846e-01 -1.251224e+03  2.000000e+00
-9.004967e+00 -1.617391e+00 -1.979195e+03  2.000000e+00
-1.117365e+01 -7.982104e+00 -4.240030e+03  2.000000e+00
-4.806913e+00  1.003290e+01  5.989296e+02  2.000000e+00
-4.951516e+00  9.608570e+00  5.475544e+02  2.000000e+00
-5.096118e+00  9.184235e+00  4.933794e+02  2.000000e+00
-5.674524e+00  7.486892e+00  2.486792e+02  2.000000e+00
-5.819125e+00  7.062555e+00  1.805042e+02  2.000000e+00
-6.252924e+00  5.789544e+00 -4.082018e+01  2.000000e+00
-6.397523e+00  5.365207e+00 -1.201948e+02  2.000000e+00
-6.542121e+00  4.940870e+00 -2.023693e+02  2.000000e+00
-7.409699e+00  2.394852e+00 -7.542128e+02  2.000000e+00
-8.277253e+00 -1.511466e-01 -1.406847e+03  2.000000e+00
-1.015685e+01 -5.667338e+00 -3.166634e+03  2.000000e+00
-2.922301e+00  1.489379e+01  1.022611e+03  2.000000e+00
-4.368339e+00  1.065051e+01  7.324391e+02  2.000000e+00
-4.657544e+00  9.801846e+00  6.408043e+02  2.000000e+00
-5.091352e+00  8.528840e+00  4.823521e+02  2.000000e+00
-5.235954e+00  8.104503e+00  4.239347e+02  2.000000e+00
-5.380555e+00  7.680167e+00  3.627173e+02  2.000000e+00
-5.958957e+00  5.982818e+00  8.984826e+01  2.000000e+00
-6.248156e+00  5.134142e+00 -6.338579e+01  2.000000e+00
-6.537352e+00  4.285467e+00 -2.278194e+02  2.000000e+00
-7.115739e+00  2.588120e+00 -5.902847e+02  2.000000e+00
-7.694115e+00  8.907809e-01 -9.975464e+02  2.000000e+00
-8.127890e+00 -3.822159e-01 -1.332390e+03  2.000000e+00
-8.272480e+00 -8.065463e-01 -1.449603e+03  2.000000e+00
-8.417069e+00 -1.230876e+00 -1.569617e+03  2.000000e+00
-8.995417e+00 -2.928181e+00 -2.077665e+03  2.000000e+00
-9.140001e+00 -3.352504e+00 -2.211676e+03  2.000000e+00
-1.000749e+01 -5.898410e+00 -3.074529e+03  2.000000e+00
-2.917534e+00  1.423841e+01  1.031756e+03  2.000000e+00
-3.062138e+00  1.381409e+01  1.013897e+03  2.000000e+00
-3.206742e+00  1.338976e+01  9.932376e+02  2.000000e+00
-3.495950e+00  1.254111e+01  9.435187e+02  2.000000e+00
-3.785158e+00  1.169245e+01  8.825997e+02  2.000000e+00
-4.652778e+00  9.146450e+00  6.326417e+02  2.000000e+00
-4.797380e+00  8.722115e+00  5.811820e+02  2.000000e+00
-5.375788e+00  7.024767e+00  3.473431e+02  2.000000e+00
-5.520389e+00  6.600430e+00  2.818835e+02  2.000000e+00
-5.809589e+00  5.751754e+00  1.425644e+02  2.000000e+00
-6.243387e+00  4.478739e+00 -8.741355e+01  2.000000e+00
-6.532583e+00  3.630064e+00 -2.547316e+02  2.000000e+00
-6.677180e+00  3.205726e+00 -3.425904e+02  2.000000e+00
-7.255563e+00  1.508381e+00 -7.220237e+02  2.000000e+00
-7.689343e+00  2.353787e-01 -1.035996e+03  2.000000e+00
-8.412294e+00 -1.886274e+00 -1.615277e+03  2.000000e+00
-2.912767e+00  1.358303e+01  1.039439e+03  2.000000e+00
-3.780391e+00  1.103706e+01  8.816288e+02  2.000000e+00
-3.924995e+00  1.061273e+01  8.455269e+02  2.000000e+00
-4.069599e+00  1.018839e+01  8.066249e+02  2.000000e+00
-4.792613e+00  8.066717e+00  5.701148e+02  2.000000e+00
-5.081817e+00  7.218042e+00  4.559107e+02  2.000000e+00
-5.371020e+00  6.369366e+00  3.305068e+02  2.000000e+00
-5.515621e+00  5.945027e+00  2.636049e+02  2.000000e+00
-5.660221e+00  5.520689e+00  1.939030e+02  2.000000e+00
-7.539978e+00  4.309205e-03 -9.670085e+02  2.000000e+00
-7.684570e+00 -4.200236e-01 -1.075908e+03  2.000000e+00
-7.973752e+00 -1.268686e+00 -1.302105e+03  2.000000e+00
-8.262931e+00 -2.117345e+00 -1.539501e+03  2.000000e+00
-8.552106e+00 -2.965999e+00 -1.788096e+03  2.000000e+00
-9.130446e+00 -4.663290e+00 -2.318878e+03  2.000000e+00
-1.014250e+01 -7.633484e+00 -3.355523e+03  2.000000e+00
-2.618792e+00  1.377631e+01  1.078748e+03  2.000000e+00
-3.052604e+00  1.250333e+01  1.024916e+03  2.000000e+00
-4.064831e+00  9.533001e+00  8.013072e+02  2.000000e+00
-4.354038e+00  8.684329e+00  7.122185e+02  2.000000e+00
-4.643243e+00  7.835655e+00  6.119298e+02  2.000000e+00
-4.787846e+00  7.411317e+00  5.575854e+02  2.000000e+00
-5.077049e+00  6.562640e+00  4.404968e+02  2.000000e+00
-5.510852e+00  5.289624e+00  2.438640e+02  2.000000e+00
-5.655452e+00  4.865285e+00  1.727199e+02  2.000000e+00
-6.233848e+00  3.167930e+00 -1.398556e+02  2.000000e+00
-6.378446e+00  2.743592e+00 -2.249991e+02  2.000000e+00
-6.523043e+00  2.319254e+00 -3.129425e+02  2.000000e+00
-7.246019e+00  1.975734e-01 -7.946563e+02  2.000000e+00
-7.390612e+00 -2.267606e-01 -8.993984e+02  2.000000e+00
-7.968978e+00 -1.924087e+00 -1.346363e+03  2.000000e+00
-8.402743e+00 -3.197070e+00 -1.710983e+03  2.000000e+00
-8.836501e+00 -4.470041e+00 -2.100798e+03  2.000000e+00
-9.125667e+00 -5.318681e+00 -2.374672e+03  2.000000e+00
-2.180212e+00  1.439390e+01  1.119350e+03  2.000000e+00
-2.758629e+00  1.269660e+01  1.069805e+03  2.000000e+00
-3.481649e+00  1.057494e+01  9.448734e+02  2.000000e+00
-3.915461e+00  9.301940e+00  8.363137e+02  2.000000e+00
-4.204667e+00  8.453267e+00  7.499404e+02  2.000000e+00
-4.349270e+00  8.028930e+00  7.025538e+02  2.000000e+00
-4.493873e+00  7.604592e+00  6.523672e+02  2.000000e+00
-4.638475e+00  7.180254e+00  5.993805e+02  2.000000e+00
-4.927679e+00  6.331576e+00  4.850072e+02  2.000000e+00
-5.216882e+00  5.482897e+00  3.594340e+02  2.000000e+00
-5.361483e+00  5.058558e+00  2.924475e+02  2.000000e+00
-6.084480e+00  2.936862e+00 -8.448385e+01  2.000000e+00
-6.229078e+00  2.512524e+00 -1.682697e+02  2.000000e+00
-7.530431e+00 -1.306497e+00 -1.048334e+03  2.000000e+00
-7.675023e+00 -1.730828e+00 -1.160117e+03  2.000000e+00
-8.253379e+00 -3.428142e+00 -1.635247e+03  2.000000e+00
-8.397967e+00 -3.852467e+00 -1.761029e+03  2.000000e+00
-9.265469e+00 -6.398386e+00 -2.574506e+03  2.000000e+00
-9.410049e+00 -6.822700e+00 -2.719883e+03  2.000000e+00
-1.886236e+00  1.458717e+01  1.140714e+03  2.000000e+00
-2.609257e+00  1.246554e+01  1.092572e+03  2.000000e+00
-2.898465e+00  1.161688e+01  1.053715e+03  2.000000e+00
-3.043069e+00  1.119255e+01  1.030087e+03  2.000000e+00
-3.187674e+00  1.076822e+01  1.003658e+03  2.000000e+00
-3.476882e+00  9.919550e+00  9.424004e+02  2.000000e+00
-3.766089e+00  9.070879e+00  8.699427e+02  2.000000e+00
-3.910693e+00  8.646542e+00  8.295138e+02  2.000000e+00
-4.199899e+00  7.797867e+00  7.402559e+02  2.000000e+00
-4.489105e+00  6.949190e+00  6.397979e+02  2.000000e+00
-4.633707e+00  6.524851e+00  5.853690e+02  2.000000e+00
-4.778309e+00  6.100511e+00  5.281400e+02  2.000000e+00
-4.922911e+00  5.676171e+00  4.681111e+02  2.000000e+00
-5.645913e+00  3.554473e+00  1.259672e+02  2.000000e+00
-5.790513e+00  3.130133e+00  4.913870e+01  2.000000e+00
-6.658096e+00  5.841047e-01 -4.706294e+02  2.000000e+00
-7.091880e+00 -6.889012e-01 -7.683107e+02  2.000000e+00
-7.525657e+00 -1.961899e+00 -1.091189e+03  2.000000e+00
-8.682360e+00 -5.356507e+00 -2.075382e+03  2.000000e+00
-9.116108e+00 -6.629459e+00 -2.490645e+03  2.000000e+00
-2.315280e+00  1.265881e+01  1.127833e+03  2.000000e+00
-2.459884e+00  1.223448e+01  1.113962e+03  2.000000e+00
-2.893697e+00  1.096149e+01  1.055549e+03  2.000000e+00
-3.038302e+00  1.053716e+01  1.030478e+03  2.000000e+00
-3.182906e+00  1.011282e+01  1.002607e+03  2.000000e+00
-3.327510e+00  9.688489e+00  9.719363e+02  2.000000e+00
-3.616718e+00  8.839817e+00  9.021940e+02  2.000000e+00
-4.050528e+00  7.566803e+00  7.765803e+02  2.000000e+00
-4.484336e+00  6.293786e+00  6.257665e+02  2.000000e+00
-4.628939e+00  5.869446e+00  5.698953e+02  2.000000e+00
-4.773540e+00  5.445106e+00  5.112240e+02  2.000000e+00
-5.062743e+00  4.596425e+00  3.854816e+02  2.000000e+00
-5.785742e+00  2.474726e+00  2.212688e+01  2.000000e+00
-6.074938e+00  1.626048e+00 -1.428142e+02  2.000000e+00
-6.797919e+00 -4.956372e-01 -6.041639e+02  2.000000e+00
-7.810062e+00 -3.465959e+00 -1.367642e+03  2.000000e+00
-8.388411e+00 -5.163258e+00 -1.865506e+03  2.000000e+00
-2.165907e+00  1.242776e+01  1.146487e+03  2.000000e+00
-2.744325e+00  1.073043e+01  1.079635e+03  2.000000e+00
-3.467346e+00  8.608754e+00  9.330677e+02  2.000000e+00
-4.045759e+00  6.911400e+00  7.654136e+02  2.000000e+00
-4.624169e+00  5.214039e+00  5.529593e+02  2.000000e+00
-4.768771e+00  4.789699e+00  4.928458e+02  2.000000e+00
-4.913372e+00  4.365358e+00  4.299323e+02  2.000000e+00
-5.057973e+00  3.941018e+00  3.642189e+02  2.000000e+00
-6.070167e+00  9.706397e-01 -1.741726e+02  2.000000e+00
-6.648551e+00 -7.267080e-01 -5.434215e+02  2.000000e+00
-7.660696e+00 -3.697031e+00 -1.297396e+03  2.000000e+00
-8.094461e+00 -4.970008e+00 -1.662523e+03  2.000000e+00
-8.528217e+00 -6.242972e+00 -2.052845e+03  2.000000e+00
-8.817383e+00 -7.091605e+00 -2.327057e+03  2.000000e+00
-1.871930e+00  1.262103e+01  1.172119e+03  2.000000e+00
-2.450348e+00  1.092370e+01  1.121897e+03  2.000000e+00
-2.594952e+00  1.049937e+01  1.102342e+03  2.000000e+00
-2.739557e+00  1.007504e+01  1.079986e+03  2.000000e+00
-3.317973e+00  8.377691e+00  9.625638e+02  2.000000e+00
-3.896388e+00  6.680335e+00  8.003405e+02  2.000000e+00
-4.185593e+00  5.831654e+00  7.024287e+02  2.000000e+00
-4.474798e+00  4.982973e+00  5.933170e+02  2.000000e+00
-4.619400e+00  4.558632e+00  5.345612e+02  2.000000e+00
-4.764001e+00  4.134291e+00  4.730054e+02  2.000000e+00
-5.920798e+00  7.395696e-01 -1.202382e+02  2.000000e+00
-8.089683e+00 -5.625404e+00 -1.715533e+03  2.000000e+00
-1.722557e+00  1.238997e+01  1.186660e+03  2.000000e+00
-1.867161e+00  1.196564e+01  1.179662e+03  2.000000e+00
-2.011766e+00  1.154131e+01  1.169865e+03  2.000000e+00
-2.156370e+00  1.111698e+01  1.157267e+03  2.000000e+00
-2.879392e+00  8.995303e+00  1.052278e+03  2.000000e+00
-3.891619e+00  6.024929e+00  7.876916e+02  2.000000e+00
-4.036221e+00  5.600588e+00  7.386934e+02  2.000000e+00
-5.609572e-01  1.512918e+01  1.160900e+03  2.000000e+00
-9.947672e-01  1.385621e+01  1.194382e+03  2.000000e+00
-1.283975e+00  1.300756e+01  1.202703e+03  2.000000e+00
-1.428579e+00  1.258324e+01  1.202663e+03  2.000000e+00
-1.862392e+00  1.131025e+01  1.185744e+03  2.000000e+00
-2.296205e+00  1.003725e+01  1.143624e+03  2.000000e+00
-2.440810e+00  9.612913e+00  1.123984e+03  2.000000e+00
-2.874623e+00  8.339901e+00  1.048263e+03  2.000000e+00
-3.308436e+00  7.066884e+00  9.473422e+02  2.000000e+00
-5.561868e-01  1.447380e+01  1.178500e+03  2.000000e+00
-8.453934e-01  1.362516e+01  1.200737e+03  2.000000e+00
-1.423810e+00  1.192785e+01  1.211609e+03  2.000000e+00
-1.568414e+00  1.150352e+01  1.207327e+03  2.000000e+00
-2.146832e+00  9.806186e+00  1.162198e+03  2.000000e+00
-2.580645e+00  8.533176e+00  1.098951e+03  2.000000e+00
-2.869854e+00  7.684499e+00  1.042786e+03  2.000000e+00
-3.159062e+00  6.835818e+00  9.754208e+02  2.000000e+00
-3.303666e+00  6.411478e+00  9.375381e+02  2.000000e+00
-4.026682e+00  4.289770e+00  7.061244e+02  2.000000e+00
-1.129831e+00  1.212112e+01  1.222141e+03  2.000000e+00
-1.274436e+00  1.169679e+01  1.222017e+03  2.000000e+00
-1.997458e+00  9.575123e+00  1.179395e+03  2.000000e+00
-2.142063e+00  9.150787e+00  1.162470e+03  2.000000e+00
-2.720480e+00  7.453433e+00  1.066772e+03  2.000000e+00
-3.009689e+00  6.604752e+00  1.002122e+03  2.000000e+00
-3.154293e+00  6.180412e+00  9.655967e+02  2.000000e+00
 3.176704e-02  1.486033e+01  1.142779e+03  2.000000e+00
-4.020418e-01  1.358736e+01  1.196880e+03  2.000000e+00
-1.269666e+00  1.104140e+01  1.229481e+03  2.000000e+00
-1.414270e+00  1.061706e+01  1.225114e+03  2.000000e+00
-2.860315e+00  6.373686e+00  1.027445e+03  2.000000e+00
-1.080643e-01  1.378063e+01  1.181152e+03  2.000000e+00
-1.120291e+00  1.081034e+01  1.238492e+03  2.000000e+00
-1.409500e+00  9.961668e+00  1.229674e+03  2.000000e+00
-2.277128e+00  7.415642e+00  1.136019e+03  2.000000e+00
-2.710941e+00  6.142619e+00  1.051391e+03  2.000000e+00
 6.197198e-01  1.524685e+01  1.079484e+03  2.000000e+00
 1.859132e-01  1.397389e+01  1.158532e+03  2.000000e+00
 4.131021e-02  1.354957e+01  1.179281e+03  2.000000e+00
-1.032928e-01  1.312525e+01  1.197230e+03  2.000000e+00
-3.924999e-01  1.227660e+01  1.224729e+03  2.000000e+00
-9.709162e-01  1.057927e+01  1.246124e+03  2.000000e+00
-1.115521e+00  1.015494e+01  1.244473e+03  2.000000e+00
-1.549334e+00  8.881932e+00  1.222720e+03  2.000000e+00
-1.838544e+00  8.033256e+00  1.194217e+03  2.000000e+00
-2.127753e+00  7.184576e+00  1.154514e+03  2.000000e+00
-2.416962e+00  6.335894e+00  1.103610e+03  2.000000e+00
-2.561567e+00  5.911552e+00  1.073958e+03  2.000000e+00
-2.706171e+00  5.487210e+00  1.041507e+03  2.000000e+00
-2.850775e+00  5.062868e+00  1.006255e+03  2.000000e+00
-9.852129e-02  1.246986e+01  1.211846e+03  2.000000e+00
-6.769370e-01  1.077254e+01  1.249873e+03  2.000000e+00
-9.661456e-01  9.923877e+00  1.252086e+03  2.000000e+00
-1.110750e+00  9.499541e+00  1.248993e+03  2.000000e+00
-1.833774e+00  7.377850e+00  1.191524e+03  2.000000e+00
-1.978379e+00  6.953509e+00  1.171631e+03  2.000000e+00
-2.122983e+00  6.529169e+00  1.148937e+03  2.000000e+00
 5.085369e-02  1.223880e+01  1.209935e+03  2.000000e+00
-5.275619e-01  1.054148e+01  1.253393e+03  2.000000e+00
-6.721661e-01  1.011715e+01  1.257257e+03  2.000000e+00
-8.167705e-01  9.692813e+00  1.258321e+03  2.000000e+00
-1.105980e+00  8.844140e+00  1.252050e+03  2.000000e+00
-1.395189e+00  7.995463e+00  1.234578e+03  2.000000e+00
-1.973608e+00  6.298101e+00  1.166034e+03  2.000000e+00
-2.118213e+00  5.873760e+00  1.141898e+03  2.000000e+00
-2.407422e+00  5.025074e+00  1.085225e+03  2.000000e+00
 6.340376e-01  1.328072e+01  1.140579e+03  2.000000e+00
-2.335823e-01  1.073475e+01  1.247513e+03  2.000000e+00
-6.673952e-01  9.461749e+00  1.263179e+03  2.000000e+00
-1.390419e+00  7.340058e+00  1.233288e+03  2.000000e+00
-1.535024e+00  6.915717e+00  1.218910e+03  2.000000e+00
-2.258047e+00  4.794005e+00  1.105018e+03  2.000000e+00
 4.942072e-01  1.220101e+01  1.181399e+03  2.000000e+00
-2.288112e-01  1.007935e+01  1.256299e+03  2.000000e+00
-8.072290e-01  8.382009e+00  1.265818e+03  2.000000e+00
-1.096439e+00  7.533331e+00  1.253777e+03  2.000000e+00
 7.881852e-01  1.239427e+01  1.149259e+03  2.000000e+00
 6.516867e-02  1.027262e+01  1.244948e+03  2.000000e+00
-7.943557e-02  9.848290e+00  1.255686e+03  2.000000e+00
-6.578533e-01  8.150944e+00  1.270636e+03  2.000000e+00
-8.024580e-01  7.726605e+00  1.267373e+03  2.000000e+00
-9.470630e-01  7.302264e+00  1.261311e+03  2.000000e+00
-1.091668e+00  6.877924e+00  1.252448e+03  2.000000e+00
 1.082163e+00  1.258754e+01  1.110226e+03  2.000000e+00
 9.375605e-01  1.216321e+01  1.139122e+03  2.000000e+00
 7.929579e-01  1.173888e+01  1.165217e+03  2.000000e+00
 2.145443e-01  1.004156e+01  1.241599e+03  2.000000e+00
-7.466397e-02  9.192890e+00  1.262990e+03  2.000000e+00
-3.638730e-01  8.344216e+00  1.273181e+03  2.000000e+00
-7.976872e-01  7.071197e+00  1.267466e+03  2.000000e+00
-1.665316e+00  4.525142e+00  1.180435e+03  2.000000e+00
 7.977306e-01  1.108349e+01  1.179713e+03  2.000000e+00
 5.085238e-01  1.023483e+01  1.220620e+03  2.000000e+00
-2.144970e-01  8.113150e+00  1.273885e+03  2.000000e+00
-5.037062e-01  7.264471e+00  1.275591e+03  2.000000e+00
-6.483112e-01  6.840130e+00  1.272244e+03  2.000000e+00
-1.226731e+00  5.142761e+00  1.230854e+03  2.000000e+00
-1.371336e+00  4.718417e+00  1.213507e+03  2.000000e+00
 1.236311e+00  1.170109e+01  1.114714e+03  2.000000e+00
 1.091709e+00  1.127676e+01  1.143525e+03  2.000000e+00
 9.471063e-01  1.085243e+01  1.169536e+03  2.000000e+00
 6.578996e-01  1.000376e+01  1.213158e+03  2.000000e+00
 2.240879e-01  8.730759e+00  1.257590e+03  2.000000e+00
-2.097255e-01  7.457744e+00  1.276823e+03  2.000000e+00
-3.543302e-01  7.033404e+00  1.277633e+03  2.000000e+00
 1.530289e+00  1.189435e+01  1.067475e+03  2.000000e+00
 1.096482e+00  1.062136e+01  1.157981e+03  2.000000e+00
 8.072755e-01  9.772700e+00  1.204318e+03  2.000000e+00
-6.034936e-02  7.226677e+00  1.276130e+03  2.000000e+00
-3.495590e-01  6.377995e+00  1.277666e+03  2.000000e+00
-9.279787e-01  4.680623e+00  1.247139e+03  2.000000e+00
 9.566515e-01  9.541634e+00  1.194101e+03  2.000000e+00
 3.782360e-01  7.844289e+00  1.258606e+03  2.000000e+00
 8.902690e-02  6.995609e+00  1.274059e+03  2.000000e+00
-2.001827e-01  6.146926e+00  1.278311e+03  2.000000e+00
-4.893924e-01  5.298241e+00  1.271363e+03  2.000000e+00
 1.539836e+00  1.058357e+01  1.100654e+03  2.000000e+00
 9.614241e-01  8.886234e+00  1.204190e+03  2.000000e+00
 8.168202e-01  8.461897e+00  1.223074e+03  2.000000e+00
-5.080633e-02  5.915858e+00  1.277578e+03  2.000000e+00
-1.954111e-01  5.491516e+00  1.276862e+03  2.000000e+00
 2.123017e+00  1.162549e+01  9.724821e+02  2.000000e+00
 1.544610e+00  9.928171e+00  1.115050e+03  2.000000e+00
-9.136647e-01  2.714378e+00  1.221157e+03  2.000000e+00
 2.272393e+00  1.139442e+01  9.499855e+02  2.000000e+00
 1.693986e+00  9.697106e+00  1.097984e+03  2.000000e+00
 1.115573e+00  7.999764e+00  1.201182e+03  2.000000e+00
-4.126299e-02  4.605034e+00  1.273177e+03  2.000000e+00
-6.196833e-01  2.907653e+00  1.241974e+03  2.000000e+00
-9.088931e-01  2.058961e+00  1.209571e+03  2.000000e+00
 1.409553e+00  8.193035e+00  1.165213e+03  2.000000e+00
 9.757413e-01  6.920019e+00  1.225684e+03  2.000000e+00
 1.703532e+00  8.386305e+00  1.122350e+03  2.000000e+00
 1.269722e+00  7.113291e+00  1.195295e+03  2.000000e+00
 8.359091e-01  5.840269e+00  1.243040e+03  2.000000e+00
-4.655352e-01  2.021166e+00  1.235071e+03  2.000000e+00
 2.575918e+00  1.027690e+01  9.195022e+02  2.000000e+00
 2.142113e+00  9.003908e+00  1.038521e+03  2.000000e+00
 1.852908e+00  8.155238e+00  1.103866e+03  2.000000e+00
 1.419098e+00  6.882223e+00  1.180885e+03  2.000000e+00
 1.129890e+00  6.033542e+00  1.218230e+03  2.000000e+00
 6.960764e-01  4.760514e+00  1.253248e+03  2.000000e+00
 5.514717e-01  4.336170e+00  1.259320e+03  2.000000e+00
 4.068669e-01  3.911825e+00  1.262593e+03  2.000000e+00
-3.161585e-01  1.790095e+00  1.236954e+03  2.000000e+00
 2.002284e+00  7.924171e+00  1.084005e+03  2.000000e+00
 1.857681e+00  7.499834e+00  1.113836e+03  2.000000e+00
 1.568474e+00  6.651156e+00  1.165097e+03  2.000000e+00
 8.454530e-01  4.529444e+00  1.244249e+03  2.000000e+00
 5.562435e-01  3.680756e+00  1.256309e+03  2.000000e+00
-3.113868e-01  1.134678e+00  1.225289e+03  2.000000e+00
 2.007057e+00  7.268766e+00  1.093955e+03  2.000000e+00
 5.610151e-01  3.025340e+00  1.251836e+03  2.000000e+00
 2.734842e+00  8.735043e+00  9.257122e+02  2.000000e+00
 2.590241e+00  8.310709e+00  9.666581e+02  2.000000e+00
 2.156433e+00  7.037699e+00  1.072696e+03  2.000000e+00
 1.288811e+00  4.491650e+00  1.209172e+03  2.000000e+00
 2.884218e+00  8.503977e+00  8.976450e+02  2.000000e+00
 1.871999e+00  5.533610e+00  1.134971e+03  2.000000e+00
 1.727395e+00  5.109267e+00  1.157675e+03  2.000000e+00
 1.582792e+00  4.684925e+00  1.177578e+03  2.000000e+00
 1.293583e+00  3.836236e+00  1.208985e+03  2.000000e+00
 1.148978e+00  3.411892e+00  1.220489e+03  2.000000e+00
 1.004373e+00  2.987546e+00  1.229192e+03  2.000000e+00
 7.151635e-01  2.138854e+00  1.238199e+03  2.000000e+00
 4.259533e-01  1.290160e+00  1.236006e+03  2.000000e+00
 2.744390e+00  7.424239e+00  9.527229e+02  2.000000e+00
 2.599788e+00  6.999901e+00  9.907844e+02  2.000000e+00
 2.310582e+00  6.151223e+00  1.058507e+03  2.000000e+00
 1.009145e+00  2.332130e+00  1.224659e+03  2.000000e+00
 8.645402e-01  1.907784e+00  1.229120e+03  2.000000e+00
 7.199352e-01  1.483437e+00  1.230781e+03  2.000000e+00
 1.881544e+00  4.222786e+00  1.141750e+03  2.000000e+00
 1.447731e+00  2.949752e+00  1.192807e+03  2.000000e+00
 1.303127e+00  2.525407e+00  1.204226e+03  2.000000e+00
 1.158522e+00  2.101060e+00  1.212845e+03  2.000000e+00
 1.013917e+00  1.676714e+00  1.218664e+03  2.000000e+00
 5.801015e-01  4.036722e-01  1.219320e+03  2.000000e+00
 3.043141e+00  6.962104e+00  8.951311e+02  2.000000e+00
 2.898539e+00  6.537766e+00  9.359079e+02  2.000000e+00
 2.320128e+00  4.840404e+00  1.071016e+03  2.000000e+00
 1.307898e+00  1.869990e+00  1.199653e+03  2.000000e+00
 1.163293e+00  1.445644e+00  1.206830e+03  2.000000e+00
 4.402679e-01 -6.760930e-01  1.200712e+03  2.000000e+00
 3.481718e+00  7.579709e+00  7.715995e+02  2.000000e+00
 3.047914e+00  6.306698e+00  9.064032e+02  2.000000e+00
 2.614107e+00  5.033677e+00  1.016007e+03  2.000000e+00
 1.023460e+00  3.658789e-01  1.202286e+03  2.000000e+00
 3.775694e+00  7.772977e+00  6.847519e+02  2.000000e+00
 3.197290e+00  6.075630e+00  8.755209e+02  2.000000e+00
 2.329672e+00  3.529579e+00  1.077675e+03  2.000000e+00
 1.172836e+00  1.348090e-01  1.190412e+03  2.000000e+00
 8.836261e-01 -7.138855e-01  1.190596e+03  2.000000e+00
 3.635867e+00  6.693239e+00  7.507608e+02  2.000000e+00
 3.202063e+00  5.420223e+00  8.853109e+02  2.000000e+00
 2.334445e+00  2.874166e+00  1.078811e+03  2.000000e+00
 1.322212e+00 -9.626071e-02  1.177160e+03  2.000000e+00
 2.773027e+00  3.491785e+00  9.986621e+02  2.000000e+00
 1.616194e+00  9.701776e-02  1.155524e+03  2.000000e+00
 3.067006e+00  3.685061e+00  9.368698e+02  2.000000e+00
 2.633196e+00  2.412028e+00  1.029166e+03  2.000000e+00
 1.620965e+00 -5.583996e-01  1.146524e+03  2.000000e+00
 1.331755e+00 -1.407094e+00  1.154854e+03  2.000000e+00
 3.794789e+00  5.151359e+00  7.382149e+02  2.000000e+00
 4.667163e+00  7.041978e+00  4.210407e+02  2.000000e+00
 3.365756e+00  3.222924e+00  8.735679e+02  2.000000e+00
 3.221153e+00  2.798580e+00  9.098490e+02  2.000000e+00
 1.775112e+00 -1.444885e+00  1.118658e+03  2.000000e+00
 1.485902e+00 -2.293580e+00  1.126819e+03  2.000000e+00
 4.382739e+00  5.537902e+00  5.552190e+02  2.000000e+00
 3.081322e+00  1.718822e+00  9.443666e+02  2.000000e+00
 3.664506e+00  2.760788e+00  8.047555e+02  2.000000e+00
 3.375300e+00  1.912099e+00  8.799483e+02  2.000000e+00
 3.230697e+00  1.487754e+00  9.133447e+02  2.000000e+00
 2.941490e+00  6.390616e-01  9.717375e+02  2.000000e+00
 4.536886e+00  4.651429e+00  5.245127e+02  2.000000e+00
 4.392286e+00  4.227089e+00  5.788666e+02  2.000000e+00
 3.958482e+00  2.954064e+00  7.251287e+02  2.000000e+00
 3.090865e+00  4.079935e-01  9.420534e+02  2.000000e+00
 2.801657e+00 -4.407004e-01  9.919616e+02  2.000000e+00
 2.657052e+00 -8.650474e-01  1.012716e+03  2.000000e+00
 2.078634e+00 -2.562437e+00  1.067731e+03  2.000000e+00
 4.975458e+00  5.269039e+00  3.600509e+02  2.000000e+00
 4.835632e+00  4.189295e+00  4.338575e+02  2.000000e+00
 4.691032e+00  3.764955e+00  4.909268e+02  2.000000e+00
 4.112628e+00  2.067586e+00  6.912045e+02  2.000000e+00
 3.245010e+00 -4.784881e-01  9.076218e+02  2.000000e+00
 2.811198e+00 -1.751530e+00  9.780304e+02  2.000000e+00
 4.840405e+00  3.533888e+00  4.448904e+02  2.000000e+00
 4.695805e+00  3.109547e+00  5.005174e+02  2.000000e+00
 4.551204e+00  2.685204e+00  5.533446e+02  2.000000e+00
 4.262001e+00  1.836518e+00  6.505989e+02  2.000000e+00
 3.828194e+00  5.634837e-01  7.754807e+02  2.000000e+00
 3.538988e+00 -2.852089e-01  8.447353e+02  2.000000e+00
 4.989778e+00  3.302822e+00  3.974764e+02  2.000000e+00
 3.688362e+00 -5.162757e-01  8.095406e+02  2.000000e+00
