-1.628527e+01 -1.167723e+01 -5.053014e+02  1.000000e+00
-1.765704e+01 -1.570276e+01 -3.204482e+03  1.000000e+00
-1.902881e+01 -1.972830e+01 -6.155652e+03  1.000000e+00
-1.444116e+01 -8.382382e+00  2.356832e+03  1.000000e+00
-1.764196e+01 -1.777530e+01 -3.650239e+03  1.000000e+00
-1.855647e+01 -2.045899e+01 -5.618524e+03  1.000000e+00
-1.305431e+01 -6.429381e+00  4.195162e+03  1.000000e+00
-1.351156e+01 -7.771228e+00  3.490575e+03  1.000000e+00
-1.442608e+01 -1.045492e+01  1.997410e+03  1.000000e+00
-1.716962e+01 -1.850600e+01 -3.154043e+03  1.000000e+00
-1.762688e+01 -1.984784e+01 -4.110611e+03  1.000000e+00
-1.303923e+01 -8.501922e+00  3.864383e+03  1.000000e+00
-1.349648e+01 -9.843769e+00  3.145378e+03  1.000000e+00
-1.395374e+01 -1.118562e+01  2.398371e+03  1.000000e+00
-1.715454e+01 -2.057853e+01 -3.614615e+03  1.000000e+00
-1.119511e+01 -5.207072e+00  6.172716e+03  1.000000e+00
-1.348140e+01 -1.191631e+01  2.785558e+03  1.000000e+00
-1.531043e+01 -1.728369e+01 -4.281437e+02  1.000000e+00
-1.713946e+01 -2.265107e+01 -4.089805e+03  1.000000e+00
-1.942574e+01 -2.936028e+01 -9.296853e+03  1.000000e+00
-1.209455e+01 -9.963308e+00  4.570673e+03  1.000000e+00
-1.849614e+01 -2.874914e+01 -7.663117e+03  1.000000e+00
-1.665204e+01 -2.545430e+01 -4.097801e+03  1.000000e+00
-1.756655e+01 -2.813799e+01 -6.098311e+03  1.000000e+00
-1.023535e+01 -8.741000e+00  6.467264e+03  1.000000e+00
-1.435067e+01 -2.081762e+01 -1.900415e+01  1.000000e+00
-1.480793e+01 -2.215946e+01 -8.796954e+02  1.000000e+00
-9.763015e+00 -9.471693e+00  6.745041e+03  1.000000e+00
-1.022027e+01 -1.081354e+01  6.149917e+03  1.000000e+00
-1.296382e+01 -1.886462e+01  1.991187e+03  1.000000e+00
-7.918900e+00 -6.176842e+00  8.585707e+03  1.000000e+00
-9.290676e+00 -1.020239e+01  7.009044e+03  1.000000e+00
-1.157697e+01 -1.691162e+01  3.821307e+03  1.000000e+00
-1.386325e+01 -2.362085e+01 -6.639120e+01  1.000000e+00
-1.660679e+01 -3.167191e+01 -5.655567e+03  1.000000e+00
-1.752130e+01 -3.435559e+01 -7.742605e+03  1.000000e+00
-9.275595e+00 -1.227493e+01  6.691295e+03  1.000000e+00
-9.732854e+00 -1.361677e+01  6.095320e+03  1.000000e+00
-6.974221e+00 -7.638228e+00  8.990925e+03  1.000000e+00
-7.888739e+00 -1.032192e+01  8.022119e+03  1.000000e+00
-1.108955e+01 -1.971486e+01  3.749356e+03  1.000000e+00
-1.337583e+01 -2.642408e+01 -1.425693e+02  1.000000e+00
-1.383309e+01 -2.776592e+01 -1.004947e+03  1.000000e+00
-1.429035e+01 -2.910777e+01 -1.895328e+03  1.000000e+00
-1.566212e+01 -3.313329e+01 -4.734447e+03  1.000000e+00
-1.611937e+01 -3.447513e+01 -5.736816e+03  1.000000e+00
-1.703388e+01 -3.715881e+01 -7.825545e+03  1.000000e+00
-1.749114e+01 -3.850065e+01 -8.911909e+03  1.000000e+00
-7.873658e+00 -1.239447e+01  7.718391e+03  1.000000e+00
-8.788176e+00 -1.507816e+01  6.608750e+03  1.000000e+00
-1.061721e+01 -2.044555e+01  4.053484e+03  1.000000e+00
-1.198898e+01 -2.447108e+01  1.843060e+03  1.000000e+00
-1.244624e+01 -2.581293e+01  1.050248e+03  1.000000e+00
-1.473252e+01 -3.252214e+01 -3.333755e+03  1.000000e+00
-1.518978e+01 -3.386399e+01 -4.294554e+03  1.000000e+00
-7.401319e+00 -1.312516e+01  7.927291e+03  1.000000e+00
-8.773095e+00 -1.715070e+01  6.261559e+03  1.000000e+00
-9.230353e+00 -1.849255e+01  5.650320e+03  1.000000e+00
-1.105938e+01 -2.385993e+01  2.925372e+03  1.000000e+00
-1.151664e+01 -2.520178e+01  2.174143e+03  1.000000e+00
-1.471744e+01 -3.459468e+01 -3.868420e+03  1.000000e+00
-6.928980e+00 -1.385585e+01  8.122415e+03  1.000000e+00
-7.386239e+00 -1.519770e+01  7.608747e+03  1.000000e+00
-7.843497e+00 -1.653955e+01  7.067075e+03  1.000000e+00
-1.150156e+01 -2.727431e+01  1.725800e+03  1.000000e+00
-1.470236e+01 -3.666721e+01 -4.417724e+03  1.000000e+00
-7.828416e+00 -1.861209e+01  6.719485e+03  1.000000e+00
-1.011471e+01 -2.532132e+01  3.519062e+03  1.000000e+00
-1.057196e+01 -2.666316e+01  2.794993e+03  1.000000e+00
-1.148648e+01 -2.934685e+01  1.262838e+03  1.000000e+00
-1.468727e+01 -3.873974e+01 -4.981637e+03  1.000000e+00
-1.514453e+01 -4.008158e+01 -5.985697e+03  1.000000e+00
-7.356077e+00 -1.934278e+01  6.927786e+03  1.000000e+00
-7.813336e+00 -2.068463e+01  6.357277e+03  1.000000e+00
-9.185110e+00 -2.471017e+01  4.477759e+03  1.000000e+00
-1.055688e+01 -2.873570e+01  2.346249e+03  1.000000e+00
-1.147140e+01 -3.141939e+01  7.852543e+02  1.000000e+00
-1.192865e+01 -3.276123e+01 -3.724333e+01  1.000000e+00
-5.054703e+00 -1.470608e+01  9.070069e+03  1.000000e+00
-5.969221e+00 -1.738978e+01  8.152190e+03  1.000000e+00
-6.883738e+00 -2.007347e+01  7.122310e+03  1.000000e+00
-7.798255e+00 -2.275717e+01  5.980443e+03  1.000000e+00
-9.627287e+00 -2.812455e+01  3.360737e+03  1.000000e+00
-1.054180e+01 -3.080824e+01  1.882889e+03  1.000000e+00
-1.145632e+01 -3.349192e+01  2.930485e+02  1.000000e+00
-1.191357e+01 -3.483376e+01 -5.438713e+02  1.000000e+00
-1.237083e+01 -3.617561e+01 -1.408783e+03  1.000000e+00
-1.465711e+01 -4.288481e+01 -6.153329e+03  1.000000e+00
-7.325916e+00 -2.348786e+01  6.188349e+03  1.000000e+00
-7.783174e+00 -2.482971e+01  5.588993e+03  1.000000e+00
-8.697690e+00 -2.751340e+01  4.306288e+03  1.000000e+00
-9.612205e+00 -3.019708e+01  2.911591e+03  1.000000e+00
-1.006946e+01 -3.153893e+01  2.172247e+03  1.000000e+00
-1.098398e+01 -3.422261e+01  6.095614e+02  1.000000e+00
-1.189849e+01 -3.690630e+01 -1.065120e+03  1.000000e+00
-1.235575e+01 -3.824814e+01 -1.944456e+03  1.000000e+00
-1.372752e+01 -4.227366e+01 -4.750453e+03  1.000000e+00
-1.418477e+01 -4.361550e+01 -5.741781e+03  1.000000e+00
-7.310835e+00 -2.556040e+01  5.796699e+03  1.000000e+00
-8.682609e+00 -2.958593e+01  3.871370e+03  1.000000e+00
-9.139867e+00 -3.092778e+01  3.173596e+03  1.000000e+00
-1.188341e+01 -3.897883e+01 -1.600991e+03  1.000000e+00
-1.371243e+01 -4.434619e+01 -5.344013e+03  1.000000e+00
-4.094944e+00 -1.824001e+01  9.003855e+03  1.000000e+00
-5.466720e+00 -2.226555e+01  7.623233e+03  1.000000e+00
-6.381237e+00 -2.494924e+01  6.562824e+03  1.000000e+00
-6.838496e+00 -2.629109e+01  5.990623e+03  1.000000e+00
-7.295754e+00 -2.763294e+01  5.390422e+03  1.000000e+00
-8.210270e+00 -3.031663e+01  4.106029e+03  1.000000e+00
-9.124785e+00 -3.300031e+01  2.709643e+03  1.000000e+00
-3.622604e+00 -1.897070e+01  9.102548e+03  1.000000e+00
-4.994381e+00 -2.299624e+01  7.762657e+03  1.000000e+00
-6.823415e+00 -2.836363e+01  5.584153e+03  1.000000e+00
-7.280673e+00 -2.970547e+01  4.969531e+03  1.000000e+00
-7.737931e+00 -3.104732e+01  4.326914e+03  1.000000e+00
-9.109704e+00 -3.507285e+01  2.231064e+03  1.000000e+00
-9.566961e+00 -3.641469e+01  1.476445e+03  1.000000e+00
-1.002422e+01 -3.775653e+01  6.938378e+02  1.000000e+00
-1.048148e+01 -3.909837e+01 -1.167685e+02  1.000000e+00
-3.607524e+00 -2.104324e+01  8.782415e+03  1.000000e+00
-5.893817e+00 -2.775247e+01  6.337148e+03  1.000000e+00
-8.180107e+00 -3.446170e+01  3.191931e+03  1.000000e+00
-1.046639e+01 -4.117091e+01 -6.532375e+02  1.000000e+00
-1.183816e+01 -4.519642e+01 -3.296320e+03  1.000000e+00
-1.320993e+01 -4.922193e+01 -6.191388e+03  1.000000e+00
-3.135185e+00 -2.177393e+01  8.867131e+03  1.000000e+00
-4.049702e+00 -2.445763e+01  8.000174e+03  1.000000e+00
-5.878737e+00 -2.982501e+01  5.930279e+03  1.000000e+00
-6.793253e+00 -3.250870e+01  4.727344e+03  1.000000e+00
-8.622284e+00 -3.787607e+01  1.985490e+03  1.000000e+00
-9.079541e+00 -3.921791e+01  1.230034e+03  1.000000e+00
-9.536798e+00 -4.055976e+01  4.465868e+02  1.000000e+00
-1.182308e+01 -4.726895e+01 -3.890675e+03  1.000000e+00
-2.205586e+00 -2.116278e+01  9.315970e+03  1.000000e+00
-3.577363e+00 -2.518832e+01  8.098264e+03  1.000000e+00
-4.491880e+00 -2.787201e+01  7.146469e+03  1.000000e+00
-4.949139e+00 -2.921386e+01  6.628572e+03  1.000000e+00
-5.863656e+00 -3.189755e+01  5.508792e+03  1.000000e+00
-7.692687e+00 -3.726492e+01  2.933239e+03  1.000000e+00
-9.064459e+00 -4.129045e+01  7.075969e+02  1.000000e+00
-2.190506e+00 -2.323532e+01  8.995236e+03  1.000000e+00
-2.647765e+00 -2.457716e+01  8.602910e+03  1.000000e+00
-4.476800e+00 -2.994455e+01  6.753623e+03  1.000000e+00
-5.391317e+00 -3.262824e+01  5.660990e+03  1.000000e+00
-5.848575e+00 -3.397008e+01  5.072676e+03  1.000000e+00
-6.305833e+00 -3.531193e+01  4.456363e+03  1.000000e+00
-6.763091e+00 -3.665377e+01  3.812054e+03  1.000000e+00
-8.592121e+00 -4.202114e+01  9.548287e+02  1.000000e+00
-1.133566e+01 -5.007217e+01 -4.170951e+03  1.000000e+00
-8.036482e-01 -2.128231e+01  9.712128e+03  1.000000e+00
-1.718167e+00 -2.396601e+01  9.038625e+03  1.000000e+00
-2.632685e+00 -2.664970e+01  8.253130e+03  1.000000e+00
-4.004461e+00 -3.067524e+01  6.864892e+03  1.000000e+00
-5.376236e+00 -3.470077e+01  5.224679e+03  1.000000e+00
-5.833494e+00 -3.604262e+01  4.621939e+03  1.000000e+00
-7.205267e+00 -4.006815e+01  2.645748e+03  1.000000e+00
-7.662525e+00 -4.140999e+01  1.931018e+03  1.000000e+00
-1.040606e+01 -4.946102e+01 -2.945321e+03  1.000000e+00
-7.885681e-01 -2.335485e+01  9.405410e+03  1.000000e+00
-2.617604e+00 -2.872224e+01  7.888727e+03  1.000000e+00
-3.074863e+00 -3.006409e+01  7.439558e+03  1.000000e+00
-3.532122e+00 -3.140593e+01  6.962388e+03  1.000000e+00
-3.989380e+00 -3.274778e+01  6.457227e+03  1.000000e+00
-7.190186e+00 -4.214068e+01  2.137123e+03  1.000000e+00
-7.647443e+00 -4.348252e+01  1.407974e+03  1.000000e+00
 5.982898e-01 -2.140185e+01  9.970873e+03  1.000000e+00
-1.230747e+00 -2.676924e+01  8.732480e+03  1.000000e+00
-1.688006e+00 -2.811109e+01  8.352889e+03  1.000000e+00
-2.602524e+00 -3.079478e+01  7.509703e+03  1.000000e+00
-4.431558e+00 -3.616216e+01  5.487353e+03  1.000000e+00
-7.175105e+00 -4.421321e+01  1.613885e+03  1.000000e+00
-7.632362e+00 -4.555505e+01  8.703129e+02  1.000000e+00
-9.004132e+00 -4.958056e+01 -1.528391e+03  1.000000e+00
-1.215667e+00 -2.884178e+01  8.382101e+03  1.000000e+00
-1.672926e+00 -3.018362e+01  7.988084e+03  1.000000e+00
-2.587444e+00 -3.286731e+01  7.116055e+03  1.000000e+00
-4.416477e+00 -3.823469e+01  5.036022e+03  1.000000e+00
-7.617280e+00 -4.762758e+01  3.180321e+02  1.000000e+00
-8.074537e+00 -4.896942e+01 -4.679604e+02  1.000000e+00
 2.457487e+00 -2.017954e+01  1.027666e+04  1.000000e+00
 2.000228e+00 -2.152139e+01  1.009221e+04  1.000000e+00
 1.711904e-01 -2.688878e+01  9.074426e+03  1.000000e+00
-2.860687e-01 -2.823062e+01  8.749983e+03  1.000000e+00
-1.200587e+00 -3.091431e+01  8.017102e+03  1.000000e+00
-3.486880e+00 -3.762354e+01  5.694929e+03  1.000000e+00
-5.773170e+00 -4.433275e+01  2.672795e+03  1.000000e+00
-6.230427e+00 -4.567459e+01  1.984381e+03  1.000000e+00
-7.144942e+00 -4.835827e+01  5.235385e+02  1.000000e+00
-7.602199e+00 -4.970011e+01 -2.488721e+02  1.000000e+00
 3.387086e+00 -1.956838e+01  1.032617e+04  1.000000e+00
 2.472567e+00 -2.225208e+01  1.001242e+04  1.000000e+00
-2.557283e+00 -3.701238e+01  6.284907e+03  1.000000e+00
-3.014541e+00 -3.835423e+01  5.778054e+03  1.000000e+00
-3.471799e+00 -3.969607e+01  5.243196e+03  1.000000e+00
-3.929058e+00 -4.103791e+01  4.680348e+03  1.000000e+00
 2.944906e+00 -2.298277e+01  9.918849e+03  1.000000e+00
-1.627685e+00 -3.640123e+01  6.805956e+03  1.000000e+00
-2.542202e+00 -3.908492e+01  5.847401e+03  1.000000e+00
-3.456719e+00 -4.176860e+01  4.776845e+03  1.000000e+00
-4.828492e+00 -4.579413e+01  2.961032e+03  1.000000e+00
 3.417245e+00 -2.371346e+01  9.811505e+03  1.000000e+00
 6.736893e-01 -3.176454e+01  8.361205e+03  1.000000e+00
-1.612605e+00 -3.847376e+01  6.382672e+03  1.000000e+00
-3.441638e+00 -4.384113e+01  4.295877e+03  1.000000e+00
 2.583795e+01  3.996446e+01 -1.564484e+04  1.000000e+00
 2.538069e+01  3.862262e+01 -1.445907e+04  1.000000e+00
 2.446619e+01  3.593895e+01 -1.217151e+04  1.000000e+00
 4.346844e+00 -2.310230e+01  9.820525e+03  1.000000e+00
 3.889584e+00 -2.444415e+01  9.690378e+03  1.000000e+00
 2.975065e+00 -2.712784e+01  9.346095e+03  1.000000e+00
 2.060547e+00 -2.981154e+01  8.889816e+03  1.000000e+00
 1.603287e+00 -3.115338e+01  8.619679e+03  1.000000e+00
 6.887692e-01 -3.383708e+01  7.995410e+03  1.000000e+00
-1.140266e+00 -3.920445e+01  6.410889e+03  1.000000e+00
-1.597525e+00 -4.054630e+01  5.944768e+03  1.000000e+00
-5.255588e+00 -5.128102e+01  1.207828e+03  1.000000e+00
 2.356676e+01  3.118274e+01 -9.655270e+03  1.000000e+00
 2.310951e+01  2.984090e+01 -8.623908e+03  1.000000e+00
-1.582444e+00 -4.261883e+01  5.492238e+03  1.000000e+00
-3.868735e+00 -4.932803e+01  2.669533e+03  1.000000e+00
 2.678262e+01  3.850308e+01 -1.723174e+04  1.000000e+00
 7.120560e+00 -1.919629e+01  9.641780e+03  1.000000e+00
 4.834262e+00 -2.590553e+01  9.406807e+03  1.000000e+00
 3.462484e+00 -2.993107e+01  8.929844e+03  1.000000e+00
 2.547965e+00 -3.261476e+01  8.471876e+03  1.000000e+00
-6.528473e-01 -4.200768e+01  5.987031e+03  1.000000e+00
-3.853654e+00 -5.140056e+01  2.130273e+03  1.000000e+00
-4.310911e+00 -5.274240e+01  1.467314e+03  1.000000e+00
 2.771221e+01  3.911422e+01 -1.930036e+04  1.000000e+00
 2.725495e+01  3.777239e+01 -1.804587e+04  1.000000e+00
 9.421937e+00 -1.455958e+01  9.041149e+03  1.000000e+00
 7.592899e+00 -1.992698e+01  9.411450e+03  1.000000e+00
 3.477563e+00 -3.200361e+01  8.606713e+03  1.000000e+00
 3.020304e+00 -3.334545e+01  8.377307e+03  1.000000e+00
 2.563045e+00 -3.468730e+01  8.119901e+03  1.000000e+00
 1.648527e+00 -3.737099e+01  7.521093e+03  1.000000e+00
-2.466800e+00 -4.944757e+01  3.440548e+03  1.000000e+00
 2.864179e+01  3.972537e+01 -2.143791e+04  1.000000e+00
 2.635553e+01  3.301618e+01 -1.523751e+04  1.000000e+00
 2.589828e+01  3.167435e+01 -1.408143e+04  1.000000e+00
 2.452652e+01  2.764883e+01 -1.078116e+04  1.000000e+00
 2.361201e+01  2.496514e+01 -8.720967e+03  1.000000e+00
 2.224024e+01  2.093961e+01 -5.840658e+03  1.000000e+00
 2.178299e+01  1.959777e+01 -4.936565e+03  1.000000e+00
 2.132573e+01  1.825593e+01 -4.060460e+03  1.000000e+00
 1.309509e+01 -5.897328e+00  6.921742e+03  1.000000e+00
 1.263783e+01 -7.239179e+00  7.265880e+03  1.000000e+00
 8.065237e+00 -2.065767e+01  9.167341e+03  1.000000e+00
 6.693459e+00 -2.468322e+01  9.191810e+03  1.000000e+00
 6.236199e+00 -2.602506e+01  9.143973e+03  1.000000e+00
 3.949902e+00 -3.273430e+01  8.484795e+03  1.000000e+00
 2.120865e+00 -3.810168e+01  7.453481e+03  1.000000e+00
 1.663606e+00 -3.944352e+01  7.125659e+03  1.000000e+00
 7.490886e-01 -4.212721e+01  6.386014e+03  1.000000e+00
 2.918299e-01 -4.346905e+01  5.974193e+03  1.000000e+00
-1.079945e+00 -4.749458e+01  4.570747e+03  1.000000e+00
 2.728512e+01  3.362733e+01 -1.723611e+04  1.000000e+00
 1.493921e+01 -2.602472e+00  5.273381e+03  1.000000e+00
 1.356743e+01 -6.628019e+00  6.514516e+03  1.000000e+00
 1.265291e+01 -9.311719e+00  7.201943e+03  1.000000e+00
 1.036661e+01 -1.602097e+01  8.430547e+03  1.000000e+00
 6.708538e+00 -2.675575e+01  8.940395e+03  1.000000e+00
 4.422241e+00 -3.346499e+01  8.349101e+03  1.000000e+00
 3.964981e+00 -3.480683e+01  8.146848e+03  1.000000e+00
-1.503486e-01 -4.688343e+01  5.066630e+03  1.000000e+00
 3.004372e+01  3.960582e+01 -2.454055e+04  1.000000e+00
 2.867196e+01  3.558032e+01 -2.057087e+04  1.000000e+00
 2.638570e+01  2.887113e+01 -1.451469e+04  1.000000e+00
 2.592844e+01  2.752929e+01 -1.338745e+04  1.000000e+00
 2.547119e+01  2.618745e+01 -1.228820e+04  1.000000e+00
 2.409943e+01  2.216192e+01 -9.158458e+03  1.000000e+00
 2.272766e+01  1.813639e+01 -6.280697e+03  1.000000e+00
 2.181315e+01  1.545270e+01 -4.502173e+03  1.000000e+00
 1.815509e+01  4.717928e+00  1.491968e+03  1.000000e+00
 1.769783e+01  3.376078e+00  2.115246e+03  1.000000e+00
 1.403977e+01 -7.358710e+00  6.093511e+03  1.000000e+00
 1.312525e+01 -1.004241e+01  6.808097e+03  1.000000e+00
 1.266799e+01 -1.138426e+01  7.123390e+03  1.000000e+00
 1.129621e+01 -1.540981e+01  7.901283e+03  1.000000e+00
 1.038169e+01 -1.809350e+01  8.279884e+03  1.000000e+00
 9.924434e+00 -1.943535e+01  8.427189e+03  1.000000e+00
 8.095395e+00 -2.480275e+01  8.736415e+03  1.000000e+00
 7.180876e+00 -2.748644e+01  8.723043e+03  1.000000e+00
 6.266357e+00 -3.017014e+01  8.597673e+03  1.000000e+00
 5.809098e+00 -3.151198e+01  8.492988e+03  1.000000e+00
 3.980061e+00 -3.687937e+01  7.794275e+03  1.000000e+00
 3.065542e+00 -3.956306e+01  7.276929e+03  1.000000e+00
 1.693766e+00 -4.358859e+01  6.290921e+03  1.000000e+00
 7.792482e-01 -4.627227e+01  5.493588e+03  1.000000e+00
-1.352687e-01 -4.895595e+01  4.584262e+03  1.000000e+00
 2.640078e+01  2.679860e+01 -1.417521e+04  1.000000e+00
 2.594353e+01  2.545676e+01 -1.306238e+04  1.000000e+00
 2.502902e+01  2.277307e+01 -1.092074e+04  1.000000e+00
 2.365725e+01  1.874754e+01 -7.918246e+03  1.000000e+00
 2.091372e+01  1.069647e+01 -2.669224e+03  1.000000e+00
 2.045646e+01  9.354626e+00 -1.892390e+03  1.000000e+00
 1.679840e+01 -1.380158e+00  3.314424e+03  1.000000e+00
 1.588388e+01 -4.063853e+00  4.336141e+03  1.000000e+00
 1.451211e+01 -8.089401e+00  5.658738e+03  1.000000e+00
 1.222581e+01 -1.479865e+01  7.303087e+03  1.000000e+00
 1.176855e+01 -1.614050e+01  7.547964e+03  1.000000e+00
 9.939512e+00 -2.150789e+01  8.247480e+03  1.000000e+00
 8.567734e+00 -2.553344e+01  8.478135e+03  1.000000e+00
 8.110474e+00 -2.687528e+01  8.499019e+03  1.000000e+00
 4.909658e+00 -3.626821e+01  7.861282e+03  1.000000e+00
 4.452399e+00 -3.761006e+01  7.658179e+03  1.000000e+00
 3.537881e+00 -4.029375e+01  7.167990e+03  1.000000e+00
 3.370696e-01 -4.968664e+01  4.570357e+03  1.000000e+00
 2.733037e+01  2.740975e+01 -1.613114e+04  1.000000e+00
 2.687312e+01  2.606791e+01 -1.497675e+04  1.000000e+00
 2.550135e+01  2.204238e+01 -1.168155e+04  1.000000e+00
 2.412959e+01  1.801685e+01 -8.638338e+03  1.000000e+00
 2.367233e+01  1.667501e+01 -7.679924e+03  1.000000e+00
 2.230057e+01  1.264947e+01 -4.972691e+03  1.000000e+00
 2.138605e+01  9.965781e+00 -3.307854e+03  1.000000e+00
 2.001428e+01  5.940240e+00 -1.020584e+03  1.000000e+00
 1.727074e+01 -2.110848e+00  2.797993e+03  1.000000e+00
 1.361267e+01 -1.284564e+01  6.321522e+03  1.000000e+00
 1.269815e+01 -1.552934e+01  6.922421e+03  1.000000e+00
 9.954591e+00 -2.358043e+01  8.053153e+03  1.000000e+00
 9.497332e+00 -2.492228e+01  8.143618e+03  1.000000e+00
 8.125553e+00 -2.894782e+01  8.247012e+03  1.000000e+00
 6.296516e+00 -3.431521e+01  7.992884e+03  1.000000e+00
 5.839256e+00 -3.565705e+01  7.859359e+03  1.000000e+00
 4.467478e+00 -3.968259e+01  7.290792e+03  1.000000e+00
 4.010219e+00 -4.102443e+01  7.045270e+03  1.000000e+00
 3.552960e+00 -4.236628e+01  6.771751e+03  1.000000e+00
 2.638442e+00 -4.504996e+01  6.140723e+03  1.000000e+00
 3.008897e+01  3.338825e+01 -2.321986e+04  1.000000e+00
 2.825996e+01  2.802090e+01 -1.815600e+04  1.000000e+00
 2.643094e+01  2.265353e+01 -1.354011e+04  1.000000e+00
 2.597369e+01  2.131169e+01 -1.245613e+04  1.000000e+00
 2.460192e+01  1.728616e+01 -9.372188e+03  1.000000e+00
 2.414467e+01  1.594432e+01 -8.400204e+03  1.000000e+00
 2.368741e+01  1.460247e+01 -7.456218e+03  1.000000e+00
 2.277290e+01  1.191878e+01 -5.652238e+03  1.000000e+00
 2.231565e+01  1.057694e+01 -4.792248e+03  1.000000e+00
 2.002936e+01  3.867703e+00 -9.122508e+02  1.000000e+00
 1.957210e+01  2.525856e+00 -2.202489e+02  1.000000e+00
 1.682856e+01 -5.525234e+00  3.343811e+03  1.000000e+00
 1.499952e+01 -1.089263e+01  5.159879e+03  1.000000e+00
 1.362774e+01 -1.491818e+01  6.227950e+03  1.000000e+00
 1.271323e+01 -1.760188e+01  6.800001e+03  1.000000e+00
 1.225597e+01 -1.894373e+01  7.044032e+03  1.000000e+00
 1.088419e+01 -2.296927e+01  7.608133e+03  1.000000e+00
 1.042693e+01 -2.431112e+01  7.740166e+03  1.000000e+00
 6.311594e+00 -3.638774e+01  7.668563e+03  1.000000e+00
 5.854335e+00 -3.772959e+01  7.520613e+03  1.000000e+00
 4.939817e+00 -4.041328e+01  7.140728e+03  1.000000e+00
 4.025298e+00 -4.309697e+01  6.648837e+03  1.000000e+00
 3.568039e+00 -4.443881e+01  6.360897e+03  1.000000e+00
 3.110781e+00 -4.578065e+01  6.044958e+03  1.000000e+00
 3.284756e+01  3.936673e+01 -3.115806e+04  1.000000e+00
 3.239031e+01  3.802490e+01 -2.969653e+04  1.000000e+00
 2.964680e+01  2.997388e+01 -2.151533e+04  1.000000e+00
 2.598877e+01  1.923916e+01 -1.217493e+04  1.000000e+00
 2.553152e+01  1.789732e+01 -1.113338e+04  1.000000e+00
 2.507426e+01  1.655547e+01 -1.011982e+04  1.000000e+00
 2.324524e+01  1.118809e+01 -6.345566e+03  1.000000e+00
 2.233073e+01  8.504399e+00 -4.626423e+03  1.000000e+00
 2.187347e+01  7.162554e+00 -3.808849e+03  1.000000e+00
 2.050170e+01  3.137012e+00 -1.524122e+03  1.000000e+00
 2.004444e+01  1.795166e+00 -8.185421e+02  1.000000e+00
 1.638638e+01 -8.939623e+00  3.818161e+03  1.000000e+00
 1.547186e+01 -1.162332e+01  4.697350e+03  1.000000e+00
 1.227105e+01 -2.101626e+01  6.892570e+03  1.000000e+00
 1.181379e+01 -2.235811e+01  7.094187e+03  1.000000e+00
 1.135653e+01 -2.369996e+01  7.267796e+03  1.000000e+00
 1.044201e+01 -2.638366e+01  7.531021e+03  1.000000e+00
 8.155711e+00 -3.309289e+01  7.699115e+03  1.000000e+00
 6.783933e+00 -3.711843e+01  7.463990e+03  1.000000e+00
 6.326673e+00 -3.846028e+01  7.329619e+03  1.000000e+00
 4.954896e+00 -4.248581e+01  6.758512e+03  1.000000e+00
 3.125860e+00 -4.785318e+01  5.605063e+03  1.000000e+00
 2.211342e+00 -5.053686e+01  4.860348e+03  1.000000e+00
 3.103364e+01  3.192687e+01 -2.505472e+04  1.000000e+00
 2.691836e+01  1.985031e+01 -1.404663e+04  1.000000e+00
 2.646111e+01  1.850847e+01 -1.296350e+04  1.000000e+00
 1.914501e+01 -2.961069e+00  5.588747e+02  1.000000e+00
 1.685871e+01 -9.670313e+00  3.314709e+03  1.000000e+00
 1.502968e+01 -1.503771e+01  5.015401e+03  1.000000e+00
 1.457242e+01 -1.637956e+01  5.370583e+03  1.000000e+00
 1.274338e+01 -2.174695e+01  6.511306e+03  1.000000e+00
 1.182887e+01 -2.443065e+01  6.913682e+03  1.000000e+00
 1.137161e+01 -2.577250e+01  7.072868e+03  1.000000e+00
 1.045709e+01 -2.845619e+01  7.307252e+03  1.000000e+00
 9.999827e+00 -2.979804e+01  7.382441e+03  1.000000e+00
 9.542568e+00 -3.113989e+01  7.429637e+03  1.000000e+00
 8.628049e+00 -3.382358e+01  7.440033e+03  1.000000e+00
 6.341752e+00 -4.053281e+01  6.976052e+03  1.000000e+00
 5.884493e+00 -4.187465e+01  6.799260e+03  1.000000e+00
 4.969975e+00 -4.455834e+01  6.361683e+03  1.000000e+00
 3.598198e+00 -4.858387e+01  5.495326e+03  1.000000e+00
 3.287772e+01  3.522168e+01 -3.020688e+04  1.000000e+00
 3.242047e+01  3.387985e+01 -2.877419e+04  1.000000e+00
 2.784795e+01  2.046146e+01 -1.598725e+04  1.000000e+00
 2.739070e+01  1.911962e+01 -1.486255e+04  1.000000e+00
 2.693344e+01  1.777778e+01 -1.376583e+04  1.000000e+00
 2.601893e+01  1.509409e+01 -1.165641e+04  1.000000e+00
 2.373266e+01  8.384867e+00 -6.872820e+03  1.000000e+00
 1.916008e+01 -5.033609e+00  5.945011e+02  1.000000e+00
 1.824557e+01 -7.717305e+00  1.751980e+03  1.000000e+00
 1.687379e+01 -1.174285e+01  3.278224e+03  1.000000e+00
 1.595928e+01 -1.442655e+01  4.155722e+03  1.000000e+00
 1.413024e+01 -1.979394e+01  5.574743e+03  1.000000e+00
 1.184394e+01 -2.650319e+01  6.718559e+03  1.000000e+00
 1.138668e+01 -2.784503e+01  6.863322e+03  1.000000e+00
 1.092942e+01 -2.918688e+01  6.980091e+03  1.000000e+00
 9.557646e+00 -3.321242e+01  7.162408e+03  1.000000e+00
 7.728609e+00 -3.857981e+01  7.013514e+03  1.000000e+00
 7.271349e+00 -3.992165e+01  6.906296e+03  1.000000e+00
 5.899572e+00 -4.394718e+01  6.416651e+03  1.000000e+00
 3.289281e+01  3.314916e+01 -2.975322e+04  1.000000e+00
 3.014930e+01  2.509814e+01 -2.166362e+04  1.000000e+00
 2.877754e+01  2.107261e+01 -1.799679e+04  1.000000e+00
 2.832029e+01  1.973077e+01 -1.683051e+04  1.000000e+00
 2.694852e+01  1.570525e+01 -1.349966e+04  1.000000e+00
 2.466225e+01  8.996022e+00 -8.508192e+03  1.000000e+00
 2.420499e+01  7.654177e+00 -7.593902e+03  1.000000e+00
 2.374774e+01  6.312329e+00 -6.707594e+03  1.000000e+00
 2.283322e+01  3.628637e+00 -5.018991e+03  1.000000e+00
 2.237597e+01  2.286788e+00 -4.216682e+03  1.000000e+00
 2.191871e+01  9.449420e-01 -3.442377e+03  1.000000e+00
 2.146145e+01 -3.969048e-01 -2.696069e+03  1.000000e+00
 1.917516e+01 -7.106147e+00  6.155026e+02  1.000000e+00
 1.780339e+01 -1.113169e+01  2.266464e+03  1.000000e+00
 1.505984e+01 -1.918279e+01  4.812440e+03  1.000000e+00
 1.368806e+01 -2.320833e+01  5.707448e+03  1.000000e+00
 1.323080e+01 -2.455018e+01  5.949783e+03  1.000000e+00
 1.185902e+01 -2.857572e+01  6.508813e+03  1.000000e+00
 1.048724e+01 -3.260126e+01  6.815849e+03  1.000000e+00
 9.572725e+00 -3.528496e+01  6.880553e+03  1.000000e+00
 8.200947e+00 -3.931049e+01  6.767614e+03  1.000000e+00
 6.371910e+00 -4.467787e+01  6.225056e+03  1.000000e+00
 3.336514e+01  3.241847e+01 -3.074602e+04  1.000000e+00
 3.062163e+01  2.436745e+01 -2.257496e+04  1.000000e+00
 2.924987e+01  2.034192e+01 -1.886741e+04  1.000000e+00
 2.879262e+01  1.900008e+01 -1.768755e+04  1.000000e+00
 2.833537e+01  1.765824e+01 -1.653569e+04  1.000000e+00
 2.559184e+01  9.607176e+00 -1.021249e+04  1.000000e+00
 2.467733e+01  6.923487e+00 -8.328752e+03  1.000000e+00
 2.330556e+01  2.897947e+00 -5.713110e+03  1.000000e+00
 2.193379e+01 -1.127595e+00 -3.349459e+03  1.000000e+00
 2.147653e+01 -2.469444e+00 -2.617568e+03  1.000000e+00
 2.101927e+01 -3.811291e+00 -1.913687e+03  1.000000e+00
 1.873298e+01 -1.052053e+01  1.185786e+03  1.000000e+00
 1.736121e+01 -1.454608e+01  2.709490e+03  1.000000e+00
 1.644669e+01 -1.722978e+01  3.585302e+03  1.000000e+00
 1.553217e+01 -1.991347e+01  4.349111e+03  1.000000e+00
 1.233136e+01 -2.930641e+01  6.140523e+03  1.000000e+00
 1.141684e+01 -3.199011e+01  6.400361e+03  1.000000e+00
 1.095958e+01 -3.333195e+01  6.488292e+03  1.000000e+00
 1.050232e+01 -3.467380e+01  6.548219e+03  1.000000e+00
 8.216025e+00 -4.138303e+01  6.427871e+03  1.000000e+00
 3.429472e+01  3.302962e+01 -3.322601e+04  1.000000e+00
 3.109397e+01  2.363676e+01 -2.350009e+04  1.000000e+00
 3.017946e+01  2.095308e+01 -2.097323e+04  1.000000e+00
 2.972221e+01  1.961123e+01 -1.975180e+04  1.000000e+00
 2.880770e+01  1.692755e+01 -1.739293e+04  1.000000e+00
 2.835045e+01  1.558571e+01 -1.625549e+04  1.000000e+00
 2.743594e+01  1.290202e+01 -1.406461e+04  1.000000e+00
 2.697869e+01  1.156018e+01 -1.301117e+04  1.000000e+00
 2.560692e+01  7.534642e+00 -1.001883e+04  1.000000e+00
 2.514966e+01  6.192797e+00 -9.077376e+03  1.000000e+00
 2.194887e+01 -3.200134e+00 -3.271169e+03  1.000000e+00
 2.103435e+01 -5.883828e+00 -1.864236e+03  1.000000e+00
 2.057710e+01 -7.225678e+00 -1.202760e+03  1.000000e+00
 1.874806e+01 -1.259307e+01  1.163128e+03  1.000000e+00
 1.737629e+01 -1.661862e+01  2.643560e+03  1.000000e+00
 1.600451e+01 -2.064416e+01  3.872015e+03  1.000000e+00
 9.602881e+00 -3.943002e+01  6.272979e+03  1.000000e+00
 8.231103e+00 -4.345556e+01  6.073513e+03  1.000000e+00
 3.430981e+01  3.095709e+01 -3.277296e+04  1.000000e+00
 3.202355e+01  2.424791e+01 -2.575798e+04  1.000000e+00
 3.110905e+01  2.156423e+01 -2.314798e+04  1.000000e+00
 3.065180e+01  2.022239e+01 -2.188497e+04  1.000000e+00
 2.928004e+01  1.619686e+01 -1.826394e+04  1.000000e+00
 2.882278e+01  1.485502e+01 -1.711293e+04  1.000000e+00
 2.836553e+01  1.351318e+01 -1.598991e+04  1.000000e+00
 2.333572e+01 -1.247127e+00 -5.484613e+03  1.000000e+00
 2.242120e+01 -3.930823e+00 -3.938536e+03  1.000000e+00
 2.150669e+01 -6.614517e+00 -2.504450e+03  1.000000e+00
 2.104943e+01 -7.956367e+00 -1.829406e+03  1.000000e+00
 1.967766e+01 -1.198191e+01  2.774211e+01  1.000000e+00
 1.876314e+01 -1.466561e+01  1.125842e+03  1.000000e+00
 1.784863e+01 -1.734931e+01  2.111959e+03  1.000000e+00
 1.601959e+01 -2.271670e+01  3.748203e+03  1.000000e+00
 1.236152e+01 -3.345148e+01  5.676767e+03  1.000000e+00
 1.053248e+01 -3.881886e+01  5.969089e+03  1.000000e+00
 9.617960e+00 -4.150255e+01  5.947259e+03  1.000000e+00
 9.160700e+00 -4.284440e+01  5.894346e+03  1.000000e+00
 8.703441e+00 -4.418624e+01  5.813439e+03  1.000000e+00
 3.249589e+01  2.351722e+01 -2.672423e+04  1.000000e+00
 2.929512e+01  1.412433e+01 -1.798415e+04  1.000000e+00
 2.792336e+01  1.009880e+01 -1.465836e+04  1.000000e+00
 2.746610e+01  8.756954e+00 -1.360576e+04  1.000000e+00
 2.655159e+01  6.073263e+00 -1.158456e+04  1.000000e+00
 2.609434e+01  4.731418e+00 -1.061596e+04  1.000000e+00
 2.563708e+01  3.389570e+00 -9.675348e+03  1.000000e+00
 2.380805e+01 -1.977816e+00 -6.192910e+03  1.000000e+00
 2.335080e+01 -3.319663e+00 -5.392292e+03  1.000000e+00
 2.289354e+01 -4.661512e+00 -4.619681e+03  1.000000e+00
 2.197903e+01 -7.345206e+00 -3.158442e+03  1.000000e+00
 2.060725e+01 -1.137075e+01 -1.176575e+03  1.000000e+00
 1.969274e+01 -1.405445e+01  4.688202e+00  1.000000e+00
 1.877822e+01 -1.673815e+01  1.073946e+03  1.000000e+00
 1.786370e+01 -1.942184e+01  2.031204e+03  1.000000e+00
 1.740644e+01 -2.076369e+01  2.467855e+03  1.000000e+00
 1.649193e+01 -2.344739e+01  3.257128e+03  1.000000e+00
 1.603467e+01 -2.478924e+01  3.609774e+03  1.000000e+00
 1.557741e+01 -2.613108e+01  3.934416e+03  1.000000e+00
 1.512015e+01 -2.747293e+01  4.231057e+03  1.000000e+00
 1.420563e+01 -3.015663e+01  4.740350e+03  1.000000e+00
 1.374837e+01 -3.149847e+01  4.953003e+03  1.000000e+00
 1.237659e+01 -3.552401e+01  5.422959e+03  1.000000e+00
 7.346742e+00 -5.028430e+01  4.990265e+03  1.000000e+00
 3.159647e+01  1.876101e+01 -2.374978e+04  1.000000e+00
 3.113921e+01  1.741917e+01 -2.248762e+04  1.000000e+00
 2.976745e+01  1.339364e+01 -1.886913e+04  1.000000e+00
 2.473765e+01 -1.366659e+00 -7.757172e+03  1.000000e+00
 2.382313e+01 -4.050352e+00 -6.100791e+03  1.000000e+00
 2.290862e+01 -6.734048e+00 -4.556400e+03  1.000000e+00
 2.153685e+01 -1.075959e+01 -2.449812e+03  1.000000e+00
 1.970782e+01 -1.612698e+01 -3.299262e+01  1.000000e+00
 1.650700e+01 -2.551992e+01  3.118499e+03  1.000000e+00
 1.559249e+01 -2.820362e+01  3.766936e+03  1.000000e+00
 1.513523e+01 -2.954547e+01  4.049162e+03  1.000000e+00
 1.056263e+01 -4.296393e+01  5.331477e+03  1.000000e+00
 3.298330e+01  2.071400e+01 -2.733832e+04  1.000000e+00
 3.069704e+01  1.400479e+01 -2.095964e+04  1.000000e+00
 3.023979e+01  1.266295e+01 -1.976790e+04  1.000000e+00
 2.978253e+01  1.132111e+01 -1.860414e+04  1.000000e+00
 2.886803e+01  8.637419e+00 -1.636065e+04  1.000000e+00
 2.749626e+01  4.611884e+00 -1.320540e+04  1.000000e+00
 2.658175e+01  1.928192e+00 -1.124188e+04  1.000000e+00
 2.383821e+01 -6.122890e+00 -6.023294e+03  1.000000e+00
 1.972289e+01 -1.819952e+01 -8.529976e+01  1.000000e+00
 1.835112e+01 -2.222507e+01  1.390066e+03  1.000000e+00
 1.697934e+01 -2.625061e+01  2.613451e+03  1.000000e+00
 1.606482e+01 -2.893431e+01  3.289042e+03  1.000000e+00
 1.560756e+01 -3.027615e+01  3.584845e+03  1.000000e+00
 1.103497e+01 -4.369461e+01  5.002921e+03  1.000000e+00
 9.663194e+00 -4.772014e+01  4.882375e+03  1.000000e+00
 3.574189e+01  2.669250e+01 -3.547882e+04  1.000000e+00
 3.528464e+01  2.535066e+01 -3.399351e+04  1.000000e+00
 3.482739e+01  2.400883e+01 -3.253623e+04  1.000000e+00
 3.299839e+01  1.864147e+01 -2.698700e+04  1.000000e+00
 3.162663e+01  1.461595e+01 -2.311907e+04  1.000000e+00
 3.116938e+01  1.327410e+01 -2.188575e+04  1.000000e+00
 2.659683e+01 -1.443425e-01 -1.109247e+04  1.000000e+00
 2.613957e+01 -1.486188e+00 -1.016713e+04  1.000000e+00
 2.568232e+01 -2.828037e+00 -9.269795e+03  1.000000e+00
 2.522506e+01 -4.169883e+00 -8.400456e+03  1.000000e+00
 2.431055e+01 -6.853579e+00 -6.745756e+03  1.000000e+00
 2.293878e+01 -1.087912e+01 -4.473720e+03  1.000000e+00
 2.248152e+01 -1.222097e+01 -3.772362e+03  1.000000e+00
 2.156700e+01 -1.490467e+01 -2.453654e+03  1.000000e+00
 2.019523e+01 -1.893021e+01 -6.855749e+02  1.000000e+00
 1.790894e+01 -2.563945e+01  1.701249e+03  1.000000e+00
 1.607990e+01 -3.100684e+01  3.106749e+03  1.000000e+00
 1.562264e+01 -3.234869e+01  3.388121e+03  1.000000e+00
 1.470812e+01 -3.503238e+01  3.866880e+03  1.000000e+00
 1.105005e+01 -4.576714e+01  4.661983e+03  1.000000e+00
 3.347072e+01  1.791078e+01 -2.798120e+04  1.000000e+00
 3.255621e+01  1.522710e+01 -2.534742e+04  1.000000e+00
 2.981270e+01  7.176041e+00 -1.811805e+04  1.000000e+00
 2.935544e+01  5.834198e+00 -1.701115e+04  1.000000e+00
 2.889819e+01  4.492351e+00 -1.593225e+04  1.000000e+00
 2.844093e+01  3.150507e+00 -1.488134e+04  1.000000e+00
 2.661191e+01 -2.216877e+00 -1.095769e+04  1.000000e+00
 2.524014e+01 -6.242418e+00 -8.308937e+03  1.000000e+00
 2.478288e+01 -7.584267e+00 -7.482009e+03  1.000000e+00
 2.112482e+01 -1.831905e+01 -1.874574e+03  1.000000e+00
 2.066757e+01 -1.966090e+01 -1.299628e+03  1.000000e+00
 1.792401e+01 -2.771199e+01  1.562025e+03  1.000000e+00
 1.609498e+01 -3.307937e+01  2.909829e+03  1.000000e+00
 1.563772e+01 -3.442122e+01  3.176780e+03  1.000000e+00
 1.289416e+01 -4.247229e+01  4.190544e+03  1.000000e+00
 1.152239e+01 -4.649783e+01  4.319456e+03  1.000000e+00
 3.440030e+01  1.852193e+01 -3.036163e+04  1.000000e+00
 3.302855e+01  1.449641e+01 -2.632824e+04  1.000000e+00
 3.211404e+01  1.181273e+01 -2.377931e+04  1.000000e+00
 3.119954e+01  9.129041e+00 -2.134236e+04  1.000000e+00
 2.982778e+01  5.103509e+00 -1.789694e+04  1.000000e+00
 2.754150e+01 -1.605720e+00 -1.271451e+04  1.000000e+00
 2.662699e+01 -4.289414e+00 -1.083753e+04  1.000000e+00
 2.571248e+01 -6.973106e+00 -9.072534e+03  1.000000e+00
 2.525522e+01 -8.314955e+00 -8.232032e+03  1.000000e+00
 2.342619e+01 -1.368234e+01 -5.150023e+03  1.000000e+00
 2.296893e+01 -1.502419e+01 -4.449517e+03  1.000000e+00
 2.251168e+01 -1.636604e+01 -3.777004e+03  1.000000e+00
 2.159716e+01 -1.904974e+01 -2.515986e+03  1.000000e+00
 1.748183e+01 -3.112637e+01  1.772695e+03  1.000000e+00
 1.702457e+01 -3.246821e+01  2.109232e+03  1.000000e+00
 1.336650e+01 -4.320298e+01  3.793518e+03  1.000000e+00
 3.258638e+01  1.108204e+01 -2.474675e+04  1.000000e+00
 2.938560e+01  1.689130e+00 -1.661238e+04  1.000000e+00
 2.801383e+01 -2.336408e+00 -1.354619e+04  1.000000e+00
 2.755658e+01 -3.678253e+00 -1.258012e+04  1.000000e+00
 2.709932e+01 -5.020102e+00 -1.164204e+04  1.000000e+00
 2.435578e+01 -1.307119e+01 -6.601590e+03  1.000000e+00
 2.344127e+01 -1.575488e+01 -5.145432e+03  1.000000e+00
 2.298401e+01 -1.709673e+01 -4.459347e+03  1.000000e+00
 2.161224e+01 -2.112227e+01 -2.569080e+03  1.000000e+00
 2.115498e+01 -2.246412e+01 -1.994991e+03  1.000000e+00
 2.069772e+01 -2.380597e+01 -1.448898e+03  1.000000e+00
 1.978320e+01 -2.648966e+01 -4.407077e+02  1.000000e+00
 3.214420e+01  7.667664e+00 -2.323672e+04  1.000000e+00
 3.122970e+01  4.983976e+00 -2.085745e+04  1.000000e+00
 2.482812e+01 -1.380187e+01 -7.338439e+03  1.000000e+00
 2.667222e+01 -1.050702e+01 -1.056475e+04  1.000000e+00
 2.575771e+01 -1.319071e+01 -8.886292e+03  1.000000e+00
 2.438594e+01 -1.721625e+01 -6.578593e+03  1.000000e+00
 2.392868e+01 -1.855810e+01 -5.865347e+03  1.000000e+00
 2.347142e+01 -1.989995e+01 -5.180122e+03  1.000000e+00
 2.164239e+01 -2.526734e+01 -2.719137e+03  1.000000e+00
 3.400338e+01  8.889972e+00 -2.773172e+04  1.000000e+00
 3.217436e+01  3.522600e+00 -2.275261e+04  1.000000e+00
 2.988809e+01 -3.186626e+00 -1.715867e+04  1.000000e+00
 2.943084e+01 -4.528471e+00 -1.612387e+04  1.000000e+00
 2.760182e+01 -9.895857e+00 -1.226468e+04  1.000000e+00
 3.173219e+01  1.082223e-01 -2.137212e+04  1.000000e+00
 3.081768e+01 -2.575466e+00 -1.913539e+04  1.000000e+00
 2.761689e+01 -1.196839e+01 -1.218878e+04  1.000000e+00
-3.005841e+01  1.987552e+01 -1.794777e+04  2.000000e+00
-3.050059e+01  1.646114e+01 -1.947913e+04  2.000000e+00
-2.408393e+01  3.317442e+01 -5.269122e+03  2.000000e+00
-2.774198e+01  2.243967e+01 -1.291868e+04  2.000000e+00
-2.819923e+01  2.109783e+01 -1.400087e+04  2.000000e+00
-3.002826e+01  1.573045e+01 -1.860960e+04  2.000000e+00
-3.322903e+01  6.337550e+00 -2.775280e+04  2.000000e+00
-3.551529e+01 -3.716566e-01 -3.512359e+04  2.000000e+00
-3.825879e+01 -8.422691e+00 -4.489247e+04  2.000000e+00
-2.223982e+01  3.646927e+01 -2.223963e+03  2.000000e+00
-2.498336e+01  2.841820e+01 -7.207726e+03  2.000000e+00
-2.635513e+01  2.439267e+01 -1.007759e+04  2.000000e+00
-3.184219e+01  8.290545e+00 -2.407683e+04  2.000000e+00
-3.367120e+01  2.923176e+00 -2.963918e+04  2.000000e+00
-3.504296e+01 -1.102348e+00 -3.410493e+04  2.000000e+00
-3.824371e+01 -1.049522e+01 -4.550491e+04  2.000000e+00
-2.131023e+01  3.708042e+01 -8.801527e+02  2.000000e+00
-2.176748e+01  3.573858e+01 -1.599208e+03  2.000000e+00
-2.313926e+01  3.171305e+01 -3.924364e+03  2.000000e+00
-2.496829e+01  2.634567e+01 -7.416554e+03  2.000000e+00
-2.588280e+01  2.366198e+01 -9.330638e+03  2.000000e+00
-2.725457e+01  1.963645e+01 -1.241174e+04  2.000000e+00
-2.771182e+01  1.829460e+01 -1.349478e+04  2.000000e+00
-3.182711e+01  6.218012e+00 -2.450199e+04  2.000000e+00
-3.685688e+01 -8.542236e+00 -4.103501e+04  2.000000e+00
-2.175241e+01  3.366605e+01 -1.721701e+03  2.000000e+00
-2.266692e+01  3.098236e+01 -3.272654e+03  2.000000e+00
-2.358144e+01  2.829867e+01 -4.935602e+03  2.000000e+00
-2.541046e+01  2.293129e+01 -8.597459e+03  2.000000e+00
-2.632498e+01  2.024760e+01 -1.059639e+04  2.000000e+00
-3.044027e+01  8.171007e+00 -2.097744e+04  2.000000e+00
-3.181203e+01  4.145478e+00 -2.494176e+04  2.000000e+00
-3.684180e+01 -1.061477e+01 -4.163343e+04  2.000000e+00
-3.821354e+01 -1.464028e+01 -4.677364e+04  2.000000e+00
-2.173733e+01  3.159352e+01 -1.858823e+03  2.000000e+00
-2.356636e+01  2.622614e+01 -5.130406e+03  2.000000e+00
-2.676715e+01  1.683323e+01 -1.193360e+04  2.000000e+00
-2.951068e+01  8.782160e+00 -1.885684e+04  2.000000e+00
-3.042519e+01  6.098473e+00 -2.138858e+04  2.000000e+00
-3.088245e+01  4.756630e+00 -2.269645e+04  2.000000e+00
-3.225421e+01  7.311024e-01 -2.678801e+04  2.000000e+00
-3.271146e+01 -6.107393e-01 -2.820787e+04  2.000000e+00
-3.545497e+01 -8.661782e+00 -3.731495e+04  2.000000e+00
-1.852144e+01  3.891389e+01  2.737731e+03  2.000000e+00
-1.989322e+01  3.488836e+01  8.707383e+02  2.000000e+00
-2.309402e+01  2.549545e+01 -4.465510e+03  2.000000e+00
-2.446579e+01  2.146992e+01 -7.172449e+03  2.000000e+00
-2.583756e+01  1.744438e+01 -1.013137e+04  2.000000e+00
-3.041011e+01  4.025939e+00 -2.181433e+04  2.000000e+00
-3.361088e+01 -5.366954e+00 -3.165827e+04  2.000000e+00
-3.543988e+01 -1.073431e+01 -3.789934e+04  2.000000e+00
-3.772613e+01 -1.744350e+01 -4.633061e+04  2.000000e+00
-2.170717e+01  2.744845e+01 -2.176914e+03  2.000000e+00
-2.307895e+01  2.342292e+01 -4.675137e+03  2.000000e+00
-2.399346e+01  2.073923e+01 -6.480610e+03  2.000000e+00
-2.810876e+01  8.662623e+00 -1.599114e+04  2.000000e+00
-2.902327e+01  5.978935e+00 -1.841257e+04  2.000000e+00
-2.993778e+01  3.295248e+00 -2.094600e+04  2.000000e+00
-3.451030e+01 -1.012317e+01 -3.529297e+04  2.000000e+00
-1.894855e+01  3.342699e+01  1.969121e+03  2.000000e+00
-2.032032e+01  2.940145e+01 -6.839504e+01  2.000000e+00
-2.123484e+01  2.671776e+01 -1.566726e+03  2.000000e+00
-2.352112e+01  2.000854e+01 -5.802541e+03  2.000000e+00
-2.397838e+01  1.866669e+01 -6.733695e+03  2.000000e+00
-2.535015e+01  1.464116e+01 -9.695155e+03  2.000000e+00
-2.900819e+01  3.906400e+00 -1.882430e+04  2.000000e+00
-3.083721e+01 -1.460972e+00 -2.406083e+04  2.000000e+00
-3.449522e+01 -1.219570e+01 -3.587776e+04  2.000000e+00
-1.573266e+01  4.074736e+01  5.735277e+03  2.000000e+00
-1.618992e+01  3.940552e+01  5.265661e+03  2.000000e+00
-2.121976e+01  2.464523e+01 -1.747905e+03  2.000000e+00
-2.350605e+01  1.793600e+01 -6.055827e+03  2.000000e+00
-2.716409e+01  7.201241e+00 -1.440441e+04  2.000000e+00
-3.082213e+01 -3.533506e+00 -2.454485e+04  2.000000e+00
-3.448014e+01 -1.426823e+01 -3.647717e+04  2.000000e+00
-3.539464e+01 -1.695190e+01 -3.974022e+04  2.000000e+00
-1.617484e+01  3.733299e+01  5.228502e+03  2.000000e+00
-1.754662e+01  3.330746e+01  3.608423e+03  2.000000e+00
-1.800387e+01  3.196561e+01  3.012406e+03  2.000000e+00
-1.846113e+01  3.062377e+01  2.388386e+03  2.000000e+00
-2.029017e+01  2.525639e+01 -3.876799e+02  2.000000e+00
-2.166194e+01  2.123085e+01 -2.763715e+03  2.000000e+00
-2.211920e+01  1.988900e+01 -3.611727e+03  2.000000e+00
-2.394822e+01  1.452162e+01 -7.283743e+03  2.000000e+00
-2.486274e+01  1.183793e+01 -9.287731e+03  2.000000e+00
-2.531999e+01  1.049608e+01 -1.033173e+04  2.000000e+00
-3.126430e+01 -6.947882e+00 -2.645148e+04  2.000000e+00
-3.309330e+01 -1.231524e+01 -3.236333e+04  2.000000e+00
-3.355055e+01 -1.365708e+01 -3.391129e+04  2.000000e+00
-1.341621e+01  4.331152e+01  7.747453e+03  2.000000e+00
-1.433073e+01  4.062783e+01  7.002538e+03  2.000000e+00
-1.524524e+01  3.794415e+01  6.145630e+03  2.000000e+00
-1.661702e+01  3.391861e+01  4.650275e+03  2.000000e+00
-1.707428e+01  3.257677e+01  4.095827e+03  2.000000e+00
-1.798880e+01  2.989308e+01  2.902937e+03  2.000000e+00
-2.073234e+01  2.184201e+01 -1.347693e+03  2.000000e+00
-2.118960e+01  2.050016e+01 -2.154129e+03  2.000000e+00
-2.256137e+01  1.647462e+01 -4.741410e+03  2.000000e+00
-2.347589e+01  1.379093e+01 -6.606266e+03  2.000000e+00
-2.393314e+01  1.244908e+01 -7.580687e+03  2.000000e+00
-2.804844e+01  3.724810e-01 -1.761040e+04  2.000000e+00
-2.896295e+01 -2.311205e+00 -2.014721e+04  2.000000e+00
-2.987746e+01 -4.994891e+00 -2.279601e+04  2.000000e+00
-3.170647e+01 -1.036226e+01 -2.842957e+04  2.000000e+00
-3.216372e+01 -1.170410e+01 -2.990795e+04  2.000000e+00
-1.248661e+01  4.392267e+01  8.429351e+03  2.000000e+00
-1.385839e+01  3.989715e+01  7.394705e+03  2.000000e+00
-1.431565e+01  3.855530e+01  6.993827e+03  2.000000e+00
-1.523017e+01  3.587161e+01  6.108072e+03  2.000000e+00
-1.797372e+01  2.782054e+01  2.778849e+03  2.000000e+00
-1.888823e+01  2.513685e+01  1.445118e+03  2.000000e+00
-1.934549e+01  2.379501e+01  7.362629e+02  2.000000e+00
-2.026001e+01  2.111132e+01 -7.654578e+02  2.000000e+00
-2.071727e+01  1.976947e+01 -1.558314e+03  2.000000e+00
-2.117452e+01  1.842762e+01 -2.379167e+03  2.000000e+00
-2.163178e+01  1.708578e+01 -3.228024e+03  2.000000e+00
-2.300355e+01  1.306024e+01 -5.942574e+03  2.000000e+00
-2.346081e+01  1.171839e+01 -6.903414e+03  2.000000e+00
-2.620434e+01  3.667322e+00 -1.325645e+04  2.000000e+00
-2.666160e+01  2.325477e+00 -1.441329e+04  2.000000e+00
-2.803336e+01 -1.700055e+00 -1.805177e+04  2.000000e+00
-3.169139e+01 -1.243479e+01 -2.898631e+04  2.000000e+00
-3.352039e+01 -1.780215e+01 -3.512553e+04  2.000000e+00
-1.155702e+01  4.453383e+01  9.042319e+03  2.000000e+00
-1.475783e+01  3.514093e+01  6.527192e+03  2.000000e+00
-1.521509e+01  3.379908e+01  6.055893e+03  2.000000e+00
-1.567235e+01  3.245724e+01  5.556598e+03  2.000000e+00
-1.704412e+01  2.843170e+01  3.890721e+03  2.000000e+00
-1.795864e+01  2.574801e+01  2.640140e+03  2.000000e+00
-1.841590e+01  2.440616e+01  1.972852e+03  2.000000e+00
-1.933041e+01  2.172247e+01  5.542846e+02  2.000000e+00
-2.207396e+01  1.367139e+01 -4.373377e+03  2.000000e+00
-2.253122e+01  1.232955e+01 -5.292651e+03  2.000000e+00
-2.298847e+01  1.098770e+01 -6.239921e+03  2.000000e+00
-2.344573e+01  9.645856e+00 -7.215190e+03  2.000000e+00
-2.573201e+01  2.936630e+00 -1.251150e+04  2.000000e+00
-2.847554e+01 -5.114433e+00 -1.979101e+04  2.000000e+00
-3.533430e+01 -2.524202e+01 -4.239945e+04  2.000000e+00
-1.520001e+01  3.172655e+01  5.989094e+03  2.000000e+00
-1.565727e+01  3.038470e+01  5.475375e+03  2.000000e+00
-1.611453e+01  2.904286e+01  4.933660e+03  2.000000e+00
-1.794356e+01  2.367547e+01  2.486807e+03  2.000000e+00
-1.840082e+01  2.233363e+01  1.805096e+03  2.000000e+00
-1.977259e+01  1.830809e+01 -4.080123e+02  2.000000e+00
-2.022985e+01  1.696624e+01 -1.201716e+03  2.000000e+00
-2.068711e+01  1.562440e+01 -2.023422e+03  2.000000e+00
-2.343065e+01  7.573319e+00 -7.541586e+03  2.000000e+00
-2.617418e+01 -4.777512e-01 -1.406768e+04  2.000000e+00
-3.211847e+01 -1.792169e+01 -3.166531e+04  2.000000e+00
-9.240563e+00  4.709798e+01  1.022564e+04  2.000000e+00
-1.381316e+01  3.367955e+01  7.324105e+03  2.000000e+00
-1.472767e+01  3.099586e+01  6.407814e+03  2.000000e+00
-1.609945e+01  2.697032e+01  4.823401e+03  2.000000e+00
-1.655671e+01  2.562848e+01  4.239260e+03  2.000000e+00
-1.701397e+01  2.428663e+01  3.627125e+03  2.000000e+00
-1.884300e+01  1.891924e+01  8.986019e+02  2.000000e+00
-1.975751e+01  1.623555e+01 -6.336544e+02  2.000000e+00
-2.067203e+01  1.355186e+01 -2.277894e+03  2.000000e+00
-2.250106e+01  8.184473e+00 -5.902368e+03  2.000000e+00
-2.433008e+01  2.817091e+00 -9.974820e+03  2.000000e+00
-2.570185e+01 -1.208444e+00 -1.332313e+04  2.000000e+00
-2.615910e+01 -2.550288e+00 -1.449522e+04  2.000000e+00
-2.661636e+01 -3.892132e+00 -1.569533e+04  2.000000e+00
-2.844537e+01 -9.259503e+00 -2.077569e+04  2.000000e+00
-2.890263e+01 -1.060135e+01 -2.211578e+04  2.000000e+00
-3.164614e+01 -1.865239e+01 -3.074426e+04  2.000000e+00
-9.225485e+00  4.502545e+01  1.031708e+04  2.000000e+00
-9.682744e+00  4.368361e+01  1.013851e+04  2.000000e+00
-1.014000e+01  4.234177e+01  9.931923e+03  2.000000e+00
-1.105452e+01  3.965808e+01  9.434764e+03  2.000000e+00
-1.196904e+01  3.697439e+01  8.825612e+03  2.000000e+00
-1.471259e+01  2.892332e+01  6.326196e+03  2.000000e+00
-1.516985e+01  2.758148e+01  5.811631e+03  2.000000e+00
-1.699889e+01  2.221409e+01  3.473391e+03  2.000000e+00
-1.745615e+01  2.087225e+01  2.818839e+03  2.000000e+00
-1.837066e+01  1.818855e+01  1.425731e+03  2.000000e+00
-1.974244e+01  1.416301e+01 -8.739124e+02  2.000000e+00
-2.065695e+01  1.147932e+01 -2.547003e+03  2.000000e+00
-2.111421e+01  1.013747e+01 -3.425549e+03  2.000000e+00
-2.294323e+01  4.770090e+00 -7.219698e+03  2.000000e+00
-2.431500e+01  7.445534e-01 -1.035929e+04  2.000000e+00
-2.660128e+01 -5.964668e+00 -1.615191e+04  2.000000e+00
-9.210406e+00  4.295292e+01  1.039391e+04  2.000000e+00
-1.195396e+01  3.490186e+01  8.815901e+03  2.000000e+00
-1.241122e+01  3.356002e+01  8.454911e+03  2.000000e+00
-1.286848e+01  3.221817e+01  8.065916e+03  2.000000e+00
-1.515477e+01  2.550894e+01  5.700973e+03  2.000000e+00
-1.606929e+01  2.282525e+01  4.559006e+03  2.000000e+00
-1.698381e+01  2.014156e+01  3.305045e+03  2.000000e+00
-1.744107e+01  1.879971e+01  2.636063e+03  2.000000e+00
-1.789833e+01  1.745786e+01  1.939089e+03  2.000000e+00
-2.384267e+01  1.386097e-02 -9.669437e+03  2.000000e+00
-2.429992e+01 -1.327984e+00 -1.075839e+04  2.000000e+00
-2.521443e+01 -4.011673e+00 -1.302029e+04  2.000000e+00
-2.612894e+01 -6.695361e+00 -1.539418e+04  2.000000e+00
-2.704345e+01 -9.379047e+00 -1.788006e+04  2.000000e+00
-2.887246e+01 -1.474641e+01 -2.318779e+04  2.000000e+00
-3.207322e+01 -2.413929e+01 -3.355425e+04  2.000000e+00
-8.280809e+00  4.356408e+01  1.078697e+04  2.000000e+00
-9.652587e+00  3.953855e+01  1.024869e+04  2.000000e+00
-1.285340e+01  3.014564e+01  8.012742e+03  2.000000e+00
-1.376792e+01  2.746194e+01  7.121915e+03  2.000000e+00
-1.468244e+01  2.477825e+01  6.119095e+03  2.000000e+00
-1.513970e+01  2.343641e+01  5.575692e+03  2.000000e+00
-1.605421e+01  2.075271e+01  4.404875e+03  2.000000e+00
-1.742599e+01  1.672717e+01  2.438669e+03  2.000000e+00
-1.788325e+01  1.538532e+01  1.727279e+03  2.000000e+00
-1.971228e+01  1.001794e+01 -1.398293e+03  2.000000e+00
-2.016953e+01  8.676091e+00 -2.249695e+03  2.000000e+00
-2.062679e+01  7.334244e+00 -3.129078e+03  2.000000e+00
-2.291307e+01  6.250140e-01 -7.945989e+03  2.000000e+00
-2.337033e+01 -7.168315e-01 -8.993365e+03  2.000000e+00
-2.519935e+01 -6.084210e+00 -1.346285e+04  2.000000e+00
-2.657111e+01 -1.010974e+01 -1.710895e+04  2.000000e+00
-2.794287e+01 -1.413527e+01 -2.100702e+04  2.000000e+00
-2.885738e+01 -1.681895e+01 -2.374574e+04  2.000000e+00
-6.893952e+00  4.551708e+01  1.119295e+04  2.000000e+00
-8.722989e+00  4.014971e+01  1.069754e+04  2.000000e+00
-1.100929e+01  3.344048e+01  9.448307e+03  2.000000e+00
-1.238106e+01  2.941495e+01  8.362783e+03  2.000000e+00
-1.329558e+01  2.673125e+01  7.499113e+03  2.000000e+00
-1.375284e+01  2.538941e+01  7.025277e+03  2.000000e+00
-1.421010e+01  2.404756e+01  6.523444e+03  2.000000e+00
-1.466736e+01  2.270572e+01  5.993616e+03  2.000000e+00
-1.558188e+01  2.002202e+01  4.849953e+03  2.000000e+00
-1.649639e+01  1.733833e+01  3.594302e+03  2.000000e+00
-1.695365e+01  1.599648e+01  2.924480e+03  2.000000e+00
-1.923994e+01  9.287245e+00 -8.446070e+02  2.000000e+00
-1.969720e+01  7.945399e+00 -1.682426e+03  2.000000e+00
-2.381250e+01 -4.131214e+00 -1.048266e+04  2.000000e+00
-2.426976e+01 -5.473059e+00 -1.160046e+04  2.000000e+00
-2.609878e+01 -1.084043e+01 -1.635161e+04  2.000000e+00
-2.655603e+01 -1.218228e+01 -1.760940e+04  2.000000e+00
-2.929955e+01 -2.023332e+01 -2.574406e+04  2.000000e+00
-2.975680e+01 -2.157516e+01 -2.719783e+04  2.000000e+00
-5.964355e+00  4.612823e+01  1.140659e+04  2.000000e+00
-8.250651e+00  3.941902e+01  1.092519e+04  2.000000e+00
-9.165170e+00  3.673533e+01  1.053665e+04  2.000000e+00
-9.622429e+00  3.539349e+01  1.030038e+04  2.000000e+00
-1.007969e+01  3.405164e+01  1.003611e+04  2.000000e+00
-1.099421e+01  3.136795e+01  9.423580e+03  2.000000e+00
-1.190873e+01  2.868426e+01  8.699051e+03  2.000000e+00
-1.236598e+01  2.734241e+01  8.294787e+03  2.000000e+00
-1.328050e+01  2.465872e+01  7.402273e+03  2.000000e+00
-1.419502e+01  2.197502e+01  6.397763e+03  2.000000e+00
-1.465228e+01  2.063318e+01  5.853507e+03  2.000000e+00
-1.510954e+01  1.929133e+01  5.281257e+03  2.000000e+00
-1.556680e+01  1.794948e+01  4.681009e+03  2.000000e+00
-1.785309e+01  1.124025e+01  1.259779e+03  2.000000e+00
-1.831035e+01  9.898400e+00  4.915424e+02  2.000000e+00
-2.105389e+01  1.847320e+00 -4.705862e+03  2.000000e+00
-2.242566e+01 -2.178217e+00 -7.682541e+03  2.000000e+00
-2.379742e+01 -6.203752e+00 -1.091121e+04  2.000000e+00
-2.745546e+01 -1.693849e+01 -2.075288e+04  2.000000e+00
-2.882721e+01 -2.096401e+01 -2.490547e+04  2.000000e+00
-7.321054e+00  4.003017e+01  1.127777e+04  2.000000e+00
-7.778313e+00  3.868833e+01  1.113908e+04  2.000000e+00
-9.150091e+00  3.466280e+01  1.055499e+04  2.000000e+00
-9.607351e+00  3.332095e+01  1.030430e+04  2.000000e+00
-1.006461e+01  3.197910e+01  1.002560e+04  2.000000e+00
-1.052187e+01  3.063726e+01  9.718914e+03  2.000000e+00
-1.143639e+01  2.795357e+01  9.021547e+03  2.000000e+00
-1.280816e+01  2.392803e+01  7.765493e+03  2.000000e+00
-1.417994e+01  1.990249e+01  6.257458e+03  2.000000e+00
-1.463720e+01  1.856064e+01  5.698782e+03  2.000000e+00
-1.509446e+01  1.721879e+01  5.112114e+03  2.000000e+00
-1.600898e+01  1.453510e+01  3.854768e+03  2.000000e+00
-1.829527e+01  7.825861e+00  2.214431e+02  2.000000e+00
-1.920978e+01  5.142167e+00 -1.427875e+03  2.000000e+00
-2.149606e+01 -1.567064e+00 -6.041151e+03  2.000000e+00
-2.469685e+01 -1.095998e+01 -1.367563e+04  2.000000e+00
-2.652587e+01 -1.632735e+01 -1.865416e+04  2.000000e+00
-6.848715e+00  3.929948e+01  1.146430e+04  2.000000e+00
-8.677753e+00  3.393211e+01  1.079582e+04  2.000000e+00
-1.096405e+01  2.722288e+01  9.330259e+03  2.000000e+00
-1.279309e+01  2.185549e+01  7.653834e+03  2.000000e+00
-1.462212e+01  1.648810e+01  5.529441e+03  2.000000e+00
-1.507938e+01  1.514625e+01  4.928342e+03  2.000000e+00
-1.553664e+01  1.380441e+01  4.299249e+03  2.000000e+00
-1.599390e+01  1.246256e+01  3.642157e+03  2.000000e+00
-1.919470e+01  3.069628e+00 -1.741442e+03  2.000000e+00
-2.102373e+01 -2.297757e+00 -5.433749e+03  2.000000e+00
-2.422452e+01 -1.169067e+01 -1.297320e+04  2.000000e+00
-2.559628e+01 -1.571620e+01 -1.662437e+04  2.000000e+00
-2.696804e+01 -1.974172e+01 -2.052752e+04  2.000000e+00
-2.788254e+01 -2.242540e+01 -2.326961e+04  2.000000e+00
-5.919118e+00  3.991064e+01  1.172060e+04  2.000000e+00
-7.748155e+00  3.454326e+01  1.121842e+04  2.000000e+00
-8.205414e+00  3.320142e+01  1.102288e+04  2.000000e+00
-8.662674e+00  3.185957e+01  1.079934e+04  2.000000e+00
-1.049171e+01  2.649219e+01  9.625202e+03  2.000000e+00
-1.232075e+01  2.112480e+01  8.003079e+03  2.000000e+00
-1.323527e+01  1.844110e+01  7.024033e+03  2.000000e+00
-1.414978e+01  1.575741e+01  5.932992e+03  2.000000e+00
-1.460704e+01  1.441556e+01  5.345472e+03  2.000000e+00
-1.506430e+01  1.307371e+01  4.729951e+03  2.000000e+00
-1.872236e+01  2.338936e+00 -1.202123e+03  2.000000e+00
-2.558120e+01 -1.778873e+01 -1.715447e+04  2.000000e+00
-5.446779e+00  3.917995e+01  1.186600e+04  2.000000e+00
-5.904038e+00  3.783811e+01  1.179603e+04  2.000000e+00
-6.361297e+00  3.649626e+01  1.169806e+04  2.000000e+00
-6.818557e+00  3.515442e+01  1.157209e+04  2.000000e+00
-9.104854e+00  2.844519e+01  1.052228e+04  2.000000e+00
-1.230567e+01  1.905226e+01  7.876600e+03  2.000000e+00
-1.276293e+01  1.771041e+01  7.386654e+03  2.000000e+00
-1.773626e+00  4.784216e+01  1.160842e+04  2.000000e+00
-3.145403e+00  4.381663e+01  1.194321e+04  2.000000e+00
-4.059922e+00  4.113295e+01  1.202641e+04  2.000000e+00
-4.517181e+00  3.979110e+01  1.202602e+04  2.000000e+00
-5.888959e+00  3.576557e+01  1.185683e+04  2.000000e+00
-7.260737e+00  3.174004e+01  1.143567e+04  2.000000e+00
-7.717997e+00  3.039819e+01  1.123928e+04  2.000000e+00
-9.089775e+00  2.637265e+01  1.048213e+04  2.000000e+00
-1.046155e+01  2.234711e+01  9.472990e+03  2.000000e+00
-1.758547e+00  4.576963e+01  1.178441e+04  2.000000e+00
-2.673064e+00  4.308594e+01  1.200676e+04  2.000000e+00
-4.502102e+00  3.771857e+01  1.211547e+04  2.000000e+00
-4.959361e+00  3.637673e+01  1.207265e+04  2.000000e+00
-6.788398e+00  3.100935e+01  1.162140e+04  2.000000e+00
-8.160177e+00  2.698381e+01  1.098897e+04  2.000000e+00
-9.074696e+00  2.430011e+01  1.042736e+04  2.000000e+00
-9.989215e+00  2.161642e+01  9.753758e+03  2.000000e+00
-1.044647e+01  2.027457e+01  9.374960e+03  2.000000e+00
-1.273277e+01  1.356533e+01  7.060988e+03  2.000000e+00
-3.572503e+00  3.832973e+01  1.222078e+04  2.000000e+00
-4.029763e+00  3.698788e+01  1.221954e+04  2.000000e+00
-6.316060e+00  3.027866e+01  1.179335e+04  2.000000e+00
-6.773320e+00  2.893681e+01  1.162412e+04  2.000000e+00
-8.602357e+00  2.356942e+01  1.066720e+04  2.000000e+00
-9.516876e+00  2.088573e+01  1.002075e+04  2.000000e+00
-9.974135e+00  1.954388e+01  9.655524e+03  2.000000e+00
 1.006491e-01  4.699193e+01  1.142721e+04  2.000000e+00
-1.271128e+00  4.296641e+01  1.196818e+04  2.000000e+00
-4.014683e+00  3.491535e+01  1.229417e+04  2.000000e+00
-4.471942e+00  3.357350e+01  1.225051e+04  2.000000e+00
-9.044537e+00  2.015504e+01  1.027396e+04  2.000000e+00
-3.415301e-01  4.357756e+01  1.181092e+04  2.000000e+00
-3.542344e+00  3.418466e+01  1.238426e+04  2.000000e+00
-4.456863e+00  3.150097e+01  1.229610e+04  2.000000e+00
-7.200420e+00  2.344989e+01  1.135962e+04  2.000000e+00
-8.572198e+00  1.942434e+01  1.051340e+04  2.000000e+00
 1.959844e+00  4.821424e+01  1.079430e+04  2.000000e+00
 5.880684e-01  4.418872e+01  1.158473e+04  2.000000e+00
 1.308089e-01  4.284687e+01  1.179220e+04  2.000000e+00
-3.264498e-01  4.150503e+01  1.197168e+04  2.000000e+00
-1.240968e+00  3.882134e+01  1.224665e+04  2.000000e+00
-3.070005e+00  3.345397e+01  1.246059e+04  2.000000e+00
-3.527264e+00  3.211212e+01  1.244408e+04  2.000000e+00
-4.899043e+00  2.808659e+01  1.222656e+04  2.000000e+00
-5.813562e+00  2.540289e+01  1.194155e+04  2.000000e+00
-6.728081e+00  2.271920e+01  1.154455e+04  2.000000e+00
-7.642600e+00  2.003550e+01  1.103556e+04  2.000000e+00
-8.099860e+00  1.869365e+01  1.073906e+04  2.000000e+00
-8.557119e+00  1.735181e+01  1.041457e+04  2.000000e+00
-9.014378e+00  1.600996e+01  1.006208e+04  2.000000e+00
-3.113695e-01  3.943250e+01  1.211783e+04  2.000000e+00
-2.140407e+00  3.406512e+01  1.249807e+04  2.000000e+00
-3.054925e+00  3.138143e+01  1.252020e+04  2.000000e+00
-3.512185e+00  3.003959e+01  1.248927e+04  2.000000e+00
-5.798482e+00  2.333035e+01  1.191463e+04  2.000000e+00
-6.255742e+00  2.198850e+01  1.171571e+04  2.000000e+00
-6.713001e+00  2.064666e+01  1.148879e+04  2.000000e+00
 1.609696e-01  3.870181e+01  1.209871e+04  2.000000e+00
-1.668068e+00  3.333443e+01  1.253326e+04  2.000000e+00
-2.125327e+00  3.199259e+01  1.257190e+04  2.000000e+00
-2.582586e+00  3.065074e+01  1.258255e+04  2.000000e+00
-3.497105e+00  2.796705e+01  1.251984e+04  2.000000e+00
-4.411625e+00  2.528336e+01  1.234513e+04  2.000000e+00
-6.240662e+00  1.991597e+01  1.165975e+04  2.000000e+00
-6.697922e+00  1.857412e+01  1.141840e+04  2.000000e+00
-7.612441e+00  1.589042e+01  1.085172e+04  2.000000e+00
 2.005086e+00  4.199665e+01  1.140520e+04  2.000000e+00
-7.384688e-01  3.394559e+01  1.247447e+04  2.000000e+00
-2.110247e+00  2.992005e+01  1.263111e+04  2.000000e+00
-4.396545e+00  2.321082e+01  1.233224e+04  2.000000e+00
-4.853804e+00  2.186897e+01  1.218847e+04  2.000000e+00
-7.140102e+00  1.515973e+01  1.104963e+04  2.000000e+00
 1.562907e+00  3.858227e+01  1.181337e+04  2.000000e+00
-7.233895e-01  3.187305e+01  1.256232e+04  2.000000e+00
-2.552427e+00  2.650567e+01  1.265750e+04  2.000000e+00
-3.466946e+00  2.382197e+01  1.253711e+04  2.000000e+00
 2.492504e+00  3.919342e+01  1.149199e+04  2.000000e+00
 2.062097e-01  3.248421e+01  1.244882e+04  2.000000e+00
-2.510502e-01  3.114236e+01  1.255619e+04  2.000000e+00
-2.080088e+00  2.577498e+01  1.270568e+04  2.000000e+00
-2.537347e+00  2.443313e+01  1.267306e+04  2.000000e+00
-2.994607e+00  2.309128e+01  1.261244e+04  2.000000e+00
-3.451866e+00  2.174943e+01  1.252382e+04  2.000000e+00
 3.422103e+00  3.980458e+01  1.110169e+04  2.000000e+00
 2.964844e+00  3.846274e+01  1.139062e+04  2.000000e+00
 2.507585e+00  3.712089e+01  1.165156e+04  2.000000e+00
 6.785490e-01  3.175352e+01  1.241533e+04  2.000000e+00
-2.359699e-01  2.906982e+01  1.262922e+04  2.000000e+00
-1.150489e+00  2.638613e+01  1.273112e+04  2.000000e+00
-2.522268e+00  2.236059e+01  1.267398e+04  2.000000e+00
-5.265825e+00  1.430950e+01  1.180375e+04  2.000000e+00
 2.522666e+00  3.504836e+01  1.179651e+04  2.000000e+00
 1.608147e+00  3.236467e+01  1.220555e+04  2.000000e+00
-6.781496e-01  2.565544e+01  1.273817e+04  2.000000e+00
-1.592668e+00  2.297175e+01  1.275523e+04  2.000000e+00
-2.049928e+00  2.162990e+01  1.272176e+04  2.000000e+00
-3.878966e+00  1.626251e+01  1.230790e+04  2.000000e+00
-4.336225e+00  1.492066e+01  1.213444e+04  2.000000e+00
 3.909522e+00  3.700135e+01  1.114656e+04  2.000000e+00
 3.452264e+00  3.565951e+01  1.143465e+04  2.000000e+00
 2.995005e+00  3.431767e+01  1.169474e+04  2.000000e+00
 2.080487e+00  3.163398e+01  1.213093e+04  2.000000e+00
 7.087089e-01  2.760844e+01  1.257523e+04  2.000000e+00
-6.630693e-01  2.358290e+01  1.276754e+04  2.000000e+00
-1.120329e+00  2.224106e+01  1.277565e+04  2.000000e+00
 4.839121e+00  3.761251e+01  1.067419e+04  2.000000e+00
 3.467344e+00  3.358698e+01  1.157920e+04  2.000000e+00
 2.552826e+00  3.090329e+01  1.204254e+04  2.000000e+00
-1.907298e-01  2.285221e+01  1.276061e+04  2.000000e+00
-1.105249e+00  2.016851e+01  1.277598e+04  2.000000e+00
-2.934287e+00  1.480112e+01  1.247073e+04  2.000000e+00
 3.025165e+00  3.017260e+01  1.194037e+04  2.000000e+00
 1.196129e+00  2.480521e+01  1.258539e+04  2.000000e+00
 2.816097e-01  2.212152e+01  1.273990e+04  2.000000e+00
-6.329096e-01  1.943782e+01  1.278242e+04  2.000000e+00
-1.547428e+00  1.675413e+01  1.271295e+04  2.000000e+00
 4.869282e+00  3.346744e+01  1.100596e+04  2.000000e+00
 3.040246e+00  2.810006e+01  1.204126e+04  2.000000e+00
 2.582986e+00  2.675821e+01  1.223009e+04  2.000000e+00
-1.605701e-01  1.870713e+01  1.277509e+04  2.000000e+00
-6.178294e-01  1.736528e+01  1.276793e+04  2.000000e+00
 6.713397e+00  3.676228e+01  9.724326e+03  2.000000e+00
 4.884363e+00  3.139491e+01  1.114991e+04  2.000000e+00
-2.889047e+00  8.583498e+00  1.221093e+04  2.000000e+00
 7.185736e+00  3.603159e+01  9.499378e+03  2.000000e+00
 5.356702e+00  3.066421e+01  1.097926e+04  2.000000e+00
 3.527665e+00  2.529683e+01  1.201118e+04  2.000000e+00
-1.304095e-01  1.456205e+01  1.273109e+04  2.000000e+00
-1.959448e+00  9.194653e+00  1.241908e+04  2.000000e+00
-2.873967e+00  6.510957e+00  1.209509e+04  2.000000e+00
 4.457265e+00  2.590799e+01  1.165151e+04  2.000000e+00
 3.085487e+00  2.188245e+01  1.225619e+04  2.000000e+00
 5.386863e+00  2.651914e+01  1.122290e+04  2.000000e+00
 4.015085e+00  2.249360e+01  1.195231e+04  2.000000e+00
 2.643307e+00  1.846806e+01  1.242973e+04  2.000000e+00
-1.472029e+00  6.391420e+00  1.235007e+04  2.000000e+00
 8.145496e+00  3.249768e+01  9.194562e+03  2.000000e+00
 6.773720e+00  2.847214e+01  1.038467e+04  2.000000e+00
 5.859202e+00  2.578845e+01  1.103809e+04  2.000000e+00
 4.487425e+00  2.176291e+01  1.180822e+04  2.000000e+00
 3.572906e+00  1.907921e+01  1.218165e+04  2.000000e+00
 2.201128e+00  1.505367e+01  1.253181e+04  2.000000e+00
 1.743869e+00  1.371182e+01  1.259253e+04  2.000000e+00
 1.286609e+00  1.236997e+01  1.262525e+04  2.000000e+00
-9.996889e-01  5.660727e+00  1.236889e+04  2.000000e+00
 6.331542e+00  2.505776e+01  1.083949e+04  2.000000e+00
 5.874283e+00  2.371591e+01  1.113777e+04  2.000000e+00
 4.959765e+00  2.103222e+01  1.165035e+04  2.000000e+00
 2.673467e+00  1.432298e+01  1.244182e+04  2.000000e+00
 1.758949e+00  1.163928e+01  1.256242e+04  2.000000e+00
-9.846086e-01  3.588185e+00  1.225226e+04  2.000000e+00
 6.346622e+00  2.298522e+01  1.093898e+04  2.000000e+00
 1.774029e+00  9.566738e+00  1.251769e+04  2.000000e+00
 8.647996e+00  2.762191e+01  9.256660e+03  2.000000e+00
 8.190738e+00  2.628007e+01  9.666092e+03  2.000000e+00
 6.818962e+00  2.225453e+01  1.072641e+04  2.000000e+00
 4.075407e+00  1.420344e+01  1.209107e+04  2.000000e+00
 9.120336e+00  2.689122e+01  8.976005e+03  2.000000e+00
 5.919524e+00  1.749829e+01  1.134911e+04  2.000000e+00
 5.462264e+00  1.615644e+01  1.157614e+04  2.000000e+00
 5.005005e+00  1.481460e+01  1.177516e+04  2.000000e+00
 4.090486e+00  1.213090e+01  1.208921e+04  2.000000e+00
 3.633227e+00  1.078905e+01  1.220424e+04  2.000000e+00
 3.175968e+00  9.447203e+00  1.229127e+04  2.000000e+00
 2.261448e+00  6.763504e+00  1.238134e+04  2.000000e+00
 1.346929e+00  4.079804e+00  1.235941e+04  2.000000e+00
 8.678158e+00  2.347684e+01  9.526757e+03  2.000000e+00
 8.220899e+00  2.213499e+01  9.907347e+03  2.000000e+00
 7.306381e+00  1.945130e+01  1.058453e+04  2.000000e+00
 3.191047e+00  7.374660e+00  1.224594e+04  2.000000e+00
 2.733788e+00  6.032811e+00  1.229055e+04  2.000000e+00
 2.276529e+00  4.690963e+00  1.230717e+04  2.000000e+00
 5.949684e+00  1.335321e+01  1.141691e+04  2.000000e+00
 4.577906e+00  9.327667e+00  1.192744e+04  2.000000e+00
 4.120647e+00  7.985818e+00  1.204163e+04  2.000000e+00
 3.663387e+00  6.643967e+00  1.212781e+04  2.000000e+00
 3.206128e+00  5.302119e+00  1.218599e+04  2.000000e+00
 1.834349e+00  1.276570e+00  1.219256e+04  2.000000e+00
 9.622836e+00  2.201545e+01  8.950873e+03  2.000000e+00
 9.165578e+00  2.067361e+01  9.358622e+03  2.000000e+00
 7.336543e+00  1.530622e+01  1.070961e+04  2.000000e+00
 4.135727e+00  5.913275e+00  1.199590e+04  2.000000e+00
 3.678467e+00  4.571426e+00  1.206766e+04  2.000000e+00
 1.392169e+00 -2.137822e+00  1.200650e+04  2.000000e+00
 1.100969e+01  2.396845e+01  7.715635e+03  2.000000e+00
 9.637917e+00  1.994291e+01  9.063592e+03  2.000000e+00
 8.266141e+00  1.591737e+01  1.015956e+04  2.000000e+00
 3.236287e+00  1.157034e+00  1.202223e+04  2.000000e+00
 1.193929e+01  2.457961e+01  6.847215e+03  2.000000e+00
 1.011026e+01  1.921222e+01  8.754786e+03  2.000000e+00
 7.366703e+00  1.116114e+01  1.077620e+04  2.000000e+00
 3.708627e+00  4.263413e-01  1.190351e+04  2.000000e+00
 2.794108e+00 -2.257356e+00  1.190534e+04  2.000000e+00
 1.149711e+01  2.116523e+01  7.507267e+03  2.000000e+00
 1.012534e+01  1.713968e+01  8.852686e+03  2.000000e+00
 7.381783e+00  9.088596e+00  1.078756e+04  2.000000e+00
 4.180967e+00 -3.043512e-01  1.177100e+04  2.000000e+00
 8.768640e+00  1.104160e+01  9.986129e+03  2.000000e+00
 5.110566e+00  3.068077e-01  1.155464e+04  2.000000e+00
 9.698239e+00  1.165276e+01  9.368246e+03  2.000000e+00
 8.326462e+00  7.627211e+00  1.029115e+04  2.000000e+00
 5.125646e+00 -1.765736e+00  1.146466e+04  2.000000e+00
 4.211127e+00 -4.449434e+00  1.154796e+04  2.000000e+00
 1.199961e+01  1.628946e+01  7.381825e+03  2.000000e+00
 1.475824e+01  2.226800e+01  4.210262e+03  2.000000e+00
 1.064292e+01  1.019137e+01  8.735271e+03  2.000000e+00
 1.018566e+01  8.849523e+00  9.098064e+03  2.000000e+00
 5.613065e+00 -4.568969e+00  1.118601e+04  2.000000e+00
 4.698546e+00 -7.252669e+00  1.126762e+04  2.000000e+00
 1.385881e+01  1.751177e+01  5.551976e+03  2.000000e+00
 9.743480e+00  5.435135e+00  9.443214e+03  2.000000e+00
 1.158760e+01  8.729989e+00  8.047190e+03  2.000000e+00
 1.067308e+01  6.046291e+00  8.799075e+03  2.000000e+00
 1.021582e+01  4.704443e+00  9.133020e+03  2.000000e+00
 9.301300e+00  2.020744e+00  9.716908e+03  2.000000e+00
 1.434623e+01  1.470853e+01  5.244935e+03  2.000000e+00
 1.388897e+01  1.336669e+01  5.788440e+03  2.000000e+00
 1.251719e+01  9.341145e+00  7.250974e+03  2.000000e+00
 9.773639e+00  1.290052e+00  9.420091e+03  2.000000e+00
 8.859120e+00 -1.393648e+00  9.919141e+03  2.000000e+00
 8.401861e+00 -2.735496e+00  1.012667e+04  2.000000e+00
 6.572824e+00 -8.102894e+00  1.067679e+04  2.000000e+00
 1.573308e+01  1.666154e+01  3.600410e+03  2.000000e+00
 1.529090e+01  1.324715e+01  4.338437e+03  2.000000e+00
 1.483365e+01  1.190531e+01  4.909099e+03  2.000000e+00
 1.300461e+01  6.537914e+00  6.911760e+03  2.000000e+00
 1.026106e+01 -1.513180e+00  9.075802e+03  2.000000e+00
 8.889280e+00 -5.538729e+00  9.779841e+03  2.000000e+00
 1.530598e+01  1.117461e+01  4.448763e+03  2.000000e+00
 1.484873e+01  9.832767e+00  5.005004e+03  2.000000e+00
 1.439147e+01  8.490917e+00  5.533246e+03  2.000000e+00
 1.347695e+01  5.807222e+00  6.505729e+03  2.000000e+00
 1.210517e+01  1.781676e+00  7.754474e+03  2.000000e+00
 1.119066e+01 -9.020234e-01  8.446973e+03  2.000000e+00
 1.577832e+01  1.044392e+01  3.974654e+03  2.000000e+00
 1.166299e+01 -1.632715e+00  8.095053e+03  2.000000e+00
