-0.1706361176 -0.1228958436  0.0748760011  1.0000000000
-0.1841949631 -0.1637389217  0.3598928114  1.0000000000
-0.1975591645 -0.2042200805  0.6692983297  1.0000000000
-0.1519616272 -0.0893033259 -0.2295523359  1.0000000000
-0.1837868070 -0.1848437151  0.4063745504  1.0000000000
-0.1926915448 -0.2117881595  0.6126390778  1.0000000000
-0.1377418970 -0.0692734430 -0.4261390038  1.0000000000
-0.1423852843 -0.0830792433 -0.3507367481  1.0000000000
-0.1516229909 -0.1106109670 -0.1913803755  1.0000000000
-0.1788914579 -0.1924102007  0.3538021078  1.0000000000
-0.1833638795 -0.2059046977  0.4542458926  1.0000000000
-0.1374211233 -0.0906329244 -0.3908201639  1.0000000000
-0.1420549338 -0.1044156290 -0.3139672624  1.0000000000
-0.1466721544 -0.1181698211 -0.2342696848  1.0000000000
-0.1784676077 -0.2134683889  0.4017222044  1.0000000000
-0.1184376944 -0.0566801364 -0.6385282266  1.0000000000
-0.1417130726 -0.1257282315 -0.2757217214  1.0000000000
-0.1600307315 -0.1804199571  0.0655977507  1.0000000000
-0.1780295256 -0.2344755642  0.4510239877  1.0000000000
-0.2000116837 -0.3009441939  0.9927268129  1.0000000000
-0.1274693073 -0.1057407518 -0.4666475156  1.0000000000
-0.1907957526 -0.2953025763  0.8227537058  1.0000000000
-0.1726719824 -0.2629733222  0.4506853402  1.0000000000
-0.1815266081 -0.2896051000  0.6594138990  1.0000000000
-0.1081281794 -0.0931833727 -0.6703916873  1.0000000000
-0.1497471552 -0.2166627819  0.0212496758  1.0000000000
-0.1542816010 -0.2301956341  0.1121269362  1.0000000000
-0.1031176461 -0.1007294259 -0.7003498472  1.0000000000
-0.1078105239 -0.1145745140 -0.6363656968  1.0000000000
-0.1356516152 -0.1970179407 -0.1921051989  1.0000000000
-0.0839334458 -0.0665969913 -0.8989235588  1.0000000000
-0.0981016512 -0.1082732732 -0.7288383011  1.0000000000
-0.1214490185 -0.1772162488 -0.3872032245  1.0000000000
-0.1443838168 -0.2452751068  0.0254344738  1.0000000000
-0.1712351264 -0.3254015049  0.6109998872  1.0000000000
-0.1799990347 -0.3516635605  0.8273475488  1.0000000000
-0.0977838084 -0.1296611923 -0.6947439095  1.0000000000
-0.1024736626 -0.1434811189 -0.6307254165  1.0000000000
-0.0738600035 -0.0816672291 -0.9427984808  1.0000000000
-0.0833346908 -0.1094790980 -0.8381384630  1.0000000000
-0.1160931759 -0.2059795780 -0.3799917674  1.0000000000
-0.1390052781 -0.2738012506  0.0325654632  1.0000000000
-0.1435296469 -0.2872269000  0.1233745537  1.0000000000
-0.1480330207 -0.3006013926  0.2169021984  1.0000000000
-0.1614102682 -0.3403971738  0.5135778153  1.0000000000
-0.1658227844 -0.3535463487  0.6177578568  1.0000000000
-0.1745739378 -0.3796584028  0.8339069161  1.0000000000
-0.1789112524 -0.3926172793  0.9458260478  1.0000000000
-0.0830254258 -0.1308847412 -0.8054578623  1.0000000000
-0.0924384305 -0.1585512210 -0.6860909560  1.0000000000
-0.1110962091 -0.2135058827 -0.4126554112  1.0000000000
-0.1249192281 -0.2543222195 -0.1777143983  1.0000000000
-0.1294906024 -0.2678400497 -0.0938059857  1.0000000000
-0.1520433807 -0.3346768662  0.3668088989  1.0000000000
-0.1564882530 -0.3478791781  0.4669970234  1.0000000000
-0.0779921162 -0.1384129279 -0.8280409074  1.0000000000
-0.0921064678 -0.1798658559 -0.6489578449  1.0000000000
-0.0967842253 -0.1936210780 -0.5834615655  1.0000000000
-0.1153404839 -0.2482716401 -0.2928745870  1.0000000000
-0.1199372184 -0.2618308913 -0.2131615688  1.0000000000
-0.1515604395 -0.3553497241  0.4218421893  1.0000000000
-0.0729556137 -0.1459354918 -0.8491419348  1.0000000000
-0.0776776876 -0.1597812096 -0.7938111392  1.0000000000
-0.0823875024 -0.1735982387 -0.7355571768  1.0000000000
-0.1195359970 -0.2828392112 -0.1660571233  1.0000000000
-0.1510660017 -0.3759361056  0.4782156842  1.0000000000
-0.0820590044 -0.1948953526 -0.6983523283  1.0000000000
-0.1053505781 -0.2632691660 -0.3565656126  1.0000000000
-0.1099603718 -0.2768195681 -0.2796832540  1.0000000000
-0.1191256612 -0.3037788746 -0.1175341870  1.0000000000
-0.1505601883 -0.3964309316  0.5359181907  1.0000000000
-0.1549598766 -0.4094229746  0.6398896288  1.0000000000
-0.0770309950 -0.2023980956 -0.7208321748  1.0000000000
-0.0817242552 -0.2161455680 -0.6596550099  1.0000000000
-0.0957173136 -0.2571627500 -0.4588526082  1.0000000000
-0.1095649507 -0.2977967167 -0.2324833676  1.0000000000
-0.1187063123 -0.3246446703 -0.0676026210  1.0000000000
-0.1232477439 -0.3379899181  0.0189705546  1.0000000000
-0.0530859820 -0.1545944983 -0.9515625003  1.0000000000
-0.0625662978 -0.1823030478 -0.8525626708  1.0000000000
-0.0720007395 -0.2098919280 -0.7418311977  1.0000000000
-0.0813833385 -0.2373435574 -0.6194733489  1.0000000000
-0.0999694278 -0.2917654942 -0.3403554547  1.0000000000
-0.1091612851 -0.3187014264 -0.1838614039  1.0000000000
-0.1182780509 -0.3454314095 -0.0162725101  1.0000000000
-0.1228065120 -0.3587139457  0.0716330222  1.0000000000
-0.1273140972 -0.3719387583  0.1622516286  1.0000000000
-0.1495149244 -0.4371257669  0.6552645405  1.0000000000
-0.0763610552 -0.2448197527 -0.6418795469  1.0000000000
-0.0810363390 -0.2584840144 -0.5778156702  1.0000000000
-0.0903414372 -0.2856866489 -0.4411052576  1.0000000000
-0.0995810671 -0.3127071428 -0.2930617330  1.0000000000
-0.1041745298 -0.3261437673 -0.2148340287  1.0000000000
-0.1133051924 -0.3528592530 -0.0500604539  1.0000000000
-0.1223561483 -0.3793505132  0.1256713703  1.0000000000
-0.1268499978 -0.3925069106  0.2175944766  1.0000000000
-0.1401968275 -0.4315948473  0.5093272592  1.0000000000
-0.1445986188 -0.4444904101  0.6118153634  1.0000000000
-0.0760175742 -0.2659440778 -0.6001834297  1.0000000000
-0.0899679973 -0.3066632512 -0.3951577691  1.0000000000
-0.0945854387 -0.3201430115 -0.3211516307  1.0000000000
-0.1218967605 -0.3998945239  0.1810749575  1.0000000000
-0.1396786629 -0.4518380007  0.5697987537  1.0000000000
-0.0426950438 -0.1909146512 -0.9445346867  1.0000000000
-0.0569010422 -0.2323131759 -0.7959275713  1.0000000000
-0.0663120938 -0.2597381974 -0.6822512032  1.0000000000
-0.0709975076 -0.2733919666 -0.6210720903  1.0000000000
-0.0756685296 -0.2870036838 -0.5570187063  1.0000000000
-0.0849644789 -0.3140923787 -0.4203521990  1.0000000000
-0.0941941374 -0.3409872081 -0.2723847417  1.0000000000
-0.0376489427 -0.1983788010 -0.9552202211  1.0000000000
-0.0518663484 -0.2397645860 -0.8109885335  1.0000000000
-0.0706527310 -0.2944324641 -0.5778684743  1.0000000000
-0.0753140075 -0.3079933214 -0.5123940391  1.0000000000
-0.0799596943 -0.3215074418 -0.4440729256  1.0000000000
-0.0937959896 -0.3617481557 -0.2222004424  1.0000000000
-0.0983721168 -0.3750541756 -0.1426668447  1.0000000000
-0.1029290789 -0.3883029531 -0.0603769809  1.0000000000
-0.1074661770 -0.4014924323  0.0246491187  1.0000000000
-0.0373564862 -0.2196551789 -0.9207402023  1.0000000000
-0.0609552822 -0.2882485246 -0.6584064129  1.0000000000
-0.0842075743 -0.3557711838 -0.3240615938  1.0000000000
-0.1070228013 -0.4219576603  0.0802313579  1.0000000000
-0.1204655780 -0.4609208947  0.3553687999  1.0000000000
-0.1337011034 -0.4992566423  0.6542005898  1.0000000000
-0.0323149978 -0.2270918742 -0.9299062025  1.0000000000
-0.0417974963 -0.2546298507 -0.8366481149  1.0000000000
-0.0606199809 -0.3092475709 -0.6151273563  1.0000000000
-0.0699481336 -0.3362926926 -0.4870867918  1.0000000000
-0.0884091452 -0.3897702580 -0.1970832678  1.0000000000
-0.0929795374 -0.4029997895 -0.1176190682  1.0000000000
-0.0975305745 -0.4161692473 -0.0354077635  1.0000000000
-0.1199712261 -0.4810445575  0.4161241580  1.0000000000
-0.0225151706 -0.2207022242 -0.9783270828  1.0000000000
-0.0367642466 -0.2620423614 -0.8472455596  1.0000000000
-0.0462092983 -0.2894204234 -0.7451953090  1.0000000000
-0.0509132887 -0.3030483137 -0.6898092067  1.0000000000
-0.0602805020 -0.3301710124 -0.5703851131  1.0000000000
-0.0788314342 -0.3838244141 -0.2973647876  1.0000000000
-0.0925614317 -0.4234803224 -0.0632420870  1.0000000000
-0.0222361350 -0.2419261491 -0.9437657159  1.0000000000
-0.0269893119 -0.2557010300 -0.9015315696  1.0000000000
-0.0458935113 -0.3104252475 -0.7032841962  1.0000000000
-0.0552700935 -0.3375317919 -0.5867546240  1.0000000000
-0.0599369288 -0.3510136576 -0.5241883809  1.0000000000
-0.0645884874 -0.3644450817 -0.4587754153  1.0000000000
-0.0692240468 -0.3778239580 -0.3905322358  1.0000000000
-0.0875919919 -0.4307722948 -0.0896111288  1.0000000000
-0.1145440391 -0.5082689469  0.4434551018  1.0000000000
-0.0076606312 -0.2216867872 -1.0211207685  1.0000000000
-0.0171996693 -0.2493223895 -0.9484593747  1.0000000000
-0.0267023695 -0.2768237927 -0.8639743037  1.0000000000
-0.0408751503 -0.3177859859 -0.7152741974  1.0000000000
-0.0549325883 -0.3583483706 -0.5405194994  1.0000000000
-0.0595893425 -0.3717703403 -0.4765460834  1.0000000000
-0.0734622957 -0.4117102808 -0.2676883384  1.0000000000
-0.0780517936 -0.4249080044 -0.1924820394  1.0000000000
-0.1051741072 -0.5027380176  0.3160601234  1.0000000000
-0.0073977491 -0.2429080038 -0.9880094856  1.0000000000
-0.0264139700 -0.2978787653 -0.8249169490  1.0000000000
-0.0311422207 -0.3115256478 -0.7768038490  1.0000000000
-0.0358586575 -0.3251298653 -0.7257789192  1.0000000000
-0.0405625382 -0.3386892583 -0.6718554944  1.0000000000
-0.0730767580 -0.4321715605 -0.2144966738  1.0000000000
-0.0776540131 -0.4452963020 -0.1379469322  1.0000000000
 0.0071994250 -0.2226082965 -1.0490973011  1.0000000000
-0.0118969605 -0.2778244698 -0.9155372415  1.0000000000
-0.0166496766 -0.2915426627 -0.8747485563  1.0000000000
-0.0261241842 -0.3188607060 -0.7843670489  1.0000000000
-0.0449286848 -0.3729629509 -0.5687389625  1.0000000000
-0.0726863689 -0.4525270277 -0.1599109654  1.0000000000
-0.0772510506 -0.4655756109 -0.0820295348  1.0000000000
-0.0908254921 -0.5043172508  0.1679316790  1.0000000000
-0.0116279055 -0.2988769793 -0.8779036271  1.0000000000
-0.0163737546 -0.3125481260 -0.8356384601  1.0000000000
-0.0258330830 -0.3397644028 -0.7423323478  1.0000000000
-0.0446015126 -0.3936327276 -0.5209817618  1.0000000000
-0.0768430028 -0.4857409992 -0.0247401738  1.0000000000
-0.0813748755 -0.4986419000  0.0571791242  1.0000000000
 0.0268570081 -0.2095733677 -1.0822536042  1.0000000000
 0.0220572892 -0.2234662156 -1.0622457968  1.0000000000
 0.0029158425 -0.2787525001 -0.9523376145  1.0000000000
-0.0018513599 -0.2924917452 -0.9174312045  1.0000000000
-0.0113586843 -0.3198560890 -0.8387690860  1.0000000000
-0.0349341513 -0.3875000209 -0.5910324627  1.0000000000
-0.0581605574 -0.4538355224 -0.2717055864  1.0000000000
-0.0627560050 -0.4669226694 -0.1994259429  1.0000000000
-0.0718914048 -0.4929006982 -0.0465981601  1.0000000000
-0.0764299671 -0.5057875814  0.0339106598  1.0000000000
 0.0366886193 -0.2030138190 -1.0876880091  1.0000000000
 0.0270831519 -0.2308112075 -1.0536167301  1.0000000000
-0.0252472100 -0.3813163554 -0.6538406022  1.0000000000
-0.0299415213 -0.3947378551 -0.5999568653  1.0000000000
-0.0346221227 -0.4081066098 -0.5432048877  1.0000000000
-0.0392882875 -0.4214205233 -0.4835998168  1.0000000000
 0.0321035963 -0.2381397180 -1.0435030691  1.0000000000
-0.0155430868 -0.3750832451 -0.7093793358  1.0000000000
-0.0249525798 -0.4019543555 -0.6074000365  1.0000000000
-0.0343082878 -0.4286129990 -0.4939358285  1.0000000000
-0.0482283134 -0.4681660888 -0.3024754077  1.0000000000
 0.0371181724 -0.2454510903 -1.0319068941  1.0000000000
 0.0084181525 -0.3280314298 -0.8756620877  1.0000000000
-0.0152654504 -0.3957506651 -0.6643428467  1.0000000000
-0.0339927217 -0.4490141702 -0.4432342933  1.0000000000
 0.2630734091  0.4031439574  1.6230007730  1.0000000000
 0.2589344927  0.3904623567  1.5030678541  1.0000000000
 0.2505664246  0.3648809901  1.2706155044  1.0000000000
 0.0469294521 -0.2388798388 -1.0329560952  1.0000000000
 0.0421264310 -0.2527446701 -1.0188304804  1.0000000000
 0.0325328937 -0.2803885008 -0.9815969063  1.0000000000
 0.0229611123 -0.3079031609 -0.9324301136  1.0000000000
 0.0181852808 -0.3216065516 -0.9033907127  1.0000000000
 0.0086575139 -0.3488945392 -0.8364441116  1.0000000000
-0.0102814375 -0.4029347947 -0.6673724240  1.0000000000
-0.0149875512 -0.4163207710 -0.6178448637  1.0000000000
-0.0521104712 -0.5212953837 -0.1193413859  1.0000000000
 0.2425941946  0.3187242725  1.0142117758  1.0000000000
 0.2382930943  0.3056229318  0.9081700200  1.0000000000
-0.0147094531 -0.4367885119 -0.5698938436  1.0000000000
-0.0379796117 -0.5024978313 -0.2724432731  1.0000000000
 0.2725217420  0.3887237823  1.7858334007  1.0000000000
 0.0761597050 -0.1977920985 -1.0141523932  1.0000000000
 0.0521222046 -0.2672758473 -0.9882470106  1.0000000000
 0.0377341224 -0.3086401320 -0.9367252532  1.0000000000
 0.0281691396 -0.3360436547 -0.8874805135  1.0000000000
-0.0050426333 -0.4305941286 -0.6223732598  1.0000000000
-0.0376476384 -0.5224715436 -0.2161462969  1.0000000000
-0.0422414798 -0.5353373725 -0.1468941858  1.0000000000
 0.2812980295  0.3941512219  1.9951267734  1.0000000000
 0.2772252499  0.3815128240  1.8691725755  1.0000000000
 0.1003646669 -0.1491787202 -0.9500280980  1.0000000000
 0.0811445522 -0.2050687830 -0.9893271606  1.0000000000
 0.0379316736 -0.3295576228 -0.9019516567  1.0000000000
 0.0331508905 -0.3432298708 -0.8773097696  1.0000000000
 0.0283770251 -0.3568621019 -0.8497056998  1.0000000000
 0.0188530670 -0.3839978321 -0.7856471955  1.0000000000
-0.0234652741 -0.5035628589 -0.3535976930  1.0000000000
 0.2900036637  0.3995230951  2.2104186270  1.0000000000
 0.2695437135  0.3359228581  1.5868445572  1.0000000000
 0.2653594370  0.3229912264  1.4694466093  1.0000000000
 0.2526332912  0.2838077021  1.1323622393  1.0000000000
 0.2440112233  0.2573812233  0.9204793965  1.0000000000
 0.2308843807  0.2173255282  0.6223859366  1.0000000000
 0.2264598017  0.2038708891  0.5283715959  1.0000000000
 0.2220118800  0.1903683276  0.4370673605  1.0000000000
 0.1387709644 -0.0584320422 -0.7233408525  1.0000000000
 0.1340164352 -0.0724352545 -0.7601089080  1.0000000000
 0.0861205783 -0.2123271465 -0.9630406738  1.0000000000
 0.0716974619 -0.2540404202 -0.9652922047  1.0000000000
 0.0668913631 -0.2678978462 -0.9600332161  1.0000000000
 0.0429074064 -0.3367326146 -0.8888423299  1.0000000000
 0.0238217701 -0.3911258175 -0.7783907867  1.0000000000
 0.0190707573 -0.4046123261 -0.7434163491  1.0000000000
 0.0095984427 -0.4314362004 -0.6647064798  1.0000000000
 0.0048786215 -0.4447693373 -0.6209946663  1.0000000000
-0.0092066729 -0.4844284020 -0.4725881516  1.0000000000
 0.2783959626  0.3415589999  1.7902063792  1.0000000000
 0.1578975642 -0.0237815558 -0.5473357260  1.0000000000
 0.1437074169 -0.0657346352 -0.6797129860  1.0000000000
 0.1341975655 -0.0937373422 -0.7531260428  1.0000000000
 0.1102933486 -0.1637319129 -0.8843559986  1.0000000000
 0.0718612247 -0.2751024160 -0.9381330825  1.0000000000
 0.0478751727 -0.3438849605 -0.8742624503  1.0000000000
 0.0430918147 -0.3575344356 -0.8525489550  1.0000000000
 0.0004190714 -0.4782872914 -0.5249227698  1.0000000000
 0.3032587709  0.3976582787  2.5222110606  1.0000000000
 0.2912481110  0.3598841656  2.1267747208  1.0000000000
 0.2705941268  0.2954947033  1.5155118595  1.0000000000
 0.2663734274  0.2824190415  1.4006749270  1.0000000000
 0.2621242491  0.2692820422  1.2883707171  1.0000000000
 0.2492122895  0.2295227978  0.9668978901  1.0000000000
 0.2360676408  0.1892838015  0.6690742385  1.0000000000
 0.2271842982  0.1622187553  0.4839554939  1.0000000000
 0.1908102408  0.0524128837 -0.1457264389  1.0000000000
 0.1861807193  0.0385487903 -0.2116922121  1.0000000000
 0.1486326250 -0.0730222374 -0.6346631621  1.0000000000
 0.1391309209 -0.1010162022 -0.7109280410  1.0000000000
 0.1343670431 -0.1150160261 -0.7445937800  1.0000000000
 0.1200324575 -0.1569999559 -0.8276569572  1.0000000000
 0.1104479495 -0.1849537789 -0.8680458671  1.0000000000
 0.1056495687 -0.1989132971 -0.8837357877  1.0000000000
 0.0864331407 -0.2545831009 -0.9164418828  1.0000000000
 0.0768219541 -0.2822857308 -0.9147720255  1.0000000000
 0.0672169745 -0.3098764463 -0.9011116631  1.0000000000
 0.0624187271 -0.3236243037 -0.8897949865  1.0000000000
 0.0432717997 -0.3782478565 -0.8147494723  1.0000000000
 0.0337365834 -0.4053084436 -0.7594609950  1.0000000000
 0.0194984778 -0.4455369646 -0.6545247207  1.0000000000
 0.0100582285 -0.4720896883 -0.5700264882  1.0000000000
 0.0006663046 -0.4984098783 -0.4740129999  1.0000000000
 0.2710861620  0.2751693838  1.4818515186  1.0000000000
 0.2668477081  0.2620264941  1.3683137022  1.0000000000
 0.2582872390  0.2355657620  1.1489051040  1.0000000000
 0.2452475395  0.1954676685  0.8393172083  1.0000000000
 0.2185187797  0.1140107414  0.2926019630  1.0000000000
 0.2139879109  0.1002957390  0.2111093550  1.0000000000
 0.1770873415 -0.0104642674 -0.3387509199  1.0000000000
 0.1677075651 -0.0383625881 -0.4473426573  1.0000000000
 0.1535461515 -0.0802942034 -0.5881970606  1.0000000000
 0.1297496682 -0.1502551646 -0.7636385701  1.0000000000
 0.1249681226 -0.1642383649 -0.7897718956  1.0000000000
 0.1057933152 -0.2200663327 -0.8643218503  1.0000000000
 0.0913827031 -0.2617643581 -0.8887067233  1.0000000000
 0.0865776467 -0.2756188294 -0.8908300659  1.0000000000
 0.0529996898 -0.3717442835 -0.8219139058  1.0000000000
 0.0482201978 -0.3853278672 -0.8001604673  1.0000000000
 0.0386818129 -0.4123618279 -0.7477925740  1.0000000000
 0.0055921543 -0.5053586506 -0.4725201874  1.0000000000
 0.2799822326  0.2810128451  1.6815801929  1.0000000000
 0.2757835463  0.2679250218  1.5643024059  1.0000000000
 0.2630164464  0.2283061721  1.2276456573  1.0000000000
 0.2500064933  0.1881964588  0.9142627600  1.0000000000
 0.2456189890  0.1747270238  0.8150814191  1.0000000000
 0.2323134431  0.1340492060  0.5336768853  1.0000000000
 0.2233308320  0.1067271839  0.3597241393  1.0000000000
 0.2097026698  0.0654817041  0.1196422688  1.0000000000
 0.1819625147 -0.0177390051 -0.2838655169  1.0000000000
 0.1442068737 -0.1295124486 -0.6587870712  1.0000000000
 0.1346708667 -0.1574817773 -0.7228864129  1.0000000000
 0.1059276325 -0.2411645360 -0.8433629462  1.0000000000
 0.1011254399 -0.2550552609 -0.8529432855  1.0000000000
 0.0867142561 -0.2965860546 -0.8636823501  1.0000000000
 0.0675172295 -0.3515477538 -0.8360863059  1.0000000000
 0.0627262631 -0.3651997962 -0.8217295483  1.0000000000
 0.0483854181 -0.4059089203 -0.7608576475  1.0000000000
 0.0436183394 -0.4193890942 -0.7346587644  1.0000000000
 0.0388591137 -0.4328209315 -0.7055203541  1.0000000000
 0.0293672127 -0.4595310897 -0.6384650059  1.0000000000
 0.3051307700  0.3382752548  2.3955591829  1.0000000000
 0.2888103883  0.2868109949  1.8874713245  1.0000000000
 0.2720032980  0.2343215668  1.4185759266  1.0000000000
 0.2677302221  0.2210537670  1.3076711175  1.0000000000
 0.2547503604  0.1809336921  0.9905120049  1.0000000000
 0.2503724201  0.1674616099  0.8900537896  1.0000000000
 0.2459699473  0.1539436190  0.7922629644  1.0000000000
 0.2370941458  0.1267782774  0.6047669169  1.0000000000
 0.2326222139  0.1131351810  0.5151020696  1.0000000000
 0.2099504143  0.0444008620  0.1083531785  1.0000000000
 0.2053586480  0.0305653973  0.0354383970  1.0000000000
 0.1774674812 -0.0528835907 -0.3417554999  1.0000000000
 0.1586035892 -0.1087689053 -0.5349083369  1.0000000000
 0.1443483347 -0.1507138171 -0.6487246413  1.0000000000
 0.1348051475 -0.1786581326 -0.7097144656  1.0000000000
 0.1300239361 -0.1926178866 -0.7357280532  1.0000000000
 0.1156510753 -0.2344204913 -0.7958029520  1.0000000000
 0.1108529373 -0.2483216786 -0.8098324120  1.0000000000
 0.0676577612 -0.3722552481 -0.8012984671  1.0000000000
 0.0628710006 -0.3858543878 -0.7854291486  1.0000000000
 0.0533142282 -0.4129237286 -0.7448033637  1.0000000000
 0.0437848134 -0.4398068184 -0.6923813299  1.0000000000
 0.0390322398 -0.4531731860 -0.6617693805  1.0000000000
 0.0342887492 -0.4664866164 -0.6282369768  1.0000000000
 0.3293170552  0.3938238140  3.1806706245  1.0000000000
 0.3254683336  0.3814286885  3.0375799095  1.0000000000
 0.3016529083  0.3054697491  2.2264480944  1.0000000000
 0.2681382396  0.2004838247  1.2794018591  1.0000000000
 0.2638215442  0.1871067563  1.1724221435  1.0000000000
 0.2594787217  0.1736800082  1.0680563704  1.0000000000
 0.2418598151  0.1195181203  0.6771761436  1.0000000000
 0.2329114130  0.0921936439  0.4979761187  1.0000000000
 0.2284049278  0.0784779903  0.4125044106  1.0000000000
 0.2147648510  0.0371431650  0.1728159216  1.0000000000
 0.2101803565  0.0233095305  0.0985508948  1.0000000000
 0.1729293802 -0.0880395528 -0.3921358663  1.0000000000
 0.1634842123 -0.1159842564 -0.4856380499  1.0000000000
 0.1301439615 -0.2137295752 -0.7194570046  1.0000000000
 0.1253554242 -0.2276555032 -0.7409220960  1.0000000000
 0.1205627756 -0.2415652837 -0.7593925616  1.0000000000
 0.1109682218 -0.2693274449 -0.7873440772  1.0000000000
 0.0869636597 -0.3382941496 -0.8047976981  1.0000000000
 0.0725790991 -0.3792849155 -0.7794132911  1.0000000000
 0.0677918523 -0.3928704800 -0.7650016281  1.0000000000
 0.0534635374 -0.4333627978 -0.7040070119  1.0000000000
 0.0344651564 -0.4866559381 -0.5815579753  1.0000000000
 0.0250248044 -0.5129660544 -0.5028937309  1.0000000000
 0.3143025178  0.3238887683  2.5808328909  1.0000000000
 0.2771098148  0.2065730651  1.4715410038  1.0000000000
 0.2728303918  0.1932446855  1.3607338408  1.0000000000
 0.2011514671 -0.0255591304 -0.0467507343  1.0000000000
 0.1777867039 -0.0952484546 -0.3386654143  1.0000000000
 0.1588744813 -0.1511191214 -0.5194757152  1.0000000000
 0.1541221069 -0.1650847086 -0.5572829574  1.0000000000
 0.1350382666 -0.2208712597 -0.6787438936  1.0000000000
 0.1254624446 -0.2486877135 -0.7215550144  1.0000000000
 0.1206687443 -0.2625688969 -0.7384712204  1.0000000000
 0.1110736027 -0.2902660233 -0.7633196358  1.0000000000
 0.1062736976 -0.3040775136 -0.7712519370  1.0000000000
 0.1014732588 -0.3178613311 -0.7761909253  1.0000000000
 0.0918738437 -0.3453371121 -0.7770972454  1.0000000000
 0.0679194720 -0.4133883810 -0.7272018843  1.0000000000
 0.0631422493 -0.4268718377 -0.7083237515  1.0000000000
 0.0536074940 -0.4536947589 -0.6617257253  1.0000000000
 0.0393658107 -0.4935373682 -0.5698612238  1.0000000000
 0.3306435188  0.3546217582  3.0910647838  1.0000000000
 0.3267508747  0.3420559039  2.9502096988  1.0000000000
 0.2860157392  0.2126241070  1.6699520695  1.0000000000
 0.2817748051  0.1993460406  1.5553671481  1.0000000000
 0.2775059803  0.1860150617  1.4433302306  1.0000000000
 0.2688872609  0.1592024382  1.2269953471  1.0000000000
 0.2468990018  0.0913890315  0.7323569159  1.0000000000
 0.2013267326 -0.0466835674 -0.0505589611  1.0000000000
 0.1920059033 -0.0745413509 -0.1730004570  1.0000000000
 0.1779233777 -0.1163970860 -0.3348339297  1.0000000000
 0.1684762826 -0.1443208736 -0.4280529350  1.0000000000
 0.1494684111 -0.2001356498 -0.5789921529  1.0000000000
 0.1255583817 -0.2696577220 -0.7006507903  1.0000000000
 0.1207640150 -0.2835068995 -0.7160139632  1.0000000000
 0.1159673174 -0.2973324656 -0.7283846105  1.0000000000
 0.1015709159 -0.3386452932 -0.7475468848  1.0000000000
 0.0823895602 -0.3932644304 -0.7312962853  1.0000000000
 0.0776017787 -0.4068216634 -0.7197949572  1.0000000000
 0.0632687015 -0.4472246403 -0.6675317028  1.0000000000
 0.3312665535  0.3348891952  3.0480462090  1.0000000000
 0.3072785794  0.2579663436  2.2443036617  1.0000000000
 0.2948539324  0.2186354649  1.8745504445  1.0000000000
 0.2906527118  0.2054093963  1.7562396441  1.0000000000
 0.2778790099  0.1654119356  1.4164840453  1.0000000000
 0.2560624307  0.0978086494  0.9022352075  1.0000000000
 0.2516261489  0.0841656753  0.8073863091  1.0000000000
 0.2471671480  0.0704868464  0.7152521254  1.0000000000
 0.2381838432  0.0430303394  0.5392051644  1.0000000000
 0.2336609399  0.0292569255  0.4553285859  1.0000000000
 0.2291181703  0.0154563426  0.3742401214  1.0000000000
 0.2245562461  0.0016307457  0.2959561952  1.0000000000
 0.2014847839 -0.0677956147 -0.0528630367  1.0000000000
 0.1874590011 -0.1096104238 -0.2275888919  1.0000000000
 0.1590902393 -0.1933168478 -0.4979051874  1.0000000000
 0.1447882167 -0.2350875166 -0.5930770589  1.0000000000
 0.1400085375 -0.2489839072 -0.6188412519  1.0000000000
 0.1256432128 -0.2905602990 -0.6782126263  1.0000000000
 0.1112545652 -0.3319207748 -0.7106779520  1.0000000000
 0.1016593950 -0.3593449473 -0.7173803838  1.0000000000
 0.0872778205 -0.4002130541 -0.7050727396  1.0000000000
 0.0681551918 -0.4541120946 -0.6471191563  1.0000000000
 0.3357636270  0.3277282937  3.1470399052  1.0000000000
 0.3118515898  0.2507742891  2.3365441451  1.0000000000
 0.2994620423  0.2114332665  1.9632657862  1.0000000000
 0.2952720843  0.1982046263  1.8437590449  1.0000000000
 0.2910531242  0.1849218089  1.7267549389  1.0000000000
 0.2651672163  0.1042022699  1.0786525767  1.0000000000
 0.2563367121  0.0769560531  0.8837069270  1.0000000000
 0.2429206120  0.0358264263  0.6116333848  1.0000000000
 0.2293170604 -0.0055638022  0.3644211229  1.0000000000
 0.2247442265 -0.0194083179  0.2876215990  1.0000000000
 0.2201534548 -0.0332730300  0.2136508351  1.0000000000
 0.1969560985 -0.1028226590 -0.1132826723  1.0000000000
 0.1828696499 -0.1446532399 -0.2746641596  1.0000000000
 0.1734211862 -0.1725450702 -0.3675886545  1.0000000000
 0.1639337802 -0.2004198642 -0.4487065924  1.0000000000
 0.1305093735 -0.2975886579 -0.6389943009  1.0000000000
 0.1209223782 -0.3251652348 -0.6665058607  1.0000000000
 0.1161265191 -0.3389114266 -0.6757804930  1.0000000000
 0.1113301052 -0.3526266150 -0.6820690345  1.0000000000
 0.0873664624 -0.4206607805 -0.6688131749  1.0000000000
 0.3440942147  0.3331594484  3.3912905277  1.0000000000
 0.3164061811  0.2435911356  2.4299774287  1.0000000000
 0.3082007789  0.2174162573  2.1763582871  1.0000000000
 0.3040520421  0.2042412188  2.0531959835  1.0000000000
 0.2956656401  0.1777258611  1.8142973539  1.0000000000
 0.2914292670  0.1643896028  1.6986123024  1.0000000000
 0.2828734211  0.1375700794  1.4748934897  1.0000000000
 0.2785552799  0.1240909649  1.3669074301  1.0000000000
 0.2654480262  0.0834011662  1.0587140585  1.0000000000
 0.2610302791  0.0697607936  0.9613099261  1.0000000000
 0.2294964240 -0.0265816058  0.3560743129  1.0000000000
 0.2203122399 -0.0543191270  0.2082942236  1.0000000000
 0.2156946820 -0.0682121297  0.1386728927  1.0000000000
 0.1970720044 -0.1238937671 -0.1110449626  1.0000000000
 0.1829657982 -0.1657078211 -0.2678078117  1.0000000000
 0.1687628827 -0.2075000966 -0.3981219641  1.0000000000
 0.1018087425 -0.4004709231 -0.6524995498  1.0000000000
 0.0874470320 -0.4410041776 -0.6310542633  1.0000000000
 0.3447003862  0.3134264095  3.3484556799  1.0000000000
 0.3249850407  0.2494167454  2.6561337557  1.0000000000
 0.3168669322  0.2233569907  2.3954275334  1.0000000000
 0.3127605777  0.2102371278  2.2686642719  1.0000000000
 0.3002598556  0.1705415276  1.9030590363  1.0000000000
 0.2960345157  0.1572043493  1.7861719933  1.0000000000
 0.2917810368  0.1438179000  1.6718174493  1.0000000000
 0.2433276977 -0.0060878162  0.5875496005  1.0000000000
 0.2342320606 -0.0337369424  0.4258424913  1.0000000000
 0.2250627021 -0.0614636960  0.2753915615  1.0000000000
 0.2204521897 -0.0753507113  0.2044244249  1.0000000000
 0.2065262163 -0.1170795733  0.0087202576  1.0000000000
 0.1971709618 -0.1449331156 -0.1072964763  1.0000000000
 0.1877656659 -0.1727933203 -0.2116507698  1.0000000000
 0.1688291551 -0.2284620594 -0.3850905067  1.0000000000
 0.1306229865 -0.3390924440 -0.5895789947  1.0000000000
 0.1114512275 -0.3937696195 -0.6202975156  1.0000000000
 0.1018695816 -0.4208871266 -0.6177955394  1.0000000000
 0.0970824818 -0.4343830076 -0.6120913612  1.0000000000
 0.0922988738 -0.4478341060 -0.6034249407  1.0000000000
 0.3294891748  0.2422562115  2.7530521921  1.0000000000
 0.3006211702  0.1500317537  1.8749481477  1.0000000000
 0.2878110266  0.1097337540  1.5359339717  1.0000000000
 0.2834873414  0.0962130143  1.4280858423  1.0000000000
 0.2747635354  0.0690519415  1.2202605600  1.0000000000
 0.2703647875  0.0554158628  1.1203268883  1.0000000000
 0.2659423840  0.0417455589  1.0230734069  1.0000000000
 0.2480303174 -0.0132345786  0.6612548915  1.0000000000
 0.2435002243 -0.0270435264  0.5776910202  1.0000000000
 0.2389507234 -0.0408737069  0.4969177466  1.0000000000
 0.2297964405 -0.0685888490  0.3438072737  1.0000000000
 0.2159377316 -0.1102655703  0.1354509044  1.0000000000
 0.2066223521 -0.1380935127  0.0109078458  1.0000000000
 0.1972529382 -0.1659354381 -0.1020371199  1.0000000000
 0.1878355078 -0.1937734606 -0.2033032201  1.0000000000
 0.1831106617 -0.2076854574 -0.2495347588  1.0000000000
 0.1736325355 -0.2354841364 -0.3331566610  1.0000000000
 0.1688807612 -0.2493663939 -0.3705342274  1.0000000000
 0.1641215370 -0.2632342626 -0.4049487299  1.0000000000
 0.1593556228 -0.2770855224 -0.4363955560  1.0000000000
 0.1498067810 -0.3047293100 -0.4903712779  1.0000000000
 0.1450253844 -0.3185173900 -0.5128945491  1.0000000000
 0.1306624724 -0.3597198099 -0.5625877137  1.0000000000
 0.0780519143 -0.5078770304 -0.5159890455  1.0000000000
 0.3218227459  0.1959124358  2.4568272363  1.0000000000
 0.3177093849  0.1827322260  2.3301744717  1.0000000000
 0.3051888316  0.1428724372  1.9649307153  1.0000000000
 0.2572167819 -0.0065822555  0.8238819545  1.0000000000
 0.2481934792 -0.0341667245  0.6513776896  1.0000000000
 0.2390916178 -0.0618344215  0.4900048401  1.0000000000
 0.2253042417 -0.1034534880  0.2690927790  1.0000000000
 0.2067007318 -0.1590719965  0.0145991545  1.0000000000
 0.1736728802 -0.2563519007 -0.3186333078  1.0000000000
 0.1641555742 -0.2840468045 -0.3873126120  1.0000000000
 0.1593872649 -0.2978665497 -0.4172026239  1.0000000000
 0.1115323297 -0.4345207030 -0.5524869606  1.0000000000
 0.3344324400  0.2149600003  2.8154295153  1.0000000000
 0.3139287099  0.1490644362  2.1765589396  1.0000000000
 0.3097371038  0.1357270182  2.0561094963  1.0000000000
 0.3055166994  0.1223415560  1.9381620523  1.0000000000
 0.2969921004  0.0954347097  1.7098713807  1.0000000000
 0.2840057152  0.0547659498  1.3867999098  1.0000000000
 0.2752230169  0.0274723516  1.1845889235  1.0000000000
 0.2483354894 -0.0550890531  0.6429551209  1.0000000000
 0.2067613279 -0.1800097775  0.0197943971  1.0000000000
 0.1926513296 -0.2216985940 -0.1359898739  1.0000000000
 0.1784491595 -0.2633113659 -0.2653652818  1.0000000000
 0.1689399614 -0.2909812319 -0.3368542157  1.0000000000
 0.1641753227 -0.3047878924 -0.3681550009  1.0000000000
 0.1163429139 -0.4412909793 -0.5177110017  1.0000000000
 0.1019966307 -0.4814887694 -0.5046956474  1.0000000000
 0.3585134048  0.2722382183  3.6174668660  1.0000000000
 0.3546576130  0.2594875388  3.4724235797  1.0000000000
 0.3507667032  0.2466695632  3.3295921905  1.0000000000
 0.3348634577  0.1947625106  2.7809825514  1.0000000000
 0.3225962493  0.1552197781  2.3941846321  1.0000000000
 0.3184457467  0.1419327701  2.2700961979  1.0000000000
 0.2754177988  0.0066719890  1.1688648277  1.0000000000
 0.2709774753 -0.0070469753  1.0732084577  1.0000000000
 0.2665148961 -0.0207924910  0.9802652771  1.0000000000
 0.2620307846 -0.0345623368  0.8900543091  1.0000000000
 0.2530007796 -0.0621664096  0.7178996517  1.0000000000
 0.2393121382 -0.1037005229  0.4805862364  1.0000000000
 0.2347138641 -0.1175705474  0.4071219315  1.0000000000
 0.2254686165 -0.1453353400  0.2687378670  1.0000000000
 0.2114901428 -0.1870109855  0.0827111798  1.0000000000
 0.1879476523 -0.2563977790 -0.1691646144  1.0000000000
 0.1689475408 -0.3116813812 -0.3177346927  1.0000000000
 0.1641807820 -0.3254523665 -0.3474783729  1.0000000000
 0.1546325277 -0.3529189346 -0.3980626911  1.0000000000
 0.1163549980 -0.4614578215 -0.4815826759  1.0000000000
 0.3393118785  0.1876449363  2.8802399943  1.0000000000
 0.3311894598  0.1613369705  2.6177159872  1.0000000000
 0.3060953206  0.0811987648  1.8886398859  1.0000000000
 0.3018137134  0.0676867782  1.7759259674  1.0000000000
 0.2975054978  0.0541358431  1.6657899066  1.0000000000
 0.2931713633  0.0405481186  1.5582548210  1.0000000000
 0.2755892045 -0.0141284318  1.1545538974  1.0000000000
 0.2621641465 -0.0554175825  0.8801042643  1.0000000000
 0.2576474702 -0.0692227439  0.7941160869  1.0000000000
 0.2208685364 -0.1801051438  0.2074287617  1.0000000000
 0.2162014927 -0.1939874170  0.1469513554  1.0000000000
 0.1879525482 -0.2771497815 -0.1547565858  1.0000000000
 0.1689404411 -0.3323031498 -0.2970986410  1.0000000000
 0.1641719528 -0.3460351066 -0.3252854477  1.0000000000
 0.1354899006 -0.4277835625 -0.4320833175  1.0000000000
 0.1211374547 -0.4681461143 -0.4454309299  1.0000000000
 0.3477395043  0.1936105046  3.1165217168  1.0000000000
 0.3356416096  0.1542333605  2.7158605217  1.0000000000
 0.3274186060  0.1277141660  2.4606633272  1.0000000000
 0.3190752778  0.1009995962  2.2152452115  1.0000000000
 0.3063459353  0.0605972381  1.8658979359  1.0000000000
 0.2846030237 -0.0074819370  1.3353080994  1.0000000000
 0.2757371824 -0.0349236894  1.1416597652  1.0000000000
 0.2667833300 -0.0624595960  0.9588715016  1.0000000000
 0.2622751612 -0.0762574519  0.8715952356  1.0000000000
 0.2440510648 -0.1315968172  0.5503344181  1.0000000000
 0.2394508163 -0.1454576380  0.4770569795  1.0000000000
 0.2348343350 -0.1593244556  0.4066228029  1.0000000000
 0.2255556782 -0.1870670704  0.2743359387  1.0000000000
 0.1831956098 -0.3116174453 -0.1772960002  1.0000000000
 0.1784428129 -0.3253824380 -0.2128039245  1.0000000000
 0.1402526956 -0.4344921559 -0.3902489893  1.0000000000
 0.3318736573  0.1206284448  2.5576715900  1.0000000000
 0.3022573203  0.0264033258  1.7345455788  1.0000000000
 0.2891658631 -0.0145290103  1.4203646758  1.0000000000
 0.2847538540 -0.0282309062  1.3209449421  1.0000000000
 0.2803188974 -0.0419581372  1.2242123123  1.0000000000
 0.2532671119 -0.1247310901  0.7012820678  1.0000000000
 0.2440986920 -0.1524255114  0.5492654000  1.0000000000
 0.2394894080 -0.1662822203  0.4775046310  1.0000000000
 0.2255701774 -0.2078635677  0.2793690262  1.0000000000
 0.2209024507 -0.2217203596  0.2190784526  1.0000000000
 0.2162219772 -0.2355716204  0.1616829554  1.0000000000
 0.2068257869 -0.2632486749  0.0556147771  1.0000000000
 0.3280107551  0.0868544183  2.4057931451  1.0000000000
 0.3195973230  0.0599738320  2.1656706030  1.0000000000
 0.2578804413 -0.1316939235  0.7773855095  1.0000000000
 0.2760402781 -0.0972258322  1.1115147329  1.0000000000
 0.2670154349 -0.1248178439  0.9375615598  1.0000000000
 0.2533365028 -0.1662859539  0.6974987939  1.0000000000
 0.2487419887 -0.1801212045  0.6231028124  1.0000000000
 0.2441312746 -0.1939590065  0.5515426673  1.0000000000
 0.2255411387 -0.2492916660  0.2939055559  1.0000000000
 0.3451087315  0.0994728414  2.8554626008  1.0000000000
 0.3284922790  0.0459168978  2.3561523673  1.0000000000
 0.3070889747 -0.0218886825  1.7885135858  1.0000000000
 0.3027306108 -0.0355434820  1.6827533930  1.0000000000
 0.2850609817 -0.0904036169  1.2863125669  1.0000000000
 0.3244481941  0.0119091632  2.2160352010  1.0000000000
 0.3158807248 -0.0152372054  1.9891375295  1.0000000000
 0.2851148163 -0.1110857124  1.2775992147  1.0000000000
-0.3077965609  0.1963423977  1.8824755419  2.0000000000
-0.3120581157  0.1624018289  2.0413707597  2.0000000000
-0.2496602922  0.3303044512  0.5662275706  2.0000000000
-0.2857632304  0.2225727837  1.3654725015  2.0000000000
-0.2901869910  0.2090968431  1.4777555334  2.0000000000
-0.3076533543  0.1552655400  1.9535019841  2.0000000000
-0.3372337536  0.0616692972  2.8848594412  2.0000000000
-0.3574889369 -0.0043730616  3.6228826841  2.0000000000
-0.3807104923 -0.0823223265  4.5827134750  2.0000000000
-0.2312724881  0.3636790211  0.2465848158  2.0000000000
-0.2588130316  0.2829772268  0.7707501214  2.0000000000
-0.2723548887  0.2424960381  1.0709553958  2.0000000000
-0.3245493034  0.0810649105  2.5137400492  2.0000000000
-0.3411068773  0.0278640491  3.0759535086  2.0000000000
-0.3532056663 -0.0116965761  3.5225043478  2.0000000000
-0.3802714814 -0.1025377195  4.6424544827  2.0000000000
-0.2220343560  0.3702170292  0.1054307953  2.0000000000
-0.2266818967  0.3568033526  0.1813997450  2.0000000000
-0.2405435848  0.3164503689  0.4266839768  2.0000000000
-0.2588093592  0.2624660964  0.7937350574  2.0000000000
-0.2678362941  0.2354357396  0.9941131710  2.0000000000
-0.2812280171  0.1948912385  1.3153337282  2.0000000000
-0.2856494290  0.1813853434  1.4278347532  2.0000000000
-0.3243504945  0.0604531561  2.5580818540  2.0000000000
-0.3684741021 -0.0842084159  4.2071669862  2.0000000000
-0.2267127855  0.3364444294  0.1950742017  2.0000000000
-0.2359544875  0.3094830161  0.3588481181  2.0000000000
-0.2451362751  0.2824687226  0.5340991251  2.0000000000
-0.2632966108  0.2283510281  0.9185242780  2.0000000000
-0.2722635450  0.2012823953  1.1274166446  2.0000000000
-0.3115051339  0.0799286049  2.1999736036  2.0000000000
-0.3241244309  0.0398230331  2.6037251979  2.0000000000
-0.3680378002 -0.1045133266  4.2658921217  2.0000000000
-0.3792989936 -0.1428952248  4.7651175830  2.0000000000
-0.2267244016  0.3159985317  0.2103066563  2.0000000000
-0.2451170588  0.2618944317  0.5555298638  2.0000000000
-0.2766241008  0.1670531666  1.2678449599  2.0000000000
-0.3027831138  0.0860790830  1.9836853322  2.0000000000
-0.3113012749  0.0592391690  2.2429932313  2.0000000000
-0.3155195441  0.0458571895  2.3764145475  2.0000000000
-0.3280032349  0.0058884459  2.7914251789  2.0000000000
-0.3321052786 -0.0073684402  2.9345846256  2.0000000000
-0.3560522797 -0.0860723112  3.8421184937  2.0000000000
-0.1940569209  0.3897913608 -0.2764230006  2.0000000000
-0.2081245555  0.3494906912 -0.0782043157  2.0000000000
-0.2405113005  0.2548173461  0.4863610411  2.0000000000
-0.2541555168  0.2141108040  0.7711430345  2.0000000000
-0.2676297721  0.1734098759  1.0809630709  2.0000000000
-0.3110712654  0.0385316785  2.2873377702  2.0000000000
-0.3398632282 -0.0543118375  3.2810710870  2.0000000000
-0.3556189921 -0.1064635788  3.8998053961  2.0000000000
-0.3745294757 -0.1704903116  4.7214884602  2.0000000000
-0.2266898245  0.2748659298  0.2454204113  2.0000000000
-0.2404597200  0.2341324653  0.5092985066  2.0000000000
-0.2495548827  0.2069565195  0.6993685665  2.0000000000
-0.2894775159  0.0849667409  1.6904617533  2.0000000000
-0.2980922263  0.0580281636  1.9398590678  2.0000000000
-0.3066016212  0.0311886587  2.1994458917  2.0000000000
-0.3473866105 -0.1009357952  3.6425944301  2.0000000000
-0.1987572853  0.3355402701 -0.1939316256  2.0000000000
-0.2127601447  0.2949271789  0.0226002173  2.0000000000
-0.2220303126  0.2677788694  0.1815087828  2.0000000000
-0.2449347133  0.1997802779  0.6288831914  2.0000000000
-0.2494632652  0.1861761265  0.7268170263  2.0000000000
-0.2629312294  0.1453940938  1.0372093252  2.0000000000
-0.2978584833  0.0372466495  1.9828899599  2.0000000000
-0.3147012540 -0.0162398455  2.5172471995  2.0000000000
-0.3469363357 -0.1213674121  3.7003400831  2.0000000000
-0.1657329406  0.4092731509 -0.5948454867  2.0000000000
-0.1704718740  0.3958853573 -0.5447880737  2.0000000000
-0.2219728669  0.2470608172  0.2013719165  2.0000000000
-0.2448324205  0.1789623095  0.6563281822  2.0000000000
-0.2803882347  0.0703269239  1.5279756499  2.0000000000
-0.3143758412 -0.0369438745  2.5667540933  2.0000000000
-0.3464574033 -0.1417715689  3.7592190201  2.0000000000
-0.3541429448 -0.1674746239  4.0795518316  2.0000000000
-0.1704546135  0.3755118411 -0.5406974124  2.0000000000
-0.1846164102  0.3350297345 -0.3678020347  2.0000000000
-0.1893184902  0.3214891901 -0.3042317457  2.0000000000
-0.1940100531  0.3079290115 -0.2377087432  2.0000000000
-0.2126561182  0.2535355733  0.0576792673  2.0000000000
-0.2264935505  0.2126414601  0.3096114704  2.0000000000
-0.2310740561  0.1990029090  0.3992987704  2.0000000000
-0.2492167253  0.1444711861  0.7861469235  2.0000000000
-0.2581703413  0.1172493962  0.9961697783  2.0000000000
-0.2626152214  0.1036571430  1.1052610199  2.0000000000
-0.3181272550 -0.0708683101  2.7597002658  2.0000000000
-0.3342245055 -0.1233264751  3.3516755730  2.0000000000
-0.3381670668 -0.1363188622  3.5053317154  2.0000000000
-0.1419262594  0.4355168745 -0.8095653972  2.0000000000
-0.1514469199  0.4088237894 -0.7300765841  2.0000000000
-0.1609477616  0.3819931201 -0.6385392950  2.0000000000
-0.1751485725  0.3415267082 -0.4787508132  2.0000000000
-0.1798656877  0.3279877733 -0.4195233279  2.0000000000
-0.1892706137  0.3008478322 -0.2921766781  2.0000000000
-0.2171969539  0.2190883384  0.1601817338  2.0000000000
-0.2218014352  0.2054352383  0.2456914423  2.0000000000
-0.2355145448  0.1644743538  0.5192576158  2.0000000000
-0.2445657179  0.1371876811  0.7156588010  2.0000000000
-0.2490618686  0.1235570757  0.8180107954  2.0000000000
-0.2885170608  0.0016542604  1.8599262059  2.0000000000
-0.2970076670 -0.0251518750  2.1199526493  2.0000000000
-0.3053858772 -0.0518182251  2.3898971447  2.0000000000
-0.3217845515 -0.1046651030  2.9586443109  2.0000000000
-0.3258060329 -0.1177636558  3.1066726235  2.0000000000
-0.1323561892  0.4419321744 -0.8825313534  2.0000000000
-0.1466527128  0.4018824547 -0.7720514413  2.0000000000
-0.1514098437  0.3884616120 -0.7291884862  2.0000000000
-0.1609069816  0.3615263650 -0.6344393926  2.0000000000
-0.1892065846  0.2801283723 -0.2785446266  2.0000000000
-0.1985556682  0.2528564219 -0.1362834384  2.0000000000
-0.2032110534  0.2392041839 -0.0607739978  2.0000000000
-0.2124797756  0.2118781722  0.0989351284  2.0000000000
-0.2170916299  0.1982087867  0.1831057501  2.0000000000
-0.2216874935  0.1845380812  0.2701331429  2.0000000000
-0.2262666326  0.1708682486  0.3600010153  2.0000000000
-0.2398964109  0.1298859119  0.6464740575  2.0000000000
-0.2444013787  0.1162414815  0.7475269686  2.0000000000
-0.2709792752  0.0346990164  1.4108286005  2.0000000000
-0.2753270813  0.0211828084  1.5306706648  2.0000000000
-0.2882165017 -0.0191957513  1.9056501732  2.0000000000
-0.3213430892 -0.1252548231  3.0142549239  2.0000000000
-0.3371513520 -0.1771556525  3.6243726888  2.0000000000
-0.1227630627  0.4483259744 -0.9482167357  2.0000000000
-0.1561093932  0.3544969775 -0.6792085617  2.0000000000
-0.1608523540  0.3409667542 -0.6287324889  2.0000000000
-0.1655878303  0.3274114946 -0.5752637571  2.0000000000
-0.1797417678  0.2866172684 -0.3969867898  2.0000000000
-0.1891264101  0.2593359625 -0.2633413641  2.0000000000
-0.1938010722  0.2456763494 -0.1921137359  2.0000000000
-0.2031113339  0.2183301763 -0.0409112974  2.0000000000
-0.2306761552  0.1362344236  0.4816289344  2.0000000000
-0.2352092081  0.1225665180  0.5786009134  2.0000000000
-0.2397228740  0.1089086590  0.6783483385  2.0000000000
-0.2442164341  0.0952630356  0.7808516456  2.0000000000
-0.2663578876  0.0272944828  1.3339769211  2.0000000000
-0.2921183778 -0.0534126696  2.0840377088  2.0000000000
-0.3517685782 -0.2482522004  4.3342852481  2.0000000000
-0.1607839025  0.3203193037 -0.6214225423  2.0000000000
-0.1655160046  0.3067221282 -0.5663632003  2.0000000000
-0.1702393491  0.2931046830 -0.5083244080  2.0000000000
-0.1890301152  0.2384757475 -0.2465727242  2.0000000000
-0.1936983826  0.2247897161 -0.1737918799  2.0000000000
-0.2076205817  0.1836977292  0.0619678195  2.0000000000
-0.2122313041  0.1699964413  0.1463118730  2.0000000000
-0.2168257904  0.1562968415  0.2335087862  2.0000000000
-0.2440109320  0.0742576139  0.8156235617  2.0000000000
-0.2704301291 -0.0071699024  1.4956767801  2.0000000000
-0.3243429863 -0.1793012588  3.2804500746  2.0000000000
-0.0987379536  0.4742505931 -1.0750659892  2.0000000000
-0.1464687519  0.3403679878 -0.7645129901  2.0000000000
-0.1559648265  0.3132048872 -0.6661746524  2.0000000000
-0.1701490550  0.2722999279 -0.4962512075  2.0000000000
-0.1748581261  0.2586309544 -0.4336684646  2.0000000000
-0.1795564286  0.2449486647 -0.3681321384  2.0000000000
-0.1982269451  0.1901302815 -0.0766889719  2.0000000000
-0.2074781241  0.1626984121  0.0864242628  2.0000000000
-0.2166653454  0.1352749284  0.2609723265  2.0000000000
-0.2348245176  0.0805234581  0.6438269817  2.0000000000
-0.2526582999  0.0260159530  1.0706739793  2.0000000000
-0.2657929689 -0.0146210544  1.4188605244  2.0000000000
-0.2701216729 -0.0281088638  1.5401420964  2.0000000000
-0.2744244877 -0.0415641914  1.6639923206  2.0000000000
-0.2913635850 -0.0950185808  2.1845606210  2.0000000000
-0.2955270551 -0.1082800130  2.3208595709  2.0000000000
-0.3198601969 -0.1868325582  3.1881614209  2.0000000000
-0.0986500212  0.4541319320 -1.0853813950  2.0000000000
-0.1034316732  0.4408560225 -1.0663611056  2.0000000000
-0.1082134847  0.4275368299 -1.0443041065  2.0000000000
-0.1177745447  0.4007770550 -0.9910837938  2.0000000000
-0.1273270840  0.3738696986 -0.9257357004  2.0000000000
-0.1558724410  0.2924347921 -0.6572560442  2.0000000000
-0.1606056140  0.2787812084 -0.6020109353  2.0000000000
-0.1794407800  0.2240154916 -0.3513495852  2.0000000000
-0.1841214099  0.2102972355 -0.2813180082  2.0000000000
-0.1934436131  0.1828439792 -0.1325011175  2.0000000000
-0.2073181055  0.1416553187  0.1123980671  2.0000000000
-0.2164866022  0.1142160823  0.2899331301  2.0000000000
-0.2210443033  0.1005090280  0.3829307796  2.0000000000
-0.2390812643  0.0458156934  0.7826890398  2.0000000000
-0.2523855094  0.0049983378  1.1110969146  2.0000000000
-0.2740778866 -0.0624720375  1.7111102448  2.0000000000
-0.0985532911  0.4338982485 -1.0940647204  2.0000000000
-0.1272348982  0.3532843496 -0.9247835590  2.0000000000
-0.1320050543  0.3397308982 -0.8859679237  2.0000000000
-0.1367702922  0.3261495291 -0.8441339565  2.0000000000
-0.1604958148  0.2579008519 -0.5899187918  2.0000000000
-0.1699248586  0.2304827597 -0.4673641053  2.0000000000
-0.1793098532  0.2030233366 -0.3330048149  2.0000000000
-0.1839839501  0.1892836447 -0.2614280474  2.0000000000
-0.1886447812  0.1755402442 -0.1869370964  2.0000000000
-0.2476933307 -0.0024590414  1.0393902461  2.0000000000
-0.2520916460 -0.0160235368  1.1529114935  2.0000000000
-0.2608153771 -0.0430631435  1.3878336018  2.0000000000
-0.2694373801 -0.0699693702  1.6330992851  2.0000000000
-0.2779523066 -0.0967253299  1.8885050316  2.0000000000
-0.2946400277 -0.1497197764  2.4288751132  2.0000000000
-0.3226411842 -0.2404605338  3.4645147259  2.0000000000
-0.0888777386  0.4402356608 -1.1364650071  2.0000000000
-0.1032331010  0.4001519982 -1.0788851755  2.0000000000
-0.1366637770  0.3053830169 -0.8383704565  2.0000000000
-0.1461711112  0.2780651374 -0.7424924281  2.0000000000
-0.1556475504  0.2506722517 -0.6346385742  2.0000000000
-0.1603722921  0.2369531571 -0.5762423413  2.0000000000
-0.1697910085  0.2094807559 -0.4505614139  2.0000000000
-0.1838308692  0.1682197225 -0.2399902391  2.0000000000
-0.1884842980  0.1544609080 -0.1639707196  2.0000000000
-0.2069455548  0.0994589177  0.1688664779  2.0000000000
-0.2115190726  0.0857277647  0.2591851831  2.0000000000
-0.2160744123  0.0720087474  0.3523130869  2.0000000000
-0.2385532499  0.0036723310  0.8594194687  2.0000000000
-0.2429844748 -0.0099279882  0.9689906604  2.0000000000
-0.2604710025 -0.0640341568  1.4336987875  2.0000000000
-0.2733165958 -0.1042443559  1.8092931053  2.0000000000
-0.2859114791 -0.1440749520  2.2073045284  2.0000000000
-0.2941602073 -0.1703902976  2.4847294937  2.0000000000
-0.0744074210  0.4597972212 -1.1801322352  2.0000000000
-0.0935464436  0.4065281369 -1.1273365218  2.0000000000
-0.1174686459  0.3390559092 -0.9929850407  2.0000000000
-0.1317844064  0.2982034708 -0.8760201464  2.0000000000
-0.1412998450  0.2708510288 -0.7829753179  2.0000000000
-0.1460467464  0.2571461635 -0.7319529073  2.0000000000
-0.1507854227  0.2434251299 -0.6779412736  2.0000000000
-0.1555151196  0.2296901162 -0.6209493621  2.0000000000
-0.1649445143  0.2021870649 -0.4980647816  2.0000000000
-0.1743288825  0.1746547006 -0.3633859721  2.0000000000
-0.1790022994  0.1608830628 -0.2916540536  2.0000000000
-0.2021518778  0.0920588105  0.1103740928  2.0000000000
-0.2067331172  0.0783162115  0.1993448564  2.0000000000
-0.2470711847 -0.0445398920  1.1244491140  2.0000000000
-0.2514410053 -0.0580588634  1.2406731506  2.0000000000
-0.2686638326 -0.1117714708  1.7313489026  2.0000000000
-0.2729020961 -0.1250982922  1.8603344180  2.0000000000
-0.2977153641 -0.2040489946  2.6851958415  2.0000000000
-0.3017423468 -0.2170201764  2.8308925994  2.0000000000
-0.0647112485  0.4660552046 -1.2032971418  2.0000000000
-0.0886333231  0.3994793382 -1.1520925832  2.0000000000
-0.0982106412  0.3725559465 -1.1103341046  2.0000000000
-0.1029980578  0.3590400184 -1.0848965390  2.0000000000
-0.1077836375  0.3454907773 -1.0564225724  2.0000000000
-0.1173461761  0.3183011624 -0.9903778551  2.0000000000
-0.1268921463  0.2910044720 -0.9122315825  2.0000000000
-0.1316569960  0.2773214681 -0.8686336164  2.0000000000
-0.1411666201  0.2498970795 -0.7724207448  2.0000000000
-0.1506443761  0.2224095933 -0.6642379248  2.0000000000
-0.1553694018  0.2086477114 -0.6056802331  2.0000000000
-0.1600841817  0.1948766875 -0.5441584605  2.0000000000
-0.1647879604  0.1810987340 -0.4796835898  2.0000000000
-0.1881155129  0.1121826338 -0.1134484903  2.0000000000
-0.1927375323  0.0984096448 -0.0315264295  2.0000000000
-0.2201033843  0.0160287239  0.5193733010  2.0000000000
-0.2335183848 -0.0248979348  0.8321445667  2.0000000000
-0.2467293180 -0.0655706018  1.1690441609  2.0000000000
-0.2808210731 -0.1723527140  2.1804576906  2.0000000000
-0.2931285486 -0.2116066177  2.6000670492  2.0000000000
-0.0789192251  0.4058318193 -1.1902592629  2.0000000000
-0.0837088686  0.3924086309 -1.1753813163  2.0000000000
-0.0980790309  0.3519113576 -1.1125024558  2.0000000000
-0.1028669471  0.3383435345 -1.0854648741  2.0000000000
-0.1076525049  0.3247449907 -1.0553921226  2.0000000000
-0.1124349471  0.3111178777 -1.0222875180  2.0000000000
-0.1219874273  0.2837866602 -0.9469998703  2.0000000000
-0.1362736228  0.2426303663 -0.8114565680  2.0000000000
-0.1504904589  0.2013356259 -0.6489536409  2.0000000000
-0.1552104385  0.1875502736 -0.5888366845  2.0000000000
-0.1599196731  0.1737583935 -0.5257624001  2.0000000000
-0.1693028851  0.1461639370 -0.3907886267  2.0000000000
-0.1925203230  0.0772188306 -0.0024942480  2.0000000000
-0.2016954939  0.0497036660  0.1728509346  2.0000000000
-0.2243028893 -0.0187730605  0.6600569365  2.0000000000
-0.2550211725 -0.1134681562  1.4553126733  2.0000000000
-0.2720059089 -0.1667154539  1.9662566990  2.0000000000
-0.0739827326  0.3987594947 -1.2106336897  2.0000000000
-0.0931486780  0.3447625722 -1.1386450908  2.0000000000
-0.1170706821  0.2765506784 -0.9803203026  2.0000000000
-0.1361201416  0.2215790799 -0.7992920065  2.0000000000
-0.1550382714  0.1664030706 -0.5704244909  2.0000000000
-0.1597415826  0.1525937662 -0.5058049716  2.0000000000
-0.1644328954  0.1387827805 -0.4382473013  2.0000000000
-0.1691114596  0.1249723308 -0.3677641874  2.0000000000
-0.2014419329  0.0285003894  0.2063114490  2.0000000000
-0.2195224241 -0.0262743733  0.5962810352  2.0000000000
-0.2503090245 -0.1210112790  1.3824826817  2.0000000000
-0.2631224071 -0.1610275557  1.7582134988  2.0000000000
-0.2756814724 -0.2006113257  2.1562035156  2.0000000000
-0.2839044037 -0.2267330645  2.4335210746  2.0000000000
-0.0642461504  0.4050874754 -1.2384790030  2.0000000000
-0.0834142240  0.3511659224 -1.1844365132  2.0000000000
-0.0882074347  0.3375942997 -1.1633205626  2.0000000000
-0.0929996002  0.3239904786 -1.1391641211  2.0000000000
-0.1121423451  0.2692971716 -1.0121883602  2.0000000000
-0.1312068523  0.2142643297 -0.8368724303  2.0000000000
-0.1406944657  0.1866647534 -0.7312194768  2.0000000000
-0.1501441868  0.1590334212 -0.6136643399  2.0000000000
-0.1548529431  0.1452114002 -0.5504497050  2.0000000000
-0.1595499569  0.1313881053 -0.4842924818  2.0000000000
-0.1966136981  0.0210221304  0.1492489038  2.0000000000
-0.2626541115 -0.1818346200  1.8119046908  2.0000000000
-0.0592888680  0.3979929808 -1.2544491118  2.0000000000
-0.0640792234  0.3845523891 -1.2469492495  2.0000000000
-0.0688718520  0.3710713664 -1.2364076248  2.0000000000
-0.0736659987  0.3575520315 -1.2228231396  2.0000000000
-0.0976325149  0.2894568589 -1.1092732152  2.0000000000
-0.1310342964  0.1931256635 -0.8230999856  2.0000000000
-0.1357782816  0.1793072757 -0.7702015430  2.0000000000
-0.0209216366  0.4837945996 -1.2263814741  2.0000000000
-0.0351997010  0.4442729815 -1.2627697731  2.0000000000
-0.0447513477  0.4176685522 -1.2719186857  2.0000000000
-0.0495347802  0.4042956254 -1.2719451112  2.0000000000
-0.0639064210  0.3639193479 -1.2537920856  2.0000000000
-0.0782940276  0.3232018569 -1.2082554483  2.0000000000
-0.0830898765  0.3095636025 -1.1869904520  2.0000000000
-0.0974665793  0.2684822102 -1.1049609424  2.0000000000
-0.1118109148  0.2271969451 -0.9956543262  2.0000000000
-0.0207017608  0.4636590940 -1.2458304128  2.0000000000
-0.0302257250  0.4372163739 -1.2699684259  2.0000000000
-0.0493468438  0.3837441926 -1.2819326658  2.0000000000
-0.0541379412  0.3702662446 -1.2773335546  2.0000000000
-0.0733227432  0.3159789743 -1.2285080589  2.0000000000
-0.0877113096  0.2749299966 -1.1599373355  2.0000000000
-0.0972921524  0.2474379919 -1.0990359354  2.0000000000
-0.1068565936  0.2198657524 -1.0260207854  2.0000000000
-0.1116307399  0.2060550927 -0.9849840544  2.0000000000
-0.1353901745  0.1368451063 -0.7347979899  2.0000000000
-0.0395755578  0.3900457696 -1.2935483156  2.0000000000
-0.0443629852  0.3765911757 -1.2934409917  2.0000000000
-0.0683423269  0.3087391803 -1.2472799011  2.0000000000
-0.0731412919  0.2950680702 -1.2289156230  2.0000000000
-0.0923218258  0.2401208869 -1.1250530978  2.0000000000
-0.1018921558  0.2125204443 -1.0549244652  2.0000000000
-0.1066696419  0.1986962756 -1.0153275759  2.0000000000
-0.0012523609  0.4758720477 -1.2079963787  2.0000000000
-0.0154915334  0.4363295302 -1.2664221152  2.0000000000
-0.0441624185  0.3559061809 -1.3017650897  2.0000000000
-0.0489570222  0.3423534665 -1.2970317121  2.0000000000
-0.0969180436  0.2051616803 -1.0823615426  2.0000000000
-0.0057432911  0.4424874969 -1.2497627721  2.0000000000
-0.0391629269  0.3487000401 -1.3117426992  2.0000000000
-0.0487552554  0.3215242633 -1.3021448023  2.0000000000
-0.0775574582  0.2392445311 -1.2002887036  2.0000000000
-0.0919347003  0.1977901216 -1.1083283870  2.0000000000
 0.0181634338  0.4879352505 -1.1406706941  2.0000000000
 0.0039984002  0.4486117570 -1.2257050291  2.0000000000
-0.0007441061  0.4353909326 -1.2480746445  2.0000000000
-0.0054957731  0.4221170823 -1.2674420784  2.0000000000
-0.0150236252  0.3954185458 -1.2971407430  2.0000000000
-0.0341562099  0.3414773567 -1.3202254655  2.0000000000
-0.0389509411  0.3278911486 -1.3184052206  2.0000000000
-0.0533507282  0.2869248389 -1.2946826178  2.0000000000
-0.0629559035  0.2594627166 -1.2636414572  2.0000000000
-0.0725581539  0.2319000949 -1.2204260669  2.0000000000
-0.0821513125  0.2042546781 -1.1650556839  2.0000000000
-0.0869425709  0.1904064313 -1.1328215605  2.0000000000
-0.0917292411  0.1765441695 -1.0975613559  2.0000000000
-0.0965105640  0.1626700948 -1.0592807719  2.0000000000
-0.0052471308  0.4016400101 -1.2835094978  2.0000000000
-0.0243522750  0.3478032966 -1.3245340335  2.0000000000
-0.0339372946  0.3206364196 -1.3268496972  2.0000000000
-0.0387352593  0.3069983501 -1.3234456719  2.0000000000
-0.0627488335  0.2383492225 -1.2607513201  2.0000000000
-0.0675509316  0.2245429720 -1.2390795999  2.0000000000
-0.0723510161  0.2107164343 -1.2143678233  2.0000000000
-0.0002327904  0.3944705523 -1.2817178227  2.0000000000
-0.0193330125  0.3405656126 -1.3285633544  2.0000000000
-0.0241228900  0.3269849659 -1.3326994360  2.0000000000
-0.0289171752  0.3133668485 -1.3337969346  2.0000000000
-0.0385159185  0.2860268513 -1.3268651808  2.0000000000
-0.0481231009  0.2585630847 -1.3077535685  2.0000000000
-0.0673381675  0.2033346208 -1.2329926182  2.0000000000
-0.0721375879  0.1894777182 -1.2067005270  2.0000000000
-0.0817258334  0.1617196992 -1.1450180375  2.0000000000
 0.0190214961  0.4272689625 -1.2072932849  2.0000000000
-0.0095242709  0.3468700981 -1.3224631512  2.0000000000
-0.0238910325  0.3060830908 -1.3392453890  2.0000000000
-0.0479036145  0.2374354790 -1.3063853686  2.0000000000
-0.0527094156  0.2236252845 -1.2906771141  2.0000000000
-0.0767125289  0.1542925467 -1.1665270882  2.0000000000
 0.0145631343  0.3934785221 -1.2514665104  2.0000000000
-0.0092777287  0.3260459500 -1.3321196108  2.0000000000
-0.0284576289  0.2713874646 -1.3421089565  2.0000000000
-0.0380665224  0.2438684325 -1.3288470618  2.0000000000
 0.0243294080  0.3996416745 -1.2171065160  2.0000000000
 0.0005387565  0.3323534574 -1.3200979446  2.0000000000
-0.0042426092  0.3187652827 -1.3316445794  2.0000000000
-0.0234201475  0.2640493466 -1.3474820953  2.0000000000
-0.0282237306  0.2502904308 -1.3438379309  2.0000000000
-0.0330294684  0.2365038983 -1.3371484229  2.0000000000
-0.0378365731  0.2226920074 -1.3274129493  2.0000000000
 0.0340831149  0.4057724882 -1.1753618620  2.0000000000
 0.0293564817  0.3924430535 -1.2064053245  2.0000000000
 0.0246190919  0.3790627462 -1.2344625700  2.0000000000
 0.0055768548  0.3250746876 -1.3166606322  2.0000000000
-0.0039893021  0.2978304196 -1.3396429746  2.0000000000
-0.0135773735  0.2704423397 -1.3504904377  2.0000000000
-0.0279871741  0.2291287791 -1.3439508253  2.0000000000
-0.0568303528  0.1458868645 -1.2486654785  2.0000000000
 0.0249073241  0.3583878994 -1.2502184365  2.0000000000
 0.0153898764  0.3313608296 -1.2942325584  2.0000000000
-0.0085309104  0.2630950645 -1.3513960638  2.0000000000
-0.0181340877  0.2355550781 -1.3530110781  2.0000000000
-0.0229400929  0.2217437422 -1.3492529907  2.0000000000
-0.0421755079  0.1662746557 -1.3037660707  2.0000000000
-0.0469833597  0.1523625533 -1.2847844838  2.0000000000
 0.0394193890  0.3780022398 -1.1804965957  2.0000000000
 0.0346879039  0.3645895818 -1.2114475578  2.0000000000
 0.0299458683  0.3511288623 -1.2394092421  2.0000000000
 0.0204331361  0.3240716939 -1.2863305487  2.0000000000
 0.0061037358  0.2831788017 -1.3340978822  2.0000000000
-0.0082797890  0.2419692574 -1.3545925576  2.0000000000
-0.0130827540  0.2281725790 -1.3553450320  2.0000000000
 0.0491710829  0.3841398209 -1.1299170614  2.0000000000
 0.0349868626  0.3438571863 -1.2270975001  2.0000000000
 0.0254791313  0.3167707207 -1.2769250352  2.0000000000
-0.0032252115  0.2345895362 -1.3539570090  2.0000000000
-0.0128333867  0.2069465891 -1.3553524890  2.0000000000
-0.0320729582  0.1513927625 -1.3216087298  2.0000000000
 0.0305274073  0.3094585714 -1.2660163929  2.0000000000
 0.0114226563  0.2547549971 -1.3353306134  2.0000000000
 0.0018325033  0.2272010824 -1.3518177478  2.0000000000
-0.0077746719  0.1995358129 -1.3561482587  2.0000000000
-0.0173927109  0.1717769066 -1.3483045967  2.0000000000
 0.0498072933  0.3427837015 -1.1656633754  2.0000000000
 0.0308150564  0.2885027214 -1.2769187745  2.0000000000
 0.0260442555  0.2748311299 -1.2972195264  2.0000000000
-0.0027129904  0.1921177987 -1.3554406651  2.0000000000
-0.0075207962  0.1782387885 -1.3545104024  2.0000000000
 0.0689656915  0.3757617054 -1.0283334753  2.0000000000
 0.0501200028  0.3219729178 -1.1811543632  2.0000000000
-0.0313259812  0.0871216911 -1.2930894962  2.0000000000
 0.0739964833  0.3685027360 -1.0042631787  2.0000000000
 0.0551662523  0.3146572853 -1.1628408021  2.0000000000
 0.0361579731  0.2601070386 -1.2737174711  2.0000000000
-0.0021991064  0.1494465938 -1.3504897753  2.0000000000
-0.0214498579  0.0936189076 -1.3159195547  2.0000000000
-0.0310716841  0.0656432838 -1.2803875026  2.0000000000
 0.0459797684  0.2664409185 -1.2350417765  2.0000000000
 0.0316646154  0.2252145798 -1.3000158768  2.0000000000
 0.0557870622  0.2727534102 -1.1889533359  2.0000000000
 0.0415051099  0.2315984515 -1.2673283537  2.0000000000
 0.0271521642  0.1901512843 -1.3185651045  2.0000000000
-0.0161258473  0.0646535424 -1.3083362007  2.0000000000
 0.0844100889  0.3332331804 -0.9714833793  2.0000000000
 0.0703042327  0.2926570443 -1.0989226577  2.0000000000
 0.0608394561  0.2653881541 -1.1690449622  2.0000000000
 0.0465659845  0.2242006775 -1.2517827050  2.0000000000
 0.0370082876  0.1965783150 -1.2918879456  2.0000000000
 0.0226239258  0.1549427117 -1.3293492997  2.0000000000
 0.0178194555  0.1410191635 -1.3357673728  2.0000000000
 0.0130114239  0.1270768154 -1.3391461654  2.0000000000
-0.0110551718  0.0571613859 -1.3104162363  2.0000000000
 0.0658909396  0.2580163802 -1.1476416655  2.0000000000
 0.0611457739  0.2443121331 -1.1796719268  2.0000000000
 0.0516263722  0.2167976249 -1.2347384989  2.0000000000
 0.0276938080  0.1474954104 -1.3196225499  2.0000000000
 0.0180832257  0.1196146069 -1.3323592588  2.0000000000
-0.0107972584  0.0356560737 -1.2976013067  2.0000000000
 0.0661992655  0.2369241063 -1.1582240789  2.0000000000
 0.0183455003  0.0981784983 -1.3273514712  2.0000000000
 0.0901338506  0.2841965870 -0.9777452837  2.0000000000
 0.0854314903  0.2705907605 -1.0215788773  2.0000000000
 0.0712510743  0.2295313129 -1.1352838416  2.0000000000
 0.0426280420  0.1465193755 -1.2818107550  2.0000000000
 0.0951673129  0.2768403373 -0.9475585352  2.0000000000
 0.0620354805  0.1807312163 -1.2020220274  2.0000000000
 0.0572624464  0.1668705933 -1.2264043392  2.0000000000
 0.0524817196  0.1529839037 -1.2477717179  2.0000000000
 0.0429002090  0.1251410897 -1.2814399829  2.0000000000
 0.0381009678  0.1111894437 -1.2937317565  2.0000000000
 0.0332970909  0.0972206067 -1.3029904897  2.0000000000
 0.0236785022  0.0692402934 -1.3123988697  2.0000000000
 0.0140506232  0.0412181369 -1.3096526304  2.0000000000
 0.0907977153  0.2421841927 -1.0063361862  2.0000000000
 0.0860786425  0.2284774808 -1.0471215708  2.0000000000
 0.0766059824  0.2009562205 -1.1197679751  2.0000000000
 0.0335597120  0.0757667561 -1.2978948801  2.0000000000
 0.0287497317  0.0617654986 -1.3025517976  2.0000000000
 0.0239371598  0.0477541853 -1.3041710519  2.0000000000
 0.0626034974  0.1381028900 -1.2089773178  2.0000000000
 0.0482347495  0.0962714466 -1.2637206618  2.0000000000
 0.0434338020  0.0822918932 -1.2759155555  2.0000000000
 0.0386284429  0.0682981697 -1.2850781596  2.0000000000
 0.0338194613  0.0542925748 -1.2912060363  2.0000000000
 0.0193784355  0.0122268723 -1.2913685954  2.0000000000
 0.1008657091  0.2274108858 -0.9442951296  2.0000000000
 0.0961551715  0.2136863193 -0.9879525385  2.0000000000
 0.0771977296  0.1584511130 -1.1328525561  2.0000000000
 0.0436950739  0.0608317080 -1.2707648602  2.0000000000
 0.0388872331  0.0468221989 -1.2783629623  2.0000000000
 0.0148165304 -0.0233189795 -1.2708177455  2.0000000000
 0.1152650977  0.2473711776 -0.8120486161  2.0000000000
 0.1011875115  0.2062876539 -0.9561509442  2.0000000000
 0.0869970580  0.1648848742 -1.0736266412  2.0000000000
 0.0343300447  0.0113047602 -1.2730575553  2.0000000000
 0.1249368322  0.2536186988 -0.7191839743  2.0000000000
 0.1062152957  0.1988878247 -0.9228756940  2.0000000000
 0.0777639698  0.1157831511 -1.1396096088  2.0000000000
 0.0393945724  0.0038365931 -1.2601663108  2.0000000000
 0.0297655968 -0.0242342742 -1.2600052524  2.0000000000
 0.1206176658  0.2189471024 -0.7892970392  2.0000000000
 0.1065283031  0.1777045966 -0.9331276986  2.0000000000
 0.0780373516  0.0944015070 -1.1406154776  2.0000000000
 0.0444560541 -0.0036261515 -1.2457811895  2.0000000000
 0.0926113520  0.1148404417 -1.0543923722  2.0000000000
 0.0543235325  0.0029511402 -1.2224930612  2.0000000000
 0.1023911898  0.1213234391 -0.9879072216  2.0000000000
 0.0881207188  0.0795287397 -1.0868954935  2.0000000000
 0.0545680536 -0.0185326766 -1.2125371255  2.0000000000
 0.0449436969 -0.0466083181 -1.2212058878  2.0000000000
 0.1262718078  0.1692902450 -0.7751118648  2.0000000000
 0.1544958192  0.2303897616 -0.4373376319  2.0000000000
 0.1124310285  0.1064900685 -0.9196210116  2.0000000000
 0.1076916107  0.0925726494 -0.9584883874  2.0000000000
 0.0598538125 -0.0474469078 -1.1821291668  2.0000000000
 0.0502293447 -0.0755185223 -1.1906184792  2.0000000000
 0.1455876664  0.1820254819 -0.5794958929  2.0000000000
 0.1032041333  0.0572547893 -0.9952544926  2.0000000000
 0.1224439803  0.0916748397 -0.8454894990  2.0000000000
 0.1129710493  0.0638061932 -0.9259897548  2.0000000000
 0.1082190236  0.0498422023 -0.9617721161  2.0000000000
 0.0986876345  0.0218659885 -1.0243629984  2.0000000000
 0.1508788871  0.1535161766 -0.5462330364  2.0000000000
 0.1462192477  0.1397274799 -0.6040876311  2.0000000000
 0.1321539687  0.0981787866 -0.7601163251  2.0000000000
 0.1037022757  0.0144583692 -0.9923081088  2.0000000000
 0.0941454423 -0.0135677393 -1.0457933197  2.0000000000
 0.0893567929 -0.0275930589 -1.0680242028  2.0000000000
 0.0701518756 -0.0837236650 -1.1267796802  2.0000000000
 0.1650987417  0.1736224458 -0.3712894433  2.0000000000
 0.1607909265  0.1387689189 -0.4492924437  2.0000000000
 0.1561430857  0.1249724573 -0.5099467656  2.0000000000
 0.1374051196  0.0694976677 -0.7234080610  2.0000000000
 0.1089408035 -0.0143381106 -0.9549521885  2.0000000000
 0.0945921959 -0.0564060391 -1.0303538729  2.0000000000
 0.1610909730  0.1176038542 -0.4607374002  2.0000000000
 0.1564335728  0.1037734632 -0.5198883159  2.0000000000
 0.1517612455  0.0899145530 -0.5761289349  2.0000000000
 0.1423748308  0.0621201102 -0.6798306471  2.0000000000
 0.1282019964  0.0202699324 -0.8132734597  2.0000000000
 0.1187001097 -0.0077098796 -0.8873866381  2.0000000000
 0.1660289144  0.1102420698 -0.4101095326  2.0000000000
 0.1236825304 -0.0150788855 -0.8495082429  2.0000000000
