 0.0834155041 -0.0127253353  0.1610419008  1.0000000000
 0.2496628862  0.7988133069 -0.1775932392  1.0000000000
-0.8353879331  0.9711058895  0.0924126953  1.0000000000
-0.9854223908  0.6239227047  0.2467758602  1.0000000000
 0.2250674802 -0.6484644518 -0.0747588860  1.0000000000
-1.0398601106  0.0704473876 -0.1584426037  1.0000000000
 0.3623471732 -0.6313939778 -0.0366274798  1.0000000000
 0.5545697500 -0.0423533361  0.1435329453  1.0000000000
-0.0861195106 -0.0633836847  0.1598899237  1.0000000000
 1.0255354014  0.1050995021  0.1154392716  1.0000000000
-0.0989564458 -0.1226720604  0.1388235887  1.0000000000
 0.6605326412 -0.5771314498 -0.0560304396  1.0000000000
 0.2862690428 -1.0388344232 -0.2148445992  1.0000000000
-0.8488983574  0.4109174095  0.2338515254  1.0000000000
-0.8364806694 -0.7176530804  0.3231608029  1.0000000000
-0.8112567547 -0.5527036717  0.3229168000  1.0000000000
 0.8751753114  0.7144396190 -0.0207648695  1.0000000000
-0.1036351687 -0.9197336452 -0.1169450841  1.0000000000
 0.3615157565  0.4629947539 -0.0877060770  1.0000000000
-0.2417111390 -0.9629314699 -0.1184441757  1.0000000000
 0.3361322713 -0.6041696065 -0.0164324863  1.0000000000
 0.3381164015 -0.6570041346 -0.0482720162  1.0000000000
 0.2429017740 -1.0011354624 -0.1989609847  1.0000000000
 0.2608823798  0.0417968209  0.1494927844  1.0000000000
-0.3812099748 -0.8996720099 -0.1413315426  1.0000000000
-1.2311339973  0.0942719223 -0.1108821909  1.0000000000
 0.0127069895 -0.0734220613  0.1824670843  1.0000000000
 0.5440854674  0.4723005511  0.0329533663  1.0000000000
-0.1213213411  0.0467988165  0.1426168980  1.0000000000
 0.9579678463  0.4923813572 -0.0535556655  1.0000000000
 0.6739670770 -0.1315845392  0.1334274427  1.0000000000
-0.0700456594  0.5916280688 -0.1260664830  1.0000000000
-0.5647463279 -0.3728238881  0.2902194512  1.0000000000
-0.2397797970 -0.5078345426 -0.0751268659  1.0000000000
 0.6813643351 -0.4352772283  0.0134993043  1.0000000000
 0.3268565771 -0.5912554494 -0.0055250394  1.0000000000
 0.6511572879  0.7187404750 -0.0622107546  1.0000000000
-0.1865712357  0.6244217867 -0.2016478786  1.0000000000
 0.8860647205  0.6257541380  0.0079898691  1.0000000000
-0.4945449150 -0.6559739877  0.0820750653  1.0000000000
 0.8841374453  0.0391399804  0.2132976827  1.0000000000
-1.2626558190 -0.1578350702 -0.2929879497  1.0000000000
-0.1843415905  0.4099985243 -0.1548410062  1.0000000000
 0.7120581811 -0.1527146832  0.1441052842  1.0000000000
 0.6734360155 -0.0881712863  0.1352868342  1.0000000000
-0.1493307669 -0.9955222949 -0.1448754975  1.0000000000
-0.9680215135  0.4115751865  0.1743462793  1.0000000000
-0.0495016077  0.8086493317 -0.1417658152  1.0000000000
-0.8726486391  0.4615102314  0.2433252670  1.0000000000
 0.0424062375 -1.0579108835 -0.1189594498  1.0000000000
-1.1220597776  0.2637946434 -0.0181546367  1.0000000000
 0.1721738058  1.0893612204 -0.2033422536  1.0000000000
-0.4478774348  0.5838533740 -0.1175843413  1.0000000000
 0.1713051676 -0.2909756269  0.0796594935  1.0000000000
 0.1077175798  0.6707495219 -0.0637326103  1.0000000000
-0.4391988389 -0.5257466865  0.0985887841  1.0000000000
-0.5147954225  0.8616086292 -0.0968832112  1.0000000000
 0.4543022522  0.4522948002 -0.0216907777  1.0000000000
 0.2953083010  0.5748810080 -0.1678245583  1.0000000000
 0.0737731191  0.6608730313 -0.0343245404  1.0000000000
-0.2371779151 -0.6120807806 -0.1200903243  1.0000000000
-0.0045886968 -0.0586587984  0.1855017283  1.0000000000
-0.8784706004  0.6019099180  0.2415792776  1.0000000000
 0.6374908170 -0.5125246904 -0.0287885893  1.0000000000
-1.1306378726  0.3003618570  0.0083685498  1.0000000000
-0.1022538902 -0.0683089251  0.1667090279  1.0000000000
 0.1188944012 -0.9974412006 -0.1585840985  1.0000000000
-0.6403406251  0.5028869293  0.1092949391  1.0000000000
-1.4022881069  0.0439862172 -0.1793279621  1.0000000000
-0.6331861497 -0.6364540113  0.2198605497  1.0000000000
-0.7930189341  0.4210054820  0.2543078403  1.0000000000
-1.3567031185 -0.0440417586 -0.2807043706  1.0000000000
 0.9119853638  0.2715827974  0.0243800558  1.0000000000
 0.6763712456 -0.2184531398  0.1225545713  1.0000000000
 0.6431129619  0.0025530846  0.1262902584  1.0000000000
-0.2533346282  0.3788488884 -0.1645381089  1.0000000000
-0.4327995340  0.3710877522 -0.0652994197  1.0000000000
 0.4580987057  0.7528784772 -0.1817442175  1.0000000000
-0.0074743001 -0.1181654841  0.1440360402  1.0000000000
 1.1001044729  0.5761614477 -0.0623106223  1.0000000000
-0.0366576974  1.2298997957 -0.1790489325  1.0000000000
 0.4950177110 -0.3161870571  0.0280075435  1.0000000000
 0.1737370524  0.8954021259 -0.1616791753  1.0000000000
-0.1332732240 -0.3063339080  0.0536623956  1.0000000000
 0.1430623164 -0.6319111791 -0.1268725570  1.0000000000
 0.3594931172  0.4435198944 -0.0798879383  1.0000000000
 0.4686825510  0.3922643710  0.0232219060  1.0000000000
-0.4163544420 -0.8215747106 -0.1084822928  1.0000000000
 0.4326230382  0.1825233692  0.0807176499  1.0000000000
 0.4363270389 -0.0908726416  0.1494353167  1.0000000000
 0.3379670860 -0.9569319824 -0.1816646844  1.0000000000
 0.9689438812  0.4527824343 -0.0643723758  1.0000000000
 0.7125135729 -0.0577206259  0.1354726123  1.0000000000
-0.2925188629 -0.6281585365 -0.0975563307  1.0000000000
-1.0774988111  0.0747962232 -0.1455049941  1.0000000000
 0.2727573044 -0.7057143571 -0.0693762714  1.0000000000
-0.0216193279  0.7252146395 -0.0962031940  1.0000000000
 0.1338357552 -0.6414032486 -0.1358699391  1.0000000000
 0.9860054377  0.1780467556  0.0884922090  1.0000000000
 0.3877738656 -0.0398893885  0.1439537323  1.0000000000
-0.4420065698 -0.6694523591  0.1131657908  2.0000000000
 0.8038399828 -0.4680834967 -0.0278688177  2.0000000000
 1.0299704334 -0.4002252564 -0.0564520004  2.0000000000
-0.0762314445 -0.0697127578  0.0528114212  2.0000000000
-0.8552335845  0.2688688654 -0.1920393945  2.0000000000
-0.3808735864 -0.8610896987  0.1443648774  2.0000000000
 0.0238170415 -0.7177520530 -0.1215867564  2.0000000000
 0.9100375711  0.0659955729 -0.1270548908  2.0000000000
-0.3442393562 -1.0961297601  0.1831265869  2.0000000000
-0.2936791001 -0.6264027061  0.0747415007  2.0000000000
 0.0222174067  0.7924544104  0.2680142910  2.0000000000
-0.4491925740 -0.1565454422 -0.0867125271  2.0000000000
 0.2007961489  0.6823085088  0.0453097321  2.0000000000
-0.5586047009  0.2485232397  0.0052037927  2.0000000000
 0.1340920078 -0.6512674326 -0.1781466688  2.0000000000
-1.0248667035  0.1242320386  0.0997418319  2.0000000000
 0.2242259110 -0.2919204462 -0.1305275151  2.0000000000
-0.7451111222 -0.6451531362  0.0448623144  2.0000000000
 0.9325882958  0.2558040257  0.0712932407  2.0000000000
-0.1122103306  0.4452594701  0.0247791237  2.0000000000
-1.0250266322  0.4650884328 -0.2486888848  2.0000000000
-0.3895776037 -0.7305587063  0.1597501644  2.0000000000
 0.6442219458 -0.3605114924 -0.0048938621  2.0000000000
-0.3330821915 -1.0261595808  0.1712892436  2.0000000000
-0.4315073390  0.5042187614 -0.0215741777  2.0000000000
-1.1043207619  0.0623869058  0.1523096616  2.0000000000
 0.6584082289 -0.7473872832  0.0453670295  2.0000000000
 0.4348222278 -0.1455110442  0.0751729635  2.0000000000
 0.7339015945 -0.3173686664 -0.1011764123  2.0000000000
 0.5280243492  0.0799327996 -0.1062533264  2.0000000000
 0.0011375996 -1.2251518263  0.0439188306  2.0000000000
 0.1674911095 -0.9875507849 -0.1555252799  2.0000000000
-0.0370276148 -0.6030751503 -0.1104424653  2.0000000000
-0.1772535025 -0.3424782495 -0.0291362973  2.0000000000
 0.3820691714  0.8986214498  0.0713953136  2.0000000000
-0.7014781448  0.1638939301 -0.0709379638  2.0000000000
 0.6609123821 -0.3764160923 -0.0027934628  2.0000000000
-0.0859736915  0.3463749916  0.0232123640  2.0000000000
 0.3559785794  0.0436388575 -0.0163435600  2.0000000000
 0.2460553982  0.7871397750  0.0876299270  2.0000000000
-0.4007508025  0.3422028399  0.0131370340  2.0000000000
-0.4816496887 -1.0050882031  0.1843932474  2.0000000000
 0.3652214890 -0.5556756161  0.0036740802  2.0000000000
-1.0292272687  0.2117647848 -0.0455331724  2.0000000000
 0.0037890292  1.2271650961  0.0323418197  2.0000000000
-0.8900934043  0.4604241469 -0.2551162476  2.0000000000
 0.1187281336 -0.9413078877 -0.1188817371  2.0000000000
 0.8483007345 -0.0130524578 -0.1671516038  2.0000000000
-0.7357179807  0.6346480271 -0.2398536266  2.0000000000
 0.7983125362  0.6287189322 -0.0114129785  2.0000000000
-0.2035771101 -1.0135431704  0.0214427031  2.0000000000
 0.6349651635  0.4980914806  0.0237158619  2.0000000000
-0.6112595291  0.3233854951 -0.0670364718  2.0000000000
 0.8245645602 -0.3150103915 -0.0890133567  2.0000000000
 0.5743559676  0.4138555581  0.0704065198  2.0000000000
 0.0219638916  0.5343999560  0.0823027543  2.0000000000
-0.6487120176  0.5795649597 -0.1845446739  2.0000000000
 0.5195956352  0.6132601867  0.0246071261  2.0000000000
-0.2727279531  1.0571142802  0.0416985536  2.0000000000
 0.2581081220  0.2403959714 -0.0308386538  2.0000000000
-1.0879414840  0.0513747038  0.1713344408  2.0000000000
-0.4616481361  0.0301683613 -0.0299234804  2.0000000000
 0.3707557155 -0.6449940700  0.0095482560  2.0000000000
-1.0341970780  0.4979403608 -0.2445017094  2.0000000000
 0.2034746732  0.8575507698  0.1824308621  2.0000000000
 0.3017626432  1.3448929082 -0.0080604036  2.0000000000
 1.1886435740  0.0297588637 -0.0661320624  2.0000000000
-0.4689704396  0.2175875212  0.0107568638  2.0000000000
 0.9369316380  0.2304077895  0.0127264086  2.0000000000
-0.8332961591 -0.3703395317 -0.0273693084  2.0000000000
 0.5387757547 -0.2573223020 -0.0071955096  2.0000000000
 0.6058119158  0.6655120281 -0.0157756646  2.0000000000
-0.9576919894  0.2315935253 -0.1103493562  2.0000000000
-0.2227159670 -0.1261671280 -0.0950445204  2.0000000000
 0.8583240056 -0.5679081887  0.0271832856  2.0000000000
 0.2262210087  0.2315011722 -0.0150715549  2.0000000000
 0.6970811617  0.4744623295  0.0201890976  2.0000000000
-0.1240148594  0.5612684139  0.0735057533  2.0000000000
-0.6097092783 -0.5121850593  0.1489280092  2.0000000000
 1.2108150740 -0.1906699187 -0.0807841508  2.0000000000
-0.1388969357 -0.1015848389  0.0059925386  2.0000000000
 0.2032607837  0.2378756171 -0.0043338361  2.0000000000
 0.0467980417  0.9446836851  0.2021141408  2.0000000000
 0.6665987897 -0.3555787752 -0.0407064084  2.0000000000
-0.4988986350 -0.3936535391  0.0532925097  2.0000000000
-0.4499362736 -0.1302534386 -0.0854655273  2.0000000000
 0.7748357430  0.3731077486  0.0613215145  2.0000000000
 0.3784092420  0.0781658136 -0.0501912965  2.0000000000
 0.3965125075 -0.2046008085  0.0681028064  2.0000000000
-0.2677678134 -0.4971136357  0.0490637512  2.0000000000
-0.3866053313 -0.2739118718 -0.0956312297  2.0000000000
-0.1867819466 -1.2531402117  0.0352039718  2.0000000000
-1.2254895576  0.2341277912 -0.0389094153  2.0000000000
 0.0782726928  0.1176002665  0.1122279471  2.0000000000
-0.1239520007  0.8826086001  0.1778143809  2.0000000000
-0.0966727663  0.5561921109  0.0811928516  2.0000000000
 1.1270217404 -0.1995846217 -0.0756934448  2.0000000000
 0.3485762435  0.8559831440  0.0590645685  2.0000000000
-0.6928563384 -0.4931527028  0.0627876814  2.0000000000
-0.5121402980  0.2276445169  0.0087143228  2.0000000000
 1.0995217040 -0.2476875564  0.0656694123  3.0000000000
-1.2563566624  0.2016037824  0.0889523574  3.0000000000
 0.3949113477  0.9160140066 -0.0717558897  3.0000000000
 0.4544675196 -0.5637358190  0.1235432059  3.0000000000
-0.3525617141 -1.1453157272 -0.0348417955  3.0000000000
 1.0852495064  0.0469590032  0.0192036795  3.0000000000
-0.1939709230  0.4119470024  0.0353965042  3.0000000000
-0.5002558725 -0.6770147991 -0.2196485940  3.0000000000
 0.7885273320 -0.1370055470  0.0427995114  3.0000000000
-0.4966941608  0.0878428175  0.0372259914  3.0000000000
 0.2076809053 -0.4286888204  0.0700120044  3.0000000000
 0.0856728830 -0.0706391542 -0.0409421375  3.0000000000
-0.6622867671 -0.0505770127  0.0205538319  3.0000000000
 0.3594292808 -0.5513989957  0.1235268364  3.0000000000
-0.4644401066 -0.3794907842 -0.0729471861  3.0000000000
 0.2091415225  0.2262712171  0.0709569090  3.0000000000
 0.3307089746  0.5280485392  0.0918457480  3.0000000000
-0.4247403637 -0.4841261774 -0.0601446985  3.0000000000
-0.6211212959 -0.6308941587 -0.1371519786  3.0000000000
-0.7123647939 -0.0107748438  0.0928379427  3.0000000000
-0.6946285597  0.6049485566  0.0460865531  3.0000000000
-0.0119022709 -1.1293370448  0.0237712926  3.0000000000
-0.6663783214  0.6078136729  0.0270258432  3.0000000000
 0.2443332914 -0.0496130572 -0.0963090260  3.0000000000
 0.0989013151 -1.1651330889 -0.0404270064  3.0000000000
 0.9106636845  0.1856038116 -0.1482451225  3.0000000000
 0.7682267826 -0.1807411895  0.0145578089  3.0000000000
 0.5142288229  0.5901200012  0.0712097420  3.0000000000
-0.3046827658  0.4996611529  0.0288003863  3.0000000000
-0.0090962875 -0.5097342452  0.1144097035  3.0000000000
-0.2863780094 -0.8561951162  0.0315650849  3.0000000000
-0.8136426256 -0.4272401775 -0.1796113906  3.0000000000
-0.9232286768  0.3071907135  0.1148761375  3.0000000000
 0.3395739949  0.1226079692 -0.0781711517  3.0000000000
 0.2724833977  0.7041594962 -0.0100161171  3.0000000000
 0.7220211132  0.0771805069 -0.0285461742  3.0000000000
 0.6831759408  0.2455057605 -0.1810602617  3.0000000000
 0.9823741169 -0.1131125473  0.0370591715  3.0000000000
-0.6107525519  0.4032312459  0.1484393932  3.0000000000
-1.1540590152  0.1771221197  0.1238193585  3.0000000000
 0.3972570054  0.5818979509  0.0694716585  3.0000000000
 0.3722638491 -0.6810640086  0.1064109887  3.0000000000
 0.3201674598  0.5030590675  0.0903886598  3.0000000000
-0.3537916165 -0.3607921676 -0.0135005257  3.0000000000
 0.8222381800  0.3927296225 -0.1095522820  3.0000000000
-0.0933546239  0.2740863829  0.0575487469  3.0000000000
 0.4987481990  0.6166004371  0.0673418464  3.0000000000
-0.5672263567 -0.7396906223 -0.2022206686  3.0000000000
 0.0836663774 -0.6437538879  0.1344117309  3.0000000000
 0.0693164237 -0.1022495286 -0.0273485381  3.0000000000
 0.1046743759 -0.4887709949  0.0845662031  3.0000000000
-0.9244596832 -0.4493936908 -0.1367431714  3.0000000000
 1.1717886820 -0.1263690517  0.0530789377  3.0000000000
-0.2619635049  0.4339682063  0.0175791557  3.0000000000
 0.3119405083  1.0322188099 -0.0666690140  3.0000000000
-0.2244465526  1.0471598684 -0.1250371644  3.0000000000
-0.6245295136 -0.1063723859 -0.0493784192  3.0000000000
-0.4559120084 -0.1621541262 -0.0957942459  3.0000000000
 0.1684339184  0.3633884425  0.1841976598  3.0000000000
-1.0325562049  0.2986314703  0.1529216305  3.0000000000
-0.2248936677  0.9468455243 -0.1252966104  3.0000000000
 0.1394903425  0.8583827399 -0.1642690708  3.0000000000
 0.8336205006 -0.3254824561  0.0101788767  3.0000000000
-0.7473600929  0.0870634990  0.1303426768  3.0000000000
-1.2123328384  0.3867236883  0.1422571144  3.0000000000
-0.4622533885  0.4061747519  0.0005651825  3.0000000000
 0.7018951153 -0.2405217937 -0.0498749604  3.0000000000
 0.2289404070  0.6445215956  0.0291336063  3.0000000000
-0.7902507967  0.0253540898  0.1550273414  3.0000000000
 0.5162553364 -0.5186237313  0.0611177771  3.0000000000
-0.0042536360 -0.4081376295  0.0778825402  3.0000000000
 0.2959668255 -0.5356124372  0.0887995456  3.0000000000
 1.2260187829 -0.2892896704  0.0915187072  3.0000000000
-0.0066447221 -0.2936160601  0.0249245198  3.0000000000
-0.4731419282  0.2794874833 -0.0051045321  3.0000000000
-0.2161873790 -0.4465689095  0.0118222517  3.0000000000
-0.2650028534  1.0283668590 -0.1172078407  3.0000000000
-0.1895313137 -0.1227621370 -0.0604089586  3.0000000000
-0.2117140602 -0.2286214738 -0.0443447406  3.0000000000
 0.4582215750  0.5415932924  0.0580918860  3.0000000000
-0.2898453414  0.9020159412 -0.1071649106  3.0000000000
 0.5486683002 -0.2689129928 -0.0597064314  3.0000000000
-0.0311546129  0.4759685634 -0.0109038810  3.0000000000
 0.1368329268 -0.0382922030 -0.0709353745  3.0000000000
 0.4879727503 -0.0058123337 -0.0530740494  3.0000000000
-0.3972742400 -0.2207894140 -0.0526655643  3.0000000000
 0.1140140920 -0.6702490488  0.1241721925  3.0000000000
-0.2501201213 -0.3490157814 -0.0054263310  3.0000000000
 0.1247444467  1.1276929606 -0.0300473502  3.0000000000
-0.7013056234 -0.5006989320 -0.1658214963  3.0000000000
-0.4983846869  0.2318091846  0.0372153644  3.0000000000
-0.1942216728  1.0996184826 -0.1377032009  3.0000000000
-0.4739313002  0.0445384770  0.0071192323  3.0000000000
 0.1321725410 -1.1101960925 -0.0680404053  3.0000000000
 0.6692667573  0.5458540182  0.1862473367  3.0000000000
 0.3757155586  0.0303622182 -0.1153315771  3.0000000000
-0.3720958071 -0.8427937991 -0.0223611887  3.0000000000
 0.9259397941  0.2501696784 -0.1275452463  3.0000000000
 0.1643715275 -1.1071250865 -0.0902879792  3.0000000000
 0.7577858968 -0.2079263723 -0.0088935200  3.0000000000
-0.1848160893 -1.0647371432 -0.0386475149  4.0000000000
-0.3100525124 -0.0732487205  0.0489215012  4.0000000000
-0.0496423171 -0.2688904733  0.0452556465  4.0000000000
 0.0021898610  0.8132250564  0.0059125803  4.0000000000
 0.9084145783 -0.4773047765 -0.0433119874  4.0000000000
 0.4352909255 -0.9233094878 -0.0789589169  4.0000000000
 0.1576537061  0.1948633499 -0.0237888606  4.0000000000
 0.1404590560  0.1449563123 -0.0295411649  4.0000000000
-0.2701621422  0.0556969560  0.0581971080  4.0000000000
 0.6693277751 -0.1981303210 -0.0502065404  4.0000000000
 0.9341135818  0.3035377824  0.1385884293  4.0000000000
 0.8637249142 -0.0412426564 -0.0526801725  4.0000000000
 0.6578652883  1.0696953620 -0.0636863718  4.0000000000
-0.6060336247  0.5995942172  0.0148256460  4.0000000000
-0.2969129886  0.8920356171  0.0879973602  4.0000000000
-0.2729636729 -0.3687944619  0.0659482642  4.0000000000
-0.3049532184  0.7607837975  0.0678190083  4.0000000000
 0.2037591664 -0.0800268444 -0.0023082254  4.0000000000
-0.3447990028  0.2166802809  0.0057936944  4.0000000000
-0.0582670309 -0.0126045127 -0.0387639726  4.0000000000
-0.7255395158  0.7881511072  0.0473247356  4.0000000000
 0.7452596305  0.9911279942  0.0149758552  4.0000000000
 0.5085147240  0.3472346141  0.1277240135  4.0000000000
-0.3205006103 -0.4697777584  0.0708819382  4.0000000000
 0.3755669720 -0.3514455930 -0.0425926683  4.0000000000
-0.3416304661  0.7199287711  0.0050313536  4.0000000000
-0.5616147581 -1.0111296159  0.1785045144  4.0000000000
-0.3672169831 -0.5845209669  0.0760276152  4.0000000000
 0.7891353358  0.9048754828  0.0664115559  4.0000000000
-0.0922689570  0.4123144762 -0.0863711000  4.0000000000
-0.4804569357  0.1280845503 -0.0401479962  4.0000000000
 0.6024476254 -0.3877392301 -0.0407307695  4.0000000000
-0.5474637510  0.2840989022 -0.0859313194  4.0000000000
-0.7652623785  0.5890462044 -0.0250488394  4.0000000000
-0.6887075760 -0.2030423169 -0.0088935266  4.0000000000
 0.8308311459  0.2601269794  0.1568783034  4.0000000000
 0.4332636218  0.9061086563 -0.0876395281  4.0000000000
-1.0894430013  0.4132848228 -0.1286256090  4.0000000000
-0.6522335743 -0.0059702160 -0.0249193211  4.0000000000
-0.3634179945 -0.1830979172  0.0830919774  4.0000000000
 0.9711475831 -0.7908728926 -0.1911566487  4.0000000000
-0.2739854969 -0.5854178227  0.0596058812  4.0000000000
-0.0686653816  0.0945839177 -0.0117226021  4.0000000000
-0.9669956521  0.3875783498 -0.1742880739  4.0000000000
 0.4949187595  0.4920442375  0.1752637019  4.0000000000
-0.0268300480 -0.3894755441  0.0588738220  4.0000000000
 0.7460100993 -0.0488131029 -0.1117719218  4.0000000000
 0.2197467952  0.0971687525 -0.0177917008  4.0000000000
 0.7109685277 -0.5045924244 -0.0883307846  4.0000000000
-0.4476334191 -0.3153190646  0.0680171833  4.0000000000
 0.8360071788 -0.0234767816 -0.0666990019  4.0000000000
 0.3768531871 -0.5635186896 -0.0911919223  4.0000000000
 0.2459119577 -0.4255428774 -0.0635851684  4.0000000000
-0.8026744196 -0.7622095549  0.1266556798  4.0000000000
 0.1091290549 -0.4139420427 -0.1023047100  4.0000000000
-0.9372566980 -0.1791976563 -0.0458635985  4.0000000000
 0.1412985371  0.7078116648  0.0515467531  4.0000000000
 0.6934436388 -0.2918250332 -0.0028456284  4.0000000000
-1.1004045658  0.4552154093 -0.1314326685  4.0000000000
-0.5500160160  0.3452295661 -0.1095860042  4.0000000000
-0.3790231250 -0.5296410593  0.0631654807  4.0000000000
-0.8114021485 -0.7634331562  0.1172066260  4.0000000000
 0.8722521164  0.6319599432  0.2181356895  4.0000000000
 0.6640860596 -0.0006644009 -0.0691508917  4.0000000000
-0.7496685687 -0.6392726536  0.1060237493  4.0000000000
-0.9903815320  0.5386217028 -0.1148378203  4.0000000000
 0.6070795637  0.5161088788  0.1680899125  4.0000000000
-0.0326236693  0.4837715517 -0.1018739792  4.0000000000
 0.0062160366 -0.5461230638 -0.0523905035  4.0000000000
 0.0122535710  0.1933751655 -0.0076099716  4.0000000000
 0.9665855022 -0.4611576104 -0.0431387900  4.0000000000
 0.0791710602 -0.7544182663 -0.0684942320  4.0000000000
-0.6155167069  0.1797213919 -0.0339509436  4.0000000000
 0.0975199183 -0.6190350001 -0.0374229137  4.0000000000
-0.7575840166  0.2962472762 -0.1201177563  4.0000000000
 1.1024143567 -0.6253093168 -0.1677061275  4.0000000000
-0.4207589086 -0.7160698150  0.1858076125  4.0000000000
-0.1291354200 -0.3997473731  0.0775414227  4.0000000000
-0.0894722450  0.1557243799  0.0136222290  4.0000000000
 0.9650958132  0.0046601052 -0.0097166494  4.0000000000
-0.8439682891 -0.0090147373 -0.0349903303  4.0000000000
 0.1061993742 -0.1635050787  0.0273428186  4.0000000000
 0.4953270113 -0.0815661723 -0.1063320887  4.0000000000
 0.7893851193  0.5809086066  0.1910238851  4.0000000000
-0.7642859393  0.5530306828 -0.0529852221  4.0000000000
 1.0361040957 -0.2550397750 -0.0848331792  4.0000000000
-0.2765314866 -1.1203005811  0.0061345016  4.0000000000
 0.0611924813  0.2701158684  0.0597629265  4.0000000000
-0.2712675707  0.5694415522 -0.0441733120  4.0000000000
-1.0651172083  0.2458569275 -0.0677523160  4.0000000000
-0.5545008008 -0.2511389945  0.0456243156  4.0000000000
-0.4636398499  0.5661135571  0.0137372688  4.0000000000
-0.5236109959 -0.7519663180  0.2098645218  4.0000000000
 0.7147293336 -0.1220078434 -0.0937878722  4.0000000000
 0.6597986621  1.1093137063 -0.0681505583  4.0000000000
 0.3885906115 -0.0022283316  0.0121380493  4.0000000000
 0.6922194548  0.1467866769  0.2503250526  4.0000000000
 0.0084597364 -0.9763013372 -0.0892846285  4.0000000000
-0.0328639918  0.2013179182  0.0256892931  4.0000000000
-0.4877598345  0.1689983021 -0.0272445525  4.0000000000
 0.7204327762  0.2347074386 -0.0185461404  5.0000000000
-0.3291820811  0.4655823354  0.0336101956  5.0000000000
 0.8532987931 -0.8701290183  0.0312691309  5.0000000000
 0.5586424097 -0.1331861252  0.2900864972  5.0000000000
 0.9361986874  0.2894162147  0.0033659050  5.0000000000
-0.5545026045  0.3916834997  0.0853324064  5.0000000000
 0.2989466911  0.3489322569 -0.2079459393  5.0000000000
-0.2746419539 -0.8638794530 -0.1381819955  5.0000000000
-0.7681684610 -0.3747648682 -0.0212770285  5.0000000000
-0.0066679772  0.7879791230 -0.1333970424  5.0000000000
-0.2304848525 -0.0558248835  0.0511344414  5.0000000000
-0.8512281875 -0.9412827657 -0.1331554239  5.0000000000
 0.6872998292 -0.5577078499  0.0599603740  5.0000000000
-0.8963265315  0.5329915920  0.2701125101  5.0000000000
-1.0302998682  0.7281256310  0.2054950157  5.0000000000
-0.1367795795 -0.0082775419  0.0486310150  5.0000000000
-0.1496670049 -0.4030587793 -0.1718361258  5.0000000000
 0.8975728033  0.0681981425  0.1446948376  5.0000000000
 0.3082032618  0.4050662958 -0.2179124175  5.0000000000
 0.6589875928 -0.3586616048  0.2182348356  5.0000000000
-0.5246100980 -0.0737530437  0.0622257662  5.0000000000
-0.4153968326 -0.4875401538 -0.1078311461  5.0000000000
 0.6593424035  0.1913132147 -0.0234456323  5.0000000000
 0.4676806241  0.2935339796 -0.0989083352  5.0000000000
-0.8604646265  0.3514416175  0.0997919389  5.0000000000
 0.1432586170  0.6163351052 -0.0628453265  5.0000000000
-0.1566562229 -0.7128332325 -0.0751877906  5.0000000000
 0.6772415049  0.6753214004 -0.2895057770  5.0000000000
 0.8963869631  0.2787221090 -0.0005964176  5.0000000000
-0.4098423313 -0.8934039820 -0.1427836953  5.0000000000
 0.5628136368 -0.1220981821  0.2897572205  5.0000000000
 0.9671827382  0.1983693643  0.1498501952  5.0000000000
-0.9742398669  0.5026307098  0.2324538253  5.0000000000
 0.5078789600  0.2460307903 -0.0258698170  5.0000000000
-0.3268957882 -0.2666382096 -0.0460061216  5.0000000000
 0.4550311328 -0.1280868328  0.2121180957  5.0000000000
-0.8354758423  0.1801104086  0.1143383290  5.0000000000
-0.5924683052 -0.2175835722  0.0093144639  5.0000000000
-0.2755887759 -0.0256543258  0.0653206162  5.0000000000
 0.6615731284 -0.6576778405 -0.0258067038  5.0000000000
 0.7798403477  0.7735399853 -0.3260212367  5.0000000000
-0.1585847790 -0.4381201375 -0.1704825114  5.0000000000
-0.5405265488  0.9643562625 -0.0270712916  5.0000000000
-0.4384543371 -0.2544855597 -0.0122191767  5.0000000000
-0.6582773065 -1.0610847995 -0.1583329190  5.0000000000
-0.8849228574 -0.9460276038 -0.0967591706  5.0000000000
 0.8182910625 -0.6433319144  0.1019144895  5.0000000000
-0.1924150696 -0.6091965175 -0.1784786855  5.0000000000
 0.7464089549 -0.4913321833  0.1454987312  5.0000000000
-0.3598487792  0.1391498785  0.0867845198  5.0000000000
-0.2240924509  0.3975544283  0.0237623779  5.0000000000
-0.0198092362  0.7739801682 -0.1385995490  5.0000000000
-0.6336646881 -0.9910809961 -0.1427814107  5.0000000000
 0.0789934548  0.1164987866  0.0136402363  5.0000000000
 0.4076707995 -0.0427457270  0.0764583072  5.0000000000
-0.2212677527 -0.7093865241 -0.1003940434  5.0000000000
 0.7062619613 -0.2440796769  0.2979809688  5.0000000000
-0.4427139688  0.2772330204  0.0849553237  5.0000000000
 0.2343508354  0.1320209284 -0.0127691800  5.0000000000
-0.6075317481 -0.8971782605 -0.1485388907  5.0000000000
-0.3940428963  0.2849891636  0.0734781650  5.0000000000
-0.9909368317 -0.1423819337  0.0744482778  5.0000000000
 0.3971471234 -0.8612021195  0.0980902492  5.0000000000
-0.4475439779 -0.7916403612 -0.1307170443  5.0000000000
 0.3217413470  0.4632721894 -0.2129435774  5.0000000000
 0.9007827076  0.2685692493  0.0076032496  5.0000000000
 0.1841792056  0.8338710756 -0.1147506586  5.0000000000
 0.7274706412 -0.5233421496  0.1110129531  5.0000000000
 0.6106412727 -0.4784657907  0.0751955260  5.0000000000
 0.7924987939  0.3270626056 -0.0315876762  5.0000000000
-0.1397401032  0.1726679151  0.0486701368  5.0000000000
-0.9802958859  0.6216715082  0.2809821416  5.0000000000
-0.7082481445  0.0148291305  0.0628271266  5.0000000000
-0.1486098943 -0.1708916949 -0.0204046779  5.0000000000
-0.7317968860 -0.6351958211 -0.0544650534  5.0000000000
 0.4625540367  0.5793834259 -0.2951064682  5.0000000000
 0.3177631648  0.7616075818 -0.2289760522  5.0000000000
-0.3725550981 -0.4701673635 -0.1215931532  5.0000000000
 0.9778940713  0.1544436489  0.1824088557  5.0000000000
 0.3380868201 -0.0591262498  0.0602403952  5.0000000000
 0.4424774415  0.4207191557 -0.2487031253  5.0000000000
-0.1566717487 -0.5549539553 -0.1729194744  5.0000000000
 0.6110455421 -0.2948814565  0.2533332860  5.0000000000
-0.4830711318 -0.7589707739 -0.1759642820  5.0000000000
-0.1913074136  0.9609983993 -0.1516371745  5.0000000000
 0.3190768543  0.2421841645 -0.0640723715  5.0000000000
-1.1377536071  0.7482607930  0.2201482066  5.0000000000
-0.8123121613  0.8215780923  0.1751306122  5.0000000000
 0.1249762469 -0.0864236574  0.0132572367  5.0000000000
 0.4437430722  0.8191393955 -0.3298740554  5.0000000000
-0.5373057313 -0.2373249526  0.0160298517  5.0000000000
 0.2198023671  0.6909651557 -0.0808275231  5.0000000000
 0.1199335111  0.8313185811 -0.1020362217  5.0000000000
 0.1778679425  0.2404270007 -0.0394569047  5.0000000000
-0.9596603967  0.7787376955  0.1851275988  5.0000000000
 0.7265530730 -0.8887383402 -0.0556231512  5.0000000000
-0.8619940644 -0.2415041509  0.0416538223  5.0000000000
-0.5235087165  0.9539656445 -0.0274546993  5.0000000000
 0.7310481173 -0.1806814060  0.3369267671  5.0000000000
 0.9219786820 -0.4955019170  0.2879432581  5.0000000000
 0.0672357673  0.1829730442  0.0627860088  6.0000000000
-1.0187556847 -0.4905568986 -0.1780922561  6.0000000000
-0.4376309435 -0.0998960144 -0.0789084235  6.0000000000
-0.2960095359  0.4251707429  0.1012160917  6.0000000000
-0.7638824669  0.5122421795  0.1071011849  6.0000000000
-0.3142982697 -0.9405823599  0.0966394414  6.0000000000
-0.4739227645  0.2262578734  0.0826576477  6.0000000000
 0.7252956552 -0.4102094552  0.2669102514  6.0000000000
-1.0651289793 -0.0154801193 -0.0693432380  6.0000000000
-0.4932323807  0.2098269399  0.0643285728  6.0000000000
-0.9616374275  0.1740330606 -0.0259344951  6.0000000000
-0.7080879699 -0.7745224498  0.1294816908  6.0000000000
-0.7262914941 -0.1558911796 -0.1562244965  6.0000000000
-0.4854557473  0.3340306527  0.1493833982  6.0000000000
 0.4508717061  0.0633885168 -0.0579564138  6.0000000000
-0.5339839547 -0.4936255140 -0.1225210862  6.0000000000
 0.4983639219  0.6515165841  0.1092803749  6.0000000000
-0.2531481445 -0.7684418280  0.1543762246  6.0000000000
-0.4443687976 -0.3648013742 -0.1487877925  6.0000000000
 0.7105628964 -0.0679221242 -0.1048233005  6.0000000000
-1.1683286400  0.1489852560 -0.0820490926  6.0000000000
-0.8024825986  0.1440790924 -0.0277350166  6.0000000000
 0.6529038033 -0.0801906118 -0.0901762067  6.0000000000
-1.0625068452  0.3300310825  0.0671656613  6.0000000000
-0.6666014372  0.7443134433  0.0758756646  6.0000000000
 0.9275731553 -0.2887912538  0.1437374959  6.0000000000
 1.2580037759  0.2739950625 -0.1358601448  6.0000000000
 0.2657681990 -0.1668852394 -0.0125859164  6.0000000000
-0.3560200146 -0.5921093201  0.0938133997  6.0000000000
 0.0720678891  0.0208016409  0.0132087813  6.0000000000
-0.8457654978  0.4683481202  0.1351196515  6.0000000000
 0.7436206968  0.6481247725  0.0097807698  6.0000000000
 0.4087658506  0.3131172793 -0.0227622630  6.0000000000
 0.0156418709  1.0143878199 -0.0193757801  6.0000000000
-0.0964527960 -1.3017602593  0.0752321883  6.0000000000
-0.6281942522 -0.7105846826  0.1719712743  6.0000000000
-0.9942081712 -0.5417657797 -0.1640708994  6.0000000000
-0.1637883554 -0.2686552535 -0.0805090700  6.0000000000
 1.1534411890  0.1260165317 -0.1549029162  6.0000000000
-1.0348453716 -0.4971059758 -0.1724952592  6.0000000000
 0.7549105140  0.3368380152 -0.0297911403  6.0000000000
 0.3844342180  0.9056063367  0.0158868566  6.0000000000
 0.0998533440 -1.3637601130 -0.0211153168  6.0000000000
-0.6077953987 -0.0490549578 -0.0469743139  6.0000000000
 0.8068326581 -0.0461488591 -0.1182020709  6.0000000000
 0.9447407402  0.1485606527 -0.1295929557  6.0000000000
-0.1283138844  0.1140474387  0.0572429455  6.0000000000
-0.5840470075  0.2508591654  0.0960877467  6.0000000000
 0.2496101806 -1.2071980453 -0.0949765595  6.0000000000
 0.7727709290 -0.2713943335  0.1142101519  6.0000000000
 0.8103827105 -0.3774152399  0.2486859723  6.0000000000
 0.4366627067 -0.1255203494 -0.0218650854  6.0000000000
 0.1814628277 -0.2358289693 -0.0464830401  6.0000000000
-0.1550925901  1.3331235091  0.0169546796  6.0000000000
-0.9687710979 -0.2346499666 -0.2447652204  6.0000000000
-0.6818971448  0.7723102818  0.0796745160  6.0000000000
-0.1839681864  0.8822022797 -0.0171636919  6.0000000000
-0.3236769070 -0.1492371551 -0.0870138316  6.0000000000
-0.0145855984  0.5034987846  0.0639392926  6.0000000000
-0.2223199918 -1.0142613653  0.0736743035  6.0000000000
 0.4572002628 -0.5140869170  0.1731676817  6.0000000000
 0.9625210693 -0.2255052649  0.1009730623  6.0000000000
-0.3445538036  0.5906038852  0.0687226904  6.0000000000
-0.0766989467 -0.7533737620  0.0542089504  6.0000000000
 0.8095570005  0.3139283981 -0.0391320557  6.0000000000
-0.6187718649 -0.4826983540 -0.1633241368  6.0000000000
-0.7224126672  0.2800626270  0.0810931756  6.0000000000
 1.0799800066  0.0625507373 -0.1257793123  6.0000000000
 0.3737280602  0.7552286259 -0.0032087552  6.0000000000
-0.8536024279  0.5262154645  0.0849553672  6.0000000000
-0.2805358063  0.5000380731  0.0695460026  6.0000000000
 0.7716928484 -0.4260695709  0.2518815046  6.0000000000
 0.9041010408 -0.2687734740  0.1095039773  6.0000000000
 1.0096085316  0.4323150527 -0.1093800006  6.0000000000
 0.8473429632 -0.1179734093 -0.0601503608  6.0000000000
 0.7225616539  0.4461523588 -0.1067361475  6.0000000000
 0.1259713288 -1.2843897866 -0.0295722909  6.0000000000
-1.0007406241  0.4364649082  0.1120036139  6.0000000000
-0.8456375506  0.1480771670 -0.0358051565  6.0000000000
-0.4067733603  0.4650695054  0.0950505042  6.0000000000
 0.3194453276  0.7901338688 -0.0205991880  6.0000000000
-0.3132406491  1.0137417273  0.0307989844  6.0000000000
 0.9626934715  0.1285742478 -0.1263604239  6.0000000000
 0.6030554425  0.1885808782 -0.0326612326  6.0000000000
-1.1492767018  0.2021285866 -0.0425053194  6.0000000000
-1.0018192757 -0.1691235031 -0.1936046270  6.0000000000
-0.9313527798 -0.0673172263 -0.1140744715  6.0000000000
-0.0184582926 -0.0459286937 -0.0120878594  6.0000000000
 0.1406997881 -1.3266864831 -0.0303595615  6.0000000000
 0.7556174365 -0.3294242809  0.2243064391  6.0000000000
 0.4935151956 -0.5156387340  0.1625491197  6.0000000000
 0.3305187572 -0.0510150988  0.0237239603  6.0000000000
 0.8217415129  0.1300572303 -0.1062588501  6.0000000000
 0.8647384252 -0.0521211757 -0.1208863352  6.0000000000
 0.1415336916 -1.2683259989 -0.0365571903  6.0000000000
 0.6487340779  0.4622811697 -0.1139573135  6.0000000000
 1.2941967654  0.2361856258 -0.1545311675  6.0000000000
 0.2227918920  0.7414495737  0.0060722245  6.0000000000
-0.7279224388  0.5732053178  0.0765086015  6.0000000000
 0.9019697810  0.3209675925 -0.0608990488  6.0000000000
-1.0289690046  0.0082979278 -0.0651732498  7.0000000000
-0.8279135863  0.0666315185 -0.0704482341  7.0000000000
 0.2484370687  0.1721334228  0.0611677896  7.0000000000
 0.0903941361 -1.3481687478 -0.0313794858  7.0000000000
 0.0471142968 -0.1619405988  0.0808789682  7.0000000000
-0.3911178309 -0.6027570984  0.1048262205  7.0000000000
-0.6920589258  0.6837272913  0.0559480289  7.0000000000
 0.3512484583 -0.2728619984 -0.1258502711  7.0000000000
-0.0585459472 -0.6115858095  0.0873229186  7.0000000000
-0.4887764798  0.1087297520 -0.0713377070  7.0000000000
 0.2281079948  0.4704029340  0.2017714765  7.0000000000
 1.0268850905 -0.1225838839 -0.1606179316  7.0000000000
 0.6051857359 -0.1499972669 -0.0510997721  7.0000000000
-0.8179211214  0.1354833170 -0.1090824524  7.0000000000
-0.8702755872  0.1679907806 -0.1197226747  7.0000000000
 0.7707621834  0.4967734242  0.1582304785  7.0000000000
-1.1384528014 -0.4982926960 -0.0082703705  7.0000000000
 0.7755295336 -0.3535614552 -0.1000070847  7.0000000000
 0.1537310149  0.3227617801  0.0951071288  7.0000000000
 0.9681895619 -0.1258576846 -0.1358651048  7.0000000000
 1.3634623664  0.0897259177 -0.0523206716  7.0000000000
-0.2845839669 -0.0162643437  0.1013279868  7.0000000000
 0.1635658212 -0.5504700010  0.0600191786  7.0000000000
 0.5295637656  0.2746429713  0.0577432026  7.0000000000
-0.3242261647  0.8855440081 -0.0304415560  7.0000000000
 0.8787149662  0.3679437206  0.0414200862  7.0000000000
 0.4253099341 -0.4826306161 -0.0798300271  7.0000000000
 0.2482042612  0.1142016906  0.0528162691  7.0000000000
-0.1601685943  1.1803824916 -0.1112922736  7.0000000000
-0.6165365135 -0.0106507907  0.0147653587  7.0000000000
-0.1625319651 -1.1268004926  0.0157878317  7.0000000000
 0.2778570104 -0.2429644057 -0.0790558063  7.0000000000
-0.4350662738  0.4006742941 -0.0874390296  7.0000000000
-0.6774797077 -0.7748586377  0.0604981419  7.0000000000
-0.6000836581  0.2081445140 -0.1127793447  7.0000000000
 0.6237698545 -0.9414351588 -0.1004525618  7.0000000000
 0.0637689724 -0.1668886470  0.0783975808  7.0000000000
-0.8194159121 -0.3603545774 -0.0235926433  7.0000000000
 0.2441944879 -1.0326011734 -0.0689472763  7.0000000000
 0.8114069894  0.0972730506 -0.0621332005  7.0000000000
 0.8414953170  0.3336755778  0.0172997798  7.0000000000
-0.7601803483  0.5650794369  0.0673265839  7.0000000000
 0.3758795737 -1.0096026867 -0.0539410078  7.0000000000
 0.7771093235  0.0285931089  0.0174898107  7.0000000000
-0.5401020019 -0.8007121894  0.1303374743  7.0000000000
 0.0552876719 -0.0437603653  0.0687616100  7.0000000000
-0.1539599388  0.0519525571  0.0822541900  7.0000000000
-0.4822185331 -0.3508864629  0.1848472893  7.0000000000
-1.0507959968 -0.3749434937  0.0646335784  7.0000000000
 0.4506248967 -0.5176424561 -0.0707982086  7.0000000000
 0.7355762307 -0.4850756745 -0.0845664753  7.0000000000
 0.1946730938 -0.8647019360 -0.0476441482  7.0000000000
-0.6554138308 -0.0901718648  0.0458783442  7.0000000000
 0.4335582003 -0.6198736600 -0.0558731078  7.0000000000
-0.3474067936  1.1391663569 -0.0776466350  7.0000000000
 0.2394677835  0.0214820534  0.0128321788  7.0000000000
-0.2735405340 -0.3423007122  0.2082718962  7.0000000000
-0.8582884516 -0.2471181043  0.1012388655  7.0000000000
 0.5263545230  0.5599639493  0.2247455912  7.0000000000
-0.3014576386  0.7531978129  0.0655249747  7.0000000000
 1.0845247843  0.3121323014 -0.0285360209  7.0000000000
-0.1157962335  0.1032110292  0.0931953011  7.0000000000
-0.8974016572  0.4142682977 -0.0163892651  7.0000000000
-0.2427235453  0.7487191964  0.0059842365  7.0000000000
 0.8954813721  0.2789749988 -0.0262058814  7.0000000000
 0.2417454404 -0.3669695769  0.0031119874  7.0000000000
-0.9266062880 -0.5174555053 -0.0653174685  7.0000000000
 1.1441326229  0.0338628039 -0.0259738840  7.0000000000
-0.4058849015  0.1280758755 -0.0684915311  7.0000000000
 0.2847259530  0.4638487324  0.1628839469  7.0000000000
-0.7554183887  0.2364929647 -0.1130425037  7.0000000000
 0.9261564421 -0.1071783960 -0.1296995573  7.0000000000
 0.4977204879 -0.7754660296 -0.0804424239  7.0000000000
-0.1829833717  1.3230271980 -0.1162691339  7.0000000000
 0.6245270287  0.6960363060  0.2363286161  7.0000000000
-1.0227160420  0.0661916234 -0.0964929414  7.0000000000
-0.2381305640  1.1185721151 -0.1181059919  7.0000000000
-1.0442838616 -0.0189599065 -0.0472260773  7.0000000000
-0.3225826982 -0.4743287387  0.0754267346  7.0000000000
 0.2724660735  0.6315825384  0.0945989296  7.0000000000
 0.5998817866  0.7022159632  0.2260899560  7.0000000000
 0.4502759207  0.7311304204  0.1461943348  7.0000000000
 0.6835066187 -0.2746257686 -0.0668146043  7.0000000000
-0.0062400503  0.0630379542  0.0421095081  7.0000000000
 1.2634700931  0.2076611532 -0.1217470765  7.0000000000
-0.3872706533 -0.6464164098  0.1107639253  7.0000000000
 0.1121621302 -0.8702872189  0.0005199017  7.0000000000
-0.6777349680 -0.4947675745  0.0106364819  7.0000000000
-0.1855670254 -0.4859703323  0.0838168103  7.0000000000
-0.9156973201  0.2935254894 -0.1770560790  7.0000000000
-0.7772656662 -0.1522397027  0.0682500728  7.0000000000
 0.4038086588  0.3811458109  0.1445804518  7.0000000000
 1.1795401806  0.1395247192 -0.1007697683  7.0000000000
-0.0671466932  0.7281641941 -0.1665062964  7.0000000000
-0.3624018784  1.0445160434 -0.1082753099  7.0000000000
-0.9735760354  0.2332893891 -0.1561431450  7.0000000000
-0.6618163236  0.0407288813 -0.0057227316  7.0000000000
-0.1595648105  0.7285083994 -0.0884756635  7.0000000000
 1.2010945857  0.0252760659 -0.0022225695  7.0000000000
-0.2443532130 -0.6933152752  0.0495722285  7.0000000000
 0.2598402464  0.9889184552 -0.1149633494  8.0000000000
-0.0493594864 -0.4467808209  0.0021582105  8.0000000000
-0.4628033712 -0.0697166810 -0.0667446080  8.0000000000
-1.0069638700  0.3299404475 -0.1308672182  8.0000000000
 0.6604214058 -0.3577579647 -0.0675847796  8.0000000000
-0.2161847461 -0.4559389358  0.1168891841  8.0000000000
-0.4338407378 -0.3331188679  0.1400148252  8.0000000000
 0.4407001831 -0.2238673035 -0.1144100232  8.0000000000
 0.0863370515 -0.9294273977 -0.1252998560  8.0000000000
-0.3936899998 -0.5989033837  0.2173278045  8.0000000000
 0.1959865906 -0.6381090082 -0.2405878454  8.0000000000
 0.6265879900  0.9225519527  0.1445846427  8.0000000000
-0.8179233038  0.1586309512 -0.0553144087  8.0000000000
 0.1786208633 -0.6028920642 -0.2269038052  8.0000000000
-0.2037986479  0.5825549850  0.0068227316  8.0000000000
 0.2367390428 -0.1968572950 -0.1389712215  8.0000000000
-0.7424654114  0.3852096207 -0.0327193566  8.0000000000
 0.8805095835  0.0959319544  0.1152560055  8.0000000000
 0.9434489746  0.3572903776  0.0414319380  8.0000000000
 0.5781659276 -0.0440134842  0.0585433867  8.0000000000
 0.6339721016  0.5251558856  0.2115453400  8.0000000000
 0.6264577762 -0.1824554465  0.0339576352  8.0000000000
-0.4536837355 -0.3317636027  0.1264357961  8.0000000000
-0.7108138371 -0.1236443596 -0.1020756775  8.0000000000
 0.2120885295  1.2292527093 -0.2106278400  8.0000000000
-0.3398408429 -0.3569891495  0.1552160442  8.0000000000
-1.0543649564  0.3169128241 -0.1398146884  8.0000000000
 0.2503590854 -0.2837444373 -0.1448277558  8.0000000000
-0.9339283442  0.5616711172  0.0339858526  8.0000000000
 0.5543389663  0.5115156987  0.2304875066  8.0000000000
 0.9546284693  0.2069619486  0.1192958127  8.0000000000
 1.2712842004 -0.1606025791 -0.0302456404  8.0000000000
 0.1112272835 -0.4608295045 -0.1210982798  8.0000000000
-0.7645864298  0.1810061824 -0.0949472162  8.0000000000
-0.3955285156 -0.2254083624  0.1499413146  8.0000000000
 0.5582037546  0.7497009266  0.1399733729  8.0000000000
 0.1021005272 -0.6743850130 -0.1817105049  8.0000000000
 1.1578719936 -0.3038962481 -0.0342192754  8.0000000000
-0.5228415193 -0.8804580411  0.3066056648  8.0000000000
-0.3890901792  0.5792160468  0.1627980568  8.0000000000
 0.9090487701  0.1664652002  0.1228746730  8.0000000000
 0.5354579860 -0.3803253596 -0.1451757744  8.0000000000
-0.0833123662 -1.0219059067 -0.0475948802  8.0000000000
 0.6123226100 -0.4614053277 -0.1549394065  8.0000000000
-0.1798477964  1.0160945663 -0.0546553603  8.0000000000
-0.0553020679 -0.1149949287 -0.0056689147  8.0000000000
 0.2003233398  1.1425561239 -0.2009734686  8.0000000000
-0.3969451059 -1.0990959100  0.1179513414  8.0000000000
 0.3695969790  0.6070520112  0.1273183795  8.0000000000
 0.2673425984  0.8958411811 -0.0907592094  8.0000000000
-0.4576092651 -0.4526808716  0.1930839507  8.0000000000
-0.0027225514 -0.8846613102 -0.1145531230  8.0000000000
-0.3397836653 -0.9529771348  0.0773175234  8.0000000000
 0.2046913283 -0.2795919734 -0.1353581483  8.0000000000
-0.0474497787  0.5996729017 -0.2566358863  8.0000000000
-0.4527796321 -0.5811883744  0.2343944983  8.0000000000
 0.8453785182 -0.4505772481 -0.1043910444  8.0000000000
-0.3030869290 -1.0504755144  0.0464048724  8.0000000000
 0.4890026060  0.7803454232  0.1175455329  8.0000000000
 0.0583501252  0.6421194415 -0.2315790464  8.0000000000
 0.6088372024 -0.6152500426 -0.0901286787  8.0000000000
-0.4465811683  0.8257877902  0.1298138790  8.0000000000
-0.3423754377 -0.3547189837  0.1557212847  8.0000000000
 0.7456241179  0.7371054479  0.1346687801  8.0000000000
 0.7169573634 -0.5303228927 -0.1019263020  8.0000000000
 0.2930146363 -0.7920938358 -0.1526978682  8.0000000000
-1.0603678545  0.1608202858 -0.1054343640  8.0000000000
 0.0756713533  0.7423265722 -0.2241057608  8.0000000000
-0.6251884707  0.5274035276  0.1289449959  8.0000000000
 1.3491429268 -0.2870384524 -0.0545381244  8.0000000000
-0.4325139709 -0.4128566381  0.1810707684  8.0000000000
-0.6168213312  0.3133141510  0.0407471359  8.0000000000
-1.2594882944  0.4248041836 -0.1096712947  8.0000000000
 0.4611756045 -0.6928639077 -0.1131873541  8.0000000000
 0.0341772539 -0.3655697885 -0.0684893616  8.0000000000
-0.9650385805  0.0643925756 -0.0982477119  8.0000000000
 0.9367549865  0.0824578826  0.1019981089  8.0000000000
 0.6493729472  0.5650004392  0.1890839491  8.0000000000
-0.5601792075  0.1169529360 -0.1170785972  8.0000000000
-0.7942215507  0.3532466957 -0.0555731313  8.0000000000
 0.4129106790  0.7294514136  0.1034917249  8.0000000000
-0.2851811537 -0.5385646210  0.1641321896  8.0000000000
 0.7901767107  0.7511459014  0.0978990674  8.0000000000
 0.2123461664  0.2303284533  0.0818115462  8.0000000000
-1.0424082324  0.3409283931 -0.1423854885  8.0000000000
 0.1522231857  0.6408555263 -0.1257862719  8.0000000000
-0.7797348560 -0.2147850146 -0.0807312870  8.0000000000
-0.6579910316  0.5447098971  0.1103949802  8.0000000000
-0.8160389321 -0.2823703677 -0.0358078238  8.0000000000
-0.3931653675 -0.6603207972  0.2270222565  8.0000000000
-0.0591987174 -1.1554614023 -0.0354939920  8.0000000000
-0.1684083487  0.6619799017 -0.0447599151  8.0000000000
 0.4068956925 -0.1110095250 -0.0772077267  8.0000000000
 0.7505727733 -0.1167005614  0.0679760750  8.0000000000
-0.5739627757  0.8245691245  0.1314262802  8.0000000000
-0.5819630578 -0.2531314682  0.0254755543  8.0000000000
-0.0729045205 -0.4105484229  0.0278879077  8.0000000000
-0.1668066694 -0.2205396338  0.0586553968  8.0000000000
-0.8077178545  0.5938422745  0.0507734056  8.0000000000
 1.1115454691 -0.1384061395 -0.0096885166  8.0000000000
 0.5348596582 -0.8115726851 -0.1086081386  9.0000000000
 0.2384542377 -0.0945513139 -0.0934903655  9.0000000000
 0.2156862186 -0.1043256936 -0.1062205707  9.0000000000
-0.4388220035 -0.2945121328 -0.0249903215  9.0000000000
-0.3460976340 -0.0623608053 -0.0088761160  9.0000000000
 1.1082695596  0.4562023504  0.0874412777  9.0000000000
-0.2073489183  0.0196888700 -0.0723069181  9.0000000000
 1.0364289800  0.4958879317  0.0791095640  9.0000000000
-0.5042778444  0.7203882763  0.0664574717  9.0000000000
 0.8096665208 -0.2777808810  0.1290492222  9.0000000000
 0.3431186971 -1.0522368406  0.0660253642  9.0000000000
 0.2057309606 -0.1830652142 -0.1229159115  9.0000000000
 0.4048404314  0.6144085789 -0.0277881038  9.0000000000
 0.1686715250 -1.1669340134 -0.0226310612  9.0000000000
-0.4298902215 -0.2131731240 -0.0066262974  9.0000000000
-0.1899200554  0.4904673385 -0.0068563582  9.0000000000
-0.3570686326 -0.4676537266  0.1119188189  9.0000000000
 0.1935813229  0.8512294913  0.0434009237  9.0000000000
-1.1721726695 -0.0137418431  0.0259489513  9.0000000000
 0.4233958490  0.6591589598 -0.0588948751  9.0000000000
 1.0649724041  0.4269345874  0.1040038638  9.0000000000
-0.1473487926 -0.8769103240  0.0961143502  9.0000000000
-1.0124235990 -0.1280708452  0.1176922822  9.0000000000
 0.3661281581 -0.3630953485 -0.0620373673  9.0000000000
-0.0003638072  0.6839234628 -0.0111686252  9.0000000000
-0.5854493069  0.7521148929  0.1089072739  9.0000000000
-1.0648414836 -0.1218046711  0.1061213908  9.0000000000
 0.1338599421 -0.5518098184 -0.0201682994  9.0000000000
-0.4782868488  0.1602622384 -0.0649081930  9.0000000000
 0.5713343311  0.0105579951  0.0483506969  9.0000000000
 1.1542262766  0.0497112815 -0.0177768094  9.0000000000
-0.8837576469  0.2974318845 -0.1270551565  9.0000000000
-0.6995945626 -0.4180824167  0.0776117757  9.0000000000
 0.2371443212  0.8818405913  0.0428910704  9.0000000000
-0.1437201116 -0.6579372953  0.0313203780  9.0000000000
 0.1802890069  0.0263627576  0.0035768639  9.0000000000
 0.1945945116  1.0981286939 -0.0055954410  9.0000000000
-0.0337458024 -0.0338778691 -0.0738209229  9.0000000000
-0.0635732467  0.2754690540  0.1247712372  9.0000000000
-0.5173299230  0.2246853700 -0.1689183112  9.0000000000
-0.6114701668 -0.0880276619 -0.0033607388  9.0000000000
 0.5045028571 -0.5393421032 -0.1355709848  9.0000000000
-1.1381040646 -0.3499227125  0.1438747308  9.0000000000
 0.3076797942 -1.2198760711 -0.0062377513  9.0000000000
 1.2745135596  0.1079273150  0.0389090882  9.0000000000
-0.4599981853  0.1110587242 -0.0058364273  9.0000000000
-0.6125260084  0.3082348291 -0.1436260772  9.0000000000
 1.0828356701  0.2329539348  0.0804169825  9.0000000000
 0.8229023054  0.0231380864 -0.0276614225  9.0000000000
-0.0796796233 -0.0145664116 -0.0806364709  9.0000000000
 0.5127082248  0.4680294833  0.1299320010  9.0000000000
 0.5323703656 -0.0005021931  0.0419562689  9.0000000000
 0.3806800657  0.6422337204 -0.0708460528  9.0000000000
-0.6269889369 -0.2854818410  0.0930950461  9.0000000000
 0.8114669360  0.2574716463  0.0720643530  9.0000000000
 0.1438769933  1.0037216459 -0.0071165564  9.0000000000
-0.3640536305  0.9069197028  0.0189076440  9.0000000000
 0.5985234001 -0.7615231473 -0.0906571576  9.0000000000
-0.9728338339 -0.4589000864  0.1740199572  9.0000000000
 0.1243842437  1.0222184777 -0.0349708284  9.0000000000
-1.0280664802 -0.2791844970  0.0933571835  9.0000000000
 0.3291961554 -1.1626491862  0.1113290139  9.0000000000
-1.3054411682 -0.2694177181  0.1648018224  9.0000000000
-0.5418667918 -0.7515498592  0.1341818533  9.0000000000
 0.5217402716 -0.9368336808 -0.2114985660  9.0000000000
-0.7483568566  0.2595906387 -0.1136859030  9.0000000000
-0.2990990658 -0.5762591508  0.0855806944  9.0000000000
-0.6950737819  0.3280827672 -0.1491229936  9.0000000000
 0.7547413315 -0.6401578070 -0.1603988460  9.0000000000
 0.3781635316 -0.6299558967 -0.0079295386  9.0000000000
 0.0905497899  0.5986074194 -0.0479614786  9.0000000000
-1.0087710079 -0.2487599564  0.0675508841  9.0000000000
 1.0040477382 -0.4156512682  0.1185514340  9.0000000000
 0.2665865293  0.1074654815  0.1103619421  9.0000000000
-0.4278850997 -0.5717113111  0.1071316028  9.0000000000
 0.0169960651 -0.2024060101 -0.0755564468  9.0000000000
 0.1075904196 -1.2007662354 -0.0344302950  9.0000000000
 0.0581972891  0.5741655050 -0.0431818570  9.0000000000
 0.2122596364 -0.1678729237 -0.1270103819  9.0000000000
 0.6301372383  0.6061987223  0.0336412335  9.0000000000
-0.9674368790  0.0926980570 -0.1339964507  9.0000000000
 0.8595061239 -0.5301605757 -0.1264680803  9.0000000000
 0.6948549365 -0.7612044542 -0.1245688150  9.0000000000
-0.7816016798  0.4137619671 -0.2352308079  9.0000000000
-1.0235242968  0.1466291175 -0.1652454525  9.0000000000
 0.2962268544  1.0433392138  0.0189476665  9.0000000000
-0.3813257434  0.1153607201 -0.0294463657  9.0000000000
-0.0380745833 -0.3925007277  0.0599233726  9.0000000000
 0.5353583570  0.3134024530  0.1502967609  9.0000000000
 0.1655672174  0.3061330115  0.0500819493  9.0000000000
-0.6035413983 -0.0489005837 -0.0358157686  9.0000000000
-0.8760126716  0.3696335708 -0.1502026311  9.0000000000
 0.5702847323  0.6367622472 -0.0053617927  9.0000000000
-0.6309811348 -0.0068628424 -0.0182713119  9.0000000000
 0.3341397440  0.2365729218  0.1206822379  9.0000000000
 0.4019131079  0.4460359926  0.1358176466  9.0000000000
 0.8681990594 -0.0841151500 -0.1267029771  9.0000000000
-0.3949575154  0.9170701859  0.0252650787  9.0000000000
-0.9498420331 -0.0520266039  0.0294677433  9.0000000000
 1.0655922909 -0.2496866365  0.0594024228  9.0000000000
