 0.0715789712 -0.0141278310  0.1535358713  1.0000000000
 0.2722105393  0.7712016716 -0.1179295936  1.0000000000
-0.7758329354  1.0056391689  0.1398172507  1.0000000000
-0.9590611021  0.6734731596  0.1996131016  1.0000000000
 0.2036133295 -0.6543872161 -0.0460694173  1.0000000000
-1.0419229003  0.1133245601 -0.2196645527  1.0000000000
 0.3355916330 -0.6439190465 -0.0215308805  1.0000000000
 0.5361471704 -0.0475524284  0.1139309432  1.0000000000
-0.1073577947 -0.0530079281  0.1273074703  1.0000000000
 1.0111251671  0.0617849594  0.1468974918  1.0000000000
-0.1159358375 -0.1183025941  0.0911491920  1.0000000000
 0.6331804830 -0.5931793309 -0.0550196021  1.0000000000
 0.2489208454 -1.0434573118 -0.1542638297  1.0000000000
-0.8391724812  0.4473430572  0.2105395285  1.0000000000
-0.8665314346 -0.6743571782  0.3364858388  1.0000000000
-0.8338252080 -0.5153136846  0.3275306175  1.0000000000
 0.9099404181  0.6829897978  0.0256526498  1.0000000000
-0.1197037369 -0.9153043848 -0.1105792721  1.0000000000
 0.3863161207  0.4518011753 -0.0681795367  1.0000000000
-0.2736359916 -0.9483100273 -0.1234397265  1.0000000000
 0.3107950092 -0.6148468066  0.0072333351  1.0000000000
 0.3101075576 -0.6703041781 -0.0337779120  1.0000000000
 0.2047071476 -1.0035548614 -0.1288848511  1.0000000000
 0.2531863877  0.0376746622  0.1384388292  1.0000000000
-0.3658157317 -0.8862022617 -0.1188615178  1.0000000000
-1.2318058834  0.1204108794 -0.2041009717  1.0000000000
-0.0061525154 -0.0664184068  0.1451851057  1.0000000000
 0.5721153871  0.4449024364  0.0509073765  1.0000000000
-0.1211352119  0.0578301774  0.0965442462  1.0000000000
 0.9829194018  0.4473302302 -0.0255434834  1.0000000000
 0.6429717620 -0.1491940485  0.0893619101  1.0000000000
-0.0293775806  0.5525348740 -0.0744803043  1.0000000000
-0.5890290405 -0.3434213281  0.2706309583  1.0000000000
-0.2616205330 -0.4918578989 -0.1203552502  1.0000000000
 0.6439067474 -0.4408481804 -0.0251041274  1.0000000000
 0.3021559544 -0.6010133350  0.0217402149  1.0000000000
 0.6971398912  0.6833982028 -0.0377915000  1.0000000000
-0.1415283038  0.6290380088 -0.1709918803  1.0000000000
 0.9079159804  0.5939152501  0.0436857077  1.0000000000
-0.5175769766 -0.6251269573  0.0415295961  1.0000000000
 0.8619768052  0.0738407938  0.1011088957  1.0000000000
-1.1796776678 -0.1426686723  0.0363206320  1.0000000000
-0.1637819903  0.4186300618 -0.1637496437  1.0000000000
 0.6833073098 -0.1717605089  0.1071717601  1.0000000000
 0.6453705383 -0.1063019980  0.1070864965  1.0000000000
-0.1587334088 -0.9861425493 -0.1235085887  1.0000000000
-0.9574757929  0.4557261196  0.1338637916  1.0000000000
-0.0157202777  0.8069547784 -0.1386170584  1.0000000000
-0.8600454679  0.4988989027  0.2086944681  1.0000000000
 0.0078478029 -1.0578036736 -0.0838756806  1.0000000000
-1.1200694487  0.3124956359 -0.0796875519  1.0000000000
 0.1803628145  1.0850467532 -0.1751078154  1.0000000000
-0.4089671097  0.5997595314 -0.1110312864  1.0000000000
 0.1459908801 -0.2954681644  0.0823398753  1.0000000000
 0.1521672592  0.6087494101 -0.0576044287  1.0000000000
-0.4594984764 -0.4945611632  0.0594249104  1.0000000000
-0.4649754008  0.8816159351 -0.0764658867  1.0000000000
 0.4812453964  0.4298657559 -0.0080515919  1.0000000000
 0.3237058194  0.5662409059 -0.1497550169  1.0000000000
 0.1277583404  0.5917851113 -0.0487009910  1.0000000000
-0.2580262327 -0.5966057742 -0.1638368845  1.0000000000
-0.0219941516 -0.0503690417  0.1453055886  1.0000000000
-0.8570253881  0.6425151496  0.2097211047  1.0000000000
 0.6125700771 -0.5266028881 -0.0216882884  1.0000000000
-1.1267715741  0.3507406256 -0.0581869530  1.0000000000
-0.1199269533 -0.0615688941  0.1209335340  1.0000000000
 0.0794714366 -0.9996430695 -0.1109352285  1.0000000000
-0.6230002834  0.5294015878  0.0809486902  1.0000000000
-1.3735151680  0.0639868252 -0.1575015732  1.0000000000
-0.6572771136 -0.5986828417  0.2035190214  1.0000000000
-0.7821464603  0.4535568280  0.2332615281  1.0000000000
-1.2921024256 -0.0320264473 -0.0638996010  1.0000000000
 0.9229978670  0.2305021465  0.0543419720  1.0000000000
 0.6483027919 -0.2368172080  0.0952196607  1.0000000000
 0.6234057614 -0.0124738927  0.1098511431  1.0000000000
-0.2221956371  0.3815366801 -0.1583893293  1.0000000000
-0.4207848246  0.3854592866 -0.1182503774  1.0000000000
 0.4941759679  0.7359333841 -0.1682654528  1.0000000000
-0.0271188293 -0.1111648772  0.1183687345  1.0000000000
 1.1254969157  0.5284398039 -0.0202512055  1.0000000000
 0.0111193292  1.2354113251 -0.2378622280  1.0000000000
 0.4672711843 -0.3290766959  0.0110339331  1.0000000000
 0.1981384964  0.8672304199 -0.1319107670  1.0000000000
-0.1491173823 -0.3191945920 -0.0531194853  1.0000000000
 0.1147360615 -0.6365826584 -0.1181605481  1.0000000000
 0.3836174364  0.4320729807 -0.0606517186  1.0000000000
 0.4939293942  0.3673877412  0.0318596618  1.0000000000
-0.4412431301 -0.8007469798 -0.1366284124  1.0000000000
 0.4171007517  0.1877402839  0.0776541448  1.0000000000
 0.4115172973 -0.1004608347  0.1213286097  1.0000000000
 0.3046570746 -0.9676314314 -0.1303450672  1.0000000000
 0.9925428831  0.4070688699 -0.0317641415  1.0000000000
 0.6873906070 -0.0752559332  0.1156763660  1.0000000000
-0.3116168665 -0.6103704493 -0.1311382788  1.0000000000
-1.0744285332  0.1045196053 -0.2045834589  1.0000000000
 0.2427891840 -0.7176940158 -0.0648674699  1.0000000000
 0.0180655976  0.7003559792 -0.0692781031  1.0000000000
 0.1006825130 -0.6404551995 -0.0995733337  1.0000000000
 0.9780126639  0.1314716572  0.1191542090  1.0000000000
 0.3699870322 -0.0473954675  0.1219056889  1.0000000000
 0.4506717463  0.6684529987  0.0830467736  2.0000000000
-0.7870754371  0.4670511676 -0.0971216558  2.0000000000
-1.0168290167  0.4000466101 -0.1007649451  2.0000000000
 0.0750775654  0.0691635703  0.0553834957  2.0000000000
 0.8522077677 -0.2753013018 -0.2158030180  2.0000000000
 0.3770828647  0.8551284049  0.1352704384  2.0000000000
-0.0205920504  0.7107834923 -0.1265479680  2.0000000000
-0.9126710415 -0.0556858594 -0.1278349287  2.0000000000
 0.3512509382  1.0926597778  0.1624370878  2.0000000000
 0.2997183714  0.6268905118  0.0530333314  2.0000000000
-0.0343770259 -0.7819896757  0.2390565412  2.0000000000
 0.4472032718  0.1466111387 -0.0532320523  2.0000000000
-0.1985081282 -0.6721367926  0.0468309782  2.0000000000
 0.5484710568 -0.2495861141 -0.0152304532  2.0000000000
-0.1257035299  0.6362950460 -0.1067713913  2.0000000000
 1.0224374725 -0.1282677474  0.0694136198  2.0000000000
-0.2164723130  0.2846345866 -0.0481676653  2.0000000000
 0.7484530514  0.6294152910  0.0634253588  2.0000000000
-0.9294516564 -0.2486704114  0.1015689492  2.0000000000
 0.1049075577 -0.4400092927 -0.0360069992  2.0000000000
 1.0114637727 -0.4904251867 -0.1773622496  2.0000000000
 0.3969204737  0.7308169831  0.1327431794  2.0000000000
-0.6229935217  0.3642736232 -0.0691926662  2.0000000000
 0.3381644752  1.0215675778  0.1605860816  2.0000000000
 0.4259947741 -0.4997240092 -0.0581180716  2.0000000000
 1.1036636599 -0.0636902483  0.1429529302  2.0000000000
-0.6518620186  0.7555710734  0.0384094711  2.0000000000
-0.4317987490  0.1563716135  0.1088621604  2.0000000000
-0.7388984974  0.2988627601 -0.0420410170  2.0000000000
-0.5346018166 -0.0676037078 -0.0979811720  2.0000000000
 0.0217986711  1.2239155070 -0.0234185582  2.0000000000
-0.1386386940  0.9858481629 -0.0595368922  2.0000000000
 0.0457793973  0.6096857051 -0.1023138242  2.0000000000
 0.1803935842  0.3415255939 -0.0299092995  2.0000000000
-0.3766314084 -0.8879768537  0.0511007103  2.0000000000
 0.6993751806 -0.1685391808 -0.0837535562  2.0000000000
-0.6399574771  0.3799187970 -0.0738654903  2.0000000000
 0.0872185821 -0.3380681077  0.0102232715  2.0000000000
-0.3554288980 -0.0312419997  0.0205101604  2.0000000000
-0.2450634301 -0.7806576128  0.0838008521  2.0000000000
 0.3967287432 -0.3335022049 -0.0067252329  2.0000000000
 0.4641339791  1.0033885280  0.1262671145  2.0000000000
-0.3575325044  0.5470572090  0.0309878182  2.0000000000
 1.0254540443 -0.2214273987 -0.0736240193  2.0000000000
-0.0188662083 -1.2247521074  0.0459374491  2.0000000000
 0.8713631814 -0.4892227779 -0.1774013276  2.0000000000
-0.0951439549  0.9456360927 -0.0495149068  2.0000000000
-0.8483448794  0.0243195430 -0.1839297922  2.0000000000
 0.7232927052 -0.6491416288 -0.2147619451  2.0000000000
-0.7954794366 -0.6213165511 -0.0232012405  2.0000000000
 0.2111142572  1.0134004389 -0.0006627873  2.0000000000
-0.6320034214 -0.4872300099  0.0514976212  2.0000000000
 0.6052647677 -0.3258872055 -0.0693416798  2.0000000000
-0.8230044925  0.3009785354 -0.0466890204  2.0000000000
-0.5743750352 -0.4122782996  0.1065087706  2.0000000000
-0.0226983349 -0.5226921420  0.0061836239  2.0000000000
 0.6378391982 -0.5941612359 -0.1589123526  2.0000000000
-0.5179896342 -0.6034197488  0.0119063967  2.0000000000
 0.2526434988 -1.0519854632  0.0318778137  2.0000000000
-0.2644634023 -0.2335879480 -0.0383394679  2.0000000000
 1.0875807633 -0.0516592290  0.1652780679  2.0000000000
 0.4534934384 -0.0442467210 -0.0247066384  2.0000000000
-0.3650649282  0.6371117579  0.0459159761  2.0000000000
 1.0201287219 -0.5163716350 -0.1954736394  2.0000000000
-0.2062597217 -0.8571620995  0.1827966976  2.0000000000
-0.3168509079 -1.3441253294  0.0407172089  2.0000000000
-1.1912704438 -0.0172409134 -0.0498948883  2.0000000000
 0.4666077780 -0.2197950063  0.0083101197  2.0000000000
-0.9398359302 -0.2195870160  0.0842973720  2.0000000000
 0.8352919153  0.3455272824  0.0442564576  2.0000000000
-0.5355487533  0.2652626993 -0.0189614482  2.0000000000
-0.6006037613 -0.6542908204 -0.0158268968  2.0000000000
 0.9566171367 -0.2356778346 -0.1058540714  2.0000000000
 0.2230766751  0.1230104067 -0.0950772671  2.0000000000
-0.8405600183  0.5672728698 -0.0557199483  2.0000000000
-0.2335061609 -0.2309875855 -0.0155753790  2.0000000000
-0.6941167379 -0.4669035774  0.0317325660  2.0000000000
 0.1032151144 -0.5525308044  0.0056846678  2.0000000000
 0.6006812644  0.5069827026  0.1325510531  2.0000000000
-1.2123328456  0.2069839704 -0.0612214962  2.0000000000
 0.1387175611  0.1002375288  0.0025703078  2.0000000000
-0.2114955205 -0.2421965757  0.0003140220  2.0000000000
-0.0575468294 -0.9367225401  0.2010298194  2.0000000000
-0.6592304751  0.3572108743 -0.0654789266  2.0000000000
 0.5003710905  0.3850504229  0.0936592000  2.0000000000
 0.4478642688  0.1204902036 -0.0569735071  2.0000000000
-0.7523091111 -0.3709988417  0.0606208991  2.0000000000
-0.3797151325 -0.0649257671 -0.0151869618  2.0000000000
-0.3889139830  0.2078201324  0.0699597331  2.0000000000
 0.2731720081  0.4947757066  0.0426117353  2.0000000000
 0.3881761118  0.2721884833 -0.0848143562  2.0000000000
 0.1918952980  1.2464534144  0.0095106918  2.0000000000
 1.2230780757 -0.2388197278 -0.0630754764  2.0000000000
-0.0848929125 -0.1055741015  0.0940286399  2.0000000000
 0.1065133122 -0.8793818031  0.1431936368  2.0000000000
 0.0787963120 -0.5476064581  0.0128236221  2.0000000000
-1.1286882522  0.2119714864 -0.0644332975  2.0000000000
-0.3435710453 -0.8442016855  0.0457055843  2.0000000000
 0.6928257366  0.4816127636  0.0896967061  2.0000000000
 0.5055782930 -0.2290481497 -0.0007349380  2.0000000000
 1.1076261400 -0.1929904105  0.0159625619  3.0000000000
-1.2681947989  0.1347465704 -0.0872018936  3.0000000000
 0.3566101580  0.9365169606 -0.0478578474  3.0000000000
 0.4799645483 -0.5465134653 -0.0942635814  3.0000000000
-0.2868508898 -1.1487288592  0.0029291955  3.0000000000
 1.0804358766  0.0998485599 -0.0178881204  3.0000000000
-0.2130270971  0.4033443599  0.0014325142  3.0000000000
-0.4712884900 -0.6945049410  0.1444627076  3.0000000000
 0.7935648522 -0.1015772043 -0.0345450838  3.0000000000
-0.4877654636  0.0688886856 -0.0778821052  3.0000000000
 0.2354029462 -0.4125949738 -0.0934413821  3.0000000000
 0.0879910808 -0.0666791163  0.0287142875  3.0000000000
-0.6555159084 -0.0676582712 -0.0734601708  3.0000000000
 0.3871154397 -0.5331202862 -0.0264730731  3.0000000000
-0.4452844545 -0.3941542207  0.1221369248  3.0000000000
 0.1900841056  0.2333682899 -0.0733996026  3.0000000000
 0.3032339096  0.5400832827 -0.1130904337  3.0000000000
-0.3962421777 -0.5011116251  0.0923699095  3.0000000000
-0.5988472523 -0.6487050909  0.1745626132  3.0000000000
-0.7102665614 -0.0298224350 -0.0929479436  3.0000000000
-0.7192962771  0.5640812687  0.0425627126  3.0000000000
 0.0220503021 -1.1182784795 -0.1154935518  3.0000000000
-0.6910003090  0.5676105398  0.0610830628  3.0000000000
 0.2489427001 -0.0396379473  0.0482234092  3.0000000000
 0.1391122613 -1.1463826652 -0.0721750717  3.0000000000
 0.8972797449  0.2230741042  0.0856718954  3.0000000000
 0.7751369366 -0.1468557091  0.0095183994  3.0000000000
 0.4797027660  0.5777968648 -0.0930189646  3.0000000000
-0.3252707706  0.4829977840  0.0997420792  3.0000000000
 0.0149525366 -0.5030514353 -0.1191997987  3.0000000000
-0.2453770172 -0.8625776627 -0.0003926424  3.0000000000
-0.7894841147 -0.4460696337  0.1193007106  3.0000000000
-0.9303496889  0.2710019932 -0.0962140728  3.0000000000
 0.3330632544  0.1358774844  0.0617917242  3.0000000000
 0.2454752956  0.7140165767 -0.1005830589  3.0000000000
 0.7154169821  0.0969780871  0.0154615649  3.0000000000
 0.6667551051  0.2782004270  0.1725452036  3.0000000000
 0.9857825162 -0.0530923955  0.0017298616  3.0000000000
-0.6306998028  0.3645475148 -0.0467021164  3.0000000000
-1.1673667627  0.1075377072 -0.0793937784  3.0000000000
 0.3648730829  0.5968561314 -0.0753671575  3.0000000000
 0.4057528610 -0.6521774985 -0.0674886116  3.0000000000
 0.3000084984  0.5137895048 -0.1018879979  3.0000000000
-0.3364064389 -0.3796161770  0.0518694071  3.0000000000
 0.7996230799  0.4191694456  0.0909380892  3.0000000000
-0.1166675021  0.2657539181 -0.0344991985  3.0000000000
 0.4646307117  0.6060012266 -0.0950108098  3.0000000000
-0.5338086617 -0.7612866795  0.1364555731  3.0000000000
 0.1236484292 -0.6214743437 -0.1377669308  3.0000000000
 0.0722238173 -0.0956343366  0.0071675097  3.0000000000
 0.1400097948 -0.4664045664 -0.0817685695  3.0000000000
-0.8909653609 -0.4696435967  0.0986716335  3.0000000000
 1.1767751352 -0.0653666492 -0.0092722986  3.0000000000
-0.2813252177  0.4216084062  0.0633052575  3.0000000000
 0.2712392193  1.0447381712 -0.0761965743  3.0000000000
-0.2728661830  1.0343862665  0.1067680380  3.0000000000
-0.6144187547 -0.1196359084 -0.0201000832  3.0000000000
-0.4465859501 -0.1772807511  0.1265649199  3.0000000000
 0.1389438267  0.3646610940 -0.1739243733  3.0000000000
-1.0420786457  0.2577871829 -0.1525098929  3.0000000000
-0.2597642066  0.9371511574  0.1004881738  3.0000000000
 0.1103521281  0.8623957580  0.0734602537  3.0000000000
 0.8451651727 -0.2919102677  0.0438699680  3.0000000000
-0.7558106074  0.0623927341 -0.0863722330  3.0000000000
-1.2288734084  0.3180112669 -0.0663008079  3.0000000000
-0.4829671155  0.3817183946  0.0914625033  3.0000000000
 0.7110813547 -0.2116096399  0.0986353119  3.0000000000
 0.2054046179  0.6532058644 -0.1279717369  3.0000000000
-0.7928482105  0.0019536149 -0.1222071306  3.0000000000
 0.5392789225 -0.4987639445 -0.0821178908  3.0000000000
 0.0173111254 -0.4041048212 -0.0925999202  3.0000000000
 0.3321593846 -0.5033394543 -0.0620032784  3.0000000000
 1.2296442524 -0.2461156388  0.0763823446  3.0000000000
 0.0069224844 -0.2918329026 -0.0788859292  3.0000000000
-0.4897423529  0.2517261152  0.0107431261  3.0000000000
-0.1937241921 -0.4612123193  0.0155044617  3.0000000000
-0.3067360927  1.0129904067  0.1031835353  3.0000000000
-0.1845306255 -0.1313873591  0.0410025780  3.0000000000
-0.2039078198 -0.2360016506 -0.0079405945  3.0000000000
 0.4313413191  0.5277509247 -0.0958923715  3.0000000000
-0.3149116445  0.8931778732  0.0966080111  3.0000000000
 0.5645215184 -0.2436445944  0.0777201252  3.0000000000
-0.0492804622  0.4739957149  0.0227025927  3.0000000000
 0.1391559690 -0.0354907515  0.0552212418  3.0000000000
 0.4861659378  0.0143844182  0.1196761281  3.0000000000
-0.3876699655 -0.2412758843  0.0923603565  3.0000000000
 0.1507441608 -0.6505607386 -0.1241840383  3.0000000000
-0.2267340566 -0.3590946606 -0.0122101176  3.0000000000
 0.0758232957  1.1269653475 -0.0500428424  3.0000000000
-0.6843379884 -0.5291630741  0.2119305609  3.0000000000
-0.5094933887  0.2020102316 -0.0383848139  3.0000000000
-0.2429670618  1.0856535658  0.1094683624  3.0000000000
-0.4660711534  0.0290377314 -0.0741928495  3.0000000000
 0.1715388961 -1.0874545024 -0.0348180180  3.0000000000
 0.6045209462  0.5130736807  0.0219269578  3.0000000000
 0.3745330078  0.0453073804  0.1199730926  3.0000000000
-0.3265623500 -0.8563845360  0.0542106414  3.0000000000
 0.9067835800  0.2824674898  0.0751017042  3.0000000000
 0.2029627682 -1.0828241121 -0.0027297540  3.0000000000
 0.7653444981 -0.1758398917  0.0466973211  3.0000000000
-0.1598302286 -1.0628490764 -0.0250253378  4.0000000000
-0.3020222683 -0.0774109231  0.0268529229  4.0000000000
-0.0416697700 -0.2735774656 -0.0039054161  4.0000000000
-0.0197258047  0.7980179680  0.0581668086  4.0000000000
 0.9133140073 -0.4736687721  0.0205780262  4.0000000000
 0.4435737224 -0.9115551379 -0.1240727521  4.0000000000
 0.1514591366  0.1865068930  0.0320759262  4.0000000000
 0.1362973946  0.1388058392  0.0182227041  4.0000000000
-0.2689907598  0.0576941145  0.0392864232  4.0000000000
 0.6745312397 -0.1907742493  0.0201712727  4.0000000000
 0.9107986493  0.3276291317  0.0793373169  4.0000000000
 0.8659436726 -0.0344819927 -0.0300617013  4.0000000000
 0.6423599457  1.0694424084 -0.1003770598  4.0000000000
-0.6084192701  0.5883732533  0.0708310243  4.0000000000
-0.3087083222  0.8872639819  0.0575915740  4.0000000000
-0.2564471518 -0.3529459017  0.0270278400  4.0000000000
-0.3141865631  0.7575639646  0.0349633026  4.0000000000
 0.2056891036 -0.0771528350 -0.0033477671  4.0000000000
-0.3393660569  0.2057147581 -0.0454566796  4.0000000000
-0.0608427260 -0.0188652901  0.0016790175  4.0000000000
-0.7372261137  0.7710423155  0.0448162617  4.0000000000
 0.7344175674  0.9948817073 -0.0299716782  4.0000000000
 0.5001102360  0.3495476139  0.0452405234  4.0000000000
-0.3110630669 -0.4596758694  0.0267491014  4.0000000000
 0.3783396268 -0.3438041937 -0.0184027469  4.0000000000
-0.3513939565  0.7129243935  0.0190207762  4.0000000000
-0.5351098764 -1.0221436645  0.0290973615  4.0000000000
-0.3591265226 -0.5821204370  0.0522496180  4.0000000000
 0.7800201258  0.9061548659  0.0393109009  4.0000000000
-0.1008758060  0.4003128377  0.0715307700  4.0000000000
-0.4803243069  0.1199978346 -0.0151279007  4.0000000000
 0.6067815341 -0.3732512587 -0.0124953685  4.0000000000
-0.5498676700  0.2732812037 -0.0723004727  4.0000000000
-0.7654143382  0.5742534275 -0.0596014189  4.0000000000
-0.6794477082 -0.2162659383 -0.0405167279  4.0000000000
 0.8103359810  0.2724463690  0.0971220685  4.0000000000
 0.4173226299  0.8995699347 -0.0671635636  4.0000000000
-1.0895697193  0.3976732130 -0.1244249546  4.0000000000
-0.6451659945 -0.0150760080 -0.0327829703  4.0000000000
-0.3570521259 -0.1850143578  0.0352973745  4.0000000000
 0.9825073904 -0.7722738465 -0.2548321254  4.0000000000
-0.2679717569 -0.5894037236  0.0238329779  4.0000000000
-0.0719664964  0.0881959283  0.0238666603  4.0000000000
-0.9702240270  0.3647609881 -0.1427011465  4.0000000000
 0.4708493831  0.5087674184  0.0955525384  4.0000000000
-0.0234955095 -0.3926801852  0.0068961225  4.0000000000
 0.7464914014 -0.0455473165 -0.0730854045  4.0000000000
 0.2221936014  0.1002608986 -0.0068780441  4.0000000000
 0.7087946605 -0.4947199880 -0.0887101609  4.0000000000
-0.4339758982 -0.3200298933  0.0014735879  4.0000000000
 0.8363850863 -0.0190288972 -0.0398195360  4.0000000000
 0.3818664613 -0.5535802218 -0.0738628373  4.0000000000
 0.2617930271 -0.4025792952 -0.0308430756  4.0000000000
-0.7931703711 -0.7713193433  0.1338481686  4.0000000000
 0.1147801388 -0.4139201069 -0.0644664113  4.0000000000
-0.9261741674 -0.1924943668 -0.0499482815  4.0000000000
 0.1307851310  0.6898461580  0.0653926693  4.0000000000
 0.6987236209 -0.2867338731  0.0865620767  4.0000000000
-1.1003691505  0.4381882397 -0.1176422608  4.0000000000
-0.5452258512  0.3322058615 -0.0947969833  4.0000000000
-0.3657814353 -0.5241353983  0.0322945500  4.0000000000
-0.7993580044 -0.7690926404  0.1341105823  4.0000000000
 0.8450636995  0.6634529786  0.1200178577  4.0000000000
 0.6653190033  0.0023460111 -0.0545642636  4.0000000000
-0.7394803713 -0.6477882594  0.0855094569  4.0000000000
-0.9910337733  0.5293753041 -0.0976647622  4.0000000000
 0.5835813294  0.5253383070  0.1004470821  4.0000000000
-0.0270265842  0.4880479973  0.0757788658  4.0000000000
 0.0114539449 -0.5351117027 -0.0363448035  4.0000000000
 0.0058652552  0.1825554438  0.0497376089  4.0000000000
 0.9766607004 -0.4567759185  0.0450141150  4.0000000000
 0.0847718608 -0.7403335522 -0.0403244118  4.0000000000
-0.6171362118  0.1690712613 -0.0056433625  4.0000000000
 0.1013354339 -0.6093796164 -0.0189363526  4.0000000000
-0.7604173519  0.2880247937 -0.1147921967  4.0000000000
 1.1042795648 -0.6190248287 -0.1610193130  4.0000000000
-0.4105717071 -0.7159231153  0.2185549887  4.0000000000
-0.1307350815 -0.3969061585  0.0011324073  4.0000000000
-0.0930609749  0.1525736227  0.0105724045  4.0000000000
 0.9686201432  0.0126729504 -0.0050000996  4.0000000000
-0.8365474358 -0.0214824145 -0.0599003235  4.0000000000
 0.1075086990 -0.1599687848 -0.0002879024  4.0000000000
 0.4983425033 -0.0785524647 -0.0407520477  4.0000000000
 0.7611373474  0.6155682261  0.0993913239  4.0000000000
-0.7634782229  0.5398857356 -0.0703548523  4.0000000000
 1.0429213376 -0.2451520464 -0.0233805123  4.0000000000
-0.2483117716 -1.1087423725  0.0236679607  4.0000000000
 0.0493287667  0.2628100254  0.1023535874  4.0000000000
-0.2722499742  0.5688527833 -0.0000959555  4.0000000000
-1.0643917603  0.2319569133 -0.1330070033  4.0000000000
-0.5436231052 -0.2533388670  0.0271437462  4.0000000000
-0.4679060271  0.5539164193  0.0701703158  4.0000000000
-0.5298800312 -0.7362136100  0.2128305487  4.0000000000
 0.7169233721 -0.1180123978 -0.0295782699  4.0000000000
 0.6430811569  1.1091967947 -0.1006075528  4.0000000000
 0.3908623539 -0.0037937878  0.0109625125  4.0000000000
 0.6487036200  0.1718789261  0.0402033984  4.0000000000
 0.0300542440 -0.9688912768 -0.0604861901  4.0000000000
-0.0375462501  0.1947570317  0.0616662748  4.0000000000
-0.4893233821  0.1599585936 -0.0108423457  4.0000000000
 0.7173669332  0.2451380886  0.0236379083  5.0000000000
-0.3521497829  0.4505591382  0.0305609404  5.0000000000
 0.8890615414 -0.8316547840  0.0190285315  5.0000000000
 0.5646974776 -0.1110535364  0.2920748271  5.0000000000
 0.9207156322  0.3227272816 -0.0110822654  5.0000000000
-0.5719397577  0.3681321199  0.0852587119  5.0000000000
 0.2766665786  0.3646908287 -0.1983558268  5.0000000000
-0.2449200762 -0.8749599229 -0.1534356137  5.0000000000
-0.7464853288 -0.4065358115  0.0044149973  5.0000000000
-0.0394068717  0.7880471220 -0.1309139163  5.0000000000
-0.2267978095 -0.0561437134  0.0508059133  5.0000000000
-0.8185574782 -0.9636315908 -0.1055765237  5.0000000000
 0.7099177157 -0.5278107670  0.0310307474  5.0000000000
-0.9039616059  0.5155683152  0.1894121429  5.0000000000
-1.0621384332  0.6802640608  0.1985870867  5.0000000000
-0.1349631860 -0.0110278039  0.0529447838  5.0000000000
-0.1373044479 -0.4076920520 -0.1434400042  5.0000000000
 0.8426794479  0.0642735385  0.1301624556  5.0000000000
 0.2833919032  0.4223006229 -0.2012773548  5.0000000000
 0.6750689080 -0.3281095331  0.2073992614  5.0000000000
-0.5235839043 -0.0892040828  0.0880190882  5.0000000000
-0.3871048990 -0.5015854968 -0.0972474261  5.0000000000
 0.6561079471  0.2009966864  0.0078214668  5.0000000000
 0.4540840328  0.3086749867 -0.0906550355  5.0000000000
-0.8747249346  0.3069782231  0.1006350972  5.0000000000
 0.1149649443  0.6248336938 -0.0481743709  5.0000000000
-0.1350314266 -0.7161604263 -0.0823611693  5.0000000000
 0.6571074152  0.6926756625 -0.2342922213  5.0000000000
 0.8817217028  0.3087524959 -0.0112204953  5.0000000000
-0.3757221829 -0.9100010118 -0.1545289946  5.0000000000
 0.5705657565 -0.0977222242  0.2906360535  5.0000000000
 0.9494715122  0.2248108312  0.1421802599  5.0000000000
-0.9924690993  0.4663450142  0.1949779265  5.0000000000
 0.4966445918  0.2622968598 -0.0084575242  5.0000000000
-0.3196813039 -0.2705284804 -0.0055742301  5.0000000000
 0.4565260064 -0.1137955571  0.2280158810  5.0000000000
-0.8430646678  0.1439850391  0.1258801425  5.0000000000
-0.5801924673 -0.2387015794  0.0291783595  5.0000000000
-0.2726549311 -0.0352110350  0.0704309675  5.0000000000
 0.6885690945 -0.6292791397 -0.0544975253  5.0000000000
 0.7489193572  0.8007770998 -0.2488654199  5.0000000000
-0.1462879652 -0.4428633774 -0.1443304975  5.0000000000
-0.5776012872  0.9402975838 -0.0471000581  5.0000000000
-0.4221285087 -0.2714980232  0.0153353428  5.0000000000
-0.6035145529 -1.0813776085 -0.1760839992  5.0000000000
-0.8393787619 -0.9768998466 -0.1065895027  5.0000000000
 0.8440102298 -0.6074614706  0.0755995183  5.0000000000
-0.1648979674 -0.6167218846 -0.1301194280  5.0000000000
 0.7664003464 -0.4581699188  0.1258982109  5.0000000000
-0.3681715828  0.1191127474  0.0542089050  5.0000000000
-0.2431068238  0.3899717308  0.0161056965  5.0000000000
-0.0520322843  0.7734306267 -0.1369671825  5.0000000000
-0.5745961707 -1.0081936063 -0.1512135073  5.0000000000
 0.0731905787  0.1203643612  0.0121030435  5.0000000000
 0.4086291158 -0.0293810281  0.0842988855  5.0000000000
-0.1959803207 -0.7149668031 -0.0970733895  5.0000000000
 0.7174309876 -0.2105327016  0.3026258324  5.0000000000
-0.4554193289  0.2568567029  0.0717362695  5.0000000000
 0.2261414891  0.1376828975 -0.0256274576  5.0000000000
-0.5500988779 -0.9166071433 -0.1296154323  5.0000000000
-0.4083989994  0.2650824987  0.0529805065  5.0000000000
-0.9808483140 -0.1789765970  0.0761972633  5.0000000000
 0.4221567497 -0.8363790066  0.1449651003  5.0000000000
-0.3951456467 -0.8002690969 -0.1384861952  5.0000000000
 0.2966348250  0.4802072282 -0.1979087961  5.0000000000
 0.8861078500  0.2986629755 -0.0022433090  5.0000000000
 0.1330190373  0.8275054242 -0.1142273825  5.0000000000
 0.7492859865 -0.4906948011  0.0842173058  5.0000000000
 0.6317915784 -0.4513390796  0.0474499462  5.0000000000
 0.7807872594  0.3496651544 -0.0205881645  5.0000000000
-0.1450340575  0.1725734156  0.0252823083  5.0000000000
-0.9827112894  0.5993248717  0.2174314903  5.0000000000
-0.6949759684 -0.0152552523  0.0908679865  5.0000000000
-0.1391796796 -0.1765859680 -0.0018989038  5.0000000000
-0.6970841928 -0.6592889570 -0.0562593419  5.0000000000
 0.4458344332  0.6027580162 -0.2524078962  5.0000000000
 0.2958483219  0.7794971381 -0.2023977339  5.0000000000
-0.3510295587 -0.4837251797 -0.1106564081  5.0000000000
 0.9329695517  0.1500769388  0.1312449473  5.0000000000
 0.3402179597 -0.0486996587  0.0669286371  5.0000000000
 0.4211026678  0.4379874692 -0.2245005678  5.0000000000
-0.1394807697 -0.5554460193 -0.1480808597  5.0000000000
 0.6255362223 -0.2662125561  0.2501151462  5.0000000000
-0.4488662491 -0.7772585540 -0.1773897823  5.0000000000
-0.2262147823  0.9552848859 -0.1678386758  5.0000000000
 0.3042080403  0.2536325321 -0.0683260619  5.0000000000
-1.1687155629  0.6968369207  0.2158345864  5.0000000000
-0.8480677562  0.7860557730  0.1642075808  5.0000000000
 0.1288520050 -0.0839793791  0.0117009194  5.0000000000
 0.4133967334  0.8429609419 -0.3006904979  5.0000000000
-0.5224553323 -0.2535107403  0.0290629187  5.0000000000
 0.1810245471  0.6838426658 -0.1193860542  5.0000000000
 0.0708715737  0.8230594582 -0.1141831160  5.0000000000
 0.1656933824  0.2496066851 -0.0333626499  5.0000000000
-0.9941781168  0.7373593478  0.1784585933  5.0000000000
 0.7568910227 -0.8552622112 -0.0475096630  5.0000000000
-0.8478975666 -0.2756479487  0.0579099617  5.0000000000
-0.5622196782  0.9314251860 -0.0526973929  5.0000000000
 0.7404471664 -0.1443627965  0.3351798512  5.0000000000
 0.9758443880 -0.4155741235  0.1446755208  5.0000000000
 0.0617117815  0.1963464189  0.0007371839  6.0000000000
-1.0063862521 -0.5162990707  0.1640258709  6.0000000000
-0.4319726084 -0.1099301049  0.0545339183  6.0000000000
-0.3080959591  0.4236488538 -0.1095398427  6.0000000000
-0.7767010844  0.5017914654 -0.0804179120  6.0000000000
-0.2924235841 -0.9350980610 -0.0495373961  6.0000000000
-0.4808618669  0.2157406114 -0.0942575663  6.0000000000
 0.6789235566 -0.3956954241 -0.1557491410  6.0000000000
-1.0608902769 -0.0512916403 -0.0451044735  6.0000000000
-0.4994563195  0.1974289480 -0.0804256671  6.0000000000
-0.9639692738  0.1433603896 -0.0671430374  6.0000000000
-0.6696719954 -0.7757854571  0.0323579946  6.0000000000
-0.7174436968 -0.1788871097  0.1076460971  6.0000000000
-0.4954559995  0.3248860716 -0.1377792128  6.0000000000
 0.4464550060  0.0749488828  0.0092808677  6.0000000000
-0.5239734107 -0.5030474224  0.1860773145  6.0000000000
 0.4844729091  0.6725263193 -0.1526820367  6.0000000000
-0.2181045063 -0.7530648551 -0.0445039220  6.0000000000
-0.4329939876 -0.3751499752  0.1345197082  6.0000000000
 0.7107089224 -0.0696919133  0.0258432859  6.0000000000
-1.1717668221  0.1058810592 -0.0021196616  6.0000000000
-0.8051580152  0.1196900600 -0.0460114220  6.0000000000
 0.6524388743 -0.0653256057  0.0224942512  6.0000000000
-1.0708707229  0.3030644098 -0.1300805635  6.0000000000
-0.6871546686  0.7170815855 -0.0321717971  6.0000000000
 0.9378842367 -0.2756948463 -0.1866974607  6.0000000000
 1.2489553262  0.2810364443  0.1380791504  6.0000000000
 0.2649654983 -0.1562231013  0.0173357816  6.0000000000
-0.2967188497 -0.5802194414  0.1548936061  6.0000000000
 0.0711865910  0.0360557298  0.0395655577  6.0000000000
-0.8464278661  0.4586384118 -0.0901224555  6.0000000000
 0.7286928559  0.6710321139 -0.0273075015  6.0000000000
 0.4017306996  0.3299986316  0.0615516165  6.0000000000
-0.0102592186  1.0243125347  0.0871298236  6.0000000000
-0.0112589647 -1.2880555235  0.0102655547  6.0000000000
-0.5869476290 -0.7134214042  0.0463886874  6.0000000000
-0.9843628698 -0.5633053919  0.2059705743  6.0000000000
-0.1549669124 -0.2638570338  0.0570469598  6.0000000000
 1.1490581474  0.1379453664  0.1189813130  6.0000000000
-1.0228128572 -0.5235291852  0.1632851555  6.0000000000
 0.7388295387  0.3494004288  0.0970709256  6.0000000000
 0.3626906585  0.9190067268 -0.0068407621  6.0000000000
 0.1487463893 -1.3582832003 -0.0276660071  6.0000000000
-0.6041794249 -0.0667787462  0.0069558382  6.0000000000
 0.8060759175 -0.0408946337  0.0556702496  6.0000000000
 0.9349318251  0.1479915559  0.0875349408  6.0000000000
-0.1334119624  0.1170604968 -0.0308084561  6.0000000000
-0.5928747424  0.2345363691 -0.1350474676  6.0000000000
 0.3001966529 -1.1966438225 -0.0016331702  6.0000000000
 0.7804869899 -0.2519450013 -0.1951998783  6.0000000000
 0.7901869150 -0.3741101044 -0.1328488934  6.0000000000
 0.4363367874 -0.1165223499 -0.0112729105  6.0000000000
 0.1762697512 -0.2266988129  0.0451247251  6.0000000000
-0.1843682238  1.3346132601  0.0518132580  6.0000000000
-0.9585545452 -0.2660808701  0.1835663879  6.0000000000
-0.7044144146  0.7438336011 -0.0256945838  6.0000000000
-0.2047271055  0.8841171121  0.1149885221  6.0000000000
-0.3167961515 -0.1548003787  0.0452999135  6.0000000000
-0.0266885415  0.5106046582 -0.0012353500  6.0000000000
-0.2049947052 -1.0103138544 -0.0178091671  6.0000000000
 0.4547217435 -0.4912288300 -0.1621777310  6.0000000000
 0.9707449165 -0.2094353987 -0.1328295722  6.0000000000
-0.3574350404  0.5951690050 -0.0113202567  6.0000000000
-0.0611033526 -0.7480879158 -0.0283124965  6.0000000000
 0.7930616321  0.3148855609  0.0866642339  6.0000000000
-0.6105048582 -0.4924896379  0.1945107049  6.0000000000
-0.7303156361  0.2600211304 -0.1458149067  6.0000000000
 1.0771841714  0.0747698919  0.1087676811  6.0000000000
 0.3573001209  0.7737880512 -0.1059818834  6.0000000000
-0.8630468025  0.5107189595 -0.0787356963  6.0000000000
-0.2938174999  0.4987060569 -0.0551032894  6.0000000000
 0.7278769245 -0.4140762663 -0.1671606233  6.0000000000
 0.9142001953 -0.2532876069 -0.1639930179  6.0000000000
 0.9858586469  0.4559512665  0.1474552981  6.0000000000
 0.8498308837 -0.1042541408 -0.0167963426  6.0000000000
 0.7117769367  0.4671901032  0.1429785584  6.0000000000
 0.1700611322 -1.2774583920 -0.0249011291  6.0000000000
-1.0009700629  0.4178609545 -0.1257773214  6.0000000000
-0.8494843775  0.1240964706 -0.0404811319  6.0000000000
-0.4181455383  0.4538805769 -0.0644443572  6.0000000000
 0.3031026592  0.8028709610 -0.0644205256  6.0000000000
-0.3389252098  1.0136692780  0.0835641338  6.0000000000
 0.9547520219  0.1325006463  0.0909329985  6.0000000000
 0.5890925089  0.1994400823  0.1087621656  6.0000000000
-1.1530293714  0.1631802817 -0.0679221140  6.0000000000
-0.9925984789 -0.2040495126  0.1092847923  6.0000000000
-0.9254562524 -0.0938610540  0.0112832116  6.0000000000
-0.0202813790 -0.0301950830  0.0255422302  6.0000000000
 0.1910981371 -1.3200547141 -0.0289391154  6.0000000000
 0.7602100015 -0.3147306068 -0.2190985766  6.0000000000
 0.4902084911 -0.4921266790 -0.1643848520  6.0000000000
 0.3283753459 -0.0409434380 -0.0533617662  6.0000000000
 0.8145272498  0.1447904813  0.0315382409  6.0000000000
 0.8642906548 -0.0419080460  0.0561023815  6.0000000000
 0.1857656036 -1.2604024282 -0.0268789678  6.0000000000
 0.6345515752  0.4819671721  0.1653074146  6.0000000000
 1.2891859121  0.2433169997  0.1312389199  6.0000000000
 0.2005166866  0.7467532972 -0.0075070237  6.0000000000
-0.7421782937  0.5611882495 -0.0394823397  6.0000000000
 0.8851782065  0.3319400986  0.0935647533  6.0000000000
-1.0157587811  0.0037909394 -0.1319679914  7.0000000000
-0.8160153715  0.0645116019 -0.1432030641  7.0000000000
 0.2550015010  0.1680035465  0.0101856253  7.0000000000
 0.0825870233 -1.3425383749 -0.0391548789  7.0000000000
 0.0568197541 -0.1640091888  0.0548288948  7.0000000000
-0.4050670841 -0.5731331564  0.0584964255  7.0000000000
-0.6999914436  0.6841338149  0.1313924323  7.0000000000
 0.3512994857 -0.2776050116 -0.0225692012  7.0000000000
-0.0619610441 -0.6048673133  0.0400404179  7.0000000000
-0.4817422695  0.0911821601 -0.0841423729  7.0000000000
 0.2339778481  0.4728738524  0.2535814845  7.0000000000
 1.0328426101 -0.1216936808 -0.0540435235  7.0000000000
 0.6064843198 -0.1401043541 -0.0396400171  7.0000000000
-0.8103478435  0.1341769722 -0.1723395060  7.0000000000
-0.8615564512  0.1659105545 -0.1613707399  7.0000000000
 0.7752844339  0.5012038736  0.1214508059  7.0000000000
-1.1376361855 -0.5034627461  0.0620732562  7.0000000000
 0.7766958112 -0.3449758655 -0.0712314868  7.0000000000
 0.1544382143  0.3232044238  0.0916534985  7.0000000000
 0.9720268484 -0.1319836960 -0.0604846055  7.0000000000
 1.3251537711  0.0964101958 -0.1484133602  7.0000000000
-0.2734402037 -0.0026852757 -0.0070954498  7.0000000000
 0.1634080979 -0.5582869710  0.1131606669  7.0000000000
 0.5307885403  0.2744790420 -0.0233768053  7.0000000000
-0.3296962684  0.8652661411  0.0190114347  7.0000000000
 0.8843750814  0.3714658994 -0.0476627298  7.0000000000
 0.4261750494 -0.4872513117  0.0500609762  7.0000000000
 0.2666180267  0.1093382496 -0.0244004290  7.0000000000
-0.1788494953  1.1661428737 -0.0037006002  7.0000000000
-0.6021627657 -0.0070758153 -0.0982438827  7.0000000000
-0.1762970128 -1.1110048791  0.0123090543  7.0000000000
 0.2768220688 -0.2508560740 -0.0118423458  7.0000000000
-0.4303123193  0.3840584732  0.1174752726  7.0000000000
-0.6849285617 -0.7695349122  0.0727591439  7.0000000000
-0.5801601702  0.2155040961 -0.1383126582  7.0000000000
 0.6300085271 -0.9476809647  0.1391940350  7.0000000000
 0.0721282372 -0.1690023617  0.0621518762  7.0000000000
-0.8078461519 -0.3591062302  0.0562975149  7.0000000000
 0.2407477304 -1.0406465789 -0.0215702067  7.0000000000
 0.7701206755  0.0905989772 -0.0659223064  7.0000000000
 0.8458057609  0.3392796459 -0.0609527225  7.0000000000
-0.7631141475  0.5661078518  0.1421521907  7.0000000000
 0.3775433443 -1.0115080937 -0.0283396590  7.0000000000
 0.6892957283  0.0341362716 -0.1322545663  7.0000000000
-0.5560029275 -0.7574729513  0.0522701500  7.0000000000
 0.0703747028 -0.0446799819 -0.0016604090  7.0000000000
-0.1408640325  0.0518567269  0.0070299728  7.0000000000
-0.4800491129 -0.3122040346  0.1196043686  7.0000000000
-1.0425173899 -0.3748217143  0.0838173498  7.0000000000
 0.4522828730 -0.5229399678  0.0631636098  7.0000000000
 0.7364711131 -0.4744792711 -0.0436357414  7.0000000000
 0.1955686428 -0.8705677045 -0.0194925511  7.0000000000
-0.6411921217 -0.0898044981 -0.0503024020  7.0000000000
 0.4363369730 -0.6263661228  0.0791502939  7.0000000000
-0.3465413288  1.1176795379  0.0064722276  7.0000000000
 0.2546201210  0.0187610490 -0.0118507453  7.0000000000
-0.2714453838 -0.3263268170  0.0935764926  7.0000000000
-0.8433304842 -0.2467097141  0.0622864182  7.0000000000
 0.5314752431  0.5614726134  0.1811962494  7.0000000000
-0.3106891802  0.7269739049  0.0599120306  7.0000000000
 1.0899047753  0.3169738223 -0.1122416355  7.0000000000
-0.1072787162  0.1036576493  0.0080239388  7.0000000000
-0.8753563061  0.4193488817  0.0323589107  7.0000000000
-0.2444442301  0.7218455705  0.0453294897  7.0000000000
 0.8995410295  0.2838033360 -0.1255588907  7.0000000000
 0.2437618617 -0.3756099598  0.0815534713  7.0000000000
-0.9248153466 -0.5195163584  0.0260677003  7.0000000000
 1.0875663990  0.0385856609 -0.1707690265  7.0000000000
-0.4005407839  0.1219061311 -0.0703306361  7.0000000000
 0.2900169647  0.4632696547  0.1885303584  7.0000000000
-0.7364252887  0.2405117381 -0.1669851777  7.0000000000
 0.9300161769 -0.1123988152 -0.0645436867  7.0000000000
 0.5049494772 -0.7825902204  0.0733450438  7.0000000000
-0.2006853502  1.3085988404 -0.0231785445  7.0000000000
 0.6303980834  0.6982982462  0.1802256872  7.0000000000
-1.0105056247  0.0639192236 -0.1613295442  7.0000000000
-0.2542702201  1.1007215903  0.0216706174  7.0000000000
-1.0323814214 -0.0217201021 -0.1104865849  7.0000000000
-0.3291850187 -0.4604807174  0.0716526661  7.0000000000
 0.2751329965  0.6319952764  0.1594105281  7.0000000000
 0.6061846635  0.7039359567  0.1762691085  7.0000000000
 0.4561768527  0.7282736239  0.1102267872  7.0000000000
 0.6815449327 -0.2710925288 -0.0194571276  7.0000000000
 0.0043668017  0.0630618138 -0.0314879370  7.0000000000
 1.2530858765  0.1998038000 -0.0762275547  7.0000000000
-0.4002314479 -0.6218736877  0.0775845956  7.0000000000
 0.1072894018 -0.8673848848 -0.0023905836  7.0000000000
-0.6694021097 -0.4936017642  0.0659869851  7.0000000000
-0.1898136187 -0.4730467880  0.0684941887  7.0000000000
-0.8957443497  0.2956414376 -0.2160271933  7.0000000000
-0.7622391924 -0.1467490870 -0.0156207786  7.0000000000
 0.4088320233  0.3806480048  0.0796529994  7.0000000000
 1.1344440087  0.1352726343 -0.1379769723  7.0000000000
-0.0723958451  0.7163191309 -0.0151948789  7.0000000000
-0.3494990957  1.0306763560 -0.0120942290  7.0000000000
-0.9507164577  0.2356021381 -0.2039013825  7.0000000000
-0.6501970606  0.0420610704 -0.1115164095  7.0000000000
-0.1655056584  0.7139603234  0.0189083096  7.0000000000
 1.1471646498  0.0332418210 -0.1720099561  7.0000000000
-0.2528064580 -0.6790064744  0.0364601323  7.0000000000
 0.2312728928  0.9960430425  0.1071235864  8.0000000000
-0.0341976730 -0.4531928752  0.0169557967  8.0000000000
-0.4679341823 -0.0822411257  0.0562219825  8.0000000000
-1.0197522640  0.3032731703  0.1337700142  8.0000000000
 0.6610413071 -0.3239330337  0.0838569303  8.0000000000
-0.2016649124 -0.4722533949 -0.0844966971  8.0000000000
-0.4077902175 -0.3405944025 -0.1282993671  8.0000000000
 0.4565552639 -0.1848301453  0.0221182129  8.0000000000
 0.1108584174 -0.9075917682  0.1081578771  8.0000000000
-0.3765047640 -0.6189684670 -0.2068012075  8.0000000000
 0.2318932715 -0.6170325253  0.1994264505  8.0000000000
 0.6034056030  0.9349497056 -0.0856893614  8.0000000000
-0.8064838070  0.1265202722  0.1118113236  8.0000000000
 0.2107954521 -0.5829953361  0.1976329008  8.0000000000
-0.2253255801  0.5790411494 -0.0344939753  8.0000000000
 0.2384705163 -0.1877380421  0.1215287090  8.0000000000
-0.7565098118  0.3629957391  0.0426113242  8.0000000000
 0.8636198799  0.1124613331 -0.1392578851  8.0000000000
 0.9122444193  0.3860148329 -0.1145795382  8.0000000000
 0.5880668788  0.0166950263 -0.1484564929  8.0000000000
 0.6238195050  0.4960110328 -0.0607181163  8.0000000000
 0.6304178609 -0.1435574524 -0.0032048465  8.0000000000
-0.4287907008 -0.3377911809 -0.1163026944  8.0000000000
-0.6986010787 -0.1466193220  0.0985608353  8.0000000000
 0.1674542362  1.2286328048  0.1473178811  8.0000000000
-0.3254493897 -0.3733778659 -0.1285757823  8.0000000000
-1.0668425684  0.2879131103  0.1427086383  8.0000000000
 0.2595347404 -0.2711968889  0.1193425654  8.0000000000
-0.9534912036  0.5339068896 -0.0644571520  8.0000000000
 0.5482401829  0.4985787510 -0.1103555346  8.0000000000
 0.9246971671  0.2320434395 -0.1720379919  8.0000000000
 1.2582734415 -0.1234189149  0.0286077073  8.0000000000
 0.1441137274 -0.4493750209  0.1367293524  8.0000000000
-0.7766292998  0.1608906079  0.1289333132  8.0000000000
-0.3772276381 -0.2429893259 -0.1068393197  8.0000000000
 0.5469815948  0.7519681798 -0.0832075132  8.0000000000
 0.1399634676 -0.6541549408  0.1538598192  8.0000000000
 1.1529550003 -0.2788449302  0.0134411317  8.0000000000
-0.4976026431 -0.9070949012 -0.2650641829  8.0000000000
-0.4105094892  0.5687707608 -0.2180458829  8.0000000000
 0.8807821090  0.1922789093 -0.1676699370  8.0000000000
 0.5446841201 -0.3614676058  0.0890778482  8.0000000000
-0.0430466057 -1.0097012100  0.0047803558  8.0000000000
 0.6228637639 -0.4310441866  0.1413707969  8.0000000000
-0.2192334357  1.0128621136 -0.0035777598  8.0000000000
-0.0586801081 -0.1232841700  0.0883458066  8.0000000000
 0.1544088385  1.1454483559  0.1381365726  8.0000000000
-0.3595624655 -1.1126364551 -0.1268144158  8.0000000000
 0.3617187251  0.6092686696 -0.1097763311  8.0000000000
 0.2500073989  0.8983772909  0.0941132307  8.0000000000
-0.4431169457 -0.4677869875 -0.1325981923  8.0000000000
 0.0326050283 -0.8646380150  0.0526228428  8.0000000000
-0.2966206944 -0.9709185506 -0.0735494018  8.0000000000
 0.2117780329 -0.2644249957  0.1241680509  8.0000000000
-0.0703912589  0.5995133138  0.2403072614  8.0000000000
-0.4353905409 -0.6003525008 -0.2061985453  8.0000000000
 0.8421598531 -0.4305229710  0.1149851079  8.0000000000
-0.2609178919 -1.0492368917 -0.0791773724  8.0000000000
 0.4782151698  0.7849133533 -0.0805127361  8.0000000000
 0.0382386192  0.6468446152  0.1994603900  8.0000000000
 0.5909887887 -0.5710780833  0.1202581420  8.0000000000
-0.4739669613  0.8116519809 -0.2095815908  8.0000000000
-0.3277963508 -0.3711583281 -0.1286201420  8.0000000000
 0.7288549285  0.7316395971 -0.0327934525  8.0000000000
 0.7261808362 -0.4953321711  0.1385347805  8.0000000000
 0.3217315170 -0.7554437749  0.1582434046  8.0000000000
-1.0580392206  0.1225154246  0.1369047287  8.0000000000
 0.0476472751  0.7463249267  0.1952919765  8.0000000000
-0.6446754810  0.5093692650 -0.1679993094  8.0000000000
 1.3433142053 -0.2568473088  0.0394229218  8.0000000000
-0.4128401192 -0.4276386007 -0.1340475396  8.0000000000
-0.6300176281  0.2959115029 -0.0091193646  8.0000000000
-1.2769326874  0.3834914679  0.1033603698  8.0000000000
 0.4905309816 -0.6373624569  0.1411380097  8.0000000000
 0.0447023675 -0.3593326750  0.0588910333  8.0000000000
-0.9567380967  0.0318142130  0.1436764581  8.0000000000
 0.9195801720  0.0973221946 -0.1253635964  8.0000000000
 0.6418295983  0.5387478296 -0.0517050891  8.0000000000
-0.5695127792  0.1011699370  0.1257842382  8.0000000000
-0.8088773702  0.3304738534  0.0749328689  8.0000000000
 0.4050304282  0.7307533543 -0.0693306539  8.0000000000
-0.2694003342 -0.5552614515 -0.1466754743  8.0000000000
 0.7698962064  0.7576865509 -0.0317282488  8.0000000000
 0.2006300101  0.2361863721 -0.1155097363  8.0000000000
-1.0544924260  0.3146203310  0.1414533316  8.0000000000
 0.1277778252  0.6468861616  0.0986459935  8.0000000000
-0.7597847324 -0.2394299198  0.0772184071  8.0000000000
-0.6776657929  0.5235211909 -0.1563116657  8.0000000000
-0.7938857624 -0.3087665380  0.0430133886  8.0000000000
-0.3767412446 -0.6788536031 -0.2137909500  8.0000000000
-0.0249242107 -1.1457087581  0.0112280516  8.0000000000
-0.1904182915  0.6611031455  0.0156777541  8.0000000000
 0.4112835804 -0.0867852824 -0.0390937977  8.0000000000
 0.7414815420 -0.1067948124 -0.0713952268  8.0000000000
-0.6021904542  0.8073843240 -0.2214264491  8.0000000000
-0.5631666591 -0.2722581589 -0.0121605231  8.0000000000
-0.0664395103 -0.4209486438  0.0024374605  8.0000000000
-0.1469718728 -0.2325961814 -0.0151957409  8.0000000000
-0.8288246395  0.5690114250 -0.0961079005  8.0000000000
 1.0989730483 -0.1063983694  0.0145167499  8.0000000000
 0.5319345518 -0.8050956714 -0.1608768317  9.0000000000
 0.2359861958 -0.0954826565 -0.0714476896  9.0000000000
 0.2129532095 -0.1061204597 -0.0802775862  9.0000000000
-0.4231505183 -0.2937387571  0.0041898984  9.0000000000
-0.3392545565 -0.0817713093 -0.0245172422  9.0000000000
 1.0970762066  0.4672922387  0.0181856237  9.0000000000
-0.2131602839  0.0172863988 -0.0535608043  9.0000000000
 1.0316352499  0.5003394256  0.0346541576  9.0000000000
-0.5062765824  0.7190022575  0.0668233786  9.0000000000
 0.8213768694 -0.2707699584  0.1457623807  9.0000000000
 0.3219308195 -1.0483745355 -0.0094337494  9.0000000000
 0.2009345037 -0.1859333072 -0.0821461877  9.0000000000
 0.3975664466  0.6136689653  0.0249494658  9.0000000000
 0.1776663000 -1.1652046734  0.0168806513  9.0000000000
-0.4008312310 -0.2088408550  0.0168119545  9.0000000000
-0.1978546433  0.4889360963 -0.0286123545  9.0000000000
-0.3484283123 -0.4824637952  0.0630818404  9.0000000000
 0.1861985856  0.8513812360  0.0773152492  9.0000000000
-1.1741400745 -0.0236262881  0.0751582825  9.0000000000
 0.4156446249  0.6581137436 -0.0138713102  9.0000000000
 1.0502552235  0.4394402010  0.0039473003  9.0000000000
-0.1240011736 -0.8887363226  0.0671650349  9.0000000000
-1.0125046782 -0.1441480723  0.0889489280  9.0000000000
 0.3783282109 -0.3585651156 -0.0758612445  9.0000000000
-0.0083728770  0.6822951412 -0.0331359748  9.0000000000
-0.5847609506  0.7454799452  0.1004272387  9.0000000000
-1.0658796092 -0.1353816221  0.0939824417  9.0000000000
 0.1338488204 -0.5480366644 -0.0456381099  9.0000000000
-0.4683732888  0.1558316553 -0.0527802485  9.0000000000
 0.5690711611  0.0128174009  0.1062265337  9.0000000000
 1.1500275830  0.0486090932  0.1067790566  9.0000000000
-0.8701763167  0.2937812661 -0.0812283311  9.0000000000
-0.6740301604 -0.4063747193  0.0585987261  9.0000000000
 0.2296774756  0.8826838151  0.0847807564  9.0000000000
-0.1360212448 -0.6636760671  0.0781520638  9.0000000000
 0.1783384209  0.0267249428  0.0215483344  9.0000000000
 0.1881480301  1.0986321177  0.0112393635  9.0000000000
-0.0338144139 -0.0351184433 -0.0802570610  9.0000000000
-0.0790851391  0.2801685167  0.0075587965  9.0000000000
-0.4926935910  0.2308127171 -0.0885683893  9.0000000000
-0.6152631829 -0.0975621967  0.0146458127  9.0000000000
 0.5099304163 -0.5376576870 -0.1363474139  9.0000000000
-1.1187432359 -0.3314292496  0.0720899059  9.0000000000
 0.3171144219 -1.2172213320  0.0177654750  9.0000000000
 1.2598971625  0.1165432573  0.0490437950  9.0000000000
-0.4590585689  0.0976515736 -0.0250863544  9.0000000000
-0.6030178409  0.3006834168 -0.1405915290  9.0000000000
 1.0592692283  0.2472391986 -0.0402773373  9.0000000000
 0.8206425173  0.0259020500  0.0385874768  9.0000000000
-0.0792652535 -0.0137624935 -0.0725351670  9.0000000000
 0.4993971662  0.4723640797  0.1149593554  9.0000000000
 0.5301472064  0.0013720102  0.0961865326  9.0000000000
 0.3728460575  0.6410570209 -0.0283268318  9.0000000000
-0.6147064981 -0.2795782840  0.0570429476  9.0000000000
 0.7937575842  0.2718874459 -0.0459739414  9.0000000000
 0.1350984703  1.0030285791 -0.0252008562  9.0000000000
-0.3738732926  0.9050884799 -0.0396700948  9.0000000000
 0.6026757423 -0.7575783730 -0.1087735536  9.0000000000
-0.9588777828 -0.4710819433  0.0952032496  9.0000000000
 0.1059322862  1.0197951805 -0.0450543064  9.0000000000
-0.9942373408 -0.2302104898  0.1049624626  9.0000000000
 0.3152492896 -1.1557536614  0.0195954495  9.0000000000
-1.2999391925 -0.2893815490  0.0851837477  9.0000000000
-0.5392680196 -0.7580231407  0.1309178593  9.0000000000
 0.5159113023 -0.9321675168 -0.2234315213  9.0000000000
-0.7326074693  0.2517127218 -0.0598966243  9.0000000000
-0.2963146420 -0.5771074103  0.0771634602  9.0000000000
-0.6844600100  0.3152400823 -0.1443713725  9.0000000000
 0.7638962428 -0.6390868515 -0.1001373447  9.0000000000
 0.3762905992 -0.6269503299 -0.0225034574  9.0000000000
 0.0900564075  0.5961959874 -0.0445125219  9.0000000000
-0.9667276670 -0.1951815202  0.1112690873  9.0000000000
 0.9680871479 -0.4083852636  0.0984333280  9.0000000000
 0.2588846644  0.1118355736  0.0730625908  9.0000000000
-0.4258977267 -0.5751132229  0.0907023758  9.0000000000
 0.0112580873 -0.2066925546 -0.0389102375  9.0000000000
 0.1062440821 -1.2026964812  0.0363734833  9.0000000000
 0.0512864481  0.5752073265 -0.0507073268  9.0000000000
 0.2066045827 -0.1710813932 -0.0851661288  9.0000000000
 0.6228274447  0.6076726428  0.0773551212  9.0000000000
-0.9643272443  0.0712754327 -0.0730851776  9.0000000000
 0.8701893818 -0.5184698574 -0.0310638248  9.0000000000
 0.7035426079 -0.7576384747 -0.1001015530  9.0000000000
-0.7695920862  0.4043174776 -0.2565572285  9.0000000000
-1.0097882182  0.1311144635 -0.0737304612  9.0000000000
 0.2878865203  1.0444363299  0.0626294204  9.0000000000
-0.3839615286  0.1070757915 -0.0259947962  9.0000000000
-0.0406755117 -0.3844500785 -0.0210187696  9.0000000000
 0.5189850743  0.3234300379  0.0508559546  9.0000000000
 0.1487183212  0.3091127363 -0.0487518467  9.0000000000
-0.6053922633 -0.0597994643  0.0071766034  9.0000000000
-0.8620102571  0.3568905934 -0.1595602484  9.0000000000
 0.5625229406  0.6372238338  0.0301422728  9.0000000000
-0.6336034851 -0.0170652847 -0.0016536881  9.0000000000
 0.3187539091  0.2453152609  0.0028603291  9.0000000000
 0.3871443296  0.4511447622  0.1401435327  9.0000000000
 0.8614126955 -0.0933824402  0.0110737915  9.0000000000
-0.4039747113  0.9154891316 -0.0396604002  9.0000000000
-0.9517799922 -0.0733951696  0.0703188000  9.0000000000
 1.0791138401 -0.2452366451  0.0819533525  9.0000000000
