-1.863465e-02  7.420540e-02  3.847110e-01  1.000000e+00
 2.949241e-01  8.509118e-01 -3.102596e-01  1.000000e+00
 1.308758e+00  4.319985e-01  1.092577e-01  1.000000e+00
 1.326399e+00  2.815172e-04  1.042050e-01  1.000000e+00
-1.062010e+00 -3.814150e-01 -2.225090e-01  1.000000e+00
 1.157106e+00 -4.380852e-01 -1.659156e-01  1.000000e+00
-1.012988e+00 -2.306872e-01 -1.053985e-01  1.000000e+00
-5.197108e-01  3.517954e-01  1.472165e-01  1.000000e+00
 7.062350e-02 -5.824091e-02  3.994825e-01  1.000000e+00
-8.822365e-01  6.336945e-01  1.862467e-01  1.000000e+00
 3.717188e-02 -1.121928e-01  4.167135e-01  1.000000e+00
-8.932286e-01 -7.600394e-03  8.723412e-02  1.000000e+00
-9.563900e-01 -8.385113e-01 -4.350731e-01  1.000000e+00
 1.105704e+00 -5.890070e-02  1.077539e-01  1.000000e+00
 3.056597e-01 -1.192920e+00  1.957262e-01  1.000000e+00
 3.841242e-01 -1.109648e+00  2.335529e-01  1.000000e+00
-3.009320e-01  1.064134e+00 -1.443833e-01  1.000000e+00
-4.661460e-01 -1.088165e+00 -6.521189e-02  1.000000e+00
 5.099198e-02  5.778602e-01 -1.388709e-01  1.000000e+00
-2.792772e-01 -1.081494e+00 -5.379939e-02  1.000000e+00
-1.020123e+00 -2.427460e-01 -1.128883e-01  1.000000e+00
-1.019598e+00 -2.835155e-01 -1.524715e-01  1.000000e+00
-8.933354e-01 -8.627421e-01 -3.844085e-01  1.000000e+00
-1.772867e-01  2.248264e-01  2.383667e-01  1.000000e+00
-1.624191e-01 -1.001379e+00 -3.646106e-02  1.000000e+00
 1.191176e+00 -7.071542e-01 -3.894459e-01  1.000000e+00
 7.155074e-03 -1.418632e-02  3.858833e-01  1.000000e+00
-5.931322e-02  6.791820e-01 -3.259000e-02  1.000000e+00
 1.751915e-01  6.095345e-03  3.539749e-01  1.000000e+00
-5.746316e-01  9.950035e-01 -2.626767e-01  1.000000e+00
-6.780337e-01  2.517667e-01  1.171252e-01  1.000000e+00
 5.024755e-01  4.714519e-01 -8.075755e-03  1.000000e+00
 2.223679e-01 -9.201251e-01  3.210439e-01  1.000000e+00
-2.803959e-02 -5.410615e-01  2.117500e-01  1.000000e+00
-8.040310e-01  4.521244e-02  9.701048e-02  1.000000e+00
-1.033595e+00 -2.555972e-01 -1.189026e-01  1.000000e+00
-6.396383e-02  9.961829e-01  5.616901e-03  1.000000e+00
 6.437670e-01  4.546811e-01  2.275093e-02  1.000000e+00
-3.675322e-01  1.061356e+00 -2.865009e-01  1.000000e+00
 7.167425e-02 -8.869667e-01  8.502366e-02  1.000000e+00
-7.838139e-01  5.233708e-01  1.732445e-01  1.000000e+00
 1.011572e+00 -9.195848e-01 -3.989396e-01  1.000000e+00
 5.436827e-01  2.690047e-01  4.099849e-02  1.000000e+00
-7.262617e-01  2.352486e-01  1.109955e-01  1.000000e+00
-6.554241e-01  3.030985e-01  1.314053e-01  1.000000e+00
-4.194491e-01 -1.096099e+00 -6.192840e-02  1.000000e+00
 1.234400e+00 -8.600891e-02  4.050671e-02  1.000000e+00
 5.863797e-01  6.802018e-01 -7.364543e-02  1.000000e+00
 1.178521e+00  2.888459e-03  7.991295e-02  1.000000e+00
-6.624428e-01 -1.072209e+00 -1.193331e-01  1.000000e+00
 1.268958e+00 -3.631766e-01 -1.244538e-01  1.000000e+00
 5.048369e-01  1.024824e+00 -2.428781e-01  1.000000e+00
 7.820050e-01  2.637805e-01  5.512089e-02  1.000000e+00
-2.486793e-01 -1.140802e-01  3.778925e-01  1.000000e+00
 3.490241e-01  6.118907e-01 -1.927172e-01  1.000000e+00
 9.218516e-02 -7.748650e-01  1.883489e-01  1.000000e+00
 1.024164e+00  4.948293e-01  5.953122e-05  1.000000e+00
-1.502348e-02  6.099795e-01 -8.262405e-02  1.000000e+00
 1.588896e-01  6.326301e-01 -2.257275e-01  1.000000e+00
 3.644463e-01  5.735844e-01 -1.655119e-01  1.000000e+00
-7.560921e-02 -6.242554e-01  1.735277e-01  1.000000e+00
 2.842128e-02 -9.330595e-03  3.858507e-01  1.000000e+00
 1.242851e+00  9.307484e-02  1.539317e-01  1.000000e+00
-8.216074e-01  2.466259e-03  7.088481e-02  1.000000e+00
 1.307187e+00 -3.448043e-01 -1.571983e-01  1.000000e+00
 7.043983e-02 -6.948736e-02  4.082430e-01  1.000000e+00
-7.331671e-01 -1.012961e+00 -1.845353e-01  1.000000e+00
 1.002154e+00  1.899817e-01  1.511864e-01  1.000000e+00
 1.257747e+00 -8.586948e-01 -4.697211e-01  1.000000e+00
 2.035310e-01 -1.009508e+00  1.414940e-01  1.000000e+00
 1.065841e+00 -1.984888e-02  1.446226e-01  1.000000e+00
 1.157182e+00 -8.878671e-01 -4.608174e-01  1.000000e+00
-8.391682e-01  7.468486e-01  1.029661e-01  1.000000e+00
-7.661064e-01  1.617247e-01  1.043931e-01  1.000000e+00
-6.054827e-01  3.861274e-01  1.414603e-01  1.000000e+00
 5.136942e-01  1.876087e-01  7.568416e-02  1.000000e+00
 7.503147e-01  1.723191e-01  1.164133e-01  1.000000e+00
 1.228211e-01  9.016280e-01 -1.901879e-01  1.000000e+00
-9.937986e-03 -6.749047e-02  3.933622e-01  1.000000e+00
-5.712219e-01  1.136375e+00 -3.226656e-01  1.000000e+00
 7.420006e-01  1.024882e+00 -2.105243e-01  1.000000e+00
-5.761169e-01  6.461812e-02  1.188379e-01  1.000000e+00
 3.963228e-01  8.845690e-01 -2.709526e-01  1.000000e+00
-5.372012e-02 -3.034718e-01  3.447699e-01  1.000000e+00
-1.129329e+00 -4.016872e-01 -2.165184e-01  1.000000e+00
 4.112441e-02  5.620295e-01 -1.283221e-01  1.000000e+00
-5.114950e-02  5.644523e-01 -4.180923e-02  1.000000e+00
-9.133417e-02 -9.523746e-01 -1.412530e-02  1.000000e+00
-2.142593e-01  4.099561e-01  1.515573e-01  1.000000e+00
-4.534583e-01  2.899991e-01  1.107426e-01  1.000000e+00
-9.936182e-01 -7.397642e-01 -4.591293e-01  1.000000e+00
-6.278410e-01  9.651485e-01 -1.874844e-01  1.000000e+00
-6.845646e-01  3.318191e-01  1.455394e-01  1.000000e+00
-6.569381e-02 -6.853179e-01  1.198943e-01  1.000000e+00
 1.156322e+00 -4.979459e-01 -2.250576e-01  1.000000e+00
-1.027296e+00 -4.191091e-01 -2.676311e-01  1.000000e+00
 5.078234e-01  6.251660e-01 -1.071752e-01  1.000000e+00
-1.137411e+00 -4.097946e-01 -2.208961e-01  1.000000e+00
-8.379817e-01  6.678967e-01  1.467982e-01  1.000000e+00
-3.694856e-01  2.884088e-01  1.370621e-01  1.000000e+00
 8.429555e-01 -3.450897e-01 -9.639200e-02  2.000000e+00
-5.459299e-01 -8.805382e-01  7.268079e-02  2.000000e+00
-7.310732e-01 -9.640683e-01  3.120277e-02  2.000000e+00
 1.726357e-01 -8.736727e-02 -3.007467e-01  2.000000e+00
 5.418279e-01  7.529135e-01  2.477581e-01  2.000000e+00
 9.097613e-01 -4.856702e-01 -2.008154e-01  2.000000e+00
 3.988961e-01 -6.602740e-01 -3.620158e-03  2.000000e+00
-8.721550e-01 -4.444571e-01  1.199050e-01  2.000000e+00
 9.754512e-01 -7.278831e-01 -9.041694e-02  2.000000e+00
 6.622822e-01 -4.068006e-01 -2.321350e-01  2.000000e+00
-4.180526e-01  7.376300e-01 -1.968305e-01  2.000000e+00
 5.085876e-01  6.524344e-02 -1.940380e-01  2.000000e+00
-4.612811e-01  6.503560e-01 -1.562992e-01  2.000000e+00
 3.276374e-01  4.830938e-01  4.642055e-02  2.000000e+00
 2.875341e-01 -7.295566e-01  8.889333e-02  2.000000e+00
 8.452971e-01  7.371604e-01  2.722793e-01  2.000000e+00
 6.303404e-04 -4.851710e-01 -1.790073e-02  2.000000e+00
 1.064013e+00 -1.221086e-01 -3.550141e-02  2.000000e+00
-1.113327e+00 -3.625617e-01 -1.149420e-01  2.000000e+00
-1.435920e-01  4.626539e-01 -2.854513e-02  2.000000e+00
 6.502105e-01  9.943909e-01  3.363841e-01  2.000000e+00
 8.276072e-01 -4.077056e-01 -1.345288e-01  2.000000e+00
-4.245731e-01 -7.293990e-01  7.647875e-02  2.000000e+00
 9.490299e-01 -6.683651e-01 -1.060711e-01  2.000000e+00
 1.200676e-01  6.620051e-01  2.965769e-02  2.000000e+00
 9.621640e-01  7.046085e-01  2.682331e-01  2.000000e+00
-1.786886e-01 -1.096230e+00  1.784385e-01  2.000000e+00
-2.416255e-01 -4.615534e-01 -7.824335e-02  2.000000e+00
-5.312449e-01 -7.380278e-01  5.047538e-02  2.000000e+00
-4.151548e-01 -2.887527e-01  2.095193e-01  2.000000e+00
 7.138441e-01 -1.078699e+00  2.070961e-01  2.000000e+00
 4.392392e-01 -9.678453e-01  6.318194e-02  2.000000e+00
 4.206360e-01 -5.344721e-01 -1.444707e-01  2.000000e+00
 4.704268e-01 -1.875016e-01 -3.441886e-01  2.000000e+00
-7.804268e-01  6.613147e-01 -1.341396e-01  2.000000e+00
 4.343873e-01  6.197999e-01  1.762261e-01  2.000000e+00
-4.428348e-01 -7.422447e-01  7.826984e-02  2.000000e+00
-1.272281e-01  3.509210e-01 -4.647135e-02  2.000000e+00
-2.779155e-01 -2.407391e-01  4.975607e-02  2.000000e+00
-6.062779e-01  6.666615e-01 -1.667491e-01  2.000000e+00
 1.568667e-01  4.907770e-01  8.085541e-03  2.000000e+00
 1.053811e+00 -5.764208e-01 -2.508998e-01  2.000000e+00
 4.127963e-02 -7.776921e-01  4.694657e-02  2.000000e+00
 7.415382e-01  7.838115e-01  2.955664e-01  2.000000e+00
-7.072198e-01  1.001088e+00 -5.194779e-01  2.000000e+00
 5.012120e-01  9.766458e-01  3.033836e-01  2.000000e+00
 4.500866e-01 -9.091564e-01  2.275011e-02  2.000000e+00
-7.485973e-01 -4.559906e-01  2.352246e-01  2.000000e+00
 3.221989e-01  8.942704e-01  1.930350e-01  2.000000e+00
-1.253165e+00  2.731785e-01  3.566221e-01  2.000000e+00
 8.274489e-01 -8.176309e-01  1.747168e-01  2.000000e+00
-1.172028e+00  2.717421e-01  3.443208e-01  2.000000e+00
 3.395494e-01  5.762306e-01  8.030186e-02  2.000000e+00
-6.171816e-01 -7.727505e-01  1.832330e-02  2.000000e+00
-1.200041e+00  2.381115e-01  3.496508e-01  2.000000e+00
-2.547452e-01  5.346876e-01 -9.835651e-02  2.000000e+00
 2.669484e-01  8.147574e-01  1.355664e-01  2.000000e+00
-1.055285e+00  4.594852e-01  1.596829e-01  2.000000e+00
-4.932041e-01  9.323189e-01 -4.690375e-01  2.000000e+00
-1.984250e-01 -3.343540e-02 -1.235926e-01  2.000000e+00
 9.652320e-01  6.802995e-01  2.568257e-01  2.000000e+00
 3.988161e-01  2.579069e-01 -8.478308e-02  2.000000e+00
 9.269690e-02 -8.660074e-01  3.265588e-02  2.000000e+00
 6.222973e-01  1.030420e+00  3.387911e-01  2.000000e+00
-6.529826e-01  7.435207e-01 -1.734529e-01  2.000000e+00
-9.736770e-01  1.021512e+00 -4.664311e-01  2.000000e+00
-1.096389e+00 -5.439679e-01  1.056417e-01  2.000000e+00
 2.950464e-01  4.423302e-01 -6.084339e-03  2.000000e+00
-1.079656e+00 -3.920015e-01 -1.105217e-01  2.000000e+00
 1.094342e+00  7.362815e-02  1.195203e-01  2.000000e+00
-2.942722e-01 -6.495351e-01  3.393398e-02  2.000000e+00
-1.086628e+00  4.416366e-01  1.884298e-01  2.000000e+00
 6.662443e-01  7.680113e-01  2.744188e-01  2.000000e+00
 3.477156e-01 -4.343366e-02 -1.742514e-01  2.000000e+00
-5.108267e-01 -1.006173e+00  3.485415e-02  2.000000e+00
-1.773738e-01 -1.164197e-02 -1.557973e-01  2.000000e+00
-1.200806e+00  1.519090e-01  3.448812e-01  2.000000e+00
-1.999137e-01  5.662957e-01 -5.922949e-02  2.000000e+00
 9.156338e-01 -5.822327e-02 -1.119279e-01  2.000000e+00
-9.417253e-01 -7.844995e-01  6.289116e-02  2.000000e+00
 2.565532e-01 -7.169321e-02 -2.467997e-01  2.000000e+00
-1.644525e-01  1.000967e-02 -1.763044e-01  2.000000e+00
-5.516805e-01  8.174258e-01 -2.738258e-01  2.000000e+00
-4.520240e-01 -7.342735e-01  8.042052e-02  2.000000e+00
 7.444914e-01 -2.545647e-02 -1.796963e-01  2.000000e+00
 4.884241e-01  9.040195e-02 -1.833762e-01  2.000000e+00
-1.211236e+00 -4.947607e-02  2.226209e-01  2.000000e+00
-2.951168e-01 -2.147061e-01  7.002159e-02  2.000000e+00
-1.891076e-01 -5.084896e-01 -1.053775e-01  2.000000e+00
 5.745178e-01 -3.160342e-01 -3.281492e-01  2.000000e+00
 5.712075e-01 -5.680145e-02 -2.122125e-01  2.000000e+00
 8.896906e-01 -9.931566e-01  2.318048e-01  2.000000e+00
 9.183497e-01  8.656287e-01  3.766917e-01  2.000000e+00
-2.442041e-02  6.021728e-02 -3.158902e-01  2.000000e+00
-4.166368e-01  8.041991e-01 -2.964605e-01  2.000000e+00
-2.109910e-01  5.564943e-01 -7.244724e-02  2.000000e+00
-8.812722e-01 -7.449584e-01  5.561509e-02  2.000000e+00
-7.338373e-01  6.436436e-01 -1.155822e-01  2.000000e+00
 9.772325e-01 -2.060268e-02 -4.287198e-02  2.000000e+00
 3.117453e-01  4.559429e-01  1.883127e-02  2.000000e+00
 9.689274e-01 -7.668938e-01 -8.419906e-02  3.000000e+00
-8.817227e-01  8.369089e-01 -5.739486e-01  3.000000e+00
 8.489685e-01  6.477567e-01  4.745701e-03  3.000000e+00
 6.575530e-02 -8.041699e-01 -1.800399e-01  3.000000e+00
-1.116217e+00 -6.765251e-01  4.698100e-01  3.000000e+00
 1.083428e+00 -5.628470e-01  1.263354e-01  3.000000e+00
 8.736460e-02  5.665489e-01 -3.700537e-02  3.000000e+00
-8.471638e-01 -2.776599e-01  3.498061e-01  3.000000e+00
 7.305174e-01 -5.748286e-01 -3.037719e-02  3.000000e+00
-4.734001e-01  4.086153e-01  3.517007e-02  3.000000e+00
-2.133680e-01 -6.523596e-01 -2.660370e-01  3.000000e+00
 1.702479e-02 -1.949719e-01 -4.749242e-02  3.000000e+00
-5.804503e-01  2.985292e-01 -9.336233e-02  3.000000e+00
-7.491895e-02 -8.260838e-01 -2.923597e-01  3.000000e+00
-6.294294e-01 -7.614127e-02  1.397558e-01  3.000000e+00
 2.829266e-01  3.728584e-02 -2.354368e-02  3.000000e+00
 6.120143e-01  2.795136e-01  7.941638e-02  3.000000e+00
-6.586904e-01 -1.883088e-01  1.753810e-01  3.000000e+00
-8.784738e-01 -2.048745e-01  2.843992e-01  3.000000e+00
-6.075644e-01  3.473576e-01 -1.394669e-01  3.000000e+00
-3.127156e-01  8.625484e-01 -1.824094e-01  3.000000e+00
-8.081168e-01 -9.283183e-01  2.620259e-01  3.000000e+00
-2.877571e-01  8.508658e-01 -1.604549e-01  3.000000e+00
 1.801587e-01 -1.923290e-01  6.474150e-03  3.000000e+00
-6.634184e-01 -1.041798e+00  1.906361e-01  3.000000e+00
 9.076824e-01 -3.171286e-01  1.755481e-01  3.000000e+00
 6.644196e-01 -5.836534e-01 -8.186590e-02  3.000000e+00
 8.208815e-01  2.369426e-01 -2.649038e-02  3.000000e+00
 4.692362e-03  6.728305e-01  7.411477e-02  3.000000e+00
-3.141334e-01 -4.708907e-01 -1.263509e-01  3.000000e+00
-9.953321e-01 -3.703271e-01  4.774862e-01  3.000000e+00
-9.230917e-01  6.666458e-02  1.625008e-01  3.000000e+00
-6.566910e-01  7.684009e-01 -2.940240e-01  3.000000e+00
 3.257082e-01 -1.196015e-01  2.119030e-03  3.000000e+00
 6.551628e-01  5.209031e-01 -5.369004e-02  3.000000e+00
 6.743370e-01 -3.227967e-01  4.013482e-02  3.000000e+00
 7.717566e-01 -2.383971e-01  2.060878e-01  3.000000e+00
 9.127516e-01 -6.419886e-01 -3.151810e-03  3.000000e+00
-3.241062e-01  6.994738e-01 -8.854229e-02  3.000000e+00
-8.244746e-01  7.542723e-01 -4.833269e-01  3.000000e+00
 6.892030e-01  3.062126e-01  5.217461e-02  3.000000e+00
-7.000232e-02 -9.074567e-01 -2.357297e-01  3.000000e+00
 5.862222e-01  2.727067e-01  6.693523e-02  3.000000e+00
-5.332720e-01 -1.330226e-01  8.465509e-02  3.000000e+00
 9.598558e-01 -1.102423e-01  1.183688e-01  3.000000e+00
 2.297415e-01  4.042208e-01 -2.459647e-01  3.000000e+00
 8.054070e-01  2.572687e-01 -1.965853e-02  3.000000e+00
-9.213819e-01 -3.017980e-01  3.908063e-01  3.000000e+00
-3.054637e-01 -6.626100e-01 -1.726036e-01  3.000000e+00
-1.391723e-02 -2.093202e-01 -5.995846e-02  3.000000e+00
-2.457023e-01 -5.485279e-01 -2.044620e-01  3.000000e+00
-1.015282e+00  8.883260e-02  1.765921e-01  3.000000e+00
 1.111398e+00 -7.114039e-01  2.420103e-02  3.000000e+00
 2.732662e-02  6.097542e-01  3.286727e-02  3.000000e+00
 9.009877e-01  7.401896e-01  6.853253e-02  3.000000e+00
 4.075698e-01  1.107056e+00  4.277302e-01  3.000000e+00
-5.738123e-01  2.434503e-01 -7.019010e-02  3.000000e+00
-4.764622e-01  9.620092e-02  2.429195e-02  3.000000e+00
 3.385389e-01  1.850438e-01 -1.127128e-01  3.000000e+00
-7.439103e-01  8.025291e-01 -3.885674e-01  3.000000e+00
 3.586483e-01  1.049818e+00  3.897947e-01  3.000000e+00
 7.726154e-01  6.886891e-01  2.621079e-02  3.000000e+00
 6.601624e-01 -6.801102e-01 -1.747921e-01  3.000000e+00
-5.889552e-01  5.053485e-01 -1.421891e-01  3.000000e+00
-8.569407e-01  9.472909e-01 -5.676661e-01  3.000000e+00
-2.090466e-01  6.298998e-01  3.620344e-02  3.000000e+00
 5.298292e-01 -5.933535e-01 -1.803324e-01  3.000000e+00
 5.995778e-01  5.108561e-01 -9.134675e-02  3.000000e+00
-6.216778e-01  4.521937e-01 -1.777722e-01  3.000000e+00
 1.340877e-01 -7.893426e-01 -1.416154e-01  3.000000e+00
-2.746049e-01 -3.909300e-01 -1.348128e-01  3.000000e+00
-1.403031e-01 -7.870426e-01 -2.884760e-01  3.000000e+00
 1.051710e+00 -8.336298e-01 -1.254799e-01  3.000000e+00
-1.977018e-01 -3.061339e-01 -1.590337e-01  3.000000e+00
-3.138690e-01  5.522283e-01  6.348190e-02  3.000000e+00
-4.944890e-01 -2.768597e-01 -7.088086e-03  3.000000e+00
 3.642246e-01  1.098057e+00  4.139574e-01  3.000000e+00
-2.674981e-01 -1.190873e-01 -1.122396e-01  3.000000e+00
-3.279982e-01 -1.466645e-01 -5.281637e-02  3.000000e+00
 7.583189e-01  2.423047e-01  2.727806e-02  3.000000e+00
 2.624889e-01  1.018858e+00  3.484092e-01  3.000000e+00
 4.274934e-01 -6.113339e-01 -6.404616e-02  3.000000e+00
 2.693679e-01  4.497965e-01 -2.162613e-01  3.000000e+00
 8.243091e-02 -1.739789e-01 -6.090394e-03  3.000000e+00
 3.983503e-01 -3.046720e-01 -7.719528e-02  3.000000e+00
-4.749428e-01 -2.641600e-03  2.201867e-02  3.000000e+00
-3.055730e-01 -7.102941e-01 -1.674292e-01  3.000000e+00
-4.532209e-01 -1.735795e-01  6.737254e-03  3.000000e+00
 7.756410e-01  9.537385e-01  1.418855e-01  3.000000e+00
-8.887828e-01 -1.173468e-01  1.658071e-01  3.000000e+00
-3.784441e-01  5.339512e-01  5.237951e-02  3.000000e+00
 4.741703e-01  1.117159e+00  4.082154e-01  3.000000e+00
-4.785837e-01  3.505750e-01  4.349531e-02  3.000000e+00
-6.072404e-01 -1.045329e+00  1.615699e-01  3.000000e+00
 9.183702e-01  8.697801e-02 -4.576102e-02  3.000000e+00
 3.164682e-01 -2.079670e-01 -1.569176e-02  3.000000e+00
-9.709514e-01 -3.453679e-01  4.710598e-01  3.000000e+00
 9.583824e-01 -2.618202e-01  1.927941e-01  3.000000e+00
-5.858406e-01 -1.071923e+00  1.479856e-01  3.000000e+00
 6.240404e-01 -5.899431e-01 -1.222645e-01  3.000000e+00
-2.812903e-01 -1.113438e+00  5.502508e-02  4.000000e+00
-3.564717e-01 -3.143422e-02 -7.426953e-02  4.000000e+00
-6.983702e-02 -3.123871e-01  6.052072e-02  4.000000e+00
 6.857893e-02  8.199544e-01  1.443244e-01  4.000000e+00
 8.813228e-01 -5.527706e-01  1.616698e-01  4.000000e+00
 3.602346e-01 -9.885632e-01  7.720404e-02  4.000000e+00
 1.792499e-01  1.877674e-01  9.249248e-02  4.000000e+00
 1.624203e-01  1.483409e-01  1.034158e-01  4.000000e+00
-2.821673e-01  9.425712e-02 -1.245668e-01  4.000000e+00
 6.789511e-01 -2.335016e-01  1.380579e-02  4.000000e+00
 9.847032e-01  2.032980e-01 -1.949038e-01  4.000000e+00
 8.638410e-01 -1.057221e-01 -1.486362e-01  4.000000e+00
 8.045273e-01  1.084957e+00 -1.853476e-01  4.000000e+00
-5.426125e-01  6.814823e-01  1.127949e-01  4.000000e+00
-2.209546e-01  9.537950e-01  1.678727e-01  4.000000e+00
-3.272758e-01 -3.849381e-01 -1.828125e-02  4.000000e+00
-2.321857e-01  8.188484e-01  2.473398e-01  4.000000e+00
 1.927233e-01 -1.449033e-01  3.143140e-02  4.000000e+00
-3.465360e-01  2.182191e-01 -4.240622e-03  4.000000e+00
-9.732954e-02  4.059462e-03  5.977338e-02  4.000000e+00
-6.781574e-01  8.473338e-01  1.097151e-01  4.000000e+00
 9.136425e-01  1.019231e+00 -5.340114e-02  4.000000e+00
 5.602647e-01  3.501247e-01 -1.293924e-01  4.000000e+00
-3.965345e-01 -4.780897e-01 -7.456069e-02  4.000000e+00
 3.979180e-01 -5.052536e-01 -1.397125e-01  4.000000e+00
-2.687451e-01  7.583673e-01  2.509365e-01  4.000000e+00
-6.705993e-01 -1.023512e+00  9.570105e-03  4.000000e+00
-4.839432e-01 -5.701493e-01 -1.397818e-01  4.000000e+00
 9.513602e-01  9.015720e-01 -6.535734e-02  4.000000e+00
-1.814480e-02  4.179220e-01  1.890053e-01  4.000000e+00
-5.044686e-01  1.789267e-01  4.682415e-02  4.000000e+00
 6.412699e-01 -5.165099e-01 -1.378676e-01  4.000000e+00
-5.316924e-01  3.554732e-01  4.507636e-02  4.000000e+00
-7.250511e-01  7.194373e-01 -3.383866e-02  4.000000e+00
-7.355463e-01 -1.655753e-01  1.599960e-01  4.000000e+00
 8.649697e-01  1.896437e-01 -1.658656e-01  4.000000e+00
 5.362737e-01  9.007249e-01 -8.606299e-02  4.000000e+00
-1.064854e+00  5.606557e-01 -1.197772e-01  4.000000e+00
-7.007718e-01  5.472485e-02  3.829262e-02  4.000000e+00
-4.045079e-01 -1.645859e-01  2.769408e-02  4.000000e+00
 1.020755e+00 -8.895961e-01  1.737156e-01  4.000000e+00
-3.853335e-01 -5.615359e-01 -1.043919e-01  4.000000e+00
-5.210246e-02  1.149620e-01  5.883251e-02  4.000000e+00
-9.345082e-01  5.402941e-01 -5.965342e-02  4.000000e+00
 5.957630e-01  5.416111e-01 -3.284696e-02  4.000000e+00
-8.187584e-02 -4.301776e-01  1.057925e-01  4.000000e+00
 7.402884e-01 -1.230806e-01 -1.161643e-01  4.000000e+00
 2.025295e-01  3.702503e-02  6.657050e-02  4.000000e+00
 7.421443e-01 -5.889671e-01  7.200827e-02  4.000000e+00
-4.746239e-01 -2.931710e-01 -4.498197e-02  4.000000e+00
 8.347882e-01 -8.988262e-02 -1.575495e-01  4.000000e+00
 3.602762e-01 -6.582177e-01 -1.690596e-02  4.000000e+00
 2.282280e-01 -5.312222e-01 -7.378018e-02  4.000000e+00
-9.430243e-01 -7.814251e-01 -2.374307e-01  4.000000e+00
 5.838984e-02 -4.980406e-01  1.234411e-01  4.000000e+00
-9.811322e-01 -1.188961e-01 -1.059113e-03  4.000000e+00
 2.086564e-01  7.320471e-01  3.375458e-03  4.000000e+00
 6.654834e-01 -3.558731e-01 -2.393712e-02  4.000000e+00
-1.072628e+00  6.032908e-01 -1.159698e-01  4.000000e+00
-5.211624e-01  4.141218e-01  6.641689e-02  4.000000e+00
-4.620443e-01 -5.299993e-01 -1.272660e-01  4.000000e+00
-9.492538e-01 -7.818108e-01 -2.359984e-01  4.000000e+00
 9.520184e-01  5.887785e-01 -9.980903e-02  4.000000e+00
 6.588784e-01 -7.146789e-02 -1.503884e-01  4.000000e+00
-8.685962e-01 -6.620192e-01 -2.533988e-01  4.000000e+00
-9.979305e-01  7.283385e-01 -6.752466e-02  4.000000e+00
 6.764691e-01  5.052328e-01 -7.129830e-02  4.000000e+00
 3.894865e-02  5.002809e-01  1.945236e-01  4.000000e+00
-5.315647e-02 -5.603384e-01  1.893854e-01  4.000000e+00
 3.538721e-02  1.939131e-01  7.804950e-02  4.000000e+00
 9.422306e-01 -5.331142e-01  1.238872e-01  4.000000e+00
 3.747691e-02 -7.785376e-01  3.281088e-01  4.000000e+00
-6.295151e-01  2.637260e-01 -4.963164e-02  4.000000e+00
 4.285440e-02 -6.478888e-01  2.229447e-01  4.000000e+00
-7.498994e-01  3.988621e-01 -6.044776e-02  4.000000e+00
 1.089929e+00 -7.002313e-01  1.872629e-01  4.000000e+00
-5.373476e-01 -6.979237e-01 -1.609474e-01  4.000000e+00
-1.893899e-01 -4.223932e-01  3.229573e-02  4.000000e+00
-7.626881e-02  1.755086e-01  5.483491e-02  4.000000e+00
 9.667685e-01 -8.178072e-02 -1.883952e-01  4.000000e+00
-8.801171e-01  6.133470e-02  1.319233e-03  4.000000e+00
 3.968153e-02 -2.096576e-01 -1.582541e-02  4.000000e+00
 4.847765e-01 -1.523603e-01  4.963920e-03  4.000000e+00
 8.574620e-01  5.638457e-01 -1.068642e-01  4.000000e+00
-7.466905e-01  6.936208e-01 -3.433432e-02  4.000000e+00
 1.068806e+00 -2.707433e-01  6.038058e-02  4.000000e+00
-3.762294e-01 -1.187742e+00 -9.455063e-02  4.000000e+00
 7.943470e-02  2.589368e-01  1.188988e-01  4.000000e+00
-1.595372e-01  6.511765e-01  2.894722e-01  4.000000e+00
-1.071643e+00  3.687708e-01 -1.020919e-01  4.000000e+00
-5.739294e-01 -2.016835e-01  5.744946e-02  4.000000e+00
-4.095980e-01  6.616426e-01  3.602808e-02  4.000000e+00
-6.585208e-01 -7.328722e-01 -2.626517e-01  4.000000e+00
 7.210999e-01 -1.794629e-01 -4.638786e-02  4.000000e+00
 8.142816e-01  1.113031e+00 -1.966639e-01  4.000000e+00
 3.481210e-01 -9.071398e-02  1.142487e-02  4.000000e+00
 7.475929e-01  1.213507e-01 -9.660870e-02  4.000000e+00
-1.793853e-02 -1.023771e+00  2.970011e-01  4.000000e+00
-2.421338e-03  2.061123e-01  8.319688e-02  4.000000e+00
-5.056758e-01  2.210014e-01  5.525769e-02  4.000000e+00
 7.771612e-01  1.026275e-01  1.060236e-01  5.000000e+00
-3.350851e-01  3.359191e-01 -3.376308e-01  5.000000e+00
 1.137521e+00 -6.870916e-01 -5.016048e-01  5.000000e+00
 5.406422e-01 -3.407877e-01 -1.233812e-01  5.000000e+00
 9.898319e-01  1.001275e-01  1.297055e-01  5.000000e+00
-4.828074e-01  3.109029e-01 -4.415700e-01  5.000000e+00
 3.288741e-01  2.597698e-01  2.324094e-01  5.000000e+00
-6.605088e-01 -7.437023e-01  4.602414e-01  5.000000e+00
-8.417431e-01 -3.690072e-01 -1.662522e-01  5.000000e+00
 3.131413e-01  9.639787e-01  1.215584e-01  5.000000e+00
-2.274962e-01 -1.230898e-01 -1.510403e-02  5.000000e+00
-1.178109e+00 -7.965013e-01  2.932690e-01  5.000000e+00
 8.581101e-01 -5.253072e-01 -3.217690e-01  5.000000e+00
-9.276012e-01  7.039910e-01 -3.773680e-01  5.000000e+00
-1.011796e+00  9.879927e-01 -2.541987e-01  5.000000e+00
-1.228573e-01 -9.291795e-02 -1.544439e-02  5.000000e+00
-3.417071e-01 -4.277568e-01  1.575637e-01  5.000000e+00
 9.353487e-01 -6.935421e-02  7.268646e-02  5.000000e+00
 3.386159e-01  3.259888e-01  2.603154e-01  5.000000e+00
 7.341627e-01 -4.454593e-01 -2.213908e-01  5.000000e+00
-5.301163e-01 -8.724293e-02 -1.822857e-01  5.000000e+00
-5.880869e-01 -4.189992e-01  7.253176e-02  5.000000e+00
 7.290566e-01  1.105022e-01  9.853074e-02  5.000000e+00
 4.652659e-01  1.963252e-01  2.546858e-01  5.000000e+00
-8.278645e-01  3.813775e-01 -4.720699e-01  5.000000e+00
 3.404487e-01  6.290520e-01  2.570803e-01  5.000000e+00
-5.302468e-01 -5.965025e-01  3.179355e-01  5.000000e+00
 6.974460e-01  5.623847e-01  4.414439e-01  5.000000e+00
 9.533506e-01  9.914573e-02  1.220758e-01  5.000000e+00
-8.123355e-01 -7.497735e-01  3.763372e-01  5.000000e+00
 5.373611e-01 -3.350237e-01 -1.156334e-01  5.000000e+00
 1.035142e+00  5.330363e-02  2.599859e-02  5.000000e+00
-9.372486e-01  6.616773e-01 -4.381369e-01  5.000000e+00
 5.289020e-01  1.536572e-01  2.030563e-01  5.000000e+00
-3.858487e-01 -2.914010e-01 -2.602289e-02  5.000000e+00
 4.574949e-01 -3.103436e-01 -9.478917e-02  5.000000e+00
-8.697252e-01  1.740183e-01 -5.284792e-01  5.000000e+00
-6.464087e-01 -2.174611e-01 -2.097162e-01  5.000000e+00
-2.613022e-01 -9.947828e-02 -6.408745e-02  5.000000e+00
 9.104699e-01 -5.588437e-01 -3.631750e-01  5.000000e+00
 7.966135e-01  6.506449e-01  4.880983e-01  5.000000e+00
-3.561188e-01 -4.515675e-01  1.881368e-01  5.000000e+00
-3.904490e-01  1.106541e+00 -8.005323e-02  5.000000e+00
-5.023727e-01 -2.834278e-01 -1.006084e-01  5.000000e+00
-1.068111e+00 -8.638335e-01  4.655133e-01  5.000000e+00
-1.199946e+00 -8.098844e-01  3.000929e-01  5.000000e+00
 9.872082e-01 -5.885369e-01 -3.747439e-01  5.000000e+00
-4.880621e-01 -5.338875e-01  2.473493e-01  5.000000e+00
 8.620283e-01 -5.105412e-01 -2.808336e-01  5.000000e+00
-3.279964e-01  3.912334e-02 -2.076930e-01  5.000000e+00
-2.544038e-01  2.466503e-01 -2.661263e-01  5.000000e+00
 3.070767e-01  9.638763e-01  1.043455e-01  5.000000e+00
-1.008205e+00 -8.049273e-01  4.095160e-01  5.000000e+00
 9.400843e-02  4.102758e-02  4.009080e-02  5.000000e+00
 3.700507e-01 -2.328226e-01 -1.774914e-02  5.000000e+00
-5.502184e-01 -6.126075e-01  3.343734e-01  5.000000e+00
 7.232806e-01 -4.012472e-01 -1.369944e-01  5.000000e+00
-3.898381e-01  1.873031e-01 -2.904338e-01  5.000000e+00
 2.572149e-01  2.387427e-02  4.482363e-02  5.000000e+00
-9.319603e-01 -7.299735e-01  3.382202e-01  5.000000e+00
-3.629285e-01  1.940709e-01 -2.393502e-01  5.000000e+00
-9.874782e-01 -1.019144e-01 -3.221826e-01  5.000000e+00
 1.007065e+00 -6.335646e-01 -4.627539e-01  5.000000e+00
-8.221955e-01 -6.514660e-01  2.890953e-01  5.000000e+00
 3.526556e-01  3.798275e-01  2.906971e-01  5.000000e+00
 9.561525e-01  9.431318e-02  1.111910e-01  5.000000e+00
 3.640484e-01  8.634346e-01  2.787904e-01  5.000000e+00
 8.577368e-01 -5.191585e-01 -3.067226e-01  5.000000e+00
 7.808717e-01 -4.878151e-01 -2.870176e-01  5.000000e+00
 8.322253e-01  1.362921e-01  1.969051e-01  5.000000e+00
-1.325381e-01  8.034415e-02 -4.046107e-02  5.000000e+00
-9.686736e-01  8.650159e-01 -2.886866e-01  5.000000e+00
-7.038376e-01 -3.421586e-02 -3.319987e-01  5.000000e+00
-1.756505e-01 -2.685326e-01  5.922473e-03  5.000000e+00
-9.152871e-01 -5.627756e-01  9.090163e-02  5.000000e+00
 4.886936e-01  4.902556e-01  4.369401e-01  5.000000e+00
 4.557225e-01  8.180781e-01  4.373683e-01  5.000000e+00
-5.519077e-01 -4.195830e-01  9.053146e-02  5.000000e+00
 1.024966e+00 -2.443385e-02  6.929227e-02  5.000000e+00
 3.144106e-01 -2.299031e-01 -1.318329e-04  5.000000e+00
 4.472577e-01  3.393579e-01  3.461750e-01  5.000000e+00
-4.228715e-01 -5.115688e-01  2.468483e-01  5.000000e+00
 6.652472e-01 -4.133772e-01 -1.955103e-01  5.000000e+00
-7.811813e-01 -6.091356e-01  2.466300e-01  5.000000e+00
 1.704375e-01  1.261696e+00 -1.964712e-01  5.000000e+00
 3.440570e-01  1.394116e-01  1.865690e-01  5.000000e+00
-1.072846e+00  1.015847e+00 -3.360745e-01  5.000000e+00
-8.049030e-01  1.158596e+00 -1.370744e-02  5.000000e+00
 1.148675e-01 -1.899803e-01  3.166801e-02  5.000000e+00
 5.492328e-01  7.975943e-01  5.190693e-01  5.000000e+00
-6.069056e-01 -2.526302e-01 -2.029125e-01  5.000000e+00
 3.532967e-01  6.750876e-01  2.872399e-01  5.000000e+00
 3.485332e-01  9.125439e-01  2.303795e-01  5.000000e+00
 2.500658e-01  9.481419e-02  1.154204e-01  5.000000e+00
-9.581462e-01  1.065540e+00 -1.164812e-01  5.000000e+00
 1.087161e+00 -6.699213e-01 -4.999644e-01  5.000000e+00
-8.704531e-01 -2.249159e-01 -1.834422e-01  5.000000e+00
-3.801381e-01  1.091781e+00 -6.266370e-02  5.000000e+00
 7.342739e-01 -3.857936e-01 -8.437656e-02  5.000000e+00
 9.997127e-01 -5.456956e-01 -2.753892e-01  5.000000e+00
 1.289390e-01 -1.960202e-02 -1.974817e-01  6.000000e+00
-1.049981e+00  1.334913e-01  3.916424e-01  6.000000e+00
-4.352847e-01  3.604238e-02  5.944099e-02  6.000000e+00
-1.638074e-01 -4.795914e-01 -9.416663e-02  6.000000e+00
-6.304238e-01 -7.914585e-01  1.220619e-01  6.000000e+00
-8.344633e-01  7.833873e-01 -1.675345e-01  6.000000e+00
-3.366032e-01 -3.077205e-01 -4.700666e-02  6.000000e+00
 7.499335e-01  5.391178e-01  4.959578e-01  6.000000e+00
-9.374423e-01 -3.904562e-01  2.917449e-01  6.000000e+00
-3.710362e-01 -2.982756e-01 -6.300766e-02  6.000000e+00
-7.649068e-01 -5.236799e-01  2.271166e-01  6.000000e+00
-8.910722e-01  4.902104e-01  1.036986e-01  6.000000e+00
-6.942083e-01 -8.205786e-02  1.716747e-01  6.000000e+00
-3.697730e-01 -4.233428e-01 -1.134543e-01  6.000000e+00
 5.385942e-01  1.739422e-01 -1.755406e-02  6.000000e+00
-6.143877e-01  3.670358e-01  6.835521e-02  6.000000e+00
 7.320061e-01 -3.765936e-01 -4.258902e-01  6.000000e+00
-7.123495e-01  6.692456e-01 -1.603333e-01  6.000000e+00
-4.723765e-01  3.140700e-01  2.221281e-02  6.000000e+00
 7.306689e-01  3.049748e-01  1.645283e-01  6.000000e+00
-9.639533e-01 -5.791582e-01  2.457506e-01  6.000000e+00
-6.583141e-01 -4.100610e-01  1.095969e-01  6.000000e+00
 6.674333e-01  2.918771e-01  1.484196e-01  6.000000e+00
-8.970877e-01 -7.526501e-01  2.833226e-01  6.000000e+00
-4.339370e-01 -1.018931e+00  9.165726e-03  6.000000e+00
 1.042742e+00  3.843149e-01  3.776344e-01  6.000000e+00
 1.428116e+00  1.359316e-01 -7.479794e-02  6.000000e+00
 2.477223e-01  2.870964e-01  5.127083e-02  6.000000e+00
-6.666798e-01  4.987779e-01 -1.081470e-01  6.000000e+00
 7.486701e-02  1.305763e-01 -7.304493e-02  6.000000e+00
-6.353033e-01 -7.634356e-01  1.768456e-01  6.000000e+00
 9.739827e-01 -2.918320e-01 -4.002092e-01  6.000000e+00
 5.340791e-01 -4.203300e-02 -1.945436e-01  6.000000e+00
 3.675587e-01 -1.000126e+00 -3.186218e-01  6.000000e+00
-9.801442e-01  1.166894e+00 -4.194338e-01  6.000000e+00
-8.043703e-01  4.695762e-01  4.211736e-02  6.000000e+00
-1.034538e+00  1.986830e-01  3.945916e-01  6.000000e+00
-2.131311e-01  3.349643e-01  3.602390e-02  6.000000e+00
 1.254482e+00  2.684790e-01  5.807532e-02  6.000000e+00
-1.064801e+00  1.291317e-01  3.937823e-01  6.000000e+00
 8.989289e-01 -2.966635e-02 -1.556988e-01  6.000000e+00
 6.490426e-01 -6.818430e-01 -4.249115e-01  6.000000e+00
-1.070601e+00  1.283178e+00 -5.013484e-01  6.000000e+00
-5.511603e-01 -1.340151e-01  1.289470e-01  6.000000e+00
 8.407820e-01  2.923875e-01  1.358147e-01  6.000000e+00
 1.078435e+00  1.816913e-01 -1.044876e-02  6.000000e+00
-5.094775e-02 -7.724938e-02 -9.285165e-02  6.000000e+00
-4.241356e-01 -3.983881e-01  4.269846e-03  6.000000e+00
-1.079214e+00  1.293455e+00 -5.065974e-01  6.000000e+00
 8.822672e-01  3.631831e-01  3.593689e-01  6.000000e+00
 8.714414e-01  5.073718e-01  4.389377e-01  6.000000e+00
 4.355688e-01  2.738457e-01  5.263029e-02  6.000000e+00
 1.444043e-01  3.370353e-01  9.962499e-02  6.000000e+00
 2.829634e-01 -1.275626e+00 -4.454416e-01  6.000000e+00
-9.065295e-01 -1.592861e-01  3.425623e-01  6.000000e+00
-4.457652e-01 -1.044245e+00  4.239023e-03  6.000000e+00
 1.114925e-01 -8.408014e-01 -3.360852e-01  6.000000e+00
-3.204454e-01  1.323349e-01  4.273981e-02  6.000000e+00
 8.736136e-02 -4.072537e-01 -2.856438e-01  6.000000e+00
-7.801712e-01  9.114890e-01 -2.439906e-01  6.000000e+00
 3.936831e-01  4.851986e-01  5.048089e-01  6.000000e+00
 1.014393e+00  3.538072e-01  3.131099e-01  6.000000e+00
-2.062438e-01 -6.457464e-01 -1.911979e-01  6.000000e+00
-5.172343e-01  7.448726e-01 -2.150677e-01  6.000000e+00
 9.512587e-01 -6.270026e-03 -1.301375e-01  6.000000e+00
-6.764865e-01  3.141932e-01  1.785695e-01  6.000000e+00
-5.212113e-01 -5.161762e-01  1.328463e-01  6.000000e+00
 1.155612e+00  2.754731e-01  7.095408e-02  6.000000e+00
 6.297324e-01 -5.634826e-01 -3.432747e-01  6.000000e+00
-6.558351e-01 -8.368266e-01  1.449801e-01  6.000000e+00
-1.570941e-01 -5.584632e-01 -1.606644e-01  6.000000e+00
 7.912260e-01  5.404829e-01  4.925213e-01  6.000000e+00
 1.022708e+00  3.667504e-01  3.533647e-01  6.000000e+00
 1.175619e+00 -9.626791e-02 -2.027207e-01  6.000000e+00
 8.755803e-01  3.189238e-01  2.059296e-01  6.000000e+00
 8.827249e-01 -1.458575e-01 -2.875462e-01  6.000000e+00
-1.043219e+00  1.248349e+00 -4.778311e-01  6.000000e+00
-7.900432e-01 -8.421289e-01  2.474033e-01  6.000000e+00
-6.841097e-01 -4.419633e-01  1.455015e-01  6.000000e+00
-2.801930e-01 -5.044634e-01 -1.313419e-01  6.000000e+00
 5.677544e-01 -5.743001e-01 -3.982105e-01  6.000000e+00
 9.920218e-03 -1.036452e+00 -3.906956e-01  6.000000e+00
 1.099402e+00  1.906250e-01  7.279871e-03  6.000000e+00
 7.079216e-01  9.530973e-02 -6.014761e-02  6.000000e+00
-9.252099e-01 -6.313038e-01  2.876005e-01  6.000000e+00
-9.182330e-01 -2.262085e-01  3.388407e-01  6.000000e+00
-8.515345e-01 -2.719278e-01  2.670296e-01  6.000000e+00
-2.618963e-02  1.567253e-01 -7.067923e-02  6.000000e+00
-1.069703e+00  1.282252e+00 -5.013202e-01  6.000000e+00
 8.585165e-01  4.745767e-01  3.928010e-01  6.000000e+00
 4.402999e-01  5.033306e-01  5.335670e-01  6.000000e+00
 3.495075e-01  1.864431e-01  3.101990e-02  6.000000e+00
 9.609372e-01  1.546748e-01 -2.567846e-02  6.000000e+00
 9.029757e-01  2.915865e-01  1.336921e-01  6.000000e+00
-1.043607e+00  1.248810e+00 -4.780666e-01  6.000000e+00
 8.019560e-01 -1.619007e-01 -3.472001e-01  6.000000e+00
 1.435837e+00  1.923920e-01 -3.292142e-02  6.000000e+00
 4.311812e-01 -5.460529e-01 -4.251849e-01  6.000000e+00
-6.342576e-01 -8.859491e-01  2.994109e-02  6.000000e+00
 1.047190e+00 -1.744710e-02 -1.177942e-01  6.000000e+00
-1.045126e+00  3.420955e-02 -2.175704e-01  7.000000e+00
-8.431728e-01  2.355747e-02 -1.309423e-01  7.000000e+00
 2.720206e-01  1.927031e-01 -1.608081e-01  7.000000e+00
 1.252418e-01 -1.353161e+00  3.990697e-02  7.000000e+00
 1.402315e-01 -1.304832e-01 -3.672336e-01  7.000000e+00
-4.409418e-01 -6.388670e-01  2.282520e-01  7.000000e+00
-7.204164e-01  7.259540e-01  3.789256e-02  7.000000e+00
 4.271511e-01 -3.052567e-01 -7.745847e-02  7.000000e+00
-4.625782e-02 -6.193399e-01  1.408502e-01  7.000000e+00
-5.128087e-01  1.011382e-01 -5.866720e-02  7.000000e+00
 2.646397e-01  5.011992e-01  5.806292e-02  7.000000e+00
 1.134520e+00 -7.732186e-02  2.294455e-01  7.000000e+00
 7.144379e-01 -1.671628e-01  3.571837e-02  7.000000e+00
-8.534526e-01  1.122138e-01 -1.316876e-01  7.000000e+00
-9.097442e-01  1.222452e-01 -1.117543e-01  7.000000e+00
 8.503152e-01  6.609011e-01 -8.042821e-02  7.000000e+00
-1.189782e+00 -5.466024e-01 -2.511519e-02  7.000000e+00
 8.526878e-01 -3.511074e-01  5.770099e-03  7.000000e+00
 1.807799e-01  3.338659e-01 -7.694086e-02  7.000000e+00
 1.073839e+00 -7.083051e-02  2.435809e-01  7.000000e+00
 1.419089e+00  1.404085e-01  7.893770e-02  7.000000e+00
-2.891358e-01  7.048217e-03 -6.128560e-02  7.000000e+00
 2.429116e-01 -6.188614e-01 -1.009565e-01  7.000000e+00
 5.422400e-01  3.556548e-01 -1.310295e-01  7.000000e+00
-3.427135e-01  9.119771e-01  2.050984e-01  7.000000e+00
 8.868147e-01  4.341471e-01 -1.770270e-01  7.000000e+00
 4.559362e-01 -5.270501e-01  1.610354e-02  7.000000e+00
 2.729745e-01  1.352699e-01 -2.131942e-01  7.000000e+00
-4.696910e-01  1.186814e+00  3.490294e-01  7.000000e+00
-6.498504e-01  3.465285e-03 -6.323856e-02  7.000000e+00
-1.191664e-01 -1.131177e+00  2.081059e-01  7.000000e+00
 3.457511e-01 -2.547509e-01 -8.011722e-02  7.000000e+00
-5.241963e-01  4.271793e-01  1.477103e-02  7.000000e+00
-6.579443e-01 -8.591829e-01  2.253734e-01  7.000000e+00
-6.076976e-01  2.025731e-01 -7.790435e-02  7.000000e+00
 5.642182e-01 -1.025075e+00 -3.833819e-02  7.000000e+00
 1.587275e-01 -1.421678e-01 -3.678447e-01  7.000000e+00
-9.025053e-01 -3.704171e-01  3.766012e-02  7.000000e+00
 2.233706e-01 -1.049345e+00  1.264167e-02  7.000000e+00
 8.162831e-01  1.607927e-01  7.979198e-02  7.000000e+00
 8.507010e-01  3.883538e-01 -2.142160e-01  7.000000e+00
-8.193743e-01  5.268525e-01 -8.206596e-02  7.000000e+00
 3.888940e-01 -1.080969e+00 -6.881660e-02  7.000000e+00
 7.979708e-01  9.223168e-02  1.747171e-01  7.000000e+00
-5.185427e-01 -8.566600e-01  1.810849e-01  7.000000e+00
 9.801505e-02 -4.145927e-02 -4.335014e-01  7.000000e+00
-1.371292e-01  3.640300e-02 -2.064778e-01  7.000000e+00
-5.587389e-01 -4.233247e-01  1.191697e-01  7.000000e+00
-1.117564e+00 -3.945834e-01 -1.370933e-01  7.000000e+00
 4.858023e-01 -5.693821e-01  2.960886e-02  7.000000e+00
 8.196404e-01 -5.183153e-01  1.138315e-01  7.000000e+00
 2.367375e-01 -9.073274e-01 -1.627392e-02  7.000000e+00
-7.100343e-01 -1.086803e-01 -2.916933e-02  7.000000e+00
 4.782539e-01 -6.729294e-01 -6.869828e-03  7.000000e+00
-4.338061e-01  1.141360e+00  3.057306e-01  7.000000e+00
 2.543475e-01  3.827988e-02 -2.816741e-01  7.000000e+00
-3.655851e-01 -3.634550e-01  1.327331e-01  7.000000e+00
-9.169966e-01 -2.568138e-01 -6.050576e-02  7.000000e+00
 5.758892e-01  6.083111e-01 -5.569860e-02  7.000000e+00
-3.314148e-01  7.818947e-01  2.052480e-01  7.000000e+00
 1.093323e+00  3.860331e-01 -1.753432e-01  7.000000e+00
-1.140224e-01  5.976766e-02 -2.716293e-01  7.000000e+00
-9.287837e-01  3.961154e-01 -1.031656e-01  7.000000e+00
-2.734552e-01  7.737602e-01  1.864509e-01  7.000000e+00
 9.317479e-01  3.207146e-01 -1.196221e-01  7.000000e+00
 3.239421e-01 -3.870490e-01 -7.783329e-02  7.000000e+00
-9.981629e-01 -5.608049e-01  1.615752e-01  7.000000e+00
 1.263206e+00 -6.692229e-03  1.833581e-01  7.000000e+00
-4.210020e-01  1.151819e-01 -3.092767e-02  7.000000e+00
 3.243786e-01  4.853810e-01  3.437451e-02  7.000000e+00
-7.584596e-01  2.294587e-01 -1.648103e-01  7.000000e+00
 1.024064e+00 -5.937884e-02  2.400165e-01  7.000000e+00
 5.194389e-01 -8.418293e-01  3.421598e-03  7.000000e+00
-5.098133e-01  1.306941e+00  3.942703e-01  7.000000e+00
 6.638267e-01  7.448668e-01 -1.512625e-01  7.000000e+00
-1.032330e+00  6.695305e-02 -1.943698e-01  7.000000e+00
-4.391455e-01  1.128798e+00  3.155312e-01  7.000000e+00
-1.068931e+00  1.798977e-02 -2.221249e-01  7.000000e+00
-3.660687e-01 -5.040917e-01  2.200223e-01  7.000000e+00
 3.003012e-01  6.534636e-01 -2.705187e-02  7.000000e+00
 6.458688e-01  7.475578e-01 -1.542980e-01  7.000000e+00
 4.851522e-01  7.464784e-01 -9.757784e-02  7.000000e+00
 7.514694e-01 -2.410000e-01 -3.710202e-02  7.000000e+00
 1.250362e-02  4.883839e-02 -3.354836e-01  7.000000e+00
 1.296829e+00  2.473904e-01 -2.977237e-02  7.000000e+00
-4.061345e-01 -6.826834e-01  2.463005e-01  7.000000e+00
 1.296454e-01 -8.605699e-01  4.688751e-02  7.000000e+00
-7.573824e-01 -5.975963e-01  2.549327e-01  7.000000e+00
-2.559297e-01 -5.283683e-01  2.800547e-01  7.000000e+00
-9.218157e-01  2.450231e-01 -1.012443e-01  7.000000e+00
-8.352520e-01 -1.417447e-01 -7.197446e-02  7.000000e+00
 4.405485e-01  4.168042e-01 -3.036829e-02  7.000000e+00
 1.222393e+00  1.816489e-01  2.583347e-02  7.000000e+00
-7.448736e-02  7.698465e-01  1.445865e-03  7.000000e+00
-4.027877e-01  1.063871e+00  2.711254e-01  7.000000e+00
-9.828577e-01  1.800386e-01 -1.058785e-01  7.000000e+00
-6.804193e-01  3.479591e-02 -6.302588e-02  7.000000e+00
-1.936713e-01  7.723027e-01  1.215673e-01  7.000000e+00
 1.305135e+00  4.429078e-02  1.925387e-01  7.000000e+00
-2.295060e-01 -7.274475e-01  2.179472e-01  7.000000e+00
-8.213508e-02  1.062388e+00 -6.817039e-03  8.000000e+00
 1.034866e-01 -4.418624e-01  1.325376e-01  8.000000e+00
-5.127488e-01 -2.941196e-01 -1.800320e-01  8.000000e+00
-1.201731e+00  7.158344e-03  4.374129e-02  8.000000e+00
 8.580938e-01 -1.203728e-01 -2.240756e-01  8.000000e+00
-7.959411e-02 -5.280163e-01  1.490602e-01  8.000000e+00
-3.416570e-01 -4.636905e-01  1.321383e-01  8.000000e+00
 5.363437e-01 -6.408833e-02 -1.673991e-01  8.000000e+00
 5.365932e-01 -8.991303e-01 -7.532080e-02  8.000000e+00
-2.010308e-01 -7.247561e-01  1.657290e-01  8.000000e+00
 3.925281e-01 -6.478878e-01 -9.320651e-02  8.000000e+00
 2.479383e-01  1.100326e+00  3.228508e-01  8.000000e+00
-9.457732e-01 -1.091942e-01 -2.401509e-02  8.000000e+00
 3.623279e-01 -6.122864e-01 -6.726018e-02  8.000000e+00
-3.857258e-01  5.832923e-01 -2.827860e-01  8.000000e+00
 3.571383e-01 -1.970997e-01 -2.038346e-02  8.000000e+00
-9.111630e-01  1.340542e-01  4.067594e-02  8.000000e+00
 8.934046e-01  3.157575e-01  2.114787e-01  8.000000e+00
 7.670516e-01  6.446350e-01  3.889965e-02  8.000000e+00
 6.450905e-01  8.574204e-02 -3.846533e-02  8.000000e+00
 4.320761e-01  8.638814e-01  1.918912e-02  8.000000e+00
 6.974418e-01  1.361103e-02 -1.175035e-01  8.000000e+00
-3.574407e-01 -4.644814e-01  1.404642e-01  8.000000e+00
-6.787891e-01 -4.078689e-01 -1.583413e-01  8.000000e+00
-2.140281e-01  1.292855e+00 -7.625174e-02  8.000000e+00
-2.504286e-01 -4.324244e-01  1.672947e-01  8.000000e+00
-1.237648e+00 -1.856371e-02  1.697127e-02  8.000000e+00
 3.687735e-01 -2.479580e-01 -2.484880e-02  8.000000e+00
-1.104534e+00  3.042620e-01 -2.830353e-02  8.000000e+00
 3.364674e-01  8.673359e-01  1.381555e-01  8.000000e+00
 8.294755e-01  5.019239e-01  1.186988e-01  8.000000e+00
 1.339639e+00  2.041584e-01  7.677868e-02  8.000000e+00
 2.743174e-01 -4.747282e-01  5.774814e-02  8.000000e+00
-9.183414e-01 -4.793786e-02 -3.238304e-02  8.000000e+00
-3.007102e-01 -3.401350e-01  1.251849e-01  8.000000e+00
 2.670775e-01  9.205517e-01  2.594248e-01  8.000000e+00
 3.992396e-01 -6.622289e-01 -8.684802e-02  8.000000e+00
 1.301706e+00  7.189672e-02 -5.761740e-02  8.000000e+00
-2.139815e-01 -1.001517e+00  2.065421e-01  8.000000e+00
-5.784736e-01  4.612100e-01 -9.553080e-02  8.000000e+00
 8.688795e-01  4.061075e-01  1.809783e-01  8.000000e+00
 7.146363e-01 -1.587004e-01 -3.406394e-01  8.000000e+00
 3.116101e-01 -1.082538e+00 -4.260133e-02  8.000000e+00
 8.289173e-01 -2.064491e-01 -3.140782e-01  8.000000e+00
-4.865555e-01  9.786261e-01 -3.037783e-01  8.000000e+00
 4.349758e-02 -1.299305e-01  1.244180e-01  8.000000e+00
-1.911705e-01  1.206619e+00 -9.115568e-02  8.000000e+00
-3.353461e-02 -1.217015e+00 -3.840444e-02  8.000000e+00
 1.417476e-01  7.206508e-01  2.231067e-01  8.000000e+00
-4.490862e-02  9.540708e-01  4.762014e-02  8.000000e+00
-3.079039e-01 -5.675613e-01  1.874488e-01  8.000000e+00
 4.939671e-01 -8.943717e-01 -8.265494e-02  8.000000e+00
-6.128260e-02 -1.082779e+00 -3.879925e-02  8.000000e+00
 3.287979e-01 -2.787932e-01  1.771504e-02  8.000000e+00
-2.221593e-01  5.974883e-01 -3.479152e-01  8.000000e+00
-2.512732e-01 -6.861483e-01  2.138010e-01  8.000000e+00
 1.040770e+00 -2.262910e-01 -2.814890e-01  8.000000e+00
 2.612889e-02 -1.165981e+00 -9.752406e-02  8.000000e+00
 1.929262e-01  9.269408e-01  2.711125e-01  8.000000e+00
-1.413272e-01  6.574531e-01 -2.022717e-01  8.000000e+00
 7.929834e-01 -3.741016e-01 -2.041715e-01  8.000000e+00
-6.902977e-01  6.584987e-01 -2.694304e-01  8.000000e+00
-2.523419e-01 -4.313964e-01  1.667308e-01  8.000000e+00
 4.150866e-01  1.041884e+00  1.930547e-01  8.000000e+00
 9.214515e-01 -2.725294e-01 -2.461409e-01  8.000000e+00
 5.592660e-01 -7.336904e-01 -3.717379e-02  8.000000e+00
-1.113697e+00 -1.995654e-01 -6.083350e-02  8.000000e+00
-1.641097e-01  7.601319e-01 -2.006115e-01  8.000000e+00
-7.851017e-01  3.182158e-01  1.621143e-03  8.000000e+00
 1.466268e+00  1.336035e-01 -2.897172e-02  8.000000e+00
-2.918749e-01 -5.218190e-01  1.616199e-01  8.000000e+00
-7.830013e-01  8.867178e-02  6.727380e-02  8.000000e+00
-1.433323e+00  3.646455e-02  2.822913e-02  8.000000e+00
 6.788866e-01 -5.015031e-01 -1.210432e-01  8.000000e+00
 1.712175e-01 -3.429476e-01  8.997484e-02  8.000000e+00
-9.701157e-01 -2.432037e-01 -8.340988e-02  8.000000e+00
 9.194564e-01  3.539524e-01  1.689936e-01  8.000000e+00
 4.347590e-01  8.747469e-01  2.876879e-02  8.000000e+00
-6.636650e-01 -1.245649e-01 -1.005588e-01  8.000000e+00
-9.776371e-01  1.211948e-01  6.056180e-02  8.000000e+00
 1.285202e-01  8.503784e-01  2.478426e-01  8.000000e+00
-1.179923e-01 -6.236855e-01  2.000453e-01  8.000000e+00
 4.302131e-01  1.078483e+00  2.160769e-01  8.000000e+00
 1.197481e-01  3.026227e-01 -4.320669e-02  8.000000e+00
-1.243113e+00  1.042037e-02  3.192524e-02  8.000000e+00
-5.755240e-02  6.831207e-01 -7.454943e-02  8.000000e+00
-6.646714e-01 -4.719202e-01 -5.070503e-02  8.000000e+00
-8.187571e-01  3.240667e-01 -1.197915e-02  8.000000e+00
-6.717993e-01 -5.440636e-01  2.212097e-02  8.000000e+00
-1.872525e-01 -7.719788e-01  2.084829e-01  8.000000e+00
 3.161211e-01 -1.199905e+00 -2.932662e-02  8.000000e+00
-3.619902e-01  6.236689e-01 -2.878570e-01  8.000000e+00
 4.640602e-01  2.108979e-02 -1.633320e-01  8.000000e+00
 8.244549e-01  8.825752e-02  4.886420e-02  8.000000e+00
-8.246891e-01  5.906511e-01 -2.038518e-01  8.000000e+00
-4.651287e-01 -4.525682e-01  1.054707e-01  8.000000e+00
 7.874204e-02 -4.047224e-01  1.496775e-01  8.000000e+00
-6.390943e-02 -2.499948e-01  1.650600e-01  8.000000e+00
-9.811535e-01  3.254266e-01 -4.011103e-02  8.000000e+00
 1.179900e+00  1.925216e-01  1.038054e-01  8.000000e+00
 5.717257e-01 -8.508008e-01  1.938873e-01  9.000000e+00
 2.668527e-01 -8.742742e-02 -8.457378e-03  9.000000e+00
 2.437100e-01 -9.118911e-02 -1.032830e-02  9.000000e+00
-4.540591e-01 -2.738049e-01 -3.177071e-01  9.000000e+00
-3.160345e-01 -3.661702e-02 -1.868019e-01  9.000000e+00
 1.224088e+00  4.462569e-01 -1.072891e-01  9.000000e+00
-1.929908e-01  7.046061e-02 -5.769730e-02  9.000000e+00
 1.159464e+00  4.987358e-01 -1.108171e-01  9.000000e+00
-5.157801e-01  7.982978e-01  1.993124e-01  9.000000e+00
 1.048712e+00 -2.498183e-01  2.740940e-01  9.000000e+00
 4.571418e-01 -1.215853e+00  1.337180e-02  9.000000e+00
 2.171322e-01 -1.669986e-01 -8.388086e-03  9.000000e+00
 5.224062e-01  6.229743e-01 -5.523211e-02  9.000000e+00
 1.138021e-01 -1.347366e+00  1.091822e-01  9.000000e+00
-4.170034e-01 -1.770592e-01 -3.352215e-01  9.000000e+00
-1.008431e-01  5.548009e-01 -4.272984e-03  9.000000e+00
-3.629818e-01 -4.923992e-01 -2.034363e-01  9.000000e+00
 2.794923e-01  8.368444e-01 -1.898680e-01  9.000000e+00
-1.387397e+00  8.436049e-02  9.588848e-02  9.000000e+00
 5.237894e-01  6.622977e-01 -4.678382e-02  9.000000e+00
 1.182154e+00  4.076732e-01 -1.463060e-01  9.000000e+00
-1.723510e-01 -8.769645e-01 -2.822256e-01  9.000000e+00
-1.371069e+00 -1.035561e-01  1.298049e-01  9.000000e+00
 3.563946e-01 -3.604510e-01  6.680738e-02  9.000000e+00
 9.138747e-02  6.935188e-01 -5.166115e-02  9.000000e+00
-6.027829e-01  7.863784e-01  6.607276e-02  9.000000e+00
-1.383920e+00 -9.208560e-02  1.286073e-01  9.000000e+00
 1.314046e-01 -5.203191e-01 -4.589814e-02  9.000000e+00
-4.910962e-01  8.042040e-02 -2.664508e-02  9.000000e+00
 5.854935e-01  1.048206e-01 -7.120413e-02  9.000000e+00
 1.168945e+00 -1.798518e-02  1.310399e-01  9.000000e+00
-9.309978e-01  3.633236e-01  3.034628e-01  9.000000e+00
-7.004868e-01 -4.388819e-01 -2.774313e-01  9.000000e+00
 3.388363e-01  8.755430e-01 -1.634779e-01  9.000000e+00
-1.520188e-01 -6.657027e-01 -1.849427e-01  9.000000e+00
 2.035534e-01  4.638235e-02 -2.563865e-02  9.000000e+00
 1.662629e-01  1.109724e+00  2.042544e-01  9.000000e+00
-1.263386e-02  8.813422e-04 -1.690105e-02  9.000000e+00
 3.252995e-03  3.218151e-01 -2.160222e-01  9.000000e+00
-5.591413e-01  1.202013e-01  6.069251e-02  9.000000e+00
-5.630858e-01 -1.126603e-01 -3.232083e-01  9.000000e+00
 4.754756e-01 -5.618768e-01  2.155241e-01  9.000000e+00
-1.266156e+00 -3.962752e-01  6.495134e-02  9.000000e+00
 3.060615e-01 -1.345308e+00  2.586084e-02  9.000000e+00
 1.303053e+00  5.607185e-02  1.141211e-01  9.000000e+00
-4.521508e-01  5.833840e-02 -7.337885e-02  9.000000e+00
-6.797617e-01  2.024124e-01  2.042850e-01  9.000000e+00
 1.149491e+00  2.211764e-01 -3.072458e-02  9.000000e+00
 8.458738e-01 -3.499022e-03  8.446265e-02  9.000000e+00
-6.433757e-02  2.085860e-02 -1.953732e-02  9.000000e+00
 6.261934e-01  4.949654e-01 -2.098227e-01  9.000000e+00
 5.450199e-01  9.170350e-02 -7.691048e-02  9.000000e+00
 4.775724e-01  6.545258e-01 -3.598568e-02  9.000000e+00
-6.367686e-01 -2.461112e-01 -3.845986e-01  9.000000e+00
 8.812423e-01  2.505461e-01 -6.365169e-02  9.000000e+00
 1.337862e-01  1.034393e+00  1.853862e-01  9.000000e+00
-4.032586e-01  9.698366e-01  1.978006e-01  9.000000e+00
 6.068437e-01 -7.843414e-01  2.532421e-01  9.000000e+00
-1.019359e+00 -4.815637e-01 -2.155179e-01  9.000000e+00
 9.513486e-02  1.051649e+00  2.292908e-01  9.000000e+00
-1.312342e+00 -2.832338e-01  1.712462e-01  9.000000e+00
 3.404341e-01 -1.299341e+00  2.310439e-02  9.000000e+00
-1.462355e+00 -3.255055e-01  1.427315e-01  9.000000e+00
-5.091038e-01 -7.772193e-01 -3.386317e-01  9.000000e+00
 6.098662e-01 -9.547319e-01  1.842285e-01  9.000000e+00
-7.987915e-01  2.654186e-01  2.608760e-01  9.000000e+00
-2.985873e-01 -5.890693e-01 -2.342995e-01  9.000000e+00
-7.501678e-01  2.837864e-01  2.316978e-01  9.000000e+00
 7.867235e-01 -6.723009e-01  2.800822e-01  9.000000e+00
 3.560884e-01 -6.602419e-01  7.460473e-02  9.000000e+00
 1.631644e-01  6.035689e-01 -1.256745e-01  9.000000e+00
-1.344866e+00 -2.228266e-01  1.825710e-01  9.000000e+00
 1.122971e+00 -4.302520e-01  2.716735e-01  9.000000e+00
 3.067919e-01  1.263050e-01 -4.935252e-02  9.000000e+00
-4.331729e-01 -5.929574e-01 -2.160262e-01  9.000000e+00
 5.481369e-02 -1.658172e-01 -3.447823e-02  9.000000e+00
 6.350275e-02 -1.324835e+00  5.689358e-02  9.000000e+00
 1.232531e-01  5.752128e-01 -1.186723e-01  9.000000e+00
 2.204831e-01 -1.516386e-01 -5.948400e-03  9.000000e+00
 7.010969e-01  6.601074e-01 -2.507060e-01  9.000000e+00
-1.195563e+00  2.515710e-01  1.833542e-01  9.000000e+00
 9.684251e-01 -5.948084e-01  2.669364e-01  9.000000e+00
 7.056374e-01 -7.853050e-01  2.706025e-01  9.000000e+00
-7.959352e-01  4.264207e-01  1.586135e-01  9.000000e+00
-1.171665e+00  2.935509e-01  2.323009e-01  9.000000e+00
 2.856808e-01  1.049862e+00  7.569984e-02  9.000000e+00
-3.842163e-01  6.155326e-02 -5.632686e-02  9.000000e+00
-2.243749e-02 -3.802799e-01 -1.269776e-01  9.000000e+00
 5.978880e-01  3.892424e-01 -1.957905e-01  9.000000e+00
 2.582337e-01  3.258374e-01 -1.042899e-01  9.000000e+00
-5.940794e-01 -9.491685e-02 -3.281707e-01  9.000000e+00
-9.032697e-01  4.050415e-01  2.541910e-01  9.000000e+00
 6.467862e-01  6.694460e-01 -1.750010e-01  9.000000e+00
-6.087654e-01 -6.062824e-02 -3.141610e-01  9.000000e+00
 3.980858e-01  2.486668e-01 -1.229363e-01  9.000000e+00
 5.112476e-01  4.449693e-01 -2.159971e-01  9.000000e+00
 8.851259e-01 -9.207226e-02  1.779514e-01  9.000000e+00
-4.308536e-01  9.793396e-01  1.677499e-01  9.000000e+00
-1.323372e+00  4.028953e-02  8.875479e-02  9.000000e+00
 1.139962e+00 -2.374817e-01  2.901646e-01  9.000000e+00
