PC1 PC2 PC3 
-2.1507723732 -0.8019880269  0.0256221790  1.0000000000
-2.2102445216 -0.9308443164 -0.0356403430  1.0000000000
-2.3333119571 -0.7958292884 -0.1574324757  1.0000000000
-2.3118027046 -0.7259634563 -0.1349872700  1.0000000000
-2.0696552891 -0.7379773040  0.1077957501  1.0000000000
-2.2582333742 -0.6585377443 -0.0804083657  1.0000000000
-2.0548780182 -0.7587710721  0.1223630788  1.0000000000
-2.1020219614 -0.8622813632  0.0737829695  1.0000000000
-2.1616846701 -0.7660211437  0.0151204775  1.0000000000
-2.0707286298 -0.9468688895  0.1041288959  1.0000000000
-2.1558044997 -0.7555872844  0.0211490687  1.0000000000
-2.0363115653 -0.8058124922  0.1404064234  1.0000000000
-2.0249288315 -0.6916881031  0.1532410599  1.0000000000
-2.2631092320 -0.7072613523 -0.0859041429  1.0000000000
-2.1741236689 -0.5827380008  0.0049136940  1.0000000000
-2.1872525953 -0.6094126690 -0.0085885082  1.0000000000
-2.1386251411 -1.0225661995  0.0350738313  1.0000000000
-2.0720359857 -0.6569882495  0.1064115189  1.0000000000
-2.1672858541 -0.9082343401  0.0077378515  1.0000000000
-2.0809334285 -0.6308670529  0.0978091236  1.0000000000
-2.0614224199 -0.7588096600  0.1157969946  1.0000000000
-2.0552209361 -0.7518533717  0.1221048221  1.0000000000
-2.0355759709 -0.6900833505  0.1425793207  1.0000000000
-2.1417829604 -0.8348915953  0.0342327481  1.0000000000
-2.0968415865 -0.6238484090  0.0819364465  1.0000000000
-2.2756908485 -0.6262069009 -0.0975215343  1.0000000000
-2.1515407119 -0.7814187234  0.0251063886  1.0000000000
-2.1451637369 -0.9364623255  0.0295816477  1.0000000000
-2.1748693926 -0.7807273364  0.0017106949  1.0000000000
-2.1095133347 -0.9959811039  0.0646095879  1.0000000000
-2.0794414983 -0.8632557693  0.0964245122  1.0000000000
-2.2124454052 -0.8578515584 -0.0369433241  1.0000000000
-2.1857193308 -0.6660070082 -0.0077519861  1.0000000000
-2.1295020572 -0.6892447584  0.0483593092  1.0000000000
-2.0500687432 -0.8275439067  0.1263352252  1.0000000000
-2.0643014038 -0.7592875568  0.1129027574  1.0000000000
-2.1571671272 -0.9906756028  0.0168671785  1.0000000000
-2.2355104656 -0.8510119815 -0.0599983123  1.0000000000
-2.1305853350 -1.0076432179  0.0433247158  1.0000000000
-2.1441475921 -0.6338256977  0.0343534604  1.0000000000
-2.0877943617 -0.9253152782  0.0872751127  1.0000000000
-2.2506568979 -0.6036775746 -0.0721271332  1.0000000000
-2.2136047784 -0.8229409501 -0.0376735990  1.0000000000
-2.0725382802 -0.8659757804  0.1033163717  1.0000000000
-2.0845441032 -0.8706125907  0.0912141579  1.0000000000
-2.0680845314 -0.6390803866  0.1105978147  1.0000000000
-2.2831195850 -0.7000858108 -0.1058903608  1.0000000000
-2.2414415045 -0.8921614306 -0.0664587778  1.0000000000
-2.2759374150 -0.7145318436 -0.0988640360  1.0000000000
-2.0467537700 -0.6541519447  0.1318108169  1.0000000000
-2.2888215918 -0.6657625568 -0.1111852700  1.0000000000
-2.2562562979 -0.9611361104 -0.0821767849  1.0000000000
-2.2530924588 -0.7967850432 -0.0769649147  1.0000000000
-2.1117505225 -0.7745644182  0.0651104854  1.0000000000
-2.1992427783 -0.8840035369 -0.0240221774  1.0000000000
-2.1522951634 -0.6586127233  0.0258721578  1.0000000000
-2.2925907171 -0.8281500649 -0.1169800415  1.0000000000
-2.1561120234 -0.9207990166  0.0187920970  1.0000000000
-2.1822321208 -0.9074642613 -0.0072472932  1.0000000000
-2.1980941249 -0.8756176653 -0.0227658264  1.0000000000
-2.1157087153 -0.6808389799  0.0623015647  1.0000000000
-2.1546803905 -0.7808439705  0.0219636637  1.0000000000
-2.2972171256 -0.7337952835 -0.1204515397  1.0000000000
-2.0471987436 -0.8092897323  0.1294408563  1.0000000000
-2.2931680110 -0.6698457395 -0.1155963989  1.0000000000
-2.1620006315 -0.7628764559  0.0148424832  1.0000000000
-2.0485543482 -0.6723013689  0.1297793710  1.0000000000
-2.2630094371 -0.7532010926 -0.0863736291  1.0000000000
-2.2882792622 -0.5965428058 -0.1097829312  1.0000000000
-2.1633204699 -0.6201495933  0.0152880313  1.0000000000
-2.2547149415 -0.7114477672 -0.0775345619  1.0000000000
-2.2723380060 -0.5967075625 -0.0937920678  1.0000000000
-2.0960974016 -0.9565447943  0.0785579576  1.0000000000
-2.0674137005 -0.8532538570  0.1086152935  1.0000000000
-2.0983651042 -0.8801962012  0.0772295498  1.0000000000
-2.2148799834 -0.8076385815 -0.0387632023  1.0000000000
-2.2315559043 -0.7685819050 -0.0550088919  1.0000000000
-2.1873388391 -0.9638005610 -0.0130690683  1.0000000000
-2.1479988702 -0.7713271272  0.0287848311  1.0000000000
-2.1043687797 -1.0311548504  0.0693346939  1.0000000000
-2.2873646034 -0.9529932576 -0.1132849192  1.0000000000
-2.0794553300 -0.8151769898  0.0970067619  1.0000000000
-2.2282562090 -0.9346899457 -0.0537580704  1.0000000000
-2.1379294675 -0.7264319754  0.0394435115  1.0000000000
-2.0808213708 -0.7304358063  0.0966869966  1.0000000000
-2.1658511217 -0.9048788164  0.0092188375  1.0000000000
-2.1495639183 -0.9127547631  0.0254611584  1.0000000000
-2.1107169504 -0.6255196973  0.0679954039  1.0000000000
-2.1444820421 -0.8730074044  0.0310523254  1.0000000000
-2.1063778421 -0.8368662377  0.0697280964  1.0000000000
-2.0275132439 -0.7083140113  0.1504421301  1.0000000000
-2.1048348578 -0.9922981652  0.0693488877  1.0000000000
-2.0843315220 -0.8811403800  0.0912968943  1.0000000000
-2.1203743492 -0.6683917497  0.0577751466  1.0000000000
-2.2609461861 -0.6516233102 -0.0830442355  1.0000000000
-2.0591499307 -0.7356473308  0.1183640353  1.0000000000
-2.2249261526 -0.8835294867 -0.0497828888  1.0000000000
-2.0812882296 -0.7276743249  0.0962528646  1.0000000000
-2.0845709909 -0.9502537400  0.0901997166  1.0000000000
-2.1168122085 -0.8376000409  0.0592508240  1.0000000000
-1.6487980224  0.5376896479 -0.0024931967  2.0000000000
-1.7753939651  0.3636243116 -0.1316575402  2.0000000000
-1.7947186849  0.3237025298 -0.1515398607  2.0000000000
-1.6441591742  0.4005070230  0.0004597614  2.0000000000
-1.5275328629  0.4364088388  0.1179090895  2.0000000000
-1.6732058703  0.5647013647 -0.0266452097  2.0000000000
-1.7050575203  0.4892120279 -0.0595360482  2.0000000000
-1.7446292789  0.2659786539 -0.1020038791  2.0000000000
-1.6975519551  0.6005587861 -0.0506255822  2.0000000000
-1.6647503329  0.5162227800 -0.0187633596  2.0000000000
-1.5816695176  0.2497960531  0.0612832286  2.0000000000
-1.6063857070  0.4550936472  0.0390324322  2.0000000000
-1.6159087818  0.2510112080  0.0269480950  2.0000000000
-1.5660309380  0.4003670795  0.0788393998  2.0000000000
-1.7114443478  0.4663196951 -0.0662274100  2.0000000000
-1.5261647861  0.4797704136  0.1198192368  2.0000000000
-1.6947111209  0.3992173434 -0.0502719655  2.0000000000
-1.6117072730  0.5682342366  0.0350964484  2.0000000000
-1.7254692026  0.2343993082 -0.0831732743  2.0000000000
-1.5982591786  0.3210289675  0.0455230299  2.0000000000
-1.4910157393  0.4174729539  0.1543097444  2.0000000000
-1.6601930550  0.5445235742 -0.0138404160  2.0000000000
-1.7479547181  0.3638162756 -0.1041270093  2.0000000000
-1.6925151975  0.5875694385 -0.0457335596  2.0000000000
-1.5555877231  0.3464747658  0.0886482430  2.0000000000
-1.5241714652  0.4964807159  0.1220262063  2.0000000000
-1.7805891126  0.4283779298 -0.1360666435  2.0000000000
-1.7021230125  0.3576114463 -0.0582237412  2.0000000000
-1.7522282868  0.3389943806 -0.1087221898  2.0000000000
-1.6998863657  0.3055342006 -0.0566255506  2.0000000000
-1.7471705476  0.5784488943 -0.1006790795  2.0000000000
-1.7433218483  0.5210483862 -0.0975296162  2.0000000000
-1.6893813815  0.4793251071 -0.0439317058  2.0000000000
-1.6542517432  0.4568402822 -0.0089670347  2.0000000000
-1.6187798338  0.1991816805  0.0234251091  2.0000000000
-1.5545008291  0.4338005724  0.0908214067  2.0000000000
-1.7510643737  0.3643333780 -0.1072403287  2.0000000000
-1.6091131718  0.3341406288  0.0347964402  2.0000000000
-1.6817006845  0.3340499605 -0.0380273819  2.0000000000
-1.6118418134  0.2281811439  0.0307451717  2.0000000000
-1.5769028156  0.3695035959  0.0675496223  2.0000000000
-1.6762439184  0.5993804422 -0.0292631171  2.0000000000
-1.7285143885  0.4296696962 -0.0838071794  2.0000000000
-1.5128188395  0.4628177445  0.1329982293  2.0000000000
-1.5452808172  0.1786330941  0.0969074835  2.0000000000
-1.5076762834  0.4016348336  0.1373988437  2.0000000000
-1.7345194817  0.5199882785 -0.0887118739  2.0000000000
-1.7432920237  0.2855546019 -0.1004195701  2.0000000000
-1.5073422941  0.3555002697  0.1371618951  2.0000000000
-1.6845916182  0.1834893370 -0.0427944756  2.0000000000
-1.7070232522  0.5655746020 -0.0605613335  2.0000000000
-1.6735489191  0.2262975645 -0.0311852210  2.0000000000
-1.5521147322  0.3957388067  0.0927433087  2.0000000000
-1.7619714724  0.3295623913 -0.1186138903  2.0000000000
-1.6740192677  0.2444973887 -0.0314314349  2.0000000000
-1.6070377291  0.2916960023  0.0363523387  2.0000000000
-1.5220833771  0.3546265528  0.1223622175  2.0000000000
-1.6549958696  0.2218336743 -0.0126274067  2.0000000000
-1.5286282331  0.2397164653  0.1143713919  2.0000000000
-1.6575122899  0.3126453429 -0.0140260112  2.0000000000
-1.5282729743  0.4963488092  0.1179097726  2.0000000000
-1.5924075375  0.4207082473  0.0526295485  2.0000000000
-1.7375927505  0.4429264486 -0.0927505858  2.0000000000
-1.4878223827  0.4129118838  0.1574568951  2.0000000000
-1.5970875403  0.2186098440  0.0454285749  2.0000000000
-1.5703786554  0.1249599182  0.0710628368  2.0000000000
-1.7805503245  0.2388448155 -0.1383777408  2.0000000000
-1.5785869785  0.3938603396  0.0661620007  2.0000000000
-1.7300216735  0.2381731416 -0.0876937038  2.0000000000
-1.5777392306  0.5346698476  0.0687583850  2.0000000000
-1.7284085034  0.3619048757 -0.0845411638  2.0000000000
-1.6601216644  0.2009846916 -0.0180283146  2.0000000000
-1.5193919145  0.4533710360  0.1262867282  2.0000000000
-1.6295765168  0.4227284519  0.0153651893  2.0000000000
-1.7880997382  0.3745452446 -0.1442690724  2.0000000000
-1.6543462767  0.3177022087 -0.0107870402  2.0000000000
-1.6836180296  0.2228178997 -0.0413300998  2.0000000000
-1.5884939688  0.3025654494  0.0550909510  2.0000000000
-1.6159616450  0.5320110962  0.0303791633  2.0000000000
-1.8014481948  0.2735690185 -0.1589127772  2.0000000000
-1.6395612607  0.4134018246  0.0052324542  2.0000000000
-1.6512557618  0.3187479858 -0.0076735454  2.0000000000
-1.5718236140  0.2217057845  0.0708127434  2.0000000000
-1.7501761145  0.3575075218 -0.1064338249  2.0000000000
-1.6160463454  0.5014876969  0.0299157305  2.0000000000
-1.6041061978  0.4503133108  0.0412600559  2.0000000000
-1.6987348019  0.2310079693 -0.0563943025  2.0000000000
-1.6817939506  0.3252710065 -0.0382298001  2.0000000000
-1.7041828506  0.3696153706 -0.0601414172  2.0000000000
-1.6584049395  0.4909151290 -0.0127111952  2.0000000000
-1.6222715254  0.4671212123  0.0232442725  2.0000000000
-1.7277189209  0.6031435757 -0.0808582410  2.0000000000
-1.4876712716  0.4807296108  0.1584493642  2.0000000000
-1.6414588137  0.3566783287  0.0026254414  2.0000000000
-1.5570489936  0.2518007405  0.0860083797  2.0000000000
-1.5917844020  0.3000151786  0.0517582360  2.0000000000
-1.7913174825  0.2835121602 -0.1486259566  2.0000000000
-1.6191648497  0.2097884086  0.0231703580  2.0000000000
-1.6029275909  0.5390161288  0.0435423031  2.0000000000
-1.5728743276  0.3977953410  0.0719419506  2.0000000000
-1.2474346179  1.4254894534 -0.1371483105  3.0000000000
-0.9480353417  1.6339254635  0.1658054138  3.0000000000
-1.1945181552  1.6921508674 -0.0807540763  3.0000000000
-1.1532669597  1.4049814708 -0.0429298242  3.0000000000
-1.0195126392  1.3273036151  0.0902947399  3.0000000000
-1.2598131367  1.4852694034 -0.1488257275  3.0000000000
-1.0989590231  1.6205157076  0.0142264691  3.0000000000
-1.0170271560  1.4237447810  0.0939840451  3.0000000000
-1.2103276438  1.4674042874 -0.0994014091  3.0000000000
-1.0525900474  1.5736146647  0.0601641578  3.0000000000
-1.1249105255  1.4394357220 -0.0140543180  3.0000000000
-1.1182358077  1.5166826146 -0.0064001938  3.0000000000
-1.0220209408  1.5577683649  0.0906358317  3.0000000000
-1.1422208453  1.4136596334 -0.0317403200  3.0000000000
-1.0334481840  1.4845745601  0.0782640378  3.0000000000
-1.1453522422  1.5648246350 -0.0330075759  3.0000000000
-1.1758286293  1.6146414080 -0.0629650317  3.0000000000
-1.0338564944  1.4601484333  0.0775515461  3.0000000000
-1.0005202537  1.4454226053  0.1108132124  3.0000000000
-1.0171471210  1.5673928862  0.0956447767  3.0000000000
-1.0371377639  1.6842570000  0.0770383556  3.0000000000
-1.0640161366  1.3184067681  0.0455367386  3.0000000000
-1.0413741374  1.6831690909  0.0727747672  3.0000000000
-1.1406331434  1.5123451700 -0.0289238772  3.0000000000
-1.0772605846  1.3068424192  0.0321059925  3.0000000000
-1.2381101387  1.5242258018 -0.1265693930  3.0000000000
-1.2051479299  1.4606074312 -0.0942891867  3.0000000000
-1.2018437527  1.6108903604 -0.0891109538  3.0000000000
-1.0879927720  1.6431911692  0.0255094030  3.0000000000
-1.0906555466  1.4368849376  0.0202800208  3.0000000000
-1.0385497541  1.3827994896  0.0718840348  3.0000000000
-0.9842921994  1.4965231818  0.1277274393  3.0000000000
-0.9977910992  1.6375655283  0.1159335794  3.0000000000
-1.1602033076  1.5391707719 -0.0482248400  3.0000000000
-1.1726715616  1.6542916171 -0.0593061141  3.0000000000
-1.2102700957  1.5082058492 -0.0988377781  3.0000000000
-1.2094777451  1.5446826613 -0.0975905862  3.0000000000
-1.2384366166  1.4619308260 -0.1276693208  3.0000000000
-1.0426516514  1.6444243026  0.0710127195  3.0000000000
-0.9620250391  1.6229367684  0.1516341412  3.0000000000
-1.1863253504  1.6201858582 -0.0734270170  3.0000000000
-1.1377748054  1.3833877784 -0.0276552140  3.0000000000
-1.1736856940  1.6101872142 -0.0608703805  3.0000000000
-1.0491963646  1.4788788502  0.0623942119  3.0000000000
-1.2361279678  1.5643723564 -0.1240830248  3.0000000000
-1.1069757632  1.5898259183  0.0058032335  3.0000000000
-1.2008444363  1.6176713027 -0.0880243230  3.0000000000
-1.0051972390  1.4156303749  0.1057516812  3.0000000000
-1.0997745731  1.4061549430  0.0107504289  3.0000000000
-1.1153241311  1.5115137431 -0.0035431719  3.0000000000
-1.1091277521  1.4350413049  0.0017251058  3.0000000000
-0.9686835627  1.4976957759  0.1434011873  3.0000000000
-1.2645491245  1.4460638026 -0.1540631683  3.0000000000
-1.0905798540  1.6270169824  0.0227133959  3.0000000000
-1.1889360988  1.7200381952 -0.0748081605  3.0000000000
-1.1190384365  1.7445520263 -0.0043800823  3.0000000000
-1.0235589530  1.5455337248  0.0889411396  3.0000000000
-1.0455391909  1.5277091991  0.0666686799  3.0000000000
-1.1446957068  1.5915534207 -0.0320175044  3.0000000000
-0.9807704667  1.6395109985  0.1330334810  3.0000000000
-1.1160992197  1.7251540193 -0.0016718572  3.0000000000
-1.1585656105  1.6926388127 -0.0446789945  3.0000000000
-1.2061416791  1.4279029345 -0.0956916570  3.0000000000
-1.0152881772  1.5884096300  0.0977703290  3.0000000000
-0.9592555166  1.6661933595  0.1549489732  3.0000000000
-1.0633307699  1.6324271053  0.0501178475  3.0000000000
-1.1920901247  1.4544657634 -0.0812652241  3.0000000000
-1.1656241475  1.6438885241 -0.0523648537  3.0000000000
-1.0071511939  1.5780317384  0.1058050014  3.0000000000
-1.1621347246  1.4089045579 -0.0517776787  3.0000000000
-1.0957860912  1.4554566376  0.0153631226  3.0000000000
-1.1338310889  1.4168591002 -0.0232837106  3.0000000000
-1.2612894730  1.4059401564 -0.1512904464  3.0000000000
-1.1011500071  1.4765937446  0.0102439054  3.0000000000
-1.0577622780  1.6080187529  0.0554017436  3.0000000000
-1.0646018838  1.4565110987  0.0466614418  3.0000000000
-1.1134426533  1.7430622644  0.0012153599  3.0000000000
-1.0810817439  1.5205065153  0.0309216624  3.0000000000
-1.0747575872  1.4997440666  0.0370088770  3.0000000000
-1.1928378846  1.6045394923 -0.0801546505  3.0000000000
-1.1067929852  1.7211344915  0.0076146918  3.0000000000
-1.1711874810  1.4553818652 -0.0602834966  3.0000000000
-1.1250085954  1.6228657135 -0.0118783669  3.0000000000
-1.1260793315  1.5191632641 -0.0142383734  3.0000000000
-1.1750944180  1.5047385937 -0.0635911206  3.0000000000
-1.0512186123  1.5106367499  0.0607591766  3.0000000000
-1.1019355030  1.3984342283  0.0084867687  3.0000000000
-1.0650975250  1.4777702210  0.0464277855  3.0000000000
-1.1676223005  1.7450146777 -0.0531156229  3.0000000000
-0.9951492155  1.4769191375  0.1165921767  3.0000000000
-1.0539687386  1.5999679736  0.0591077529  3.0000000000
-1.1256000310  1.7516766086 -0.0108745992  3.0000000000
-1.0533107794  1.5650997299  0.0593355145  3.0000000000
-1.0834454966  1.3156917508  0.0260107636  3.0000000000
-1.2155129227  1.5900990507 -0.1030822025  3.0000000000
-1.1607692819  1.5175160627 -0.0490611436  3.0000000000
-1.0280782064  1.3889622177  0.0824659218  3.0000000000
-1.2418071629  1.5339594196 -0.1301577091  3.0000000000
-1.0881210203  1.3142127809  0.0213017535  3.0000000000
-1.2018509885  1.4564210767 -0.0910334695  3.0000000000
-0.5174450112 -1.3706491734  0.0122105760  4.0000000000
-0.4934918399 -1.1730728688  0.0386910943  4.0000000000
-0.5311412894 -1.2089190663  0.0004752046  4.0000000000
-0.5291201877 -0.9962886708  0.0051392478  4.0000000000
-0.6664410513 -1.2432229837 -0.1356882643  4.0000000000
-0.6021417982 -1.3357882663 -0.0723283921  4.0000000000
-0.5558852418 -1.1150208334 -0.0231846795  4.0000000000
-0.5538120335 -1.1253633249 -0.0212329900  4.0000000000
-0.4970998124 -1.1465266521  0.0354005771  4.0000000000
-0.6307868724 -1.1872701166 -0.0992248084  4.0000000000
-0.6621852691 -1.0794841182 -0.1293885036  4.0000000000
-0.6563219921 -1.1513337134 -0.1243970889  4.0000000000
-0.6201489858 -0.9341778859 -0.0854143774  4.0000000000
-0.4481654490 -1.0437494139  0.0857678186  4.0000000000
-0.4871294121 -0.9778200388  0.0474950661  4.0000000000
-0.5000983428 -1.2267226239  0.0313979858  4.0000000000
-0.4875417463 -1.0068051035  0.0467220116  4.0000000000
-0.5657642210 -1.1679266980 -0.0337516439  4.0000000000
-0.4854384809 -1.1181448892  0.0474515956  4.0000000000
-0.5266695024 -1.1588171727  0.0055826911  4.0000000000
-0.4276976465 -1.0078450747  0.1067471133  4.0000000000
-0.6339861374 -0.9473883640 -0.0994601578  4.0000000000
-0.6017787084 -1.0774303423 -0.0687607596  4.0000000000
-0.4935615187 -1.2487835983  0.0376824564  4.0000000000
-0.5903223356 -1.2212569806 -0.0590505668  4.0000000000
-0.4821802151 -1.0173597193  0.0519700482  4.0000000000
-0.4650409746 -1.3646273671  0.0648590670  4.0000000000
-0.4870548216 -1.2733767286  0.0439053065  4.0000000000
-0.6408596909 -0.9647323323 -0.1065710288  4.0000000000
-0.5184893981 -1.0738285795  0.0148430681  4.0000000000
-0.4664242943 -1.1350462282  0.0663178298  4.0000000000
-0.6217418946 -1.2227124131 -0.0905899717  4.0000000000
-0.4566925167 -1.1031333495  0.0764768247  4.0000000000
-0.4255416452 -1.0475732902  0.1084175120  4.0000000000
-0.4393032114 -1.2043913890  0.0926669786  4.0000000000
-0.6469176218 -1.0893512923 -0.1141937314  4.0000000000
-0.5889758446 -0.9763616254 -0.0546632685  4.0000000000
-0.3775878774 -1.0852358280  0.1560596754  4.0000000000
-0.4437296126 -1.1640689468  0.0887261916  4.0000000000
-0.4863044675 -1.1943394816  0.0456380705  4.0000000000
-0.6786709107 -1.3056027323 -0.1487311920  4.0000000000
-0.5005460181 -1.2745833786  0.0303554370  4.0000000000
-0.5252580934 -1.1369811295  0.0072694170  4.0000000000
-0.3953419254 -1.0890744936  0.1382005085  4.0000000000
-0.5981641364 -1.0473582599 -0.0647616142  4.0000000000
-0.5332395233 -1.2324407856 -0.0019214722  4.0000000000
-0.6398198422 -1.1571543605 -0.1079136415  4.0000000000
-0.5660540765 -1.1330374605 -0.0336098487  4.0000000000
-0.6389417519 -1.2482018263 -0.1081615989  4.0000000000
-0.4743046155 -1.2202283778  0.0573558072  4.0000000000
-0.6517253674 -1.1487718564 -0.1197538066  4.0000000000
-0.5928012398 -1.2628874759 -0.0620536770  4.0000000000
-0.5742619913 -1.2340443712 -0.0430967368  4.0000000000
-0.4268005510 -1.3185780566  0.1037943535  4.0000000000
-0.5547744791 -1.2349076445 -0.0235567882  4.0000000000
-0.4040327653 -1.2042599710  0.1280533314  4.0000000000
-0.5505671944 -1.0156044452 -0.0166167430  4.0000000000
-0.6334222172 -1.2047619887 -0.1020855725  4.0000000000
-0.3757132754 -1.0771826041  0.1580402026  4.0000000000
-0.4581982442 -1.0910088060  0.0751165502  4.0000000000
-0.4856017557 -1.2617055325  0.0455077909  4.0000000000
-0.4258157219 -1.3181850801  0.1047872459  4.0000000000
-0.6492439724 -1.0109695684 -0.1155557685  4.0000000000
-0.6271813860 -1.1479131162 -0.0951196547  4.0000000000
-0.4329815241 -1.2916487767  0.0979272486  4.0000000000
-0.3914085777 -1.0585674400  0.1425248557  4.0000000000
-0.6142698593 -1.0439192534 -0.0808768799  4.0000000000
-0.5297383306 -1.0569031513  0.0037675464  4.0000000000
-0.5398610521 -1.2614743349 -0.0089244404  4.0000000000
-0.5353824531 -1.1164318967 -0.0026329570  4.0000000000
-0.6748136219 -1.2389647610 -0.1440351648  4.0000000000
-0.5510239268 -1.3052814794 -0.0206666455  4.0000000000
-0.4466596697 -1.1266689740  0.0862503614  4.0000000000
-0.5525478160 -1.2763606485 -0.0218368843  4.0000000000
-0.4261673135 -1.1021571223  0.1071130345  4.0000000000
-0.6953830210 -1.2743688889 -0.1651101831  4.0000000000
-0.4787478689 -1.3012113296  0.0518940541  4.0000000000
-0.5188909039 -1.2338417397  0.0124562667  4.0000000000
-0.5214207362 -1.1244501743  0.0112745780  4.0000000000
-0.6691714547 -1.1388625860 -0.1371335552  4.0000000000
-0.4164939341 -1.1696635034  0.1159807478  4.0000000000
-0.5507193782 -1.1858923664 -0.0188808109  4.0000000000
-0.6054071465 -1.1672449071 -0.0735145600  4.0000000000
-0.6386874233 -1.0237043942 -0.1051229144  4.0000000000
-0.4254644391 -1.0543186261  0.1084113332  4.0000000000
-0.6847695904 -1.1959195691 -0.1534896757  4.0000000000
-0.5034565987 -1.3792692687  0.0261374312  4.0000000000
-0.5409002426 -1.1001587302 -0.0079668542  4.0000000000
-0.4937361837 -1.0447241225  0.0400373482  4.0000000000
-0.3826286527 -1.1160378183  0.1506206556  4.0000000000
-0.4593904263 -1.2098477007  0.0724470282  4.0000000000
-0.4676752214 -1.0488572211  0.0661315027  4.0000000000
-0.4624759646 -1.3077508795  0.0681375963  4.0000000000
-0.6371443570 -1.1720874426 -0.1054146422  4.0000000000
-0.6199772156 -0.9261637957 -0.0851426844  4.0000000000
-0.5901133559 -1.1516644791 -0.0579780363  4.0000000000
-0.6236258166 -1.1087979744 -0.0910675786  4.0000000000
-0.5436479523 -1.3504891978 -0.0138273008  4.0000000000
-0.5289719631 -1.1146937401  0.0038198544  4.0000000000
-0.4648895371 -1.1261978576  0.0679672701  4.0000000000
 0.1029602767 -0.0598299446  0.1025520422  5.0000000000
-0.0517086474 -0.0788952786 -0.0528544031  5.0000000000
 0.1415746051  0.1412810263  0.1437850463  5.0000000000
 0.0821214692  0.0302346547  0.0827624227  5.0000000000
 0.1304675660 -0.0783681250  0.1299186018  5.0000000000
-0.0807130777 -0.0539618048 -0.0816436596  5.0000000000
 0.0349883157 -0.0852605929  0.0340445371  5.0000000000
-0.0003098290  0.1787919992  0.0019059997  5.0000000000
-0.0915603039  0.1060249816 -0.0905423633  5.0000000000
-0.0140841689 -0.1550191757 -0.0160518765  5.0000000000
-0.0243932748  0.0197027148 -0.0242280167  5.0000000000
-0.0865395696  0.2182908510 -0.0841133831  5.0000000000
 0.1055752725  0.0952357835  0.1070981625  5.0000000000
-0.1311013462 -0.0762180042 -0.1324711408  5.0000000000
-0.1561841930 -0.1054592199 -0.1579978169  5.0000000000
-0.0124788219  0.0071314954 -0.0124308305  5.0000000000
 0.0021366101  0.0885442652  0.0032413884  5.0000000000
 0.1209730693 -0.0190792711  0.1211284622  5.0000000000
 0.0353953967 -0.0959412080  0.0343205086  5.0000000000
 0.0991790050  0.0657062597  0.1003150358  5.0000000000
-0.0653721265  0.0364186132 -0.0651323814  5.0000000000
-0.0346075059  0.1118437794 -0.0333328899  5.0000000000
 0.0959536786 -0.0481230788  0.0956678954  5.0000000000
 0.0663761202 -0.0694065193  0.0657306127  5.0000000000
-0.1222067474 -0.0339884864 -0.1230241217  5.0000000000
 0.0085618135 -0.1206850806  0.0070931861  5.0000000000
 0.0083072349  0.1404151798  0.0100751510  5.0000000000
 0.0880587700 -0.1588247518  0.0863748229  5.0000000000
 0.1251240769 -0.0752552058  0.1245963966  5.0000000000
-0.0233620178  0.1894326807 -0.0210889455  5.0000000000
 0.0828436364  0.0267449687  0.0834436613  5.0000000000
 0.1341441167 -0.0483991988  0.1339786478  5.0000000000
-0.1424057724 -0.0660285935 -0.1436858557  5.0000000000
 0.0733196896 -0.0551334167  0.0728736508  5.0000000000
-0.0311938804  0.0657028669 -0.0304803029  5.0000000000
 0.0675051372  0.0302680612  0.0680991476  5.0000000000
-0.1155306614 -0.0024846179 -0.1159357902  5.0000000000
-0.0690574024  0.0695667264 -0.0684185959  5.0000000000
-0.0313252170  0.0161779740 -0.0312261216  5.0000000000
 0.1019888040  0.1097431907  0.1036799503  5.0000000000
 0.0998277322 -0.1831291949  0.0978805673  5.0000000000
 0.0006873057  0.0946483045  0.0018630719  5.0000000000
-0.0919355705 -0.1682628287 -0.0943197260  5.0000000000
-0.0467234191  0.0702947638 -0.0460032230  5.0000000000
-0.0513361268  0.2346459757 -0.0485930940  5.0000000000
-0.0892588671  0.2216892030 -0.0867993552  5.0000000000
 0.1321344646  0.1018377558  0.1338252644  5.0000000000
 0.0005957066  0.1251519099  0.0021493887  5.0000000000
 0.1160529562  0.0812945644  0.1174369376  5.0000000000
-0.0479768274 -0.0109543557 -0.0482680959  5.0000000000
-0.0349484269 -0.0710179358 -0.0359422083  5.0000000000
-0.0154713169 -0.1518543166 -0.0174042781  5.0000000000
-0.0509947108  0.2182356082 -0.0484540431  5.0000000000
 0.0143084980 -0.0260541783  0.0140318135  5.0000000000
 0.0629375237  0.0026345271  0.0631741081  5.0000000000
-0.0025452544  0.1443555892 -0.0007636438  5.0000000000
 0.1061410113  0.0406421884  0.1069888312  5.0000000000
-0.0622941420 -0.0350466515 -0.0629305182  5.0000000000
 0.0346003399 -0.0338279889  0.0342930144  5.0000000000
-0.0516834083  0.1973896954 -0.0494034394  5.0000000000
-0.0551716224 -0.0391565095 -0.0558358794  5.0000000000
-0.1299475823  0.0683273085 -0.1295214290  5.0000000000
 0.0731646686  0.1442400346  0.0751901485  5.0000000000
-0.0332379045  0.1684056199 -0.0312575437  5.0000000000
 0.0378482505 -0.1064920672  0.0366504902  5.0000000000
 0.1258622482 -0.0726564284  0.1253691817  5.0000000000
 0.0084831352 -0.1645764289  0.0064700463  5.0000000000
 0.1128277481  0.0878373130  0.1142824030  5.0000000000
 0.0869345333  0.0879732836  0.0883069795  5.0000000000
 0.1097515998 -0.0820706401  0.1090896081  5.0000000000
-0.0170508118 -0.0310840524 -0.0174914663  5.0000000000
-0.1434098225 -0.0925630027 -0.1450221576  5.0000000000
-0.0919594585  0.0273453861 -0.0919183554  5.0000000000
-0.0075457073  0.0423637424 -0.0070448897  5.0000000000
-0.0756823731  0.1514869732 -0.0740493068  5.0000000000
 0.0621586564 -0.1332848752  0.0607074598  5.0000000000
 0.0344176926 -0.1612846751  0.0325294465  5.0000000000
-0.0293744418  0.1070389099 -0.0281424459  5.0000000000
 0.1340176486 -0.0352542288  0.1340147537  5.0000000000
 0.0533729202  0.0067166433  0.0536291291  5.0000000000
 0.0584146533 -0.1009501459  0.0573522426  5.0000000000
 0.0039315760  0.1126150389  0.0053406224  5.0000000000
 0.0904062325  0.0586385917  0.0914262077  5.0000000000
-0.0406025907  0.1631452844 -0.0387113143  5.0000000000
-0.0419321275 -0.1841491297 -0.0443512439  5.0000000000
 0.0452419016 -0.0596075393  0.0446494157  5.0000000000
-0.1731326727 -0.1041219572 -0.1749846294  5.0000000000
-0.1271716821 -0.1336803127 -0.1292412166  5.0000000000
 0.0256685359  0.0140073862  0.0259253794  5.0000000000
 0.0546372811 -0.1797491744  0.0525856067  5.0000000000
-0.0608069141  0.0706026220 -0.0601285318  5.0000000000
 0.0169150439 -0.1374926397  0.0152650851  5.0000000000
 0.0002367796 -0.1631341679 -0.0017851452  5.0000000000
 0.0250555652 -0.0549576796  0.0244553285  5.0000000000
-0.1465406754 -0.1177379623 -0.1484752975  5.0000000000
 0.1192478135  0.1482571671  0.1214724122  5.0000000000
-0.1073342553  0.0823440876 -0.1066610409  5.0000000000
-0.0893961082 -0.1669683094 -0.0917559850  5.0000000000
 0.1088332049  0.0268628292  0.1095188980  5.0000000000
 0.1482197255  0.0653813462  0.1495106209  5.0000000000
 0.5202041297  1.1248807031 -0.0124897882  6.0000000000
 0.6342517557  1.3171028593  0.1043107073  6.0000000000
 0.5758586543  1.2065597673  0.0443577929  6.0000000000
 0.5794860189  1.0988568826  0.0466615078  6.0000000000
 0.6478111685  1.1065993022  0.1153040304  6.0000000000
 0.5198640988  1.3560185312 -0.0099650550  6.0000000000
 0.5941555257  1.1455840037  0.0619579113  6.0000000000
 0.4116527300  1.1980330043 -0.1204858856  6.0000000000
 0.6617276453  1.2326160448  0.1308280718  6.0000000000
 0.5962993732  1.1502006661  0.0641659466  6.0000000000
 0.6554160616  1.1866355064  0.1239259282  6.0000000000
 0.5792600945  1.3497448896  0.0495455986  6.0000000000
 0.6114063175  1.2361072629  0.0803869892  6.0000000000
 0.5994723960  1.1255558653  0.0670436805  6.0000000000
 0.4644868751  1.1184645393 -0.0684671217  6.0000000000
 0.5672429681  1.2890906296  0.0367374874  6.0000000000
 0.4857623464  1.0074022442 -0.0484997730  6.0000000000
 0.5174386376  1.3169302850 -0.0128830279  6.0000000000
 0.5627459747  1.2585165386  0.0318468371  6.0000000000
 0.4220671749  1.1298282398 -0.1108833649  6.0000000000
 0.6806389608  1.2088522973  0.1495060150  6.0000000000
 0.6328239493  1.1818690718  0.1012015182  6.0000000000
 0.4303899240  1.1316270298 -0.1025113468  6.0000000000
 0.6782301839  1.1600208483  0.1464839751  6.0000000000
 0.6453669238  1.0612592874  0.1122896979  6.0000000000
 0.3835670173  1.1620563559 -0.1491086693  6.0000000000
 0.3642890209  1.0305584600 -0.1700795623  6.0000000000
 0.4777544731  1.1780621074 -0.0544175893  6.0000000000
 0.5344982537  1.2895836223  0.0038927919  6.0000000000
 0.5114810285  1.1565248077 -0.0208487989  6.0000000000
 0.6554214059  1.1180825237  0.1230813050  6.0000000000
 0.4514142631  0.9878536850 -0.0832015264  6.0000000000
 0.4820385558  1.0745155049 -0.0514034949  6.0000000000
 0.5652011997  0.9681632529  0.0307099419  6.0000000000
 0.4650495789  1.4059880036 -0.0643376065  6.0000000000
 0.5698166948  1.3322626328  0.0398548404  6.0000000000
 0.6293106441  1.3260006238  0.0994639093  6.0000000000
 0.5310187990  1.2196779594 -0.0004646929  6.0000000000
 0.3709608541  1.0650921951 -0.1629579303  6.0000000000
 0.6362520473  1.3193613242  0.1063454825  6.0000000000
 0.4365754654  1.0517528076 -0.0972961204  6.0000000000
 0.5135939742  0.9650961246 -0.0211025213  6.0000000000
 0.4427123977  1.4112950268 -0.0866813592  6.0000000000
 0.5994162972  1.2053542024  0.0679768154  6.0000000000
 0.4099867284  1.1194783775 -0.1231312798  6.0000000000
 0.4010755350  1.0754287052 -0.1326175152  6.0000000000
 0.5439853335  1.1455346593  0.0116245546  6.0000000000
 0.6105810852  1.1477109575  0.0784630620  6.0000000000
 0.4321185436  1.3673861974 -0.0978539609  6.0000000000
 0.4060776522  1.1652279560 -0.1264857749  6.0000000000
 0.3985312523  1.1881739818 -0.1337721186  6.0000000000
 0.4565668526  1.1566655833 -0.0759391526  6.0000000000
 0.4855075289  1.1978044397 -0.0463946293  6.0000000000
 0.6027070241  0.9208470138  0.0677506146  6.0000000000
 0.6399343559  1.2667507589  0.1093874062  6.0000000000
 0.6487163997  1.0569694962  0.1155968372  6.0000000000
 0.5835886738  1.0087812014  0.0496606118  6.0000000000
 0.5579117943  1.2093080064  0.0263868598  6.0000000000
 0.5445267306  1.0677715346  0.0112035249  6.0000000000
 0.5007483708  1.3646719948 -0.0290354247  6.0000000000
 0.4409023675  1.2327872196 -0.0907105628  6.0000000000
 0.3836432595  1.1467174811 -0.1492223659  6.0000000000
 0.5946420704  1.0690581570  0.0614971924  6.0000000000
 0.4977093433  1.3046379741 -0.0328286573  6.0000000000
 0.4285212657  1.0518411662 -0.1053753203  6.0000000000
 0.5806237031  1.2924771270  0.0502035653  6.0000000000
 0.6305941371  1.1492049815  0.0985594809  6.0000000000
 0.3782728409  1.0820945070 -0.1554114417  6.0000000000
 0.5059926222  0.9967602764 -0.0283358998  6.0000000000
 0.6601838762  1.1091615718  0.1277485954  6.0000000000
 0.5815187233  1.0831784490  0.0485064021  6.0000000000
 0.4043836420  1.1990115354 -0.1277663928  6.0000000000
 0.3884449833  1.1578870404 -0.1442665937  6.0000000000
 0.4115130761  1.0108751374 -0.1229465525  6.0000000000
 0.4021808322  1.1301114553 -0.1308306283  6.0000000000
 0.4491641913  1.0261807093 -0.0849836738  6.0000000000
 0.4439685829  1.3934946579 -0.0856418097  6.0000000000
 0.6743517658  1.1348980823  0.1422814950  6.0000000000
 0.6390208792  1.1840800385  0.1074459399  6.0000000000
 0.5953751643  1.1007797921  0.0626259765  6.0000000000
 0.5141985438  0.9935576295 -0.0201431002  6.0000000000
 0.6082749231  0.9880910862  0.0741703094  6.0000000000
 0.3975251904  1.0772234378 -0.1361571102  6.0000000000
 0.4531447827  1.0855291495 -0.0802543269  6.0000000000
 0.6812264828  1.1967860846  0.1499458322  6.0000000000
 0.6480119573  1.2573304500  0.1173743773  6.0000000000
 0.6415353090  1.2325668566  0.1105697020  6.0000000000
 0.5222643849  1.1715325937 -0.0098444234  6.0000000000
 0.4394251266  1.4007893955 -0.0901095399  6.0000000000
 0.4076806376  1.1802851895 -0.1246909019  6.0000000000
 0.4354498600  1.2304941392 -0.0962091684  6.0000000000
 0.4746727844  1.1501271515 -0.0578556268  6.0000000000
 0.4177053652  1.0841709300 -0.1158254095  6.0000000000
 0.4026318392  1.1149382718 -0.1305662915  6.0000000000
 0.4428380582  1.3889350483 -0.0868325318  6.0000000000
 0.4614572039  1.0280755570 -0.0726273374  6.0000000000
 0.3563127866  1.0357111720 -0.1780177516  6.0000000000
 0.5239051156  1.0116616374 -0.0101806082  6.0000000000
 0.6466035726  1.0936680079  0.1139321874  6.0000000000
 0.4167816481  1.0432619850 -0.1172593474  6.0000000000
 1.0060891231 -1.3775491567 -0.1043847404  7.0000000000
 1.0157770278 -1.4179304345 -0.0951661319  7.0000000000
 1.0969678652 -1.6044566411 -0.0160249629  7.0000000000
 1.2506912157 -1.3953870188  0.1407886983  7.0000000000
 1.1157580127 -1.5341558542  0.0036977209  7.0000000000
 1.1254848200 -1.4084090025  0.0150151719  7.0000000000
 0.9595331960 -1.5117291994 -0.1527552011  7.0000000000
 1.1568652886 -1.5662634958  0.0445400845  7.0000000000
 1.1543242559 -1.4621806899  0.0432813360  7.0000000000
 1.0448557153 -1.4725700113 -0.0666707020  7.0000000000
 1.0560424818 -1.6301034896 -0.0574009395  7.0000000000
 1.1962988374 -1.6938958670  0.0825188919  7.0000000000
 1.1616019812 -1.6224761990  0.0485951457  7.0000000000
 1.0082130401 -1.4286874606 -0.1028880030  7.0000000000
 1.0006584947 -1.4247669882 -0.1104184155  7.0000000000
 1.1012857743 -1.7238829763 -0.0131738245  7.0000000000
 1.0541327629 -1.3004242033 -0.0552291697  7.0000000000
 1.1994364206 -1.6262172410  0.0865057846  7.0000000000
 1.0683798982 -1.6031461713 -0.0446893072  7.0000000000
 1.1919287179 -1.6826285027  0.0782743165  7.0000000000
 1.1967213280 -1.7690499908  0.0820109193  7.0000000000
 1.0718035859 -1.4957910154 -0.0399234357  7.0000000000
 1.1665427155 -1.5036276944  0.0550254845  7.0000000000
 1.1100377303 -1.6593317333 -0.0035931445  7.0000000000
 0.9692519547 -1.5880220510 -0.1439509044  7.0000000000
 1.1264241085 -1.7294581656  0.0119768321  7.0000000000
 1.1855899138 -1.5518454048  0.0735365473  7.0000000000
 1.1044592296 -1.5979865644 -0.0084291041  7.0000000000
 0.9475500608 -1.6492635370 -0.1664824430  7.0000000000
 1.0443191619 -1.4433848008 -0.0668471280  7.0000000000
 1.2055770622 -1.3791913903  0.0957291826  7.0000000000
 1.1463365921 -1.5563393581  0.0341003236  7.0000000000
 1.0160402899 -1.5303121678 -0.0962954321  7.0000000000
 1.1251378997 -1.3387043124  0.0155313923  7.0000000000
 1.0209289513 -1.4752121074 -0.0907077485  7.0000000000
 1.2558031698 -1.5285355567  0.1442663135  7.0000000000
 1.1177952501 -1.5363980671  0.0057137579  7.0000000000
 1.0670789390 -1.3761155890 -0.0431795412  7.0000000000
 1.2288152593 -1.4567885119  0.1180805494  7.0000000000
 1.1487285326 -1.6742148658  0.0350384818  7.0000000000
 1.1269889159 -1.7190438422  0.0126725961  7.0000000000
 0.9698977848 -1.4917620236 -0.1421094589  7.0000000000
 1.2384269772 -1.4828170375  0.1274006832  7.0000000000
 1.1495465965 -1.6562872752  0.0360814795  7.0000000000
 1.1357537390 -1.3594337469  0.0259246041  7.0000000000
 1.1030671822 -1.5489364994 -0.0092174927  7.0000000000
 1.0749719512 -1.5249190983 -0.0371059624  7.0000000000
 1.0921283790 -1.4311805767 -0.0187316883  7.0000000000
 1.0485639283 -1.3317568755 -0.0612045397  7.0000000000
 1.1922299085 -1.5520185887  0.0801959084  7.0000000000
 1.2109404681 -1.6063923754  0.0982929130  7.0000000000
 1.2052330505 -1.4709554175  0.0942462790  7.0000000000
 1.0505226779 -1.4272814716 -0.0604238481  7.0000000000
 1.2018547452 -1.5358861215  0.0900519554  7.0000000000
 0.9382548988 -1.6180517585 -0.1754207283  7.0000000000
 1.1142305828 -1.5852907624  0.0015313231  7.0000000000
 1.1096769245 -1.4613196140 -0.0014999774  7.0000000000
 1.0523045990 -1.3792660411 -0.0580408127  7.0000000000
 1.0737805434 -1.6925336453 -0.0403794743  7.0000000000
 0.9886014215 -1.5754921040 -0.1243833867  7.0000000000
 1.1516386255 -1.7545338130  0.0369621331  7.0000000000
 1.0705723519 -1.5378376758 -0.0416799933  7.0000000000
 0.9739871638 -1.4594952395 -0.1376067560  7.0000000000
 0.9958150704 -1.5835144838 -0.1172458345  7.0000000000
 1.1382257358 -1.7194937656  0.0239402450  7.0000000000
 1.1550499037 -1.5367021868  0.0430853467  7.0000000000
 1.0737845521 -1.3338030095 -0.0359275703  7.0000000000
 1.1826148879 -1.7226566257  0.0684340028  7.0000000000
 1.0475856652 -1.4906573477 -0.0641561710  7.0000000000
 1.0629753151 -1.6407581871 -0.0505777507  7.0000000000
 1.0028983002 -1.4544966141 -0.1085399691  7.0000000000
 1.1857731967 -1.6773550511  0.0721642365  7.0000000000
 1.2252753495 -1.5263864812  0.1136662286  7.0000000000
 0.9293161981 -1.6632640905 -0.1849489759  7.0000000000
 1.0664766453 -1.7252359977 -0.0481125119  7.0000000000
 0.9997536450 -1.3853560269 -0.1108375425  7.0000000000
 0.9485054805 -1.6321346437 -0.1653115474  7.0000000000
 1.0080415294 -1.3718260360 -0.1023550475  7.0000000000
 1.1189493187 -1.4359392216  0.0081171496  7.0000000000
 1.0423454885 -1.6547064095 -0.0714473617  7.0000000000
 1.0634991062 -1.7221074946 -0.0510609083  7.0000000000
 1.0480757909 -1.6994261388 -0.0662529705  7.0000000000
 1.1819503349 -1.6199095225  0.0690412526  7.0000000000
 1.0842750177 -1.5507511362 -0.0280930438  7.0000000000
 1.1777977274 -1.7664398099  0.0630583693  7.0000000000
 1.1315885323 -1.4036339515  0.0211978660  7.0000000000
 1.1973989437 -1.4568797126  0.0865613134  7.0000000000
 1.0928021636 -1.3757493673 -0.0173684320  7.0000000000
 1.1310121473 -1.4556270799  0.0199749534  7.0000000000
 0.9832186358 -1.4373268676 -0.1280705093  7.0000000000
 1.0473754237 -1.4006677366 -0.0632513172  7.0000000000
 1.0843432540 -1.6504183459 -0.0292603549  7.0000000000
 1.1752453028 -1.7400857522  0.0608244374  7.0000000000
 1.0096997275 -1.6092755533 -0.1036356009  7.0000000000
 0.9481436419 -1.6065609368 -0.1653574713  7.0000000000
 0.9851827349 -1.4186865574 -0.1258689262  7.0000000000
 1.0342462970 -1.4413744987 -0.0769277036  7.0000000000
 1.0035394020 -1.5943561198 -0.1096309008  7.0000000000
 1.1882379620 -1.7325799792  0.0739522567  7.0000000000
 1.1501112964 -1.4209115056  0.0395664209  7.0000000000
 1.5922604082 -0.1916921564 -0.0499375961  8.0000000000
 1.6684094275 -0.4562416145  0.0231780131  8.0000000000
 1.7122817894 -0.3644763967  0.0683303146  8.0000000000
 1.7809591338 -0.2767180892  0.1383182860  8.0000000000
 1.5691197860 -0.4670081095 -0.0765668225  8.0000000000
 1.6937655634 -0.4582097996  0.0485919001  8.0000000000
 1.7177233656 -0.4225116067  0.0730699461  8.0000000000
 1.5939642871 -0.4303566440 -0.0511873850  8.0000000000
 1.6610364594 -0.5581998555  0.0145169815  8.0000000000
 1.7208442368 -0.4829460954  0.0754516050  8.0000000000
 1.6371488711 -0.5053621807 -0.0087928716  8.0000000000
 1.5390702822 -0.2175940200 -0.1036212152  8.0000000000
 1.7572055271 -0.3193618905  0.1139589787  8.0000000000
 1.6390372476 -0.4976965265 -0.0068033307  8.0000000000
 1.6682241251 -0.2688296312  0.0253158216  8.0000000000
 1.6240697865 -0.4189219534 -0.0208425649  8.0000000000
 1.7365961727 -0.2801516580  0.0937690151  8.0000000000
 1.5384941758 -0.3780321945 -0.1061884527  8.0000000000
 1.5188997771 -0.3352452667 -0.1253158248  8.0000000000
 1.5745907858 -0.3929432922 -0.0701597708  8.0000000000
 1.5545758088 -0.3079863117 -0.0891862196  8.0000000000
 1.5692477421 -0.4264128766 -0.0759351136  8.0000000000
 1.7204152147 -0.4215283858  0.0757827078  8.0000000000
 1.7496734783 -0.3739426993  0.1057257813  8.0000000000
 1.5942061909 -0.1428687780 -0.0473801505  8.0000000000
 1.7077028204 -0.4329519883  0.0628874844  8.0000000000
 1.7890180262 -0.2785880466  0.1463801039  8.0000000000
 1.6236240311 -0.4366312166 -0.0215093408  8.0000000000
 1.7653392449 -0.2360998296  0.1231514118  8.0000000000
 1.5648628945 -0.3051844951 -0.0788310639  8.0000000000
 1.5242203468 -0.3611752697 -0.1202995212  8.0000000000
 1.4811803535 -0.4482950783 -0.1645591590  8.0000000000
 1.6441086944 -0.4681196651 -0.0013487303  8.0000000000
 1.7511643782 -0.3145977122  0.1079573272  8.0000000000
 1.7099820136 -0.4018667711  0.0655594862  8.0000000000
 1.5532551699 -0.2565652483 -0.0898735704  8.0000000000
 1.6508942885 -0.5087517436  0.0049550543  8.0000000000
 1.4996382339 -0.4779275094 -0.1464088855  8.0000000000
 1.7511724415 -0.5320233499  0.1052695676  8.0000000000
 1.6904751941 -0.2575602986  0.0477787125  8.0000000000
 1.5330768377 -0.3654887023 -0.1114678170  8.0000000000
 1.5871363196 -0.4684756114 -0.0585101104  8.0000000000
 1.6855120047 -0.5708657856  0.0389147840  8.0000000000
 1.5791808652 -0.4873082384 -0.0667248454  8.0000000000
 1.6535158584 -0.1745170334  0.0117292768  8.0000000000
 1.6637460213 -0.3898221662  0.0193230286  8.0000000000
 1.5987758734 -0.1590499517 -0.0429962916  8.0000000000
 1.7345436717 -0.5787821438  0.0880071603  8.0000000000
 1.5824986972 -0.2739109985 -0.0607503624  8.0000000000
 1.5916454346 -0.2140334818 -0.0508315712  8.0000000000
 1.7270019459 -0.4485166176  0.0820561545  8.0000000000
 1.6704985814 -0.5460993543  0.0241597945  8.0000000000
 1.7189375100 -0.5531907978  0.0726677400  8.0000000000
 1.6303620817 -0.4332444678 -0.0147074666  8.0000000000
 1.6493956185 -0.2729866879  0.0063747671  8.0000000000
 1.7300364362 -0.4764817915  0.0847537379  8.0000000000
 1.5456487256 -0.4933952673 -0.1004411026  8.0000000000
 1.7164833507 -0.5694774355  0.0700036920  8.0000000000
 1.5608007987 -0.2427945491 -0.0821327514  8.0000000000
 1.6308149533 -0.2595441290 -0.0120994264  8.0000000000
 1.5863598567 -0.5128460304 -0.0598392355  8.0000000000
 1.6940410134 -0.2027563399  0.0520355965  8.0000000000
 1.7079203710 -0.4323506376  0.0631131960  8.0000000000
 1.5288328344 -0.2676625640 -0.1145126298  8.0000000000
 1.5663414891 -0.5047825385 -0.0798224843  8.0000000000
 1.6291495890 -0.5380692210 -0.0172236045  8.0000000000
 1.7922754724 -0.3096094977  0.1492634709  8.0000000000
 1.6257786049 -0.2385496324 -0.0168917830  8.0000000000
 1.7215908159 -0.2547107318  0.0790304813  8.0000000000
 1.4723208933 -0.4805992801 -0.1738478622  8.0000000000
 1.7213350169 -0.4413397562  0.0764598501  8.0000000000
 1.7178044728 -0.2998585237  0.0746720852  8.0000000000
 1.8170705413 -0.2503549253  0.1748735708  8.0000000000
 1.6018108794 -0.5222708180 -0.0444550085  8.0000000000
 1.6532013729 -0.4380244891  0.0081465572  8.0000000000
 1.7800337489 -0.3336348021  0.1366841955  8.0000000000
 1.5297966215 -0.3840706314 -0.1149890575  8.0000000000
 1.5496292109 -0.3009110955 -0.0940611194  8.0000000000
 1.7163004231 -0.3332939338  0.0727485985  8.0000000000
 1.7455486435 -0.2841587812  0.1027008080  8.0000000000
 1.5727552731 -0.2505832806 -0.0702361163  8.0000000000
 1.7043604965 -0.4745488142  0.0590185745  8.0000000000
 1.5219081598 -0.2651795302 -0.1214289536  8.0000000000
 1.6217279744 -0.3343461570 -0.0221433137  8.0000000000
 1.7863484199 -0.2742230917  0.1437559688  8.0000000000
 1.6156931943 -0.2581498088 -0.0272528921  8.0000000000
 1.7635658560 -0.3923394091  0.1194350708  8.0000000000
 1.7262396819 -0.2499126553  0.0837539008  8.0000000000
 1.7706790733 -0.4051925725  0.1264119694  8.0000000000
 1.7213243419 -0.4973311753  0.0757549058  8.0000000000
 1.6868742483 -0.6007277869  0.0399111839  8.0000000000
 1.6614645917 -0.2523841056  0.0187382944  8.0000000000
 1.5998639385 -0.4032364326 -0.0449323565  8.0000000000
 1.5523244205 -0.4216725947 -0.0928544927  8.0000000000
 1.7113690235 -0.1948878827  0.0695173104  8.0000000000
 1.7369024457 -0.4046943964  0.0925320816  8.0000000000
 1.6722980641 -0.4492740638  0.0271656393  8.0000000000
 1.6790305605 -0.4105235802  0.0344004143  8.0000000000
 1.7471385817 -0.2341230862  0.1049162876  8.0000000000
 1.5031906965 -0.4400483571 -0.1423752513  8.0000000000
 2.2800789045  0.6641961770  0.1023948347  9.0000000000
 2.2105866405  0.7807508557  0.0341225694  9.0000000000
 2.2075840637  0.7775585340  0.0310706828  9.0000000000
 2.1320127453  0.7073627257 -0.0456158427  9.0000000000
 2.1316976516  0.7512797591 -0.0453874323  9.0000000000
 2.3013981319  0.9417112878  0.1272240322  9.0000000000
 2.1455098268  0.7767723300 -0.0312144243  9.0000000000
 2.2909464151  0.9438352270  0.1167647862  9.0000000000
 2.0762946812  0.8913994252 -0.0992325733  9.0000000000
 2.2932675512  0.7816600848  0.1170826418  9.0000000000
 2.2622337678  0.6060965929  0.0837715057  9.0000000000
 2.2091142160  0.7619365510  0.0324120967  9.0000000000
 2.2014660768  0.9231367753  0.0267378903  9.0000000000
 2.2479706055  0.5714783075  0.0690329001  9.0000000000
 2.1283362968  0.7223895751 -0.0491178859  9.0000000000
 2.1263766100  0.8685910020 -0.0492711783  9.0000000000
 2.1465852506  0.6753862109 -0.0313925973  9.0000000000
 2.1649437288  0.9558420207 -0.0094972803  9.0000000000
 2.0161016200  0.7147994532 -0.1618103153  9.0000000000
 2.2016169219  0.9325827684  0.0270063445  9.0000000000
 2.2963175666  0.9329101109  0.1220178804  9.0000000000
 2.1953270857  0.6079826854  0.0166714298  9.0000000000
 2.0424606586  0.7023063442 -0.1355207741  9.0000000000
 2.2405584608  0.7411192991  0.0637001096  9.0000000000
 2.1428802776  0.9161357887 -0.0321245331  9.0000000000
 2.0643650811  0.8921268105 -0.1111918068  9.0000000000
 2.0347328112  0.7011724132 -0.1432877195  9.0000000000
 2.2152405754  0.6886159559  0.0376492074  9.0000000000
 2.1043067309  0.7881994673 -0.0724093348  9.0000000000
 2.2509225163  0.8201358472  0.0750774669  9.0000000000
 2.3271335397  0.8635600787  0.1520738306  9.0000000000
 2.0436582499  0.7956545604 -0.1331618831  9.0000000000
 2.1000406741  0.6676549985 -0.0781838383  9.0000000000
 2.1698830261  0.9631912557 -0.0044508568  9.0000000000
 2.1834912204  0.6513888509  0.0053354068  9.0000000000
 2.1969007043  0.8021985131  0.0206582189  9.0000000000
 2.1517590559  1.0056564329 -0.0221070255  9.0000000000
 2.1709580487  0.7776072900 -0.0056733969  9.0000000000
 2.1509886893  0.8355130134 -0.0249894875  9.0000000000
 2.0978473098  0.8005060843 -0.0787370955  9.0000000000
 2.0949505757  0.7320608511 -0.0824918639  9.0000000000
 2.2652457877  0.7175423367  0.0881750945  9.0000000000
 2.0360020063  0.6566933384 -0.1425659059  9.0000000000
 2.2684043040  0.5719747295  0.0895389594  9.0000000000
 2.3395453474  0.8837369074  0.1647760243  9.0000000000
 2.1083413031  0.7784953621 -0.0684820111  9.0000000000
 2.0813614264  0.8100379792 -0.0951582080  9.0000000000
 2.3051287619  0.8955317383  0.1303941717  9.0000000000
 2.2838177297  0.8368078484  0.1082859769  9.0000000000
 2.1636894609  0.7782625825 -0.0129574101  9.0000000000
 2.2215542278  0.9043831069  0.0466586018  9.0000000000
 2.2457901881  0.8164555489  0.0698828780  9.0000000000
 2.1962197854  0.9263261520  0.0215141458  9.0000000000
 2.1026605186  0.6960727960 -0.0752031546  9.0000000000
 2.2669975811  0.8799395403  0.0919461181  9.0000000000
 2.1468374768  0.9851690690 -0.0272985724  9.0000000000
 2.0842896489  0.9376499603 -0.0906382438  9.0000000000
 2.2883343358  0.6813779370  0.1108900495  9.0000000000
 2.0638078056  0.6382653882 -0.1148985023  9.0000000000
 2.1423448212  0.9876567748 -0.0317749394  9.0000000000
 2.0487825817  0.6840128458 -0.1294051880  9.0000000000
 2.2654749722  0.5844400530  0.0867546933  9.0000000000
 2.0085706841  0.6562453449 -0.1700916609  9.0000000000
 2.1324395417  0.6049802248 -0.0464570987  9.0000000000
 2.2810738100  0.6364286323  0.1030486754  9.0000000000
 2.0640243739  0.7928787147 -0.1127641898  9.0000000000
 2.1574492586  0.6606646797 -0.0206759211  9.0000000000
 2.0698318102  0.8108232510 -0.1067154439  9.0000000000
 2.3043956306  0.7136121220  0.1274030533  9.0000000000
 2.2515552815  0.6909485557  0.0741104959  9.0000000000
 2.1596114653  0.9047950828 -0.0154797487  9.0000000000
 2.0509355457  0.6927201620 -0.1271372868  9.0000000000
 2.3223164058  0.7641875941  0.1460089749  9.0000000000
 2.2039760880  0.8231771778  0.0280166402  9.0000000000
 2.1402857799  0.6496516360 -0.0380315601  9.0000000000
 2.1840674395  0.7481740848  0.0071135278  9.0000000000
 2.2403754949  0.5606265868  0.0612786312  9.0000000000
 2.1552627623  0.8981558358 -0.0199248614  9.0000000000
 2.2093127278  0.7649798738  0.0326489857  9.0000000000
 2.2324671491  0.9380011156  0.0580237091  9.0000000000
 2.0407726875  0.7457557309 -0.1366754877  9.0000000000
 2.3145070045  0.7382327481  0.1378524582  9.0000000000
 2.3021691477  0.6880570974  0.1248525012  9.0000000000
 2.0583974490  0.8305269754 -0.1179425473  9.0000000000
 2.0316700401  0.7530309878 -0.1457174223  9.0000000000
 2.1696521042  1.0015244333 -0.0042072358  9.0000000000
 2.1186166553  0.7836685029 -0.0581092250  9.0000000000
 2.1845319316  0.7095159548  0.0071002049  9.0000000000
 2.2306386127  0.8760735648  0.0554214117  9.0000000000
 2.1800988852  0.8529619520  0.0044313746  9.0000000000
 2.0944560297  0.7403964488 -0.0828846595  9.0000000000
 2.0437038951  0.8122274589 -0.1329106034  9.0000000000
 2.2222101090  0.9395895565  0.0477531309  9.0000000000
 2.0890383768  0.7471219234 -0.0882364770  9.0000000000
 2.2057049703  0.8490504324  0.0300719253  9.0000000000
 2.2079398309  0.8918718113  0.0328449669  9.0000000000
 2.2927267593  0.8162816673  0.1169693688  9.0000000000
 2.0799078600  0.9380244302 -0.0950295867  9.0000000000
 2.0478448137  0.7192681212 -0.1299088661  9.0000000000
 2.3281991786  0.8008523423  0.1523654123  9.0000000000
