-1.029334e-01 -1.193102e-01  2.560453e-03  1.000000e+00
-1.042166e-01 -1.218111e-01  2.564046e-03  1.000000e+00
-1.013464e-01 -1.162230e-01  2.555640e-03  1.000000e+00
-1.059876e-01 -1.251519e-01  2.559837e-03  1.000000e+00
-9.772072e-02 -1.090976e-01  2.538401e-03  1.000000e+00
-1.036385e-01 -1.208702e-01  2.588318e-03  1.000000e+00
-9.983923e-02 -1.131581e-01  2.538643e-03  1.000000e+00
-9.409591e-02 -1.019801e-01  2.521190e-03  1.000000e+00
-9.335983e-02 -1.004930e-01  2.516345e-03  1.000000e+00
-1.037346e-01 -1.206823e-01  2.547859e-03  1.000000e+00
-9.386975e-02 -9.846342e-02  2.210629e-03  1.000000e+00
-8.431341e-02 -8.132698e-02  2.325021e-03  1.000000e+00
-8.969258e-02 -9.323580e-02  2.491126e-03  1.000000e+00
-8.326653e-02 -8.026171e-02  2.418752e-03  1.000000e+00
-9.536820e-02 -1.042679e-01  2.513754e-03  1.000000e+00
-9.174562e-02 -9.466054e-02  2.236698e-03  1.000000e+00
-8.909537e-02 -8.990847e-02  2.268456e-03  1.000000e+00
-7.953144e-02 -7.274550e-02  2.381586e-03  1.000000e+00
-9.380662e-02 -1.012187e-01  2.514939e-03  1.000000e+00
-9.693837e-02 -1.068995e-01  2.467638e-03  1.000000e+00
-8.986048e-02 -9.303402e-02  2.437471e-03  1.000000e+00
-9.386975e-02 -9.846342e-02  2.210629e-03  1.000000e+00
-7.504398e-02 -6.370108e-02  2.337255e-03  1.000000e+00
-7.449644e-02 -6.166286e-02  2.239661e-03  1.000000e+00
-9.204680e-02 -9.645971e-02  2.348786e-03  1.000000e+00
-7.136855e-02 -5.639303e-02  2.311923e-03  1.000000e+00
-7.361450e-02 -5.966156e-02  2.208441e-03  1.000000e+00
-8.423245e-02 -8.137869e-02  2.340520e-03  1.000000e+00
-8.974695e-02 -9.173032e-02  2.316307e-03  1.000000e+00
-7.453180e-02 -6.183303e-02  2.244732e-03  1.000000e+00
-6.918349e-02 -5.209130e-02  2.300179e-03  1.000000e+00
-7.051864e-02 -5.450239e-02  2.286604e-03  1.000000e+00
-6.695927e-02 -4.765369e-02  2.281170e-03  1.000000e+00
-7.386850e-02 -6.060344e-02  2.254309e-03  1.000000e+00
-7.972893e-02 -7.226827e-02  2.292156e-03  1.000000e+00
-1.313853e-02 -1.322661e-03  1.147813e-02  2.000000e+00
-1.853147e-02 -5.062353e-03 -1.951257e-03  2.000000e+00
-2.121417e-02 -6.204966e-03 -3.899091e-03  2.000000e+00
-1.178939e-01 -2.773665e-02  7.287425e-03  2.000000e+00
-1.128820e-01 -2.634555e-02  6.712301e-03  2.000000e+00
-1.078676e-01 -2.495044e-02  6.134255e-03  2.000000e+00
-9.783887e-02 -2.216020e-02  4.978161e-03  2.000000e+00
-6.494522e-02 -1.071592e-02 -2.050347e-04  2.000000e+00
-3.872184e-02 -1.135423e-02 -8.811150e-03  2.000000e+00
-1.730931e-02 -1.110490e-02 -2.233568e-02  2.000000e+00
-7.342854e-03 -1.996927e-02 -1.506975e-02  2.000000e+00
-1.693291e-03 -2.047400e-02 -1.620876e-02  2.000000e+00
 3.640592e-03 -1.701742e-02 -1.745396e-02  2.000000e+00
 2.540242e-02 -1.457817e-02 -1.338574e-02  2.000000e+00
 5.183472e-02 -2.546606e-02 -1.144425e-02  2.000000e+00
 7.866393e-02 -3.553380e-02 -7.037328e-03  2.000000e+00
-9.866425e-03 -1.954433e-03  1.858372e-03  2.000000e+00
-1.500274e-02 -3.954725e-03 -1.015528e-03  2.000000e+00
-1.191475e-01 -2.808548e-02  7.431993e-03  2.000000e+00
-9.407810e-02 -2.111387e-02  4.544626e-03  2.000000e+00
-8.153461e-02 -1.761428e-02  3.092753e-03  2.000000e+00
-5.060408e-02 -1.133821e-02 -1.036852e-03  2.000000e+00
-1.438495e-02 -1.559010e-02 -1.924022e-02  2.000000e+00
 1.884704e-02 -1.134886e-02 -1.449572e-02  2.000000e+00
 3.233014e-02 -1.646577e-02 -1.029511e-02  2.000000e+00
 4.648701e-02 -2.224794e-02 -1.158501e-02  2.000000e+00
 7.539634e-02 -3.392623e-02 -5.723093e-03  2.000000e+00
-5.879602e-03 -3.966632e-04  1.292988e-03  2.000000e+00
-2.102287e-02 -5.977268e-03 -3.336549e-03  2.000000e+00
-9.273250e-02 -2.061446e-02  4.293885e-03  2.000000e+00
-8.780730e-02 -1.936555e-02  3.819534e-03  2.000000e+00
-7.526191e-02 -1.586301e-02  2.365971e-03  2.000000e+00
-6.254717e-02 -1.215732e-02  9.053043e-04  2.000000e+00
-5.738557e-02 -1.058459e-02  3.186794e-04  2.000000e+00
-2.514158e-02 -8.915349e-03 -1.531134e-02  2.000000e+00
-1.992970e-02 -6.863867e-03 -1.566197e-02  2.000000e+00
 1.258236e-02 -7.509154e-03 -1.411435e-02  2.000000e+00
 3.931098e-02 -1.813752e-02 -6.826721e-03  2.000000e+00
 4.297505e-02 -2.031005e-02 -1.107853e-02  2.000000e+00
 6.085079e-02 -3.066028e-02 -1.135360e-02  2.000000e+00
 6.638241e-02 -3.217423e-02 -8.605972e-03  2.000000e+00
 7.212640e-02 -3.231127e-02 -4.405233e-03  2.000000e+00
 7.647589e-02 -3.443155e-02 -6.144532e-03  2.000000e+00
-1.872405e-03  1.169819e-03  3.157059e-04  2.000000e+00
-8.206525e-02 -2.281928e-02 -9.600095e-04  2.000000e+00
-8.199967e-02 -2.267366e-02 -9.493382e-04  2.000000e+00
-6.898922e-02 -1.411173e-02  1.639190e-03  2.000000e+00
-5.608975e-02 -4.393330e-04  9.528966e-04  2.000000e+00
-2.449470e-02 -7.472474e-03 -1.793110e-02  2.000000e+00
-1.734993e-02  6.419011e-03 -8.618281e-03  2.000000e+00
-1.589789e-02  2.227138e-03 -1.981866e-02  2.000000e+00
 1.378543e-02  7.168137e-03 -1.356695e-02  2.000000e+00
 4.418261e-02 -1.794734e-02 -7.046864e-03  2.000000e+00
 4.307190e-02 -1.749590e-02 -3.725206e-03  2.000000e+00
 7.419062e-02 -3.147051e-02 -7.533074e-04  2.000000e+00
 2.346375e-03  1.754359e-02 -1.061733e-03  2.000000e+00
 2.240583e-03  1.013994e-02 -8.616544e-04  2.000000e+00
 2.134792e-03  2.736300e-03 -6.615758e-04  2.000000e+00
-7.555100e-02 -1.932949e-02 -4.558926e-04  2.000000e+00
-7.576923e-02 -1.987477e-02 -5.879863e-04  2.000000e+00
-8.075260e-02 -2.211135e-02 -8.763407e-04  2.000000e+00
-7.415071e-02 -1.400161e-02  1.002528e-03  2.000000e+00
-5.797163e-02  1.249315e-02  1.104577e-02  2.000000e+00
-5.467180e-02  9.743108e-03  1.088745e-02  2.000000e+00
 1.888952e-02  2.055777e-02  4.808663e-03  2.000000e+00
 4.933399e-02 -1.498995e-02  1.613602e-03  2.000000e+00
 8.623977e-03  1.625101e-05 -5.167559e-04  2.000000e+00
-7.930728e-02 -1.388553e-02  3.655836e-04  2.000000e+00
-6.209457e-02  1.592759e-02  1.123707e-02  2.000000e+00
-6.044460e-02  1.455227e-02  1.115787e-02  2.000000e+00
-4.894285e-02  1.656165e-02  1.863585e-02  2.000000e+00
-1.031792e-02  1.246042e-02 -3.901822e-03  2.000000e+00
 5.488375e-03  1.522357e-02 -1.311761e-03  2.000000e+00
 1.105848e-02  1.369017e-02 -8.752695e-04  2.000000e+00
 1.529634e-02  1.684004e-02  4.419871e-03  2.000000e+00
 5.060405e-02 -1.717431e-02 -5.104332e-03  2.000000e+00
 5.373495e-02 -1.496671e-02 -5.232597e-04  2.000000e+00
 5.419146e-02  8.747370e-04  7.537286e-03  2.000000e+00
 7.992627e-02 -7.075129e-03  1.001988e-02  2.000000e+00
 2.310333e-03  1.568885e-02 -8.344068e-04  2.000000e+00
 1.511316e-02 -2.703799e-03 -3.719359e-04  2.000000e+00
-6.667000e-02 -1.555810e-02 -5.067359e-06  2.000000e+00
-8.446384e-02 -1.376945e-02 -2.713606e-04  2.000000e+00
-8.032928e-02 -1.385166e-02  2.387419e-04  2.000000e+00
-4.460730e-02  1.782443e-02  2.039208e-02  2.000000e+00
-3.886718e-02  1.911769e-02  2.101469e-02  2.000000e+00
-4.282866e-03  1.587298e-02 -4.470862e-05  2.000000e+00
 1.305612e-03  1.629068e-02 -1.824924e-03  2.000000e+00
 2.182330e-02  1.691966e-02  8.538343e-03  2.000000e+00
 6.539343e-02 -2.107684e-03  9.715573e-03  2.000000e+00
 7.609338e-02 -5.626894e-03  1.086287e-02  2.000000e+00
 1.896906e-02 -4.293938e-03 -2.795646e-04  2.000000e+00
-3.464033e-02  1.936707e-02  1.914216e-02  2.000000e+00
-9.685135e-03  1.928656e-02  2.350613e-03  2.000000e+00
-5.629728e-03  2.080646e-02 -2.304308e-03  2.000000e+00
 1.556383e-04  2.111809e-02 -3.537489e-03  2.000000e+00
 2.890302e-02  1.512635e-02  1.049504e-02  2.000000e+00
 3.460754e-02  1.354461e-02  1.179482e-02  2.000000e+00
 4.029657e-02  1.161408e-02  1.248108e-02  2.000000e+00
 4.601083e-02  9.577130e-03  1.279371e-02  2.000000e+00
 2.425316e-02 -6.359598e-03 -1.526895e-04  2.000000e+00
-5.905467e-02 -1.186408e-02  4.938374e-04  2.000000e+00
-5.081854e-02 -6.690171e-03  1.256877e-03  2.000000e+00
 1.950984e-02  1.906549e-03  0.000000e+00  2.000000e+00
-3.232311e-02  2.058502e-02  1.743897e-02  2.000000e+00
-2.768671e-02  1.954932e-02  1.479050e-02  2.000000e+00
-1.658060e-02  1.952768e-02  7.301922e-03  2.000000e+00
 4.894127e-04  2.946365e-02 -1.151927e-02  2.000000e+00
 4.851437e-02  1.148797e-02  1.286268e-02  2.000000e+00
 5.184662e-02  1.402307e-02  1.292893e-02  2.000000e+00
 8.352029e-02 -6.359191e-03  1.299467e-02  2.000000e+00
-5.270856e-02 -8.785732e-03  9.095913e-04  2.000000e+00
-4.762881e-02 -6.319645e-03  1.238513e-03  2.000000e+00
-1.918791e-02  1.972029e-05  5.593340e-12  2.000000e+00
 8.462326e-03 -1.433668e-05  1.108762e-12  2.000000e+00
 1.879727e-02 -1.934164e-03 -5.142145e-25  2.000000e+00
-3.179601e-02  2.293313e-02  1.646476e-02  2.000000e+00
 8.220422e-04  3.750135e-02 -1.898199e-02  2.000000e+00
 8.226368e-04  3.765681e-02 -1.925252e-02  2.000000e+00
 3.855080e-02  1.889404e-02  1.109579e-02  2.000000e+00
 5.268587e-02  1.467069e-02  1.297255e-02  2.000000e+00
 8.723375e-02 -6.725340e-03  1.406058e-02  2.000000e+00
-2.248180e-02  5.856738e-02  2.157781e-03  2.000000e+00
 3.053676e-02 -9.064354e-03 -2.450722e-06  2.000000e+00
-1.527719e-02  1.490343e-05 -5.345280e-11  2.000000e+00
 1.156382e-03  4.600578e-02 -2.721986e-02  2.000000e+00
 1.023050e-03  4.270592e-02 -2.410840e-02  2.000000e+00
 4.052244e-02  2.156876e-02  1.074628e-02  2.000000e+00
 9.342284e-02 -7.335588e-03  1.583708e-02  2.000000e+00
-2.134688e-02  5.236025e-02  2.231174e-03  2.000000e+00
-2.967042e-02  2.210167e-03  1.874432e-03  2.000000e+00
-3.483335e-02 -1.975113e-04  1.794882e-03  2.000000e+00
-3.999629e-02 -2.605190e-03  1.715332e-03  2.000000e+00
-1.136646e-02  1.008657e-05  6.470867e-11  2.000000e+00
-9.378764e-04 -2.758388e-06 -1.795798e-11  2.000000e+00
-3.165873e-02  3.168035e-02  1.392705e-02  2.000000e+00
-1.877796e-02  3.236407e-02  2.967253e-03  2.000000e+00
 5.768976e-02  1.848634e-02  1.309523e-02  2.000000e+00
 9.713629e-02 -7.701737e-03  1.690298e-02  2.000000e+00
-2.021196e-02  4.615311e-02  2.304567e-03  2.000000e+00
-2.330688e-02  5.347000e-03  2.272560e-03  2.000000e+00
 4.446570e-02  2.691819e-02  1.004725e-02  2.000000e+00
 1.008466e-01 -8.066102e-03  1.795787e-02  2.000000e+00
 1.033223e-01 -8.310254e-03  1.866889e-02  2.000000e+00
-1.697970e-02  2.847518e-02  2.513591e-03  2.000000e+00
-1.951752e-02  7.226890e-03  2.594347e-03  2.000000e+00
-4.234455e-02  6.201440e-04  2.450431e-03  2.000000e+00
 1.757454e-03  6.108734e-02 -4.171373e-02  2.000000e+00
 1.623459e-03  5.760594e-02 -3.830408e-02  2.000000e+00
-1.374744e-02  1.079725e-02  2.722614e-03  2.000000e+00
-2.234748e-02  1.181744e-02  2.560417e-03  2.000000e+00
 1.222880e-01  9.984450e-03  6.036542e-02  2.000000e+00
-5.140101e-02 -5.971205e-03 -5.527750e-03  2.000000e+00
-1.014100e-02  9.209260e-03  2.199041e-03  2.000000e+00
-3.393339e-02  5.306942e-03  2.165420e-03  2.000000e+00
 1.100284e-01  9.206257e-03  4.766009e-02  2.000000e+00
 1.145904e-01  9.516718e-03  5.272312e-02  2.000000e+00
 1.191611e-01  9.829611e-03  5.781170e-02  2.000000e+00
 1.214265e-01  9.980447e-03  6.030262e-02  2.000000e+00
 1.302460e-01  1.052045e-02  6.916435e-02  2.000000e+00
-4.622721e-02 -5.362001e-03 -4.756400e-03  2.000000e+00
-4.876175e-02 -5.764589e-03 -5.740587e-03  2.000000e+00
-5.379596e-02 -6.517437e-03 -7.398373e-03  2.000000e+00
 8.569384e-04  1.993780e-03 -9.505271e-11  2.000000e+00
-3.659427e-03 -6.002862e-04 -9.505271e-11  2.000000e+00
 1.043455e-01  8.823750e-03  4.139223e-02  2.000000e+00
 1.182328e-01  9.807227e-03  5.753253e-02  2.000000e+00
-4.241149e-02 -4.745898e-03 -3.372315e-03  2.000000e+00
-5.728441e-04  7.073065e-03  7.232958e-04  2.000000e+00
 2.802488e-03 -1.393494e-03 -9.505271e-11  2.000000e+00
 1.048226e-01  8.724993e-03  3.990258e-02  2.000000e+00
 1.009440e-01  8.596524e-03  3.765761e-02  2.000000e+00
 1.125735e-01  9.430615e-03  5.138526e-02  2.000000e+00
 1.238396e-01  1.016922e-02  6.351191e-02  2.000000e+00
-3.594555e-02 -3.571014e-03 -4.073450e-04  2.000000e+00
 1.013259e-01  8.471636e-03  3.583696e-02  2.000000e+00
 9.798434e-02  8.486377e-03  3.578864e-02  2.000000e+00
 1.069355e-01  9.060027e-03  4.529990e-02  2.000000e+00
-2.947961e-02 -2.396129e-03  2.557625e-03  2.000000e+00
-3.384875e-02  3.166011e-04  1.878547e-02  2.000000e+00
 8.995317e-03  4.936870e-03 -7.524492e-04  2.000000e+00
-4.298092e-03 -2.236052e-04  2.440295e-03  2.000000e+00
-7.123701e-03 -1.718118e-03 -1.672887e-03  2.000000e+00
 9.838123e-02  8.365327e-03  3.404374e-02  2.000000e+00
 9.459975e-02  8.263480e-03  3.213696e-02  2.000000e+00
 1.349975e-01  1.087853e-02  7.523779e-02  2.000000e+00
 1.305590e-01  1.060128e-02  7.065481e-02  2.000000e+00
-2.555797e-02 -1.695774e-03  3.210521e-03  2.000000e+00
-6.966678e-04  5.752081e-05 -8.829941e-05  2.000000e+00
 9.548557e-02  8.197192e-03  3.127735e-02  2.000000e+00
 1.361538e-01  1.096007e-02  7.658890e-02  2.000000e+00
 1.359935e-01  1.091808e-02  7.588170e-02  2.000000e+00
-2.297471e-02  1.159006e-04  6.706786e-03  2.000000e+00
 1.043617e-02 -1.865476e-03 -3.970718e-05  2.000000e+00
 1.682293e-03  3.749679e-03 -6.394013e-04  2.000000e+00
 8.644590e-02  7.722537e-03  2.331476e-02  2.000000e+00
-1.764211e-02 -3.022418e-04  2.754538e-03  2.000000e+00
 2.206342e-02  2.019275e-03 -2.768008e-03  2.000000e+00
 1.442202e-01  1.147682e-02  8.513690e-02  2.000000e+00
 6.484799e-02  3.647878e-03 -4.683476e-03  2.000000e+00
-8.111259e-03  1.371569e-03  1.964921e-03  2.000000e+00
-9.494144e-04  1.633638e-02  3.180315e-03  2.000000e+00
 2.533913e-03  2.271349e-02  1.315799e-03  2.000000e+00
 3.002461e-02  2.418538e-04 -3.995902e-03  2.000000e+00
 6.548626e-02  3.589840e-03 -4.857125e-03  2.000000e+00
 6.293396e-02  3.822126e-03 -4.162962e-03  2.000000e+00
 7.626797e-02  7.047020e-03  1.230095e-02  2.000000e+00
 1.522866e-01  1.199357e-02  9.368491e-02  2.000000e+00
 1.634665e-01  1.270859e-02  1.055118e-01  2.000000e+00
-1.502803e-03  2.532149e-03  1.417420e-03  2.000000e+00
 3.665894e-02 -1.239331e-03 -5.019147e-03  2.000000e+00
 4.191270e-02 -2.430965e-03 -4.357867e-03  2.000000e+00
 5.230389e-02 -4.802669e-03 -2.461113e-04  2.000000e+00
 7.061356e-02  6.671732e-03  6.182166e-03  2.000000e+00
 1.556390e-01  1.220767e-02  9.722575e-02  2.000000e+00
 1.578787e-01  1.235164e-02  9.960797e-02  2.000000e+00
 1.174899e-02  2.203598e-02 -1.007084e-03  2.000000e+00
 4.229094e-02 -1.610833e-03 -9.886657e-03  2.000000e+00
 5.833140e-02  4.240635e-03 -2.910859e-03  2.000000e+00
 1.612317e-01  1.256589e-02  1.031511e-01  2.000000e+00
 4.218989e-02  1.173266e-03 -2.403011e-02  2.000000e+00
 4.483552e-02 -8.180812e-04 -1.826311e-02  2.000000e+00
 6.167038e-02 -6.940495e-03  3.460175e-03  2.000000e+00
 5.287810e-02  4.736500e-03 -1.427318e-03  2.000000e+00
 5.239226e-02  5.056090e-03 -9.345677e-04  2.000000e+00
 5.811088e-02  5.638938e-03 -1.047548e-03  2.000000e+00
 6.382828e-02  6.221387e-03 -1.160376e-03  2.000000e+00
 1.104510e-02 -5.504020e-03  1.516683e-03  2.000000e+00
 2.122449e-02  2.026678e-02 -2.922026e-03  2.000000e+00
 4.735156e-02 -3.249625e-05 -2.579502e-02  2.000000e+00
 6.771882e-02 -7.885360e-03  3.354194e-03  2.000000e+00
 6.806051e-02 -8.309242e-03  5.681467e-03  2.000000e+00
 1.122736e-02  8.338757e-04  4.138265e-05  2.000000e+00
 4.808667e-02  4.615870e-03 -8.412789e-04  2.000000e+00
 5.379820e-02  5.196907e-03 -9.520167e-04  2.000000e+00
 6.699066e-02  6.353206e-03 -5.451070e-03  2.000000e+00
 7.171450e-02 -8.894955e-03  5.505989e-03  2.000000e+00
 7.710349e-02 -1.030876e-02  8.641284e-03  2.000000e+00
 7.197574e-02 -9.219778e-03  7.305394e-03  2.000000e+00
-5.786646e-02 -2.921196e-02  2.168972e-03  2.000000e+00
 2.358050e-02  2.102108e-03 -2.645918e-04  2.000000e+00
 3.513803e-02  3.288342e-03 -5.477192e-04  2.000000e+00
 4.089298e-02  3.878354e-03 -6.781902e-04  2.000000e+00
 7.015304e-02  6.485025e-03 -9.741765e-03  2.000000e+00
 7.416762e-02  6.613715e-03 -1.455864e-02  2.000000e+00
 7.761168e-02  6.609882e-03 -1.679690e-02  2.000000e+00
 1.904651e-02 -5.346860e-03 -5.392166e-04  2.000000e+00
-1.691839e-02 -7.274536e-04  3.141524e-03  2.000000e+00
-1.431992e-02 -5.527660e-04  1.850408e-03  2.000000e+00
 5.511092e-03  6.458121e-03  4.652146e-04  2.000000e+00
 1.139844e-02  2.918177e-03  1.035518e-03  2.000000e+00
 1.705787e-02  4.146844e-04  1.577974e-03  2.000000e+00
 7.579917e-02 -1.002643e-02  8.539756e-03  2.000000e+00
-1.071440e-02 -1.416489e-03  5.655625e-04  2.000000e+00
 8.418144e-04 -2.306343e-04  2.829623e-04  2.000000e+00
 1.995845e-02  1.661454e-03 -2.383754e-04  2.000000e+00
 7.526605e-02  6.665964e-03 -1.640067e-02  2.000000e+00
 7.734154e-02  6.748167e-03 -1.890479e-02  2.000000e+00
 8.084353e-02  6.758350e-03 -2.137804e-02  2.000000e+00
 2.581370e-02 -1.844932e-03 -2.236623e-03  2.000000e+00
 2.946774e-02  8.923577e-03 -4.101519e-03  2.000000e+00
-1.057750e-02 -3.939487e-04  7.495040e-04  2.000000e+00
 2.513800e-03  9.393638e-05 -3.539616e-04  2.000000e+00
 7.638103e-03 -2.484040e-03  4.229978e-05  2.000000e+00
 1.242228e-02 -6.279608e-03 -2.431423e-04  2.000000e+00
 8.216481e-02 -1.136258e-02  1.055429e-02  2.000000e+00
 7.961564e-02 -1.082440e-02  9.727753e-03  2.000000e+00
-2.297639e-02 -2.430618e-03  1.076421e-03  2.000000e+00
 7.565083e-03  3.814749e-04  6.782606e-05  2.000000e+00
 3.402190e-02  2.552265e-03 -1.104570e-03  2.000000e+00
 8.056730e-02  6.893478e-03 -2.363551e-02  2.000000e+00
 8.840632e-02  6.799291e-03 -2.703489e-02  2.000000e+00
 2.964095e-02 -3.313197e-03 -2.072863e-03  2.000000e+00
 3.507455e-02  1.143558e-02 -6.021464e-03  2.000000e+00
-6.708872e-03 -1.592500e-04 -8.684326e-04  2.000000e+00
-1.452764e-03  6.459655e-06 -8.808531e-04  2.000000e+00
-5.104685e-02 -1.538066e-02  2.084823e-03  2.000000e+00
-3.523837e-02 -3.444746e-03  1.587279e-03  2.000000e+00
-1.096467e-02 -2.984905e-03 -2.262366e-04  2.000000e+00
 2.650119e-02  1.732157e-03 -9.038027e-04  2.000000e+00
 3.622234e-02  2.000910e-03 -1.881266e-03  2.000000e+00
 8.571563e-02  7.083153e-03 -3.042189e-02  2.000000e+00
 3.341733e-02 -4.974256e-03 -1.487990e-03  2.000000e+00
-6.564142e-03  7.056877e-04 -6.516053e-03  2.000000e+00
-4.924374e-02 -1.153604e-02  2.040364e-03  2.000000e+00
-3.911066e-02 -3.871169e-03  1.717175e-03  2.000000e+00
 3.754398e-02  1.670250e-03 -2.347891e-03  2.000000e+00
 3.930285e-02  1.229039e-03 -2.968490e-03  2.000000e+00
 9.088595e-02  7.278039e-03 -3.728821e-02  2.000000e+00
 9.436281e-02  6.976433e-03 -3.400241e-02  2.000000e+00
-1.357541e-01  8.560619e-02  1.360855e-03  2.000000e+00
-1.396485e-01  8.905920e-02  1.310436e-03  2.000000e+00
-1.494094e-01  9.774648e-02  1.185811e-03  2.000000e+00
-4.558258e-02 -4.298426e-03  2.017351e-03  2.000000e+00
-4.079535e-02 -5.356205e-03  1.388934e-03  2.000000e+00
-1.126545e-02 -4.869905e-03 -1.177861e-03  2.000000e+00
-3.831067e-03 -2.039836e-03  0.000000e+00  2.000000e+00
-1.621925e-03  2.676775e-03  0.000000e+00  2.000000e+00
 2.868046e-02  9.501542e-04 -1.793632e-03  2.000000e+00
 3.141571e-02  7.597127e-04 -2.292790e-03  2.000000e+00
 3.974261e-02  1.118739e-03 -3.123665e-03  2.000000e+00
 9.400957e-02  7.400067e-03 -4.148354e-02  2.000000e+00
 4.097010e-02 -8.296374e-03 -3.182441e-04  2.000000e+00
-1.603739e-01  1.107829e-01  1.181784e-03  2.000000e+00
-1.269735e-01  7.779690e-02  1.473239e-03  2.000000e+00
-1.308760e-01  8.126770e-02  1.423291e-03  2.000000e+00
-1.406317e-01  8.994355e-02  1.298385e-03  2.000000e+00
-1.445332e-01  9.341207e-02  1.248366e-03  2.000000e+00
-1.484340e-01  9.687934e-02  1.198316e-03  2.000000e+00
-5.099157e-02  1.239317e-03  1.985661e-03  2.000000e+00
-4.154039e-02 -6.012941e-03  1.243785e-03  2.000000e+00
-1.147400e-02 -6.176918e-03 -1.837693e-03  2.000000e+00
 1.009920e-01  7.308601e-03 -4.406067e-02  2.000000e+00
 4.722966e-02 -1.095473e-02  5.862870e-04  2.000000e+00
-1.593587e-01  1.098196e-01  1.192318e-03  2.000000e+00
-1.634639e-01  1.137767e-01  1.152369e-03  2.000000e+00
-5.640055e-02  6.777060e-03  1.953972e-03  2.000000e+00
-1.243554e-02 -1.224248e-02 -4.879064e-03  2.000000e+00
 5.452992e-03 -6.369387e-04  0.000000e+00  2.000000e+00
 1.003323e-01  7.662267e-03 -5.011439e-02  2.000000e+00
 1.042444e-01  7.460760e-03 -4.878648e-02  2.000000e+00
 5.004238e-02 -1.227551e-02  1.084606e-03  2.000000e+00
-1.542237e-01  1.048650e-01  1.242072e-03  2.000000e+00
-1.644904e-01  1.147663e-01  1.142390e-03  2.000000e+00
-1.199382e-01  7.153983e-02  1.563284e-03  2.000000e+00
-1.216334e-01  7.271075e-02  1.522898e-03  2.000000e+00
-5.964559e-02  1.009948e-02  1.934881e-03  2.000000e+00
-6.159263e-02  1.185389e-02  1.906817e-03  2.000000e+00
-1.172427e-02 -7.745334e-03 -2.629492e-03  2.000000e+00
-1.231495e-02 -1.147508e-02 -4.497760e-03  2.000000e+00
 1.116794e-01  8.085149e-03 -6.499090e-02  2.000000e+00
 1.035108e-01  7.797575e-03 -5.447753e-02  2.000000e+00
 1.090388e-01  7.728709e-03 -5.639966e-02  2.000000e+00
-1.555686e-01  1.061291e-01  1.227723e-03  2.000000e+00
-1.210738e-01  7.279082e-02  1.558684e-03  2.000000e+00
-1.169070e-01  6.870004e-02  1.594821e-03  2.000000e+00
-9.730867e-02  4.747838e-02  1.642691e-03  2.000000e+00
-1.222600e-02 -1.090923e-02 -4.216528e-03  2.000000e+00
 1.312454e-01  8.808057e-03 -9.057444e-02  2.000000e+00
 1.271337e-01  8.657930e-03 -8.519790e-02  2.000000e+00
 1.168221e-01  8.273653e-03 -7.172692e-02  2.000000e+00
-1.467994e-01  9.767791e-02  1.312763e-03  2.000000e+00
-1.115111e-01  6.318502e-02  1.627941e-03  2.000000e+00
-1.007108e-01  5.213959e-02  1.693335e-03  2.000000e+00
-9.638734e-02  4.771526e-02  1.719154e-03  2.000000e+00
-9.465138e-02  4.544250e-02  1.699454e-03  2.000000e+00
-6.744664e-02  1.808619e-02  1.889198e-03  2.000000e+00
-1.289856e-02 -1.513942e-02 -6.350829e-03  2.000000e+00
-1.202505e-02 -9.630335e-03 -3.581117e-03  2.000000e+00
 1.364021e-01  8.999591e-03 -9.737539e-02  2.000000e+00
 1.220582e-01  8.484518e-03 -7.879463e-02  2.000000e+00
 1.096456e-01  8.018936e-03 -6.204788e-02  2.000000e+00
 6.135416e-02 -1.721185e-02  2.828827e-03  2.000000e+00
-1.272512e-01  7.877104e-02  1.499862e-03  2.000000e+00
-1.061151e-01  5.767001e-02  1.661062e-03  2.000000e+00
-7.668913e-02  2.754883e-02  1.834961e-03  2.000000e+00
-1.277501e-02 -1.436024e-02 -5.959094e-03  2.000000e+00
 1.312688e-01  8.813214e-03 -9.069074e-02  2.000000e+00
 1.271674e-01  8.665376e-03 -8.536573e-02  2.000000e+00
 1.266051e-01  8.696493e-03 -8.508864e-02  2.000000e+00
 1.192119e-01  8.288626e-03 -7.213954e-02  2.000000e+00
-1.487502e-01  9.942089e-02  1.287574e-03  2.000000e+00
-1.406356e-01  9.172819e-02  1.372415e-03  2.000000e+00
-1.323991e-01  8.375456e-02  1.450844e-03  2.000000e+00
-1.086929e-01  5.951843e-02  1.600836e-03  2.000000e+00
-1.104119e-01  6.075151e-02  1.560725e-03  2.000000e+00
-8.858839e-02  3.973154e-02  1.765133e-03  2.000000e+00
-7.993438e-02  3.087138e-02  1.815917e-03  2.000000e+00
-1.265147e-02 -1.358106e-02 -5.567359e-03  2.000000e+00
-1.232201e-02 -1.150325e-02 -4.522731e-03  2.000000e+00
 1.363756e-01  8.993588e-03 -9.724966e-02  2.000000e+00
 1.343326e-01  8.921368e-03 -9.462446e-02  2.000000e+00
 1.213558e-01  8.483085e-03 -7.790556e-02  2.000000e+00
 1.171632e-01  8.313987e-03 -7.218662e-02  2.000000e+00
 1.197684e-01  8.368441e-03 -7.391264e-02  2.000000e+00
