-1.848113e-03 -2.760736e-02  3.866104e-03  1.000000e+00
-1.287354e-02 -2.519395e-02  3.294505e-03  1.000000e+00
-2.748503e-03 -2.368419e-02  6.943361e-03  1.000000e+00
-2.351713e-02 -2.268901e-02  2.443755e-03  1.000000e+00
 1.189175e-03 -1.914323e-02  8.529554e-03  1.000000e+00
 1.191020e-02 -1.824671e-02  1.084191e-02  1.000000e+00
-1.409471e-02 -1.730623e-02  6.024326e-03  1.000000e+00
-4.000727e-03 -1.583517e-02  6.890916e-03  1.000000e+00
 1.097408e-03 -1.168454e-02  6.734926e-03  1.000000e+00
 1.546539e-02 -9.429014e-03  9.735799e-03  1.000000e+00
-3.567784e-02 -1.283631e-02  3.758965e-03  1.000000e+00
-2.511619e-02 -1.082753e-02  9.180126e-03  1.000000e+00
-4.562505e-03 -8.715137e-03  6.032043e-03  1.000000e+00
-1.556863e-02 -5.710615e-03  5.209301e-03  1.000000e+00
 5.043526e-03 -2.976280e-03  4.469425e-03  1.000000e+00
-3.684578e-02 -5.251274e-03  5.171210e-03  1.000000e+00
-3.187900e-02 -4.465189e-03  5.602762e-03  1.000000e+00
-2.136637e-02 -2.900628e-03  4.697391e-03  1.000000e+00
-5.257861e-03 -5.726451e-04  5.865299e-03  1.000000e+00
 1.462303e-02  2.127738e-03 -4.027797e-03  1.000000e+00
-9.013478e-04  4.032198e-03  2.711562e-03  1.000000e+00
-3.797915e-02  2.596797e-03  2.546623e-03  1.000000e+00
-2.265123e-02  4.601544e-03  2.578800e-03  1.000000e+00
-1.199758e-02  6.008033e-03  4.488891e-03  1.000000e+00
 1.444500e-02  9.166076e-03 -3.509734e-03  1.000000e+00
-1.778374e-02  8.767895e-03  2.839161e-03  1.000000e+00
-7.158718e-03  1.033619e-02  8.057371e-05  1.000000e+00
 3.415927e-03  1.192812e-02 -4.439507e-03  1.000000e+00
 1.460217e-02  1.282619e-02 -1.679539e-03  1.000000e+00
-2.915216e-02  1.130334e-02 -1.853089e-03  1.000000e+00
-1.816584e-02  1.201340e-02 -5.289809e-04  1.000000e+00
-1.296106e-02  1.307089e-02 -3.132407e-03  1.000000e+00
-1.849698e-02  1.505308e-02 -6.074376e-03  1.000000e+00
-8.315785e-03  1.739753e-02 -6.418518e-03  1.000000e+00
 2.620148e-03  1.852629e-02 -6.629794e-03  1.000000e+00
-8.376356e-02 -9.010214e-02 -8.656485e-03  2.000000e+00
-7.319330e-02 -8.863069e-02 -8.171120e-03  2.000000e+00
-6.812177e-02 -8.826356e-02 -9.779378e-03  2.000000e+00
-5.749075e-02 -8.683717e-02 -1.078326e-02  2.000000e+00
-5.257096e-02 -8.582443e-02 -9.829624e-03  2.000000e+00
-4.740130e-02 -8.494340e-02 -9.105672e-03  2.000000e+00
-3.689602e-02 -8.366136e-02 -1.279962e-02  2.000000e+00
-1.103997e-02 -8.098726e-02 -6.736176e-03  2.000000e+00
 1.011720e-02 -7.950410e-02 -6.684763e-03  2.000000e+00
 2.570825e-02 -7.664861e-02 -6.852764e-04  2.000000e+00
 3.603092e-02 -7.531490e-02 -5.226141e-04  2.000000e+00
 4.073483e-02 -7.462408e-02  1.076246e-03  2.000000e+00
 4.608080e-02 -7.373593e-02  3.078434e-03  2.000000e+00
 6.163439e-02 -7.204461e-02  7.426315e-03  2.000000e+00
 8.285668e-02 -7.064559e-02  1.259985e-02  2.000000e+00
 9.858855e-02 -7.014571e-02  1.010588e-02  2.000000e+00
-7.923149e-02 -8.565220e-02 -7.384133e-03  2.000000e+00
-7.380769e-02 -8.498648e-02 -5.606869e-03  2.000000e+00
-5.795061e-02 -8.318867e-02 -1.090621e-02  2.000000e+00
-3.741365e-02 -7.989926e-02 -1.124181e-02  2.000000e+00
-2.679352e-02 -7.887029e-02 -1.183426e-02  2.000000e+00
-1.327549e-03 -7.611143e-02 -6.375553e-03  2.000000e+00
 3.054227e-02 -7.208704e-02  8.674433e-04  2.000000e+00
 5.596821e-02 -6.840984e-02  6.846265e-03  2.000000e+00
 6.673554e-02 -6.836310e-02  1.096537e-02  2.000000e+00
 7.714387e-02 -6.730981e-02  1.367418e-02  2.000000e+00
 9.834288e-02 -6.639319e-02  1.070631e-02  2.000000e+00
-8.067941e-02 -8.220077e-02 -8.876754e-03  2.000000e+00
-6.901900e-02 -8.036002e-02 -7.229084e-03  2.000000e+00
-3.760795e-02 -7.611311e-02 -1.091014e-02  2.000000e+00
-3.239918e-02 -7.550421e-02 -1.311048e-02  2.000000e+00
-2.256509e-02 -7.406116e-02 -1.000816e-02  2.000000e+00
-1.223261e-02 -7.323714e-02 -7.312153e-03  2.000000e+00
-7.133480e-03 -7.227527e-02 -7.486602e-03  2.000000e+00
 1.948234e-02 -6.999754e-02 -2.379516e-03  2.000000e+00
 2.478849e-02 -6.928693e-02  1.502678e-03  2.000000e+00
 5.032249e-02 -6.490392e-02  6.317641e-03  2.000000e+00
 7.155375e-02 -6.403715e-02  1.498618e-02  2.000000e+00
 7.713795e-02 -6.386827e-02  1.486118e-02  2.000000e+00
 8.772838e-02 -6.293220e-02  1.140190e-02  2.000000e+00
 9.283236e-02 -6.286128e-02  1.041582e-02  2.000000e+00
 9.815920e-02 -6.281504e-02  1.116320e-02  2.000000e+00
 1.036447e-01 -6.119534e-02  8.229332e-03  2.000000e+00
-8.098065e-02 -7.779369e-02 -7.136481e-03  2.000000e+00
-5.453978e-02 -7.497154e-02 -8.333917e-03  2.000000e+00
-4.369086e-02 -7.292427e-02 -9.854949e-03  2.000000e+00
-1.771305e-02 -6.971609e-02 -8.125480e-03  2.000000e+00
-1.844906e-03 -6.816063e-02 -6.946468e-03  2.000000e+00
 1.840315e-02 -6.640427e-02 -8.000194e-04  2.000000e+00
 3.017963e-02 -6.442246e-02 -2.550398e-03  2.000000e+00
 3.466642e-02 -6.323149e-02  1.494762e-03  2.000000e+00
 4.424712e-02 -6.218809e-02  4.115784e-03  2.000000e+00
 6.596380e-02 -6.083871e-02  1.385749e-02  2.000000e+00
 7.173119e-02 -6.096358e-02  1.357666e-02  2.000000e+00
 9.768923e-02 -5.868278e-02  9.339771e-03  2.000000e+00
-9.135985e-02 -7.589644e-02 -2.765142e-03  2.000000e+00
-8.637052e-02 -7.486563e-02 -3.041951e-03  2.000000e+00
-8.134347e-02 -7.381639e-02 -3.784438e-03  2.000000e+00
-5.983982e-02 -7.108698e-02 -7.132682e-03  2.000000e+00
-5.001426e-02 -7.023366e-02 -8.433615e-03  2.000000e+00
-4.437677e-02 -6.918250e-02 -1.007053e-02  2.000000e+00
-2.419771e-02 -6.678591e-02 -1.099496e-02  2.000000e+00
-7.637821e-03 -6.501508e-02 -9.711861e-03  2.000000e+00
-2.407992e-03 -6.399175e-02 -1.112549e-02  2.000000e+00
 5.492627e-02 -5.775438e-02  1.052709e-02  2.000000e+00
 7.667295e-02 -5.653590e-02  1.406856e-02  2.000000e+00
-7.679060e-02 -6.913103e-02 -4.584242e-03  2.000000e+00
-2.914848e-02 -6.301189e-02 -8.545844e-03  2.000000e+00
-1.339550e-02 -6.168339e-02 -9.420530e-03  2.000000e+00
-7.846719e-03 -6.116065e-02 -9.405662e-03  2.000000e+00
 2.765458e-03 -6.021096e-02 -7.510254e-03  2.000000e+00
 2.835236e-02 -5.645907e-02  3.592355e-03  2.000000e+00
 3.855383e-02 -5.477787e-02  6.057369e-03  2.000000e+00
 4.340330e-02 -5.453691e-02  6.952499e-03  2.000000e+00
 4.890073e-02 -5.450619e-02  8.733109e-03  2.000000e+00
 6.542166e-02 -5.393596e-02  1.385667e-02  2.000000e+00
 7.088075e-02 -5.369313e-02  1.239112e-02  2.000000e+00
 8.161487e-02 -5.201873e-02  7.586415e-03  2.000000e+00
 1.031181e-01 -4.962020e-02 -3.087340e-03  2.000000e+00
-8.737569e-02 -6.770097e-02 -2.796033e-03  2.000000e+00
-7.192975e-02 -6.521147e-02 -2.499503e-03  2.000000e+00
-5.596397e-02 -6.221886e-02 -3.433859e-03  2.000000e+00
-3.510673e-02 -5.995826e-02 -9.170933e-03  2.000000e+00
-2.458235e-02 -5.841684e-02 -8.040446e-03  2.000000e+00
 2.669838e-03 -5.665262e-02 -5.153687e-03  2.000000e+00
 7.041944e-03 -5.568902e-02 -4.770059e-03  2.000000e+00
 3.322529e-02 -5.144420e-02  5.666659e-03  2.000000e+00
 3.803392e-02 -5.087323e-02  6.805424e-03  2.000000e+00
 5.401141e-02 -5.048438e-02  1.205307e-02  2.000000e+00
 9.216669e-02 -4.747063e-02 -1.611372e-03  2.000000e+00
 1.030851e-01 -4.541789e-02 -7.216885e-03  2.000000e+00
-7.254489e-02 -6.121550e-02 -3.987441e-03  2.000000e+00
 6.487287e-03 -5.150730e-02 -3.985420e-03  2.000000e+00
 2.689710e-02 -4.927484e-02  4.537772e-03  2.000000e+00
 3.238361e-02 -4.775918e-02  5.711567e-03  2.000000e+00
 3.819959e-02 -4.742834e-02  4.977182e-03  2.000000e+00
 6.004766e-02 -4.700461e-02  1.506554e-02  2.000000e+00
 6.543892e-02 -4.634350e-02  1.273062e-02  2.000000e+00
 7.103477e-02 -4.617913e-02  7.391346e-03  2.000000e+00
 7.657757e-02 -4.528185e-02  2.721673e-03  2.000000e+00
-7.873636e-02 -5.801180e-02 -4.192350e-03  2.000000e+00
-5.740405e-02 -5.480806e-02 -3.821821e-03  2.000000e+00
-4.636645e-02 -5.349589e-02 -3.216187e-03  2.000000e+00
-9.093730e-03 -4.973761e-02 -8.131890e-03  2.000000e+00
 5.850055e-03 -4.747793e-02 -1.270651e-03  2.000000e+00
 1.087809e-02 -4.713151e-02  1.540695e-03  2.000000e+00
 2.083120e-02 -4.693592e-02  1.064742e-03  2.000000e+00
 4.310516e-02 -4.332122e-02  7.280152e-03  2.000000e+00
 7.606849e-02 -4.090527e-02 -7.295641e-04  2.000000e+00
 8.172767e-02 -4.089534e-02 -4.558402e-04  2.000000e+00
 1.024980e-01 -3.674882e-02 -9.899862e-03  2.000000e+00
-5.242032e-02 -5.094589e-02 -1.171440e-03  2.000000e+00
-4.674249e-02 -5.036689e-02  3.424084e-04  2.000000e+00
-3.637673e-02 -4.813076e-02 -2.210233e-03  2.000000e+00
-2.080367e-02 -4.685036e-02 -5.074190e-03  2.000000e+00
-9.583000e-03 -4.565151e-02 -5.329185e-03  2.000000e+00
 5.286565e-03 -4.325435e-02 -6.394690e-05  2.000000e+00
 3.737995e-02 -4.022386e-02  3.939724e-03  2.000000e+00
 4.855390e-02 -4.018882e-02  9.445062e-03  2.000000e+00
 6.556532e-02 -3.924769e-02  5.267724e-03  2.000000e+00
 8.125771e-02 -3.659794e-02 -4.773120e-03  2.000000e+00
 1.013539e-01 -3.250383e-02 -9.383770e-03  2.000000e+00
-9.057325e-02 -5.409870e-02  4.140472e-03  2.000000e+00
-7.429635e-02 -4.960379e-02  1.702353e-03  2.000000e+00
-3.713647e-02 -4.449644e-02  3.770341e-04  2.000000e+00
 4.349718e-02 -3.681879e-02  7.794115e-03  2.000000e+00
 4.902470e-02 -3.701045e-02  7.486205e-03  2.000000e+00
 6.568914e-02 -3.527852e-02 -2.521271e-03  2.000000e+00
 9.611649e-02 -2.924021e-02 -1.151928e-02  2.000000e+00
-9.050296e-02 -4.960829e-02  7.115150e-03  2.000000e+00
-5.972104e-02 -4.431376e-02  2.382880e-03  2.000000e+00
-5.424365e-02 -4.396813e-02  2.912796e-03  2.000000e+00
-4.898156e-02 -4.388153e-02  4.612360e-03  2.000000e+00
-3.824343e-02 -4.072527e-02  2.417617e-03  2.000000e+00
-2.713086e-02 -3.906806e-02  1.097085e-03  2.000000e+00
 1.478023e-02 -3.444904e-02 -1.905727e-03  2.000000e+00
 2.532560e-02 -3.453491e-02 -1.803408e-03  2.000000e+00
 8.132682e-02 -2.860869e-02 -1.364028e-02  2.000000e+00
 9.491436e-02 -2.465896e-02 -1.124402e-02  2.000000e+00
-9.122546e-02 -4.556176e-02  8.768849e-03  2.000000e+00
-6.511194e-02 -4.045911e-02  6.048373e-03  2.000000e+00
 6.539014e-02 -2.616126e-02 -1.142531e-02  2.000000e+00
 9.407901e-02 -2.058763e-02 -1.165924e-02  2.000000e+00
 9.909522e-02 -1.991280e-02 -1.036093e-02  2.000000e+00
-8.104258e-02 -4.052244e-02  1.148591e-02  2.000000e+00
-6.574297e-02 -3.660534e-02  8.038860e-03  2.000000e+00
-5.073623e-02 -3.539580e-02  8.038778e-03  2.000000e+00
 4.681807e-02 -2.883145e-02 -2.821092e-03  2.000000e+00
 5.155194e-02 -2.710273e-02 -1.030559e-02  2.000000e+00
-7.161404e-02 -3.472986e-02  1.036123e-02  2.000000e+00
-6.080321e-02 -3.229733e-02  9.598077e-03  2.000000e+00
 8.420519e-02 -1.107618e-02 -7.383901e-03  2.000000e+00
-9.793515e-02 -3.316574e-02  9.761780e-03  2.000000e+00
-7.262772e-02 -3.191423e-02  1.120101e-02  2.000000e+00
-5.233719e-02 -2.547205e-02  4.206133e-03  2.000000e+00
 7.268205e-02 -1.036030e-02 -1.071982e-02  2.000000e+00
 7.743668e-02 -9.857484e-03 -1.236494e-02  2.000000e+00
 8.252148e-02 -9.103855e-03 -8.590737e-03  2.000000e+00
 8.787577e-02 -8.274550e-03 -9.784019e-03  2.000000e+00
 9.794887e-02 -6.219683e-03 -6.286078e-03  2.000000e+00
-9.322885e-02 -2.890023e-02  1.039854e-02  2.000000e+00
-8.804589e-02 -2.894618e-02  1.108311e-02  2.000000e+00
-8.272735e-02 -2.929170e-02  1.276216e-02  2.000000e+00
 5.288545e-02 -1.020428e-02 -1.203241e-02  2.000000e+00
 5.695981e-02 -9.723719e-03 -1.175063e-02  2.000000e+00
 6.614056e-02 -8.152636e-03 -1.125450e-02  2.000000e+00
 8.691254e-02 -4.734522e-03 -9.531701e-03  2.000000e+00
-9.370619e-02 -2.499976e-02  1.017609e-02  2.000000e+00
-6.970850e-02 -2.257866e-02  8.146500e-03  2.000000e+00
 5.190477e-02 -5.309869e-03 -7.074342e-03  2.000000e+00
 6.053936e-02 -5.097411e-03 -7.544514e-03  2.000000e+00
 6.530581e-02 -3.835135e-03 -9.134808e-03  2.000000e+00
 8.040576e-02 -2.166125e-03 -8.453298e-03  2.000000e+00
 9.102840e-02 -1.027423e-03 -5.408894e-03  2.000000e+00
-9.875607e-02 -2.174349e-02  9.394660e-03  2.000000e+00
 5.971876e-02 -6.796564e-04 -3.895437e-03  2.000000e+00
 6.457799e-02  7.410701e-06 -6.463112e-03  2.000000e+00
 7.473663e-02  1.145374e-03 -6.942925e-03  2.000000e+00
-9.429100e-02 -1.749031e-02  5.764610e-03  2.000000e+00
-8.382213e-02 -1.522241e-02  2.545945e-03  2.000000e+00
-6.329530e-02 -1.352089e-02  4.249525e-03  2.000000e+00
 4.538381e-02  3.525077e-03  1.197109e-02  2.000000e+00
 4.951437e-02  3.053985e-03  8.555978e-03  2.000000e+00
 5.907184e-02  3.544459e-03 -7.773369e-05  2.000000e+00
 6.418008e-02  4.124426e-03 -3.124000e-03  2.000000e+00
 8.500073e-02  6.004449e-03 -5.688926e-03  2.000000e+00
 8.978066e-02  7.354494e-03 -7.480865e-03  2.000000e+00
-9.520179e-02 -1.291691e-02  2.930568e-03  2.000000e+00
 4.318833e-02  6.131193e-03  1.344621e-02  2.000000e+00
 5.853062e-02  7.365293e-03  2.595355e-03  2.000000e+00
 8.465634e-02  1.054893e-02 -8.378227e-03  2.000000e+00
 9.448194e-02  1.208277e-02 -9.273345e-03  2.000000e+00
-1.012149e-01 -9.059267e-03  2.195548e-03  2.000000e+00
 3.147287e-02  7.146319e-03  4.791553e-03  2.000000e+00
 4.253794e-02  9.158500e-03  8.543931e-03  2.000000e+00
 6.996450e-02  1.084306e-02  1.911744e-03  2.000000e+00
-9.799757e-02 -3.638262e-03  2.181539e-03  2.000000e+00
-7.263569e-02 -1.732355e-04 -9.087032e-04  2.000000e+00
 7.847917e-02  1.841069e-02 -4.969022e-03  2.000000e+00
 4.145944e-02  1.620073e-02 -2.006238e-04  2.000000e+00
-1.031545e-01  4.848222e-03 -6.001041e-03  2.000000e+00
-9.271111e-02  6.853908e-03 -5.085073e-03  2.000000e+00
-8.738747e-02  7.308078e-03 -3.600186e-03  2.000000e+00
-7.221806e-02  9.402033e-03 -8.417373e-03  2.000000e+00
 3.581846e-02  1.878338e-02 -1.694265e-03  2.000000e+00
 4.087341e-02  2.011987e-02 -8.132473e-04  2.000000e+00
 6.889465e-02  2.693189e-02 -1.181259e-03  2.000000e+00
 8.353090e-02  2.745457e-02 -3.733841e-03  2.000000e+00
 9.339124e-02  2.834152e-02 -2.736057e-03  2.000000e+00
-9.817442e-02  1.000871e-02 -5.717285e-03  2.000000e+00
-6.567915e-02  1.256049e-02  2.335892e-03  2.000000e+00
-6.021831e-02  1.263071e-02  6.144931e-03  2.000000e+00
-4.926726e-02  1.396742e-02  7.000834e-03  2.000000e+00
 7.375593e-02  3.156766e-02 -2.750368e-04  2.000000e+00
 8.400929e-02  3.270985e-02 -1.869549e-03  2.000000e+00
 8.828569e-02  3.227714e-02 -3.224740e-03  2.000000e+00
-8.720107e-02  1.452133e-02 -3.097724e-03  2.000000e+00
-6.066479e-02  1.692097e-02  3.778548e-03  2.000000e+00
 4.366259e-02  2.951592e-02 -9.920397e-04  2.000000e+00
 8.742331e-02  3.671524e-02  2.292201e-03  2.000000e+00
-7.110528e-02  1.936166e-02  4.476148e-03  2.000000e+00
-6.112603e-02  2.054556e-02  6.348706e-03  2.000000e+00
-4.558147e-02  2.264364e-02  4.542215e-03  2.000000e+00
 5.334229e-02  3.538014e-02 -2.889540e-03  2.000000e+00
 5.916314e-02  3.628958e-02  1.484023e-03  2.000000e+00
 6.494817e-02  3.702712e-02  6.254579e-03  2.000000e+00
 7.030989e-02  3.788308e-02  7.525354e-03  2.000000e+00
-1.039413e-01  2.020401e-02 -3.379170e-03  2.000000e+00
-8.772367e-02  2.149878e-02  1.987492e-03  2.000000e+00
-6.173048e-02  2.435383e-02  5.641258e-03  2.000000e+00
-5.138086e-02  2.596071e-02  4.749137e-03  2.000000e+00
-4.155073e-02  2.723292e-02  7.374910e-03  2.000000e+00
 2.887121e-02  3.569197e-02 -2.426140e-03  2.000000e+00
 5.830385e-02  3.981586e-02  7.355506e-04  2.000000e+00
 6.379653e-02  4.027424e-02  4.687715e-03  2.000000e+00
 6.921484e-02  4.097539e-02  6.879756e-03  2.000000e+00
-5.239772e-02  2.995737e-02  6.428465e-03  2.000000e+00
-4.741245e-02  3.076945e-02  8.133670e-03  2.000000e+00
-4.248688e-02  3.152468e-02  4.635557e-03  2.000000e+00
-2.083009e-02  3.312951e-02 -3.064055e-03  2.000000e+00
 3.825748e-02  4.137797e-02  4.128080e-03  2.000000e+00
 4.805845e-02  4.246399e-02 -4.579413e-03  2.000000e+00
 5.297772e-02  4.297244e-02 -3.339027e-03  2.000000e+00
 6.862532e-02  4.434936e-02  5.951221e-03  2.000000e+00
 7.384847e-02  4.507275e-02  7.230052e-03  2.000000e+00
 7.909224e-02  4.631189e-02  8.474438e-03  2.000000e+00
-1.040041e-01  2.718652e-02  9.787215e-04  2.000000e+00
-7.804930e-02  3.004215e-02  7.604280e-03  2.000000e+00
-7.294733e-02  3.087281e-02  7.491857e-03  2.000000e+00
-6.808738e-02  3.157991e-02  6.258732e-03  2.000000e+00
-6.281354e-02  3.265173e-02  6.052172e-03  2.000000e+00
-5.796988e-02  3.301697e-02  6.370943e-03  2.000000e+00
-4.289494e-02  3.585437e-02 -1.407205e-03  2.000000e+00
 1.051205e-02  4.264629e-02 -1.072121e-02  2.000000e+00
 2.306552e-02  4.528244e-02  5.951685e-03  2.000000e+00
 3.751498e-02  4.495060e-02  1.704791e-03  2.000000e+00
 6.334972e-02  4.789708e-02  1.202495e-03  2.000000e+00
 7.340792e-02  4.872111e-02  5.882074e-03  2.000000e+00
 7.860638e-02  4.956132e-02  7.114975e-03  2.000000e+00
-9.963541e-02  3.226172e-02  3.440758e-03  2.000000e+00
-9.431941e-02  3.305382e-02  4.822367e-03  2.000000e+00
-7.348486e-02  3.471054e-02  7.226012e-03  2.000000e+00
-6.837086e-02  3.543890e-02  5.992749e-03  2.000000e+00
-6.348976e-02  3.640993e-02  7.844760e-03  2.000000e+00
-5.858247e-02  3.701535e-02  6.124088e-03  2.000000e+00
-4.797326e-02  3.858456e-02  2.119808e-03  2.000000e+00
-4.300848e-02  4.003475e-02 -5.072828e-03  2.000000e+00
-1.103159e-03  4.498324e-02 -1.052790e-02  2.000000e+00
 2.711933e-02  4.876933e-02  4.415724e-03  2.000000e+00
 4.737974e-02  5.062651e-02  2.670649e-04  2.000000e+00
 6.839095e-02  5.204706e-02  8.403552e-04  2.000000e+00
 8.839397e-02  5.506135e-02  8.606714e-03  2.000000e+00
-9.993095e-02  3.563601e-02  5.487411e-03  2.000000e+00
-8.928997e-02  3.667809e-02  1.215045e-02  2.000000e+00
-7.427415e-02  3.839737e-02  7.343261e-03  2.000000e+00
-6.943626e-02  3.935734e-02  7.193595e-03  2.000000e+00
-2.285790e-02  4.655430e-02 -4.713174e-03  2.000000e+00
-1.308271e-02  4.950748e-02 -1.511314e-02  2.000000e+00
 1.017841e-02  5.033552e-02 -4.083684e-03  2.000000e+00
 4.168657e-02  5.349355e-02 -3.125080e-03  2.000000e+00
 5.249616e-02  5.466301e-02 -4.305995e-04  2.000000e+00
 7.306098e-02  5.664106e-02  5.235622e-04  2.000000e+00
-1.002677e-01  3.910013e-02  9.656904e-03  2.000000e+00
-7.542935e-02  4.213437e-02  8.697596e-03  2.000000e+00
-2.316554e-02  5.078909e-02 -7.907522e-03  2.000000e+00
-1.297685e-02  5.245183e-02 -1.318719e-02  2.000000e+00
 5.186293e-02  5.854870e-02 -1.191953e-03  2.000000e+00
 5.691460e-02  5.926671e-02 -1.926760e-03  2.000000e+00
 6.776442e-02  6.105249e-02  1.697479e-03  2.000000e+00
 8.748425e-02  6.239690e-02  5.676781e-03  2.000000e+00
-5.467679e-02  4.960058e-02 -4.257856e-04  2.000000e+00
-5.020239e-02  5.115599e-02 -3.446848e-03  2.000000e+00
-4.027873e-02  5.398044e-02 -7.867394e-03  2.000000e+00
-1.864317e-02  5.543469e-02 -1.569442e-02  2.000000e+00
-7.343936e-03  5.604524e-02 -6.792714e-03  2.000000e+00
 3.884731e-03  5.670207e-02 -5.417256e-03  2.000000e+00
 2.433579e-02  5.946461e-02  2.344228e-03  2.000000e+00
 2.983121e-02  5.995298e-02  4.397282e-03  2.000000e+00
 4.083390e-02  6.198446e-02  2.432809e-03  2.000000e+00
 4.566496e-02  6.205429e-02 -2.295202e-03  2.000000e+00
 5.623897e-02  6.311164e-02 -2.617307e-04  2.000000e+00
 6.682693e-02  6.506716e-02  3.488075e-03  2.000000e+00
-1.016332e-01  4.713305e-02  1.378158e-02  2.000000e+00
-8.666389e-02  4.853320e-02  9.467798e-03  2.000000e+00
-6.593372e-02  5.341142e-02 -2.291382e-03  2.000000e+00
-6.025918e-02  5.318134e-02  1.444252e-04  2.000000e+00
-5.098889e-02  5.552417e-02 -5.972276e-03  2.000000e+00
-4.631325e-02  5.664247e-02 -1.014384e-02  2.000000e+00
-4.040358e-02  5.720351e-02 -5.946796e-03  2.000000e+00
-2.323384e-02  5.863581e-02 -1.081797e-02  2.000000e+00
-7.502500e-03  5.934758e-02 -6.245346e-03  2.000000e+00
 8.889189e-03  6.107983e-02 -7.988781e-04  2.000000e+00
 8.671265e-02  7.041683e-02  2.631163e-03  2.000000e+00
-1.068346e-01  5.086344e-02  1.344180e-02  2.000000e+00
-8.138277e-02  5.432796e-02  7.403484e-03  2.000000e+00
-7.667930e-02  5.539643e-02  5.014724e-04  2.000000e+00
-1.843795e-02  6.276671e-02 -1.341062e-02  2.000000e+00
 1.865150e-02  6.653167e-02  1.026996e-04  2.000000e+00
 2.899544e-02  6.762202e-02  1.326418e-03  2.000000e+00
 6.634668e-02  7.173118e-02 -1.854809e-03  2.000000e+00
 8.663434e-02  7.407794e-02  1.225691e-03  2.000000e+00
-1.074042e-01  5.521319e-02  1.230273e-02  2.000000e+00
-8.719457e-02  5.726224e-02  5.651177e-03  2.000000e+00
-7.733722e-02  5.969804e-02 -3.690231e-03  2.000000e+00
-6.186515e-02  6.087246e-02  3.224397e-04  2.000000e+00
-5.708199e-02  6.219136e-02 -6.887949e-03  2.000000e+00
-1.814066e-02  6.637901e-02 -1.272485e-02  2.000000e+00
-1.320215e-02  6.616145e-02 -9.294543e-03  2.000000e+00
 7.590540e-03  6.870158e-02 -1.274716e-03  2.000000e+00
 1.817863e-02  7.035286e-02  5.394302e-04  2.000000e+00
 5.541970e-02  7.431565e-02 -1.734383e-03  2.000000e+00
 6.605357e-02  7.563908e-02 -2.365217e-03  2.000000e+00
 8.165782e-02  7.771026e-02  2.455405e-03  2.000000e+00
-9.293568e-02  5.993637e-02  6.569909e-03  2.000000e+00
-6.693438e-02  6.426553e-02  3.942746e-04  2.000000e+00
-6.239548e-02  6.511146e-02 -3.296400e-03  2.000000e+00
-3.585218e-02  6.857844e-02 -6.784458e-03  2.000000e+00
 1.742340e-02  7.423995e-02  6.152046e-04  2.000000e+00
 3.298310e-02  7.623583e-02 -2.654104e-03  2.000000e+00
 3.850577e-02  7.669789e-02 -1.617582e-04  2.000000e+00
 5.003691e-02  7.871970e-02 -7.691975e-04  2.000000e+00
-8.312079e-02  6.641351e-02 -2.079355e-03  2.000000e+00
-5.895266e-02  7.072791e-02 -8.437553e-03  2.000000e+00
-4.759547e-02  7.208075e-02 -1.164292e-02  2.000000e+00
-4.178003e-02  7.233182e-02 -7.996853e-03  2.000000e+00
-3.607965e-02  7.240512e-02 -8.030408e-03  2.000000e+00
-1.431907e-02  7.431469e-02 -7.831132e-03  2.000000e+00
-2.958701e-03  7.522235e-02 -7.769203e-04  2.000000e+00
 1.197529e-02  7.717610e-02  6.890939e-05  2.000000e+00
 2.751681e-02  7.936213e-02  1.568554e-03  2.000000e+00
 4.283849e-02  8.154252e-02  5.820046e-04  2.000000e+00
 6.447354e-02  8.377787e-02 -1.454151e-04  2.000000e+00
-1.088839e-01  6.637016e-02  1.164109e-02  2.000000e+00
-6.857084e-02  7.234180e-02 -1.285843e-03  2.000000e+00
-5.333289e-02  7.538438e-02 -1.329893e-02  2.000000e+00
-2.519959e-02  7.744419e-02 -5.885147e-03  2.000000e+00
-3.342850e-03  7.910448e-02  8.993280e-04  2.000000e+00
 3.206603e-02  8.421958e-02 -7.773792e-04  2.000000e+00
 3.732211e-02  8.440153e-02 -1.990294e-04  2.000000e+00
 4.793354e-02  8.593528e-02  2.100012e-03  2.000000e+00
 7.957962e-02  8.931386e-02  1.479218e-03  2.000000e+00
-9.428909e-02  7.238556e-02 -1.628448e-03  2.000000e+00
-8.426933e-02  7.445550e-02 -8.701163e-04  2.000000e+00
-7.405209e-02  7.568192e-02  1.309049e-03  2.000000e+00
-5.349950e-02  7.899593e-02 -1.262766e-02  2.000000e+00
-4.751897e-02  7.923998e-02 -9.587305e-03  2.000000e+00
-3.660687e-02  7.987872e-02 -7.776985e-03  2.000000e+00
-2.580332e-02  8.111376e-02 -3.952919e-03  2.000000e+00
-3.833389e-03  8.291805e-02  1.233697e-03  2.000000e+00
 5.914651e-03  8.445271e-02  5.345676e-04  2.000000e+00
 2.659668e-02  8.654494e-02  3.695021e-04  2.000000e+00
 3.169090e-02  8.771073e-02 -1.326629e-03  2.000000e+00
 5.256134e-02  9.035154e-02  2.259633e-03  2.000000e+00
 5.799598e-02  9.129386e-02  2.696180e-03  2.000000e+00
 7.328281e-02  9.313865e-02  5.010205e-04  2.000000e+00
