-1.391035e-02 -2.144892e-02 -2.670563e-02  1.000000e+00
-2.244316e-02 -1.916159e-02 -2.384415e-02  1.000000e+00
-1.235375e-02 -2.017291e-02 -2.316960e-02  1.000000e+00
-3.293191e-02 -1.531542e-02 -2.443356e-02  1.000000e+00
-5.939791e-03 -1.991913e-02 -2.306760e-02  1.000000e+00
 3.751901e-03 -2.390925e-02 -2.495101e-02  1.000000e+00
-2.197699e-02 -1.348365e-02 -2.266025e-02  1.000000e+00
-1.023254e-02 -1.582604e-02 -2.255137e-02  1.000000e+00
-4.402647e-03 -1.326387e-02 -2.425915e-02  1.000000e+00
 8.389482e-03 -1.505932e-02 -3.287543e-02  1.000000e+00
-3.705937e-02 -2.898113e-04 -3.491241e-02  1.000000e+00
-2.927334e-02 -3.246164e-03 -2.770770e-02  1.000000e+00
-9.323735e-03 -9.287966e-03 -2.511114e-02  1.000000e+00
-1.811887e-02 -3.700036e-03 -2.677071e-02  1.000000e+00
 8.868667e-04 -4.831613e-03 -3.157963e-02  1.000000e+00
-3.664012e-02  6.811652e-03 -3.151747e-02  1.000000e+00
-3.299131e-02  5.499979e-03 -2.822396e-02  1.000000e+00
-2.259118e-02  1.621152e-03 -2.670720e-02  1.000000e+00
-6.581310e-03 -1.500809e-03 -2.848288e-02  1.000000e+00
 1.046309e-02 -2.601990e-03 -3.327209e-02  1.000000e+00
-1.769833e-03  3.270293e-03 -2.985014e-02  1.000000e+00
-3.643089e-02  1.454202e-02 -2.457849e-02  1.000000e+00
-2.110167e-02  9.540444e-03 -2.574397e-02  1.000000e+00
-1.135347e-02  6.486882e-03 -2.614991e-02  1.000000e+00
 1.504778e-02  2.979089e-03 -2.723592e-02  1.000000e+00
-1.433187e-02  1.137462e-02 -2.350568e-02  1.000000e+00
-4.853339e-03  8.866415e-03 -2.620385e-02  1.000000e+00
 6.003491e-03  7.740943e-03 -2.523896e-02  1.000000e+00
 1.793340e-02  5.075905e-03 -2.316535e-02  1.000000e+00
-2.284601e-02  1.695657e-02 -2.478871e-02  1.000000e+00
-1.360028e-02  1.476554e-02 -2.183444e-02  1.000000e+00
-9.281797e-03  1.291676e-02 -2.460619e-02  1.000000e+00
-1.292997e-02  1.862119e-02 -1.964354e-02  1.000000e+00
-4.427715e-03  1.533720e-02 -2.230414e-02  1.000000e+00
 6.376349e-03  1.172046e-02 -2.551091e-02  1.000000e+00
-1.040926e-01 -8.172941e-02  2.993651e-03  2.000000e+00
-9.346687e-02 -8.134282e-02  2.145296e-03  2.000000e+00
-8.874765e-02 -8.221693e-02  2.673309e-03  2.000000e+00
-7.813173e-02 -8.155087e-02  8.003679e-04  2.000000e+00
-7.401303e-02 -8.298214e-02  9.653057e-04  2.000000e+00
-6.910082e-02 -8.466684e-02  2.802536e-04  2.000000e+00
-5.582669e-02 -8.430665e-02 -7.894591e-03  2.000000e+00
-2.748362e-02 -8.536014e-02 -1.068194e-02  2.000000e+00
 7.109881e-04 -8.592589e-02  1.178279e-03  2.000000e+00
 1.963545e-02 -8.710919e-02 -1.384894e-03  2.000000e+00
 2.837716e-02 -8.407651e-02 -2.569742e-03  2.000000e+00
 3.152478e-02 -8.475201e-02 -3.423986e-03  2.000000e+00
 3.820045e-02 -8.640254e-02 -1.389237e-05  2.000000e+00
 5.172666e-02 -8.671396e-02  2.573895e-03  2.000000e+00
 7.201237e-02 -8.791975e-02  1.355720e-02  2.000000e+00
 8.840649e-02 -9.258443e-02  1.823853e-02  2.000000e+00
-9.950282e-02 -7.741872e-02  1.886337e-03  2.000000e+00
-9.385878e-02 -7.692768e-02  7.710290e-05  2.000000e+00
-7.857050e-02 -7.694206e-02  7.526635e-04  2.000000e+00
-5.625137e-02 -8.126474e-02 -5.562912e-03  2.000000e+00
-4.434478e-02 -8.130204e-02 -1.140195e-02  2.000000e+00
-1.531144e-02 -8.479583e-02 -1.009254e-02  2.000000e+00
 2.477834e-02 -8.002573e-02 -5.869271e-03  2.000000e+00
 4.715517e-02 -8.152617e-02  3.803993e-03  2.000000e+00
 5.888665e-02 -8.371985e-02  8.961937e-03  2.000000e+00
 6.761588e-02 -8.338240e-02  1.359679e-02  2.000000e+00
 8.847183e-02 -8.859140e-02  2.004482e-02  2.000000e+00
-1.009328e-01 -7.469219e-02  2.593834e-03  2.000000e+00
-8.882094e-02 -7.280760e-02 -2.010005e-04  2.000000e+00
-5.627238e-02 -7.971722e-02 -3.262636e-03  2.000000e+00
-5.007348e-02 -7.801182e-02 -7.153733e-03  2.000000e+00
-4.086406e-02 -7.664482e-02 -8.201284e-03  2.000000e+00
-2.963474e-02 -7.987720e-02 -9.078578e-03  2.000000e+00
-2.274651e-02 -8.073966e-02 -1.063664e-02  2.000000e+00
 1.853556e-02 -8.299958e-02 -3.352497e-03  2.000000e+00
 2.208756e-02 -7.974237e-02 -5.853097e-03  2.000000e+00
 4.209514e-02 -7.725720e-02  1.986111e-03  2.000000e+00
 6.281443e-02 -7.929923e-02  1.306991e-02  2.000000e+00
 6.846012e-02 -8.008141e-02  1.528794e-02  2.000000e+00
 7.557019e-02 -8.763135e-02  1.503093e-02  2.000000e+00
 8.270572e-02 -8.873324e-02  1.677234e-02  2.000000e+00
 8.923828e-02 -8.521387e-02  2.202364e-02  2.000000e+00
 9.514503e-02 -8.492207e-02  2.498410e-02  2.000000e+00
-1.074022e-01 -7.267998e-02  7.160822e-03  2.000000e+00
-7.257675e-02 -6.998427e-02  1.876481e-03  2.000000e+00
-6.103092e-02 -7.126646e-02 -1.557835e-03  2.000000e+00
-3.549667e-02 -7.404318e-02 -1.020739e-02  2.000000e+00
-1.742297e-02 -7.667789e-02 -1.537956e-02  2.000000e+00
 2.046406e-02 -7.826544e-02 -6.874223e-03  2.000000e+00
 2.419703e-02 -7.177782e-02 -7.835853e-03  2.000000e+00
 2.841931e-02 -7.088178e-02 -4.036239e-03  2.000000e+00
 3.664171e-02 -7.339554e-02  1.360189e-03  2.000000e+00
 5.822480e-02 -7.530336e-02  1.218827e-02  2.000000e+00
 6.362758e-02 -7.550965e-02  1.520776e-02  2.000000e+00
 9.125592e-02 -8.128197e-02  2.423038e-02  2.000000e+00
-1.165440e-01 -6.918414e-02  8.273523e-03  2.000000e+00
-1.129960e-01 -7.081114e-02  1.035624e-02  2.000000e+00
-1.074401e-01 -7.028218e-02  8.024626e-03  2.000000e+00
-7.773427e-02 -6.621721e-02  1.055077e-03  2.000000e+00
-6.701547e-02 -6.705106e-02 -1.032646e-03  2.000000e+00
-6.035368e-02 -6.644718e-02 -6.154030e-03  2.000000e+00
-4.029353e-02 -6.862814e-02 -9.299864e-03  2.000000e+00
-2.330145e-02 -7.298394e-02 -1.496113e-02  2.000000e+00
-1.709617e-02 -7.298636e-02 -1.643900e-02  2.000000e+00
 4.815514e-02 -7.111241e-02  8.499410e-03  2.000000e+00
 7.008821e-02 -7.257579e-02  1.753405e-02  2.000000e+00
-1.013571e-01 -6.728471e-02  8.679827e-03  2.000000e+00
-4.695235e-02 -6.466942e-02 -6.231426e-03  2.000000e+00
-2.778418e-02 -7.083053e-02 -1.316160e-02  2.000000e+00
-2.252040e-02 -6.899389e-02 -1.422235e-02  2.000000e+00
-1.214626e-02 -6.883558e-02 -1.585817e-02  2.000000e+00
 2.349472e-02 -6.304989e-02 -4.655484e-03  2.000000e+00
 3.311990e-02 -6.392279e-02  2.323291e-03  2.000000e+00
 3.735770e-02 -6.642222e-02  4.251791e-03  2.000000e+00
 4.250885e-02 -6.785628e-02  6.372455e-03  2.000000e+00
 6.020414e-02 -6.808340e-02  1.441271e-02  2.000000e+00
 6.566170e-02 -6.792595e-02  1.664036e-02  2.000000e+00
 7.667761e-02 -6.908092e-02  1.977602e-02  2.000000e+00
 9.902963e-02 -7.261941e-02  2.639003e-02  2.000000e+00
-1.105322e-01 -6.109811e-02  5.513622e-03  2.000000e+00
-9.555291e-02 -6.446666e-02  9.437139e-03  2.000000e+00
-7.259173e-02 -5.700809e-02 -4.420893e-03  2.000000e+00
-5.060537e-02 -5.807604e-02 -4.693081e-03  2.000000e+00
-4.051719e-02 -6.123750e-02 -8.309228e-03  2.000000e+00
-1.188143e-02 -6.546063e-02 -1.196908e-02  2.000000e+00
-5.945057e-03 -6.582206e-02 -1.365678e-02  2.000000e+00
 2.745179e-02 -6.017237e-02 -3.548916e-04  2.000000e+00
 3.316593e-02 -6.103979e-02  3.423736e-03  2.000000e+00
 5.046898e-02 -6.404642e-02  1.084430e-02  2.000000e+00
 8.733623e-02 -6.895740e-02  2.263491e-02  2.000000e+00
 9.963012e-02 -7.067058e-02  2.801264e-02  2.000000e+00
-9.814310e-02 -6.009930e-02  9.620325e-03  2.000000e+00
-4.096507e-03 -6.387415e-02 -1.207058e-02  2.000000e+00
 2.067607e-02 -5.777098e-02 -3.798406e-03  2.000000e+00
 2.726488e-02 -5.783450e-02  4.491315e-04  2.000000e+00
 3.337834e-02 -5.858762e-02  3.652638e-03  2.000000e+00
 5.811481e-02 -6.191872e-02  1.498715e-02  2.000000e+00
 6.288955e-02 -6.061297e-02  1.809705e-02  2.000000e+00
 6.811726e-02 -6.027356e-02  1.949914e-02  2.000000e+00
 7.376809e-02 -6.128737e-02  2.016998e-02  2.000000e+00
-9.901005e-02 -5.402860e-02  3.345766e-03  2.000000e+00
-6.870886e-02 -5.065941e-02 -1.406536e-03  2.000000e+00
-5.818104e-02 -4.918789e-02 -1.649259e-03  2.000000e+00
-2.554886e-02 -5.824084e-02 -1.095316e-02  2.000000e+00
-4.440802e-03 -6.023571e-02 -8.976554e-03  2.000000e+00
 1.550327e-03 -6.008722e-02 -8.833969e-03  2.000000e+00
 1.206611e-02 -5.670348e-02 -8.667898e-03  2.000000e+00
 3.868523e-02 -5.451319e-02  6.205788e-04  2.000000e+00
 7.400695e-02 -5.668437e-02  1.968459e-02  2.000000e+00
 7.975029e-02 -5.820655e-02  2.114692e-02  2.000000e+00
 9.962522e-02 -5.876530e-02  2.224324e-02  2.000000e+00
-6.367273e-02 -4.809149e-02  7.703537e-04  2.000000e+00
-5.836936e-02 -4.634400e-02  6.381313e-04  2.000000e+00
-4.700632e-02 -4.557281e-02 -1.872363e-03  2.000000e+00
-3.406329e-02 -4.942588e-02 -3.095826e-03  2.000000e+00
-2.386571e-02 -5.572024e-02 -7.279461e-03  2.000000e+00
-3.194519e-03 -5.775888e-02 -9.880552e-03  2.000000e+00
 3.500243e-02 -5.056526e-02 -3.809565e-03  2.000000e+00
 4.516182e-02 -5.114521e-02  4.133017e-03  2.000000e+00
 6.633307e-02 -5.112440e-02  1.798128e-02  2.000000e+00
 8.063284e-02 -5.434654e-02  2.026834e-02  2.000000e+00
 1.011057e-01 -5.138707e-02  1.446249e-02  2.000000e+00
-1.080311e-01 -4.717083e-02  1.279659e-02  2.000000e+00
-9.138715e-02 -4.693458e-02  6.172929e-03  2.000000e+00
-4.757872e-02 -4.260742e-02 -4.792992e-04  2.000000e+00
 4.106493e-02 -4.759977e-02  1.259994e-03  2.000000e+00
 4.577674e-02 -4.716512e-02  4.804856e-03  2.000000e+00
 6.719234e-02 -4.492353e-02  1.314705e-02  2.000000e+00
 9.671744e-02 -4.629497e-02  1.141226e-02  2.000000e+00
-1.091448e-01 -4.401827e-02  1.764813e-02  2.000000e+00
-7.165147e-02 -4.340417e-02  4.498004e-03  2.000000e+00
-6.588344e-02 -4.275102e-02  3.885752e-03  2.000000e+00
-6.062946e-02 -4.119278e-02  3.677542e-03  2.000000e+00
-4.893715e-02 -4.009459e-02  1.031210e-03  2.000000e+00
-3.725510e-02 -3.791994e-02 -6.464440e-04  2.000000e+00
 6.514542e-03 -4.542407e-02 -1.527581e-02  2.000000e+00
 1.956451e-02 -4.774964e-02 -1.229701e-02  2.000000e+00
 8.123762e-02 -4.180979e-02  9.415919e-03  2.000000e+00
 9.645055e-02 -4.291407e-02  1.290339e-02  2.000000e+00
-1.108820e-01 -4.038235e-02  2.191406e-02  2.000000e+00
-7.940200e-02 -4.119290e-02  8.093064e-03  2.000000e+00
 6.512780e-02 -3.546282e-02  8.524992e-03  2.000000e+00
 9.724937e-02 -3.521849e-02  6.278497e-03  2.000000e+00
 1.015593e-01 -3.762194e-02  1.064349e-02  2.000000e+00
-9.914620e-02 -3.756564e-02  2.043762e-02  2.000000e+00
-8.191233e-02 -3.847908e-02  1.217355e-02  2.000000e+00
-6.525472e-02 -3.743664e-02  6.908643e-03  2.000000e+00
 5.188536e-02 -3.981962e-02  7.344832e-03  2.000000e+00
 5.350601e-02 -3.645760e-02  8.978879e-03  2.000000e+00
-8.785599e-02 -3.393207e-02  2.010602e-02  2.000000e+00
-7.818888e-02 -3.409478e-02  1.491261e-02  2.000000e+00
 8.570612e-02 -2.441681e-02 -2.616975e-03  2.000000e+00
-1.165706e-01 -2.878166e-02  3.599052e-02  2.000000e+00
-8.850225e-02 -3.037939e-02  2.446038e-02  2.000000e+00
-7.429724e-02 -3.374699e-02  1.018120e-02  2.000000e+00
 7.469247e-02 -2.070530e-02 -3.875370e-03  2.000000e+00
 8.028875e-02 -2.075367e-02 -2.099893e-03  2.000000e+00
 8.552436e-02 -2.162379e-02 -2.055503e-03  2.000000e+00
 9.098709e-02 -2.243155e-02 -1.129443e-03  2.000000e+00
 1.009340e-01 -2.083885e-02 -6.071142e-04  2.000000e+00
-1.108095e-01 -2.696605e-02  3.566446e-02  2.000000e+00
-1.054269e-01 -2.936037e-02  3.077570e-02  2.000000e+00
-9.941655e-02 -2.930765e-02  2.867647e-02  2.000000e+00
 5.551716e-02 -1.735450e-02 -5.598483e-03  2.000000e+00
 5.922397e-02 -1.808780e-02 -4.331058e-03  2.000000e+00
 6.890469e-02 -1.732458e-02 -5.733904e-03  2.000000e+00
 9.075385e-02 -1.828819e-02 -4.443883e-03  2.000000e+00
-1.108332e-01 -2.263581e-02  3.822292e-02  2.000000e+00
-8.866578e-02 -2.073126e-02  3.169098e-02  2.000000e+00
 5.608823e-02 -1.178355e-02 -9.878583e-03  2.000000e+00
 6.422619e-02 -1.481415e-02 -7.687930e-03  2.000000e+00
 6.817881e-02 -1.365257e-02 -8.972456e-03  2.000000e+00
 8.567817e-02 -1.418813e-02 -6.293012e-03  2.000000e+00
 9.659790e-02 -1.362920e-02 -3.394934e-03  2.000000e+00
-1.129772e-01 -1.427546e-02  3.491957e-02  2.000000e+00
 6.390153e-02 -9.386797e-03 -1.265804e-02  2.000000e+00
 6.875069e-02 -1.041447e-02 -1.179745e-02  2.000000e+00
 7.931381e-02 -1.188383e-02 -6.732436e-03  2.000000e+00
-1.101565e-01 -7.565281e-03  2.892746e-02  2.000000e+00
-1.105159e-01 -2.106360e-02  3.747930e-02  2.000000e+00
-8.472488e-02 -8.951588e-03  2.501684e-02  2.000000e+00
 5.246490e-02 -2.547446e-04 -1.150194e-02  2.000000e+00
 5.625227e-02 -1.559127e-03 -1.395792e-02  2.000000e+00
 6.514281e-02 -5.835981e-03 -1.727896e-02  2.000000e+00
 6.991587e-02 -6.974132e-03 -1.490572e-02  2.000000e+00
 9.025756e-02 -8.155513e-03 -2.806703e-03  2.000000e+00
 9.511637e-02 -7.670258e-03 -1.517414e-03  2.000000e+00
-1.085600e-01 -3.202037e-04  1.995008e-02  2.000000e+00
 5.086945e-02  3.314720e-03 -8.318543e-03  2.000000e+00
 6.704491e-02 -3.075209e-03 -1.945974e-02  2.000000e+00
 9.315393e-02 -3.086924e-03  1.037689e-03  2.000000e+00
 1.004705e-01 -4.034752e-03 -2.945929e-04  2.000000e+00
-1.090255e-01  6.091512e-03  1.083834e-02  2.000000e+00
 3.989809e-02  5.695581e-03 -9.121316e-03  2.000000e+00
 4.987352e-02  6.921873e-03 -6.045357e-03  2.000000e+00
 7.835420e-02 -3.206490e-04 -1.173749e-02  2.000000e+00
-1.047751e-01  1.360835e-02  2.889095e-04  2.000000e+00
-7.952933e-02  1.130594e-02 -1.191300e-03  2.000000e+00
 8.773522e-02  6.186302e-03 -8.887704e-03  2.000000e+00
 5.027256e-02  1.441279e-02 -4.220382e-03  2.000000e+00
-1.074467e-01  2.253527e-02 -4.660598e-03  2.000000e+00
-9.692713e-02  2.150116e-02 -3.795032e-03  2.000000e+00
-9.152002e-02  2.045500e-02 -5.243992e-03  2.000000e+00
-7.704228e-02  2.135025e-02 -9.860163e-03  2.000000e+00
 4.790414e-02  1.874256e-02 -3.968209e-03  2.000000e+00
 5.153147e-02  1.766029e-02 -5.376432e-03  2.000000e+00
 8.455116e-02  1.639240e-02 -5.862520e-03  2.000000e+00
 9.380235e-02  1.548312e-02 -8.558724e-03  2.000000e+00
 1.033593e-01  1.392355e-02 -6.831933e-03  2.000000e+00
-1.017456e-01  2.529253e-02 -1.420309e-03  2.000000e+00
-7.027496e-02  2.497443e-02 -7.945583e-03  2.000000e+00
-6.500116e-02  2.363351e-02 -9.019250e-03  2.000000e+00
-5.286106e-02  2.266832e-02 -1.307447e-02  2.000000e+00
 8.810619e-02  2.246314e-02 -7.268012e-03  2.000000e+00
 9.571602e-02  1.949288e-02 -8.245814e-03  2.000000e+00
 9.953304e-02  1.858252e-02 -8.977970e-03  2.000000e+00
-9.196345e-02  3.051216e-02 -6.550776e-03  2.000000e+00
-6.425056e-02  2.694159e-02 -6.503477e-03  2.000000e+00
 5.614005e-02  2.833466e-02 -6.985674e-03  2.000000e+00
 1.020066e-01  2.137837e-02 -8.406768e-03  2.000000e+00
-7.484145e-02  3.115454e-02 -5.625838e-03  2.000000e+00
-6.400979e-02  3.103987e-02 -4.414723e-03  2.000000e+00
-5.432356e-02  3.510248e-02 -9.237569e-03  2.000000e+00
 6.785680e-02  3.181943e-02 -4.340981e-03  2.000000e+00
 7.425233e-02  3.083620e-02 -1.011527e-03  2.000000e+00
 7.911283e-02  3.013496e-02 -3.389368e-03  2.000000e+00
 8.440340e-02  2.954038e-02 -5.076241e-03  2.000000e+00
-1.085930e-01  4.054009e-02  6.082741e-03  2.000000e+00
-9.396222e-02  4.262686e-02 -1.124916e-03  2.000000e+00
-6.576765e-02  3.522966e-02 -3.567801e-03  2.000000e+00
-5.633813e-02  3.764961e-02 -6.085817e-03  2.000000e+00
-5.363522e-02  4.413324e-02 -1.039149e-02  2.000000e+00
 4.884828e-02  4.184305e-02 -3.731358e-03  2.000000e+00
 7.344807e-02  3.549825e-02 -6.338404e-04  2.000000e+00
 7.899053e-02  3.404336e-02 -2.845643e-03  2.000000e+00
 8.434029e-02  3.349977e-02 -4.611266e-03  2.000000e+00
-5.691750e-02  4.238226e-02 -7.314744e-03  2.000000e+00
-5.462954e-02  4.632314e-02 -7.353378e-03  2.000000e+00
-5.287909e-02  4.905722e-02 -1.029208e-02  2.000000e+00
-7.234632e-03  3.643010e-02 -1.999885e-02  2.000000e+00
 5.774082e-02  4.540171e-02 -5.556115e-03  2.000000e+00
 6.440610e-02  3.996767e-02 -5.482882e-03  2.000000e+00
 7.034745e-02  4.102322e-02 -1.441927e-03  2.000000e+00
 8.509793e-02  3.591377e-02 -4.911388e-03  2.000000e+00
 9.019547e-02  3.556679e-02 -7.705906e-03  2.000000e+00
 9.473429e-02  3.704709e-02 -7.394967e-03  2.000000e+00
-1.088079e-01  5.075520e-02  1.786372e-03  2.000000e+00
-8.009193e-02  4.589846e-02 -1.808754e-03  2.000000e+00
-7.611342e-02  4.550857e-02 -1.966538e-03  2.000000e+00
-6.976573e-02  4.503180e-02 -3.738995e-03  2.000000e+00
-6.672085e-02  4.575721e-02 -3.739363e-03  2.000000e+00
-6.293843e-02  4.433065e-02 -5.085911e-03  2.000000e+00
-5.278443e-02  5.453619e-02 -9.444632e-03  2.000000e+00
 3.102197e-02  5.376378e-02  6.043349e-03  2.000000e+00
 4.447347e-02  5.212061e-02  2.512325e-03  2.000000e+00
 5.869315e-02  4.977484e-02 -3.342472e-03  2.000000e+00
 8.184499e-02  3.826354e-02 -4.946776e-03  2.000000e+00
 9.089116e-02  3.831623e-02 -7.168825e-03  2.000000e+00
 9.556024e-02  3.903629e-02 -6.338191e-03  2.000000e+00
-1.023251e-01  5.564653e-02 -9.361137e-05  2.000000e+00
-9.747201e-02  5.431169e-02 -1.802303e-03  2.000000e+00
-7.468972e-02  4.942182e-02 -1.089906e-03  2.000000e+00
-7.100427e-02  4.966772e-02 -2.666614e-03  2.000000e+00
-6.677304e-02  4.994563e-02 -4.166168e-03  2.000000e+00
-6.229331e-02  5.037005e-02 -5.635008e-03  2.000000e+00
-5.471639e-02  5.639229e-02 -9.471571e-03  2.000000e+00
-5.101855e-02  5.983095e-02 -9.397498e-03  2.000000e+00
 1.575153e-02  5.511095e-02 -2.990389e-03  2.000000e+00
 4.966197e-02  5.472056e-02  2.828429e-04  2.000000e+00
 6.759313e-02  4.869461e-02 -1.688458e-03  2.000000e+00
 8.788215e-02  4.150959e-02 -3.469035e-03  2.000000e+00
 1.043266e-01  4.508381e-02 -8.989797e-03  2.000000e+00
-1.005714e-01  5.677417e-02 -1.089948e-03  2.000000e+00
-8.984430e-02  5.445479e-02 -6.750224e-04  2.000000e+00
-7.530968e-02  5.446878e-02 -1.208763e-03  2.000000e+00
-7.076102e-02  5.573907e-02 -1.694463e-03  2.000000e+00
-7.178743e-03  5.221130e-02 -2.743775e-02  2.000000e+00
 1.380489e-03  5.338334e-02 -1.800716e-02  2.000000e+00
 2.896115e-02  5.702740e-02  6.139528e-03  2.000000e+00
 6.582111e-02  5.648928e-02  2.914681e-03  2.000000e+00
 7.230312e-02  5.289875e-02 -3.864235e-03  2.000000e+00
 9.109619e-02  4.827687e-02 -3.509314e-03  2.000000e+00
-9.991705e-02  5.880405e-02 -1.584618e-03  2.000000e+00
-7.625383e-02  5.740865e-02 -2.655511e-03  2.000000e+00
-8.336915e-03  5.654968e-02 -2.304656e-02  2.000000e+00
 4.540585e-04  5.683448e-02 -1.292462e-02  2.000000e+00
 7.194011e-02  5.707137e-02 -6.157295e-04  2.000000e+00
 7.579536e-02  5.848176e-02 -3.881293e-03  2.000000e+00
 8.819186e-02  5.477083e-02  2.612363e-04  2.000000e+00
 1.062167e-01  5.078708e-02 -9.811067e-03  2.000000e+00
-4.820974e-02  7.547149e-02  1.625313e-03  2.000000e+00
-4.357104e-02  7.201624e-02 -1.267146e-03  2.000000e+00
-3.619471e-02  6.960150e-02  3.301165e-03  2.000000e+00
-5.284511e-03  6.078441e-02 -1.070442e-02  2.000000e+00
 5.054474e-03  6.122285e-02 -7.172626e-03  2.000000e+00
 1.919249e-02  6.248878e-02  7.344379e-03  2.000000e+00
 5.000830e-02  6.623706e-02  1.082961e-02  2.000000e+00
 5.469606e-02  6.690145e-02  1.080091e-02  2.000000e+00
 6.555489e-02  6.582622e-02  1.070610e-02  2.000000e+00
 6.863034e-02  6.561812e-02  6.193863e-03  2.000000e+00
 7.620560e-02  6.199288e-02 -1.912205e-04  2.000000e+00
 8.844362e-02  5.957553e-02  3.010839e-03  2.000000e+00
-9.817280e-02  7.397767e-02  1.650612e-03  2.000000e+00
-8.235072e-02  7.059655e-02  5.389775e-04  2.000000e+00
-6.170824e-02  7.334697e-02  4.079466e-03  2.000000e+00
-5.501220e-02  7.687785e-02  9.526565e-03  2.000000e+00
-4.162803e-02  7.430028e-02  2.458359e-03  2.000000e+00
-3.496929e-02  7.362928e-02  4.717134e-03  2.000000e+00
-3.092316e-02  7.028555e-02  5.541627e-03  2.000000e+00
-1.209405e-02  6.344000e-02 -8.468121e-03  2.000000e+00
 5.743147e-03  6.389087e-02 -4.648811e-03  2.000000e+00
 2.397121e-02  6.648848e-02  9.383551e-03  2.000000e+00
 1.076786e-01  5.726637e-02 -7.723664e-03  2.000000e+00
-1.026152e-01  7.607953e-02  3.891604e-04  2.000000e+00
-7.657077e-02  7.381222e-02 -6.172871e-04  2.000000e+00
-7.181385e-02  7.416819e-02 -1.594779e-04  2.000000e+00
-6.636346e-03  6.742143e-02 -5.581990e-03  2.000000e+00
 3.701537e-02  7.005112e-02  1.544250e-02  2.000000e+00
 4.877287e-02  7.148680e-02  1.597178e-02  2.000000e+00
 8.959511e-02  6.675379e-02  6.208207e-03  2.000000e+00
 1.071950e-01  6.468496e-02 -4.326642e-03  2.000000e+00
-1.033090e-01  8.113657e-02  1.843048e-03  2.000000e+00
-8.108146e-02  7.835670e-02  1.422452e-03  2.000000e+00
-7.302231e-02  7.856355e-02  2.825326e-03  2.000000e+00
-5.530446e-02  8.047293e-02  1.250890e-02  2.000000e+00
-4.808475e-02  7.942783e-02  7.520270e-03  2.000000e+00
-6.758943e-03  7.076267e-02 -5.236668e-03  2.000000e+00
-1.048660e-03  7.047660e-02 -2.915502e-04  2.000000e+00
 2.615076e-02  7.359818e-02  9.568021e-03  2.000000e+00
 3.669259e-02  7.257419e-02  1.503781e-02  2.000000e+00
 7.866542e-02  7.524143e-02  6.456858e-03  2.000000e+00
 9.015443e-02  7.148996e-02  9.305394e-03  2.000000e+00
 1.035073e-01  7.357390e-02  3.184485e-03  2.000000e+00
-8.579933e-02  8.262040e-02  8.143244e-05  2.000000e+00
-5.981611e-02  8.417576e-02  1.107249e-02  2.000000e+00
-5.423614e-02  8.358206e-02  1.410567e-02  2.000000e+00
-3.061099e-02  8.469647e-02  5.427657e-03  2.000000e+00
 3.700333e-02  7.674789e-02  1.746894e-02  2.000000e+00
 5.378087e-02  7.936702e-02  1.448557e-02  2.000000e+00
 5.724794e-02  8.369296e-02  1.259734e-02  2.000000e+00
 7.191845e-02  8.350438e-02  1.537953e-02  2.000000e+00
-7.959547e-02  8.476739e-02  2.433877e-03  2.000000e+00
-5.092323e-02  8.802904e-02  1.404155e-02  2.000000e+00
-3.813503e-02  9.295122e-02  1.730684e-02  2.000000e+00
-3.160116e-02  9.075835e-02  1.082539e-02  2.000000e+00
-2.727552e-02  8.763860e-02  1.195896e-02  2.000000e+00
-6.996209e-04  7.863067e-02 -3.523295e-04  2.000000e+00
 1.031671e-02  8.007714e-02  9.025589e-03  2.000000e+00
 2.955505e-02  8.000043e-02  2.020912e-02  2.000000e+00
 4.792062e-02  8.122094e-02  1.896774e-02  2.000000e+00
 6.362819e-02  8.683798e-02  1.579647e-02  2.000000e+00
 9.240864e-02  7.937853e-02  1.202904e-02  2.000000e+00
-1.007365e-01  9.252515e-02  4.389593e-03  2.000000e+00
-5.956883e-02  9.108441e-02  1.369703e-02  2.000000e+00
-4.629982e-02  9.400904e-02  1.761496e-02  2.000000e+00
-1.271870e-02  8.318431e-02  3.254582e-03  2.000000e+00
 1.031812e-02  8.224782e-02  7.775535e-03  2.000000e+00
 5.219649e-02  8.593715e-02  1.693817e-02  2.000000e+00
 5.769012e-02  8.769665e-02  1.553611e-02  2.000000e+00
 7.048419e-02  8.832790e-02  1.812134e-02  2.000000e+00
 1.040270e-01  8.440186e-02  6.641419e-03  2.000000e+00
-8.630144e-02  9.391962e-02  4.713397e-03  2.000000e+00
-7.651568e-02  9.365485e-02  9.192354e-03  2.000000e+00
-6.553401e-02  9.428409e-02  1.452450e-02  2.000000e+00
-4.384617e-02  9.592867e-02  2.261337e-02  2.000000e+00
-3.651927e-02  9.556055e-02  2.392516e-02  2.000000e+00
-2.303415e-02  9.141027e-02  1.277181e-02  2.000000e+00
-1.274713e-02  8.613630e-02  3.937116e-03  2.000000e+00
 1.043981e-02  8.552040e-02  6.650105e-03  2.000000e+00
 2.226582e-02  8.563094e-02  1.935942e-02  2.000000e+00
 4.835529e-02  8.670662e-02  1.679261e-02  2.000000e+00
 5.307811e-02  8.879169e-02  1.592100e-02  2.000000e+00
 7.713180e-02  9.004792e-02  1.621791e-02  2.000000e+00
 8.386431e-02  8.950107e-02  1.684938e-02  2.000000e+00
 9.869736e-02  8.805459e-02  1.145367e-02  2.000000e+00
