-2.945333e-03 -2.954509e-02  5.722998e-04  1.000000e+00
-1.381028e-02 -2.607494e-02 -5.679983e-03  1.000000e+00
-4.295537e-03 -2.552693e-02 -2.407787e-03  1.000000e+00
-2.385989e-02 -2.329440e-02 -5.711526e-03  1.000000e+00
 3.603570e-04 -2.225811e-02 -2.372337e-03  1.000000e+00
 8.703460e-03 -1.993093e-02  4.130076e-05  1.000000e+00
-1.455849e-02 -1.820351e-02 -3.562209e-03  1.000000e+00
-3.903467e-03 -1.855360e-02 -6.900513e-03  1.000000e+00
-4.576968e-04 -1.300366e-02 -7.973688e-03  1.000000e+00
 1.215183e-02 -1.081397e-02 -9.441250e-03  1.000000e+00
-3.695263e-02 -1.345871e-02  1.259007e-03  1.000000e+00
-2.691763e-02 -1.221320e-02  2.975461e-03  1.000000e+00
-5.690914e-03 -1.046337e-02 -7.633002e-03  1.000000e+00
-1.777218e-02 -7.522708e-03 -3.053105e-03  1.000000e+00
 4.119868e-03 -4.804531e-03 -1.560247e-02  1.000000e+00
-3.761256e-02 -5.926795e-03  3.935089e-03  1.000000e+00
-3.338501e-02 -5.430580e-03  3.171366e-03  1.000000e+00
-2.339346e-02 -4.137130e-03 -2.718076e-05  1.000000e+00
-7.345468e-03 -3.400555e-03 -1.086644e-02  1.000000e+00
 1.458083e-02  6.366409e-04 -2.063144e-02  1.000000e+00
-2.538296e-03  5.704248e-04 -1.843381e-02  1.000000e+00
-3.906417e-02  2.341554e-03  6.633410e-03  1.000000e+00
-2.380631e-02  3.146680e-03 -2.508383e-04  1.000000e+00
-1.363974e-02  3.313469e-03 -9.354462e-03  1.000000e+00
 1.459398e-02  5.168906e-03 -2.081686e-02  1.000000e+00
-1.819920e-02  7.008313e-03 -7.005639e-03  1.000000e+00
-8.095678e-03  6.613079e-03 -1.849953e-02  1.000000e+00
 2.873111e-03  7.103675e-03 -2.428979e-02  1.000000e+00
 1.440359e-02  7.012662e-03 -2.037207e-02  1.000000e+00
-2.792923e-02  9.113597e-03  1.803516e-04  1.000000e+00
-1.791625e-02  1.054272e-02 -7.443433e-03  1.000000e+00
-1.348929e-02  1.060089e-02 -1.292033e-02  1.000000e+00
-1.819755e-02  1.468689e-02 -6.687832e-03  1.000000e+00
-8.944894e-03  1.356334e-02 -1.839886e-02  1.000000e+00
 2.050351e-03  1.136772e-02 -2.474950e-02  1.000000e+00
-8.789619e-02 -8.830092e-02 -1.313691e-02  2.000000e+00
-7.694929e-02 -8.781770e-02 -1.359412e-02  2.000000e+00
-7.289250e-02 -8.886350e-02 -1.094065e-02  2.000000e+00
-6.312314e-02 -8.874195e-02 -8.821752e-03  2.000000e+00
-5.779838e-02 -8.806565e-02 -1.081915e-02  2.000000e+00
-5.269299e-02 -8.816666e-02 -9.666859e-03  2.000000e+00
-4.130340e-02 -8.782718e-02 -8.152589e-03  2.000000e+00
-1.549540e-02 -8.530909e-02 -2.047731e-03  2.000000e+00
 9.120149e-03 -8.525854e-02 -1.814858e-03  2.000000e+00
 2.424447e-02 -7.956481e-02  2.200430e-03  2.000000e+00
 3.409278e-02 -7.854020e-02  5.005063e-03  2.000000e+00
 3.892216e-02 -7.716159e-02  7.413405e-03  2.000000e+00
 4.459187e-02 -7.614482e-02  8.664270e-03  2.000000e+00
 6.091011e-02 -7.562452e-02  1.235523e-02  2.000000e+00
 8.216027e-02 -7.553009e-02  2.113672e-02  2.000000e+00
 9.883969e-02 -7.415074e-02  1.188824e-02  2.000000e+00
-8.341655e-02 -8.430457e-02 -1.612370e-02  2.000000e+00
-7.746172e-02 -8.350781e-02 -1.662229e-02  2.000000e+00
-6.430260e-02 -8.401989e-02 -9.964508e-03  2.000000e+00
-4.136961e-02 -8.456574e-02 -7.811944e-03  2.000000e+00
-3.158941e-02 -8.324887e-02 -6.500227e-03  2.000000e+00
-5.156137e-03 -8.200556e-02  2.889329e-04  2.000000e+00
 2.883761e-02 -7.474816e-02  4.466228e-03  2.000000e+00
 5.568522e-02 -7.143446e-02  1.362653e-02  2.000000e+00
 6.841234e-02 -7.182216e-02  1.520316e-02  2.000000e+00
 7.727448e-02 -7.145949e-02  1.873486e-02  2.000000e+00
 9.869583e-02 -7.116503e-02  1.326362e-02  2.000000e+00
-8.522836e-02 -8.027644e-02 -1.372205e-02  2.000000e+00
-7.367592e-02 -7.817440e-02 -1.689215e-02  2.000000e+00
-4.170827e-02 -8.284195e-02 -6.976149e-03  2.000000e+00
-3.654308e-02 -7.982566e-02 -6.120445e-03  2.000000e+00
-2.784101e-02 -7.898119e-02 -3.633019e-03  2.000000e+00
-1.710058e-02 -7.865243e-02 -1.917090e-03  2.000000e+00
-1.059096e-02 -7.741413e-02 -3.056549e-03  2.000000e+00
 1.899206e-02 -7.258729e-02  1.424720e-03  2.000000e+00
 2.372641e-02 -7.206216e-02  4.979823e-03  2.000000e+00
 5.041107e-02 -6.709066e-02  1.468619e-02  2.000000e+00
 7.186443e-02 -6.786971e-02  1.929961e-02  2.000000e+00
 7.703460e-02 -6.803871e-02  1.946461e-02  2.000000e+00
 8.795228e-02 -6.654030e-02  1.259295e-02  2.000000e+00
 9.368288e-02 -6.815005e-02  1.137644e-02  2.000000e+00
 9.942585e-02 -6.899208e-02  1.130762e-02  2.000000e+00
 1.054446e-01 -6.812459e-02  8.142336e-03  2.000000e+00
-8.604891e-02 -7.587273e-02 -1.343232e-02  2.000000e+00
-5.994606e-02 -7.571686e-02 -8.070097e-03  2.000000e+00
-4.788228e-02 -7.651726e-02 -9.555073e-03  2.000000e+00
-2.340236e-02 -7.485563e-02 -2.647399e-03  2.000000e+00
-5.685192e-03 -7.277554e-02 -5.338420e-03  2.000000e+00
 1.792634e-02 -6.877695e-02  4.122785e-03  2.000000e+00
 2.907585e-02 -6.648321e-02  4.272984e-03  2.000000e+00
 3.355030e-02 -6.533948e-02  7.185437e-03  2.000000e+00
 4.422637e-02 -6.447551e-02  1.406492e-02  2.000000e+00
 6.691183e-02 -6.375092e-02  2.005402e-02  2.000000e+00
 7.201500e-02 -6.364998e-02  2.077837e-02  2.000000e+00
 1.010879e-01 -6.499885e-02  3.788628e-03  2.000000e+00
-9.524130e-02 -7.278908e-02 -1.228369e-02  2.000000e+00
-9.040918e-02 -7.271131e-02 -1.525067e-02  2.000000e+00
-8.582154e-02 -7.031246e-02 -1.821582e-02  2.000000e+00
-6.354897e-02 -7.008308e-02 -1.463358e-02  2.000000e+00
-5.502151e-02 -7.289540e-02 -1.095017e-02  2.000000e+00
-4.793513e-02 -7.195577e-02 -1.257840e-02  2.000000e+00
-2.825262e-02 -7.006567e-02 -3.719982e-03  2.000000e+00
-1.194951e-02 -7.076162e-02 -4.943769e-03  2.000000e+00
-5.074221e-03 -6.937339e-02 -6.897175e-03  2.000000e+00
 5.538754e-02 -6.104069e-02  1.787558e-02  2.000000e+00
 7.721241e-02 -5.862355e-02  1.810227e-02  2.000000e+00
-8.030184e-02 -6.798818e-02 -1.707094e-02  2.000000e+00
-3.304134e-02 -6.676413e-02 -4.753739e-03  2.000000e+00
-1.832477e-02 -6.733525e-02 -4.467775e-03  2.000000e+00
-1.066622e-02 -6.845022e-02 -5.429335e-03  2.000000e+00
-6.721720e-04 -6.447720e-02 -4.811022e-03  2.000000e+00
 2.884042e-02 -5.746191e-02  6.089450e-03  2.000000e+00
 3.830864e-02 -5.712359e-02  1.402590e-02  2.000000e+00
 4.377446e-02 -5.752364e-02  1.789273e-02  2.000000e+00
 4.957315e-02 -5.735628e-02  1.994686e-02  2.000000e+00
 6.664180e-02 -5.580901e-02  1.932180e-02  2.000000e+00
 7.202048e-02 -5.534696e-02  1.632420e-02  2.000000e+00
 8.321822e-02 -5.418427e-02  9.611290e-03  2.000000e+00
 1.062291e-01 -5.398153e-02  8.731368e-03  2.000000e+00
-8.958856e-02 -6.520835e-02 -1.107234e-02  2.000000e+00
-7.546124e-02 -6.495063e-02 -1.395701e-02  2.000000e+00
-5.863893e-02 -6.126259e-02 -1.775087e-02  2.000000e+00
-3.878041e-02 -6.260955e-02 -7.403634e-03  2.000000e+00
-2.958793e-02 -6.099063e-02 -5.049051e-03  2.000000e+00
-5.860712e-04 -6.093405e-02 -2.940146e-03  2.000000e+00
 3.090453e-03 -5.873195e-02 -3.434112e-04  2.000000e+00
 3.252759e-02 -5.418630e-02  9.973581e-03  2.000000e+00
 3.820141e-02 -5.425205e-02  1.325256e-02  2.000000e+00
 5.530022e-02 -5.289989e-02  1.970896e-02  2.000000e+00
 9.467668e-02 -5.198006e-02  5.858272e-03  2.000000e+00
 1.060391e-01 -5.036397e-02  2.187173e-03  2.000000e+00
-7.447776e-02 -6.093128e-02 -1.400508e-02  2.000000e+00
 3.843940e-03 -5.495191e-02 -9.611218e-04  2.000000e+00
 2.599738e-02 -5.217292e-02  3.973796e-03  2.000000e+00
 3.203672e-02 -5.184136e-02  7.947501e-03  2.000000e+00
 3.835229e-02 -5.180079e-02  1.127555e-02  2.000000e+00
 6.194767e-02 -4.884218e-02  1.936796e-02  2.000000e+00
 6.724972e-02 -4.742211e-02  1.613028e-02  2.000000e+00
 7.251000e-02 -4.669889e-02  1.215849e-02  2.000000e+00
 7.814753e-02 -4.640456e-02  8.866538e-03  2.000000e+00
-8.219782e-02 -5.741292e-02 -4.730470e-03  2.000000e+00
-5.876155e-02 -5.427313e-02 -1.213681e-02  2.000000e+00
-4.817766e-02 -5.462551e-02 -1.277700e-02  2.000000e+00
-1.312356e-02 -5.971835e-02  3.724602e-04  2.000000e+00
 2.964671e-03 -5.117944e-02  6.806827e-04  2.000000e+00
 7.913102e-03 -5.101326e-02  3.499421e-03  2.000000e+00
 1.896173e-02 -5.026792e-02 -1.002727e-03  2.000000e+00
 4.339973e-02 -4.744280e-02  1.444747e-02  2.000000e+00
 7.839269e-02 -4.300772e-02  6.637602e-03  2.000000e+00
 8.435364e-02 -4.348592e-02  7.177656e-03  2.000000e+00
 1.074772e-01 -4.040641e-02 -9.564470e-03  2.000000e+00
-5.392098e-02 -5.141508e-02 -8.756582e-03  2.000000e+00
-4.829021e-02 -5.135309e-02 -1.023805e-02  2.000000e+00
-3.709344e-02 -4.996658e-02 -8.794120e-03  2.000000e+00
-2.411737e-02 -5.185361e-02 -2.197279e-03  2.000000e+00
-1.283725e-02 -5.655908e-02 -2.040983e-03  2.000000e+00
 2.548141e-03 -4.743400e-02  3.950104e-04  2.000000e+00
 3.869168e-02 -4.376968e-02  1.158315e-02  2.000000e+00
 4.954814e-02 -4.332257e-02  1.651332e-02  2.000000e+00
 6.945432e-02 -3.897555e-02  7.690310e-03  2.000000e+00
 8.624030e-02 -4.028528e-02  1.490817e-03  2.000000e+00
 1.052762e-01 -3.606386e-02 -7.078924e-03  2.000000e+00
-9.619264e-02 -5.201663e-02 -3.306222e-03  2.000000e+00
-7.958914e-02 -4.790973e-02 -2.413779e-03  2.000000e+00
-3.785500e-02 -4.701827e-02 -7.962880e-03  2.000000e+00
 4.442913e-02 -4.002772e-02  1.413784e-02  2.000000e+00
 5.005232e-02 -3.982485e-02  1.549049e-02  2.000000e+00
 6.645103e-02 -3.650322e-02  4.746025e-03  2.000000e+00
 9.974042e-02 -3.429519e-02 -8.229901e-03  2.000000e+00
-9.610247e-02 -4.723548e-02 -5.375842e-03  2.000000e+00
-6.151027e-02 -4.408237e-02  5.684253e-04  2.000000e+00
-5.605497e-02 -4.408717e-02 -7.991087e-04  2.000000e+00
-5.039084e-02 -4.462109e-02 -3.556498e-03  2.000000e+00
-3.898477e-02 -4.490202e-02 -7.278999e-03  2.000000e+00
-2.790152e-02 -4.058058e-02 -7.308949e-03  2.000000e+00
 1.331090e-02 -3.807494e-02  8.021258e-04  2.000000e+00
 2.582196e-02 -3.957606e-02  3.116665e-03  2.000000e+00
 8.349686e-02 -3.286961e-02 -7.184724e-03  2.000000e+00
 9.770833e-02 -2.946694e-02 -9.544982e-03  2.000000e+00
-9.580368e-02 -4.367025e-02 -4.981441e-03  2.000000e+00
-6.839645e-02 -4.163394e-02  3.369906e-03  2.000000e+00
 6.795621e-02 -2.881409e-02 -1.039411e-02  2.000000e+00
 9.849962e-02 -2.267309e-02 -6.692453e-03  2.000000e+00
 1.022403e-01 -2.476121e-02 -7.224262e-03  2.000000e+00
-8.450950e-02 -4.019309e-02 -7.181021e-04  2.000000e+00
-6.870504e-02 -3.686176e-02  3.154875e-04  2.000000e+00
-5.463597e-02 -3.774881e-02  8.734100e-03  2.000000e+00
 4.716149e-02 -3.198275e-02  5.550285e-03  2.000000e+00
 5.235015e-02 -2.924907e-02 -1.316073e-03  2.000000e+00
-7.471602e-02 -3.465477e-02 -1.267169e-04  2.000000e+00
-6.383419e-02 -3.281437e-02  9.666007e-04  2.000000e+00
 8.812729e-02 -1.521381e-02 -3.572252e-03  2.000000e+00
-1.043106e-01 -3.317656e-02  1.021189e-02  2.000000e+00
-7.616527e-02 -3.298324e-02  1.402553e-03  2.000000e+00
-5.503372e-02 -2.593324e-02 -3.995213e-03  2.000000e+00
 7.602544e-02 -1.410959e-02 -7.787642e-03  2.000000e+00
 8.172531e-02 -1.336878e-02 -5.772909e-03  2.000000e+00
 8.730151e-02 -1.310561e-02 -5.055085e-03  2.000000e+00
 9.253779e-02 -1.212485e-02 -6.446952e-03  2.000000e+00
 1.017953e-01 -1.004170e-02 -4.173587e-03  2.000000e+00
-9.842854e-02 -3.018307e-02  1.444100e-02  2.000000e+00
-9.326399e-02 -3.070643e-02  1.187055e-02  2.000000e+00
-8.811268e-02 -3.213656e-02  6.937993e-03  2.000000e+00
 5.504052e-02 -1.273415e-02 -9.554244e-03  2.000000e+00
 5.970136e-02 -1.170366e-02 -7.701329e-03  2.000000e+00
 7.012773e-02 -1.062730e-02 -7.759950e-03  2.000000e+00
 9.095870e-02 -8.420607e-03 -4.411966e-03  2.000000e+00
-9.940495e-02 -2.688197e-02  2.014999e-02  2.000000e+00
-7.526367e-02 -2.473503e-02 -3.204036e-03  2.000000e+00
 5.415743e-02 -7.913678e-03 -3.842770e-03  2.000000e+00
 6.443551e-02 -8.572893e-03 -1.080101e-02  2.000000e+00
 6.844022e-02 -6.998029e-03 -6.115036e-03  2.000000e+00
 8.505621e-02 -4.646103e-03 -2.019051e-03  2.000000e+00
 9.583028e-02 -4.124927e-03 -2.088033e-03  2.000000e+00
-1.060398e-01 -2.430543e-02  2.452443e-02  2.000000e+00
 6.224836e-02 -4.122202e-03 -5.846173e-03  2.000000e+00
 6.788627e-02 -3.989329e-03 -5.391480e-03  2.000000e+00
 7.844458e-02 -2.687809e-03 -3.558128e-03  2.000000e+00
-1.021202e-01 -1.972342e-02  1.976038e-02  2.000000e+00
-9.177787e-02 -1.621624e-02  1.677347e-02  2.000000e+00
-7.658586e-02 -1.810228e-02  7.037774e-03  2.000000e+00
 4.719286e-02  1.828247e-03  3.736614e-03  2.000000e+00
 5.188751e-02  5.352091e-04  3.102512e-03  2.000000e+00
 6.226784e-02 -1.105031e-03 -3.697101e-03  2.000000e+00
 6.713761e-02 -1.410818e-04 -5.481843e-03  2.000000e+00
 8.964283e-02  1.777434e-03 -7.015876e-03  2.000000e+00
 9.409537e-02  2.876819e-03 -7.102664e-03  2.000000e+00
-1.039255e-01 -1.554540e-02  1.728333e-02  2.000000e+00
 4.552626e-02  4.604703e-03  9.044712e-04  2.000000e+00
 6.053664e-02  2.959676e-03 -4.537770e-03  2.000000e+00
 9.017328e-02  6.160345e-03 -1.017607e-02  2.000000e+00
 9.884619e-02  7.592333e-03 -1.020779e-02  2.000000e+00
-1.087888e-01 -1.008558e-02  2.168476e-02  2.000000e+00
 3.335959e-02  6.266292e-03 -8.663365e-03  2.000000e+00
 4.432097e-02  7.727522e-03 -3.041950e-03  2.000000e+00
 7.290085e-02  6.334505e-03 -2.917916e-03  2.000000e+00
-1.039749e-01 -4.142190e-03  1.542085e-02  2.000000e+00
-8.119735e-02  7.080918e-04  6.710954e-03  2.000000e+00
 8.171033e-02  1.377676e-02 -9.753364e-03  2.000000e+00
 4.356514e-02  1.483140e-02 -1.094126e-02  2.000000e+00
-1.078537e-01  6.100883e-03  7.095499e-03  2.000000e+00
-9.840473e-02  8.689654e-03  2.090057e-03  2.000000e+00
-9.313344e-02  7.211899e-03  4.448640e-03  2.000000e+00
-7.750965e-02  8.357589e-03  3.729183e-03  2.000000e+00
 4.012624e-02  1.918151e-02 -1.361402e-02  2.000000e+00
 4.330478e-02  1.962168e-02 -1.221717e-02  2.000000e+00
 7.658844e-02  2.404260e-02 -5.601038e-03  2.000000e+00
 8.661202e-02  2.399964e-02 -8.920107e-03  2.000000e+00
 9.482062e-02  2.515604e-02 -7.099667e-03  2.000000e+00
-1.034651e-01  1.260840e-02  1.676446e-03  2.000000e+00
-7.052993e-02  1.210294e-02  1.040148e-02  2.000000e+00
-6.485526e-02  1.263968e-02  1.408575e-02  2.000000e+00
-5.326789e-02  1.187285e-02  1.972039e-02  2.000000e+00
 7.985212e-02  3.051143e-02 -4.673951e-03  2.000000e+00
 8.700074e-02  2.995692e-02 -6.717092e-03  2.000000e+00
 9.014582e-02  2.983285e-02 -8.633299e-03  2.000000e+00
-9.189552e-02  1.704654e-02  7.399431e-03  2.000000e+00
-6.444277e-02  1.566216e-02  1.661922e-02  2.000000e+00
 4.661908e-02  2.967840e-02 -1.366186e-02  2.000000e+00
 9.106544e-02  3.451794e-02 -6.234746e-03  2.000000e+00
-7.462646e-02  1.913279e-02  1.250205e-02  2.000000e+00
-6.475797e-02  1.910498e-02  1.791271e-02  2.000000e+00
-5.519355e-02  2.506822e-02  2.251023e-02  2.000000e+00
 5.757345e-02  3.495244e-02 -1.920096e-02  2.000000e+00
 6.394505e-02  3.507486e-02 -1.393662e-02  2.000000e+00
 6.913230e-02  3.581917e-02 -9.686611e-03  2.000000e+00
 7.422213e-02  3.618176e-02 -8.751470e-03  2.000000e+00
-1.081527e-01  2.305531e-02  3.243500e-03  2.000000e+00
-9.556397e-02  2.797836e-02  3.901409e-03  2.000000e+00
-6.561790e-02  2.500615e-02  1.653809e-02  2.000000e+00
-5.778467e-02  2.684918e-02  2.008157e-02  2.000000e+00
-5.556814e-02  3.399157e-02  1.904417e-02  2.000000e+00
 3.676187e-02  4.226370e-02  4.008277e-03  2.000000e+00
 6.254828e-02  3.932811e-02 -1.413161e-02  2.000000e+00
 6.814493e-02  3.934446e-02 -1.111461e-02  2.000000e+00
 7.338481e-02  3.951773e-02 -1.038325e-02  2.000000e+00
-5.819908e-02  3.284202e-02  1.813401e-02  2.000000e+00
-5.704100e-02  3.590568e-02  1.573850e-02  2.000000e+00
-5.570688e-02  3.872046e-02  1.511209e-02  2.000000e+00
-1.643514e-02  3.430087e-02 -1.528221e-02  2.000000e+00
 4.497611e-02  4.695968e-02  1.435326e-03  2.000000e+00
 5.235860e-02  4.273090e-02 -1.252415e-02  2.000000e+00
 5.728511e-02  4.237939e-02 -1.440311e-02  2.000000e+00
 7.384216e-02  4.206988e-02 -1.266780e-02  2.000000e+00
 7.827700e-02  4.291437e-02 -1.218000e-02  2.000000e+00
 8.379161e-02  4.447069e-02 -1.196185e-02  2.000000e+00
-1.110830e-01  3.291808e-02  1.862190e-03  2.000000e+00
-8.148149e-02  3.245716e-02  1.160354e-02  2.000000e+00
-7.666603e-02  3.306819e-02  1.140268e-02  2.000000e+00
-7.076199e-02  3.317338e-02  1.432781e-02  2.000000e+00
-6.754758e-02  3.566627e-02  1.314719e-02  2.000000e+00
-6.271696e-02  3.623516e-02  1.434470e-02  2.000000e+00
-5.509270e-02  4.391407e-02  8.288470e-03  2.000000e+00
 1.939955e-02  5.575839e-02  1.870352e-02  2.000000e+00
 3.169883e-02  5.324185e-02  2.200679e-02  2.000000e+00
 4.528863e-02  5.139302e-02  5.534893e-03  2.000000e+00
 6.843606e-02  4.618591e-02 -1.195990e-02  2.000000e+00
 7.799575e-02  4.717843e-02 -1.250384e-02  2.000000e+00
 8.343914e-02  4.746869e-02 -1.167188e-02  2.000000e+00
-1.032607e-01  3.594690e-02  9.186309e-03  2.000000e+00
-9.748598e-02  3.589790e-02  1.124515e-02  2.000000e+00
-7.639691e-02  3.611519e-02  1.306764e-02  2.000000e+00
-7.219289e-02  3.784472e-02  1.313473e-02  2.000000e+00
-6.818163e-02  3.954587e-02  1.293462e-02  2.000000e+00
-6.384918e-02  4.091090e-02  1.240703e-02  2.000000e+00
-5.592714e-02  4.704690e-02  2.858680e-03  2.000000e+00
-5.328534e-02  4.936102e-02 -2.361926e-03  2.000000e+00
 4.323832e-03  5.557655e-02  1.779978e-03  2.000000e+00
 3.563534e-02  5.522802e-02  1.676722e-02  2.000000e+00
 5.401710e-02  5.155037e-02 -6.225384e-03  2.000000e+00
 7.374482e-02  5.044425e-02 -1.404416e-02  2.000000e+00
 9.217908e-02  5.323852e-02 -1.681846e-02  2.000000e+00
-1.029967e-01  3.915665e-02  1.087437e-02  2.000000e+00
-9.269358e-02  3.880627e-02  1.224988e-02  2.000000e+00
-7.767842e-02  3.942680e-02  1.386683e-02  2.000000e+00
-7.405092e-02  4.198984e-02  1.261843e-02  2.000000e+00
-2.032883e-02  4.967735e-02 -9.398045e-03  2.000000e+00
-1.011726e-02  5.153806e-02 -1.359492e-02  2.000000e+00
 1.739881e-02  5.942521e-02  1.505281e-02  2.000000e+00
 5.157431e-02  5.908799e-02  2.972459e-03  2.000000e+00
 5.867709e-02  5.443043e-02 -9.967375e-03  2.000000e+00
 7.836968e-02  5.476134e-02 -1.362005e-02  2.000000e+00
-1.033614e-01  4.148531e-02  1.295645e-02  2.000000e+00
-7.968397e-02  4.293928e-02  1.333267e-02  2.000000e+00
-2.095777e-02  5.355634e-02 -7.453274e-03  2.000000e+00
-1.051942e-02  5.478834e-02 -9.481091e-03  2.000000e+00
 5.823422e-02  5.965408e-02 -4.955704e-03  2.000000e+00
 6.313978e-02  5.933700e-02 -7.769311e-03  2.000000e+00
 7.312543e-02  5.993162e-02 -8.312685e-03  2.000000e+00
 9.289963e-02  5.875601e-02 -1.648784e-02  2.000000e+00
-5.710072e-02  5.849687e-02 -1.551353e-02  2.000000e+00
-5.067219e-02  5.996128e-02 -1.433353e-02  2.000000e+00
-3.876545e-02  5.902073e-02 -5.172687e-03  2.000000e+00
-1.540551e-02  5.807055e-02 -7.516445e-03  2.000000e+00
-4.481830e-03  5.935810e-02 -6.823353e-03  2.000000e+00
 7.867279e-03  6.293414e-02  9.127521e-03  2.000000e+00
 3.316483e-02  6.723117e-02  2.301046e-02  2.000000e+00
 3.844835e-02  6.798602e-02  1.866201e-02  2.000000e+00
 4.947727e-02  6.816442e-02  1.543538e-02  2.000000e+00
 5.359059e-02  6.558140e-02  6.490204e-03  2.000000e+00
 6.252874e-02  6.328714e-02 -4.048534e-03  2.000000e+00
 7.296874e-02  6.489803e-02 -3.076537e-03  2.000000e+00
-1.021205e-01  5.314494e-02  9.618319e-03  2.000000e+00
-8.744322e-02  5.478860e-02  1.061837e-02  2.000000e+00
-6.806622e-02  6.151454e-02 -1.557160e-02  2.000000e+00
-6.128104e-02  6.353352e-02 -1.345964e-02  2.000000e+00
-5.037808e-02  6.222023e-02 -1.265637e-02  2.000000e+00
-4.379513e-02  6.302087e-02 -6.359904e-03  2.000000e+00
-3.945480e-02  6.349989e-02 -5.756949e-03  2.000000e+00
-2.095471e-02  6.075590e-02 -4.775330e-03  2.000000e+00
-5.216532e-03  6.265033e-02 -5.681092e-03  2.000000e+00
 1.252697e-02  6.769167e-02  9.924175e-03  2.000000e+00
 9.070040e-02  6.910922e-02 -1.243609e-02  2.000000e+00
-1.073406e-01  5.677246e-02  1.019290e-02  2.000000e+00
-8.182783e-02  5.922050e-02  1.416245e-03  2.000000e+00
-7.782208e-02  6.080566e-02 -6.313811e-03  2.000000e+00
-1.548121e-02  6.483929e-02 -4.934236e-03  2.000000e+00
 2.443842e-02  7.245100e-02  1.628273e-02  2.000000e+00
 3.646463e-02  7.521361e-02  2.112721e-02  2.000000e+00
 7.281655e-02  7.158797e-02 -6.797354e-03  2.000000e+00
 9.135729e-02  7.263640e-02 -1.535007e-02  2.000000e+00
-1.074216e-01  6.161148e-02  7.534830e-03  2.000000e+00
-8.708063e-02  6.308030e-02  1.920452e-03  2.000000e+00
-7.868902e-02  6.513221e-02 -7.861142e-03  2.000000e+00
-6.218506e-02  6.853460e-02 -1.568771e-02  2.000000e+00
-5.653845e-02  6.847704e-02 -1.198094e-02  2.000000e+00
-1.532677e-02  6.829372e-02 -3.746514e-03  2.000000e+00
-1.111663e-02  6.940426e-02 -2.391987e-03  2.000000e+00
 1.332746e-02  7.519899e-02  4.461162e-03  2.000000e+00
 2.422690e-02  7.522265e-02  1.406968e-02  2.000000e+00
 6.489135e-02  7.644656e-02 -1.525043e-04  2.000000e+00
 7.318485e-02  7.538378e-02 -8.959169e-03  2.000000e+00
 8.668825e-02  8.037318e-02 -7.330868e-03  2.000000e+00
-9.222002e-02  6.682619e-02  3.522101e-03  2.000000e+00
-6.781730e-02  7.246175e-02 -1.718763e-02  2.000000e+00
-6.234984e-02  7.181311e-02 -1.340681e-02  2.000000e+00
-4.077623e-02  7.764213e-02 -6.897325e-03  2.000000e+00
 2.401221e-02  7.886736e-02  1.183230e-02  2.000000e+00
 3.991932e-02  8.421581e-02  1.892907e-02  2.000000e+00
 4.390617e-02  8.866753e-02  1.531484e-02  2.000000e+00
 5.863074e-02  8.620624e-02  1.817160e-02  2.000000e+00
-8.581891e-02  7.059357e-02 -4.694295e-03  2.000000e+00
-5.971495e-02  7.708471e-02 -9.279232e-03  2.000000e+00
-5.008485e-02  8.179453e-02 -8.781221e-03  2.000000e+00
-4.321982e-02  8.040352e-02 -4.789690e-03  2.000000e+00
-3.777246e-02  8.126374e-02 -4.905351e-03  2.000000e+00
-1.205490e-02  7.760062e-02 -5.124129e-03  2.000000e+00
-1.874771e-03  7.916631e-02 -4.784857e-03  2.000000e+00
 1.793706e-02  8.283216e-02  1.218310e-02  2.000000e+00
 3.313191e-02  8.450227e-02  1.388157e-02  2.000000e+00
 5.131149e-02  9.139744e-02  1.900315e-02  2.000000e+00
 7.265408e-02  8.518368e-02  1.830526e-03  2.000000e+00
-1.086866e-01  7.375362e-02  1.463476e-03  2.000000e+00
-6.845541e-02  7.894609e-02 -1.300104e-02  2.000000e+00
-5.662328e-02  8.345483e-02 -1.288345e-02  2.000000e+00
-2.296953e-02  8.055559e-02  1.189352e-03  2.000000e+00
-1.546001e-03  8.273755e-02 -2.721710e-03  2.000000e+00
 3.677741e-02  8.992639e-02  1.205208e-02  2.000000e+00
 4.270742e-02  9.162757e-02  1.233028e-02  2.000000e+00
 5.686954e-02  9.280585e-02  2.138714e-02  2.000000e+00
 8.500009e-02  8.960592e-02 -8.896123e-03  2.000000e+00
-9.506166e-02  7.836521e-02  6.370330e-04  2.000000e+00
-8.543320e-02  7.983901e-02 -1.131105e-02  2.000000e+00
-7.458622e-02  8.179258e-02 -1.560257e-02  2.000000e+00
-5.431375e-02  8.637327e-02 -1.047011e-02  2.000000e+00
-4.739875e-02  8.660016e-02 -5.986884e-03  2.000000e+00
-3.425757e-02  8.756464e-02  1.412483e-03  2.000000e+00
-2.355976e-02  8.404208e-02  1.403329e-03  2.000000e+00
-1.571518e-03  8.673974e-02 -1.418661e-03  2.000000e+00
 9.736712e-03  8.760211e-02  6.571160e-03  2.000000e+00
 3.178308e-02  9.193776e-02  1.321303e-02  2.000000e+00
 3.652122e-02  9.388705e-02  1.118624e-02  2.000000e+00
 6.103597e-02  9.449221e-02  1.851584e-02  2.000000e+00
 6.592269e-02  9.374277e-02  1.255274e-02  2.000000e+00
 7.975088e-02  9.302816e-02 -2.475045e-03  2.000000e+00
