-2.155481e-03 -2.783474e-02 -5.598628e-03  1.000000e+00
-1.335593e-02 -2.528998e-02 -8.131960e-03  1.000000e+00
-3.027710e-03 -2.385142e-02 -1.018907e-02  1.000000e+00
-2.402435e-02 -2.268141e-02 -7.844447e-03  1.000000e+00
 8.997598e-04 -1.929923e-02 -1.122904e-02  1.000000e+00
 1.166309e-02 -1.840499e-02 -1.192114e-02  1.000000e+00
-1.449890e-02 -1.737989e-02 -9.151312e-03  1.000000e+00
-4.494525e-03 -1.603035e-02 -8.411017e-03  1.000000e+00
 6.195142e-04 -1.190585e-02 -5.986825e-03  1.000000e+00
 1.519930e-02 -9.698465e-03 -6.199706e-03  1.000000e+00
-3.581423e-02 -1.209990e-02 -9.029771e-03  1.000000e+00
-2.530034e-02 -1.076484e-02 -9.398549e-03  1.000000e+00
-4.881589e-03 -8.827109e-03 -4.112885e-03  1.000000e+00
-1.583392e-02 -5.764772e-03 -4.044918e-03  1.000000e+00
 4.696529e-03 -3.054355e-03 -3.151692e-04  1.000000e+00
-3.658810e-02 -4.581494e-03 -3.340655e-03  1.000000e+00
-3.182106e-02 -4.178840e-03 -1.992391e-03  1.000000e+00
-2.151767e-02 -2.843235e-03 -1.296466e-03  1.000000e+00
-5.425984e-03 -4.755821e-04 -2.671209e-03  1.000000e+00
 1.433535e-02  1.469450e-03  7.514347e-03  1.000000e+00
-1.099167e-03  4.091156e-03  1.557810e-03  1.000000e+00
-3.760873e-02  3.375220e-03  4.748439e-03  1.000000e+00
-2.252036e-02  4.672280e-03  3.930625e-03  1.000000e+00
-1.187768e-02  5.980060e-03  2.859564e-03  1.000000e+00
 1.469274e-02  8.821235e-03  6.126717e-03  1.000000e+00
-1.757740e-02  8.817916e-03  5.835943e-03  1.000000e+00
-6.947556e-03  1.018364e-02  6.897074e-03  1.000000e+00
 3.643513e-03  1.203559e-02  8.263036e-03  1.000000e+00
 1.487583e-02  1.239485e-02  4.952736e-03  1.000000e+00
-2.887413e-02  1.189218e-02  9.234968e-03  1.000000e+00
-1.800463e-02  1.204368e-02  9.227901e-03  1.000000e+00
-1.268271e-02  1.287117e-02  9.974891e-03  1.000000e+00
-1.828075e-02  1.507440e-02  1.258565e-02  1.000000e+00
-7.953657e-03  1.692896e-02  1.026536e-02  1.000000e+00
 3.002243e-03  1.844740e-02  8.625176e-03  1.000000e+00
-8.507239e-02 -8.996010e-02  6.717705e-03  2.000000e+00
-7.453712e-02 -8.795385e-02  6.710989e-03  2.000000e+00
-6.937402e-02 -8.771187e-02  9.023256e-03  2.000000e+00
-5.822447e-02 -8.646546e-02  9.528287e-03  2.000000e+00
-5.320160e-02 -8.587474e-02  9.847207e-03  2.000000e+00
-4.783545e-02 -8.531654e-02  9.125212e-03  2.000000e+00
-3.706139e-02 -8.422800e-02  1.129254e-02  2.000000e+00
-1.151350e-02 -8.092458e-02  4.818297e-03  2.000000e+00
 9.458068e-03 -8.009045e-02  5.214090e-03  2.000000e+00
 2.535009e-02 -7.704057e-02  1.079653e-03  2.000000e+00
 3.569938e-02 -7.576916e-02 -4.824016e-05  2.000000e+00
 4.024506e-02 -7.503596e-02 -1.571401e-03  2.000000e+00
 4.556143e-02 -7.413651e-02 -2.785090e-03  2.000000e+00
 6.132245e-02 -7.273153e-02 -1.136206e-03  2.000000e+00
 8.236375e-02 -7.101752e-02 -7.478430e-03  2.000000e+00
 9.797135e-02 -7.063418e-02 -8.125523e-03  2.000000e+00
-8.060359e-02 -8.541709e-02  7.430365e-03  2.000000e+00
-7.523712e-02 -8.403476e-02  6.144376e-03  2.000000e+00
-5.941620e-02 -8.216260e-02  9.919063e-03  2.000000e+00
-3.742070e-02 -8.042735e-02  8.974047e-03  2.000000e+00
-2.695826e-02 -7.915554e-02  1.031873e-02  2.000000e+00
-1.862975e-03 -7.646088e-02  2.671363e-03  2.000000e+00
 3.021052e-02 -7.259827e-02 -1.178613e-03  2.000000e+00
 5.557518e-02 -6.913784e-02 -9.589328e-04  2.000000e+00
 6.658728e-02 -6.860943e-02 -4.360426e-03  2.000000e+00
 7.655194e-02 -6.781471e-02 -8.517339e-03  2.000000e+00
 9.778423e-02 -6.689212e-02 -8.726315e-03  2.000000e+00
-8.194895e-02 -8.206099e-02  8.665912e-03  2.000000e+00
-7.022344e-02 -7.971104e-02  7.016343e-03  2.000000e+00
-3.768588e-02 -7.661747e-02  8.633669e-03  2.000000e+00
-3.229723e-02 -7.634976e-02  8.871324e-03  2.000000e+00
-2.268560e-02 -7.440670e-02  9.773184e-03  2.000000e+00
-1.272408e-02 -7.304026e-02  8.113621e-03  2.000000e+00
-7.304454e-03 -7.221337e-02  6.737814e-03  2.000000e+00
 1.911275e-02 -7.044436e-02  2.507248e-03  2.000000e+00
 2.441335e-02 -6.980424e-02 -7.508300e-04  2.000000e+00
 4.994562e-02 -6.548607e-02 -2.644125e-03  2.000000e+00
 7.094452e-02 -6.449584e-02 -9.534286e-03  2.000000e+00
 7.665190e-02 -6.430466e-02 -1.097627e-02  2.000000e+00
 8.720236e-02 -6.324533e-02 -9.338553e-03  2.000000e+00
 9.236090e-02 -6.320663e-02 -8.885920e-03  2.000000e+00
 9.798824e-02 -6.340097e-02 -8.730058e-03  2.000000e+00
 1.040821e-01 -6.238271e-02 -7.885932e-03  2.000000e+00
-8.296268e-02 -7.733793e-02  1.702545e-03  2.000000e+00
-5.560215e-02 -7.462289e-02  8.780288e-03  2.000000e+00
-4.434159e-02 -7.324811e-02  7.420016e-03  2.000000e+00
-1.768815e-02 -7.016877e-02  7.918664e-03  2.000000e+00
-2.347815e-03 -6.827604e-02  4.953520e-03  2.000000e+00
 1.829018e-02 -6.634155e-02  1.244937e-04  2.000000e+00
 2.984735e-02 -6.472540e-02 -1.146468e-03  2.000000e+00
 3.437027e-02 -6.347725e-02 -2.011681e-03  2.000000e+00
 4.427202e-02 -6.220513e-02 -3.312035e-04  2.000000e+00
 6.569348e-02 -6.093974e-02 -1.007617e-02  2.000000e+00
 7.125087e-02 -6.116176e-02 -1.107664e-02  2.000000e+00
 9.825624e-02 -5.970708e-02 -9.061410e-03  2.000000e+00
-9.284811e-02 -7.474062e-02  2.028084e-03  2.000000e+00
-8.827448e-02 -7.343071e-02  1.654758e-03  2.000000e+00
-8.359286e-02 -7.265605e-02  9.189814e-04  2.000000e+00
-6.095606e-02 -7.057714e-02  4.573444e-03  2.000000e+00
-5.104899e-02 -7.015167e-02  8.511411e-03  2.000000e+00
-4.528983e-02 -6.978034e-02  8.177798e-03  2.000000e+00
-2.413929e-02 -6.708671e-02  1.161008e-02  2.000000e+00
-8.064866e-03 -6.480127e-02  8.788339e-03  2.000000e+00
-2.797860e-03 -6.413526e-02  8.415798e-03  2.000000e+00
 5.438902e-02 -5.842664e-02 -7.333510e-03  2.000000e+00
 7.640134e-02 -5.649435e-02 -1.125310e-02  2.000000e+00
-7.827904e-02 -6.907074e-02 -2.303813e-04  2.000000e+00
-2.935714e-02 -6.371317e-02  4.547903e-03  2.000000e+00
-1.396217e-02 -6.151334e-02  8.043042e-03  2.000000e+00
-8.322855e-03 -6.094175e-02  8.175481e-03  2.000000e+00
 2.328726e-03 -6.036573e-02  5.241690e-03  2.000000e+00
 2.859605e-02 -5.588199e-02 -4.626026e-03  2.000000e+00
 3.846445e-02 -5.453205e-02 -6.217568e-03  2.000000e+00
 4.321235e-02 -5.432162e-02 -7.190194e-03  2.000000e+00
 4.868329e-02 -5.467583e-02 -7.835295e-03  2.000000e+00
 6.522094e-02 -5.382494e-02 -1.018725e-02  2.000000e+00
 7.085448e-02 -5.392966e-02 -9.779182e-03  2.000000e+00
 8.250633e-02 -5.278517e-02 -8.346253e-03  2.000000e+00
 1.033638e-01 -5.039770e-02 -6.807410e-03  2.000000e+00
-8.843654e-02 -6.671500e-02  8.506803e-04  2.000000e+00
-7.345885e-02 -6.439779e-02  4.900722e-04  2.000000e+00
-5.794859e-02 -6.085753e-02  6.787260e-04  2.000000e+00
-3.543613e-02 -6.094008e-02  4.998967e-03  2.000000e+00
-2.485159e-02 -5.878416e-02  4.880886e-03  2.000000e+00
 1.972320e-03 -5.653053e-02  4.789560e-03  2.000000e+00
 6.411385e-03 -5.582565e-02  5.817403e-03  2.000000e+00
 3.312969e-02 -5.117520e-02 -6.880720e-03  2.000000e+00
 3.790369e-02 -5.060786e-02 -7.714240e-03  2.000000e+00
 5.378974e-02 -5.068441e-02 -9.599617e-03  2.000000e+00
 9.221558e-02 -4.814030e-02 -4.548772e-03  2.000000e+00
 1.034580e-01 -4.631273e-02 -4.212900e-03  2.000000e+00
-7.387283e-02 -6.157583e-02  2.166624e-04  2.000000e+00
 6.220200e-03 -5.178138e-02  2.914692e-03  2.000000e+00
 2.667931e-02 -4.926668e-02 -3.694998e-03  2.000000e+00
 3.203221e-02 -4.790094e-02 -4.459354e-03  2.000000e+00
 3.780514e-02 -4.748174e-02 -4.850929e-03  2.000000e+00
 5.988487e-02 -4.747556e-02 -1.124698e-02  2.000000e+00
 6.587427e-02 -4.671671e-02 -1.059458e-02  2.000000e+00
 7.143268e-02 -4.646472e-02 -7.663296e-03  2.000000e+00
 7.673859e-02 -4.543103e-02 -6.909608e-03  2.000000e+00
-7.945241e-02 -5.749187e-02 -1.977352e-03  2.000000e+00
-5.814556e-02 -5.471677e-02 -1.304941e-03  2.000000e+00
-4.702102e-02 -5.376024e-02 -3.010575e-03  2.000000e+00
-9.672797e-03 -4.977997e-02  1.701833e-03  2.000000e+00
 5.810653e-03 -4.790811e-02 -8.923798e-04  2.000000e+00
 1.057855e-02 -4.747562e-02 -6.789689e-04  2.000000e+00
 2.055323e-02 -4.706669e-02  6.450975e-04  2.000000e+00
 4.278973e-02 -4.335104e-02 -5.329439e-03  2.000000e+00
 7.603116e-02 -4.137400e-02 -3.923206e-03  2.000000e+00
 8.170036e-02 -4.155461e-02 -5.691418e-03  2.000000e+00
 1.023202e-01 -3.733662e-02 -4.355351e-03  2.000000e+00
-5.306169e-02 -5.074583e-02 -4.001012e-03  2.000000e+00
-4.745449e-02 -5.025656e-02 -4.895070e-03  2.000000e+00
-3.638958e-02 -4.967748e-02 -5.922920e-03  2.000000e+00
-2.148407e-02 -4.694698e-02 -9.494275e-04  2.000000e+00
-1.017864e-02 -4.575227e-02 -3.078905e-03  2.000000e+00
 5.104392e-03 -4.372750e-02 -2.540062e-03  2.000000e+00
 3.699575e-02 -4.053189e-02 -1.103889e-03  2.000000e+00
 4.804154e-02 -4.127679e-02 -5.675001e-03  2.000000e+00
 6.524673e-02 -3.971370e-02 -5.447733e-03  2.000000e+00
 8.117516e-02 -3.757049e-02 -4.041440e-03  2.000000e+00
 1.011488e-01 -3.318036e-02 -2.054073e-03  2.000000e+00
-9.160497e-02 -5.303266e-02 -1.024253e-02  2.000000e+00
-7.535968e-02 -4.860410e-02 -1.007034e-02  2.000000e+00
-3.714994e-02 -4.611989e-02 -8.968882e-03  2.000000e+00
 4.314585e-02 -3.713550e-02 -2.602420e-03  2.000000e+00
 4.847516e-02 -3.798723e-02 -3.351480e-03  2.000000e+00
 6.556047e-02 -3.599691e-02 -2.273442e-03  2.000000e+00
 9.584732e-02 -3.003305e-02  1.126744e-03  2.000000e+00
-9.147298e-02 -4.854170e-02 -1.282678e-02  2.000000e+00
-6.014228e-02 -4.374737e-02 -9.510609e-03  2.000000e+00
-5.492925e-02 -4.380048e-02 -8.479697e-03  2.000000e+00
-4.966641e-02 -4.371023e-02 -9.482654e-03  2.000000e+00
-3.810389e-02 -4.210189e-02 -1.230472e-02  2.000000e+00
-2.719670e-02 -4.009207e-02 -1.079462e-02  2.000000e+00
 1.432571e-02 -3.490828e-02  4.783554e-03  2.000000e+00
 2.526692e-02 -3.447257e-02  5.325481e-03  2.000000e+00
 8.117422e-02 -2.958527e-02  9.646857e-04  2.000000e+00
 9.474317e-02 -2.557386e-02  5.942319e-03  2.000000e+00
-9.225418e-02 -4.445983e-02 -1.309486e-02  2.000000e+00
-6.558299e-02 -3.993423e-02 -1.395344e-02  2.000000e+00
 6.532321e-02 -2.684351e-02  3.717505e-03  2.000000e+00
 9.383909e-02 -2.145525e-02  1.065262e-02  2.000000e+00
 9.890427e-02 -2.089137e-02  1.042038e-02  2.000000e+00
-8.146988e-02 -3.992611e-02 -1.572875e-02  2.000000e+00
-6.616718e-02 -3.607184e-02 -1.493267e-02  2.000000e+00
-5.114720e-02 -3.506357e-02 -1.594410e-02  2.000000e+00
 4.681648e-02 -2.883823e-02 -1.908613e-03  2.000000e+00
 5.181293e-02 -2.852653e-02 -7.390802e-04  2.000000e+00
-7.202557e-02 -3.420150e-02 -1.471797e-02  2.000000e+00
-6.118947e-02 -3.185045e-02 -1.592500e-02  2.000000e+00
 8.449129e-02 -1.159777e-02  1.924960e-02  2.000000e+00
-9.926328e-02 -3.334271e-02 -1.466970e-02  2.000000e+00
-7.301012e-02 -3.149507e-02 -1.428840e-02  2.000000e+00
-5.262242e-02 -2.500893e-02 -7.436921e-03  2.000000e+00
 7.316442e-02 -1.083570e-02  2.052963e-02  2.000000e+00
 7.768722e-02 -1.031491e-02  2.073644e-02  2.000000e+00
 8.297151e-02 -9.770987e-03  1.944127e-02  2.000000e+00
 8.822427e-02 -8.771810e-03  2.002458e-02  2.000000e+00
 9.828842e-02 -6.744407e-03  1.877501e-02  2.000000e+00
-9.443695e-02 -2.908148e-02 -1.419083e-02  2.000000e+00
-8.934553e-02 -2.935263e-02 -1.395011e-02  2.000000e+00
-8.422579e-02 -3.025250e-02 -1.387941e-02  2.000000e+00
 5.323192e-02 -1.056882e-02  1.654212e-02  2.000000e+00
 5.738690e-02 -1.003022e-02  1.659276e-02  2.000000e+00
 6.709169e-02 -7.804894e-03  1.703436e-02  2.000000e+00
 8.722764e-02 -5.207103e-03  1.991062e-02  2.000000e+00
-9.477016e-02 -2.502831e-02 -1.290688e-02  2.000000e+00
-7.117839e-02 -2.372885e-02 -9.308866e-03  2.000000e+00
 5.230647e-02 -5.611935e-03  1.577182e-02  2.000000e+00
 6.112096e-02 -5.466759e-03  1.673588e-02  2.000000e+00
 6.595588e-02 -4.228002e-03  1.725167e-02  2.000000e+00
 8.132013e-02 -1.655053e-03  1.597377e-02  2.000000e+00
 9.163395e-02 -1.065417e-03  1.669798e-02  2.000000e+00
-9.980122e-02 -2.170139e-02 -7.964937e-03  2.000000e+00
 6.034863e-02 -1.250229e-03  1.451544e-02  2.000000e+00
 6.521897e-02 -1.745196e-04  1.571004e-02  2.000000e+00
 7.518709e-02  1.036006e-03  1.523504e-02  2.000000e+00
-9.545976e-02 -1.717934e-02 -2.272670e-03  2.000000e+00
-8.474452e-02 -1.531826e-02 -2.451622e-03  2.000000e+00
-6.461491e-02 -1.465542e-02 -2.399384e-03  2.000000e+00
 4.551125e-02  2.970460e-03  1.439599e-03  2.000000e+00
 5.012991e-02  3.103897e-03  3.418640e-03  2.000000e+00
 5.963577e-02  3.197430e-03  1.041314e-02  2.000000e+00
 6.469095e-02  4.049389e-03  1.164976e-02  2.000000e+00
 8.659320e-02  5.127499e-03  1.304518e-02  2.000000e+00
 9.128037e-02  6.476325e-03  1.262998e-02  2.000000e+00
-9.647919e-02 -1.357874e-02 -2.441738e-03  2.000000e+00
 4.372580e-02  5.901844e-03 -1.346581e-03  2.000000e+00
 5.888828e-02  7.264993e-03  5.182340e-03  2.000000e+00
 8.570029e-02  9.749493e-03  1.047899e-02  2.000000e+00
 9.569236e-02  1.123947e-02  9.734904e-03  2.000000e+00
-1.019938e-01 -8.896823e-03 -4.817156e-03  2.000000e+00
 3.155913e-02  6.583753e-03  1.278859e-03  2.000000e+00
 4.263786e-02  8.560617e-03 -1.049815e-03  2.000000e+00
 7.045439e-02  1.036147e-02  4.390294e-03  2.000000e+00
-9.801905e-02 -3.344763e-03 -2.369539e-03  2.000000e+00
-7.255219e-02  7.212042e-05  1.821174e-03  2.000000e+00
 7.965131e-02  1.766067e-02  1.923485e-03  2.000000e+00
 4.152359e-02  1.584589e-02  1.944903e-03  2.000000e+00
-1.029759e-01  5.124564e-03  1.203229e-02  2.000000e+00
-9.269259e-02  7.132644e-03  1.138792e-02  2.000000e+00
-8.733546e-02  7.478547e-03  1.045104e-02  2.000000e+00
-7.219225e-02  9.517628e-03  1.432767e-02  2.000000e+00
 3.612148e-02  1.893883e-02 -8.019040e-04  2.000000e+00
 4.098549e-02  1.989032e-02 -1.316143e-03  2.000000e+00
 7.114678e-02  2.599697e-02  1.882380e-03  2.000000e+00
 8.411447e-02  2.716062e-02  2.896188e-04  2.000000e+00
 9.390960e-02  2.844767e-02 -2.128095e-03  2.000000e+00
-9.819493e-02  1.023308e-02  1.037868e-02  2.000000e+00
-6.578805e-02  1.256160e-02  6.987117e-03  2.000000e+00
-6.020411e-02  1.284488e-02  3.863980e-03  2.000000e+00
-4.907068e-02  1.464569e-02  4.793604e-03  2.000000e+00
 7.405987e-02  3.133793e-02  1.128556e-03  2.000000e+00
 8.454060e-02  3.247637e-02  2.232052e-03  2.000000e+00
 8.891639e-02  3.184285e-02  2.438366e-03  2.000000e+00
-8.712406e-02  1.482700e-02  1.167176e-02  2.000000e+00
-6.074817e-02  1.695125e-02  6.046121e-03  2.000000e+00
 4.385388e-02  2.955394e-02 -7.108658e-03  2.000000e+00
 8.798746e-02  3.630856e-02 -8.720636e-05  2.000000e+00
-7.103169e-02  1.961057e-02  5.442918e-03  2.000000e+00
-6.104681e-02  2.080234e-02  2.159755e-03  2.000000e+00
-4.534711e-02  2.327319e-02  3.569208e-03  2.000000e+00
 5.370980e-02  3.522266e-02 -3.793471e-03  2.000000e+00
 5.957721e-02  3.636155e-02 -6.826266e-03  2.000000e+00
 6.543837e-02  3.696651e-02 -9.128028e-03  2.000000e+00
 7.077346e-02  3.765936e-02 -8.180645e-03  2.000000e+00
-1.036854e-01  2.062975e-02  1.267616e-02  2.000000e+00
-8.752842e-02  2.184606e-02  9.196833e-03  2.000000e+00
-6.162695e-02  2.468558e-02  2.269184e-03  2.000000e+00
-5.122135e-02  2.653075e-02  1.627200e-03  2.000000e+00
-4.125737e-02  2.785259e-02 -2.641425e-03  2.000000e+00
 2.895908e-02  3.540559e-02 -1.475001e-03  2.000000e+00
 5.884691e-02  3.953443e-02 -5.309508e-03  2.000000e+00
 6.423230e-02  3.999472e-02 -7.758787e-03  2.000000e+00
 6.966083e-02  4.079130e-02 -9.091326e-03  2.000000e+00
-5.219897e-02  3.045626e-02 -1.397687e-03  2.000000e+00
-4.720397e-02  3.112181e-02 -4.063891e-03  2.000000e+00
-4.227150e-02  3.197710e-02 -1.426724e-03  2.000000e+00
-2.042140e-02  3.323167e-02  4.221052e-03  2.000000e+00
 3.846885e-02  4.105710e-02 -3.553111e-03  2.000000e+00
 4.886838e-02  4.295957e-02  4.630864e-04  2.000000e+00
 5.346050e-02  4.293820e-02 -1.730355e-03  2.000000e+00
 6.896626e-02  4.421988e-02 -8.290861e-03  2.000000e+00
 7.423072e-02  4.496127e-02 -9.093817e-03  2.000000e+00
 7.952064e-02  4.605935e-02 -1.016134e-02  2.000000e+00
-1.036881e-01  2.761630e-02  8.544404e-03  2.000000e+00
-7.786546e-02  3.099160e-02  2.390321e-03  2.000000e+00
-7.275813e-02  3.128660e-02  5.494049e-04  2.000000e+00
-6.785073e-02  3.203245e-02  3.013951e-04  2.000000e+00
-6.264904e-02  3.312440e-02  5.548670e-04  2.000000e+00
-5.778257e-02  3.361532e-02 -1.986646e-03  2.000000e+00
-4.284380e-02  3.584755e-02  2.911384e-03  2.000000e+00
 1.067996e-02  4.271719e-02  5.881466e-03  2.000000e+00
 2.327745e-02  4.513292e-02 -2.088845e-03  2.000000e+00
 3.757732e-02  4.460827e-02 -2.080448e-03  2.000000e+00
 6.377040e-02  4.774799e-02 -4.393431e-03  2.000000e+00
 7.383125e-02  4.848351e-02 -8.546272e-03  2.000000e+00
 7.902425e-02  4.930485e-02 -9.733788e-03  2.000000e+00
-9.931946e-02  3.269763e-02  4.617175e-03  2.000000e+00
-9.429117e-02  3.376601e-02  5.875340e-03  2.000000e+00
-7.321344e-02  3.502329e-02  9.517841e-05  2.000000e+00
-6.815271e-02  3.585432e-02  4.836371e-04  2.000000e+00
-6.331183e-02  3.695332e-02 -2.643392e-03  2.000000e+00
-5.840097e-02  3.758908e-02 -2.626943e-03  2.000000e+00
-4.777520e-02  3.923629e-02 -1.601717e-03  2.000000e+00
-4.374722e-02  4.098726e-02 -1.686545e-03  2.000000e+00
-1.426333e-04  4.622306e-02  5.358884e-03  2.000000e+00
 2.736244e-02  4.851987e-02 -1.927404e-03  2.000000e+00
 4.758990e-02  5.015200e-02 -1.042619e-03  2.000000e+00
 6.879947e-02  5.189200e-02 -4.594902e-03  2.000000e+00
 8.887585e-02  5.473110e-02 -1.230307e-02  2.000000e+00
-9.992389e-02  3.643208e-02  6.093688e-03  2.000000e+00
-8.929332e-02  3.758579e-02 -3.718438e-04  2.000000e+00
-7.406360e-02  3.848865e-02 -5.326103e-04  2.000000e+00
-6.928584e-02  3.933556e-02 -1.582151e-03  2.000000e+00
-2.228224e-02  4.685193e-02  3.199086e-03  2.000000e+00
-1.270667e-02  4.978170e-02  9.141147e-03  2.000000e+00
 1.065182e-02  5.061713e-02  4.857321e-03  2.000000e+00
 4.186716e-02  5.301457e-02  1.371298e-03  2.000000e+00
 5.271490e-02  5.420629e-02 -1.362682e-03  2.000000e+00
 7.360647e-02  5.633308e-02 -5.672682e-03  2.000000e+00
-1.002878e-01  3.999461e-02  2.724450e-03  2.000000e+00
-7.522045e-02  4.246015e-02 -2.490149e-03  2.000000e+00
-2.213839e-02  5.101449e-02  6.043392e-03  2.000000e+00
-1.251425e-02  5.267480e-02  8.757380e-03  2.000000e+00
 5.234580e-02  5.835457e-02 -8.735707e-04  2.000000e+00
 5.716762e-02  5.910887e-02 -2.070019e-03  2.000000e+00
 6.817099e-02  6.075912e-02 -2.612623e-03  2.000000e+00
 8.797253e-02  6.205367e-02 -9.432118e-03  2.000000e+00
-5.496654e-02  5.038446e-02 -4.625030e-03  2.000000e+00
-5.046213e-02  5.215419e-02 -2.788962e-03  2.000000e+00
-3.977346e-02  5.453456e-02  1.755881e-03  2.000000e+00
-1.777685e-02  5.556567e-02  9.971144e-03  2.000000e+00
-6.734843e-03  5.634571e-02  4.060511e-03  2.000000e+00
 4.586395e-03  5.746099e-02  2.025631e-03  2.000000e+00
 2.460135e-02  5.920048e-02 -2.777448e-03  2.000000e+00
 3.076747e-02  6.032911e-02 -3.442866e-03  2.000000e+00
 4.125242e-02  6.150909e-02 -1.210005e-03  2.000000e+00
 4.615613e-02  6.145669e-02  1.461668e-03  2.000000e+00
 5.684708e-02  6.269789e-02 -1.319064e-03  2.000000e+00
 6.729202e-02  6.449333e-02 -4.187105e-03  2.000000e+00
-1.015561e-01  4.831430e-02 -5.313706e-03  2.000000e+00
-8.604488e-02  4.971879e-02 -5.620017e-03  2.000000e+00
-6.621855e-02  5.434650e-02 -2.470722e-03  2.000000e+00
-6.054416e-02  5.399784e-02 -4.005230e-03  2.000000e+00
-5.073818e-02  5.643479e-02  1.458245e-03  2.000000e+00
-4.575693e-02  5.734293e-02  3.357958e-03  2.000000e+00
-3.984095e-02  5.784092e-02  1.352710e-03  2.000000e+00
-2.268744e-02  5.889903e-02  6.685733e-03  2.000000e+00
-6.741424e-03  5.968058e-02  3.329783e-03  2.000000e+00
 9.889989e-03  6.192789e-02 -1.417147e-03  2.000000e+00
 8.733985e-02  7.004784e-02 -5.498068e-03  2.000000e+00
-1.067620e-01  5.209121e-02 -6.607537e-03  2.000000e+00
-8.161123e-02  5.506590e-02 -9.667064e-03  2.000000e+00
-7.698127e-02  5.629630e-02 -4.881181e-03  2.000000e+00
-1.803206e-02  6.309217e-02  8.502347e-03  2.000000e+00
 1.920817e-02  6.638232e-02 -3.113485e-04  2.000000e+00
 2.966554e-02  6.713607e-02 -1.882212e-03  2.000000e+00
 6.697292e-02  7.157021e-02 -2.704074e-03  2.000000e+00
 8.732755e-02  7.372031e-02 -4.469857e-03  2.000000e+00
-1.073040e-01  5.644039e-02 -5.844575e-03  2.000000e+00
-8.716161e-02  5.860525e-02 -1.039636e-02  2.000000e+00
-7.791061e-02  6.060698e-02 -1.887908e-03  2.000000e+00
-6.174448e-02  6.168848e-02 -1.823461e-03  2.000000e+00
-5.674973e-02  6.295780e-02  3.425191e-03  2.000000e+00
-1.768537e-02  6.652754e-02  7.223576e-03  2.000000e+00
-1.279947e-02  6.612857e-02  5.769064e-03  2.000000e+00
 8.697625e-03  6.924421e-02 -2.539937e-03  2.000000e+00
 1.905504e-02  7.033222e-02 -1.840147e-03  2.000000e+00
 5.628927e-02  7.372484e-02 -7.892775e-04  2.000000e+00
 6.694790e-02  7.535524e-02 -2.540093e-03  2.000000e+00
 8.184720e-02  7.716250e-02 -6.301850e-03  2.000000e+00
-9.298362e-02  6.144947e-02 -9.737520e-03  2.000000e+00
-6.679394e-02  6.507443e-02 -1.750019e-03  2.000000e+00
-6.210292e-02  6.587195e-02  1.244213e-03  2.000000e+00
-3.511024e-02  6.916715e-02  2.134656e-03  2.000000e+00
 1.853026e-02  7.466246e-02 -2.785758e-03  2.000000e+00
 3.351482e-02  7.597974e-02 -4.200747e-04  2.000000e+00
 3.903376e-02  7.644365e-02 -2.146612e-03  2.000000e+00
 5.049706e-02  7.811257e-02 -2.486634e-04  2.000000e+00
-8.371399e-02  6.760968e-02 -1.289952e-03  2.000000e+00
-5.829526e-02  7.143967e-02  2.161601e-03  2.000000e+00
-4.684661e-02  7.289464e-02  5.584047e-03  2.000000e+00
-4.107745e-02  7.304837e-02  3.664809e-03  2.000000e+00
-3.544081e-02  7.306464e-02  3.184510e-03  2.000000e+00
-1.389975e-02  7.444443e-02  2.352558e-03  2.000000e+00
-2.349661e-03  7.551589e-02 -2.102304e-03  2.000000e+00
 1.312779e-02  7.783900e-02 -4.345064e-03  2.000000e+00
 2.831543e-02  7.915771e-02 -2.595712e-03  2.000000e+00
 4.332386e-02  8.139389e-02 -3.121273e-03  2.000000e+00
 6.522842e-02  8.312164e-02 -4.050517e-04  2.000000e+00
-1.088323e-01  6.728554e-02 -1.050806e-02  2.000000e+00
-6.820925e-02  7.300039e-02 -9.497732e-04  2.000000e+00
-5.264988e-02  7.613842e-02  7.219486e-03  2.000000e+00
-2.487469e-02  7.745908e-02  3.903174e-03  2.000000e+00
-2.681612e-03  7.941839e-02 -3.470964e-03  2.000000e+00
 3.294145e-02  8.392851e-02 -1.363635e-03  2.000000e+00
 3.801090e-02  8.408461e-02 -2.268050e-03  2.000000e+00
 4.841793e-02  8.557470e-02 -3.973573e-03  2.000000e+00
 8.000476e-02  8.947360e-02 -4.187859e-03  2.000000e+00
-9.461489e-02  7.364123e-02 -5.120240e-03  2.000000e+00
-8.422345e-02  7.514436e-02 -1.510365e-03  2.000000e+00
-7.359593e-02  7.643050e-02 -2.829491e-03  2.000000e+00
-5.281031e-02  7.971247e-02  7.029559e-03  2.000000e+00
-4.679514e-02  7.998696e-02  5.152432e-03  2.000000e+00
-3.600422e-02  8.070554e-02  3.749102e-03  2.000000e+00
-2.540602e-02  8.120470e-02  1.917588e-03  2.000000e+00
-3.246331e-03  8.323615e-02 -3.969220e-03  2.000000e+00
 6.816529e-03  8.527519e-02 -4.692075e-03  2.000000e+00
 2.786289e-02  8.657777e-02 -2.851292e-03  2.000000e+00
 3.261917e-02  8.756962e-02 -1.611973e-03  2.000000e+00
 5.319578e-02  8.977134e-02 -4.161639e-03  2.000000e+00
 5.856988e-02  9.064551e-02 -3.762930e-03  2.000000e+00
 7.368266e-02  9.272546e-02 -1.467074e-03  2.000000e+00
