 1.553059e-02 -2.804219e-02 -7.700133e-02  1.000000e+00
 1.758286e-02 -2.168265e-02 -8.631019e-02  1.000000e+00
 1.499270e-02 -2.635043e-02 -7.347213e-02  1.000000e+00
 2.195801e-02 -1.029444e-02 -9.713673e-02  1.000000e+00
 1.356556e-02 -2.830779e-02 -6.550006e-02  1.000000e+00
 1.138026e-02 -3.545117e-02 -5.094844e-02  1.000000e+00
 1.851966e-02 -1.516248e-02 -8.481675e-02  1.000000e+00
 1.532391e-02 -2.031087e-02 -7.336371e-02  1.000000e+00
 1.438519e-02 -2.124884e-02 -6.880453e-02  1.000000e+00
 1.332090e-02 -2.872200e-02 -6.326858e-02  1.000000e+00
 2.715515e-02  2.014696e-03 -1.107656e-01  1.000000e+00
 2.444083e-02  1.718757e-03 -9.685405e-02  1.000000e+00
 1.694598e-02 -1.276789e-02 -7.433035e-02  1.000000e+00
 2.087923e-02 -3.756373e-03 -8.510039e-02  1.000000e+00
 1.772774e-02 -1.211032e-02 -7.714248e-02  1.000000e+00
 2.797664e-02  9.207513e-03 -1.064517e-01  1.000000e+00
 2.634558e-02  5.340165e-03 -1.022658e-01  1.000000e+00
 2.372244e-02  5.712772e-03 -8.793516e-02  1.000000e+00
 2.022704e-02 -2.168373e-03 -7.972778e-02  1.000000e+00
 1.614355e-02 -2.127450e-02 -7.727278e-02  1.000000e+00
 2.176188e-02  9.525574e-04 -8.343466e-02  1.000000e+00
 2.936265e-02  1.928321e-02 -1.043936e-01  1.000000e+00
 2.617193e-02  1.761734e-02 -8.905248e-02  1.000000e+00
 2.391667e-02  1.124218e-02 -8.268556e-02  1.000000e+00
 1.952529e-02 -1.029602e-02 -8.279420e-02  1.000000e+00
 2.562816e-02  2.022489e-02 -8.378188e-02  1.000000e+00
 2.514141e-02  1.481617e-02 -8.551953e-02  1.000000e+00
 2.445049e-02  6.023633e-03 -9.062603e-02  1.000000e+00
 2.089368e-02 -7.200569e-03 -8.657991e-02  1.000000e+00
 2.823749e-02  2.713720e-02 -9.241002e-02  1.000000e+00
 2.604136e-02  2.532328e-02 -8.193268e-02  1.000000e+00
 2.589487e-02  2.219449e-02 -8.329466e-02  1.000000e+00
 2.640333e-02  3.126642e-02 -7.974832e-02  1.000000e+00
 2.706570e-02  2.304714e-02 -8.849707e-02  1.000000e+00
 2.628025e-02  1.256154e-02 -9.297417e-02  1.000000e+00
-1.091033e-01 -8.388183e-02  3.195720e-03  2.000000e+00
-9.788441e-02 -8.292572e-02  1.129844e-03  2.000000e+00
-9.107608e-02 -8.402516e-02 -7.424022e-04  2.000000e+00
-8.152172e-02 -8.267399e-02  2.068686e-03  2.000000e+00
-7.582619e-02 -8.259183e-02  1.176285e-03  2.000000e+00
-6.800929e-02 -8.362555e-02 -1.975376e-03  2.000000e+00
-5.590792e-02 -8.369245e-02 -4.856842e-03  2.000000e+00
-2.532555e-02 -8.217025e-02 -1.195562e-02  2.000000e+00
-9.677560e-04 -8.623807e-02  2.296940e-03  2.000000e+00
 1.716712e-02 -8.278850e-02 -6.217756e-03  2.000000e+00
 2.610376e-02 -8.452770e-02 -1.020112e-02  2.000000e+00
 3.271762e-02 -8.611452e-02 -5.117505e-03  2.000000e+00
 3.734768e-02 -8.967850e-02 -1.629996e-03  2.000000e+00
 4.907532e-02 -9.040932e-02  1.231253e-03  2.000000e+00
 6.539607e-02 -9.977471e-02  9.546154e-03  2.000000e+00
 8.155640e-02 -1.063573e-01  1.863399e-02  2.000000e+00
-1.074018e-01 -8.061387e-02  4.395839e-03  2.000000e+00
-1.006214e-01 -8.154382e-02  2.464119e-03  2.000000e+00
-8.432136e-02 -8.013575e-02 -2.340709e-03  2.000000e+00
-5.735247e-02 -8.170932e-02 -3.156163e-03  2.000000e+00
-4.418320e-02 -8.178642e-02 -7.370833e-03  2.000000e+00
-1.520152e-02 -8.107244e-02 -1.400395e-02  2.000000e+00
 2.500704e-02 -7.845824e-02 -1.184813e-02  2.000000e+00
 4.316625e-02 -8.618318e-02 -3.296052e-03  2.000000e+00
 5.464581e-02 -9.137130e-02  6.479062e-03  2.000000e+00
 6.183858e-02 -9.458046e-02  9.459206e-03  2.000000e+00
 8.023269e-02 -1.032362e-01  1.906060e-02  2.000000e+00
-1.105665e-01 -7.854958e-02  5.933785e-03  2.000000e+00
-1.001424e-01 -8.374264e-02  1.220021e-03  2.000000e+00
-5.979430e-02 -8.017530e-02 -4.415191e-03  2.000000e+00
-5.324913e-02 -8.074582e-02 -6.126451e-03  2.000000e+00
-3.868304e-02 -8.009731e-02 -7.165059e-03  2.000000e+00
-2.712682e-02 -7.740578e-02 -1.053207e-02  2.000000e+00
-2.010121e-02 -7.695382e-02 -1.345754e-02  2.000000e+00
 1.544393e-02 -8.022695e-02 -7.232328e-03  2.000000e+00
 2.174296e-02 -7.699489e-02 -1.140484e-02  2.000000e+00
 4.056660e-02 -7.959745e-02 -2.994986e-03  2.000000e+00
 5.798432e-02 -8.990157e-02  9.193028e-03  2.000000e+00
 6.193463e-02 -9.305085e-02  1.052643e-02  2.000000e+00
 6.804176e-02 -1.014068e-01  1.155087e-02  2.000000e+00
 7.451813e-02 -1.021667e-01  1.613700e-02  2.000000e+00
 8.029873e-02 -9.984450e-02  2.031818e-02  2.000000e+00
 8.539206e-02 -9.693421e-02  2.376160e-02  2.000000e+00
-1.155117e-01 -7.561264e-02  2.124024e-03  2.000000e+00
-7.994585e-02 -7.405384e-02 -3.339542e-03  2.000000e+00
-6.850741e-02 -7.791530e-02 -5.452401e-03  2.000000e+00
-3.566707e-02 -7.715517e-02 -8.690011e-03  2.000000e+00
-1.413074e-02 -7.346767e-02 -1.691837e-02  2.000000e+00
 1.792090e-02 -7.934707e-02 -9.204817e-03  2.000000e+00
 2.559076e-02 -7.117358e-02 -1.265428e-02  2.000000e+00
 2.891267e-02 -7.105685e-02 -9.675401e-03  2.000000e+00
 3.704529e-02 -7.376059e-02 -4.269432e-03  2.000000e+00
 5.494982e-02 -8.326757e-02  8.306055e-03  2.000000e+00
 5.913786e-02 -8.693744e-02  1.082536e-02  2.000000e+00
 8.262357e-02 -9.581502e-02  2.285463e-02  2.000000e+00
-1.250633e-01 -7.049651e-02  1.574512e-03  2.000000e+00
-1.204245e-01 -7.015260e-02  1.256396e-03  2.000000e+00
-1.148842e-01 -7.120729e-02  7.511985e-04  2.000000e+00
-8.689425e-02 -7.150602e-02 -2.024170e-03  2.000000e+00
-7.390466e-02 -7.368429e-02 -4.409101e-03  2.000000e+00
-6.669351e-02 -7.426647e-02 -7.239129e-03  2.000000e+00
-4.131941e-02 -7.408986e-02 -6.888031e-03  2.000000e+00
-1.983976e-02 -7.200983e-02 -1.365949e-02  2.000000e+00
-1.325315e-02 -7.096703e-02 -1.628832e-02  2.000000e+00
 4.526625e-02 -7.700986e-02  2.798589e-03  2.000000e+00
 6.606232e-02 -8.899995e-02  1.474894e-02  2.000000e+00
-1.092840e-01 -6.999159e-02  1.405701e-03  2.000000e+00
-4.924502e-02 -7.213965e-02 -8.236050e-03  2.000000e+00
-2.831569e-02 -7.187091e-02 -1.188786e-02  2.000000e+00
-2.164775e-02 -7.184843e-02 -1.291919e-02  2.000000e+00
-5.402785e-03 -6.817527e-02 -1.949274e-02  2.000000e+00
 2.457613e-02 -6.257717e-02 -1.019883e-02  2.000000e+00
 3.269934e-02 -6.565520e-02 -3.958967e-03  2.000000e+00
 3.607915e-02 -6.892841e-02 -2.737089e-03  2.000000e+00
 4.084743e-02 -7.232838e-02  1.081612e-03  2.000000e+00
 5.825858e-02 -8.003804e-02  1.205073e-02  2.000000e+00
 6.302504e-02 -8.279466e-02  1.459106e-02  2.000000e+00
 7.043560e-02 -8.818732e-02  1.766374e-02  2.000000e+00
 8.954458e-02 -8.335469e-02  2.835202e-02  2.000000e+00
-1.219605e-01 -6.412802e-02  2.599564e-03  2.000000e+00
-1.042737e-01 -6.684928e-02  2.017384e-03  2.000000e+00
-8.603466e-02 -7.246496e-02 -5.660038e-04  2.000000e+00
-5.607186e-02 -7.037826e-02 -5.697615e-03  2.000000e+00
-4.230247e-02 -7.034084e-02 -1.066939e-02  2.000000e+00
-2.017267e-03 -6.672035e-02 -2.087742e-02  2.000000e+00
-1.252746e-04 -6.392812e-02 -2.009489e-02  2.000000e+00
 2.806440e-02 -6.083300e-02 -5.735276e-03  2.000000e+00
 3.273583e-02 -6.286478e-02 -2.980079e-03  2.000000e+00
 4.784355e-02 -7.501837e-02  6.796028e-03  2.000000e+00
 7.852850e-02 -9.282066e-02  2.101846e-02  2.000000e+00
 9.000786e-02 -7.919438e-02  2.912434e-02  2.000000e+00
-1.096898e-01 -6.496617e-02  3.355582e-03  2.000000e+00
-3.027768e-04 -6.112046e-02 -1.774361e-02  2.000000e+00
 2.207479e-02 -5.756303e-02 -8.795496e-03  2.000000e+00
 2.788895e-02 -5.857009e-02 -4.522496e-03  2.000000e+00
 3.272368e-02 -6.060479e-02 -2.280650e-03  2.000000e+00
 5.613250e-02 -7.548013e-02  1.221879e-02  2.000000e+00
 6.108574e-02 -7.560168e-02  1.506621e-02  2.000000e+00
 6.534334e-02 -7.656404e-02  1.747898e-02  2.000000e+00
 6.898889e-02 -7.978681e-02  1.887583e-02  2.000000e+00
-1.118046e-01 -6.204503e-02  3.675042e-03  2.000000e+00
-8.183700e-02 -6.449552e-02  1.143993e-03  2.000000e+00
-7.322938e-02 -6.207766e-02  1.107794e-03  2.000000e+00
-2.426973e-02 -6.272072e-02 -1.214231e-02  2.000000e+00
-1.270840e-03 -5.862467e-02 -1.634351e-02  2.000000e+00
 2.953509e-03 -5.637650e-02 -1.642467e-02  2.000000e+00
 1.462242e-02 -5.540950e-02 -1.402513e-02  2.000000e+00
 3.946173e-02 -5.785564e-02 -3.162233e-03  2.000000e+00
 7.078470e-02 -7.588163e-02  2.047026e-02  2.000000e+00
 7.477641e-02 -7.372234e-02  2.243636e-02  2.000000e+00
 9.837114e-02 -6.809161e-02  3.460572e-02  2.000000e+00
-7.842495e-02 -6.020097e-02  2.702138e-03  2.000000e+00
-7.232841e-02 -6.094475e-02  1.972782e-03  2.000000e+00
-6.024418e-02 -6.297880e-02 -1.352157e-03  2.000000e+00
-3.498409e-02 -6.149037e-02 -7.245063e-03  2.000000e+00
-2.196506e-02 -6.080376e-02 -1.147128e-02  2.000000e+00
-3.708871e-03 -5.594604e-02 -1.755886e-02  2.000000e+00
 3.688905e-02 -5.435581e-02 -5.692005e-03  2.000000e+00
 4.562505e-02 -5.542557e-02 -2.444583e-03  2.000000e+00
 6.568892e-02 -6.812612e-02  1.847650e-02  2.000000e+00
 7.697229e-02 -6.943728e-02  2.403581e-02  2.000000e+00
 1.024153e-01 -6.234476e-02  3.737915e-02  2.000000e+00
-1.251253e-01 -4.972498e-02  4.038616e-03  2.000000e+00
-1.048207e-01 -5.444399e-02  5.532524e-03  2.000000e+00
-5.997649e-02 -6.052797e-02  9.163154e-05  2.000000e+00
 4.385615e-02 -5.325983e-02 -2.416709e-03  2.000000e+00
 4.722190e-02 -5.189311e-02 -1.315290e-03  2.000000e+00
 6.896382e-02 -6.378364e-02  2.041178e-02  2.000000e+00
 1.073638e-01 -5.414482e-02  4.124962e-02  2.000000e+00
-1.239723e-01 -4.586712e-02  4.350688e-03  2.000000e+00
-8.456640e-02 -5.627742e-02  5.145983e-03  2.000000e+00
-7.880465e-02 -5.735472e-02  4.763732e-03  2.000000e+00
-7.284260e-02 -5.813273e-02  4.060806e-03  2.000000e+00
-5.947942e-02 -5.957797e-02  4.475596e-04  2.000000e+00
-4.627583e-02 -6.057358e-02 -3.423025e-03  2.000000e+00
 9.426827e-03 -4.737653e-02 -2.340258e-02  2.000000e+00
 2.128351e-02 -5.041190e-02 -1.553997e-02  2.000000e+00
 8.332712e-02 -6.001549e-02  2.786549e-02  2.000000e+00
 1.113241e-01 -4.811887e-02  3.693459e-02  2.000000e+00
-1.222627e-01 -4.232008e-02  4.803435e-03  2.000000e+00
-9.259647e-02 -5.455370e-02  6.956937e-03  2.000000e+00
 7.614896e-02 -5.448816e-02  2.426241e-02  2.000000e+00
 1.112044e-01 -4.377503e-02  3.369695e-02  2.000000e+00
 1.142203e-01 -4.731187e-02  3.810724e-02  2.000000e+00
-1.131415e-01 -4.313938e-02  6.742068e-03  2.000000e+00
-9.626995e-02 -5.274292e-02  7.793260e-03  2.000000e+00
-8.140696e-02 -5.759405e-02  6.261550e-03  2.000000e+00
 5.320766e-02 -4.282146e-02  1.978066e-03  2.000000e+00
 5.439197e-02 -4.034665e-02  2.899937e-03  2.000000e+00
-1.036988e-01 -4.963845e-02  8.982103e-03  2.000000e+00
-9.488514e-02 -5.431724e-02  8.564736e-03  2.000000e+00
 9.507001e-02 -4.272785e-02  2.861735e-02  2.000000e+00
-1.270991e-01 -2.585396e-02  6.258032e-03  2.000000e+00
-1.066777e-01 -4.642843e-02  9.194930e-03  2.000000e+00
-8.978940e-02 -5.707827e-02  7.999583e-03  2.000000e+00
 8.764261e-02 -3.492869e-02  2.270719e-02  2.000000e+00
 9.207607e-02 -3.740816e-02  2.479028e-02  2.000000e+00
 9.646532e-02 -3.811796e-02  2.708600e-02  2.000000e+00
 1.004980e-01 -3.786889e-02  2.927553e-02  2.000000e+00
 1.097299e-01 -3.743746e-02  3.459733e-02  2.000000e+00
-1.216861e-01 -2.381736e-02  6.408399e-03  2.000000e+00
-1.184101e-01 -2.890405e-02  5.834618e-03  2.000000e+00
-1.150922e-01 -3.500061e-02  6.244324e-03  2.000000e+00
 6.462746e-02 -2.667271e-02  9.018867e-03  2.000000e+00
 6.953475e-02 -2.690775e-02  1.248640e-02  2.000000e+00
 8.216360e-02 -3.123957e-02  2.036510e-02  2.000000e+00
 1.010890e-01 -3.395712e-02  3.004453e-02  2.000000e+00
-1.214489e-01 -1.982153e-02  7.228004e-03  2.000000e+00
-1.086690e-01 -5.097022e-02  1.108755e-02  2.000000e+00
 6.677227e-02 -2.213943e-02  9.665382e-03  2.000000e+00
 7.606019e-02 -2.950688e-02  1.714043e-02  2.000000e+00
 8.085580e-02 -2.814007e-02  2.005730e-02  2.000000e+00
 9.569986e-02 -3.002295e-02  2.771551e-02  2.000000e+00
 1.068159e-01 -2.929549e-02  3.411762e-02  2.000000e+00
-1.253336e-01 -1.328529e-02  9.379571e-03  2.000000e+00
 7.897736e-02 -2.687189e-02  1.867144e-02  2.000000e+00
 8.146069e-02 -2.405475e-02  2.071025e-02  2.000000e+00
 8.968058e-02 -2.619688e-02  2.483179e-02  2.000000e+00
-1.247669e-01 -7.364784e-03  1.124302e-02  2.000000e+00
-1.212993e-01 -1.844026e-02  7.406392e-03  2.000000e+00
-1.108123e-01 -4.598010e-02  1.084850e-02  2.000000e+00
 7.170376e-02 -9.959570e-03  1.150740e-02  2.000000e+00
 7.089307e-02 -1.204634e-02  1.123936e-02  2.000000e+00
 8.164387e-02 -2.388251e-02  1.995840e-02  2.000000e+00
 8.361858e-02 -1.911206e-02  2.227823e-02  2.000000e+00
 1.031535e-01 -2.110383e-02  3.266770e-02  2.000000e+00
 1.075191e-01 -2.086671e-02  3.481015e-02  2.000000e+00
-1.256870e-01 -6.650298e-04  1.485928e-02  2.000000e+00
 7.368056e-02 -4.696552e-03  1.180357e-02  2.000000e+00
 8.417934e-02 -1.909642e-02  2.167191e-02  2.000000e+00
 1.057610e-01 -1.546763e-02  3.379945e-02  2.000000e+00
 1.122823e-01 -2.046884e-02  3.668863e-02  2.000000e+00
-1.281406e-01  5.219286e-03  1.873090e-02  2.000000e+00
 7.923845e-02 -8.448446e-04  1.152263e-02  2.000000e+00
 7.562297e-02  6.954396e-04  1.164114e-02  2.000000e+00
 8.909963e-02 -6.108045e-03  2.426406e-02  2.000000e+00
-1.268267e-01  1.316590e-02  2.262587e-02  2.000000e+00
-1.203983e-01 -3.019217e-02  9.646345e-03  2.000000e+00
 9.953725e-02 -8.737212e-03  2.999886e-02  2.000000e+00
 7.835568e-02  1.208355e-02  1.103741e-02  2.000000e+00
-1.299770e-01  2.438144e-02  2.693636e-02  2.000000e+00
-1.268408e-01  3.022593e-02  2.794540e-02  2.000000e+00
-1.275159e-01  3.519510e-02  2.852729e-02  2.000000e+00
-1.248585e-01 -1.973962e-02  1.094738e-02  2.000000e+00
 8.107662e-02  1.469725e-02  1.067583e-02  2.000000e+00
 7.934743e-02  1.762377e-02  1.048431e-02  2.000000e+00
 9.371232e-02  1.151566e-02  2.327691e-02  2.000000e+00
 1.041899e-01  5.495028e-03  3.020395e-02  2.000000e+00
 1.120123e-01  8.096337e-03  3.208399e-02  2.000000e+00
-1.304083e-01  3.531637e-02  2.919766e-02  2.000000e+00
-1.265526e-01 -1.011319e-02  1.326692e-02  2.000000e+00
-1.278918e-01 -6.412021e-03  1.453941e-02  2.000000e+00
-1.358064e-01 -4.158419e-03  1.669468e-02  2.000000e+00
 9.755724e-02  1.702639e-02  2.431846e-02  2.000000e+00
 1.053912e-01  1.200904e-02  2.945645e-02  2.000000e+00
 1.082628e-01  9.853517e-03  3.065469e-02  2.000000e+00
-1.257788e-01  4.748846e-02  2.689972e-02  2.000000e+00
-1.286087e-01  2.488692e-04  1.723577e-02  2.000000e+00
 7.967719e-02  3.143478e-02  1.041882e-02  2.000000e+00
 1.102178e-01  1.124975e-02  3.104418e-02  2.000000e+00
-1.297080e-01 -2.673615e-03  1.588700e-02  2.000000e+00
-1.284025e-01  6.489141e-03  2.053532e-02  2.000000e+00
-1.395644e-01  6.914543e-03  2.305921e-02  2.000000e+00
 8.945885e-02  3.474612e-02  1.737758e-02  2.000000e+00
 9.408705e-02  3.185346e-02  2.104464e-02  2.000000e+00
 9.555431e-02  2.849866e-02  2.218248e-02  2.000000e+00
 9.932659e-02  2.730863e-02  2.404888e-02  2.000000e+00
-1.263395e-01  5.334416e-02  2.409997e-02  2.000000e+00
-1.236829e-01  6.150888e-02  2.350822e-02  2.000000e+00
-1.286224e-01  1.373049e-02  2.430661e-02  2.000000e+00
-1.380442e-01  1.568131e-02  2.711170e-02  2.000000e+00
-1.433706e-01  1.129234e-02  2.602508e-02  2.000000e+00
 7.144107e-02  6.473323e-02 -2.210848e-03  2.000000e+00
 9.404427e-02  3.741781e-02  2.002737e-02  2.000000e+00
 9.646263e-02  3.308476e-02  2.194043e-02  2.000000e+00
 1.002965e-01  3.201088e-02  2.373686e-02  2.000000e+00
-1.386367e-01  2.254310e-02  2.977859e-02  2.000000e+00
-1.414272e-01  1.917083e-02  2.923519e-02  2.000000e+00
-1.446236e-01  1.677851e-02  2.886710e-02  2.000000e+00
 2.833340e-02  5.338742e-02 -6.140262e-02  2.000000e+00
 7.672726e-02  4.977697e-02  5.215544e-03  2.000000e+00
 8.374960e-02  4.368288e-02  1.184921e-02  2.000000e+00
 8.967868e-02  4.345165e-02  1.575657e-02  2.000000e+00
 1.025352e-01  3.503058e-02  2.417208e-02  2.000000e+00
 1.070922e-01  3.652610e-02  2.544095e-02  2.000000e+00
 1.116955e-01  3.814797e-02  2.668295e-02  2.000000e+00
-1.247915e-01  6.645879e-02  2.111264e-02  2.000000e+00
-1.281055e-01  4.984382e-02  2.929526e-02  2.000000e+00
-1.281452e-01  4.094393e-02  3.079943e-02  2.000000e+00
-1.283440e-01  3.146548e-02  3.005081e-02  2.000000e+00
-1.302947e-01  2.524346e-02  2.882323e-02  2.000000e+00
-1.347085e-01  2.594029e-02  3.000434e-02  2.000000e+00
-1.468953e-01  1.973159e-02  3.054462e-02  2.000000e+00
 5.572251e-02  7.704095e-02 -1.691817e-02  2.000000e+00
 6.671353e-02  7.657993e-02 -6.559343e-03  2.000000e+00
 7.655919e-02  5.427055e-02  3.947375e-03  2.000000e+00
 1.015494e-01  3.800757e-02  2.278076e-02  2.000000e+00
 1.084725e-01  3.737326e-02  2.584324e-02  2.000000e+00
 1.118088e-01  4.025017e-02  2.857087e-02  2.000000e+00
-1.208746e-01  7.568483e-02  1.928817e-02  2.000000e+00
-1.174587e-01  8.003181e-02  1.795179e-02  2.000000e+00
-1.303592e-01  4.385540e-02  3.117412e-02  2.000000e+00
-1.303932e-01  3.442160e-02  3.106598e-02  2.000000e+00
-1.323442e-01  2.814169e-02  3.010657e-02  2.000000e+00
-1.357857e-01  2.611383e-02  3.026695e-02  2.000000e+00
-1.465344e-01  2.356349e-02  3.175359e-02  2.000000e+00
-1.493127e-01  1.997956e-02  3.112293e-02  2.000000e+00
 4.063052e-02  7.735863e-02 -2.643976e-02  2.000000e+00
 7.128530e-02  6.957289e-02 -3.036432e-03  2.000000e+00
 8.912907e-02  4.834460e-02  1.251535e-02  2.000000e+00
 1.061835e-01  4.219316e-02  2.670444e-02  2.000000e+00
 1.212977e-01  4.315730e-02  3.129882e-02  2.000000e+00
-1.204030e-01  8.009096e-02  1.839479e-02  2.000000e+00
-1.121997e-01  8.608473e-02  1.475407e-02  2.000000e+00
-1.320667e-01  4.296251e-02  3.180824e-02  2.000000e+00
-1.324803e-01  3.742626e-02  3.194226e-02  2.000000e+00
 2.680977e-02  6.825980e-02 -4.796123e-02  2.000000e+00
 3.161807e-02  7.180368e-02 -3.910302e-02  2.000000e+00
 5.022953e-02  8.092424e-02 -1.453772e-02  2.000000e+00
 8.599266e-02  5.713291e-02  7.864020e-03  2.000000e+00
 9.070303e-02  5.451992e-02  1.753741e-02  2.000000e+00
 1.068951e-01  4.942119e-02  3.355871e-02  2.000000e+00
-1.208982e-01  8.378482e-02  1.758315e-02  2.000000e+00
-1.348716e-01  4.283919e-02  3.262226e-02  2.000000e+00
 2.421755e-02  7.306926e-02 -4.660202e-02  2.000000e+00
 2.926882e-02  7.688456e-02 -3.720598e-02  2.000000e+00
 8.925223e-02  6.030200e-02  1.953161e-02  2.000000e+00
 9.313999e-02  6.014166e-02  2.146784e-02  2.000000e+00
 1.034236e-01  5.514666e-02  3.070032e-02  2.000000e+00
 1.255376e-01  4.487079e-02  3.270204e-02  2.000000e+00
-7.566012e-02  1.250402e-01  2.338477e-03  2.000000e+00
-6.999129e-02  1.261967e-01  1.002365e-03  2.000000e+00
-7.077632e-02  1.332353e-01 -1.206737e-03  2.000000e+00
 2.421029e-02  7.940695e-02 -3.775195e-02  2.000000e+00
 2.905429e-02  8.287488e-02 -2.836623e-02  2.000000e+00
 4.047069e-02  8.626729e-02 -1.656898e-02  2.000000e+00
 7.047092e-02  8.278292e-02  2.008436e-03  2.000000e+00
 7.537786e-02  8.076853e-02  5.179067e-03  2.000000e+00
 8.238469e-02  6.874869e-02  1.322610e-02  2.000000e+00
 8.593606e-02  6.789946e-02  1.495527e-02  2.000000e+00
 9.446064e-02  6.243143e-02  2.107399e-02  2.000000e+00
 1.051321e-01  5.845231e-02  3.046024e-02  2.000000e+00
-1.248570e-01  8.913470e-02  1.728839e-02  2.000000e+00
-1.006749e-01  1.041977e-01  7.928066e-03  2.000000e+00
-7.783239e-02  1.190255e-01  4.355578e-03  2.000000e+00
-7.251607e-02  1.201761e-01  3.272028e-03  2.000000e+00
-6.538583e-02  1.252521e-01  4.635275e-04  2.000000e+00
-6.766759e-02  1.291369e-01 -4.298617e-04  2.000000e+00
-6.959423e-02  1.332642e-01 -1.476153e-03  2.000000e+00
 2.046871e-02  8.163848e-02 -4.027381e-02  2.000000e+00
 2.721736e-02  8.656804e-02 -2.419378e-02  2.000000e+00
 4.596721e-02  8.994664e-02 -1.560980e-02  2.000000e+00
 1.232308e-01  5.785842e-02  3.930158e-02  2.000000e+00
-1.197973e-01  9.747680e-02  1.351928e-02  2.000000e+00
-9.398464e-02  1.121112e-01  5.837235e-03  2.000000e+00
-9.014932e-02  1.158472e-01  5.305272e-03  2.000000e+00
 1.778953e-02  8.777963e-02 -3.474451e-02  2.000000e+00
 6.046576e-02  8.955889e-02 -4.904892e-03  2.000000e+00
 7.266113e-02  8.994356e-02  2.036441e-03  2.000000e+00
 1.065935e-01  6.665793e-02  2.921549e-02  2.000000e+00
 1.222079e-01  6.450744e-02  3.680024e-02  2.000000e+00
-1.159762e-01  1.035653e-01  1.093467e-02  2.000000e+00
-9.700065e-02  1.125643e-01  6.066366e-03  2.000000e+00
-8.538617e-02  1.157926e-01  5.389074e-03  2.000000e+00
-6.430896e-02  1.189517e-01  2.440429e-03  2.000000e+00
-5.892915e-02  1.199292e-01  1.096501e-03  2.000000e+00
 1.616263e-02  9.139312e-02 -2.935692e-02  2.000000e+00
 1.783142e-02  9.314161e-02 -2.223829e-02  2.000000e+00
 5.172121e-02  9.325190e-02 -1.312660e-02  2.000000e+00
 5.708304e-02  9.397174e-02 -1.279083e-03  2.000000e+00
 9.602639e-02  7.501131e-02  1.831908e-02  2.000000e+00
 1.067585e-01  7.124265e-02  2.758653e-02  2.000000e+00
 1.189498e-01  7.573039e-02  3.110549e-02  2.000000e+00
-1.013445e-01  1.157865e-01  6.028739e-03  2.000000e+00
-6.905023e-02  1.167690e-01  3.786229e-03  2.000000e+00
-6.140439e-02  1.168666e-01  2.622486e-03  2.000000e+00
-2.103588e-02  1.128813e-01 -8.855026e-03  2.000000e+00
 5.409831e-02  9.789684e-02  1.738615e-03  2.000000e+00
 7.925227e-02  9.649861e-02  1.295845e-03  2.000000e+00
 8.428316e-02  9.925241e-02  3.666477e-03  2.000000e+00
 9.222351e-02  8.532769e-02  1.266040e-02  2.000000e+00
-9.133150e-02  1.198314e-01  4.904059e-03  2.000000e+00
-5.190185e-02  1.164084e-01  7.722778e-04  2.000000e+00
-3.319394e-02  1.137950e-01 -4.117653e-03  2.000000e+00
-2.587938e-02  1.122842e-01 -6.335647e-03  2.000000e+00
-1.867711e-02  1.105277e-01 -8.651996e-03  2.000000e+00
 9.478077e-03  9.871240e-02 -1.925634e-02  2.000000e+00
 1.791923e-02  1.035479e-01 -1.731136e-02  2.000000e+00
 4.625950e-02  1.003265e-01  6.117322e-05  2.000000e+00
 8.337727e-02  1.006807e-01 -3.539356e-05  2.000000e+00
 8.983031e-02  9.424398e-02  8.133444e-03  2.000000e+00
 1.095155e-01  7.794249e-02  2.606321e-02  2.000000e+00
-1.125703e-01  1.166470e-01  7.039169e-03  2.000000e+00
-6.428731e-02  1.197593e-01  2.217132e-03  2.000000e+00
-4.249389e-02  1.152804e-01 -1.567366e-03  2.000000e+00
-3.975883e-03  1.055262e-01 -1.390768e-02  2.000000e+00
 1.966157e-02  1.055393e-01 -1.213751e-02  2.000000e+00
 8.469894e-02  1.017555e-01  6.611308e-04  2.000000e+00
 9.064647e-02  1.007112e-01  5.470668e-03  2.000000e+00
 9.430253e-02  9.250172e-02  1.012973e-02  2.000000e+00
 1.224728e-01  8.589238e-02  2.857288e-02  2.000000e+00
-9.582143e-02  1.252559e-01  4.254010e-03  2.000000e+00
-8.471291e-02  1.228628e-01  4.228524e-03  2.000000e+00
-7.150354e-02  1.214850e-01  2.826869e-03  2.000000e+00
-3.964792e-02  1.154751e-01 -2.589600e-03  2.000000e+00
-3.319373e-02  1.137944e-01 -4.117904e-03  2.000000e+00
-1.867747e-02  1.105285e-01 -8.651661e-03  2.000000e+00
-5.624698e-03  1.066221e-01 -1.356199e-02  2.000000e+00
 2.161819e-02  1.069017e-01 -9.562843e-03  2.000000e+00
 3.484515e-02  1.059560e-01  7.368574e-04  2.000000e+00
 8.893976e-02  1.059838e-01 -4.425483e-04  2.000000e+00
 8.761690e-02  1.042159e-01  7.675110e-04  2.000000e+00
 1.007022e-01  9.305482e-02  1.411095e-02  2.000000e+00
 1.062368e-01  9.181109e-02  1.898049e-02  2.000000e+00
 1.176956e-01  8.649913e-02  2.604311e-02  2.000000e+00
