-1.3264499578  0.2063259444 -1.0105566782  1.0000000000
-1.3266061646 -0.1033763770 -0.9003699419  1.0000000000
-1.3264579826  0.1947844535 -0.8585303549  1.0000000000
-1.3267441827 -0.4130683220 -0.7901650079  1.0000000000
-1.3263836980  0.3323262401 -0.6855688820  1.0000000000
-1.3262116027  0.6304859750 -0.6437058116  1.0000000000
-1.3266155023 -0.1264705577 -0.5963007395  1.0000000000
-1.3264673179  0.1716984113 -0.5544544823  1.0000000000
-1.3263885563  0.3092417518 -0.3814800377  1.0000000000
-1.3261244373  0.7564828885 -0.3186892022  1.0000000000
-1.3268643866 -0.7458282911 -0.3758907491  1.0000000000
-1.3267481173 -0.4477167147 -0.3340548548  1.0000000000
-1.3264677008  0.1486089930 -0.2503569183  1.0000000000
-1.3266127197 -0.1611110736 -0.1401587868  1.0000000000
-1.3263004065  0.4352397724 -0.0564472906  1.0000000000
-1.3268558139 -0.7689213253 -0.0718193588  1.0000000000
-1.3267996754 -0.6198719501 -0.0508925395  1.0000000000
-1.3266754250 -0.3217375352 -0.0090359550  1.0000000000
-1.3264591312  0.1255170439  0.0537512041  1.0000000000
-1.3261149430  0.7218534305  0.1374573709  1.0000000000
-1.3263714185  0.2630593031  0.2267341268  1.0000000000
-1.3268382842 -0.7920051317  0.2322529886  1.0000000000
-1.3266578988 -0.3448268187  0.2950614112  1.0000000000
-1.3265176933 -0.0466639388  0.3369281051  1.0000000000
-1.3260974283  0.6987557474  0.4415554104  1.0000000000
-1.3265776702 -0.2072925802  0.4680432472  1.0000000000
-1.3264294916  0.0908762243  0.5099088304  1.0000000000
-1.3262653698  0.3890481653  0.5517621080  1.0000000000
-1.3260853157  0.6872038096  0.5936003524  1.0000000000
-1.3266955356 -0.5169786180  0.5782060375  1.0000000000
-1.3265633120 -0.2188362081  0.6200867572  1.0000000000
-1.3264912175 -0.0697552691  0.6410224545  1.0000000000
-1.3265467157 -0.2303789251  0.7721246847  1.0000000000
-1.3263985428  0.0677816471  0.8139946403  1.0000000000
-1.3262344275  0.3659458563  0.8558456955  1.0000000000
 0.1217099930 -2.7287599017 -3.7797015643  2.0000000000
 0.1219933888 -2.4004630768 -3.7342162674  2.0000000000
 0.1221293105 -2.2362516063 -3.7114379771  2.0000000000
 0.1223895903 -1.9077160169 -3.6658119814  2.0000000000
 0.1225139443 -1.7433971747 -3.6429650089  2.0000000000
 0.1226344383 -1.5790479147 -3.6200958893  2.0000000000
 0.1228638385 -1.2502687044 -3.5742926787  2.0000000000
 0.1233696596 -0.4279749933 -3.4594230848  2.0000000000
 0.1237045970  0.2300390577 -3.3671801765  2.0000000000
 0.1239150719  0.7235416228 -3.2978111987  2.0000000000
 0.1240359764  1.0524993780 -3.2514819051  2.0000000000
 0.1240906021  1.2169570794 -3.2282933905  2.0000000000
 0.1241413421  1.3813970438 -3.2050894742  2.0000000000
 0.1242702403  1.8745839915 -3.1353890585  2.0000000000
 0.1243876624  2.5317565080 -3.0422624020  2.0000000000
 0.1244348806  3.0242348765 -2.9722860733  2.0000000000
 0.1219022831 -2.5775131091 -3.5895583627  2.0000000000
 0.1220420645 -2.4133342977 -3.5667876910  2.0000000000
 0.1224382891 -1.9205613073 -3.4983407815  2.0000000000
 0.1229125643 -1.2630784288 -3.4067773470  2.0000000000
 0.1231265137 -0.9341913219 -3.3608733821  2.0000000000
 0.1235936447 -0.1117201559 -3.2457808538  2.0000000000
 0.1240262506  0.8753402633 -3.1070962117  2.0000000000
 0.1242799573  1.6975772949 -2.9911028143  2.0000000000
 0.1243542279  2.0263111799 -2.9446092589  2.0000000000
 0.1244129408  2.3549210750 -2.8980652610  2.0000000000
 0.1244836795  3.0116833148 -2.8048380600  2.0000000000
 0.1219487731 -2.5903865086 -3.4221154076  2.0000000000
 0.1222244994 -2.2619715818 -3.3765203313  2.0000000000
 0.1229591094 -1.2758858367 -3.2392321620  2.0000000000
 0.1230680238 -1.1114436301 -3.2162813616  2.0000000000
 0.1232742468 -0.7825021694 -3.1703235927  2.0000000000
 0.1234649847 -0.4535025545 -3.1242934359  2.0000000000
 0.1235545428 -0.2889875856 -3.1012521419  2.0000000000
 0.1239441681  0.5336313694 -2.9857985799  2.0000000000
 0.1240104512  0.6981452961 -2.9626610717  2.0000000000
 0.1242835983  1.5205181559 -2.8467602877  2.0000000000
 0.1244321428  2.1780200038 -2.7538063707  2.0000000000
 0.1244595548  2.3423181052 -2.7305386398  2.0000000000
 0.1245027066  2.6708028282 -2.6839707153  2.0000000000
 0.1245184456  2.8349840799 -2.6606712826  2.0000000000
 0.1245302930  2.9991210453 -2.6373620395  2.0000000000
 0.1245382485  3.1632110895 -2.6140433598  2.0000000000
 0.1219930851 -2.6032534677 -3.2546435839  2.0000000000
 0.1226535229 -1.7818951137 -3.1404255806  2.0000000000
 0.1228906872 -1.4531184729 -3.0945997752  2.0000000000
 0.1234159366 -0.6307805901 -2.9797148165  2.0000000000
 0.1236846220 -0.1372131801 -2.9105790676  2.0000000000
 0.1239885787  0.5209189460 -2.8181801583  2.0000000000
 0.1241172672  0.8499549518 -2.7718940738  2.0000000000
 0.1241757851  1.0144560525 -2.7487306939  2.0000000000
 0.1242811635  1.3434111328 -2.7023651340  2.0000000000
 0.1244452679  2.0010577513 -2.6094893955  2.0000000000
 0.1244765707  2.1653989345 -2.5862425296  2.0000000000
 0.1245747205  2.9865481829 -2.4698595429  2.0000000000
 0.1217440631 -2.9443817097 -3.1327195870  2.0000000000
 0.1218915649 -2.7802711000 -3.1099423712  2.0000000000
 0.1220352187 -2.6161138690 -3.0871444230  2.0000000000
 0.1225713085 -1.9590707873 -2.9957525415  2.0000000000
 0.1228162081 -1.6303381289 -2.9499417486  2.0000000000
 0.1229328645 -1.4659283904 -2.9270089445  2.0000000000
 0.1233608236 -0.8080622587 -2.8351036936  2.0000000000
 0.1236411456 -0.3144991103 -2.7660024993  2.0000000000
 0.1237268355 -0.1499611889 -2.7429379557  2.0000000000
 0.1244132326  1.6596298462 -2.4883350843  2.0000000000
 0.1245462254  2.3170865052 -2.3954066312  2.0000000000
 0.1222149834 -2.4647597839 -2.8967853798  2.0000000000
 0.1232996473 -0.9853430855 -2.6904637472  2.0000000000
 0.1235916017 -0.4917941499 -2.6213929883  2.0000000000
 0.1236811717 -0.3272554423 -2.5983396535  2.0000000000
 0.1238486805  0.0018394115 -2.5521906245  2.0000000000
 0.1241995442  0.8245537705 -2.4365884234  2.0000000000
 0.1243127023  1.1535741691 -2.3902635929  2.0000000000
 0.1243634515  1.3180596432 -2.3670846970  2.0000000000
 0.1244103131  1.4825250770 -2.3438953150  2.0000000000
 0.1245275644  1.9757744220 -2.2742680202  2.0000000000
 0.1245588682  2.1401329836 -2.2510404617  2.0000000000
 0.1246098029  2.4687471487 -2.2045599331  2.0000000000
 0.1246649695  3.1254892073 -2.1115077588  2.0000000000
 0.1219692823 -2.8059841142 -2.7749014092  2.0000000000
 0.1223887281 -2.3133453228 -2.7063525024  2.0000000000
 0.1227734778 -1.8203565661 -2.6376431924  2.0000000000
 0.1232324092 -1.1626185011 -2.5457986447  2.0000000000
 0.1234386691 -0.8336176936 -2.4997836023  2.0000000000
 0.1238865288 -0.0109031170 -2.3844994536  2.0000000000
 0.1239644678  0.1536548557 -2.3614033552  2.0000000000
 0.1242959282  0.9763725085 -2.2457472207  2.0000000000
 0.1243505659  1.1408829090 -2.2225834922  2.0000000000
 0.1244911533  1.6342995660 -2.1530340996  2.0000000000
 0.1246830389  2.7845941246 -1.9904609890  2.0000000000
 0.1247028362  3.1128935974 -1.9439502338  2.0000000000
 0.1224243353 -2.3261742792 -2.5387502041  2.0000000000
 0.1240001337  0.1409178323 -2.1936894776  2.0000000000
 0.1242730787  0.7991376485 -2.1011915267  2.0000000000
 0.1243316041  0.9636695980 -2.0780416042  2.0000000000
 0.1243862432  1.1281870270 -2.0548822557  2.0000000000
 0.1245659191  1.7860576116 -1.9621581953  2.0000000000
 0.1246011143  1.9504621167 -1.9389573959  2.0000000000
 0.1246324188  2.1148360530 -1.9157494322  2.0000000000
 0.1246598320  2.2791766849 -1.8925346901  2.0000000000
 0.1223217883 -2.5032632404 -2.3940241340  2.0000000000
 0.1228425407 -1.8459757009 -2.3023403918  2.0000000000
 0.1230797545 -1.5171351994 -2.2564076980  2.0000000000
 0.1237881442 -0.3655253167 -2.0952174202  2.0000000000
 0.1240336141  0.1281793129 -2.0259555736  2.0000000000
 0.1241076769  0.2927488861 -2.0028470051  2.0000000000
 0.1242441543  0.6218740604 -1.9566001878  2.0000000000
 0.1244704867  1.2799934035 -1.8639983888  2.0000000000
 0.1246933263  2.2665238949 -1.7248704614  2.0000000000
 0.1247168476  2.4308356540 -1.7016610353  2.0000000000
 0.1247720070  3.0876705948 -1.6087758922  2.0000000000
 0.1229943418 -1.6943674388 -2.1116892049  2.0000000000
 0.1231110206 -1.5299281009 -2.0887055730  2.0000000000
 0.1233327791 -1.2009748598 -2.0426989780  2.0000000000
 0.1236363922 -0.7073988070 -1.9735963848  2.0000000000
 0.1238194321 -0.3782818454 -1.9274705576  2.0000000000
 0.1240649088  0.1154394139 -1.8582031775  2.0000000000
 0.1244510375  1.1027818614 -1.7194225117  2.0000000000
 0.1245486567  1.4317878106 -1.6731004675  2.0000000000
 0.1246659151  1.9251217615 -1.6035697913  2.0000000000
 0.1247481539  2.4181815354 -1.5339910318  2.0000000000
 0.1248033104  3.0750434328 -1.4411621416  2.0000000000
 0.1220985658 -2.8573202699 -2.1045580414  2.0000000000
 0.1225180716 -2.3646245215 -2.0358230194  2.0000000000
 0.1233618685 -1.2137549662 -1.8749620073  2.0000000000
 0.1245309085  1.2545912607 -1.5285149782  2.0000000000
 0.1245777745  1.4190900123 -1.5053569429  2.0000000000
 0.1246950337  1.9124413548 -1.4358509565  2.0000000000
 0.1248244771  2.8982512137 -1.2967294426  2.0000000000
 0.1221254368 -2.8701349004 -1.9369266750  2.0000000000
 0.1229297683 -1.8843693096 -1.7992450511  2.0000000000
 0.1230503179 -1.7199501916 -1.7762533636  2.0000000000
 0.1231670032 -1.5555025239 -1.7532498861  2.0000000000
 0.1233887737 -1.2265322045 -1.7072090534  2.0000000000
 0.1235950655 -0.8974797830 -1.6611255529  2.0000000000
 0.1242651926  0.4191225995 -1.4764248944  2.0000000000
 0.1243939098  0.7482643023 -1.4301730856  2.0000000000
 0.1248042017  2.3928485624 -1.1986046722  2.0000000000
 0.1248514047  2.8855977550 -1.1290703069  2.0000000000
 0.1221501272 -2.8829415330 -1.7692801661  2.0000000000
 0.1228300639 -2.0615485523 -1.6545062680  2.0000000000
 0.1247467063  1.8870606634 -1.1003708949  2.0000000000
 0.1248761434  2.8729347417 -0.9613984920  2.0000000000
 0.1248840899  3.0371006904 -0.9382329734  2.0000000000
 0.1224561819 -2.5673012152 -1.5557170591  2.0000000000
 0.1228525885 -2.0743342586 -1.4867746951  2.0000000000
 0.1232142511 -1.5810609935 -1.4177358481  2.0000000000
 0.1246051332  1.2164533960 -1.0251817484  2.0000000000
 0.1246520002  1.3809661198 -1.0020433742  2.0000000000
 0.1227446499 -2.2514763437 -1.3420358060  2.0000000000
 0.1229973496 -1.9227179964 -1.2960171685  2.0000000000
 0.1248914833  2.5190945592 -0.6722949985  2.0000000000
 0.1220635603 -3.0854652789 -1.2892317655  2.0000000000
 0.1227628063 -2.2642521787 -1.1742946501  2.0000000000
 0.1232527626 -1.6066025743 -1.0821757399  2.0000000000
 0.1248665138  2.1777396899 -0.5508148822  2.0000000000
 0.1248900317  2.3420869188 -0.5276895084  2.0000000000
 0.1249096563  2.5063961084 -0.5045653686  2.0000000000
 0.1249253874  2.6706645256 -0.4814428475  2.0000000000
 0.1249451680  2.9990684945 -0.4352041454  2.0000000000
 0.1222270799 -2.9340857414 -1.0985733903  2.0000000000
 0.1223707853 -2.7698844189 -1.0755800983  2.0000000000
 0.1225106385 -2.6056381726 -1.0525773154  2.0000000000
 0.1247495062  1.5072991727 -0.4755193672  2.0000000000
 0.1247885920  1.6717747529 -0.4524014533  2.0000000000
 0.1248550889  2.0006413341 -0.4061679302  2.0000000000
 0.1249413699  2.6579611855 -0.3137206436  2.0000000000
 0.1222408649 -2.9468506280 -0.9308741839  2.0000000000
 0.1229208550 -2.1254186468 -0.8157464870  2.0000000000
 0.1247633044  1.4945699114 -0.3077119103  2.0000000000
 0.1248375835  1.8234984011 -0.2614950898  2.0000000000
 0.1248688852  1.9879191383 -0.2383893812  2.0000000000
 0.1249394336  2.4809750568 -0.1690875952  2.0000000000
 0.1249669979  2.8094804142 -0.1229029362  2.0000000000
 0.1221049106 -3.1237608707 -0.7861858902  2.0000000000
 0.1248491911  1.8107679306 -0.0937021003  2.0000000000
 0.1248804920  1.9751905902 -0.0706070076  2.0000000000
 0.1249314157  2.3039356093 -0.0244268477  2.0000000000
 0.1222618902 -2.9723541846 -0.5954594993  2.0000000000
 0.1225454547 -2.6439068992 -0.5493715950  2.0000000000
 0.1230663122 -1.9865240718 -0.4571220663  2.0000000000
 0.1247413584  1.3045915657  0.0048190544  2.0000000000
 0.1247843331  1.4690969628  0.0279135775  2.0000000000
 0.1248586091  1.7980317258  0.0740932487  2.0000000000
 0.1248899092  1.9624558063  0.0971776551  2.0000000000
 0.1249761787  2.6198007896  0.1894702895  2.0000000000
 0.1249880117  2.7840358631  0.2125303284  2.0000000000
 0.1222691303 -2.9850926211 -0.4277470912  2.0000000000
 0.1247485895  1.2918473992  0.1726420426  2.0000000000
 0.1248658375  1.7852899032  0.2418894217  2.0000000000
 0.1249834018  2.6070642538  0.3572035906  2.0000000000
 0.1250031709  2.9354912265  0.4032861690  2.0000000000
 0.1221266302 -3.1619726058 -0.2830997800  2.0000000000
 0.1246560155  0.9500244830  0.2942948037  2.0000000000
 0.1247536312  1.2790992367  0.3404645301  2.0000000000
 0.1249295794  2.1013610689  0.4558045820  2.0000000000
 0.1222770650 -3.0105422276 -0.0923198180  2.0000000000
 0.1229570568 -2.1891338875  0.0231529310  2.0000000000
 0.1249755541  2.4172869844  0.6696431907  2.0000000000
 0.1247571465  1.2535913904  0.6761018589  2.0000000000
 0.1221287173 -3.2000973366  0.2199851246  2.0000000000
 0.1224199769 -2.8717640524  0.2662184550  2.0000000000
 0.1225598294 -2.7075279272  0.2893386394  2.0000000000
 0.1229562502 -2.2145733577  0.3587088004  2.0000000000
 0.1247087606  1.0763066212  0.8208527894  2.0000000000
 0.1247556200  1.2408319402  0.8439136284  2.0000000000
 0.1249315490  2.0630839551  0.9591028032  2.0000000000
 0.1249903927  2.5560392009  1.0281108063  2.0000000000
 0.1250101515  2.8844665453  1.0740659539  2.0000000000
 0.1222726030 -3.0486467248  0.4108042086  2.0000000000
 0.1230769900 -2.0628945180  0.5496158190  2.0000000000
 0.1231975460 -1.8984742404  0.5727513145  2.0000000000
 0.1234270611 -1.5695477728  0.6190191200  2.0000000000
 0.1249513324  2.2146679830  1.1498562157  2.0000000000
 0.1249866650  2.5432637941  1.1958234374  2.0000000000
 0.1249984902  2.7074989386  1.2187906272  2.0000000000
 0.1225503001 -2.7329175564  0.6247988221  2.0000000000
 0.1231916782 -1.9111838176  0.7405359684  2.0000000000
 0.1247889645  1.3798024153  1.2025525415  2.0000000000
 0.1249925711  2.6947143666  1.3864788000  2.0000000000
 0.1229386609 -2.2526796953  0.8620000390  2.0000000000
 0.1231836259 -1.9238871547  0.9083122459  2.0000000000
 0.1235220820 -1.4304826316  0.9777589416  2.0000000000
 0.1248551227  1.6959496521  1.4163566986  2.0000000000
 0.1248864122  1.8603670449  1.4393530848  2.0000000000
 0.1249138090  2.0247525083  1.4623380731  2.0000000000
 0.1249373127  2.1891034016  1.4853112944  2.0000000000
 0.1221009606 -3.2507895436  0.8906914982  2.0000000000
 0.1225320403 -2.7582722009  0.9602269201  2.0000000000
 0.1231733890 -1.9365841354  1.0760786117  2.0000000000
 0.1234028886 -1.6076821325  1.1223962695  2.0000000000
 0.1236169137 -1.2786826608  1.1686962487  2.0000000000
 0.1246300261  0.8607118722  1.4690074025  2.0000000000
 0.1248761208  1.8475813905  1.6070892469  2.0000000000
 0.1249035159  2.0119638310  1.6300620095  2.0000000000
 0.1249270180  2.1763117712  1.6530220967  2.0000000000
 0.1233904607 -1.6203828016  1.2901675216  2.0000000000
 0.1234994053 -1.4558988937  1.3133267116  2.0000000000
 0.1236044795 -1.2913932173  1.3364801970  2.0000000000
 0.1239860406 -0.6332062841  1.4290295707  2.0000000000
 0.1247151469  1.1769840904  1.6828420944  2.0000000000
 0.1247971762  1.5059402025  1.7288521459  2.0000000000
 0.1248323540  1.6703799624  1.7518386610  2.0000000000
 0.1249145335  2.1635140704  1.8207196945  2.0000000000
 0.1249341405  2.3278214866  1.8436526260  2.0000000000
 0.1249498538  2.4920890999  1.8665712241  2.0000000000
 0.1220739949 -3.2760732299  1.2259855638  2.0000000000
 0.1227731533 -2.4550489340  1.3420100140  2.0000000000
 0.1229014176 -2.2907198017  1.3652033517  2.0000000000
 0.1230258213 -2.1263554330  1.3883919647  2.0000000000
 0.1231463621 -1.9619585630  1.4115754670  2.0000000000
 0.1232630382 -1.7975318329  1.4347534860  2.0000000000
 0.1235898597 -1.3040991912  1.5042508790  2.0000000000
 0.1244273616  0.3415157961  1.7353973856  2.0000000000
 0.1245482742  0.6706331222  1.7815096927  2.0000000000
 0.1247004847  1.1642052188  1.8505909629  2.0000000000
 0.1248763608  1.9863698860  1.9654689424  2.0000000000
 0.1249194646  2.3150139471  2.0113213040  2.0000000000
 0.1249351763  2.4792777452  2.0342248135  2.0000000000
 0.1222047717 -3.1245925332  1.4168395366  2.0000000000
 0.1223484530 -2.9604375122  1.4400628576  2.0000000000
 0.1228846362 -2.3033845774  1.5329110871  2.0000000000
 0.1230090356 -2.1390264622  1.5561099966  2.0000000000
 0.1231295723 -1.9746357776  1.5793028866  2.0000000000
 0.1232462444 -1.8102151650  1.6024893846  2.0000000000
 0.1234679872 -1.4812948188  1.6488417002  2.0000000000
 0.1235730542 -1.3168004661  1.6720067595  2.0000000000
 0.1242740746 -0.0003781073  1.8570112204  2.0000000000
 0.1245860535  0.8224018317  1.9722966700  2.0000000000
 0.1247656540  1.4803615478  2.0642971497  2.0000000000
 0.1248829957  2.1379009263  2.1560691388  2.0000000000
 0.1249380476  2.7948489811  2.2475887794  2.0000000000
 0.1221858315 -3.1372146992  1.5844666142  2.0000000000
 0.1224693320 -2.8088728239  1.6309377511  2.0000000000
 0.1228656714 -2.3160415300  1.7006029136  2.0000000000
 0.1229900662 -2.1516901693  1.7238120482  2.0000000000
 0.1239355819 -0.6713788879  1.9323374115  2.0000000000
 0.1241030796 -0.3422576400  1.9785725735  2.0000000000
 0.1243914974  0.3160023513  2.0709070874  2.0000000000
 0.1247075468  1.3031146300  2.2090242692  2.0000000000
 0.1247817807  1.6319923505  2.2549487872  2.0000000000
 0.1248835443  2.2893799740  2.3466080989  2.0000000000
 0.1221647102 -3.1498264228  1.7520766080  2.0000000000
 0.1228445235 -2.3286905437  1.8682772972  2.0000000000
 0.1239143894 -0.6840973946  2.1000724292  2.0000000000
 0.1240818795 -0.3549892237  2.1463088072  2.0000000000
 0.1247605448  1.6191881276  2.4226159401  2.0000000000
 0.1247918223  1.7835794434  2.4455433820  2.0000000000
 0.1248427003  2.1122649067  2.4913473538  2.0000000000
 0.1248977386  2.7691727038  2.5827412805  2.0000000000
 0.1232955489 -1.6838000371  2.1287962201  2.0000000000
 0.1234044725 -1.5193485413  2.1519883575  2.0000000000
 0.1236107087 -1.1903818632  2.1983415085  2.0000000000
 0.1239766913 -0.5322688411  2.2909127394  2.0000000000
 0.1241364138 -0.2031652906  2.3371247997  2.0000000000
 0.1242806097  0.1259410219  2.3832838064  2.0000000000
 0.1245223848  0.7840764239  2.4754306702  2.0000000000
 0.1245731109  0.9485785435  2.4984295397  2.0000000000
 0.1246628961  1.2775260248  2.5443792510  2.0000000000
 0.1247019536  1.4419660052  2.5673293411  2.0000000000
 0.1247683953  1.7707651389  2.6131781338  2.0000000000
 0.1248192690  2.0994386119  2.6589559159  2.0000000000
 0.1221159252 -3.1750180818  2.0872392109  2.0000000000
 0.1225353433 -2.6825111110  2.1570614134  2.0000000000
 0.1230405746 -2.0252752689  2.2500367065  2.0000000000
 0.1231572269 -1.8608841382  2.2732564061  2.0000000000
 0.1233789317 -1.5320219404  2.3196642189  2.0000000000
 0.1234839805 -1.3675562529  2.3428515728  2.0000000000
 0.1235851580 -1.2030710310  2.3660273946  2.0000000000
 0.1238654460 -0.7095251679  2.4354818630  2.0000000000
 0.1241108365 -0.2159001203  2.5048189416  2.0000000000
 0.1243212933  0.2777318344  2.5740284780  2.0000000000
 0.1248486729  2.7434664776  2.9178091872  2.0000000000
 0.1219407614 -3.3516635187  2.2314840210  2.0000000000
 0.1226397506 -2.5308724851  2.3479209593  2.0000000000
 0.1227679832 -2.3665887940  2.3711804524  2.0000000000
 0.1239233672 -0.5577058368  2.6262799651  2.0000000000
 0.1244143917  0.5940162056  2.7877450057  2.0000000000
 0.1245197189  0.9230068866  2.8337308993  2.0000000000
 0.1247658402  2.0737700389  2.9941042834  2.0000000000
 0.1248208568  2.7306024276  3.0853075863  2.0000000000
 0.1219109255 -3.3642226605  2.3989950376  2.0000000000
 0.1224777952 -2.7077152774  2.4922184841  2.0000000000
 0.1227381050 -2.3792048954  2.5387697278  2.0000000000
 0.1230996159 -1.8861783895  2.6085124979  2.0000000000
 0.1232123905 -1.7217773131  2.6317361520  2.0000000000
 0.1238934264 -0.5704200597  2.7939278027  2.0000000000
 0.1239752145 -0.4058940145  2.8170400989  2.0000000000
 0.1242635546  0.2522192851  2.9093293991  2.0000000000
 0.1243844213  0.5812438625  2.9553728547  2.0000000000
 0.1246849833  1.7322965053  3.1159426343  2.0000000000
 0.1247358432  2.0609279955  3.1616410233  2.0000000000
 0.1247829395  2.5535945612  3.2300285556  2.0000000000
 0.1223098171 -2.8844882129  2.6364565095  2.0000000000
 0.1229509017 -2.0631788093  2.7528594734  2.0000000000
 0.1230675356 -1.8988150512  2.7761033225  2.0000000000
 0.1235926858 -1.0766337365  2.8921180774  2.0000000000
 0.1243522638  0.5684710146  3.1229743185  2.0000000000
 0.1245044012  1.0618822757  3.1918821865  2.0000000000
 0.1245473368  1.2263154177  3.2148121901  2.0000000000
 0.1246215383  1.5551096439  3.2606110182  2.0000000000
 0.1225435914 -2.5686656432  2.8505798186  2.0000000000
 0.1231460342 -1.7470631223  2.9669050115  2.0000000000
 0.1233599540 -1.4182275681  3.0133368213  2.0000000000
 0.1234611087 -1.2537787595  3.0365301628  2.0000000000
 0.1235583911 -1.0893128823  3.0597079514  2.0000000000
 0.1239087666 -0.4313318537  3.1522560887  2.0000000000
 0.1240606822 -0.1023082972  3.1984270776  2.0000000000
 0.1242594373  0.3912080842  3.2675462544  2.0000000000
 0.1244232248  0.8846375111  3.3364916728  2.0000000000
 0.1245520208  1.3779077477  3.4052532410  2.0000000000
 0.1246692853  2.0352289825  3.4966319549  2.0000000000
 0.1218083422 -3.4018305186  2.9013739134  2.0000000000
 0.1228802073 -2.0884098745  3.0879432770  2.0000000000
 0.1232184692 -1.5952999068  3.1576768350  2.0000000000
 0.1237048420 -0.7730352740  3.2735803682  2.0000000000
 0.1240241701 -0.1150429921  3.3659888871  2.0000000000
 0.1244335036  1.0362802835  3.5269543946  2.0000000000
 0.1244764323  1.2006952896  3.5498656218  2.0000000000
 0.1245506213  1.5294536668  3.5956214512  2.0000000000
 0.1246798026  2.5149639169  3.7323292789  2.0000000000
 0.1222006200 -2.9221606659  3.1388798465  2.0000000000
 0.1224685801 -2.5938150354  3.1855477724  2.0000000000
 0.1227211120 -2.2653149477  3.2321583430  2.0000000000
 0.1231798271 -1.6079368839  3.3251952920  2.0000000000
 0.1232848388 -1.4435292308  3.3484139486  2.0000000000
 0.1234832499 -1.1146568351  3.3947999264  2.0000000000
 0.1236661670 -0.7857261953  3.4411149358  2.0000000000
 0.1239854727 -0.1277758368  3.5335199939  2.0000000000
 0.1241218405  0.2012010960  3.5796040338  2.0000000000
 0.1243479615  0.8590513656  3.6715201328  2.0000000000
 0.1243947749  1.0234767428  3.6944444806  2.0000000000
 0.1245431384  1.6809493606  3.7859119945  2.0000000000
 0.1245705037  1.8452468976  3.8087195406  2.0000000000
 0.1246292505  2.3379273626  3.8769938590  2.0000000000
