-6.031347e-03 -4.854674e-03  4.513015e-02  1.000000e+00
-6.389175e-03 -5.170373e-03  4.836097e-02  1.000000e+00
-6.478778e-03 -5.249114e-03  4.916307e-02  1.000000e+00
-6.199850e-03 -5.003691e-03  4.665961e-02  1.000000e+00
-6.730942e-03 -5.471489e-03  5.143767e-02  1.000000e+00
-6.026870e-03 -4.850643e-03  4.508822e-02  1.000000e+00
-7.198282e-03 -5.884364e-03  5.566940e-02  1.000000e+00
-7.289585e-03 -5.964694e-03  5.648877e-02  1.000000e+00
-7.404468e-03 -6.066293e-03  5.753141e-02  1.000000e+00
-6.034485e-03 -4.857644e-03  4.516342e-02  1.000000e+00
-5.941785e-03 -4.776579e-03  4.434263e-02  1.000000e+00
-7.043733e-03 -5.748678e-03  5.428911e-02  1.000000e+00
-7.861194e-03 -6.470156e-03  6.167495e-02  1.000000e+00
-7.934963e-03 -6.536146e-03  6.236101e-02  1.000000e+00
-7.392305e-03 -6.056353e-03  5.743920e-02  1.000000e+00
-6.093480e-03 -4.911053e-03  4.572638e-02  1.000000e+00
-6.693125e-03 -5.440171e-03  5.114191e-02  1.000000e+00
-7.688348e-03 -6.319032e-03  6.014487e-02  1.000000e+00
-8.070143e-03 -6.656093e-03  6.359642e-02  1.000000e+00
-6.326601e-03 -5.116144e-03  4.781815e-02  1.000000e+00
-7.780026e-03 -6.400400e-03  6.098311e-02  1.000000e+00
-5.967800e-03 -4.801392e-03  4.461842e-02  1.000000e+00
-7.503279e-03 -6.157331e-03  5.850864e-02  1.000000e+00
-7.918394e-03 -6.524050e-03  6.226684e-02  1.000000e+00
-6.176991e-03 -4.985199e-03  4.649052e-02  1.000000e+00
-7.546046e-03 -6.196189e-03  5.891936e-02  1.000000e+00
-7.607400e-03 -6.250091e-03  5.946825e-02  1.000000e+00
-7.018273e-03 -5.729030e-03  5.412106e-02  1.000000e+00
-6.003227e-03 -4.832521e-03  4.493540e-02  1.000000e+00
-6.572436e-03 -5.337081e-03  5.012637e-02  1.000000e+00
-7.213440e-03 -5.903411e-03  5.593103e-02  1.000000e+00
-7.322301e-03 -5.999486e-03  5.691455e-02  1.000000e+00
-6.814870e-03 -5.552370e-03  5.234567e-02  1.000000e+00
-6.866647e-03 -5.597744e-03  5.280643e-02  1.000000e+00
-6.364300e-03 -5.153353e-03  4.824502e-02  1.000000e+00
-1.044877e-02 -5.145969e-02  2.139909e-01  2.000000e+00
-1.115606e-02 -6.952326e-02  2.753884e-01  2.000000e+00
-1.078477e-02 -7.820103e-02  3.010347e-01  2.000000e+00
-8.220423e-03 -9.397836e-02  3.372648e-01  2.000000e+00
-5.942864e-03 -1.009394e-01  3.468651e-01  2.000000e+00
-2.971792e-03 -1.072903e-01  3.505953e-01  2.000000e+00
 5.079384e-03 -1.184720e-01  3.411472e-01  2.000000e+00
 3.778310e-02 -1.439000e-01  2.391588e-01  2.000000e+00
 8.039123e-02 -1.734148e-01  1.062708e-01  2.000000e+00
 1.218942e-01 -2.036767e-01 -3.485910e-03  2.000000e+00
 1.484672e-01 -2.207691e-01 -7.107735e-02  2.000000e+00
 1.595682e-01 -2.261079e-01 -1.009794e-01  2.000000e+00
 1.684525e-01 -2.285203e-01 -1.273574e-01  2.000000e+00
 1.779268e-01 -2.160216e-01 -1.790243e-01  2.000000e+00
 1.459059e-01 -1.589816e-01 -1.702821e-01  2.000000e+00
 9.806792e-02 -1.019301e-01 -1.168205e-01  2.000000e+00
-1.232087e-02 -6.644088e-02  2.686103e-01  2.000000e+00
-1.252847e-02 -7.637249e-02  3.011115e-01  2.000000e+00
-9.360270e-03 -1.034768e-01  3.698963e-01  2.000000e+00
 5.478955e-03 -1.307383e-01  3.750951e-01  2.000000e+00
 1.767144e-02 -1.418760e-01  3.428435e-01  2.000000e+00
 6.360916e-02 -1.736115e-01  1.932892e-01  2.000000e+00
 1.523557e-01 -2.361679e-01 -4.624212e-02  2.000000e+00
 2.007455e-01 -2.476228e-01 -1.908037e-01  2.000000e+00
 1.973036e-01 -2.273190e-01 -2.114654e-01  2.000000e+00
 1.790716e-01 -1.948038e-01 -2.060449e-01  2.000000e+00
 1.111322e-01 -1.118540e-01 -1.338662e-01  2.000000e+00
-1.372656e-02 -7.158720e-02  2.880991e-01  2.000000e+00
-1.366376e-02 -9.275346e-02  3.541122e-01  2.000000e+00
 5.536296e-03 -1.412842e-01  4.045084e-01  2.000000e+00
 1.179684e-02 -1.473749e-01  3.897298e-01  2.000000e+00
 2.696366e-02 -1.592490e-01  3.444374e-01  2.000000e+00
 4.589772e-02 -1.721265e-01  2.823123e-01  2.000000e+00
 5.701079e-02 -1.795175e-01  2.461744e-01  2.000000e+00
 1.322098e-01 -2.322723e-01  3.323749e-02  2.000000e+00
 1.499319e-01 -2.445866e-01 -1.106374e-02  2.000000e+00
 2.173371e-01 -2.733450e-01 -1.914082e-01  2.000000e+00
 2.103708e-01 -2.292294e-01 -2.362223e-01  2.000000e+00
 1.984473e-01 -2.099959e-01 -2.296419e-01  2.000000e+00
 1.648307e-01 -1.659326e-01 -1.979893e-01  2.000000e+00
 1.446630e-01 -1.427215e-01 -1.752449e-01  2.000000e+00
 1.235030e-01 -1.198555e-01 -1.498566e-01  2.000000e+00
 1.023404e-01 -9.812828e-02 -1.234085e-01  2.000000e+00
-1.523978e-02 -7.579413e-02  3.036948e-01  2.000000e+00
-9.302964e-03 -1.274416e-01  4.342298e-01  2.000000e+00
-6.079435e-04 -1.428735e-01  4.374338e-01  2.000000e+00
 3.790130e-02 -1.748441e-01  3.323443e-01  2.000000e+00
 7.390464e-02 -1.986644e-01  2.174294e-01  2.000000e+00
 1.416065e-01 -2.459412e-01  3.236366e-02  2.000000e+00
 1.797284e-01 -2.710335e-01 -6.094261e-02  2.000000e+00
 1.974285e-01 -2.809130e-01 -1.043429e-01  2.000000e+00
 2.257926e-01 -2.906522e-01 -1.794455e-01  2.000000e+00
 2.369552e-01 -2.593141e-01 -2.571144e-01  2.000000e+00
 2.285199e-01 -2.416425e-01 -2.576982e-01  2.000000e+00
 1.348022e-01 -1.253749e-01 -1.642497e-01  2.000000e+00
-1.421469e-02 -5.533815e-02  2.301758e-01  2.000000e+00
-1.576336e-02 -6.697381e-02  2.729954e-01  2.000000e+00
-1.687981e-02 -7.895488e-02  3.149577e-01  2.000000e+00
-1.397756e-02 -1.235514e-01  4.382405e-01  2.000000e+00
-6.853651e-03 -1.410911e-01  4.574200e-01  2.000000e+00
-1.754653e-03 -1.485661e-01  4.550018e-01  2.000000e+00
 2.873622e-02 -1.741198e-01  3.763630e-01  2.000000e+00
 6.279779e-02 -1.960839e-01  2.665256e-01  2.000000e+00
 7.682840e-02 -2.053314e-01  2.234086e-01  2.000000e+00
 2.550062e-01 -2.929760e-01 -2.485912e-01  2.000000e+00
 2.304892e-01 -2.271033e-01 -2.681739e-01  2.000000e+00
-1.932195e-02 -9.330180e-02  3.619017e-01  2.000000e+00
 1.888542e-02 -1.703219e-01  4.119685e-01  2.000000e+00
 5.052176e-02 -1.899532e-01  3.100400e-01  2.000000e+00
 6.350908e-02 -1.980966e-01  2.688531e-01  2.000000e+00
 9.411946e-02 -2.181816e-01  1.782169e-01  2.000000e+00
 1.948247e-01 -2.839777e-01 -7.224006e-02  2.000000e+00
 2.330406e-01 -3.012529e-01 -1.630455e-01  2.000000e+00
 2.480660e-01 -3.040599e-01 -2.018599e-01  2.000000e+00
 2.592509e-01 -3.022280e-01 -2.347573e-01  2.000000e+00
 2.643390e-01 -2.688703e-01 -2.884849e-01  2.000000e+00
 2.557587e-01 -2.497108e-01 -2.894416e-01  2.000000e+00
 2.243162e-01 -2.033825e-01 -2.664664e-01  2.000000e+00
 1.274107e-01 -1.038132e-01 -1.547293e-01  2.000000e+00
-1.915693e-02 -6.960129e-02  2.805857e-01  2.000000e+00
-2.140047e-02 -1.064406e-01  4.006733e-01  2.000000e+00
-1.503558e-02 -1.371961e-01  4.664848e-01  2.000000e+00
 8.839323e-03 -1.640250e-01  4.373287e-01  2.000000e+00
 2.703396e-02 -1.749338e-01  3.809866e-01  2.000000e+00
 9.364856e-02 -2.155441e-01  1.750214e-01  2.000000e+00
 1.117671e-01 -2.275921e-01  1.264098e-01  2.000000e+00
 2.178557e-01 -2.909486e-01 -1.238880e-01  2.000000e+00
 2.368893e-01 -2.976681e-01 -1.682703e-01  2.000000e+00
 2.727422e-01 -2.910749e-01 -2.685239e-01  2.000000e+00
 1.862160e-01 -1.477449e-01 -2.255877e-01  2.000000e+00
 1.332909e-01 -1.003783e-01 -1.613275e-01  2.000000e+00
-2.388853e-02 -1.063246e-01  3.985872e-01  2.000000e+00
 1.091370e-01 -2.198333e-01  1.207825e-01  2.000000e+00
 1.950758e-01 -2.712950e-01 -7.847165e-02  2.000000e+00
 2.167582e-01 -2.809057e-01 -1.261061e-01  2.000000e+00
 2.366045e-01 -2.871344e-01 -1.705437e-01  2.000000e+00
 2.789514e-01 -2.676523e-01 -2.914732e-01  2.000000e+00
 2.769938e-01 -2.518924e-01 -3.022635e-01  2.000000e+00
 2.694602e-01 -2.327669e-01 -3.040607e-01  2.000000e+00
 2.565382e-01 -2.110544e-01 -2.969710e-01  2.000000e+00
-2.648420e-02 -9.336957e-02  3.564630e-01  2.000000e+00
-2.036157e-02 -1.335529e-01  4.541478e-01  2.000000e+00
-1.031981e-02 -1.460817e-01  4.524967e-01  2.000000e+00
 5.657027e-02 -1.787275e-01  2.447935e-01  2.000000e+00
 1.042777e-01 -2.075087e-01  1.129996e-01  2.000000e+00
 1.238035e-01 -2.196350e-01  6.579814e-02  2.000000e+00
 1.672175e-01 -2.447142e-01 -3.124551e-02  2.000000e+00
 2.503639e-01 -2.715500e-01 -2.096837e-01  2.000000e+00
 2.594440e-01 -1.943200e-01 -2.986564e-01  2.000000e+00
 2.421990e-01 -1.720817e-01 -2.838050e-01  2.000000e+00
 1.413422e-01 -8.537257e-02 -1.685028e-01  2.000000e+00
-1.902153e-02 -1.351658e-01  4.413583e-01  2.000000e+00
-1.341169e-02 -1.398263e-01  4.349434e-01  2.000000e+00
 7.662265e-04 -1.461698e-01  3.984953e-01  2.000000e+00
 2.846067e-02 -1.549517e-01  3.040859e-01  2.000000e+00
 5.168282e-02 -1.652582e-01  2.282711e-01  2.000000e+00
 9.752084e-02 -1.913682e-01  1.035402e-01  2.000000e+00
 2.251295e-01 -2.474485e-01 -1.668968e-01  2.000000e+00
 2.591105e-01 -2.444214e-01 -2.398076e-01  2.000000e+00
 2.764732e-01 -2.098263e-01 -2.995744e-01  2.000000e+00
 2.436216e-01 -1.520101e-01 -2.828441e-01  2.000000e+00
 1.437302e-01 -7.414694e-02 -1.692939e-01  2.000000e+00
-2.876927e-02 -6.619315e-02  2.571791e-01  2.000000e+00
-3.325468e-02 -9.913640e-02  3.646572e-01  2.000000e+00
-2.840624e-03 -1.359623e-01  3.740743e-01  2.000000e+00
 2.346690e-01 -2.197329e-01 -1.995373e-01  2.000000e+00
 2.510413e-01 -2.153881e-01 -2.328909e-01  2.000000e+00
 2.725654e-01 -1.811459e-01 -2.933088e-01  2.000000e+00
 1.727636e-01 -7.557011e-02 -2.013600e-01  2.000000e+00
-3.200309e-02 -6.418193e-02  2.455852e-01  2.000000e+00
-3.108191e-02 -1.163743e-01  3.934878e-01  2.000000e+00
-2.649804e-02 -1.203322e-01  3.930112e-01  2.000000e+00
-2.083146e-02 -1.227832e-01  3.842662e-01  2.000000e+00
-6.883547e-03 -1.244761e-01  3.455151e-01  2.000000e+00
 9.692960e-03 -1.251377e-01  2.877123e-01  2.000000e+00
 1.163485e-01 -1.684765e-01  5.389543e-03  2.000000e+00
 1.591741e-01 -1.833132e-01 -7.524249e-02  2.000000e+00
 2.418840e-01 -1.008736e-01 -2.732306e-01  2.000000e+00
 1.732594e-01 -5.728134e-02 -1.982781e-01  2.000000e+00
-3.565957e-02 -6.191819e-02  2.323822e-01  2.000000e+00
-3.910354e-02 -1.041568e-01  3.587940e-01  2.000000e+00
 2.604823e-01 -1.134647e-01 -2.739638e-01  2.000000e+00
 1.729865e-01 -3.725663e-02 -1.936319e-01  2.000000e+00
 1.459137e-01 -2.905531e-02 -1.623004e-01  2.000000e+00
-4.585133e-02 -7.755830e-02  2.765767e-01  2.000000e+00
-4.456102e-02 -9.708352e-02  3.291801e-01  2.000000e+00
-3.065312e-02 -1.025021e-01  3.187917e-01  2.000000e+00
 1.993336e-01 -1.182256e-01 -1.709197e-01  2.000000e+00
 2.188384e-01 -1.106779e-01 -2.013925e-01  2.000000e+00
-5.285205e-02 -8.581952e-02  2.887951e-01  2.000000e+00
-4.772433e-02 -9.221997e-02  2.989978e-01  2.000000e+00
 2.160819e-01 -6.761957e-04 -2.287139e-01  2.000000e+00
-4.392669e-02 -4.633291e-02  1.597464e-01  2.000000e+00
-6.044077e-02 -7.969345e-02  2.578623e-01  2.000000e+00
-4.484081e-02 -8.236398e-02  2.455388e-01  2.000000e+00
 2.378952e-01  1.925314e-02 -2.404974e-01  2.000000e+00
 2.281775e-01  2.574476e-02 -2.323732e-01  2.000000e+00
 2.126209e-01  2.953954e-02 -2.173221e-01  2.000000e+00
 1.921936e-01  3.068950e-02 -1.964277e-01  2.000000e+00
 1.423233e-01  2.654767e-02 -1.434486e-01  2.000000e+00
-5.575941e-02 -5.190603e-02  1.673465e-01  2.000000e+00
-6.152821e-02 -5.890574e-02  1.873842e-01  2.000000e+00
-6.593113e-02 -6.509688e-02  2.044013e-01  2.000000e+00
 2.053070e-01  1.173828e-02 -1.861077e-01  2.000000e+00
 2.204550e-01  2.502822e-02 -2.053120e-01  2.000000e+00
 2.345420e-01  4.748061e-02 -2.258870e-01  2.000000e+00
 1.887940e-01  5.799292e-02 -1.848064e-01  2.000000e+00
-6.254993e-02 -4.950520e-02  1.487260e-01  2.000000e+00
-8.018231e-02 -6.988485e-02  1.931753e-01  2.000000e+00
 1.960398e-01  4.763861e-02 -1.710255e-01  2.000000e+00
 2.226633e-01  7.461266e-02 -2.024329e-01  2.000000e+00
 2.275299e-01  8.445367e-02 -2.093523e-01  2.000000e+00
 2.038583e-01  9.123704e-02 -1.900112e-01  2.000000e+00
 1.619834e-01  7.705194e-02 -1.494859e-01  2.000000e+00
-6.098757e-02 -4.094039e-02  1.148861e-01  2.000000e+00
 2.147043e-01  1.114579e-01 -1.848335e-01  2.000000e+00
 2.202053e-01  1.211730e-01 -1.915021e-01  2.000000e+00
 2.119503e-01  1.269346e-01 -1.859667e-01  2.000000e+00
-7.883283e-02 -4.527058e-02  1.096440e-01  2.000000e+00
-9.767101e-02 -5.491752e-02  1.238591e-01  2.000000e+00
-1.101109e-01 -5.919438e-02  1.147171e-01  2.000000e+00
 1.584096e-01  9.705032e-02 -1.198544e-01  2.000000e+00
 1.783952e-01  1.162508e-01 -1.388120e-01  2.000000e+00
 2.066122e-01  1.478499e-01 -1.661149e-01  2.000000e+00
 2.125937e-01  1.576882e-01 -1.723789e-01  2.000000e+00
 1.750689e-01  1.419007e-01 -1.415909e-01  2.000000e+00
 1.535889e-01  1.258107e-01 -1.228654e-01  2.000000e+00
-8.842182e-02 -4.354372e-02  8.954367e-02  2.000000e+00
 1.500323e-01  1.276350e-01 -1.046567e-01  2.000000e+00
 1.984322e-01  1.839004e-01 -1.463840e-01  2.000000e+00
 1.696095e-01  1.703129e-01 -1.248677e-01  2.000000e+00
 1.259091e-01  1.277837e-01 -8.955028e-02  2.000000e+00
-8.398429e-02 -3.676250e-02  6.573810e-02  2.000000e+00
 9.847107e-02  1.071079e-01 -5.645443e-02  2.000000e+00
 1.419999e-01  1.574146e-01 -8.905455e-02  2.000000e+00
 1.974251e-01  2.337274e-01 -1.316202e-01  2.000000e+00
-1.103626e-01 -4.103481e-02  4.928638e-02  2.000000e+00
-1.786969e-01 -5.369098e-02  1.569249e-02  2.000000e+00
 1.739311e-01  2.488180e-01 -9.971490e-02  2.000000e+00
 1.268703e-01  2.151205e-01 -5.727747e-02  2.000000e+00
-1.119974e-01 -3.447445e-02  1.715432e-02  2.000000e+00
-1.585188e-01 -4.459069e-02  1.372866e-03  2.000000e+00
-1.816736e-01 -4.866827e-02 -1.017386e-02  2.000000e+00
-2.351391e-01 -5.393520e-02 -5.062377e-02  2.000000e+00
 9.929569e-02  2.088753e-01 -3.263358e-02  2.000000e+00
 1.197428e-01  2.429629e-01 -4.154881e-02  2.000000e+00
 1.754252e-01  3.376234e-01 -6.689787e-02  2.000000e+00
 1.468507e-01  2.802425e-01 -5.424168e-02  2.000000e+00
 1.087790e-01  2.062109e-01 -3.696055e-02  2.000000e+00
-1.474962e-01 -3.949252e-02 -7.551820e-03  2.000000e+00
-2.747980e-01 -5.397872e-02 -9.400966e-02  2.000000e+00
-2.771550e-01 -5.136146e-02 -1.024925e-01  2.000000e+00
-2.575315e-01 -4.152362e-02 -1.051385e-01  2.000000e+00
 1.645550e-01  3.581441e-01 -4.517914e-02  2.000000e+00
 1.412868e-01  3.041107e-01 -3.745683e-02  2.000000e+00
 1.238985e-01  2.653200e-01 -3.143295e-02  2.000000e+00
-2.199246e-01 -4.920154e-02 -5.713538e-02  2.000000e+00
-3.101124e-01 -5.286926e-02 -1.325750e-01  2.000000e+00
 1.245856e-01  3.312653e-01 -1.608662e-02  2.000000e+00
 1.189291e-01  2.829171e-01 -1.763507e-02  2.000000e+00
-3.208845e-01 -5.749361e-02 -1.372163e-01  2.000000e+00
-3.412842e-01 -5.435312e-02 -1.601901e-01  2.000000e+00
-2.993137e-01 -3.594159e-02 -1.492601e-01  2.000000e+00
 1.452817e-01  4.104546e-01 -5.689160e-03  2.000000e+00
 1.526009e-01  4.222629e-01 -7.581546e-03  2.000000e+00
 1.547044e-01  4.211917e-01 -8.758419e-03  2.000000e+00
 1.513737e-01  4.067160e-01 -9.090382e-03  2.000000e+00
-1.473450e-01 -3.339287e-02 -3.608214e-02  2.000000e+00
-2.531529e-01 -4.997460e-02 -9.606574e-02  2.000000e+00
-3.693009e-01 -5.555681e-02 -1.847317e-01  2.000000e+00
-3.510905e-01 -4.442216e-02 -1.822035e-01  2.000000e+00
-2.966507e-01 -2.655854e-02 -1.546345e-01  2.000000e+00
 5.312741e-02  2.545205e-01  1.466368e-02  2.000000e+00
 1.453849e-01  4.423599e-01  8.987832e-03  2.000000e+00
 1.475638e-01  4.399343e-01  7.623149e-03  2.000000e+00
 1.444556e-01  4.236486e-01  6.621501e-03  2.000000e+00
-3.758663e-01 -4.467289e-02 -2.021808e-01  2.000000e+00
-3.518652e-01 -3.595942e-02 -1.898941e-01  2.000000e+00
-3.202353e-01 -2.569962e-02 -1.720469e-01  2.000000e+00
-1.710918e-01  2.555045e-02 -7.976488e-02  2.000000e+00
 8.643295e-02  3.548871e-01  2.612228e-02  2.000000e+00
 1.191682e-01  4.248080e-01  2.605369e-02  2.000000e+00
 1.306799e-01  4.467576e-01  2.510019e-02  2.000000e+00
 1.370900e-01  4.345899e-01  2.055975e-02  2.000000e+00
 1.293416e-01  4.035640e-01  1.903536e-02  2.000000e+00
 1.175051e-01  3.619186e-01  1.773741e-02  2.000000e+00
-1.579029e-01 -3.262164e-02 -5.365064e-02  2.000000e+00
-3.508166e-01 -5.766771e-02 -1.748067e-01  2.000000e+00
-3.803937e-01 -5.929516e-02 -1.963071e-01  2.000000e+00
-4.010917e-01 -5.892550e-02 -2.126358e-01  2.000000e+00
-4.109746e-01 -5.633243e-02 -2.222445e-01  2.000000e+00
-4.090518e-01 -5.143639e-02 -2.242004e-01  2.000000e+00
-3.396965e-01 -2.437596e-02 -1.864798e-01  2.000000e+00
-2.281814e-02  1.668287e-01  9.278404e-03  2.000000e+00
 1.969239e-02  2.410843e-01  2.449327e-02  2.000000e+00
 7.965994e-02  3.672100e-01  3.625157e-02  2.000000e+00
 1.319057e-01  4.586419e-01  3.482956e-02  2.000000e+00
 1.217900e-01  4.065845e-01  3.023406e-02  2.000000e+00
 1.105471e-01  3.637588e-01  2.781221e-02  2.000000e+00
-1.981281e-01 -3.787423e-02 -8.163959e-02  2.000000e+00
-2.388375e-01 -4.371994e-02 -1.064596e-01  2.000000e+00
-3.897093e-01 -5.868809e-02 -2.076512e-01  2.000000e+00
-4.116853e-01 -5.830930e-02 -2.244060e-01  2.000000e+00
-4.227482e-01 -5.565811e-02 -2.342552e-01  2.000000e+00
-4.218553e-01 -5.063537e-02 -2.362581e-01  2.000000e+00
-3.858338e-01 -3.385624e-02 -2.168899e-01  2.000000e+00
-3.542139e-01 -2.259913e-02 -1.974896e-01  2.000000e+00
-7.682652e-02  1.170019e-01 -1.504874e-02  2.000000e+00
 3.410795e-02  2.921827e-01  3.596429e-02  2.000000e+00
 1.037236e-01  4.398179e-01  4.864227e-02  2.000000e+00
 1.205898e-01  4.368118e-01  4.281203e-02  2.000000e+00
 7.521972e-02  2.575615e-01  2.972151e-02  2.000000e+00
-1.984580e-01 -3.685131e-02 -8.617517e-02  2.000000e+00
-2.818429e-01 -4.794378e-02 -1.387011e-01  2.000000e+00
-3.928229e-01 -5.735089e-02 -2.143546e-01  2.000000e+00
-4.156787e-01 -5.692818e-02 -2.313366e-01  2.000000e+00
-2.090558e-01  3.942893e-02 -1.009158e-01  2.000000e+00
-1.407710e-01  7.717098e-02 -5.374960e-02  2.000000e+00
-3.617762e-02  1.836000e-01  1.236089e-02  2.000000e+00
 8.183796e-02  4.113521e-01  5.556417e-02  2.000000e+00
 1.056452e-01  4.545989e-01  5.751878e-02  2.000000e+00
 1.049237e-01  3.941601e-01  4.729211e-02  2.000000e+00
-1.958336e-01 -3.548772e-02 -8.823690e-02  2.000000e+00
-3.896183e-01 -5.529075e-02 -2.163846e-01  2.000000e+00
-2.156851e-01  4.307714e-02 -1.042967e-01  2.000000e+00
-1.474162e-01  8.164929e-02 -5.607110e-02  2.000000e+00
 9.639771e-02  4.441787e-01  6.451726e-02  2.000000e+00
 1.022608e-01  4.464972e-01  6.342972e-02  2.000000e+00
 1.017760e-01  4.132788e-01  5.749592e-02  2.000000e+00
 6.292573e-02  2.393756e-01  3.862123e-02  2.000000e+00
-4.101846e-01 -3.664466e-02 -2.382451e-01  2.000000e+00
-3.909930e-01 -2.699633e-02 -2.258500e-01  2.000000e+00
-3.300622e-01 -2.086329e-03 -1.844256e-01  2.000000e+00
-1.837470e-01  6.444098e-02 -8.037717e-02  2.000000e+00
-1.217933e-01  1.069247e-01 -3.593961e-02  2.000000e+00
-6.947986e-02  1.593453e-01 -2.098682e-05  2.000000e+00
 1.636691e-02  2.964055e-01  4.896461e-02  2.000000e+00
 3.464846e-02  3.327957e-01  5.674245e-02  2.000000e+00
 6.591256e-02  3.951779e-01  6.683457e-02  2.000000e+00
 7.794408e-02  4.163390e-01  6.912946e-02  2.000000e+00
 9.227943e-02  4.280892e-01  6.850624e-02  2.000000e+00
 9.179960e-02  3.931627e-01  6.210091e-02  2.000000e+00
-1.820818e-01 -3.178000e-02 -8.539395e-02  2.000000e+00
-2.985968e-01 -4.528796e-02 -1.614470e-01  2.000000e+00
-4.019112e-01 -4.585211e-02 -2.335698e-01  2.000000e+00
-4.050061e-01 -4.083198e-02 -2.364139e-01  2.000000e+00
-3.802076e-01 -2.412806e-02 -2.202929e-01  2.000000e+00
-3.548702e-01 -1.276641e-02 -2.028421e-01  2.000000e+00
-3.236933e-01  2.843785e-04 -1.809547e-01  2.000000e+00
-2.177872e-01  4.762637e-02 -1.045783e-01  2.000000e+00
-1.235924e-01  1.079309e-01 -3.559749e-02  2.000000e+00
-4.920172e-02  1.887143e-01  1.610545e-02  2.000000e+00
 5.004259e-02  2.095741e-01  4.307668e-02  2.000000e+00
-1.381388e-01 -2.485167e-02 -6.003408e-02  2.000000e+00
-3.158863e-01 -4.445317e-02 -1.764639e-01  2.000000e+00
-3.452420e-01 -4.550551e-02 -1.967431e-01  2.000000e+00
-1.810210e-01  6.614409e-02 -7.755540e-02  2.000000e+00
-1.109103e-02  2.462558e-01  4.265420e-02  2.000000e+00
 2.304668e-02  3.088931e-01  6.098681e-02  2.000000e+00
 7.172433e-02  3.406725e-01  6.629112e-02  2.000000e+00
 4.369691e-02  1.917995e-01  4.381608e-02  2.000000e+00
-1.279630e-01 -2.279863e-02 -5.528863e-02  2.000000e+00
-2.614030e-01 -3.833330e-02 -1.423218e-01  2.000000e+00
-3.210762e-01 -4.143155e-02 -1.831484e-01  2.000000e+00
-3.602720e-01 -3.346283e-02 -2.107070e-01  2.000000e+00
-3.556475e-01 -2.684864e-02 -2.074831e-01  2.000000e+00
-1.747602e-01  6.481275e-02 -7.362773e-02  2.000000e+00
-1.463158e-01  8.337596e-02 -5.208443e-02  2.000000e+00
-5.139014e-02  1.767426e-01  1.809857e-02  2.000000e+00
-1.375424e-02  2.342044e-01  4.321088e-02  2.000000e+00
 6.249281e-02  3.462436e-01  7.320753e-02  2.000000e+00
 6.206088e-02  3.103380e-01  6.614091e-02  2.000000e+00
 4.528883e-02  2.102191e-01  4.949454e-02  2.000000e+00
-2.071525e-01 -3.166846e-02 -1.082781e-01  2.000000e+00
-3.266480e-01 -3.393137e-02 -1.898934e-01  2.000000e+00
-3.315734e-01 -2.963777e-02 -1.932483e-01  2.000000e+00
-2.499714e-01  1.756950e-02 -1.324426e-01  2.000000e+00
-1.554651e-02  2.190033e-01  4.307828e-02  2.000000e+00
 2.563027e-02  2.908373e-01  6.655384e-02  2.000000e+00
 3.587446e-02  3.070289e-01  7.064008e-02  2.000000e+00
 4.988368e-02  3.191505e-01  7.311676e-02  2.000000e+00
-2.409147e-01 -3.231449e-02 -1.332404e-01  2.000000e+00
-2.979035e-01 -2.028135e-02 -1.717894e-01  2.000000e+00
-2.734332e-01 -4.302353e-03 -1.531984e-01  2.000000e+00
-2.533490e-01  5.832649e-03 -1.379908e-01  2.000000e+00
-2.299776e-01  1.721482e-02 -1.202117e-01  2.000000e+00
-1.297825e-01  7.421350e-02 -4.293825e-02  2.000000e+00
-8.598345e-02  1.108137e-01 -9.018649e-03  2.000000e+00
-3.174008e-02  1.773198e-01  3.164921e-02  2.000000e+00
 9.697219e-03  2.459129e-01  5.878267e-02  2.000000e+00
 3.670874e-02  2.850713e-01  7.020520e-02  2.000000e+00
 4.439675e-02  2.464722e-01  6.221299e-02  2.000000e+00
-9.209180e-02 -1.627081e-02 -3.609650e-02  2.000000e+00
-2.617239e-01 -2.583776e-02 -1.495188e-01  2.000000e+00
-2.582909e-01 -1.082395e-02 -1.455997e-01  2.000000e+00
-1.628244e-01  3.986858e-02 -7.177584e-02  2.000000e+00
-7.916945e-02  1.007860e-01 -6.255672e-03  2.000000e+00
 1.598823e-02  2.357232e-01  6.133107e-02  2.000000e+00
 2.388459e-02  2.467434e-01  6.480342e-02  2.000000e+00
 3.445153e-02  2.520144e-01  6.667594e-02  2.000000e+00
 2.628266e-02  1.416413e-01  4.438484e-02  2.000000e+00
-1.420036e-01 -2.133426e-02 -6.983693e-02  2.000000e+00
-1.846525e-01 -2.431053e-02 -9.868648e-02  2.000000e+00
-2.178757e-01 -2.394617e-02 -1.213551e-01  2.000000e+00
-2.269306e-01 -8.899296e-03 -1.257359e-01  2.000000e+00
-2.162496e-01 -2.031737e-03 -1.172989e-01  2.000000e+00
-1.841935e-01  1.493809e-02 -9.227544e-02  2.000000e+00
-1.451554e-01  3.574496e-02 -6.170203e-02  2.000000e+00
-7.138055e-02  8.970616e-02 -3.369006e-03  2.000000e+00
-4.140100e-02  1.238046e-01  2.017476e-02  2.000000e+00
 3.941440e-03  1.938615e-01  5.283581e-02  2.000000e+00
 1.212247e-02  2.067134e-01  5.749105e-02  2.000000e+00
 2.998510e-02  2.119190e-01  6.081546e-02  2.000000e+00
 3.055170e-02  2.002032e-01  5.830350e-02  2.000000e+00
 2.469033e-02  1.428782e-01  4.626713e-02  2.000000e+00
