-4.090628e+01  7.145717e+00 -3.519407e+01  1.000000e+00
-4.091095e+01 -3.637944e+00 -3.135695e+01  1.000000e+00
-4.090608e+01  6.743943e+00 -2.990049e+01  1.000000e+00
-4.091563e+01 -1.442161e+01 -2.751983e+01  1.000000e+00
-4.090345e+01  1.153311e+01 -2.387868e+01  1.000000e+00
-4.089858e+01  2.191500e+01 -2.242222e+01  1.000000e+00
-4.091056e+01 -4.441494e+00 -2.076979e+01  1.000000e+00
-4.090569e+01  5.940393e+00 -1.931333e+01  1.000000e+00
-4.090306e+01  1.072956e+01 -1.329152e+01  1.000000e+00
-4.089576e+01  2.630239e+01 -1.110683e+01  1.000000e+00
-4.091991e+01 -2.600882e+01 -1.309554e+01  1.000000e+00
-4.091504e+01 -1.562693e+01 -1.163908e+01  1.000000e+00
-4.090530e+01  5.136843e+00 -8.726165e+00  1.000000e+00
-4.090998e+01 -5.646819e+00 -4.889042e+00  1.000000e+00
-4.090024e+01  1.511696e+01 -1.976125e+00  1.000000e+00
-4.091952e+01 -2.681237e+01 -2.508378e+00  1.000000e+00
-4.091709e+01 -2.162142e+01 -1.780149e+00  1.000000e+00
-4.091222e+01 -1.123954e+01 -3.236904e-01  1.000000e+00
-4.090491e+01  4.333293e+00  1.860998e+00  1.000000e+00
-4.089517e+01  2.509707e+01  4.773915e+00  1.000000e+00
-4.090228e+01  9.122462e+00  7.882809e+00  1.000000e+00
-4.091913e+01 -2.761592e+01  8.078784e+00  1.000000e+00
-4.091183e+01 -1.204309e+01  1.026347e+01  1.000000e+00
-4.090696e+01 -1.661201e+00  1.171993e+01  1.000000e+00
-4.089478e+01  2.429352e+01  1.536108e+01  1.000000e+00
-4.090920e+01 -7.253919e+00  1.628528e+01  1.000000e+00
-4.090433e+01  3.127968e+00  1.774174e+01  1.000000e+00
-4.089946e+01  1.350986e+01  1.919820e+01  1.000000e+00
-4.089459e+01  2.389174e+01  2.065466e+01  1.000000e+00
-4.091387e+01 -1.803758e+01  2.012241e+01  1.000000e+00
-4.090900e+01 -7.655694e+00  2.157886e+01  1.000000e+00
-4.090657e+01 -2.464751e+00  2.230709e+01  1.000000e+00
-4.090881e+01 -8.057469e+00  2.687245e+01  1.000000e+00
-4.090394e+01  2.324418e+00  2.832890e+01  1.000000e+00
-4.089907e+01  1.270631e+01  2.978536e+01  1.000000e+00
 3.769864e+00 -8.619013e+01 -1.193747e+02  2.000000e+00
 3.774738e+00 -7.580725e+01 -1.179181e+02  2.000000e+00
 3.777175e+00 -7.061580e+01 -1.171899e+02  2.000000e+00
 3.782047e+00 -6.023291e+01 -1.157333e+02  2.000000e+00
 3.784484e+00 -5.504146e+01 -1.150050e+02  2.000000e+00
 3.786920e+00 -4.985001e+01 -1.142767e+02  2.000000e+00
 3.791792e+00 -3.946711e+01 -1.128201e+02  2.000000e+00
 3.803970e+00 -1.350985e+01 -1.091786e+02  2.000000e+00
 3.813710e+00  7.255970e+00 -1.062654e+02  2.000000e+00
 3.821014e+00  2.283033e+01 -1.040805e+02  2.000000e+00
 3.825883e+00  3.321324e+01 -1.026239e+02  2.000000e+00
 3.828317e+00  3.840469e+01 -1.018956e+02  2.000000e+00
 3.830751e+00  4.359614e+01 -1.011673e+02  2.000000e+00
 3.838053e+00  5.917050e+01 -9.898237e+01  2.000000e+00
 3.847786e+00  7.993629e+01 -9.606914e+01  2.000000e+00
 3.855085e+00  9.551062e+01 -9.388422e+01  2.000000e+00
 3.772497e+00 -8.140051e+01 -1.133523e+02  2.000000e+00
 3.774934e+00 -7.620907e+01 -1.126241e+02  2.000000e+00
 3.782244e+00 -6.063473e+01 -1.104392e+02  2.000000e+00
 3.791988e+00 -3.986893e+01 -1.075260e+02  2.000000e+00
 3.796860e+00 -2.948602e+01 -1.060694e+02  2.000000e+00
 3.809037e+00 -3.528753e+00 -1.024279e+02  2.000000e+00
 3.823645e+00  2.761997e+01 -9.805810e+01  2.000000e+00
 3.835815e+00  5.357724e+01 -9.441658e+01  2.000000e+00
 3.840682e+00  6.396014e+01 -9.295997e+01  2.000000e+00
 3.845549e+00  7.434303e+01 -9.150336e+01  2.000000e+00
 3.855281e+00  9.510881e+01 -8.859012e+01  2.000000e+00
 3.772693e+00 -8.180233e+01 -1.080583e+02  2.000000e+00
 3.777567e+00 -7.141944e+01 -1.066017e+02  2.000000e+00
 3.792184e+00 -4.027074e+01 -1.022319e+02  2.000000e+00
 3.794620e+00 -3.507929e+01 -1.015036e+02  2.000000e+00
 3.799491e+00 -2.469639e+01 -1.000470e+02  2.000000e+00
 3.804362e+00 -1.431348e+01 -9.859041e+01  2.000000e+00
 3.806797e+00 -9.122022e+00 -9.786212e+01  2.000000e+00
 3.818972e+00  1.683525e+01 -9.422061e+01  2.000000e+00
 3.821406e+00  2.202671e+01 -9.349231e+01  2.000000e+00
 3.833577e+00  4.798397e+01 -8.985079e+01  2.000000e+00
 3.843312e+00  6.874977e+01 -8.693757e+01  2.000000e+00
 3.845745e+00  7.394122e+01 -8.620926e+01  2.000000e+00
 3.850611e+00  8.432411e+01 -8.475265e+01  2.000000e+00
 3.853044e+00  8.951556e+01 -8.402434e+01  2.000000e+00
 3.855477e+00  9.470700e+01 -8.329603e+01  2.000000e+00
 3.857910e+00  9.989844e+01 -8.256772e+01  2.000000e+00
 3.772889e+00 -8.220415e+01 -1.027642e+02  2.000000e+00
 3.785072e+00 -5.624691e+01 -9.912269e+01  2.000000e+00
 3.789944e+00 -4.586401e+01 -9.766610e+01  2.000000e+00
 3.802123e+00 -1.990675e+01 -9.402462e+01  2.000000e+00
 3.809428e+00 -4.332383e+00 -9.183972e+01  2.000000e+00
 3.819168e+00  1.643344e+01 -8.892651e+01  2.000000e+00
 3.824037e+00  2.681635e+01 -8.746991e+01  2.000000e+00
 3.826471e+00  3.200780e+01 -8.674161e+01  2.000000e+00
 3.831339e+00  4.239071e+01 -8.528500e+01  2.000000e+00
 3.841074e+00  6.315651e+01 -8.237178e+01  2.000000e+00
 3.843508e+00  6.834796e+01 -8.164347e+01  2.000000e+00
 3.855673e+00  9.430519e+01 -7.800194e+01  2.000000e+00
 3.768211e+00 -9.298885e+01 -9.892665e+01  2.000000e+00
 3.770648e+00 -8.779741e+01 -9.819836e+01  2.000000e+00
 3.773085e+00 -8.260597e+01 -9.747007e+01  2.000000e+00
 3.782831e+00 -6.184018e+01 -9.455689e+01  2.000000e+00
 3.787704e+00 -5.145728e+01 -9.310030e+01  2.000000e+00
 3.790140e+00 -4.626583e+01 -9.237201e+01  2.000000e+00
 3.799883e+00 -2.550002e+01 -8.945882e+01  2.000000e+00
 3.807189e+00 -9.925653e+00 -8.727392e+01  2.000000e+00
 3.809624e+00 -4.734198e+00 -8.654562e+01  2.000000e+00
 3.836403e+00  5.237180e+01 -7.853429e+01  2.000000e+00
 3.846137e+00  7.313760e+01 -7.562107e+01  2.000000e+00
 3.775717e+00 -7.781634e+01 -9.144768e+01  2.000000e+00
 3.797643e+00 -3.109329e+01 -8.489302e+01  2.000000e+00
 3.804950e+00 -1.551892e+01 -8.270812e+01  2.000000e+00
 3.807385e+00 -1.032747e+01 -8.197982e+01  2.000000e+00
 3.812255e+00  5.544296e-02 -8.052322e+01  2.000000e+00
 3.824428e+00  2.601272e+01 -7.688171e+01  2.000000e+00
 3.829297e+00  3.639563e+01 -7.542511e+01  2.000000e+00
 3.831731e+00  4.158708e+01 -7.469680e+01  2.000000e+00
 3.834165e+00  4.677854e+01 -7.396850e+01  2.000000e+00
 3.841466e+00  6.235289e+01 -7.178358e+01  2.000000e+00
 3.843899e+00  6.754434e+01 -7.105528e+01  2.000000e+00
 3.848766e+00  7.792724e+01 -6.959867e+01  2.000000e+00
 3.858497e+00  9.869301e+01 -6.668544e+01  2.000000e+00
 3.771040e+00 -8.860105e+01 -8.761017e+01  2.000000e+00
 3.778350e+00 -7.302671e+01 -8.542529e+01  2.000000e+00
 3.785659e+00 -5.745236e+01 -8.324041e+01  2.000000e+00
 3.795403e+00 -3.668656e+01 -8.032722e+01  2.000000e+00
 3.800275e+00 -2.630365e+01 -7.887062e+01  2.000000e+00
 3.812451e+00 -3.463716e-01 -7.522912e+01  2.000000e+00
 3.814886e+00  4.845085e+00 -7.450082e+01  2.000000e+00
 3.827058e+00  3.080236e+01 -7.085931e+01  2.000000e+00
 3.829493e+00  3.599382e+01 -7.013101e+01  2.000000e+00
 3.836794e+00  5.156818e+01 -6.794610e+01  2.000000e+00
 3.853828e+00  8.790832e+01 -6.284796e+01  2.000000e+00
 3.858693e+00  9.829120e+01 -6.139135e+01  2.000000e+00
 3.778546e+00 -7.342853e+01 -8.013119e+01  2.000000e+00
 3.815081e+00  4.443271e+00 -6.920672e+01  2.000000e+00
 3.824820e+00  2.520909e+01 -6.629351e+01  2.000000e+00
 3.827254e+00  3.040055e+01 -6.556521e+01  2.000000e+00
 3.829688e+00  3.559200e+01 -6.483691e+01  2.000000e+00
 3.839424e+00  5.635782e+01 -6.192369e+01  2.000000e+00
 3.841857e+00  6.154927e+01 -6.119539e+01  2.000000e+00
 3.844291e+00  6.674072e+01 -6.046708e+01  2.000000e+00
 3.846724e+00  7.193217e+01 -5.973878e+01  2.000000e+00
 3.776304e+00 -7.902179e+01 -7.556539e+01  2.000000e+00
 3.786050e+00 -5.825600e+01 -7.265221e+01  2.000000e+00
 3.790923e+00 -4.787310e+01 -7.119562e+01  2.000000e+00
 3.807972e+00 -1.153291e+01 -6.609752e+01  2.000000e+00
 3.815277e+00  4.041456e+00 -6.391262e+01  2.000000e+00
 3.817712e+00  9.232912e+00 -6.318432e+01  2.000000e+00
 3.822581e+00  1.961582e+01 -6.172772e+01  2.000000e+00
 3.832318e+00  4.038164e+01 -5.881450e+01  2.000000e+00
 3.846920e+00  7.153035e+01 -5.444468e+01  2.000000e+00
 3.849353e+00  7.672180e+01 -5.371638e+01  2.000000e+00
 3.859084e+00  9.748758e+01 -5.080316e+01  2.000000e+00
 3.788682e+00 -5.346636e+01 -6.662981e+01  2.000000e+00
 3.791118e+00 -4.827491e+01 -6.590152e+01  2.000000e+00
 3.795990e+00 -3.789200e+01 -6.444492e+01  2.000000e+00
 3.803297e+00 -2.231764e+01 -6.226002e+01  2.000000e+00
 3.808168e+00 -1.193473e+01 -6.080342e+01  2.000000e+00
 3.815473e+00  3.639642e+00 -5.861852e+01  2.000000e+00
 3.830079e+00  3.478838e+01 -5.424871e+01  2.000000e+00
 3.834947e+00  4.517128e+01 -5.279210e+01  2.000000e+00
 3.842248e+00  6.074564e+01 -5.060719e+01  2.000000e+00
 3.849548e+00  7.631999e+01 -4.842228e+01  2.000000e+00
 3.859280e+00  9.708577e+01 -4.550906e+01  2.000000e+00
 3.771822e+00 -9.020832e+01 -6.643379e+01  2.000000e+00
 3.779132e+00 -7.463398e+01 -6.424890e+01  2.000000e+00
 3.796186e+00 -3.829382e+01 -5.915082e+01  2.000000e+00
 3.832709e+00  3.957802e+01 -4.822630e+01  2.000000e+00
 3.835143e+00  4.476947e+01 -4.749800e+01  2.000000e+00
 3.842444e+00  6.034383e+01 -4.531309e+01  2.000000e+00
 3.857043e+00  9.149252e+01 -4.094327e+01  2.000000e+00
 3.772017e+00 -9.061013e+01 -6.113969e+01  2.000000e+00
 3.786637e+00 -5.946145e+01 -5.676991e+01  2.000000e+00
 3.789073e+00 -5.427000e+01 -5.604161e+01  2.000000e+00
 3.791509e+00 -4.907854e+01 -5.531332e+01  2.000000e+00
 3.796381e+00 -3.869564e+01 -5.385672e+01  2.000000e+00
 3.801252e+00 -2.831273e+01 -5.240012e+01  2.000000e+00
 3.820733e+00  1.321893e+01 -4.657371e+01  2.000000e+00
 3.825602e+00  2.360184e+01 -4.511711e+01  2.000000e+00
 3.849939e+00  7.551637e+01 -3.783408e+01  2.000000e+00
 3.857238e+00  9.109070e+01 -3.564917e+01  2.000000e+00
 3.772212e+00 -9.101195e+01 -5.584559e+01  2.000000e+00
 3.784396e+00 -6.505471e+01 -5.220411e+01  2.000000e+00
 3.842835e+00  5.954020e+01 -3.472489e+01  2.000000e+00
 3.857433e+00  9.068889e+01 -3.035507e+01  2.000000e+00
 3.859866e+00  9.588034e+01 -2.962677e+01  2.000000e+00
 3.777281e+00 -8.103088e+01 -4.909490e+01  2.000000e+00
 3.784591e+00 -6.545653e+01 -4.691001e+01  2.000000e+00
 3.791900e+00 -4.988218e+01 -4.472511e+01  2.000000e+00
 3.833295e+00  3.837258e+01 -3.234400e+01  2.000000e+00
 3.835729e+00  4.356403e+01 -3.161569e+01  2.000000e+00
 3.782350e+00 -7.104980e+01 -4.234421e+01  2.000000e+00
 3.787223e+00 -6.066689e+01 -4.088761e+01  2.000000e+00
 3.852958e+00  7.950238e+01 -2.122348e+01  2.000000e+00
 3.770361e+00 -9.740884e+01 -4.069159e+01  2.000000e+00
 3.782545e+00 -7.145161e+01 -3.705010e+01  2.000000e+00
 3.792290e+00 -5.068581e+01 -3.413691e+01  2.000000e+00
 3.848287e+00  6.871767e+01 -1.738598e+01  2.000000e+00
 3.850720e+00  7.390911e+01 -1.665768e+01  2.000000e+00
 3.853153e+00  7.910056e+01 -1.592938e+01  2.000000e+00
 3.855586e+00  8.429201e+01 -1.520107e+01  2.000000e+00
 3.860452e+00  9.467490e+01 -1.374447e+01  2.000000e+00
 3.772993e+00 -9.261921e+01 -3.466920e+01  2.000000e+00
 3.775430e+00 -8.742777e+01 -3.394090e+01  2.000000e+00
 3.777867e+00 -8.223632e+01 -3.321260e+01  2.000000e+00
 3.838748e+00  4.755004e+01 -1.500508e+01  2.000000e+00
 3.841182e+00  5.274150e+01 -1.427678e+01  2.000000e+00
 3.846049e+00  6.312440e+01 -1.282018e+01  2.000000e+00
 3.855781e+00  8.389020e+01 -9.906974e+00  2.000000e+00
 3.773188e+00 -9.302103e+01 -2.937510e+01  2.000000e+00
 3.785372e+00 -6.706379e+01 -2.573360e+01  2.000000e+00
 3.838943e+00  4.714823e+01 -9.710982e+00  2.000000e+00
 3.843810e+00  5.753114e+01 -8.254379e+00  2.000000e+00
 3.846244e+00  6.272259e+01 -7.526078e+00  2.000000e+00
 3.853543e+00  7.829694e+01 -5.341174e+00  2.000000e+00
 3.858409e+00  8.867983e+01 -3.884572e+00  2.000000e+00
 3.770946e+00 -9.861429e+01 -2.480930e+01  2.000000e+00
 3.844005e+00  5.712932e+01 -2.960277e+00  2.000000e+00
 3.846439e+00  6.232077e+01 -2.231976e+00  2.000000e+00
 3.851305e+00  7.270367e+01 -7.753740e-01  2.000000e+00
 3.773578e+00 -9.382466e+01 -1.878690e+01  2.000000e+00
 3.778452e+00 -8.344177e+01 -1.733030e+01  2.000000e+00
 3.788198e+00 -6.267597e+01 -1.441710e+01  2.000000e+00
 3.836899e+00  4.115315e+01  1.489230e-01  2.000000e+00
 3.839333e+00  4.634460e+01  8.772241e-01  2.000000e+00
 3.844200e+00  5.672751e+01  2.333826e+00  2.000000e+00
 3.846633e+00  6.191896e+01  3.062127e+00  2.000000e+00
 3.856366e+00  8.268475e+01  5.975328e+00  2.000000e+00
 3.858799e+00  8.787620e+01  6.703628e+00  2.000000e+00
 3.773773e+00 -9.422647e+01 -1.349280e+01  2.000000e+00
 3.837094e+00  4.075133e+01  5.443026e+00  2.000000e+00
 3.844395e+00  5.632569e+01  7.627928e+00  2.000000e+00
 3.856561e+00  8.228294e+01  1.126943e+01  2.000000e+00
 3.861426e+00  9.266583e+01  1.272603e+01  2.000000e+00
 3.771530e+00 -9.981973e+01 -8.926998e+00  2.000000e+00
 3.832420e+00  2.996661e+01  9.280528e+00  2.000000e+00
 3.837288e+00  4.034952e+01  1.073713e+01  2.000000e+00
 3.849456e+00  6.630678e+01  1.437863e+01  2.000000e+00
 3.774162e+00 -9.503010e+01 -2.904598e+00  2.000000e+00
 3.786345e+00 -6.907287e+01  7.369073e-01  2.000000e+00
 3.854517e+00  7.628786e+01  2.112933e+01  2.000000e+00
 3.837678e+00  3.954589e+01  2.132534e+01  2.000000e+00
 3.772114e+00 -1.010252e+02  6.955300e+00  2.000000e+00
 3.776988e+00 -9.064228e+01  8.411904e+00  2.000000e+00
 3.779425e+00 -8.545084e+01  9.140205e+00  2.000000e+00
 3.786735e+00 -6.987649e+01  1.132511e+01  2.000000e+00
 3.835438e+00  3.395262e+01  2.589114e+01  2.000000e+00
 3.837872e+00  3.914407e+01  2.661944e+01  2.000000e+00
 3.850040e+00  6.510133e+01  3.026094e+01  2.000000e+00
 3.857339e+00  8.067568e+01  3.244583e+01  2.000000e+00
 3.862205e+00  9.105857e+01  3.390242e+01  2.000000e+00
 3.774746e+00 -9.623554e+01  1.297770e+01  2.000000e+00
 3.789365e+00 -6.508686e+01  1.734752e+01  2.000000e+00
 3.791802e+00 -5.989540e+01  1.807582e+01  2.000000e+00
 3.796674e+00 -4.951250e+01  1.953242e+01  2.000000e+00
 3.852668e+00  6.989097e+01  3.628333e+01  2.000000e+00
 3.857534e+00  8.027386e+01  3.773993e+01  2.000000e+00
 3.859967e+00  8.546531e+01  3.846823e+01  2.000000e+00
 3.779814e+00 -8.625446e+01  1.972841e+01  2.000000e+00
 3.791996e+00 -6.029722e+01  2.336992e+01  2.000000e+00
 3.840695e+00  4.353190e+01  3.793594e+01  2.000000e+00
 3.860161e+00  8.506349e+01  4.376233e+01  2.000000e+00
 3.787318e+00 -7.108193e+01  2.720742e+01  2.000000e+00
 3.792190e+00 -6.069903e+01  2.866402e+01  2.000000e+00
 3.799498e+00 -4.512467e+01  3.084893e+01  2.000000e+00
 3.845756e+00  5.351299e+01  4.468664e+01  2.000000e+00
 3.848190e+00  5.870444e+01  4.541494e+01  2.000000e+00
 3.850623e+00  6.389589e+01  4.614324e+01  2.000000e+00
 3.853056e+00  6.908734e+01  4.687154e+01  2.000000e+00
 3.772892e+00 -1.026324e+02  2.813169e+01  2.000000e+00
 3.780202e+00 -8.705809e+01  3.031661e+01  2.000000e+00
 3.792385e+00 -6.110084e+01  3.395812e+01  2.000000e+00
 3.797257e+00 -5.071794e+01  3.541473e+01  2.000000e+00
 3.802128e+00 -4.033503e+01  3.687133e+01  2.000000e+00
 3.833782e+00  2.715390e+01  4.633925e+01  2.000000e+00
 3.848384e+00  5.830262e+01  5.070904e+01  2.000000e+00
 3.850817e+00  6.349407e+01  5.143734e+01  2.000000e+00
 3.853251e+00  6.868552e+01  5.216564e+01  2.000000e+00
 3.797451e+00 -5.111975e+01  4.070883e+01  2.000000e+00
 3.799887e+00 -4.592830e+01  4.143713e+01  2.000000e+00
 3.802322e+00 -4.073684e+01  4.216544e+01  2.000000e+00
 3.812064e+00 -1.997102e+01  4.507865e+01  2.000000e+00
 3.838844e+00  3.713499e+01  5.308995e+01  2.000000e+00
 3.843711e+00  4.751790e+01  5.454655e+01  2.000000e+00
 3.846145e+00  5.270935e+01  5.527484e+01  2.000000e+00
 3.853445e+00  6.828370e+01  5.745973e+01  2.000000e+00
 3.855878e+00  7.347515e+01  5.818803e+01  2.000000e+00
 3.858311e+00  7.866660e+01  5.891633e+01  2.000000e+00
 3.773280e+00 -1.034360e+02  3.871989e+01  2.000000e+00
 3.785464e+00 -7.747882e+01  4.236141e+01  2.000000e+00
 3.787900e+00 -7.228737e+01  4.308972e+01  2.000000e+00
 3.790337e+00 -6.709592e+01  4.381802e+01  2.000000e+00
 3.792773e+00 -6.190447e+01  4.454633e+01  2.000000e+00
 3.795209e+00 -5.671302e+01  4.527463e+01  2.000000e+00
 3.802516e+00 -4.113866e+01  4.745954e+01  2.000000e+00
 3.826867e+00  1.077590e+01  5.474256e+01  2.000000e+00
 3.831736e+00  2.115881e+01  5.619915e+01  2.000000e+00
 3.839038e+00  3.673318e+01  5.838405e+01  2.000000e+00
 3.851206e+00  6.269044e+01  6.202554e+01  2.000000e+00
 3.856072e+00  7.307334e+01  6.348213e+01  2.000000e+00
 3.858505e+00  7.826478e+01  6.421042e+01  2.000000e+00
 3.775911e+00 -9.864641e+01  4.474229e+01  2.000000e+00
 3.778348e+00 -9.345497e+01  4.547060e+01  2.000000e+00
 3.788094e+00 -7.268918e+01  4.838382e+01  2.000000e+00
 3.790531e+00 -6.749773e+01  4.911212e+01  2.000000e+00
 3.792967e+00 -6.230628e+01  4.984043e+01  2.000000e+00
 3.795403e+00 -5.711483e+01  5.056873e+01  2.000000e+00
 3.800275e+00 -4.673193e+01  5.202534e+01  2.000000e+00
 3.802710e+00 -4.154047e+01  5.275364e+01  2.000000e+00
 3.822192e+00 -8.825101e-03  5.858006e+01  2.000000e+00
 3.834364e+00  2.594845e+01  6.222156e+01  2.000000e+00
 3.844099e+00  4.671427e+01  6.513475e+01  2.000000e+00
 3.853833e+00  6.748007e+01  6.804793e+01  2.000000e+00
 3.863565e+00  8.824586e+01  7.096111e+01  2.000000e+00
 3.776105e+00 -9.904822e+01  5.003639e+01  2.000000e+00
 3.780979e+00 -8.866534e+01  5.149300e+01  2.000000e+00
 3.788288e+00 -7.309099e+01  5.367792e+01  2.000000e+00
 3.790725e+00 -6.789954e+01  5.440622e+01  2.000000e+00
 3.812646e+00 -2.117646e+01  6.096095e+01  2.000000e+00
 3.817516e+00 -1.079355e+01  6.241755e+01  2.000000e+00
 3.827255e+00  9.972273e+00  6.533076e+01  2.000000e+00
 3.841860e+00  4.112100e+01  6.970055e+01  2.000000e+00
 3.846727e+00  5.150390e+01  7.115714e+01  2.000000e+00
 3.856460e+00  7.226970e+01  7.407032e+01  2.000000e+00
 3.776299e+00 -9.945003e+01  5.533049e+01  2.000000e+00
 3.788482e+00 -7.349281e+01  5.897202e+01  2.000000e+00
 3.812840e+00 -2.157828e+01  6.625505e+01  2.000000e+00
 3.817710e+00 -1.119537e+01  6.771166e+01  2.000000e+00
 3.846921e+00  5.110209e+01  7.645124e+01  2.000000e+00
 3.849354e+00  5.629354e+01  7.717954e+01  2.000000e+00
 3.854221e+00  6.667644e+01  7.863613e+01  2.000000e+00
 3.863953e+00  8.744222e+01  8.154930e+01  2.000000e+00
 3.798421e+00 -5.312882e+01  6.717933e+01  2.000000e+00
 3.800856e+00 -4.793736e+01  6.790764e+01  2.000000e+00
 3.805728e+00 -3.755446e+01  6.936424e+01  2.000000e+00
 3.815469e+00 -1.678864e+01  7.227745e+01  2.000000e+00
 3.820339e+00 -6.405724e+00  7.373406e+01  2.000000e+00
 3.825208e+00  3.977186e+00  7.519066e+01  2.000000e+00
 3.834946e+00  2.474301e+01  7.810385e+01  2.000000e+00
 3.837380e+00  2.993446e+01  7.883215e+01  2.000000e+00
 3.842248e+00  4.031737e+01  8.028875e+01  2.000000e+00
 3.844681e+00  4.550882e+01  8.101704e+01  2.000000e+00
 3.849548e+00  5.589172e+01  8.247363e+01  2.000000e+00
 3.854415e+00  6.627462e+01  8.393022e+01  2.000000e+00
 3.776686e+00 -1.002537e+02  6.591868e+01  2.000000e+00
 3.783997e+00 -8.467932e+01  6.810360e+01  2.000000e+00
 3.793742e+00 -6.391353e+01  7.101682e+01  2.000000e+00
 3.796178e+00 -5.872208e+01  7.174513e+01  2.000000e+00
 3.801050e+00 -4.833918e+01  7.320174e+01  2.000000e+00
 3.803486e+00 -4.314772e+01  7.393004e+01  2.000000e+00
 3.805922e+00 -3.795627e+01  7.465834e+01  2.000000e+00
 3.813228e+00 -2.238191e+01  7.684325e+01  2.000000e+00
 3.820533e+00 -6.807539e+00  7.902816e+01  2.000000e+00
 3.827837e+00  8.766828e+00  8.121306e+01  2.000000e+00
 3.864340e+00  8.663858e+01  9.213749e+01  2.000000e+00
 3.774443e+00 -1.058469e+02  7.048447e+01  2.000000e+00
 3.786627e+00 -7.988969e+01  7.412600e+01  2.000000e+00
 3.789064e+00 -7.469824e+01  7.485431e+01  2.000000e+00
 3.815857e+00 -1.759226e+01  8.286565e+01  2.000000e+00
 3.832899e+00  1.874792e+01  8.796375e+01  2.000000e+00
 3.837767e+00  2.913083e+01  8.942035e+01  2.000000e+00
 3.854802e+00  6.547099e+01  9.451841e+01  2.000000e+00
 3.864534e+00  8.623677e+01  9.743158e+01  2.000000e+00
 3.774637e+00 -1.062487e+02  7.577856e+01  2.000000e+00
 3.784384e+00 -8.548294e+01  7.869179e+01  2.000000e+00
 3.789257e+00 -7.510005e+01  8.014840e+01  2.000000e+00
 3.796566e+00 -5.952570e+01  8.233332e+01  2.000000e+00
 3.799002e+00 -5.433425e+01  8.306163e+01  2.000000e+00
 3.816050e+00 -1.799408e+01  8.815975e+01  2.000000e+00
 3.818485e+00 -1.280262e+01  8.888805e+01  2.000000e+00
 3.828224e+00  7.963198e+00  9.180125e+01  2.000000e+00
 3.833093e+00  1.834611e+01  9.325785e+01  2.000000e+00
 3.850129e+00  5.468627e+01  9.835592e+01  2.000000e+00
 3.854996e+00  6.506917e+01  9.981251e+01  2.000000e+00
 3.862295e+00  8.064350e+01  1.019974e+02  2.000000e+00
 3.782141e+00 -9.107620e+01  8.325758e+01  2.000000e+00
 3.794323e+00 -6.511896e+01  8.689911e+01  2.000000e+00
 3.796759e+00 -5.992751e+01  8.762742e+01  2.000000e+00
 3.808938e+00 -3.397025e+01  9.126894e+01  2.000000e+00
 3.833286e+00  1.794429e+01  9.855195e+01  2.000000e+00
 3.840588e+00  3.351865e+01  1.007368e+02  2.000000e+00
 3.843022e+00  3.871010e+01  1.014651e+02  2.000000e+00
 3.847889e+00  4.909300e+01  1.029217e+02  2.000000e+00
 3.787208e+00 -8.109512e+01  9.000829e+01  2.000000e+00
 3.799389e+00 -5.513787e+01  9.364982e+01  2.000000e+00
 3.804260e+00 -4.475497e+01  9.510643e+01  2.000000e+00
 3.806696e+00 -3.956352e+01  9.583473e+01  2.000000e+00
 3.809132e+00 -3.437207e+01  9.656304e+01  2.000000e+00
 3.818872e+00 -1.360625e+01  9.947624e+01  2.000000e+00
 3.823742e+00 -3.223341e+00  1.009328e+02  2.000000e+00
 3.831045e+00  1.235102e+01  1.031177e+02  2.000000e+00
 3.838348e+00  2.792538e+01  1.053026e+02  2.000000e+00
 3.845649e+00  4.349974e+01  1.074875e+02  2.000000e+00
 3.855383e+00  6.426553e+01  1.104007e+02  2.000000e+00
 3.775217e+00 -1.074541e+02  9.166083e+01  2.000000e+00
 3.794710e+00 -6.592258e+01  9.748730e+01  2.000000e+00
 3.802018e+00 -5.034823e+01  9.967222e+01  2.000000e+00
 3.814196e+00 -2.439097e+01  1.033137e+02  2.000000e+00
 3.823935e+00 -3.625156e+00  1.062269e+02  2.000000e+00
 3.840975e+00  3.271502e+01  1.113250e+02  2.000000e+00
 3.843409e+00  3.790647e+01  1.120533e+02  2.000000e+00
 3.848276e+00  4.828937e+01  1.135099e+02  2.000000e+00
 3.862875e+00  7.943805e+01  1.178797e+02  2.000000e+00
 3.782721e+00 -9.228162e+01  9.913985e+01  2.000000e+00
 3.787595e+00 -8.189874e+01  1.005965e+02  2.000000e+00
 3.792467e+00 -7.151584e+01  1.020531e+02  2.000000e+00
 3.802212e+00 -5.075005e+01  1.049663e+02  2.000000e+00
 3.804647e+00 -4.555860e+01  1.056946e+02  2.000000e+00
 3.809518e+00 -3.517569e+01  1.071512e+02  2.000000e+00
 3.814389e+00 -2.479278e+01  1.086078e+02  2.000000e+00
 3.824129e+00 -4.026970e+00  1.115210e+02  2.000000e+00
 3.828998e+00  6.355938e+00  1.129776e+02  2.000000e+00
 3.838735e+00  2.712175e+01  1.158908e+02  2.000000e+00
 3.841169e+00  3.231320e+01  1.166191e+02  2.000000e+00
 3.850903e+00  5.307900e+01  1.195323e+02  2.000000e+00
 3.853337e+00  5.827045e+01  1.202606e+02  2.000000e+00
 3.860636e+00  7.384479e+01  1.224455e+02  2.000000e+00
