-0.4210346497  0.0074878600  0.0021918851  1.0000000000
-0.4214381723  0.0075039275  0.0021995499  1.0000000000
-0.4214983002  0.0075083521  0.0022008536  1.0000000000
-0.4212426157  0.0074934357  0.0021967679  1.0000000000
-0.4217214353  0.0075190597  0.0022057594  1.0000000000
-0.4209934235  0.0074885349  0.0021933188  1.0000000000
-0.4221453064  0.0075351424  0.0022136532  1.0000000000
-0.4222055703  0.0075395776  0.0022149630  1.0000000000
-0.4222808527  0.0075437297  0.0022172954  1.0000000000
-0.4209902821  0.0074891388  0.0021951667  1.0000000000
-0.4208584377  0.0074744527  0.0021924544  1.0000000000
-0.4219695063  0.0075254516  0.0022121001  1.0000000000
-0.4226174320  0.0075577017  0.0022239283  1.0000000000
-0.4226517421  0.0075573870  0.0022251551  1.0000000000
-0.4222445383  0.0075428633  0.0022185735  1.0000000000
-0.4209726771  0.0074793771  0.0021962105  1.0000000000
-0.4215935482  0.0075077702  0.0022071786  1.0000000000
-0.4224439305  0.0075472224  0.0022222855  1.0000000000
-0.4227323844  0.0075626584  0.0022277170  1.0000000000
-0.4212723130  0.0075014388  0.0022027544  1.0000000000
-0.4225104569  0.0075536306  0.0022248665  1.0000000000
-0.4207917257  0.0074712169  0.0021948147  1.0000000000
-0.4222618255  0.0075390080  0.0022208831  1.0000000000
-0.4225858857  0.0075551374  0.0022268087  1.0000000000
-0.4210909509  0.0074932526  0.0022013654  1.0000000000
-0.4222873202  0.0075409471  0.0022223506  1.0000000000
-0.4223474864  0.0075453780  0.0022236693  1.0000000000
-0.4218805734  0.0075264381  0.0022157810  1.0000000000
-0.4208896017  0.0074842504  0.0021987368  1.0000000000
-0.4214247149  0.0075008793  0.0022079023  1.0000000000
-0.4220108870  0.0075286201  0.0022184106  1.0000000000
-0.4221067926  0.0075337524  0.0022202205  1.0000000000
-0.4216607248  0.0075130242  0.0022131805  1.0000000000
-0.4217206995  0.0075174419  0.0022144982  1.0000000000
-0.4212549483  0.0074985492  0.0022066289  1.0000000000
 0.0214776683 -0.2792239456 -0.3860115428  2.0000000000
 0.0250887828 -0.2497412468 -0.3873288792  2.0000000000
 0.0267632087 -0.2344008554 -0.3876726537  2.0000000000
 0.0298376578 -0.2026262839 -0.3877271752  2.0000000000
 0.0312331848 -0.1862366117 -0.3874376591  2.0000000000
 0.0325314602 -0.1695431334 -0.3869373585  2.0000000000
 0.0348287049 -0.1353427914 -0.3853076692  2.0000000000
 0.0387528790 -0.0463093825 -0.3776374340  2.0000000000
 0.0399484647  0.0267418658 -0.3679712711  2.0000000000
 0.0396886261  0.0814043427 -0.3588147383  2.0000000000
 0.0389652769  0.1173592681 -0.3518711515  2.0000000000
 0.0384399350  0.1351067973 -0.3481631621  2.0000000000
 0.0378064748  0.1526645523 -0.3443051289  2.0000000000
 0.0352676492  0.2039341922 -0.3318896425  2.0000000000
 0.0304441918  0.2680826426 -0.3136050595  2.0000000000
 0.0258100553  0.3122333946 -0.2988229018  2.0000000000
 0.0244755332 -0.2675399820 -0.3718280545  2.0000000000
 0.0262481288 -0.2525198903 -0.3722439451  2.0000000000
 0.0310236175 -0.2051711000 -0.3722675353  2.0000000000
 0.0360424726 -0.1375414749 -0.3694476820  2.0000000000
 0.0379398963 -0.1022413904 -0.3668331591  2.0000000000
 0.0408097444 -0.0113770189 -0.3569185450  2.0000000000
 0.0406192614  0.0985460568 -0.3391350074  2.0000000000
 0.0374378808  0.1867177610 -0.3200799878  2.0000000000
 0.0354197684  0.2202865980 -0.3115476653  2.0000000000
 0.0329922183  0.2525815753 -0.3025687640  2.0000000000
 0.0269683670  0.3126247435 -0.2834783502  2.0000000000
 0.0255726189 -0.2703399384 -0.3565895141  2.0000000000
 0.0290474349 -0.2397647347 -0.3569444318  2.0000000000
 0.0372008715 -0.1397239229 -0.3532862179  2.0000000000
 0.0382071744 -0.1220888167 -0.3519961074  2.0000000000
 0.0399026641 -0.0862276063 -0.3488477803  2.0000000000
 0.0411670768 -0.0497616026 -0.3449588545  2.0000000000
 0.0416351311 -0.0313720086 -0.3427441050  2.0000000000
 0.0423103339  0.0609941542 -0.3291143138  2.0000000000
 0.0421108784  0.0793489372 -0.3259068838  2.0000000000
 0.0394572670  0.1689642155 -0.3077331971  2.0000000000
 0.0354016274  0.2364393463 -0.2909672870  2.0000000000
 0.0341305370  0.2525099275 -0.2865165030  2.0000000000
 0.0312923506  0.2835305474 -0.2773478956  2.0000000000
 0.0297294162  0.2984377004 -0.2726429333  2.0000000000
 0.0280735798  0.3129158145 -0.2678661652  2.0000000000
 0.0263272401  0.3269459980 -0.2630240885  2.0000000000
 0.0266164278 -0.2730865039 -0.3410712824  2.0000000000
 0.0346502241 -0.1935301907 -0.3398413410  2.0000000000
 0.0371873692 -0.1593714287 -0.3380243424  2.0000000000
 0.0417080175 -0.0698808701 -0.3302637402  2.0000000000
 0.0431181308 -0.0144709950 -0.3234999399  2.0000000000
 0.0434366589  0.0598114280 -0.3122162883  2.0000000000
 0.0429235940  0.0966033537 -0.3056815186  2.0000000000
 0.0424998674  0.1148114029 -0.3022079401  2.0000000000
 0.0413211890  0.1507111249 -0.2948748498  2.0000000000
 0.0376670063  0.2196873509 -0.2788227121  2.0000000000
 0.0364909959  0.2361924295 -0.2745552588  2.0000000000
 0.0291247678  0.3131062682 -0.2519987250  2.0000000000
 0.0237470915 -0.3049128159 -0.3247533102  2.0000000000
 0.0257190166 -0.2905665345 -0.3251109608  2.0000000000
 0.0276060831 -0.2757774382 -0.3252858119  2.0000000000
 0.0342533844 -0.2125916922 -0.3241521717  2.0000000000
 0.0370030600 -0.1788882573 -0.3224906099  2.0000000000
 0.0382269478 -0.1615919898 -0.3213895625  2.0000000000
 0.0420754329 -0.0900463735 -0.3152256913  2.0000000000
 0.0438241309 -0.0346735856 -0.3088258071  2.0000000000
 0.0441849603 -0.0160405502 -0.3063707889  2.0000000000
 0.0407555307  0.1851494097 -0.2701572904  2.0000000000
 0.0362394675  0.2521110948 -0.2536269712  2.0000000000
 0.0303482708 -0.2631419497 -0.3090931422  2.0000000000
 0.0422684586 -0.1102093120 -0.2998807462  2.0000000000
 0.0443557040 -0.0549820119 -0.2938037432  2.0000000000
 0.0448300430 -0.0363375410 -0.2914668243  2.0000000000
 0.0454420177  0.0011309617 -0.2863476982  2.0000000000
 0.0449938782  0.0944837609 -0.2711489311  2.0000000000
 0.0440260820  0.1310864017 -0.2642077259  2.0000000000
 0.0433754270  0.1491154211 -0.2605729522  2.0000000000
 0.0426148428  0.1669260816 -0.2568359765  2.0000000000
 0.0396856778  0.2187816457 -0.2450680609  2.0000000000
 0.0384983288  0.2354559763 -0.2409789269  2.0000000000
 0.0358175048  0.2677427764 -0.2325860801  2.0000000000
 0.0292894528  0.3274526298 -0.2151084067  2.0000000000
 0.0275162580 -0.2958751705 -0.2930937076  2.0000000000
 0.0329587730 -0.2499351678 -0.2921987225  2.0000000000
 0.0375609149 -0.2005198224 -0.2897866817  2.0000000000
 0.0422866440 -0.1303207154 -0.2842658151  2.0000000000
 0.0440127194 -0.0938382774 -0.2805539543  2.0000000000
 0.0463899623 -0.0003872340 -0.2686877473  2.0000000000
 0.0465270598  0.0184559767 -0.2659003460  2.0000000000
 0.0455090041  0.1118223634 -0.2501307146  2.0000000000
 0.0449667888  0.1301222671 -0.2466442759  2.0000000000
 0.0426759917  0.1837666481 -0.2356136691  2.0000000000
 0.0336331504  0.2982780865 -0.2072596778  2.0000000000
 0.0301657865  0.3274120602 -0.1986921972  2.0000000000
 0.0337948302 -0.2523494288 -0.2754036671  2.0000000000
 0.0474141830  0.0169942849 -0.2479960874  2.0000000000
 0.0468231226  0.0921939013 -0.2356502045  2.0000000000
 0.0463912137  0.1107314948 -0.2323009516  2.0000000000
 0.0458466811  0.1291064340 -0.2288566043  2.0000000000
 0.0425610955  0.2004228962 -0.2142339802  2.0000000000
 0.0414689647  0.2175719945 -0.2103941503  2.0000000000
 0.0402715485  0.2343977801 -0.2064917129  2.0000000000
 0.0389706197  0.2508759545 -0.2025322682  2.0000000000
 0.0328357449 -0.2705309595 -0.2591404668  2.0000000000
 0.0392089868 -0.2049851088 -0.2552327588  2.0000000000
 0.0417987660 -0.1701934759 -0.2523771136  2.0000000000
 0.0474833671 -0.0413658288 -0.2379629013  2.0000000000
 0.0482393279  0.0155126352 -0.2298757500  2.0000000000
 0.0482625582  0.0344794587 -0.2269541775  2.0000000000
 0.0479653675  0.0722462886 -0.2207992447  2.0000000000
 0.0460060908  0.1462938491 -0.2073779438  2.0000000000
 0.0397626023  0.2502955063 -0.1850875663  2.0000000000
 0.0383547897  0.2664703637 -0.1811896163  2.0000000000
 0.0317473191  0.3270164926 -0.1652747165  2.0000000000
 0.0412938762 -0.1898578939 -0.2361801829  2.0000000000
 0.0425413047 -0.1722647210 -0.2345777140  2.0000000000
 0.0447189315 -0.1362910499 -0.2309659520  2.0000000000
 0.0471690308 -0.0807714414 -0.2245743245  2.0000000000
 0.0482438302 -0.0430494401 -0.2197024942  2.0000000000
 0.0490017908  0.0140122612 -0.2115546775  2.0000000000
 0.0474210783  0.1269230180 -0.1926686327  2.0000000000
 0.0459868391  0.1633427043 -0.1857466226  2.0000000000
 0.0430108081  0.2160621265 -0.1749168276  2.0000000000
 0.0390815021  0.2658695332 -0.1636776161  2.0000000000
 0.0324511704  0.3266617550 -0.1483016257  2.0000000000
 0.0304334817 -0.3056790257 -0.2264538895  2.0000000000
 0.0359511814 -0.2592517249 -0.2237818176  2.0000000000
 0.0454063214 -0.1382334582 -0.2128016412  2.0000000000
 0.0474507050  0.1441362999 -0.1709267283  2.0000000000
 0.0466752255  0.1622968661 -0.1674969478  2.0000000000
 0.0436895112  0.2151961050 -0.1569144105  2.0000000000
 0.0349017617  0.3116136763 -0.1348933031  2.0000000000
 0.0310179925 -0.3079483570 -0.2093333278  2.0000000000
 0.0412284880 -0.2113539112 -0.2019166933  2.0000000000
 0.0425868435 -0.1939771476 -0.2002335752  2.0000000000
 0.0438412664 -0.1762999352 -0.1984286240  2.0000000000
 0.0460310004 -0.1401492500 -0.1944642786  2.0000000000
 0.0477845904 -0.1031187092 -0.1900478415  2.0000000000
 0.0502662392  0.0491941974 -0.1684485061  2.0000000000
 0.0497344474  0.0871337770 -0.1622336627  2.0000000000
 0.0403525511  0.2644056391 -0.1281730988  2.0000000000
 0.0354927187  0.3109984288 -0.1174705321  2.0000000000
 0.0315435087 -0.3101410596 -0.1920577731  2.0000000000
 0.0403148405 -0.2304642673 -0.1854867040  2.0000000000
 0.0448595728  0.2132455192 -0.1204594229  2.0000000000
 0.0360233488  0.3102838076 -0.0999185433  2.0000000000
 0.0342079907  0.3249733614 -0.0964994646  2.0000000000
 0.0358068826 -0.2815818413 -0.1720751439  2.0000000000
 0.0407995281 -0.2324682313 -0.1673564532  2.0000000000
 0.0448907788 -0.1801806525 -0.1616501214  2.0000000000
 0.0491415297  0.1405033000 -0.1150800692  2.0000000000
 0.0483596761  0.1588132119 -0.1118520717  2.0000000000
 0.0396519330 -0.2511909833 -0.1509134832  2.0000000000
 0.0426913397 -0.2172845170 -0.1471862811  2.0000000000
 0.0402626480  0.2776542870 -0.0707760524  2.0000000000
 0.0307235807 -0.3309166932 -0.1408898848  2.0000000000
 0.0400091429 -0.2530943031 -0.1326749426  2.0000000000
 0.0456862305 -0.1838934502 -0.1243704834  2.0000000000
 0.0435847614  0.2439257577 -0.0587321747  2.0000000000
 0.0421509763  0.2604479023 -0.0556749755  2.0000000000
 0.0406155628  0.2765739237 -0.0526379660  2.0000000000
 0.0389807681  0.2922817347 -0.0496252557  2.0000000000
 0.0354226851  0.3223596750 -0.0436886110  2.0000000000
 0.0330473494 -0.3181086332 -0.1217090857  2.0000000000
 0.0350002316 -0.3029625987 -0.1200077151  2.0000000000
 0.0368623663 -0.2873705385 -0.1182112371  2.0000000000
 0.0485651011  0.1729999736 -0.0521923055  2.0000000000
 0.0475558910  0.1908965088 -0.0491879768  2.0000000000
 0.0452111978  0.2257697102 -0.0432194256  2.0000000000
 0.0392685256  0.2911452029 -0.0315600569  2.0000000000
 0.0332721314 -0.3198910218 -0.1038876585  2.0000000000
 0.0421113186 -0.2398959698 -0.0937403900  2.0000000000
 0.0488012698  0.1715917070 -0.0332466471  2.0000000000
 0.0466709359  0.2071364121 -0.0274426093  2.0000000000
 0.0454432964  0.2244366125 -0.0245762931  2.0000000000
 0.0411327325  0.2741516439 -0.0161684640  2.0000000000
 0.0377574408  0.3052447980 -0.0107605206  2.0000000000
 0.0313917249 -0.3362628430 -0.0879408310  2.0000000000
 0.0468396613  0.2057117404 -0.0086479178  2.0000000000
 0.0456109067  0.2230324515 -0.0058924810  2.0000000000
 0.0428373047  0.2566061726 -0.0004994799  2.0000000000
 0.0335387374 -0.3231931502 -0.0680738252  2.0000000000
 0.0373615768 -0.2924712943 -0.0636476225  2.0000000000
 0.0438636375 -0.2260709137 -0.0540003370  2.0000000000
 0.0499781203  0.1503844747  0.0019978161  2.0000000000
 0.0490771041  0.1686090275  0.0047591011  2.0000000000
 0.0469433999  0.2042222612  0.0101718032  2.0000000000
 0.0457138835  0.2215584762  0.0128154211  2.0000000000
 0.0397555668  0.2871940114  0.0228863904  2.0000000000
 0.0380168421  0.3025620958  0.0252613613  2.0000000000
 0.0335803304 -0.3247099611 -0.0501132377  2.0000000000
 0.0500179030  0.1488044291  0.0211094887  2.0000000000
 0.0469820619  0.2026693017  0.0289998232  2.0000000000
 0.0397920349  0.2857003233  0.0410651164  2.0000000000
 0.0362187920  0.3160066528  0.0454346019  2.0000000000
 0.0315157763 -0.3407738081 -0.0345712630  2.0000000000
 0.0514562345  0.1100116475  0.0348893588  2.0000000000
 0.0499917015  0.1471779148  0.0402150155  2.0000000000
 0.0443895894  0.2354127991  0.0525901316  2.0000000000
 0.0334799153 -0.3274683167 -0.0141645782  2.0000000000
 0.0423232396 -0.2477388862 -0.0004821578  2.0000000000
 0.0413172553  0.2666239722  0.0753770619  2.0000000000
 0.0497414941  0.1437913289  0.0783396782  2.0000000000
 0.0310947644 -0.3444134389  0.0187920699  2.0000000000
 0.0350873678 -0.3148192448  0.0246722921  2.0000000000
 0.0369488452 -0.2993359483  0.0276622780  2.0000000000
 0.0419621477 -0.2503909577  0.0367815765  2.0000000000
 0.0503057354  0.1235832640  0.0949195011  2.0000000000
 0.0495177047  0.1420342805  0.0973249381  2.0000000000
 0.0439242517  0.2301850770  0.1081175286  2.0000000000
 0.0393080355  0.2788784714  0.1134987949  2.0000000000
 0.0357411886  0.3092099489  0.1165898148  2.0000000000
 0.0328713361 -0.3308997689  0.0395875866  2.0000000000
 0.0431570299 -0.2345700481  0.0585251031  2.0000000000
 0.0445247382 -0.2171937402  0.0617127846  2.0000000000
 0.0469436274 -0.1815282383  0.0680730355  2.0000000000
 0.0422049195  0.2449248769  0.1282547984  2.0000000000
 0.0390300917  0.2769688346  0.1314564651  2.0000000000
 0.0372959935  0.2923529340  0.1328963946  2.0000000000
 0.0363494381 -0.3014798993  0.0639374608  2.0000000000
 0.0441811737 -0.2184129174  0.0804095422  2.0000000000
 0.0479756570  0.1565720297  0.1372073336  2.0000000000
 0.0369581909  0.2903519670  0.1506053519  2.0000000000
 0.0409460124 -0.2538188197  0.0922214833  2.0000000000
 0.0437739645 -0.2195667774  0.0990155902  2.0000000000
 0.0472275695 -0.1659053963  0.1090335039  2.0000000000
 0.0454348316  0.1901443147  0.1596254546  2.0000000000
 0.0442119561  0.2074235938  0.1613527593  2.0000000000
 0.0428837408  0.2243640361  0.1629638288  2.0000000000
 0.0414521448  0.2409415586  0.1644565275  2.0000000000
 0.0296917976 -0.3478610398  0.0891980917  2.0000000000
 0.0355044744 -0.3032676163  0.0998776647  2.0000000000
 0.0433034617 -0.2206542849  0.1175145837  2.0000000000
 0.0457079203 -0.1852452016  0.1243931568  2.0000000000
 0.0476809302 -0.1487934517  0.1311089968  2.0000000000
 0.0494242382  0.0977283365  0.1680773406  2.0000000000
 0.0437359340  0.2053874572  0.1795321850  2.0000000000
 0.0424103575  0.2222997431  0.1810190748  2.0000000000
 0.0409816240  0.2388506402  0.1823793338  2.0000000000
 0.0451683473 -0.1863710377  0.1429362103  2.0000000000
 0.0462068765 -0.1683146271  0.1463870723  2.0000000000
 0.0471362049 -0.1500245062  0.1497828723  2.0000000000
 0.0497359934 -0.0750907509  0.1627125372  2.0000000000
 0.0474213323  0.1326750930  0.1908111054  2.0000000000
 0.0455256521  0.1685562322  0.1944487341  2.0000000000
 0.0444146039  0.1860821586  0.1960756616  2.0000000000
 0.0404488703  0.2366959889  0.2001624695  2.0000000000
 0.0389225947  0.2528326717  0.2012541846  2.0000000000
 0.0372977430  0.2685644015  0.2022083090  2.0000000000
 0.0286348304 -0.3489681385  0.1238026820  2.0000000000
 0.0378140588 -0.2729985958  0.1429651649  2.0000000000
 0.0393678139 -0.2565621423  0.1467246299  2.0000000000
 0.0408219256 -0.2397633692  0.1504470243  2.0000000000
 0.0421742494 -0.2226264070  0.1541268666  2.0000000000
 0.0434227823 -0.2051762252  0.1577586889  2.0000000000
 0.0465278166 -0.1512075213  0.1683118012  2.0000000000
 0.0495794711  0.0376763816  0.1982181993  2.0000000000
 0.0488118003  0.0753518330  0.2029456905  2.0000000000
 0.0468091042  0.1307000739  0.2091053579  2.0000000000
 0.0412761376  0.2179960826  0.2166942811  2.0000000000
 0.0383320137  0.2505818561  0.2187423897  2.0000000000
 0.0367113797  0.2662810886  0.2195490330  2.0000000000
 0.0300280279 -0.3351273107  0.1449159369  2.0000000000
 0.0319503693 -0.3204216409  0.1489120226  2.0000000000
 0.0387188317 -0.2573204729  0.1646099838  2.0000000000
 0.0401684146 -0.2405838006  0.1684347588  2.0000000000
 0.0415165100 -0.2235092615  0.1722083758  2.0000000000
 0.0427611215 -0.2061217338  0.1759252270  2.0000000000
 0.0449326354 -0.1705111049  0.1831663992  2.0000000000
 0.0458562878 -0.1523414488  0.1866797449  2.0000000000
 0.0492042132 -0.0019722018  0.2115250327  2.0000000000
 0.0475775249  0.0920827622  0.2234017205  2.0000000000
 0.0442479685  0.1643918574  0.2304893696  2.0000000000
 0.0391985506  0.2322031044  0.2352480263  2.0000000000
 0.0325482315  0.2939668202  0.2375793799  2.0000000000
 0.0293478022 -0.3354823099  0.1620090868  2.0000000000
 0.0330903462 -0.3057498428  0.1702520770  2.0000000000
 0.0380092754 -0.2579995619  0.1823283308  2.0000000000
 0.0394539250 -0.2413296269  0.1862536696  2.0000000000
 0.0476963067 -0.0792375558  0.2182201481  2.0000000000
 0.0483057306 -0.0414777825  0.2242645598  2.0000000000
 0.0481506400  0.0341976508  0.2349051107  2.0000000000
 0.0445100279  0.1445826778  0.2467759732  2.0000000000
 0.0424139852  0.1796383233  0.2495431820  2.0000000000
 0.0369689020  0.2458887659  0.2531943043  2.0000000000
 0.0286100089 -0.3357362629  0.1789306909  2.0000000000
 0.0372397516 -0.2585988077  0.1998645377  2.0000000000
 0.0468902821 -0.0805604111  0.2363490090  2.0000000000
 0.0474971174 -0.0429433029  0.2424034143  2.0000000000
 0.0416239389  0.1774043433  0.2669820581  2.0000000000
 0.0404206743  0.1944321841  0.2680180289  2.0000000000
 0.0377054759  0.2274785896  0.2695921379  2.0000000000
 0.0310992330  0.2889020861  0.2707301785  2.0000000000
 0.0415350086 -0.1911077158  0.2332033682  2.0000000000
 0.0425556589 -0.1733901421  0.2369822171  2.0000000000
 0.0442732767 -0.1372814679  0.2442341190  2.0000000000
 0.0463809519 -0.0631512934  0.2573621960  2.0000000000
 0.0467581912 -0.0255896641  0.2631569877  2.0000000000
 0.0466803353  0.0119908167  0.2683897397  2.0000000000
 0.0451637472  0.0862721464  0.2770428643  2.0000000000
 0.0445041374  0.1044911930  0.2788088242  2.0000000000
 0.0428546817  0.1403118575  0.2818445012  2.0000000000
 0.0418672990  0.1578595350  0.2831097911  2.0000000000
 0.0395745705  0.1920995775  0.2851264149  2.0000000000
 0.0368694687  0.2250345544  0.2864494597  2.0000000000
 0.0269642837 -0.3359402023  0.2122021794  2.0000000000
 0.0323770810 -0.2913403757  0.2256713450  2.0000000000
 0.0382784059 -0.2263351464  0.2426771520  2.0000000000
 0.0395038973 -0.2092458994  0.2467167067  2.0000000000
 0.0416418216 -0.1742355744  0.2544989012  2.0000000000
 0.0425510548 -0.1563670415  0.2582297538  2.0000000000
 0.0433519259 -0.1382923058  0.2618461297  2.0000000000
 0.0450930863 -0.0831100669  0.2719536405  2.0000000000
 0.0458253088 -0.0270920643  0.2808411813  2.0000000000
 0.0455384499  0.0289754526  0.2883843443  2.0000000000
 0.0294198583  0.2835530283  0.3030396697  2.0000000000
 0.0240878380 -0.3497787854  0.2237938645  2.0000000000
 0.0330597515 -0.2759121419  0.2468388316  2.0000000000
 0.0345781833 -0.2599125988  0.2512331948  2.0000000000
 0.0444586169 -0.0658031764  0.2925107525  2.0000000000
 0.0437923842  0.0640942925  0.3098646970  2.0000000000
 0.0425941286  0.1003978259  0.3132875642  2.0000000000
 0.0350220725  0.2199934137  0.3194638583  2.0000000000
 0.0284955355  0.2807775686  0.3188449736  2.0000000000
 0.0231359791 -0.3495461926  0.2397533105  2.0000000000
 0.0304588591 -0.2916314324  0.2588221949  2.0000000000
 0.0335758377 -0.2601879652  0.2678952646  2.0000000000
 0.0375188201 -0.2104039825  0.2807797087  2.0000000000
 0.0386298959 -0.1932068380  0.2848555178  2.0000000000
 0.0434074935 -0.0670848068  0.3097054434  2.0000000000
 0.0436490486 -0.0485802237  0.3126639478  2.0000000000
 0.0434930030  0.0255087008  0.3228284670  2.0000000000
 0.0427429445  0.0621910007  0.3268546619  2.0000000000
 0.0366826618  0.1848544102  0.3350128498  2.0000000000
 0.0340122497  0.2174005971  0.3355936133  2.0000000000
 0.0292787147  0.2634250266  0.3349912412  2.0000000000
 0.0277265862 -0.3066833749  0.2702588426  2.0000000000
 0.0352323115 -0.2276974936  0.2931668839  2.0000000000
 0.0364399755 -0.2108801626  0.2974283119  2.0000000000
 0.0409124057 -0.1230534899  0.3167845614  2.0000000000
 0.0416348845  0.0602842734  0.3435694477  2.0000000000
 0.0396905554  0.1139540631  0.3480029922  2.0000000000
 0.0388263596  0.1314463509  0.3490842124  2.0000000000
 0.0367813349  0.1656764024  0.3506419740  2.0000000000
 0.0299082010 -0.2762167766  0.2957646652  2.0000000000
 0.0364040673 -0.1942861313  0.3180049415  2.0000000000
 0.0382907943 -0.1595365235  0.3259924462  2.0000000000
 0.0390754081 -0.1418406545  0.3297665174  2.0000000000
 0.0397525571 -0.1239667377  0.3333863426  2.0000000000
 0.0413684263 -0.0512469325  0.3462150396  2.0000000000
 0.0415126682 -0.0145495552  0.3515701860  2.0000000000
 0.0408958652  0.0402742820  0.3581836017  2.0000000000
 0.0392875634  0.0941506622  0.3630138456  2.0000000000
 0.0367093848  0.1463364474  0.3659951556  2.0000000000
 0.0318246150  0.2120813936  0.3670326283  2.0000000000
 0.0199631703 -0.3482208211  0.2861572234  2.0000000000
 0.0329200170 -0.2282391160  0.3254939593  2.0000000000
 0.0361972425 -0.1775747399  0.3382704069  2.0000000000
 0.0395579852 -0.0888746997  0.3564775105  2.0000000000
 0.0402852159 -0.0160508746  0.3678663578  2.0000000000
 0.0373222149  0.1095705581  0.3801274438  2.0000000000
 0.0364669936  0.1268816030  0.3810353648  2.0000000000
 0.0344433683  0.1607619895  0.3822012285  2.0000000000
 0.0259883163  0.2547420186  0.3804789614  2.0000000000
 0.0243041052 -0.3058858572  0.3169521705  2.0000000000
 0.0275357091 -0.2759904760  0.3270199349  2.0000000000
 0.0303963578 -0.2445999112  0.3366156918  2.0000000000
 0.0349396560 -0.1780611732  0.3541680324  2.0000000000
 0.0358199855 -0.1607866079  0.3581759153  2.0000000000
 0.0372642588 -0.1256513896  0.3656919291  2.0000000000
 0.0382796689 -0.0899154384  0.3725034878  2.0000000000
 0.0390018011 -0.0175322226  0.3838489372  2.0000000000
 0.0387040475  0.0186629359  0.3883121930  2.0000000000
 0.0367996275  0.0899347428  0.3946814737  2.0000000000
 0.0360547480  0.1073591905  0.3957263678  2.0000000000
 0.0320334603  0.1746939718  0.3976706704  2.0000000000
 0.0307751686  0.1908129077  0.3975949738  2.0000000000
 0.0264222617  0.2370847878  0.3960236658  2.0000000000
