 1.499575e-02  8.793134e-03 -4.737622e-01  1.000000e+00
 1.509158e-02  8.861035e-03 -4.793880e-01  1.000000e+00
 1.510612e-02  8.871331e-03 -4.802399e-01  1.000000e+00
 1.504594e-02  8.828714e-03 -4.767147e-01  1.000000e+00
 1.516035e-02  8.909754e-03 -4.834238e-01  1.000000e+00
 1.498798e-02  8.787648e-03 -4.733115e-01  1.000000e+00
 1.526335e-02  8.982733e-03 -4.894711e-01  1.000000e+00
 1.527818e-02  8.993237e-03 -4.903401e-01  1.000000e+00
 1.529723e-02  9.006745e-03 -4.914613e-01  1.000000e+00
 1.498838e-02  8.787950e-03 -4.733415e-01  1.000000e+00
 1.495794e-02  8.766407e-03 -4.715640e-01  1.000000e+00
 1.522183e-02  8.953348e-03 -4.870443e-01  1.000000e+00
 1.538061e-02  9.065827e-03 -4.963573e-01  1.000000e+00
 1.538955e-02  9.072170e-03 -4.968867e-01  1.000000e+00
 1.528919e-02  9.001069e-03 -4.909970e-01  1.000000e+00
 1.498553e-02  8.785979e-03 -4.731912e-01  1.000000e+00
 1.513228e-02  8.889935e-03 -4.817998e-01  1.000000e+00
 1.533855e-02  9.036058e-03 -4.939000e-01  1.000000e+00
 1.540986e-02  9.086569e-03 -4.980817e-01  1.000000e+00
 1.505559e-02  8.835594e-03 -4.772960e-01  1.000000e+00
 1.535498e-02  9.047702e-03 -4.948662e-01  1.000000e+00
 1.494383e-02  8.756468e-03 -4.707541e-01  1.000000e+00
 1.529421e-02  9.004676e-03 -4.913083e-01  1.000000e+00
 1.537382e-02  9.061070e-03 -4.959778e-01  1.000000e+00
 1.501295e-02  8.805414e-03 -4.748035e-01  1.000000e+00
 1.530036e-02  9.009047e-03 -4.916738e-01  1.000000e+00
 1.531492e-02  9.019361e-03 -4.925270e-01  1.000000e+00
 1.520106e-02  8.938692e-03 -4.858455e-01  1.000000e+00
 1.496572e-02  8.771972e-03 -4.720376e-01  1.000000e+00
 1.509234e-02  8.861701e-03 -4.794759e-01  1.000000e+00
 1.523284e-02  8.961232e-03 -4.877179e-01  1.000000e+00
 1.525603e-02  8.977659e-03 -4.890779e-01  1.000000e+00
 1.514818e-02  8.901267e-03 -4.827559e-01  1.000000e+00
 1.516230e-02  8.911273e-03 -4.835836e-01  1.000000e+00
 1.505115e-02  8.832523e-03 -4.770608e-01  1.000000e+00
 9.495282e-02  1.467698e-01 -2.020369e-02  2.000000e+00
 9.304572e-02  1.593517e-01 -7.239319e-03  2.000000e+00
 9.086941e-02  1.651399e-01 -8.830353e-04  2.000000e+00
 8.394134e-02  1.754690e-01  1.133584e-02  2.000000e+00
 7.917223e-02  1.799244e-01  1.710137e-02  2.000000e+00
 7.354246e-02  1.838578e-01  2.257412e-02  2.000000e+00
 5.980764e-02  1.900422e-01  3.245993e-02  2.000000e+00
 1.362175e-02  1.949253e-01  4.915752e-02  2.000000e+00
-2.971683e-02  1.879866e-01  5.242585e-02  2.000000e+00
-6.127832e-02  1.772112e-01  4.851596e-02  2.000000e+00
-8.015358e-02  1.678471e-01  4.298954e-02  2.000000e+00
-8.863488e-02  1.626251e-01  3.941257e-02  2.000000e+00
-9.636309e-02  1.570977e-01  3.533254e-02  2.000000e+00
-1.143678e-01  1.391083e-01  2.044726e-02  2.000000e+00
-1.249614e-01  1.134224e-01 -3.893803e-03  2.000000e+00
-1.229561e-01  9.428119e-02 -2.376074e-02  2.000000e+00
 9.848486e-02  1.534593e-01 -9.175621e-03  2.000000e+00
 9.712120e-02  1.595486e-01 -2.496451e-03  2.000000e+00
 8.776995e-02  1.754669e-01  1.669890e-02  2.000000e+00
 6.281778e-02  1.896788e-01  3.848187e-02  2.000000e+00
 4.548730e-02  1.932691e-01  4.691257e-02  2.000000e+00
-7.345670e-03  1.914545e-01  5.852613e-02  2.000000e+00
-7.300680e-02  1.709639e-01  5.226340e-02  2.000000e+00
-1.128962e-01  1.432428e-01  3.132088e-02  2.000000e+00
-1.225275e-01  1.306888e-01  1.987858e-02  2.000000e+00
-1.281010e-01  1.178082e-01  7.238193e-03  2.000000e+00
-1.274050e-01  9.232079e-02 -1.995286e-02  2.000000e+00
 1.025986e-01  1.530748e-01 -4.725440e-03  2.000000e+00
 9.895976e-02  1.647201e-01  8.951594e-03  2.000000e+00
 6.590779e-02  1.884614e-01  4.437859e-02  2.000000e+00
 5.732293e-02  1.904397e-01  4.895331e-02  2.000000e+00
 3.799058e-02  1.925417e-01  5.658010e-02  2.000000e+00
 1.636252e-02  1.921613e-01  6.195885e-02  2.000000e+00
 4.947193e-03  1.910579e-01  6.374061e-02  2.000000e+00
-5.331357e-02  1.771881e-01  6.305553e-02  2.000000e+00
-6.431979e-02  1.729449e-01  6.099645e-02  2.000000e+00
-1.097652e-01  1.464355e-01  4.199205e-02  2.000000e+00
-1.298232e-01  1.214289e-01  1.846663e-02  2.000000e+00
-1.322233e-01  1.150046e-01  1.181515e-02  2.000000e+00
-1.339079e-01  1.022263e-01 -2.036358e-03  2.000000e+00
-1.332570e-01  9.594394e-02 -9.126373e-03  2.000000e+00
-1.316750e-01  8.977672e-02 -1.625366e-02  2.000000e+00
-1.292243e-01  8.375417e-02 -2.336596e-02  2.000000e+00
 1.067228e-01  1.520379e-01 -3.631685e-04  2.000000e+00
 9.035690e-02  1.773060e-01  3.341185e-02  2.000000e+00
 7.707932e-02  1.839269e-01  4.496656e-02  2.000000e+00
 2.933971e-02  1.899960e-01  6.566165e-02  2.000000e+00
-5.935383e-03  1.863127e-01  7.106850e-02  2.000000e+00
-5.415782e-02  1.737256e-01  6.908789e-02  2.000000e+00
-7.644303e-02  1.646930e-01  6.418148e-02  2.000000e+00
-8.669925e-02  1.596249e-01  6.080394e-02  2.000000e+00
-1.049132e-01  1.485953e-01  5.234071e-02  2.000000e+00
-1.299796e-01  1.241802e-01  2.967409e-02  2.000000e+00
-1.335985e-01  1.178363e-01  2.308544e-02  2.000000e+00
-1.357423e-01  8.663931e-02 -1.268185e-02  2.000000e+00
 1.109076e-01  1.379252e-01 -1.089182e-02  2.000000e+00
 1.113051e-01  1.442669e-01 -3.487985e-03  2.000000e+00
 1.108436e-01  1.503345e-01  3.893022e-03  2.000000e+00
 9.950003e-02  1.708484e-01  3.211976e-02  2.000000e+00
 8.783782e-02  1.782417e-01  4.469774e-02  2.000000e+00
 8.053453e-02  1.811030e-01  5.041967e-02  2.000000e+00
 4.263771e-02  1.865458e-01  6.845473e-02  2.000000e+00
 7.434916e-03  1.842244e-01  7.586225e-02  2.000000e+00
-5.006162e-03  1.822805e-01  7.702670e-02  2.000000e+00
-1.224465e-01  1.321145e-01  4.680879e-02  2.000000e+00
-1.397826e-01  1.072228e-01  2.047212e-02  2.000000e+00
 1.135813e-01  1.535135e-01  1.552231e-02  2.000000e+00
 5.604201e-02  1.818498e-01  7.030960e-02  2.000000e+00
 2.141408e-02  1.808512e-01  7.973304e-02  2.000000e+00
 8.886754e-03  1.793375e-01  8.157795e-02  2.000000e+00
-1.688268e-02  1.746500e-01  8.321321e-02  2.000000e+00
-7.902246e-02  1.546556e-01  7.519777e-02  2.000000e+00
-1.001619e-01  1.441366e-01  6.740713e-02  2.000000e+00
-1.094706e-01  1.385055e-01  6.263593e-02  2.000000e+00
-1.178180e-01  1.326852e-01  5.733226e-02  2.000000e+00
-1.364498e-01  1.145209e-01  3.868988e-02  2.000000e+00
-1.403916e-01  1.083705e-01  3.173769e-02  2.000000e+00
-1.448115e-01  9.615923e-02  1.706338e-02  2.000000e+00
-1.406372e-01  7.302030e-02 -1.372558e-02  2.000000e+00
 1.193988e-01  1.392215e-01  4.248179e-03  2.000000e+00
 1.153014e-01  1.551981e-01  2.722835e-02  2.000000e+00
 1.018460e-01  1.673378e-01  4.838766e-02  2.000000e+00
 6.933191e-02  1.759705e-01  7.120936e-02  2.000000e+00
 4.766970e-02  1.767385e-01  7.944865e-02  2.000000e+00
-1.600944e-02  1.685294e-01  8.864014e-02  2.000000e+00
-2.934467e-02  1.653078e-01  8.837799e-02  2.000000e+00
-9.125116e-02  1.430968e-01  7.660967e-02  2.000000e+00
-1.017510e-01  1.377178e-01  7.229520e-02  2.000000e+00
-1.275375e-01  1.204850e-01  5.601851e-02  2.000000e+00
-1.480801e-01  7.915937e-02  5.022590e-03  2.000000e+00
-1.439488e-01  6.832330e-02 -1.082946e-02  2.000000e+00
 1.193392e-01  1.509670e-01  3.139461e-02  2.000000e+00
-2.865171e-02  1.581169e-01  9.347192e-02  2.000000e+00
-8.065008e-02  1.408556e-01  8.511445e-02  2.000000e+00
-9.226315e-02  1.357464e-01  8.131781e-02  2.000000e+00
-1.030689e-01  1.304052e-01  7.689142e-02  2.000000e+00
-1.363064e-01  1.075907e-01  5.368772e-02  2.000000e+00
-1.417790e-01  1.017350e-01  4.675158e-02  2.000000e+00
-1.460408e-01  9.589768e-02  3.946989e-02  2.000000e+00
-1.490851e-01  9.011460e-02  3.190158e-02  2.000000e+00
 1.256978e-01  1.415832e-01  2.751379e-02  2.000000e+00
 1.095088e-01  1.565629e-01  5.734901e-02  2.000000e+00
 9.468941e-02  1.610245e-01  7.013275e-02  2.000000e+00
 1.406107e-02  1.588431e-01  9.705634e-02  2.000000e+00
-2.776985e-02  1.499783e-01  9.824659e-02  2.000000e+00
-4.166156e-02  1.461514e-01  9.716651e-02  2.000000e+00
-6.846337e-02  1.374134e-01  9.282851e-02  2.000000e+00
-1.142726e-01  1.167748e-01  7.603815e-02  2.000000e+00
-1.515672e-01  8.301114e-02  3.521982e-02  2.000000e+00
-1.535078e-01  7.755463e-02  2.726711e-02  2.000000e+00
-1.497185e-01  5.731517e-02 -5.606090e-03  2.000000e+00
 1.063367e-01  1.521892e-01  6.817858e-02  2.000000e+00
 9.825088e-02  1.538639e-01  7.443247e-02  2.000000e+00
 7.890509e-02  1.555516e-01  8.536012e-02  2.000000e+00
 4.313213e-02  1.539040e-01  9.716186e-02  2.000000e+00
 1.604688e-02  1.501338e-01  1.015870e-01  2.000000e+00
-2.669954e-02  1.409228e-01  1.026817e-01  2.000000e+00
-1.048512e-01  1.131986e-01  8.512666e-02  2.000000e+00
-1.246688e-01  1.024197e-01  7.406213e-02  2.000000e+00
-1.458355e-01  8.596748e-02  5.370370e-02  2.000000e+00
-1.557591e-01  7.006102e-02  3.016452e-02  2.000000e+00
-1.521441e-01  5.104480e-02 -3.306499e-03  2.000000e+00
 1.348149e-01  1.215522e-01  1.781409e-02  2.000000e+00
 1.310912e-01  1.339826e-01  4.263776e-02  2.000000e+00
 8.214658e-02  1.470229e-01  8.948318e-02  2.000000e+00
-1.159826e-01  9.815677e-02  8.337437e-02  2.000000e+00
-1.256028e-01  9.287419e-02  7.744618e-02  2.000000e+00
-1.473542e-01  7.704405e-02  5.672136e-02  2.000000e+00
-1.567830e-01  4.840077e-02  7.310053e-03  2.000000e+00
 1.384136e-01  1.156505e-01  2.071935e-02  2.000000e+00
 1.207171e-01  1.345519e-01  6.887755e-02  2.000000e+00
 1.135981e-01  1.361140e-01  7.575399e-02  2.000000e+00
 1.053038e-01  1.371640e-01  8.214686e-02  2.000000e+00
 8.539146e-02  1.376961e-01  9.327952e-02  2.000000e+00
 6.156138e-02  1.361432e-01  1.019144e-01  2.000000e+00
-5.327238e-02  1.119501e-01  1.072004e-01  2.000000e+00
-8.080925e-02  1.026940e-01  1.009698e-01  2.000000e+00
-1.592097e-01  5.332850e-02  3.511542e-02  2.000000e+00
-1.585226e-01  4.083310e-02  9.271364e-03  2.000000e+00
 1.418769e-01  1.092105e-01  2.340229e-02  2.000000e+00
 1.302612e-01  1.241016e-01  6.476387e-02  2.000000e+00
-1.493276e-01  5.733897e-02  6.176945e-02  2.000000e+00
-1.599085e-01  3.283669e-02  1.097310e-02  2.000000e+00
-1.574287e-01  2.952565e-02  2.202307e-03  2.000000e+00
 1.441900e-01  1.085537e-01  4.323800e-02  2.000000e+00
 1.337774e-01  1.150958e-01  6.765405e-02  2.000000e+00
 1.121588e-01  1.175923e-01  8.857446e-02  2.000000e+00
-1.161845e-01  6.490750e-02  9.165554e-02  2.000000e+00
-1.264270e-01  6.020862e-02  8.543388e-02  2.000000e+00
 1.418605e-01  1.041896e-01  6.234032e-02  2.000000e+00
 1.311911e-01  1.064311e-01  7.772119e-02  2.000000e+00
-1.628761e-01  2.136806e-02  3.144799e-02  2.000000e+00
 1.499793e-01  8.434720e-02  2.098632e-02  2.000000e+00
 1.450740e-01  9.455597e-02  6.454542e-02  2.000000e+00
 1.186821e-01  9.560781e-02  9.360568e-02  2.000000e+00
-1.590118e-01  1.723072e-02  5.005360e-02  2.000000e+00
-1.616850e-01  1.421510e-02  4.133901e-02  2.000000e+00
-1.630217e-01  1.146011e-02  3.245575e-02  2.000000e+00
-1.630677e-01  8.971984e-03  2.346912e-02  2.000000e+00
-1.595510e-01  4.801368e-03  5.441196e-03  2.000000e+00
 1.540433e-01  7.888308e-02  3.167483e-02  2.000000e+00
 1.543609e-01  8.080940e-02  4.066276e-02  2.000000e+00
 1.535159e-01  8.240390e-02  4.949534e-02  2.000000e+00
-1.337906e-01  1.908316e-02  8.297624e-02  2.000000e+00
-1.420226e-01  1.550215e-02  7.551642e-02  2.000000e+00
-1.544453e-01  9.032485e-03  5.939367e-02  2.000000e+00
-1.629191e-01 -7.214699e-04  2.411140e-02  2.000000e+00
 1.565822e-01  7.040149e-02  3.307776e-02  2.000000e+00
 1.463676e-01  7.409599e-02  7.596688e-02  2.000000e+00
-1.325550e-01  6.265665e-03  8.362758e-02  2.000000e+00
-1.479162e-01  4.856885e-05  6.818328e-02  2.000000e+00
-1.535522e-01 -2.661133e-03  5.989442e-02  2.000000e+00
-1.621893e-01 -9.051749e-03  3.352498e-02  2.000000e+00
-1.613663e-01 -1.183412e-02  1.534444e-02  2.000000e+00
 1.572849e-01  6.043994e-02  2.503297e-02  2.000000e+00
-1.465662e-01 -1.221121e-02  6.835897e-02  2.000000e+00
-1.523027e-01 -1.450638e-02  6.003530e-02  2.000000e+00
-1.596125e-01 -1.816381e-02  4.258236e-02  2.000000e+00
 1.609499e-01  5.274596e-02  3.502990e-02  2.000000e+00
 1.609565e-01  5.327139e-02  5.302295e-02  2.000000e+00
 1.457352e-01  5.028703e-02  8.559645e-02  2.000000e+00
-1.192945e-01 -1.703236e-02  9.086285e-02  2.000000e+00
-1.291280e-01 -1.984154e-02  8.374589e-02  2.000000e+00
-1.448786e-01 -2.455142e-02  6.816292e-02  2.000000e+00
-1.507059e-01 -2.642326e-02  5.981711e-02  2.000000e+00
-1.602726e-01 -3.058161e-02  2.422521e-02  2.000000e+00
-1.594030e-01 -3.081344e-02  1.509840e-02  2.000000e+00
 1.627508e-01  4.369223e-02  3.556798e-02  2.000000e+00
-1.170560e-01 -3.048667e-02  9.035815e-02  2.000000e+00
-1.428653e-01 -3.688799e-02  6.759765e-02  2.000000e+00
-1.586802e-01 -4.057066e-02  2.366201e-02  2.000000e+00
-1.559390e-01 -3.970426e-02  5.473098e-03  2.000000e+00
 1.623856e-01  3.488612e-02  2.662446e-02  2.000000e+00
-9.112780e-02 -3.861380e-02  1.021794e-01  2.000000e+00
-1.145529e-01 -4.386617e-02  8.945499e-02  2.000000e+00
-1.511142e-01 -5.077781e-02  4.968926e-02  2.000000e+00
 1.655250e-01  2.544145e-02  3.574976e-02  2.000000e+00
 1.574926e-01  1.689882e-02  7.843122e-02  2.000000e+00
-1.538539e-01 -6.115325e-02  3.068223e-02  2.000000e+00
-1.088228e-01 -7.003664e-02  8.647781e-02  2.000000e+00
 1.649669e-01  9.244083e-03  2.566315e-02  2.000000e+00
 1.681904e-01  5.303238e-03  4.367370e-02  2.000000e+00
 1.680786e-01  2.918474e-03  5.242539e-02  2.000000e+00
 1.601077e-01 -5.862514e-03  7.684910e-02  2.000000e+00
-9.445866e-02 -8.113666e-02  9.107222e-02  2.000000e+00
-1.056340e-01 -8.265033e-02  8.442030e-02  2.000000e+00
-1.427525e-01 -8.353069e-02  4.497258e-02  2.000000e+00
-1.490679e-01 -7.889370e-02  1.852367e-02  2.000000e+00
-1.470720e-01 -7.398409e-02  7.600388e-04  2.000000e+00
 1.674675e-01 -1.371213e-03  3.377148e-02  2.000000e+00
 1.557845e-01 -2.074923e-02  8.274198e-02  2.000000e+00
 1.492641e-01 -2.479309e-02  8.945746e-02  2.000000e+00
 1.323325e-01 -3.339756e-02  1.011273e-01  2.000000e+00
-1.428881e-01 -9.216400e-02  3.413718e-02  2.000000e+00
-1.459317e-01 -8.774013e-02  1.655679e-02  2.000000e+00
-1.456021e-01 -8.497025e-02  7.736208e-03  2.000000e+00
 1.688121e-01 -1.627357e-02  4.989375e-02  2.000000e+00
 1.500996e-01 -3.626524e-02  8.757535e-02  2.000000e+00
-1.086555e-01 -1.069091e-01  7.214493e-02  2.000000e+00
-1.422990e-01 -9.294245e-02  5.618545e-03  2.000000e+00
 1.617683e-01 -3.798686e-02  7.175969e-02  2.000000e+00
 1.506374e-01 -4.731304e-02  8.532065e-02  2.000000e+00
 1.243937e-01 -6.217227e-02  1.012918e-01  2.000000e+00
-1.210365e-01 -1.162400e-01  5.387087e-02  2.000000e+00
-1.271921e-01 -1.147525e-01  4.580695e-02  2.000000e+00
-1.320452e-01 -1.127728e-01  3.751543e-02  2.000000e+00
-1.355985e-01 -1.103236e-01  2.905669e-02  2.000000e+00
 1.641426e-01 -2.246266e-02  2.043935e-02  2.000000e+00
 1.682522e-01 -3.417059e-02  4.609232e-02  2.000000e+00
 1.508706e-01 -5.786929e-02  8.270205e-02  2.000000e+00
 1.349515e-01 -6.825807e-02  9.378391e-02  2.000000e+00
 1.143186e-01 -7.876655e-02  1.022513e-01  2.000000e+00
-6.840591e-02 -1.269400e-01  8.520763e-02  2.000000e+00
-1.231916e-01 -1.238080e-01  4.266975e-02  2.000000e+00
-1.280522e-01 -1.214394e-01  3.447916e-02  2.000000e+00
-1.316341e-01 -1.185902e-01  2.612976e-02  2.000000e+00
 1.352619e-01 -7.877145e-02  9.058794e-02  2.000000e+00
 1.257115e-01 -8.424267e-02  9.506258e-02  2.000000e+00
 1.150656e-01 -8.967468e-02  9.885206e-02  2.000000e+00
 6.361588e-02 -1.101452e-01  1.066779e-01  2.000000e+00
-8.729680e-02 -1.377976e-01  6.891440e-02  2.000000e+00
-1.055594e-01 -1.361123e-01  5.474028e-02  2.000000e+00
-1.129132e-01 -1.344324e-01  4.713861e-02  2.000000e+00
-1.274865e-01 -1.262474e-01  2.296486e-02  2.000000e+00
-1.298527e-01 -1.225631e-01  1.464525e-02  2.000000e+00
-1.310198e-01 -1.184608e-01  6.290804e-03  2.000000e+00
 1.618564e-01 -3.636437e-02  1.622338e-02  2.000000e+00
 1.637322e-01 -6.069740e-02  5.644472e-02  2.000000e+00
 1.605550e-01 -6.611088e-02  6.357091e-02  2.000000e+00
 1.561127e-01 -7.164489e-02  7.024665e-02  2.000000e+00
 1.504045e-01 -7.726667e-02  7.641633e-02  2.000000e+00
 1.434484e-01 -8.294063e-02  8.202879e-02  2.000000e+00
 1.155510e-01 -9.988418e-02  9.509078e-02  2.000000e+00
-2.164727e-02 -1.423719e-01  9.165504e-02  2.000000e+00
-4.861543e-02 -1.458239e-01  8.259049e-02  2.000000e+00
-8.330547e-02 -1.467674e-01  6.487437e-02  2.000000e+00
-1.195655e-01 -1.368348e-01  2.767186e-02  2.000000e+00
-1.255802e-01 -1.292074e-01  1.139991e-02  2.000000e+00
-1.268063e-01 -1.247417e-01  3.193381e-03  2.000000e+00
 1.628448e-01 -4.746177e-02  2.203213e-02  2.000000e+00
 1.644400e-01 -5.246595e-02  3.018905e-02  2.000000e+00
 1.595016e-01 -7.434162e-02  6.020094e-02  2.000000e+00
 1.552243e-01 -8.013935e-02  6.673847e-02  2.000000e+00
 1.497014e-01 -8.600340e-02  7.277498e-02  2.000000e+00
 1.429500e-01 -9.189635e-02  7.826012e-02  2.000000e+00
 1.259213e-01 -1.036081e-01  8.740081e-02  2.000000e+00
 1.157696e-01 -1.093418e-01  9.098295e-02  2.000000e+00
 9.627776e-03 -1.463784e-01  9.357663e-02  2.000000e+00
-5.736351e-02 -1.553750e-01  7.273348e-02  2.000000e+00
-9.707094e-02 -1.520685e-01  4.675833e-02  2.000000e+00
-1.187331e-01 -1.395680e-01  1.598624e-02  2.000000e+00
-1.217624e-01 -1.197108e-01 -1.603647e-02  2.000000e+00
 1.609739e-01 -5.363677e-02  1.915468e-02  2.000000e+00
 1.632203e-01 -6.445892e-02  3.494694e-02  2.000000e+00
 1.581272e-01 -8.192932e-02  5.653342e-02  2.000000e+00
 1.540181e-01 -8.796207e-02  6.292480e-02  2.000000e+00
 6.762622e-02 -1.392800e-01  9.339649e-02  2.000000e+00
 4.018181e-02 -1.480066e-01  9.246720e-02  2.000000e+00
-1.566021e-02 -1.599761e-01  8.221774e-02  2.000000e+00
-8.447899e-02 -1.608390e-01  4.937567e-02  2.000000e+00
-9.982736e-02 -1.562489e-01  3.515607e-02  2.000000e+00
-1.166247e-01 -1.404819e-01  4.346046e-03  2.000000e+00
 1.588035e-01 -5.929338e-02  1.604445e-02  2.000000e+00
 1.564371e-01 -8.884132e-02  5.258423e-02  2.000000e+00
 6.855902e-02 -1.472373e-01  8.832555e-02  2.000000e+00
 4.178159e-02 -1.558785e-01  8.731364e-02  2.000000e+00
-9.531674e-02 -1.619167e-01  3.073409e-02  2.000000e+00
-1.011958e-01 -1.584868e-01  2.339333e-02  2.000000e+00
-1.095229e-01 -1.500206e-01  8.258612e-03  2.000000e+00
-1.130091e-01 -1.278574e-01 -2.234562e-02  2.000000e+00
 1.324144e-01 -1.205835e-01  6.961404e-02  2.000000e+00
 1.241137e-01 -1.267714e-01  7.350560e-02  2.000000e+00
 1.045580e-01 -1.385966e-01  7.934634e-02  2.000000e+00
 5.640815e-02 -1.587493e-01  8.277167e-02  2.000000e+00
 2.981612e-02 -1.663677e-01  8.030450e-02  2.000000e+00
 3.064764e-03 -1.719283e-01  7.517622e-02  2.000000e+00
-4.634723e-02 -1.759579e-01  5.781640e-02  2.000000e+00
-5.709666e-02 -1.753854e-01  5.221362e-02  2.000000e+00
-7.594132e-02 -1.723142e-01  3.980645e-02  2.000000e+00
-8.388497e-02 -1.698329e-01  3.310159e-02  2.000000e+00
-9.655865e-02 -1.630734e-01  1.894908e-02  2.000000e+00
-1.048037e-01 -1.541188e-01  4.159703e-03  2.000000e+00
 1.536062e-01 -6.897213e-02  9.183924e-03  2.000000e+00
 1.559260e-01 -8.756303e-02  3.088407e-02  2.000000e+00
 1.438115e-01 -1.136475e-01  5.526123e-02  2.000000e+00
 1.379432e-01 -1.201437e-01  6.018266e-02  2.000000e+00
 1.229520e-01 -1.328014e-01  6.831032e-02  2.000000e+00
 1.139397e-01 -1.388709e-01  7.144958e-02  2.000000e+00
 1.040167e-01 -1.447053e-01  7.393773e-02  2.000000e+00
 6.978548e-02 -1.603339e-01  7.734363e-02  2.000000e+00
 3.142588e-02 -1.722248e-01  7.460447e-02  2.000000e+00
-7.337588e-03 -1.793409e-01  6.604341e-02  2.000000e+00
-1.038937e-01 -1.335010e-01 -2.910468e-02  2.000000e+00
 1.479295e-01 -6.694749e-02 -1.898346e-03  2.000000e+00
 1.518688e-01 -9.864821e-02  3.307660e-02  2.000000e+00
 1.495590e-01 -1.053012e-01  3.922629e-02  2.000000e+00
 5.795083e-02 -1.698144e-01  7.120450e-02  2.000000e+00
-2.833247e-02 -1.852460e-01  5.175741e-02  2.000000e+00
-4.948131e-02 -1.840381e-01  4.141304e-02  2.000000e+00
-9.524758e-02 -1.600154e-01 -4.413164e-03  2.000000e+00
-9.925327e-02 -1.353729e-01 -3.261268e-02  2.000000e+00
 1.446888e-01 -7.022537e-02 -5.572247e-03  2.000000e+00
 1.499822e-01 -9.586998e-02  2.206074e-02  2.000000e+00
 1.467030e-01 -1.093235e-01  3.433637e-02  2.000000e+00
 1.337204e-01 -1.294176e-01  4.961956e-02  2.000000e+00
 1.272735e-01 -1.359172e-01  5.369798e-02  2.000000e+00
 5.841827e-02 -1.738849e-01  6.508960e-02  2.000000e+00
 4.636718e-02 -1.776946e-01  6.413481e-02  2.000000e+00
-2.376614e-03 -1.873576e-01  5.418309e-02  2.000000e+00
-2.522532e-02 -1.884750e-01  4.589445e-02  2.000000e+00
-8.256587e-02 -1.718816e-01  4.797496e-03  2.000000e+00
-9.045300e-02 -1.618172e-01 -8.848434e-03  2.000000e+00
-9.491642e-02 -1.434166e-01 -2.945640e-02  2.000000e+00
 1.466381e-01 -9.230824e-02  1.098107e-02  2.000000e+00
 1.363839e-01 -1.261666e-01  3.957987e-02  2.000000e+00
 1.312160e-01 -1.328204e-01  4.403500e-02  2.000000e+00
 9.123064e-02 -1.630024e-01  5.789571e-02  2.000000e+00
-2.223125e-02 -1.907487e-01  3.988840e-02  2.000000e+00
-5.105377e-02 -1.870553e-01  2.451019e-02  2.000000e+00
-5.913385e-02 -1.845111e-01  1.870090e-02  2.000000e+00
-7.261653e-02 -1.775476e-01  6.336112e-03  2.000000e+00
 1.421342e-01 -1.083268e-01  1.845712e-02  2.000000e+00
 1.225544e-01 -1.419075e-01  4.206740e-02  2.000000e+00
 1.079543e-01 -1.542447e-01  4.799275e-02  2.000000e+00
 9.939163e-02 -1.599932e-01  5.008274e-02  2.000000e+00
 9.009167e-02 -1.654005e-01  5.156798e-02  2.000000e+00
 4.752720e-02 -1.827534e-01  5.135168e-02  2.000000e+00
 2.464791e-02 -1.883237e-01  4.763149e-02  2.000000e+00
-8.877769e-03 -1.921156e-01  3.795953e-02  2.000000e+00
-3.864005e-02 -1.900340e-01  2.413829e-02  2.000000e+00
-6.207982e-02 -1.820592e-01  7.249773e-03  2.000000e+00
-8.092993e-02 -1.631859e-01 -1.791984e-02  2.000000e+00
 1.337027e-01 -7.686874e-02 -1.738178e-02  2.000000e+00
 1.301938e-01 -1.305864e-01  2.825115e-02  2.000000e+00
 1.132904e-01 -1.499098e-01  3.913530e-02  2.000000e+00
 6.911434e-02 -1.763369e-01  4.611763e-02  2.000000e+00
 2.580097e-02 -1.892153e-01  4.108529e-02  2.000000e+00
-4.356109e-02 -1.881159e-01  1.299930e-02  2.000000e+00
-5.113771e-02 -1.853521e-01  7.525819e-03  2.000000e+00
-6.382371e-02 -1.779820e-01 -4.092237e-03  2.000000e+00
-8.073396e-02 -1.436991e-01 -4.109062e-02  2.000000e+00
 1.350751e-01 -9.775898e-02 -3.216433e-03  2.000000e+00
 1.345291e-01 -1.113603e-01  8.009760e-03  2.000000e+00
 1.303070e-01 -1.249680e-01  1.798970e-02  2.000000e+00
 1.106744e-01 -1.508037e-01  3.283736e-02  2.000000e+00
 1.035856e-01 -1.567092e-01  3.528660e-02  2.000000e+00
 8.718434e-02 -1.675381e-01  3.851109e-02  2.000000e+00
 6.837186e-02 -1.767689e-01  3.943482e-02  2.000000e+00
 2.678504e-02 -1.892019e-01  3.444745e-02  2.000000e+00
 5.831456e-03 -1.919102e-01  2.877546e-02  2.000000e+00
-3.194894e-02 -1.895941e-01  1.218512e-02  2.000000e+00
-3.997893e-02 -1.873853e-01  7.158513e-03  2.000000e+00
-6.443493e-02 -1.724382e-01 -1.520680e-02  2.000000e+00
-6.845576e-02 -1.673184e-01 -2.114372e-02  2.000000e+00
-7.540200e-02 -1.493030e-01 -3.909906e-02  2.000000e+00
