-12.93864993   2.25782263 -11.11969563   1.00000000
-12.94012909  -1.14931953  -9.90734198   1.00000000
-12.93858972   2.13087995  -9.44716701   1.00000000
-12.94160648  -4.55646084  -8.69498636   1.00000000
-12.93775904   3.64403764  -7.54454916   1.00000000
-12.93621734   6.92423702  -7.08437159   1.00000000
-12.94000803  -1.40320611  -6.56228290   1.00000000
-12.93846866   1.87699426  -6.10210719   1.00000000
-12.93763754   3.39015213  -4.19948791   1.00000000
-12.93532440   8.31045168  -3.50922193   1.00000000
-12.94296016  -8.21748583  -4.13757164   1.00000000
-12.94142390  -4.93729149  -3.67739704   1.00000000
-12.93834673   1.62310821  -2.75704499   1.00000000
-12.93982480  -1.78403589  -1.54469008   1.00000000
-12.93674451   4.77636660  -0.62433653   1.00000000
-12.94283735  -8.47137227  -0.79251231   1.00000000
-12.94206942  -6.83127566  -0.56242402   1.00000000
-12.94053238  -3.55107911  -0.10224718   1.00000000
-12.93822392   1.36922188   0.58801838   1.00000000
-12.93514052   7.92962312   1.50837140   1.00000000
-12.93739192   2.88237964   2.49063859   1.00000000
-12.94271367  -8.72525769   2.55254712   1.00000000
-12.94040870  -3.80496513   3.24281500   1.00000000
-12.93887011  -0.52476512   3.70299300   1.00000000
-12.93501684   7.67573617   4.85343366   1.00000000
-12.93957743  -2.29180826   5.14543510   1.00000000
-12.93803807   0.98839209   5.60561293   1.00000000
-12.93649714   4.26859312   6.06578946   1.00000000
-12.93495467   7.54879236   6.52596434   1.00000000
-12.94105286  -5.69894890   6.35778609   1.00000000
-12.93951505  -2.41875116   6.81796563   1.00000000
-12.93874556  -0.77865136   7.04805486   1.00000000
-12.93945244  -2.54569395   8.49049554   1.00000000
-12.93791307   0.73450550   8.95067385   1.00000000
-12.93637215   4.01470567   9.41085014   1.00000000
  1.19236070 -27.25602447 -37.75006598   2.00000000
  1.19391327 -23.97266856 -37.28950651   2.00000000
  1.19468899 -22.33098398 -37.05922317   2.00000000
  1.19623931 -19.04760418 -36.59864962   2.00000000
  1.19701390 -17.40590885 -36.36835940   2.00000000
  1.19778811 -15.76421080 -36.13806702   2.00000000
  1.19933541 -12.48080631 -35.67747571   2.00000000
  1.20319704  -4.27226096 -34.52596136   2.00000000
  1.20627954   2.29459367 -33.60471513   2.00000000
  1.20858744   7.21973374 -32.91376182   2.00000000
  1.21012415  10.50315588 -32.45311798   2.00000000
  1.21089193  12.14486515 -32.22279363   2.00000000
  1.21165933  13.78657235 -31.99246779   2.00000000
  1.21395927  18.71168100 -31.30148135   2.00000000
  1.21702053  25.27845154 -30.38014682   2.00000000
  1.21931248  30.20348949 -29.68913276   2.00000000
  1.19320291 -25.74143073 -35.84564750   2.00000000
  1.19397901 -24.09974974 -35.61536496   2.00000000
  1.19630505 -19.17468276 -34.92450380   2.00000000
  1.19940115 -12.60788135 -34.00332548   2.00000000
  1.20094694  -9.32446638 -33.54272414   2.00000000
  1.20480479  -1.11590294 -32.39118747   2.00000000
  1.20942173   8.73438270 -31.00928617   2.00000000
  1.21325875  16.94292302 -29.85765949   2.00000000
  1.21479090  20.22632286 -29.39699922   2.00000000
  1.21632153  23.50971065 -28.93633387   2.00000000
  1.21937823  30.07644025 -28.01498927   2.00000000
  1.19326844 -25.86851213 -34.17150450   2.00000000
  1.19482026 -22.58514409 -33.71093401   2.00000000
  1.19946668 -12.73495615 -32.32917226   2.00000000
  1.20023976 -11.09324880 -32.09887171   2.00000000
  1.20178479  -7.80982808 -31.63826495   2.00000000
  1.20332832  -4.52640184 -31.17765101   2.00000000
  1.20409951  -2.88468689 -30.94734137   2.00000000
  1.20794980   5.32389108 -29.79576868   2.00000000
  1.20871872   6.96560596 -29.56544943   2.00000000
  1.21255764  15.17415950 -28.41383204   2.00000000
  1.21562195  21.74096321 -27.49251475   2.00000000
  1.21638707  23.38265627 -27.26218252   2.00000000
  1.21791618  26.66603157 -26.80151477   2.00000000
  1.21868017  28.30771297 -26.57117937   2.00000000
  1.21944377  29.94938994 -26.34084298   2.00000000
  1.22020699  31.59106254 -26.11050560   2.00000000
  1.19333375 -25.99559288 -32.49735863   2.00000000
  1.19721048 -17.78714082 -31.34590937   2.00000000
  1.19875853 -14.50373690 -30.88531585   2.00000000
  1.20262206  -6.29518684 -29.73379992   2.00000000
  1.20493564  -1.37004037 -29.04286991   2.00000000
  1.20801512   5.19682577 -28.12160815   2.00000000
  1.20955258   8.48025603 -27.66096859   2.00000000
  1.21032075  10.12196932 -27.43064680   2.00000000
  1.21185594  13.40539152 -26.96999929   2.00000000
  1.21492176  19.97220936 -26.04868986   2.00000000
  1.21568727  21.61390703 -25.81835968   2.00000000
  1.21950910  29.82233857 -24.66669405   2.00000000
  1.19184552 -29.40602723 -31.28377865   2.00000000
  1.19262237 -27.76435181 -31.05349529   2.00000000
  1.19339885 -26.12267297 -30.82321002   2.00000000
  1.19650099 -19.55591587 -29.90204890   2.00000000
  1.19804980 -16.27251604 -29.44145683   2.00000000
  1.19882364 -14.63081195 -29.21115808   2.00000000
  1.20191522  -8.06397220 -28.28994559   2.00000000
  1.20422993  -3.13882617 -27.59901903   2.00000000
  1.20500075  -1.49710923 -27.36870712   2.00000000
  1.21345472  16.56174605 -24.83518666   2.00000000
  1.21651751  23.12854495 -23.91387195   2.00000000
  1.19423984 -24.60806849 -28.91876995   2.00000000
  1.20120778  -9.83275777 -26.84608842   2.00000000
  1.20352363  -4.90761317 -26.15516491   2.00000000
  1.20429482  -3.26589585 -25.92485407   2.00000000
  1.20583608   0.01753992 -25.46422825   2.00000000
  1.20968259   8.22612777 -24.31264066   2.00000000
  1.21121854  11.50955649 -23.85199723   2.00000000
  1.21198594  13.15126823 -23.62167389   2.00000000
  1.21275297  14.79297798 -23.39134950   2.00000000
  1.21505177  19.71809288 -22.70037037   2.00000000
  1.21581727  21.35979228 -22.47004211   2.00000000
  1.21734715  24.64318020 -22.00938315   2.00000000
  1.22040233  31.20990812 -21.08805599   2.00000000
  1.19275193 -28.01851120 -27.70519381   2.00000000
  1.19508024 -23.09345766 -27.01432246   2.00000000
  1.19740515 -18.16836910 -26.32343507   2.00000000
  1.20049975 -11.60154249 -25.40222870   2.00000000
  1.20204478  -8.31811584 -24.94161622   2.00000000
  1.20590076  -0.10952839 -23.79006045   2.00000000
  1.20667082   1.53219086 -23.55974534   2.00000000
  1.21051543   9.74077876 -22.40815241   2.00000000
  1.21128322  11.38249330 -22.17783054   2.00000000
  1.21358430  16.30762488 -21.48685920   2.00000000
  1.21894018  27.79949767 -19.87456361   2.00000000
  1.22046701  31.08285449 -19.41390156   2.00000000
  1.19514470 -23.22053459 -25.34016355   2.00000000
  1.20673528   1.40512311 -21.88557528   2.00000000
  1.20981173   7.97199804 -20.96430362   2.00000000
  1.21057990   9.61371441 -20.73398318   2.00000000
  1.21134768  11.25542965 -20.50366175   2.00000000
  1.21441503  17.82226984 -19.58236749   2.00000000
  1.21518092  19.46397351 -19.35204195   2.00000000
  1.21594643  21.10567445 -19.12171566   2.00000000
  1.21671155  22.74737176 -18.89138873   2.00000000
  1.19443322 -24.98930096 -23.89629777   2.00000000
  1.19753386 -18.42251910 -22.97510743   2.00000000
  1.19908192 -15.13910880 -22.51450323   2.00000000
  1.20448822  -3.64710499 -20.90234582   2.00000000
  1.20679954   1.27805521 -20.21140322   2.00000000
  1.20756922   2.91977531 -19.98108691   2.00000000
  1.20910744   6.20321446 -19.52045128   2.00000000
  1.21217934  12.77007942 -18.59916924   2.00000000
  1.21677581  22.62031242 -17.21722363   2.00000000
  1.21754056  24.26200685 -16.98689723   2.00000000
  1.22059574  30.82874406 -16.06558677   2.00000000
  1.19837211 -16.90788919 -21.07063817   2.00000000
  1.19914595 -15.26618213 -20.84033434   2.00000000
  1.20069250 -11.98276025 -20.37972271   2.00000000
  1.20300949  -7.05761296 -19.68879602   2.00000000
  1.20455226  -3.77417469 -19.22817247   2.00000000
  1.20686357   1.15098717 -18.53722932   2.00000000
  1.21147598  11.00130103 -17.15531844   2.00000000
  1.21301041  14.28472801 -16.69467533   2.00000000
  1.21530922  19.20985136 -16.00370585   2.00000000
  1.21760460  24.13494738 -15.31273156   2.00000000
  1.22065978  30.70168729 -14.39142672   2.00000000
  1.19300850 -28.52682097 -21.00856473   2.00000000
  1.19533680 -23.60176173 -20.31767479   2.00000000
  1.20075633 -12.10983230 -18.70555034   2.00000000
  1.21230721  12.51595110 -15.25082357   2.00000000
  1.21307424  14.15766418 -15.02050231   2.00000000
  1.21537304  19.08278927 -14.32953530   2.00000000
  1.21996039  28.93295041 -12.94759029   2.00000000
  1.19307211 -28.65389647 -19.33440292   2.00000000
  1.19772533 -18.80374056 -17.95260188   2.00000000
  1.19849955 -17.16203553 -17.72229724   2.00000000
  1.19927339 -15.52032764 -17.49199143   2.00000000
  1.20081994 -12.23690405 -17.03137638   2.00000000
  1.20236497  -8.95347225 -16.57075707   2.00000000
  1.20853000   4.18029370 -14.72824326   2.00000000
  1.21006747   7.46373451 -14.26760712   2.00000000
  1.21773204  23.88082598 -11.96439558   2.00000000
  1.22002400  28.80589102 -11.27342571   2.00000000
  1.19313550 -28.78097116 -17.66023959   2.00000000
  1.19701413 -20.57251595 -16.50873483   2.00000000
  1.21550006  18.82866310 -10.98118997   2.00000000
  1.22008740  28.67883067  -9.59925986   2.00000000
  1.22085063  30.32051086  -9.36893779   2.00000000
  1.19475127 -25.62467492 -15.52547368   2.00000000
  1.19707732 -20.69958855 -14.83456301   2.00000000
  1.19939997 -15.77447155 -14.14364270   2.00000000
  1.21249741  12.13475519 -10.22829427   2.00000000
  1.21326444  13.77646966  -9.99797497   2.00000000
  1.19636532 -22.46835990 -13.39069591   2.00000000
  1.19791488 -19.18495751 -12.93008309   2.00000000
  1.21868597  25.14133202  -6.71156311   2.00000000
  1.19254756 -30.80386998 -12.86804435   2.00000000
  1.19642807 -22.59543151 -11.71652313   2.00000000
  1.19952570 -16.02861375 -10.79528936   2.00000000
  1.21721962  21.73087567  -5.49802741   2.00000000
  1.21798436  23.37257365  -5.26770941   2.00000000
  1.21874873  25.01426814  -5.03739148   2.00000000
  1.21951272  26.65595825  -4.80707376   2.00000000
  1.22103955  29.93932552  -4.34643890   2.00000000
  1.19338696 -29.28926168 -10.96357421   2.00000000
  1.19416344 -27.64757843 -10.73326942   2.00000000
  1.19493954 -26.00589068 -10.50296369   2.00000000
  1.21421937  15.03698438  -4.74512110   2.00000000
  1.21498564  16.67869515  -4.51480385   2.00000000
  1.21651703  19.96210857  -4.05416952   2.00000000
  1.21957526  26.52889388  -3.13290287   2.00000000
  1.19344929 -29.41633219  -9.28940562   2.00000000
  1.19732792 -21.20787307  -8.13786553   2.00000000
  1.21428170  14.90991743  -3.07094170   2.00000000
  1.21581386  18.19333671  -2.61030909   2.00000000
  1.21657937  19.83504232  -2.37999301   2.00000000
  1.21887361  24.76013798  -1.68904638   2.00000000
  1.22040120  28.04351506  -1.22841696   2.00000000
  1.19273455 -31.18508160  -7.84554374   2.00000000
  1.21587598  18.06626964  -0.93613113   2.00000000
  1.21664148  19.70797545  -0.70581611   2.00000000
  1.21817136  22.99137644  -0.24518715   2.00000000
  1.19357332 -29.67047058  -5.94106680   2.00000000
  1.19512590 -26.38709961  -5.48044711   2.00000000
  1.19822654 -19.82030822  -4.55920026   2.00000000
  1.21363908  13.01406804   0.04710320   2.00000000
  1.21440573  14.65578209   0.27741816   2.00000000
  1.21593788  17.93920200   0.73804706   2.00000000
  1.21670339  19.58090795   0.96836101   2.00000000
  1.21976162  26.14769577   1.88961222   2.00000000
  1.22052522  27.78938256   2.11992370   2.00000000
  1.19363501 -29.79753844  -4.26689689   2.00000000
  1.21370077  12.88699961   1.72128415   2.00000000
  1.21599957  17.81213380   2.41222533   2.00000000
  1.21982331  26.02062811   3.56378421   2.00000000
  1.22135014  29.30399768   4.02440348   2.00000000
  1.19291963 -31.56628482  -2.82303911   2.00000000
  1.21222781   9.47649693   2.93483715   2.00000000
  1.21376225  12.75993078   3.39546505   2.00000000
  1.21759169  20.96847369   4.54702650   2.00000000
  1.19375776 -30.05167143  -0.91855682   2.00000000
  1.19763639 -21.84321467   0.23301773   2.00000000
  1.21918207  24.12479909   6.68182002   2.00000000
  1.21388456  12.50579199   6.74382609   2.00000000
  1.19310279 -31.94747932   2.19946541   2.00000000
  1.19465613 -28.66411850   2.66009980   2.00000000
  1.19543223 -27.02243177   2.89041726   2.00000000
  1.19775828 -22.09734663   3.58137065   2.00000000
  1.21317837  10.73700632   8.18769437   2.00000000
  1.21394540  12.37872205   8.41800593   2.00000000
  1.21777484  20.58726397   9.56955231   2.00000000
  1.22006794  25.51234958  10.26046960   2.00000000
  1.22159477  28.79571919  10.72107614   2.00000000
  1.19394028 -30.43286390   4.10395161   2.00000000
  1.19859350 -20.58270932   5.48586550   2.00000000
  1.19936772 -18.94100417   5.71618449   2.00000000
  1.20091503 -15.65758497   6.17682219   2.00000000
  1.21860021  22.10189163  11.47403180   2.00000000
  1.22012856  25.38527804  11.93463954   2.00000000
  1.22089216  27.02696484  12.16494175   2.00000000
  1.19555327 -27.27655874   6.23876062   2.00000000
  1.19942814 -19.06806913   7.39036162   2.00000000
  1.21483308  13.76629462  11.99667266   2.00000000
  1.22095257  26.89989239  13.83910924   2.00000000
  1.19793952 -22.47853928   8.60389577   2.00000000
  1.19948834 -19.19513347   9.06453791   2.00000000
  1.20180872 -14.27000333   9.75549894   2.00000000
  1.21642543  16.92264179  14.13146269   2.00000000
  1.21719094  18.56434707  14.36176786   2.00000000
  1.21795607  20.20604885  14.59207184   2.00000000
  1.21872081  21.84774719  14.82237465   2.00000000
  1.19334403 -32.45572456   8.89613076   2.00000000
  1.19567346 -27.53068221   9.58710079   2.00000000
  1.19954832 -19.32219716  10.73871322   2.00000000
  1.20109563 -16.03878040  11.19935590   2.00000000
  1.20264142 -12.75535421  11.65999678   2.00000000
  1.21265218   8.58700770  14.65409901   2.00000000
  1.21725092  18.43727452  16.03594015   2.00000000
  1.21801605  20.07897600  16.26624291   2.00000000
  1.21878079  21.72067404  16.49654440   2.00000000
  1.20115540 -16.16584447  12.87353170   2.00000000
  1.20192848 -14.52413295  13.10385305   2.00000000
  1.20270119 -12.88241926  13.33417384   2.00000000
  1.20578824  -6.31554743  14.25545064   2.00000000
  1.21424638  11.74336732  16.78889209   2.00000000
  1.21577930  15.02678965  17.24950410   2.00000000
  1.21654518  16.66849685  17.47980823   2.00000000
  1.21884056  21.59360029  18.17071284   2.00000000
  1.21960493  23.23529460  18.40101167   2.00000000
  1.22036891  24.87698463  18.63130902   2.00000000
  1.19346337 -32.70984093  12.24445754   2.00000000
  1.19734388 -24.50142132  13.39608736   2.00000000
  1.19811885 -22.85972528  13.62641213   2.00000000
  1.19889344 -21.21802541  13.85673647   2.00000000
  1.19966766 -19.57632260  14.08706025   2.00000000
  1.20044150 -17.93461680  14.31738349   2.00000000
  1.20276075 -13.00948385  15.00834958   2.00000000
  1.21046702   3.40771030  17.31151890   2.00000000
  1.21200372   6.69114837  17.77214106   2.00000000
  1.21430594  11.61629545  18.46306565   2.00000000
  1.21813537  19.82482865  19.61458096   2.00000000
  1.21966448  23.10821987  20.07517722   2.00000000
  1.22042846  24.74990952  20.30547306   2.00000000
  1.19429957 -31.19522249  14.14894723   2.00000000
  1.19507605 -29.55354386  14.37927499   2.00000000
  1.19817820 -22.98678576  15.30058158   2.00000000
  1.19895279 -21.34508651  15.53090695   2.00000000
  1.19972701 -19.70338432  15.76123167   2.00000000
  1.20050085 -18.06167913  15.99155575   2.00000000
  1.20204739 -14.77826053  16.45220190   2.00000000
  1.20282010 -13.13654797  16.68252384   2.00000000
  1.20898814  -0.00279970  18.52506799   2.00000000
  1.21283085   8.20579475  19.67662395   2.00000000
  1.21589819  14.77264384  20.59784595   2.00000000
  1.21895945  21.33945103  21.51904515   2.00000000
  1.22201463  27.90619954  22.44021918   2.00000000
  1.19435871 -31.32227870  15.82310862   2.00000000
  1.19591129 -28.03891826  16.28376660   2.00000000
  1.19823733 -23.11384545  16.97474945   2.00000000
  1.19901192 -21.47214687  17.20507584   2.00000000
  1.20596628  -6.69674665  19.27797744   2.00000000
  1.20750753  -3.41330824  19.73861185   2.00000000
  1.21058549   3.15357099  20.65986722   2.00000000
  1.21519106  13.00386196  22.04171186   2.00000000
  1.21672321  16.28727617  22.50231528   2.00000000
  1.21978294  22.85406853  23.42350327   2.00000000
  1.19441763 -31.44933386  17.49726831   2.00000000
  1.19829625 -23.24090434  18.64891557   2.00000000
  1.20602520  -6.82381248  20.95214962   2.00000000
  1.20756645  -3.54037538  21.41278415   2.00000000
  1.21678212  16.16020178  24.17648068   2.00000000
  1.21754762  17.80190445  24.40677896   2.00000000
  1.21907749  21.08529949  24.86737034   2.00000000
  1.22213266  27.65204397  25.78853181   2.00000000
  1.20145107 -16.80115614  21.24438796   2.00000000
  1.20222415 -15.15944787  21.47471261   2.00000000
  1.20376919 -11.87602462  21.93535884   2.00000000
  1.20685472  -5.30916046  22.85663778   2.00000000
  1.20839521  -2.02572350  23.31726993   2.00000000
  1.20993419   1.25771344  23.77789675   2.00000000
  1.21300760   7.82458030  24.69913339   2.00000000
  1.21377500   9.46629370  24.92943876   2.00000000
  1.21530867  12.74971516  25.39004473   2.00000000
  1.21607494  14.39142238  25.62034523   2.00000000
  1.21760632  17.67482906  26.08094113   2.00000000
  1.21913619  20.95822289  26.54152989   2.00000000
  1.19453484 -31.70344100  20.84558196   2.00000000
  1.19686314 -26.77840063  21.53658051   2.00000000
  1.19996227 -20.21162422  22.45789979   2.00000000
  1.20073610 -18.56992198  22.68822719   2.00000000
  1.20228265 -15.28650919  23.14887888   2.00000000
  1.20305535 -13.64479949  23.37920305   2.00000000
  1.20382768 -12.00308752  23.60952612   2.00000000
  1.20614239  -7.07794321  24.30048793   2.00000000
  1.20845370  -2.15279096  24.99143804   2.00000000
  1.21076160   2.77236203  25.68237541   2.00000000
  1.22224984  27.39788542  29.13683599   2.00000000
  1.19381627 -33.47216390  22.28939954   2.00000000
  1.19769677 -25.26376762  23.44107059   2.00000000
  1.19847174 -23.62207613  23.67140196   2.00000000
  1.20697149  -5.56329211  26.20497188   2.00000000
  1.21235658   5.92872285  27.81715670   2.00000000
  1.21389176   9.21214861  28.27776628   2.00000000
  1.21925295  20.70406812  29.88984212   2.00000000
  1.22230811  27.27080506  30.81098453   2.00000000
  1.19387434 -33.59921380  23.96354934   2.00000000
  1.19697949 -27.03250901  24.88489361   2.00000000
  1.19852981 -23.74913172  25.34555959   2.00000000
  1.20085245 -18.82403937  26.03655020   2.00000000
  1.20162591 -17.18233582  26.26687804   2.00000000
  1.20702955  -5.69035751  27.87913536   2.00000000
  1.20779999  -4.04864175  28.10945204   2.00000000
  1.21087794   2.51822284  29.03070289   2.00000000
  1.21241464   5.80165165  29.49131818   2.00000000
  1.21778114  17.29360032  31.10341367   2.00000000
  1.21931100  20.57698996  31.56399450   2.00000000
  1.22160295  25.50204672  32.25484979   2.00000000
  1.19626163 -28.80124372  26.32871065   2.00000000
  1.20013647 -20.59279652  27.48037817   2.00000000
  1.20091031 -18.95109701  27.71070798   2.00000000
  1.20477383 -10.74256258  28.86233671   2.00000000
  1.21247249   5.67458041  31.16547703   2.00000000
  1.21477469  10.59971143  31.85638429   2.00000000
  1.21554134  12.24141827  32.08668282   2.00000000
  1.21707348  15.52482413  32.54727368   2.00000000
  1.19787034 -25.64492888  28.46353258   2.00000000
  1.20174141 -17.43645235  29.61519233   2.00000000
  1.20328719 -14.15304253  30.07584638   2.00000000
  1.20405952 -12.51133420  30.30617119   2.00000000
  1.20483147 -10.86962447  30.53649441   2.00000000
  1.20791547  -4.30277347  31.45777105   2.00000000
  1.20945521  -1.01934449  31.91839910   2.00000000
  1.21176196   3.90579698  32.60932746   2.00000000
  1.21406531   8.83092980  33.30023847   2.00000000
  1.21636523  13.75604677  33.99113112   2.00000000
  1.21942648  20.32283216  34.91229100   2.00000000
  1.19404728 -33.98035651  28.98598334   2.00000000
  1.20025154 -20.84690758  30.82868396   2.00000000
  1.20257192 -15.92180687  31.51967365   2.00000000
  1.20643165  -7.71326408  32.67129129   2.00000000
  1.20951263  -1.14641191  33.59255399   2.00000000
  1.21488975  10.34556333  35.20468893   2.00000000
  1.21565639  11.98726835  35.43498558   2.00000000
  1.21718853  15.27067064  35.89557214   2.00000000
  1.22177583  25.12080181  37.27727598   2.00000000
  1.19643392 -29.18239290  31.35114910   2.00000000
  1.19798499 -25.89903177  31.81182680   2.00000000
  1.19953455 -22.61565519  32.27249875   2.00000000
  1.20262913 -16.04886454  33.19382421   2.00000000
  1.20340183 -14.40716063  33.42415151   2.00000000
  1.20494610 -11.12374680  33.88480103   2.00000000
  1.20648886  -7.84032713  34.34544346   2.00000000
  1.20956984  -1.27347916  35.26670582   2.00000000
  1.21110805   2.00994519  35.72732519   2.00000000
  1.21417993   8.57678328  36.64853874   2.00000000
  1.21494695  10.21848903  36.87883666   2.00000000
  1.21801123  16.78528981  37.80000545   2.00000000
  1.21877636  18.42698280  38.03029169   2.00000000
  1.22106943  23.35204093  38.72113565   2.00000000
