-0.5161909132 -0.0294718931 -0.1320620211  1.0000000000
-0.5162725837  0.0112341155 -0.1176213045  1.0000000000
-0.5162441347 -0.0279528783 -0.1121100738  1.0000000000
-0.5162834728  0.0519294152 -0.1031581005  1.0000000000
-0.5162511464 -0.0460297510 -0.0893830216  1.0000000000
-0.5161296260 -0.0852114808 -0.0838428639  1.0000000000
-0.5163528991  0.0142879070 -0.0776961980  1.0000000000
-0.5163244459 -0.0249097412 -0.0721762424  1.0000000000
-0.5163140214 -0.0429879170 -0.0494325157  1.0000000000
-0.5161084615 -0.1017615286 -0.0411276368  1.0000000000
-0.5162689907  0.0956486349 -0.0487714639  1.0000000000
-0.5163647045  0.0565210708 -0.0432627879  1.0000000000
-0.5163698917 -0.0218607195 -0.0322146397  1.0000000000
-0.5164079872  0.0188703543 -0.0177597745  1.0000000000
-0.5162890027 -0.0595392691 -0.0066962028  1.0000000000
-0.5162795391  0.0987038478 -0.0088446737  1.0000000000
-0.5163351561  0.0791481593 -0.0060786140  1.0000000000
-0.5163998450  0.0399919433 -0.0005434574  1.0000000000
-0.5163804553 -0.0188069262  0.0077601463  1.0000000000
-0.5161373753 -0.0971924849  0.0188144009  1.0000000000
-0.5163351487 -0.0368822349  0.0305143323  1.0000000000
-0.5162552139  0.1017484411  0.0310827198  1.0000000000
-0.5163755153  0.0430437011  0.0394166104  1.0000000000
-0.5163781166  0.0038527843  0.0449638528  1.0000000000
-0.5161130812 -0.0941297508  0.0587753548  1.0000000000
-0.5163593321  0.0249777138  0.0621698900  1.0000000000
-0.5163308916 -0.0142197295  0.0677151143  1.0000000000
-0.5162403831 -0.0534187047  0.0732430916  1.0000000000
-0.5160878653 -0.0925937914  0.0787502383  1.0000000000
-0.5162917246  0.0656685551  0.0765766044  1.0000000000
-0.5163253685  0.0265031650  0.0821427224  1.0000000000
-0.5163189106  0.0069086594  0.0849192724  1.0000000000
-0.5162826899  0.0280277820  0.1021080748  1.0000000000
-0.5162542608 -0.0111588899  0.1076590026  1.0000000000
-0.5161637803 -0.0503477516  0.1131840724  1.0000000000
 0.0454668658  0.8676488835 -1.2019717535  2.0000000000
 0.0460147781  0.7644508559 -1.1892960453  2.0000000000
 0.0462668074  0.7126539175 -1.1828466059  2.0000000000
 0.0467268102  0.6087056878 -1.1697297357  2.0000000000
 0.0469347099  0.5565710566 -1.1630644118  2.0000000000
 0.0471278299  0.5043406000 -1.1563292586  2.0000000000
 0.0474696091  0.3996258340 -1.1426538180  2.0000000000
 0.0480635310  0.1367531530 -1.1073207017  2.0000000000
 0.0482695154 -0.0741001884 -1.0779528541  2.0000000000
 0.0482665977 -0.2322054224 -1.0553342784  2.0000000000
 0.0481896809 -0.3374642169 -1.0399912466  2.0000000000
 0.0481287458 -0.3900246357 -1.0322442457  2.0000000000
 0.0480528384 -0.4425277079 -1.0244485905  2.0000000000
 0.0477354166 -0.5996081075 -1.0007823065  2.0000000000
 0.0471035882 -0.8077331533 -0.9686231287  2.0000000000
 0.0464741535 -0.9625476263 -0.9440957718  2.0000000000
 0.0459136554  0.8206588382 -1.1430431808  2.0000000000
 0.0461804724  0.7689645008 -1.1366175911  2.0000000000
 0.0468929187  0.6131378003 -1.1169174815  2.0000000000
 0.0476361464  0.4039453574 -1.0897026232  2.0000000000
 0.0479186263  0.2988906006 -1.0757086013  2.0000000000
 0.0483634327  0.0354609948 -1.0396687739  2.0000000000
 0.0484025797 -0.2809285619 -0.9946003196  2.0000000000
 0.0480228583 -0.5435621481 -0.9557044035  2.0000000000
 0.0477663055 -0.6480968514 -0.9398431202  2.0000000000
 0.0474501698 -0.7522338789 -0.9238239961  2.0000000000
 0.0466399983 -0.9590475108 -0.8913534044  2.0000000000
 0.0460709002  0.8251798359 -1.0903188608  2.0000000000
 0.0465901803  0.7216112964 -1.0772991042  2.0000000000
 0.0477943381  0.4082581836 -1.0366566254  2.0000000000
 0.0479431079  0.3557347336 -1.0296634306  2.0000000000
 0.0481959051  0.2505086105 -1.0154990225  2.0000000000
 0.0483889141  0.1451002934 -1.0011049202  2.0000000000
 0.0484629576  0.0923491253 -0.9938246412  2.0000000000
 0.0486081599 -0.1715346807 -0.9566384464  2.0000000000
 0.0485921643 -0.2242771647 -0.9490526823  2.0000000000
 0.0482871450 -0.4873482427 -0.9104487689  2.0000000000
 0.0477737745 -0.6965255275 -0.8788306178  2.0000000000
 0.0476081730 -0.7485717148 -0.8708345473  2.0000000000
 0.0472324366 -0.8523077194 -0.8547415216  2.0000000000
 0.0470223620 -0.9039808985 -0.8466471414  2.0000000000
 0.0467975272 -0.9555131709 -0.8385225696  2.0000000000
 0.0465579681 -1.0068963219 -0.8303690981  2.0000000000
 0.0462198369  0.8296811787 -1.0375032367  2.0000000000
 0.0474083941  0.5697495036 -1.0042295544  2.0000000000
 0.0477804332  0.4650417200 -0.9904830947  2.0000000000
 0.0484499800  0.2020246138 -0.9551020980  2.0000000000
 0.0486722065  0.0436990745 -0.9332235077  2.0000000000
 0.0487583870 -0.1675242586 -0.9033597784  2.0000000000
 0.0487113512 -0.2730344199 -0.8881529634  2.0000000000
 0.0486653086 -0.3257341885 -0.8804851089  2.0000000000
 0.0485282105 -0.4309804620 -0.8650267020  2.0000000000
 0.0480743215 -0.6406219289 -0.8336541646  2.0000000000
 0.0479235159 -0.6928056423 -0.8257234465  2.0000000000
 0.0469467258 -0.9519449248 -0.7856080395  2.0000000000
 0.0457821600  0.9372680028 -0.9975590568  2.0000000000
 0.0460785944  0.8857886331 -0.9911125337  2.0000000000
 0.0463604520  0.8341624602 -0.9846010846  2.0000000000
 0.0473412484  0.6263545745 -0.9579269829  2.0000000000
 0.0477431243  0.5217853496 -0.9442279812  2.0000000000
 0.0479218125  0.4693637942 -0.9372918300  2.0000000000
 0.0484875920  0.2589619787 -0.9089958004  2.0000000000
 0.0487549004  0.1006474709 -0.8872269624  2.0000000000
 0.0488140073  0.0478237634 -0.8798727646  2.0000000000
 0.0484727589 -0.5321356008 -0.7961432136  2.0000000000
 0.0478991024 -0.7411646255 -0.7646058652  2.0000000000
 0.0467600921  0.7868381390 -0.9249922377  2.0000000000
 0.0485017406  0.3158979904 -0.8627976853  2.0000000000
 0.0488141240  0.1576263482 -0.8411255144  2.0000000000
 0.0488882688  0.1047993461 -0.8338069283  2.0000000000
 0.0489915080 -0.0009079701 -0.8190350721  2.0000000000
 0.0489865374 -0.2650875695 -0.7813759400  2.0000000000
 0.0488793241 -0.3705441178 -0.7660461064  2.0000000000
 0.0488031938 -0.4231920748 -0.7583290867  2.0000000000
 0.0487120633 -0.4757751344 -0.7505789910  2.0000000000
 0.0483488284 -0.6330500804 -0.7271427642  2.0000000000
 0.0481978669 -0.6852888088 -0.7192728988  2.0000000000
 0.0478512611 -0.7894363949 -0.7034540618  2.0000000000
 0.0469801446 -0.9961788035 -0.6715354526  2.0000000000
 0.0463345571  0.8947279810 -0.8851725106  2.0000000000
 0.0471369390  0.7393244732 -0.8651503307  2.0000000000
 0.0478068673  0.5828180121 -0.8446231289  2.0000000000
 0.0484924224  0.3728182161 -0.8165194335  2.0000000000
 0.0487456865  0.2674029532 -0.8021733604  2.0000000000
 0.0491164964  0.0032003357 -0.7655246472  2.0000000000
 0.0491455835 -0.0496856366 -0.7580700725  2.0000000000
 0.0490653845 -0.3138713023 -0.7202394754  2.0000000000
 0.0490042357 -0.3665996836 -0.7125703831  2.0000000000
 0.0487307254 -0.5244136290 -0.6893794271  2.0000000000
 0.0475695010 -0.8893945209 -0.6343562833  2.0000000000
 0.0471041638 -0.9925369048 -0.6184464712  2.0000000000
 0.0472527247  0.7437084336 -0.8119216039  2.0000000000
 0.0492621472 -0.0455943862 -0.7044871200  2.0000000000
 0.0492280387 -0.2570908836 -0.6743079313  2.0000000000
 0.0491818958 -0.3098891477 -0.6666824911  2.0000000000
 0.0491207177 -0.3626399680 -0.6590272518  2.0000000000
 0.0487258855 -0.5729982043 -0.6281331115  2.0000000000
 0.0485897266 -0.6253840428 -0.6203475049  2.0000000000
 0.0484386275 -0.6776714931 -0.6125395671  2.0000000000
 0.0482726123 -0.7298521232 -0.6047105544  2.0000000000
 0.0471071349  0.8000420944 -0.7654503082  2.0000000000
 0.0480305694  0.5914640170 -0.7378544303  2.0000000000
 0.0484034010  0.4865537125 -0.7237693662  2.0000000000
 0.0492378189  0.1172612734 -0.6731201670  2.0000000000
 0.0493702667 -0.0414977907 -0.6508402003  2.0000000000
 0.0493843157 -0.0944200906 -0.6433458835  2.0000000000
 0.0493672459 -0.2002171515 -0.6282630338  2.0000000000
 0.0491525229 -0.4113811971 -0.5977547575  2.0000000000
 0.0483803007 -0.7260288200 -0.5512841662  2.0000000000
 0.0481993226 -0.7781166074 -0.5434724102  2.0000000000
 0.0473270741 -0.9851509913 -0.5120807329  2.0000000000
 0.0483237203  0.5433401789 -0.6773210081  2.0000000000
 0.0485027613  0.4908246506 -0.6702236171  2.0000000000
 0.0488161074  0.3855581717 -0.6559040841  2.0000000000
 0.0491739266  0.2271975278 -0.6341303302  2.0000000000
 0.0493374487  0.1214160946 -0.6194319011  2.0000000000
 0.0494699321 -0.0373962215 -0.5971341872  2.0000000000
 0.0493283517 -0.3546761303 -0.5517582170  2.0000000000
 0.0491607921 -0.4600826562 -0.5364374931  2.0000000000
 0.0487969290 -0.6176265932 -0.5133071474  2.0000000000
 0.0482985184 -0.7742884233 -0.4900274724  2.0000000000
 0.0474259450 -0.9814076458 -0.4588136357  2.0000000000
 0.0467462158  0.9123294391 -0.6724636925  2.0000000000
 0.0475497418  0.7567475503 -0.6518530059  2.0000000000
 0.0489071280  0.3897889281 -0.6022472769  2.0000000000
 0.0493431886 -0.4034259097 -0.4904099511  2.0000000000
 0.0492518632 -0.4561151749 -0.4827591757  2.0000000000
 0.0488878703 -0.6137144674 -0.4597072116  2.0000000000
 0.0477568303 -0.9260452843 -0.4132662550  2.0000000000
 0.0468281860  0.9166697130 -0.6191420051  2.0000000000
 0.0483029998  0.6043256822 -0.5772517132  2.0000000000
 0.0484970277  0.5518739501 -0.5701285464  2.0000000000
 0.0486761720  0.4993319597 -0.5629680035  2.0000000000
 0.0489896970  0.3940110957 -0.5485394202  2.0000000000
 0.0492433729  0.2884311121 -0.5339752955  2.0000000000
 0.0496568969 -0.1351114702 -0.4745532846  2.0000000000
 0.0496096487 -0.2409596177 -0.4594545513  2.0000000000
 0.0484716181 -0.7665517537 -0.3829901567  2.0000000000
 0.0478389643 -0.9222176558 -0.3598553596  2.0000000000
 0.0469017625  0.9209851583 -0.5657722209  2.0000000000
 0.0481680116  0.6609461125 -0.5307386959  2.0000000000
 0.0490443919 -0.6058251913 -0.3523722082  2.0000000000
 0.0479126737 -0.9183591374 -0.3064042132  2.0000000000
 0.0476721157 -0.9699801430 -0.2987335690  2.0000000000
 0.0475177222  0.8216334231 -0.4983659617  2.0000000000
 0.0482334652  0.6651961769 -0.4770987546  2.0000000000
 0.0488157851  0.5077906026 -0.4555261188  2.0000000000
 0.0495656837 -0.3913781510 -0.3290474825  2.0000000000
 0.0494742743 -0.4441120235 -0.3214592608  2.0000000000
 0.0480666290  0.7216999992 -0.4305854399  2.0000000000
 0.0484994898  0.6170491925 -0.4162263249  2.0000000000
 0.0484717296 -0.8068178461 -0.2145562970  2.0000000000
 0.0467746119  0.9853897665 -0.4124679442  2.0000000000
 0.0481151530  0.7259195968 -0.3769148866  2.0000000000
 0.0489215499  0.5161974992 -0.3479371174  2.0000000000
 0.0488977856 -0.6985669998 -0.1760072414  2.0000000000
 0.0487164455 -0.7507671112 -0.1684622796  2.0000000000
 0.0485202118 -0.8028451731 -0.1609216124  2.0000000000
 0.0483091158 -0.8547928245 -0.1533864466  2.0000000000
 0.0478424749 -0.9582637484 -0.1383374142  2.0000000000
 0.0471120088  0.9379908289 -0.3519094330  2.0000000000
 0.0473948708  0.8862271590 -0.3447800017  2.0000000000
 0.0476630566  0.8343217838 -0.3376206078  2.0000000000
 0.0495138463 -0.4846583919 -0.1523412126  2.0000000000
 0.0493923261 -0.5372716031 -0.1448187524  2.0000000000
 0.0491043147 -0.6422250362 -0.1297820620  2.0000000000
 0.0483491040 -0.8508039588 -0.0997753580  2.0000000000
 0.0471435315  0.9421762816 -0.2983722001  2.0000000000
 0.0484107850  0.6820154366 -0.2622140220  2.0000000000
 0.0495455360 -0.4805864829 -0.0984587923  2.0000000000
 0.0492874611 -0.5857395388 -0.0834747563  2.0000000000
 0.0491359465 -0.6381756635 -0.0759917823  2.0000000000
 0.0485917927 -0.7948212267 -0.0535934435  2.0000000000
 0.0481546450 -0.8986155912 -0.0387153011  2.0000000000
 0.0468690878  0.9979487960 -0.2520204807  2.0000000000
 0.0493106265 -0.5816631977 -0.0296385051  2.0000000000
 0.0491590954 -0.6341054543 -0.0221893619  2.0000000000
 0.0488111968 -0.7386675813 -0.0073237971  2.0000000000
 0.0471813078  0.9504653480 -0.1912460765  2.0000000000
 0.0477324698  0.8467975644 -0.1766653544  2.0000000000
 0.0486578094  0.6379197595 -0.1472702574  2.0000000000
 0.0496899688 -0.4196854957  0.0018915639  2.0000000000
 0.0495834277 -0.4723948760  0.0093396506  2.0000000000
 0.0493253023 -0.5775679833  0.0242052067  2.0000000000
 0.0491737594 -0.6300147800  0.0316202887  2.0000000000
 0.0484183146 -0.8386736331  0.0611349170  2.0000000000
 0.0481922864 -0.8905144606  0.0684712547  2.0000000000
 0.0471875579  0.9545682050 -0.1376669641  2.0000000000
 0.0496961736 -0.4155642579  0.0558233739  2.0000000000
 0.0493314872 -0.5734542696  0.0780514640  2.0000000000
 0.0484244599 -0.8345768450  0.1147810267  2.0000000000
 0.0479575874 -0.9381206473  0.1293343778  2.0000000000
 0.0468878290  1.0102459309 -0.0914454750  2.0000000000
 0.0498618477 -0.3058032400  0.0949182805  2.0000000000
 0.0496938759 -0.4114296904  0.1097534890  2.0000000000
 0.0490111196 -0.6741206272  0.1465687721  2.0000000000
 0.0471747792  0.9626886936 -0.0305010936  2.0000000000
 0.0484420782  0.7026036299  0.0067553215  2.0000000000
 0.0486225593 -0.7743200525  0.2148413859  2.0000000000
 0.0496637749 -0.4031220786  0.2175889421  2.0000000000
 0.0468308203  1.0222710660  0.0691251589  2.0000000000
 0.0474111482  0.9189634477  0.0841679534  2.0000000000
 0.0476793187  0.8670903800  0.0917007325  2.0000000000
 0.0483953490  0.7106936280  0.1143301126  2.0000000000
 0.0497274796 -0.3461755751  0.2641436387  2.0000000000
 0.0496359743 -0.3989497929  0.2714844369  2.0000000000
 0.0489532994 -0.6616098624  0.3078187364  2.0000000000
 0.0483644069 -0.8179329539  0.3292816402  2.0000000000
 0.0478976030 -0.9214784885  0.3434304322  2.0000000000
 0.0470924282  0.9746508197  0.1301934615  2.0000000000
 0.0485683186  0.6623527601  0.1756787064  2.0000000000
 0.0487624765  0.6098976654  0.1832605642  2.0000000000
 0.0491060698  0.5047157115  0.1984141283  2.0000000000
 0.0487356782 -0.7096255558  0.3686740067  2.0000000000
 0.0483282419 -0.8137096965  0.3828613631  2.0000000000
 0.0481022628 -0.8655511412  0.3899028235  2.0000000000
 0.0475989824  0.8750237909  0.1989704207  2.0000000000
 0.0487178935  0.6139114366  0.2370690604  2.0000000000
 0.0494483677 -0.4432619533  0.3864704166  2.0000000000
 0.0480576745 -0.8612983319  0.4434047240  2.0000000000
 0.0482618201  0.7226637091  0.2755557023  2.0000000000
 0.0486648463  0.6179057869  0.2908506841  2.0000000000
 0.0491576244  0.4600865326  0.3137245062  2.0000000000
 0.0491370874 -0.5441720558  0.4546337452  2.0000000000
 0.0489856145 -0.5965978489  0.4617684179  2.0000000000
 0.0488191964 -0.6489210369  0.4688667180  2.0000000000
 0.0486378599 -0.7011332237  0.4759275100  2.0000000000
 0.0466370646  1.0378644178  0.2829846090  2.0000000000
 0.0474849254  0.8828478526  0.3061375216  2.0000000000
 0.0486033396  0.6218803516  0.3446005320  2.0000000000
 0.0489467142  0.5167763805  0.3599130409  2.0000000000
 0.0492303126  0.4113641998  0.3751691611  2.0000000000
 0.0496077140 -0.2766047415  0.4722816983  2.0000000000
 0.0489239463 -0.5923400128  0.5154221942  2.0000000000
 0.0487575608 -0.6446536575  0.5224816357  2.0000000000
 0.0485762602 -0.6968565466  0.5295007100  2.0000000000
 0.0488766600  0.5207631621  0.4136782199  2.0000000000
 0.0490259023  0.4681072309  0.4213356195  2.0000000000
 0.0491601796  0.4153825443  0.4289747958  2.0000000000
 0.0495472439  0.2039669206  0.4593245847  2.0000000000
 0.0493695937 -0.3779188395  0.5405429716  2.0000000000
 0.0491416714 -0.4831626045  0.5548682059  2.0000000000
 0.0490052241 -0.5356608964  0.5619716590  2.0000000000
 0.0485062074 -0.6925600487  0.5830316971  2.0000000000
 0.0483100658 -0.7446331877  0.5899645223  2.0000000000
 0.0480990731 -0.7965790970  0.5968519008  2.0000000000
 0.0464898008  1.0454660328  0.3897259673  2.0000000000
 0.0478286783  0.7865937389  0.4287340491  2.0000000000
 0.0480522707  0.7344271596  0.4364997686  2.0000000000
 0.0482610461  0.6821493294  0.4442506066  2.0000000000
 0.0484549712  0.6297686751  0.4519853111  2.0000000000
 0.0486340147  0.5772936208  0.4597026356  2.0000000000
 0.0490815802  0.4193867511  0.4827378796  2.0000000000
 0.0495975369 -0.1095993565  0.5578829570  2.0000000000
 0.0495200202 -0.2153679072  0.5725362514  2.0000000000
 0.0492908759 -0.3736814315  0.5942365475  2.0000000000
 0.0486089202 -0.6360645763  0.6295805323  2.0000000000
 0.0482316172 -0.7403050522  0.6434034727  2.0000000000
 0.0480206798 -0.7922390089  0.6502430639  2.0000000000
 0.0467005897  0.9977523101  0.4509036942  2.0000000000
 0.0469829758  0.9461348536  0.4587633920  2.0000000000
 0.0479655552  0.7383007171  0.4900624120  2.0000000000
 0.0481742619  0.6860427210  0.4978459394  2.0000000000
 0.0483681228  0.6336817144  0.5056104631  2.0000000000
 0.0485471068  0.5812261183  0.5133547319  2.0000000000
 0.0488603314  0.4760649944  0.5287775068  2.0000000000
 0.0489945215  0.4233764551  0.5364535179  2.0000000000
 0.0495275370  0.0004034246  0.5968493870  2.0000000000
 0.0493714506 -0.2639772870  0.6334982345  2.0000000000
 0.0489758889 -0.4746207708  0.6620873147  2.0000000000
 0.0483407686 -0.6839091596  0.6899475342  2.0000000000
 0.0474677181 -0.8913043236  0.7170074776  2.0000000000
 0.0466059043  1.0014917880  0.5042105523  2.0000000000
 0.0471558265  0.8981565435  0.5200077535  2.0000000000
 0.0478704193  0.7421498878  0.5435742378  2.0000000000
 0.0480790510  0.6899133052  0.5513901956  2.0000000000
 0.0492856675  0.2161559680  0.6205993963  2.0000000000
 0.0493888425  0.1103642320  0.6356472112  2.0000000000
 0.0494145524 -0.1012645804  0.6653071353  2.0000000000
 0.0490016791 -0.4177928492  0.7085644593  2.0000000000
 0.0487439852 -0.5227850878  0.7226175063  2.0000000000
 0.0480494267 -0.7315873388  0.7501200928  2.0000000000
 0.0465028452  1.0051986983  0.5574630762  2.0000000000
 0.0477668717  0.7459743209  0.5970303803  2.0000000000
 0.0491815553  0.2202017832  0.6742478343  2.0000000000
 0.0492846839  0.1144518930  0.6892994830  2.0000000000
 0.0486400180 -0.5184656300  0.7760503531  2.0000000000
 0.0484887895 -0.5708088801  0.7829661557  2.0000000000
 0.0481416034 -0.6751837109  0.7966360993  2.0000000000
 0.0472691426 -0.8824528817  0.8232989669  2.0000000000
 0.0483996749  0.5404299329  0.6817754567  2.0000000000
 0.0485486433  0.4878772958  0.6895375122  2.0000000000
 0.0488017402  0.3825713037  0.7049624489  2.0000000000
 0.0491280541  0.1713952086  0.7353807687  2.0000000000
 0.0492010605  0.0656619142  0.7503544379  2.0000000000
 0.0492138907 -0.0400768154  0.7651581340  2.0000000000
 0.0490590263 -0.2512964926  0.7942173683  2.0000000000
 0.0489827335 -0.3039978051  0.8013611091  2.0000000000
 0.0487851329 -0.4092164231  0.8154952079  2.0000000000
 0.0486638568 -0.4617167259  0.8224832866  2.0000000000
 0.0483764502 -0.5664570105  0.8362958846  2.0000000000
 0.0480293954 -0.6707940191  0.8498830278  2.0000000000
 0.0462716444  1.0125134692  0.6637857768  2.0000000000
 0.0470735092  0.8575286116  0.6878466051  2.0000000000
 0.0479364944  0.6491180901  0.7195490726  2.0000000000
 0.0481151863  0.5967561639  0.7273985554  2.0000000000
 0.0484278957  0.4917801354  0.7429972768  2.0000000000
 0.0485618629  0.4391829916  0.7507439920  2.0000000000
 0.0486808755  0.3865244125  0.7584539388  2.0000000000
 0.0489480060  0.2282654011  0.7813507027  2.0000000000
 0.0490799995  0.0697609511  0.8038719531  2.0000000000
 0.0490766638 -0.0887577457  0.8259848434  2.0000000000
 0.0470370179 -0.8735049782  0.9293217701  2.0000000000
 0.0458471421  1.0674575077  0.7087304069  2.0000000000
 0.0471828046  0.8093186030  0.7490411252  2.0000000000
 0.0474058560  0.7572957253  0.7570161857  2.0000000000
 0.0488775854  0.1794893310  0.8423485175  2.0000000000
 0.0488697792 -0.1901132197  0.8938693632  2.0000000000
 0.0487323224 -0.2954735304  0.9081196964  2.0000000000
 0.0477797798 -0.6619626975  0.9561580070  2.0000000000
 0.0469084004 -0.8689958695  0.9822203814  2.0000000000
 0.0457108392  1.0710006251  0.7616692267  2.0000000000
 0.0468081478  0.8648838266  0.7941495376  2.0000000000
 0.0472687628  0.7610177513  0.8102011225  2.0000000000
 0.0478487923  0.6043962799  0.8340137259  2.0000000000
 0.0480124374  0.5520034189  0.8418755282  2.0000000000
 0.0487397244  0.1835234905  0.8957180477  2.0000000000
 0.0487836746  0.1307386145  0.9032248729  2.0000000000
 0.0488092491 -0.0804211676  0.9327408838  2.0000000000
 0.0487318939 -0.1858934247  0.9471754081  2.0000000000
 0.0479889928 -0.5533172326  0.9958397172  2.0000000000
 0.0476423946 -0.6575218704  1.0091764220  2.0000000000
 0.0470113083 -0.8129325044  1.0286763055  2.0000000000
 0.0464107025  0.9202294683  0.8390702464  2.0000000000
 0.0475246106  0.6604589978  0.8792770614  2.0000000000
 0.0477030271  0.6081838912  0.8872026970  2.0000000000
 0.0483717073  0.3456665637  0.9261818810  2.0000000000
 0.0485856073 -0.1816715998  1.0003972672  2.0000000000
 0.0483571292 -0.3394725404  1.0215475743  2.0000000000
 0.0482510178 -0.3919521979  1.0284725500  2.0000000000
 0.0479939657 -0.4966796454  1.0421280983  2.0000000000
 0.0467468274  0.8203119809  0.9082505595  2.0000000000
 0.0477123617  0.5596188030  0.9482122326  2.0000000000
 0.0479946239  0.4547286784  0.9638859670  2.0000000000
 0.0481133793  0.4021860930  0.9716511102  2.0000000000
 0.0482171913  0.3495898372  0.9793667560  2.0000000000
 0.0484827063  0.1388384443  1.0097095058  2.0000000000
 0.0485254825  0.0333624727  1.0245517989  2.0000000000
 0.0484770781 -0.1247845040  1.0463767785  2.0000000000
 0.0482936672 -0.2826461689  1.0676474040  2.0000000000
 0.0479755140 -0.4399926770  1.0883327498  2.0000000000
 0.0473425320 -0.6485918994  1.1149511037  2.0000000000
 0.0452521202  1.0814141308  0.9199978109  2.0000000000
 0.0472082200  0.6679018792  0.9853443033  2.0000000000
 0.0476982801  0.5110189525  1.0091263767  2.0000000000
 0.0482169339  0.2482439807  1.0477499008  2.0000000000
 0.0483623951  0.0374634630  1.0776468697  2.0000000000
 0.0480396414 -0.3308485743  1.1275761634  2.0000000000
 0.0479336424 -0.3832706700  1.1344419829  2.0000000000
 0.0476768659 -0.4878845865  1.1479622061  2.0000000000
 0.0465500047 -0.7992796773  1.1867545448  2.0000000000
 0.0459256232  0.9308457798  0.9975350647  2.0000000000
 0.0464145364  0.8274980692  1.0139523145  2.0000000000
 0.0468446270  0.7236648345  1.0301899372  2.0000000000
 0.0475272739  0.5148091972  1.0620845568  2.0000000000
 0.0476607858  0.4623966330  1.0699297245  2.0000000000
 0.0478830712  0.3573923462  1.0854569639  2.0000000000
 0.0480455897  0.2522058583  1.1007583727  2.0000000000
 0.0481909456  0.0415590135  1.1306441760  2.0000000000
 0.0481736887 -0.0637647822  1.1452091989  2.0000000000
 0.0479593590 -0.2740718193  1.1735363227  2.0000000000
 0.0478683615 -0.3265279752  1.1804441335  2.0000000000
 0.0473551483 -0.5356160146  1.2073460904  2.0000000000
 0.0471896422 -0.5876617464  1.2138838515  2.0000000000
 0.0466042517 -0.7431220240  1.2330297920  2.0000000000
