 0.000000e+00  0.000000e+00  0.000000e+00  1.000000e+00
 0.000000e+00  0.000000e+00  0.000000e+00  1.000000e+00
 0.000000e+00  0.000000e+00  0.000000e+00  1.000000e+00
 0.000000e+00  0.000000e+00  0.000000e+00  1.000000e+00
 0.000000e+00  0.000000e+00  0.000000e+00  1.000000e+00
 0.000000e+00  0.000000e+00  0.000000e+00  1.000000e+00
 0.000000e+00  0.000000e+00  0.000000e+00  1.000000e+00
 0.000000e+00  0.000000e+00  0.000000e+00  1.000000e+00
 0.000000e+00  0.000000e+00  0.000000e+00  1.000000e+00
 0.000000e+00  0.000000e+00  0.000000e+00  1.000000e+00
 0.000000e+00  0.000000e+00  0.000000e+00  1.000000e+00
 0.000000e+00  0.000000e+00  0.000000e+00  1.000000e+00
 0.000000e+00  0.000000e+00  0.000000e+00  1.000000e+00
 0.000000e+00  0.000000e+00  0.000000e+00  1.000000e+00
 0.000000e+00  0.000000e+00  0.000000e+00  1.000000e+00
 0.000000e+00  0.000000e+00  0.000000e+00  1.000000e+00
 0.000000e+00  0.000000e+00  0.000000e+00  1.000000e+00
 0.000000e+00  0.000000e+00  0.000000e+00  1.000000e+00
 0.000000e+00  0.000000e+00  0.000000e+00  1.000000e+00
 0.000000e+00  0.000000e+00  0.000000e+00  1.000000e+00
 0.000000e+00  0.000000e+00  0.000000e+00  1.000000e+00
 0.000000e+00  0.000000e+00  0.000000e+00  1.000000e+00
 0.000000e+00  0.000000e+00  0.000000e+00  1.000000e+00
 0.000000e+00  0.000000e+00  0.000000e+00  1.000000e+00
 0.000000e+00  0.000000e+00  0.000000e+00  1.000000e+00
 0.000000e+00  0.000000e+00  0.000000e+00  1.000000e+00
 0.000000e+00  0.000000e+00  0.000000e+00  1.000000e+00
 0.000000e+00  0.000000e+00  0.000000e+00  1.000000e+00
 0.000000e+00  0.000000e+00  0.000000e+00  1.000000e+00
 0.000000e+00  0.000000e+00  0.000000e+00  1.000000e+00
 0.000000e+00  0.000000e+00  0.000000e+00  1.000000e+00
 0.000000e+00  0.000000e+00  0.000000e+00  1.000000e+00
 0.000000e+00  0.000000e+00  0.000000e+00  1.000000e+00
 0.000000e+00  0.000000e+00  0.000000e+00  1.000000e+00
 0.000000e+00  0.000000e+00  0.000000e+00  1.000000e+00
 0.000000e+00  0.000000e+00  0.000000e+00  1.000000e+00
 0.000000e+00  0.000000e+00  0.000000e+00  1.000000e+00
 0.000000e+00  0.000000e+00  0.000000e+00  1.000000e+00
 0.000000e+00  0.000000e+00  0.000000e+00  1.000000e+00
 0.000000e+00  0.000000e+00  0.000000e+00  1.000000e+00
 0.000000e+00  0.000000e+00  0.000000e+00  1.000000e+00
 0.000000e+00  0.000000e+00  0.000000e+00  1.000000e+00
 0.000000e+00  0.000000e+00  0.000000e+00  1.000000e+00
 0.000000e+00  0.000000e+00  0.000000e+00  1.000000e+00
 0.000000e+00  0.000000e+00  0.000000e+00  1.000000e+00
 0.000000e+00  0.000000e+00  0.000000e+00  1.000000e+00
 0.000000e+00  0.000000e+00  0.000000e+00  1.000000e+00
 0.000000e+00  0.000000e+00  0.000000e+00  1.000000e+00
 0.000000e+00  0.000000e+00  0.000000e+00  1.000000e+00
 0.000000e+00  0.000000e+00  0.000000e+00  1.000000e+00
 0.000000e+00  0.000000e+00  0.000000e+00  1.000000e+00
 0.000000e+00  0.000000e+00  0.000000e+00  1.000000e+00
 0.000000e+00  0.000000e+00  0.000000e+00  1.000000e+00
 0.000000e+00  0.000000e+00  0.000000e+00  1.000000e+00
 0.000000e+00  0.000000e+00  0.000000e+00  1.000000e+00
 0.000000e+00  0.000000e+00  0.000000e+00  1.000000e+00
 0.000000e+00  0.000000e+00  0.000000e+00  1.000000e+00
 0.000000e+00  0.000000e+00  0.000000e+00  1.000000e+00
 0.000000e+00  0.000000e+00  0.000000e+00  1.000000e+00
 0.000000e+00  0.000000e+00  0.000000e+00  1.000000e+00
 0.000000e+00  0.000000e+00  0.000000e+00  1.000000e+00
 0.000000e+00  0.000000e+00  0.000000e+00  1.000000e+00
 0.000000e+00  0.000000e+00  0.000000e+00  1.000000e+00
 0.000000e+00  0.000000e+00  0.000000e+00  1.000000e+00
 0.000000e+00  0.000000e+00  0.000000e+00  1.000000e+00
 0.000000e+00  0.000000e+00  0.000000e+00  1.000000e+00
 0.000000e+00  0.000000e+00  0.000000e+00  1.000000e+00
 0.000000e+00  0.000000e+00  0.000000e+00  1.000000e+00
 0.000000e+00  0.000000e+00  0.000000e+00  1.000000e+00
 0.000000e+00  0.000000e+00  0.000000e+00  1.000000e+00
 0.000000e+00  0.000000e+00  0.000000e+00  1.000000e+00
 0.000000e+00  0.000000e+00  0.000000e+00  1.000000e+00
 0.000000e+00  0.000000e+00  0.000000e+00  1.000000e+00
 0.000000e+00  0.000000e+00  0.000000e+00  1.000000e+00
 0.000000e+00  0.000000e+00  0.000000e+00  1.000000e+00
 0.000000e+00  0.000000e+00  0.000000e+00  1.000000e+00
 0.000000e+00  0.000000e+00  0.000000e+00  1.000000e+00
 0.000000e+00  0.000000e+00  0.000000e+00  1.000000e+00
 0.000000e+00  0.000000e+00  0.000000e+00  1.000000e+00
 0.000000e+00  0.000000e+00  0.000000e+00  1.000000e+00
 0.000000e+00  0.000000e+00  0.000000e+00  1.000000e+00
 0.000000e+00  0.000000e+00  0.000000e+00  1.000000e+00
 0.000000e+00  0.000000e+00  0.000000e+00  1.000000e+00
 0.000000e+00  0.000000e+00  0.000000e+00  1.000000e+00
 0.000000e+00  0.000000e+00  0.000000e+00  1.000000e+00
 0.000000e+00  0.000000e+00  0.000000e+00  1.000000e+00
 0.000000e+00  0.000000e+00  0.000000e+00  1.000000e+00
 0.000000e+00  0.000000e+00  0.000000e+00  1.000000e+00
 0.000000e+00  0.000000e+00  0.000000e+00  1.000000e+00
 0.000000e+00  0.000000e+00  0.000000e+00  1.000000e+00
 0.000000e+00  0.000000e+00  0.000000e+00  1.000000e+00
 0.000000e+00  0.000000e+00  0.000000e+00  1.000000e+00
 0.000000e+00  0.000000e+00  0.000000e+00  1.000000e+00
 0.000000e+00  0.000000e+00  0.000000e+00  1.000000e+00
 0.000000e+00  0.000000e+00  0.000000e+00  1.000000e+00
 0.000000e+00  0.000000e+00  0.000000e+00  1.000000e+00
 0.000000e+00  0.000000e+00  0.000000e+00  1.000000e+00
 0.000000e+00  0.000000e+00  0.000000e+00  1.000000e+00
 0.000000e+00  0.000000e+00  0.000000e+00  1.000000e+00
 0.000000e+00  0.000000e+00  0.000000e+00  1.000000e+00
 0.000000e+00  0.000000e+00  0.000000e+00  2.000000e+00
 0.000000e+00  0.000000e+00  0.000000e+00  2.000000e+00
 0.000000e+00  0.000000e+00  0.000000e+00  2.000000e+00
 0.000000e+00  0.000000e+00  0.000000e+00  2.000000e+00
 0.000000e+00  0.000000e+00  0.000000e+00  2.000000e+00
 0.000000e+00  0.000000e+00  0.000000e+00  2.000000e+00
 0.000000e+00  0.000000e+00  0.000000e+00  2.000000e+00
 0.000000e+00  0.000000e+00  0.000000e+00  2.000000e+00
 0.000000e+00  0.000000e+00  0.000000e+00  2.000000e+00
 0.000000e+00  0.000000e+00  0.000000e+00  2.000000e+00
 0.000000e+00  0.000000e+00  0.000000e+00  2.000000e+00
 0.000000e+00  0.000000e+00  0.000000e+00  2.000000e+00
 0.000000e+00  0.000000e+00  0.000000e+00  2.000000e+00
 0.000000e+00  0.000000e+00  0.000000e+00  2.000000e+00
 0.000000e+00  0.000000e+00  0.000000e+00  2.000000e+00
 0.000000e+00  0.000000e+00  0.000000e+00  2.000000e+00
 0.000000e+00  0.000000e+00  0.000000e+00  2.000000e+00
 0.000000e+00  0.000000e+00  0.000000e+00  2.000000e+00
 0.000000e+00  0.000000e+00  0.000000e+00  2.000000e+00
 0.000000e+00  0.000000e+00  0.000000e+00  2.000000e+00
 0.000000e+00  0.000000e+00  0.000000e+00  2.000000e+00
 0.000000e+00  0.000000e+00  0.000000e+00  2.000000e+00
 0.000000e+00  0.000000e+00  0.000000e+00  2.000000e+00
 0.000000e+00  0.000000e+00  0.000000e+00  2.000000e+00
 0.000000e+00  0.000000e+00  0.000000e+00  2.000000e+00
 0.000000e+00  0.000000e+00  0.000000e+00  2.000000e+00
 0.000000e+00  0.000000e+00  0.000000e+00  2.000000e+00
 0.000000e+00  0.000000e+00  0.000000e+00  2.000000e+00
 0.000000e+00  0.000000e+00  0.000000e+00  2.000000e+00
 0.000000e+00  0.000000e+00  0.000000e+00  2.000000e+00
 0.000000e+00  0.000000e+00  0.000000e+00  2.000000e+00
 0.000000e+00  0.000000e+00  0.000000e+00  2.000000e+00
 0.000000e+00  0.000000e+00  0.000000e+00  2.000000e+00
 0.000000e+00  0.000000e+00  0.000000e+00  2.000000e+00
 0.000000e+00  0.000000e+00  0.000000e+00  2.000000e+00
 0.000000e+00  0.000000e+00  0.000000e+00  2.000000e+00
 0.000000e+00  0.000000e+00  0.000000e+00  2.000000e+00
 0.000000e+00  0.000000e+00  0.000000e+00  2.000000e+00
 0.000000e+00  0.000000e+00  0.000000e+00  2.000000e+00
 0.000000e+00  0.000000e+00  0.000000e+00  2.000000e+00
 0.000000e+00  0.000000e+00  0.000000e+00  2.000000e+00
 0.000000e+00  0.000000e+00  0.000000e+00  2.000000e+00
 0.000000e+00  0.000000e+00  0.000000e+00  2.000000e+00
 0.000000e+00  0.000000e+00  0.000000e+00  2.000000e+00
 0.000000e+00  0.000000e+00  0.000000e+00  2.000000e+00
 0.000000e+00  0.000000e+00  0.000000e+00  2.000000e+00
 0.000000e+00  0.000000e+00  0.000000e+00  2.000000e+00
 0.000000e+00  0.000000e+00  0.000000e+00  2.000000e+00
 0.000000e+00  0.000000e+00  0.000000e+00  2.000000e+00
 0.000000e+00  0.000000e+00  0.000000e+00  2.000000e+00
 0.000000e+00  0.000000e+00  0.000000e+00  2.000000e+00
 0.000000e+00  0.000000e+00  0.000000e+00  2.000000e+00
 0.000000e+00  0.000000e+00  0.000000e+00  2.000000e+00
 0.000000e+00  0.000000e+00  0.000000e+00  2.000000e+00
 0.000000e+00  0.000000e+00  0.000000e+00  2.000000e+00
 0.000000e+00  0.000000e+00  0.000000e+00  2.000000e+00
 0.000000e+00  0.000000e+00  0.000000e+00  2.000000e+00
 0.000000e+00  0.000000e+00  0.000000e+00  2.000000e+00
 0.000000e+00  0.000000e+00  0.000000e+00  2.000000e+00
 0.000000e+00  0.000000e+00  0.000000e+00  2.000000e+00
 0.000000e+00  0.000000e+00  0.000000e+00  2.000000e+00
 0.000000e+00  0.000000e+00  0.000000e+00  2.000000e+00
 0.000000e+00  0.000000e+00  0.000000e+00  2.000000e+00
 0.000000e+00  0.000000e+00  0.000000e+00  2.000000e+00
 0.000000e+00  0.000000e+00  0.000000e+00  2.000000e+00
 0.000000e+00  0.000000e+00  0.000000e+00  2.000000e+00
 0.000000e+00  0.000000e+00  0.000000e+00  2.000000e+00
 0.000000e+00  0.000000e+00  0.000000e+00  2.000000e+00
 0.000000e+00  0.000000e+00  0.000000e+00  2.000000e+00
 0.000000e+00  0.000000e+00  0.000000e+00  2.000000e+00
 0.000000e+00  0.000000e+00  0.000000e+00  2.000000e+00
 0.000000e+00  0.000000e+00  0.000000e+00  2.000000e+00
 0.000000e+00  0.000000e+00  0.000000e+00  2.000000e+00
 0.000000e+00  0.000000e+00  0.000000e+00  2.000000e+00
 0.000000e+00  0.000000e+00  0.000000e+00  2.000000e+00
 0.000000e+00  0.000000e+00  0.000000e+00  2.000000e+00
 0.000000e+00  0.000000e+00  0.000000e+00  2.000000e+00
 0.000000e+00  0.000000e+00  0.000000e+00  2.000000e+00
 0.000000e+00  0.000000e+00  0.000000e+00  2.000000e+00
 0.000000e+00  0.000000e+00  0.000000e+00  2.000000e+00
 0.000000e+00  0.000000e+00  0.000000e+00  2.000000e+00
 0.000000e+00  0.000000e+00  0.000000e+00  2.000000e+00
 0.000000e+00  0.000000e+00  0.000000e+00  2.000000e+00
 0.000000e+00  0.000000e+00  0.000000e+00  2.000000e+00
 0.000000e+00  0.000000e+00  0.000000e+00  2.000000e+00
 0.000000e+00  0.000000e+00  0.000000e+00  2.000000e+00
 0.000000e+00  0.000000e+00  0.000000e+00  2.000000e+00
 0.000000e+00  0.000000e+00  0.000000e+00  2.000000e+00
 0.000000e+00  0.000000e+00  0.000000e+00  2.000000e+00
 0.000000e+00  0.000000e+00  0.000000e+00  2.000000e+00
 0.000000e+00  0.000000e+00  0.000000e+00  2.000000e+00
 0.000000e+00  0.000000e+00  0.000000e+00  2.000000e+00
 0.000000e+00  0.000000e+00  0.000000e+00  2.000000e+00
 0.000000e+00  0.000000e+00  0.000000e+00  2.000000e+00
 0.000000e+00  0.000000e+00  0.000000e+00  2.000000e+00
 0.000000e+00  0.000000e+00  0.000000e+00  2.000000e+00
 0.000000e+00  0.000000e+00  0.000000e+00  2.000000e+00
 0.000000e+00  0.000000e+00  0.000000e+00  2.000000e+00
 0.000000e+00  0.000000e+00  0.000000e+00  2.000000e+00
 0.000000e+00  0.000000e+00  0.000000e+00  2.000000e+00
 2.828739e-02  0.000000e+00  0.000000e+00  3.000000e+00
-1.735759e+00  0.000000e+00  0.000000e+00  3.000000e+00
-2.944018e+00  0.000000e+00  0.000000e+00  3.000000e+00
 1.561777e-03  0.000000e+00  0.000000e+00  3.000000e+00
 2.437699e+00  0.000000e+00  0.000000e+00  3.000000e+00
 2.828739e-02  0.000000e+00  0.000000e+00  3.000000e+00
-1.282036e+00  0.000000e+00  0.000000e+00  3.000000e+00
 2.437699e+00  0.000000e+00  0.000000e+00  3.000000e+00
 9.012463e+00  0.000000e+00  0.000000e+00  3.000000e+00
 6.647903e-01  0.000000e+00  0.000000e+00  3.000000e+00
 1.561777e-03  0.000000e+00  0.000000e+00  3.000000e+00
 1.561777e-03  0.000000e+00  0.000000e+00  3.000000e+00
 3.988890e+00  0.000000e+00  0.000000e+00  3.000000e+00
 1.561777e-03  0.000000e+00  0.000000e+00  3.000000e+00
 1.937824e+00  0.000000e+00  0.000000e+00  3.000000e+00
-1.282036e+00  0.000000e+00  0.000000e+00  3.000000e+00
-2.944018e+00  0.000000e+00  0.000000e+00  3.000000e+00
 1.937824e+00  0.000000e+00  0.000000e+00  3.000000e+00
 2.437699e+00  0.000000e+00  0.000000e+00  3.000000e+00
 3.988890e+00  0.000000e+00  0.000000e+00  3.000000e+00
 6.647903e-01  0.000000e+00  0.000000e+00  3.000000e+00
 2.446931e+00  0.000000e+00  0.000000e+00  3.000000e+00
 6.647903e-01  0.000000e+00  0.000000e+00  3.000000e+00
-5.438182e-01  0.000000e+00  0.000000e+00  3.000000e+00
 2.446931e+00  0.000000e+00  0.000000e+00  3.000000e+00
-2.944018e+00  0.000000e+00  0.000000e+00  3.000000e+00
 9.012463e+00  0.000000e+00  0.000000e+00  3.000000e+00
-2.944018e+00  0.000000e+00  0.000000e+00  3.000000e+00
-1.282036e+00  0.000000e+00  0.000000e+00  3.000000e+00
 1.561777e-03  0.000000e+00  0.000000e+00  3.000000e+00
 2.437699e+00  0.000000e+00  0.000000e+00  3.000000e+00
 2.437699e+00  0.000000e+00  0.000000e+00  3.000000e+00
-1.735759e+00  0.000000e+00  0.000000e+00  3.000000e+00
-1.282036e+00  0.000000e+00  0.000000e+00  3.000000e+00
-2.944018e+00  0.000000e+00  0.000000e+00  3.000000e+00
 5.023268e+00  0.000000e+00  0.000000e+00  3.000000e+00
 1.454354e+00  0.000000e+00  0.000000e+00  3.000000e+00
 2.828739e-02  0.000000e+00  0.000000e+00  3.000000e+00
 6.647903e-01  0.000000e+00  0.000000e+00  3.000000e+00
-1.735759e+00  0.000000e+00  0.000000e+00  3.000000e+00
-2.944018e+00  0.000000e+00  0.000000e+00  3.000000e+00
 1.561777e-03  0.000000e+00  0.000000e+00  3.000000e+00
-2.944018e+00  0.000000e+00  0.000000e+00  3.000000e+00
 1.937824e+00  0.000000e+00  0.000000e+00  3.000000e+00
-2.944018e+00  0.000000e+00  0.000000e+00  3.000000e+00
-1.282036e+00  0.000000e+00  0.000000e+00  3.000000e+00
-2.944018e+00  0.000000e+00  0.000000e+00  3.000000e+00
 2.437699e+00  0.000000e+00  0.000000e+00  3.000000e+00
 1.561777e-03  0.000000e+00  0.000000e+00  3.000000e+00
 1.561777e-03  0.000000e+00  0.000000e+00  3.000000e+00
 1.561777e-03  0.000000e+00  0.000000e+00  3.000000e+00
 2.437699e+00  0.000000e+00  0.000000e+00  3.000000e+00
 2.828739e-02  0.000000e+00  0.000000e+00  3.000000e+00
-1.282036e+00  0.000000e+00  0.000000e+00  3.000000e+00
-2.944018e+00  0.000000e+00  0.000000e+00  3.000000e+00
-1.522654e+00  0.000000e+00  0.000000e+00  3.000000e+00
 3.988890e+00  0.000000e+00  0.000000e+00  3.000000e+00
 3.119740e+00  0.000000e+00  0.000000e+00  3.000000e+00
-1.282036e+00  0.000000e+00  0.000000e+00  3.000000e+00
-1.735759e+00  0.000000e+00  0.000000e+00  3.000000e+00
-1.522654e+00  0.000000e+00  0.000000e+00  3.000000e+00
-2.944018e+00  0.000000e+00  0.000000e+00  3.000000e+00
 9.012463e+00  0.000000e+00  0.000000e+00  3.000000e+00
 3.988890e+00  0.000000e+00  0.000000e+00  3.000000e+00
-1.735759e+00  0.000000e+00  0.000000e+00  3.000000e+00
 6.647903e-01  0.000000e+00  0.000000e+00  3.000000e+00
 9.012463e+00  0.000000e+00  0.000000e+00  3.000000e+00
-2.944018e+00  0.000000e+00  0.000000e+00  3.000000e+00
 3.988890e+00  0.000000e+00  0.000000e+00  3.000000e+00
 1.561777e-03  0.000000e+00  0.000000e+00  3.000000e+00
 1.561777e-03  0.000000e+00  0.000000e+00  3.000000e+00
 1.561777e-03  0.000000e+00  0.000000e+00  3.000000e+00
 2.828739e-02  0.000000e+00  0.000000e+00  3.000000e+00
 1.561777e-03  0.000000e+00  0.000000e+00  3.000000e+00
 6.647903e-01  0.000000e+00  0.000000e+00  3.000000e+00
 1.937824e+00  0.000000e+00  0.000000e+00  3.000000e+00
-1.522654e+00  0.000000e+00  0.000000e+00  3.000000e+00
 1.845407e+00  0.000000e+00  0.000000e+00  3.000000e+00
 1.888500e+00  0.000000e+00  0.000000e+00  3.000000e+00
-2.944018e+00  0.000000e+00  0.000000e+00  3.000000e+00
-1.522654e+00  0.000000e+00  0.000000e+00  3.000000e+00
 9.012463e+00  0.000000e+00  0.000000e+00  3.000000e+00
-1.282036e+00  0.000000e+00  0.000000e+00  3.000000e+00
 1.561777e-03  0.000000e+00  0.000000e+00  3.000000e+00
-1.282036e+00  0.000000e+00  0.000000e+00  3.000000e+00
 2.689348e+00  0.000000e+00  0.000000e+00  3.000000e+00
 1.561777e-03  0.000000e+00  0.000000e+00  3.000000e+00
 1.937824e+00  0.000000e+00  0.000000e+00  3.000000e+00
-2.944018e+00  0.000000e+00  0.000000e+00  3.000000e+00
 2.437699e+00  0.000000e+00  0.000000e+00  3.000000e+00
 6.647903e-01  0.000000e+00  0.000000e+00  3.000000e+00
-1.522654e+00  0.000000e+00  0.000000e+00  3.000000e+00
 6.647903e-01  0.000000e+00  0.000000e+00  3.000000e+00
 2.446931e+00  0.000000e+00  0.000000e+00  3.000000e+00
-2.944018e+00  0.000000e+00  0.000000e+00  3.000000e+00
-1.282036e+00  0.000000e+00  0.000000e+00  3.000000e+00
 2.437699e+00  0.000000e+00  0.000000e+00  3.000000e+00
-2.944018e+00  0.000000e+00  0.000000e+00  3.000000e+00
 2.446931e+00  0.000000e+00  0.000000e+00  3.000000e+00
 9.012463e+00  0.000000e+00  0.000000e+00  3.000000e+00
 0.000000e+00  0.000000e+00  0.000000e+00  4.000000e+00
 0.000000e+00  0.000000e+00  0.000000e+00  4.000000e+00
 0.000000e+00  0.000000e+00  0.000000e+00  4.000000e+00
 0.000000e+00  0.000000e+00  0.000000e+00  4.000000e+00
 0.000000e+00  0.000000e+00  0.000000e+00  4.000000e+00
 0.000000e+00  0.000000e+00  0.000000e+00  4.000000e+00
 0.000000e+00  0.000000e+00  0.000000e+00  4.000000e+00
 0.000000e+00  0.000000e+00  0.000000e+00  4.000000e+00
 0.000000e+00  0.000000e+00  0.000000e+00  4.000000e+00
 0.000000e+00  0.000000e+00  0.000000e+00  4.000000e+00
 0.000000e+00  0.000000e+00  0.000000e+00  4.000000e+00
 0.000000e+00  0.000000e+00  0.000000e+00  4.000000e+00
 0.000000e+00  0.000000e+00  0.000000e+00  4.000000e+00
 0.000000e+00  0.000000e+00  0.000000e+00  4.000000e+00
 0.000000e+00  0.000000e+00  0.000000e+00  4.000000e+00
 0.000000e+00  0.000000e+00  0.000000e+00  4.000000e+00
 0.000000e+00  0.000000e+00  0.000000e+00  4.000000e+00
 0.000000e+00  0.000000e+00  0.000000e+00  4.000000e+00
 0.000000e+00  0.000000e+00  0.000000e+00  4.000000e+00
 0.000000e+00  0.000000e+00  0.000000e+00  4.000000e+00
 0.000000e+00  0.000000e+00  0.000000e+00  4.000000e+00
 0.000000e+00  0.000000e+00  0.000000e+00  4.000000e+00
 0.000000e+00  0.000000e+00  0.000000e+00  4.000000e+00
 0.000000e+00  0.000000e+00  0.000000e+00  4.000000e+00
 0.000000e+00  0.000000e+00  0.000000e+00  4.000000e+00
 0.000000e+00  0.000000e+00  0.000000e+00  4.000000e+00
 0.000000e+00  0.000000e+00  0.000000e+00  4.000000e+00
 0.000000e+00  0.000000e+00  0.000000e+00  4.000000e+00
 0.000000e+00  0.000000e+00  0.000000e+00  4.000000e+00
 0.000000e+00  0.000000e+00  0.000000e+00  4.000000e+00
 0.000000e+00  0.000000e+00  0.000000e+00  4.000000e+00
 0.000000e+00  0.000000e+00  0.000000e+00  4.000000e+00
 0.000000e+00  0.000000e+00  0.000000e+00  4.000000e+00
 0.000000e+00  0.000000e+00  0.000000e+00  4.000000e+00
 0.000000e+00  0.000000e+00  0.000000e+00  4.000000e+00
 0.000000e+00  0.000000e+00  0.000000e+00  4.000000e+00
 0.000000e+00  0.000000e+00  0.000000e+00  4.000000e+00
 0.000000e+00  0.000000e+00  0.000000e+00  4.000000e+00
 0.000000e+00  0.000000e+00  0.000000e+00  4.000000e+00
 0.000000e+00  0.000000e+00  0.000000e+00  4.000000e+00
 0.000000e+00  0.000000e+00  0.000000e+00  4.000000e+00
 0.000000e+00  0.000000e+00  0.000000e+00  4.000000e+00
 0.000000e+00  0.000000e+00  0.000000e+00  4.000000e+00
 0.000000e+00  0.000000e+00  0.000000e+00  4.000000e+00
 0.000000e+00  0.000000e+00  0.000000e+00  4.000000e+00
 0.000000e+00  0.000000e+00  0.000000e+00  4.000000e+00
 0.000000e+00  0.000000e+00  0.000000e+00  4.000000e+00
 0.000000e+00  0.000000e+00  0.000000e+00  4.000000e+00
 0.000000e+00  0.000000e+00  0.000000e+00  4.000000e+00
 0.000000e+00  0.000000e+00  0.000000e+00  4.000000e+00
 0.000000e+00  0.000000e+00  0.000000e+00  4.000000e+00
 0.000000e+00  0.000000e+00  0.000000e+00  4.000000e+00
 0.000000e+00  0.000000e+00  0.000000e+00  4.000000e+00
 0.000000e+00  0.000000e+00  0.000000e+00  4.000000e+00
 0.000000e+00  0.000000e+00  0.000000e+00  4.000000e+00
 0.000000e+00  0.000000e+00  0.000000e+00  4.000000e+00
 0.000000e+00  0.000000e+00  0.000000e+00  4.000000e+00
 0.000000e+00  0.000000e+00  0.000000e+00  4.000000e+00
 0.000000e+00  0.000000e+00  0.000000e+00  4.000000e+00
 0.000000e+00  0.000000e+00  0.000000e+00  4.000000e+00
 0.000000e+00  0.000000e+00  0.000000e+00  4.000000e+00
 0.000000e+00  0.000000e+00  0.000000e+00  4.000000e+00
 0.000000e+00  0.000000e+00  0.000000e+00  4.000000e+00
 0.000000e+00  0.000000e+00  0.000000e+00  4.000000e+00
 0.000000e+00  0.000000e+00  0.000000e+00  4.000000e+00
 0.000000e+00  0.000000e+00  0.000000e+00  4.000000e+00
 0.000000e+00  0.000000e+00  0.000000e+00  4.000000e+00
 0.000000e+00  0.000000e+00  0.000000e+00  4.000000e+00
 0.000000e+00  0.000000e+00  0.000000e+00  4.000000e+00
 0.000000e+00  0.000000e+00  0.000000e+00  4.000000e+00
 0.000000e+00  0.000000e+00  0.000000e+00  4.000000e+00
 0.000000e+00  0.000000e+00  0.000000e+00  4.000000e+00
 0.000000e+00  0.000000e+00  0.000000e+00  4.000000e+00
 0.000000e+00  0.000000e+00  0.000000e+00  4.000000e+00
 0.000000e+00  0.000000e+00  0.000000e+00  4.000000e+00
 0.000000e+00  0.000000e+00  0.000000e+00  4.000000e+00
 0.000000e+00  0.000000e+00  0.000000e+00  4.000000e+00
 0.000000e+00  0.000000e+00  0.000000e+00  4.000000e+00
 0.000000e+00  0.000000e+00  0.000000e+00  4.000000e+00
 0.000000e+00  0.000000e+00  0.000000e+00  4.000000e+00
 0.000000e+00  0.000000e+00  0.000000e+00  4.000000e+00
 0.000000e+00  0.000000e+00  0.000000e+00  4.000000e+00
 0.000000e+00  0.000000e+00  0.000000e+00  4.000000e+00
 0.000000e+00  0.000000e+00  0.000000e+00  4.000000e+00
 0.000000e+00  0.000000e+00  0.000000e+00  4.000000e+00
 0.000000e+00  0.000000e+00  0.000000e+00  4.000000e+00
 0.000000e+00  0.000000e+00  0.000000e+00  4.000000e+00
 0.000000e+00  0.000000e+00  0.000000e+00  4.000000e+00
 0.000000e+00  0.000000e+00  0.000000e+00  4.000000e+00
 0.000000e+00  0.000000e+00  0.000000e+00  4.000000e+00
 0.000000e+00  0.000000e+00  0.000000e+00  4.000000e+00
 0.000000e+00  0.000000e+00  0.000000e+00  4.000000e+00
 0.000000e+00  0.000000e+00  0.000000e+00  4.000000e+00
 0.000000e+00  0.000000e+00  0.000000e+00  4.000000e+00
 0.000000e+00  0.000000e+00  0.000000e+00  4.000000e+00
 0.000000e+00  0.000000e+00  0.000000e+00  4.000000e+00
 0.000000e+00  0.000000e+00  0.000000e+00  4.000000e+00
 0.000000e+00  0.000000e+00  0.000000e+00  4.000000e+00
 0.000000e+00  0.000000e+00  0.000000e+00  4.000000e+00
 0.000000e+00  0.000000e+00  0.000000e+00  4.000000e+00
 0.000000e+00  0.000000e+00  0.000000e+00  5.000000e+00
 0.000000e+00  0.000000e+00  0.000000e+00  5.000000e+00
 0.000000e+00  0.000000e+00  0.000000e+00  5.000000e+00
 0.000000e+00  0.000000e+00  0.000000e+00  5.000000e+00
 0.000000e+00  0.000000e+00  0.000000e+00  5.000000e+00
 0.000000e+00  0.000000e+00  0.000000e+00  5.000000e+00
 0.000000e+00  0.000000e+00  0.000000e+00  5.000000e+00
 0.000000e+00  0.000000e+00  0.000000e+00  5.000000e+00
 0.000000e+00  0.000000e+00  0.000000e+00  5.000000e+00
 0.000000e+00  0.000000e+00  0.000000e+00  5.000000e+00
 0.000000e+00  0.000000e+00  0.000000e+00  5.000000e+00
 0.000000e+00  0.000000e+00  0.000000e+00  5.000000e+00
 0.000000e+00  0.000000e+00  0.000000e+00  5.000000e+00
 0.000000e+00  0.000000e+00  0.000000e+00  5.000000e+00
 0.000000e+00  0.000000e+00  0.000000e+00  5.000000e+00
 0.000000e+00  0.000000e+00  0.000000e+00  5.000000e+00
 0.000000e+00  0.000000e+00  0.000000e+00  5.000000e+00
 0.000000e+00  0.000000e+00  0.000000e+00  5.000000e+00
 0.000000e+00  0.000000e+00  0.000000e+00  5.000000e+00
 0.000000e+00  0.000000e+00  0.000000e+00  5.000000e+00
 0.000000e+00  0.000000e+00  0.000000e+00  5.000000e+00
 0.000000e+00  0.000000e+00  0.000000e+00  5.000000e+00
 0.000000e+00  0.000000e+00  0.000000e+00  5.000000e+00
 0.000000e+00  0.000000e+00  0.000000e+00  5.000000e+00
 0.000000e+00  0.000000e+00  0.000000e+00  5.000000e+00
 0.000000e+00  0.000000e+00  0.000000e+00  5.000000e+00
 0.000000e+00  0.000000e+00  0.000000e+00  5.000000e+00
 0.000000e+00  0.000000e+00  0.000000e+00  5.000000e+00
 0.000000e+00  0.000000e+00  0.000000e+00  5.000000e+00
 0.000000e+00  0.000000e+00  0.000000e+00  5.000000e+00
 0.000000e+00  0.000000e+00  0.000000e+00  5.000000e+00
 0.000000e+00  0.000000e+00  0.000000e+00  5.000000e+00
 0.000000e+00  0.000000e+00  0.000000e+00  5.000000e+00
 0.000000e+00  0.000000e+00  0.000000e+00  5.000000e+00
 0.000000e+00  0.000000e+00  0.000000e+00  5.000000e+00
 0.000000e+00  0.000000e+00  0.000000e+00  5.000000e+00
 0.000000e+00  0.000000e+00  0.000000e+00  5.000000e+00
 0.000000e+00  0.000000e+00  0.000000e+00  5.000000e+00
 0.000000e+00  0.000000e+00  0.000000e+00  5.000000e+00
 0.000000e+00  0.000000e+00  0.000000e+00  5.000000e+00
 0.000000e+00  0.000000e+00  0.000000e+00  5.000000e+00
 0.000000e+00  0.000000e+00  0.000000e+00  5.000000e+00
 0.000000e+00  0.000000e+00  0.000000e+00  5.000000e+00
 0.000000e+00  0.000000e+00  0.000000e+00  5.000000e+00
 0.000000e+00  0.000000e+00  0.000000e+00  5.000000e+00
 0.000000e+00  0.000000e+00  0.000000e+00  5.000000e+00
 0.000000e+00  0.000000e+00  0.000000e+00  5.000000e+00
 0.000000e+00  0.000000e+00  0.000000e+00  5.000000e+00
 0.000000e+00  0.000000e+00  0.000000e+00  5.000000e+00
 0.000000e+00  0.000000e+00  0.000000e+00  5.000000e+00
 0.000000e+00  0.000000e+00  0.000000e+00  5.000000e+00
 0.000000e+00  0.000000e+00  0.000000e+00  5.000000e+00
 0.000000e+00  0.000000e+00  0.000000e+00  5.000000e+00
 0.000000e+00  0.000000e+00  0.000000e+00  5.000000e+00
 0.000000e+00  0.000000e+00  0.000000e+00  5.000000e+00
 0.000000e+00  0.000000e+00  0.000000e+00  5.000000e+00
 0.000000e+00  0.000000e+00  0.000000e+00  5.000000e+00
 0.000000e+00  0.000000e+00  0.000000e+00  5.000000e+00
 0.000000e+00  0.000000e+00  0.000000e+00  5.000000e+00
 0.000000e+00  0.000000e+00  0.000000e+00  5.000000e+00
 0.000000e+00  0.000000e+00  0.000000e+00  5.000000e+00
 0.000000e+00  0.000000e+00  0.000000e+00  5.000000e+00
 0.000000e+00  0.000000e+00  0.000000e+00  5.000000e+00
 0.000000e+00  0.000000e+00  0.000000e+00  5.000000e+00
 0.000000e+00  0.000000e+00  0.000000e+00  5.000000e+00
 0.000000e+00  0.000000e+00  0.000000e+00  5.000000e+00
 0.000000e+00  0.000000e+00  0.000000e+00  5.000000e+00
 0.000000e+00  0.000000e+00  0.000000e+00  5.000000e+00
 0.000000e+00  0.000000e+00  0.000000e+00  5.000000e+00
 0.000000e+00  0.000000e+00  0.000000e+00  5.000000e+00
 0.000000e+00  0.000000e+00  0.000000e+00  5.000000e+00
 0.000000e+00  0.000000e+00  0.000000e+00  5.000000e+00
 0.000000e+00  0.000000e+00  0.000000e+00  5.000000e+00
 0.000000e+00  0.000000e+00  0.000000e+00  5.000000e+00
 0.000000e+00  0.000000e+00  0.000000e+00  5.000000e+00
 0.000000e+00  0.000000e+00  0.000000e+00  5.000000e+00
 0.000000e+00  0.000000e+00  0.000000e+00  5.000000e+00
 0.000000e+00  0.000000e+00  0.000000e+00  5.000000e+00
 0.000000e+00  0.000000e+00  0.000000e+00  5.000000e+00
 0.000000e+00  0.000000e+00  0.000000e+00  5.000000e+00
 0.000000e+00  0.000000e+00  0.000000e+00  5.000000e+00
 0.000000e+00  0.000000e+00  0.000000e+00  5.000000e+00
 0.000000e+00  0.000000e+00  0.000000e+00  5.000000e+00
 0.000000e+00  0.000000e+00  0.000000e+00  5.000000e+00
 0.000000e+00  0.000000e+00  0.000000e+00  5.000000e+00
 0.000000e+00  0.000000e+00  0.000000e+00  5.000000e+00
 0.000000e+00  0.000000e+00  0.000000e+00  5.000000e+00
 0.000000e+00  0.000000e+00  0.000000e+00  5.000000e+00
 0.000000e+00  0.000000e+00  0.000000e+00  5.000000e+00
 0.000000e+00  0.000000e+00  0.000000e+00  5.000000e+00
 0.000000e+00  0.000000e+00  0.000000e+00  5.000000e+00
 0.000000e+00  0.000000e+00  0.000000e+00  5.000000e+00
 0.000000e+00  0.000000e+00  0.000000e+00  5.000000e+00
 0.000000e+00  0.000000e+00  0.000000e+00  5.000000e+00
 0.000000e+00  0.000000e+00  0.000000e+00  5.000000e+00
 0.000000e+00  0.000000e+00  0.000000e+00  5.000000e+00
 0.000000e+00  0.000000e+00  0.000000e+00  5.000000e+00
 0.000000e+00  0.000000e+00  0.000000e+00  5.000000e+00
 0.000000e+00  0.000000e+00  0.000000e+00  5.000000e+00
 0.000000e+00  0.000000e+00  0.000000e+00  5.000000e+00
 0.000000e+00  0.000000e+00  0.000000e+00  6.000000e+00
 0.000000e+00 -5.074859e+00  0.000000e+00  6.000000e+00
 0.000000e+00 -3.056790e-01  0.000000e+00  6.000000e+00
 0.000000e+00  5.422818e-01  0.000000e+00  6.000000e+00
 0.000000e+00  4.355884e-01  0.000000e+00  6.000000e+00
 0.000000e+00  2.137416e+00  0.000000e+00  6.000000e+00
 0.000000e+00  5.422818e-01  0.000000e+00  6.000000e+00
 0.000000e+00 -9.262653e-01  0.000000e+00  6.000000e+00
 0.000000e+00 -5.833402e-01  0.000000e+00  6.000000e+00
 0.000000e+00  5.422818e-01  0.000000e+00  6.000000e+00
 0.000000e+00  2.404555e+00  0.000000e+00  6.000000e+00
 0.000000e+00  2.137416e+00  0.000000e+00  6.000000e+00
 0.000000e+00 -4.708179e-01  0.000000e+00  6.000000e+00
 0.000000e+00  5.422818e-01  0.000000e+00  6.000000e+00
 0.000000e+00  2.806212e+00  0.000000e+00  6.000000e+00
 0.000000e+00  2.137416e+00  0.000000e+00  6.000000e+00
 0.000000e+00 -6.216136e-02  0.000000e+00  6.000000e+00
 0.000000e+00  2.137416e+00  0.000000e+00  6.000000e+00
 0.000000e+00  2.137416e+00  0.000000e+00  6.000000e+00
 0.000000e+00 -3.071916e+00  0.000000e+00  6.000000e+00
 0.000000e+00 -2.985723e-01  0.000000e+00  6.000000e+00
 0.000000e+00  2.404555e+00  0.000000e+00  6.000000e+00
 0.000000e+00 -3.071916e+00  0.000000e+00  6.000000e+00
 0.000000e+00  3.573089e-02  0.000000e+00  6.000000e+00
 0.000000e+00  4.355884e-01  0.000000e+00  6.000000e+00
 0.000000e+00  6.543628e+00  0.000000e+00  6.000000e+00
 0.000000e+00 -2.434641e+00  0.000000e+00  6.000000e+00
 0.000000e+00  4.292369e+00  0.000000e+00  6.000000e+00
 0.000000e+00  2.137416e+00  0.000000e+00  6.000000e+00
 0.000000e+00 -1.066855e-15  0.000000e+00  6.000000e+00
 0.000000e+00  4.355884e-01  0.000000e+00  6.000000e+00
 0.000000e+00 -3.501717e-01  0.000000e+00  6.000000e+00
 0.000000e+00  1.593446e+00  0.000000e+00  6.000000e+00
 0.000000e+00 -1.935506e+00  0.000000e+00  6.000000e+00
 0.000000e+00  8.434010e+00  0.000000e+00  6.000000e+00
 0.000000e+00  2.137416e+00  0.000000e+00  6.000000e+00
 0.000000e+00 -5.074859e+00  0.000000e+00  6.000000e+00
 0.000000e+00 -1.509960e-01  0.000000e+00  6.000000e+00
 0.000000e+00 -2.434641e+00  0.000000e+00  6.000000e+00
 0.000000e+00 -5.074859e+00  0.000000e+00  6.000000e+00
 0.000000e+00 -5.183907e-01  0.000000e+00  6.000000e+00
 0.000000e+00  9.077928e-02  0.000000e+00  6.000000e+00
 0.000000e+00  8.434010e+00  0.000000e+00  6.000000e+00
 0.000000e+00 -3.850932e-01  0.000000e+00  6.000000e+00
 0.000000e+00 -3.071916e+00  0.000000e+00  6.000000e+00
 0.000000e+00 -2.434641e+00  0.000000e+00  6.000000e+00
 0.000000e+00 -1.327063e-15  0.000000e+00  6.000000e+00
 0.000000e+00  5.422818e-01  0.000000e+00  6.000000e+00
 0.000000e+00  8.434010e+00  0.000000e+00  6.000000e+00
 0.000000e+00 -9.262653e-01  0.000000e+00  6.000000e+00
 0.000000e+00 -9.262653e-01  0.000000e+00  6.000000e+00
 0.000000e+00  4.292369e+00  0.000000e+00  6.000000e+00
 0.000000e+00  4.292369e+00  0.000000e+00  6.000000e+00
 0.000000e+00 -1.935506e+00  0.000000e+00  6.000000e+00
 0.000000e+00 -5.833402e-01  0.000000e+00  6.000000e+00
 0.000000e+00  4.355884e-01  0.000000e+00  6.000000e+00
 0.000000e+00 -1.935506e+00  0.000000e+00  6.000000e+00
 0.000000e+00 -2.449268e-01  0.000000e+00  6.000000e+00
 0.000000e+00  5.422818e-01  0.000000e+00  6.000000e+00
 0.000000e+00  2.137416e+00  0.000000e+00  6.000000e+00
 0.000000e+00 -9.262653e-01  0.000000e+00  6.000000e+00
 0.000000e+00  6.543628e+00  0.000000e+00  6.000000e+00
 0.000000e+00  5.422818e-01  0.000000e+00  6.000000e+00
 0.000000e+00  2.137416e+00  0.000000e+00  6.000000e+00
 0.000000e+00 -5.183907e-01  0.000000e+00  6.000000e+00
 0.000000e+00  2.137416e+00  0.000000e+00  6.000000e+00
 0.000000e+00  1.356469e+00  0.000000e+00  6.000000e+00
 0.000000e+00 -2.434641e+00  0.000000e+00  6.000000e+00
 0.000000e+00  9.077928e-02  0.000000e+00  6.000000e+00
 0.000000e+00  4.355884e-01  0.000000e+00  6.000000e+00
 0.000000e+00  5.422818e-01  0.000000e+00  6.000000e+00
 0.000000e+00 -9.262653e-01  0.000000e+00  6.000000e+00
 0.000000e+00  6.543628e+00  0.000000e+00  6.000000e+00
 0.000000e+00 -5.183907e-01  0.000000e+00  6.000000e+00
 0.000000e+00 -3.071916e+00  0.000000e+00  6.000000e+00
 0.000000e+00 -3.440231e-01  0.000000e+00  6.000000e+00
 0.000000e+00  8.434010e+00  0.000000e+00  6.000000e+00
 0.000000e+00  2.112444e-01  0.000000e+00  6.000000e+00
 0.000000e+00  2.404555e+00  0.000000e+00  6.000000e+00
 0.000000e+00  5.422818e-01  0.000000e+00  6.000000e+00
 0.000000e+00  9.077928e-02  0.000000e+00  6.000000e+00
 0.000000e+00 -1.935506e+00  0.000000e+00  6.000000e+00
 0.000000e+00 -2.434641e+00  0.000000e+00  6.000000e+00
 0.000000e+00  1.240812e+00  0.000000e+00  6.000000e+00
 0.000000e+00 -2.168678e-01  0.000000e+00  6.000000e+00
 0.000000e+00 -5.833402e-01  0.000000e+00  6.000000e+00
 0.000000e+00 -5.833402e-01  0.000000e+00  6.000000e+00
 0.000000e+00 -3.070461e-15  0.000000e+00  6.000000e+00
 0.000000e+00  8.434010e+00  0.000000e+00  6.000000e+00
 0.000000e+00 -9.262653e-01  0.000000e+00  6.000000e+00
 0.000000e+00 -9.262653e-01  0.000000e+00  6.000000e+00
 0.000000e+00  4.292369e+00  0.000000e+00  6.000000e+00
 0.000000e+00 -2.434641e+00  0.000000e+00  6.000000e+00
 0.000000e+00 -3.071916e+00  0.000000e+00  6.000000e+00
 0.000000e+00  8.434010e+00  0.000000e+00  6.000000e+00
 0.000000e+00 -2.633653e-01  0.000000e+00  6.000000e+00
 0.000000e+00 -2.434641e+00  0.000000e+00  6.000000e+00
 0.000000e+00  9.077928e-02  0.000000e+00  6.000000e+00
 0.000000e+00  4.355884e-01  0.000000e+00  6.000000e+00
 0.000000e+00 -5.183907e-01  0.000000e+00  6.000000e+00
 0.000000e+00  0.000000e+00  0.000000e+00  7.000000e+00
 0.000000e+00  0.000000e+00  6.942670e-01  7.000000e+00
 0.000000e+00  0.000000e+00  2.750191e+00  7.000000e+00
 0.000000e+00  0.000000e+00 -2.610714e+00  7.000000e+00
 0.000000e+00  0.000000e+00  3.968700e+00  7.000000e+00
 0.000000e+00  0.000000e+00 -1.608553e+00  7.000000e+00
 0.000000e+00  0.000000e+00  6.942670e-01  7.000000e+00
 0.000000e+00  0.000000e+00  5.372040e+00  7.000000e+00
 0.000000e+00  0.000000e+00 -1.608553e+00  7.000000e+00
 0.000000e+00  0.000000e+00 -9.122356e-01  7.000000e+00
 0.000000e+00  0.000000e+00 -4.379347e+00  7.000000e+00
 0.000000e+00  0.000000e+00 -4.815947e+00  7.000000e+00
 0.000000e+00  0.000000e+00 -4.379347e+00  7.000000e+00
 0.000000e+00  0.000000e+00  6.942670e-01  7.000000e+00
 0.000000e+00  0.000000e+00  6.942670e-01  7.000000e+00
 0.000000e+00  0.000000e+00 -4.379347e+00  7.000000e+00
 0.000000e+00  0.000000e+00 -2.321403e+00  7.000000e+00
 0.000000e+00  0.000000e+00 -4.379347e+00  7.000000e+00
 0.000000e+00  0.000000e+00 -4.379347e+00  7.000000e+00
 0.000000e+00  0.000000e+00 -4.815947e+00  7.000000e+00
 0.000000e+00  0.000000e+00  8.718701e-01  7.000000e+00
 0.000000e+00  0.000000e+00  2.221957e+00  7.000000e+00
 0.000000e+00  0.000000e+00  2.280825e+00  7.000000e+00
 0.000000e+00  0.000000e+00 -4.379347e+00  7.000000e+00
 0.000000e+00  0.000000e+00  2.436306e+00  7.000000e+00
 0.000000e+00  0.000000e+00 -4.379347e+00  7.000000e+00
 0.000000e+00  0.000000e+00 -2.610714e+00  7.000000e+00
 0.000000e+00  0.000000e+00  2.750191e+00  7.000000e+00
 0.000000e+00  0.000000e+00  3.064730e-01  7.000000e+00
 0.000000e+00  0.000000e+00 -2.321403e+00  7.000000e+00
 0.000000e+00  0.000000e+00 -2.610714e+00  7.000000e+00
 0.000000e+00  0.000000e+00  5.372040e+00  7.000000e+00
 0.000000e+00  0.000000e+00  1.996276e+00  7.000000e+00
 0.000000e+00  0.000000e+00 -1.840561e+00  7.000000e+00
 0.000000e+00  0.000000e+00 -9.118515e-02  7.000000e+00
 0.000000e+00  0.000000e+00 -2.610714e+00  7.000000e+00
 0.000000e+00  0.000000e+00  3.968700e+00  7.000000e+00
 0.000000e+00  0.000000e+00 -2.321403e+00  7.000000e+00
 0.000000e+00  0.000000e+00 -2.610714e+00  7.000000e+00
 0.000000e+00  0.000000e+00 -4.379347e+00  7.000000e+00
 0.000000e+00  0.000000e+00 -4.379347e+00  7.000000e+00
 0.000000e+00  0.000000e+00  6.942670e-01  7.000000e+00
 0.000000e+00  0.000000e+00 -2.610714e+00  7.000000e+00
 0.000000e+00  0.000000e+00 -4.379347e+00  7.000000e+00
 0.000000e+00  0.000000e+00 -1.760906e+00  7.000000e+00
 0.000000e+00  0.000000e+00  3.968700e+00  7.000000e+00
 0.000000e+00  0.000000e+00  3.968700e+00  7.000000e+00
 0.000000e+00  0.000000e+00 -1.608553e+00  7.000000e+00
 0.000000e+00  0.000000e+00 -2.321403e+00  7.000000e+00
 0.000000e+00  0.000000e+00 -2.610714e+00  7.000000e+00
 0.000000e+00  0.000000e+00 -4.379347e+00  7.000000e+00
 0.000000e+00  0.000000e+00 -2.610714e+00  7.000000e+00
 0.000000e+00  0.000000e+00 -2.321403e+00  7.000000e+00
 0.000000e+00  0.000000e+00 -2.610714e+00  7.000000e+00
 0.000000e+00  0.000000e+00  3.064730e-01  7.000000e+00
 0.000000e+00  0.000000e+00  2.750191e+00  7.000000e+00
 0.000000e+00  0.000000e+00 -1.608553e+00  7.000000e+00
 0.000000e+00  0.000000e+00 -2.321403e+00  7.000000e+00
 0.000000e+00  0.000000e+00 -3.903098e+00  7.000000e+00
 0.000000e+00  0.000000e+00  4.258316e+00  7.000000e+00
 0.000000e+00  0.000000e+00  8.718701e-01  7.000000e+00
 0.000000e+00  0.000000e+00  3.968700e+00  7.000000e+00
 0.000000e+00  0.000000e+00  6.942670e-01  7.000000e+00
 0.000000e+00  0.000000e+00  4.258316e+00  7.000000e+00
 0.000000e+00  0.000000e+00 -4.379347e+00  7.000000e+00
 0.000000e+00  0.000000e+00  5.372040e+00  7.000000e+00
 0.000000e+00  0.000000e+00 -2.321403e+00  7.000000e+00
 0.000000e+00  0.000000e+00  8.718701e-01  7.000000e+00
 0.000000e+00  0.000000e+00 -2.444346e-02  7.000000e+00
 0.000000e+00  0.000000e+00 -4.379347e+00  7.000000e+00
 0.000000e+00  0.000000e+00  6.942670e-01  7.000000e+00
 0.000000e+00  0.000000e+00 -4.815947e+00  7.000000e+00
 0.000000e+00  0.000000e+00 -2.610714e+00  7.000000e+00
 0.000000e+00  0.000000e+00  3.064730e-01  7.000000e+00
 0.000000e+00  0.000000e+00 -3.903098e+00  7.000000e+00
 0.000000e+00  0.000000e+00  1.545411e-13  7.000000e+00
 0.000000e+00  0.000000e+00  3.064730e-01  7.000000e+00
 0.000000e+00  0.000000e+00 -8.534840e-14  7.000000e+00
 0.000000e+00  0.000000e+00 -1.608553e+00  7.000000e+00
 0.000000e+00  0.000000e+00 -4.379347e+00  7.000000e+00
 0.000000e+00  0.000000e+00 -3.903098e+00  7.000000e+00
 0.000000e+00  0.000000e+00 -3.903098e+00  7.000000e+00
 0.000000e+00  0.000000e+00 -4.379347e+00  7.000000e+00
 0.000000e+00  0.000000e+00  3.968700e+00  7.000000e+00
 0.000000e+00  0.000000e+00  8.718701e-01  7.000000e+00
 0.000000e+00  0.000000e+00 -1.608553e+00  7.000000e+00
 0.000000e+00  0.000000e+00 -2.610714e+00  7.000000e+00
 0.000000e+00  0.000000e+00 -2.321403e+00  7.000000e+00
 0.000000e+00  0.000000e+00 -1.608553e+00  7.000000e+00
 0.000000e+00  0.000000e+00  6.942670e-01  7.000000e+00
 0.000000e+00  0.000000e+00 -2.321403e+00  7.000000e+00
 0.000000e+00  0.000000e+00 -4.379347e+00  7.000000e+00
 0.000000e+00  0.000000e+00  8.718701e-01  7.000000e+00
 0.000000e+00  0.000000e+00  4.258316e+00  7.000000e+00
 0.000000e+00  0.000000e+00  3.064730e-01  7.000000e+00
 0.000000e+00  0.000000e+00  6.942670e-01  7.000000e+00
 0.000000e+00  0.000000e+00 -2.321403e+00  7.000000e+00
 0.000000e+00  0.000000e+00  4.258316e+00  7.000000e+00
 0.000000e+00  0.000000e+00  8.718701e-01  7.000000e+00
 0.000000e+00  0.000000e+00 -1.608553e+00  7.000000e+00
 0.000000e+00  0.000000e+00  0.000000e+00  8.000000e+00
 0.000000e+00  0.000000e+00  0.000000e+00  8.000000e+00
 0.000000e+00  0.000000e+00  0.000000e+00  8.000000e+00
 0.000000e+00  0.000000e+00  0.000000e+00  8.000000e+00
 0.000000e+00  0.000000e+00  0.000000e+00  8.000000e+00
 0.000000e+00  0.000000e+00  0.000000e+00  8.000000e+00
 0.000000e+00  0.000000e+00  0.000000e+00  8.000000e+00
 0.000000e+00  0.000000e+00  0.000000e+00  8.000000e+00
 0.000000e+00  0.000000e+00  0.000000e+00  8.000000e+00
 0.000000e+00  0.000000e+00  0.000000e+00  8.000000e+00
 0.000000e+00  0.000000e+00  0.000000e+00  8.000000e+00
 0.000000e+00  0.000000e+00  0.000000e+00  8.000000e+00
 0.000000e+00  0.000000e+00  0.000000e+00  8.000000e+00
 0.000000e+00  0.000000e+00  0.000000e+00  8.000000e+00
 0.000000e+00  0.000000e+00  0.000000e+00  8.000000e+00
 0.000000e+00  0.000000e+00  0.000000e+00  8.000000e+00
 0.000000e+00  0.000000e+00  0.000000e+00  8.000000e+00
 0.000000e+00  0.000000e+00  0.000000e+00  8.000000e+00
 0.000000e+00  0.000000e+00  0.000000e+00  8.000000e+00
 0.000000e+00  0.000000e+00  0.000000e+00  8.000000e+00
 0.000000e+00  0.000000e+00  0.000000e+00  8.000000e+00
 0.000000e+00  0.000000e+00  0.000000e+00  8.000000e+00
 0.000000e+00  0.000000e+00  0.000000e+00  8.000000e+00
 0.000000e+00  0.000000e+00  0.000000e+00  8.000000e+00
 0.000000e+00  0.000000e+00  0.000000e+00  8.000000e+00
 0.000000e+00  0.000000e+00  0.000000e+00  8.000000e+00
 0.000000e+00  0.000000e+00  0.000000e+00  8.000000e+00
 0.000000e+00  0.000000e+00  0.000000e+00  8.000000e+00
 0.000000e+00  0.000000e+00  0.000000e+00  8.000000e+00
 0.000000e+00  0.000000e+00  0.000000e+00  8.000000e+00
 0.000000e+00  0.000000e+00  0.000000e+00  8.000000e+00
 0.000000e+00  0.000000e+00  0.000000e+00  8.000000e+00
 0.000000e+00  0.000000e+00  0.000000e+00  8.000000e+00
 0.000000e+00  0.000000e+00  0.000000e+00  8.000000e+00
 0.000000e+00  0.000000e+00  0.000000e+00  8.000000e+00
 0.000000e+00  0.000000e+00  0.000000e+00  8.000000e+00
 0.000000e+00  0.000000e+00  0.000000e+00  8.000000e+00
 0.000000e+00  0.000000e+00  0.000000e+00  8.000000e+00
 0.000000e+00  0.000000e+00  0.000000e+00  8.000000e+00
 0.000000e+00  0.000000e+00  0.000000e+00  8.000000e+00
 0.000000e+00  0.000000e+00  0.000000e+00  8.000000e+00
 0.000000e+00  0.000000e+00  0.000000e+00  8.000000e+00
 0.000000e+00  0.000000e+00  0.000000e+00  8.000000e+00
 0.000000e+00  0.000000e+00  0.000000e+00  8.000000e+00
 0.000000e+00  0.000000e+00  0.000000e+00  8.000000e+00
 0.000000e+00  0.000000e+00  0.000000e+00  8.000000e+00
 0.000000e+00  0.000000e+00  0.000000e+00  8.000000e+00
 0.000000e+00  0.000000e+00  0.000000e+00  8.000000e+00
 0.000000e+00  0.000000e+00  0.000000e+00  8.000000e+00
 0.000000e+00  0.000000e+00  0.000000e+00  8.000000e+00
 0.000000e+00  0.000000e+00  0.000000e+00  8.000000e+00
 0.000000e+00  0.000000e+00  0.000000e+00  8.000000e+00
 0.000000e+00  0.000000e+00  0.000000e+00  8.000000e+00
 0.000000e+00  0.000000e+00  0.000000e+00  8.000000e+00
 0.000000e+00  0.000000e+00  0.000000e+00  8.000000e+00
 0.000000e+00  0.000000e+00  0.000000e+00  8.000000e+00
 0.000000e+00  0.000000e+00  0.000000e+00  8.000000e+00
 0.000000e+00  0.000000e+00  0.000000e+00  8.000000e+00
 0.000000e+00  0.000000e+00  0.000000e+00  8.000000e+00
 0.000000e+00  0.000000e+00  0.000000e+00  8.000000e+00
 0.000000e+00  0.000000e+00  0.000000e+00  8.000000e+00
 0.000000e+00  0.000000e+00  0.000000e+00  8.000000e+00
 0.000000e+00  0.000000e+00  0.000000e+00  8.000000e+00
 0.000000e+00  0.000000e+00  0.000000e+00  8.000000e+00
 0.000000e+00  0.000000e+00  0.000000e+00  8.000000e+00
 0.000000e+00  0.000000e+00  0.000000e+00  8.000000e+00
 0.000000e+00  0.000000e+00  0.000000e+00  8.000000e+00
 0.000000e+00  0.000000e+00  0.000000e+00  8.000000e+00
 0.000000e+00  0.000000e+00  0.000000e+00  8.000000e+00
 0.000000e+00  0.000000e+00  0.000000e+00  8.000000e+00
 0.000000e+00  0.000000e+00  0.000000e+00  8.000000e+00
 0.000000e+00  0.000000e+00  0.000000e+00  8.000000e+00
 0.000000e+00  0.000000e+00  0.000000e+00  8.000000e+00
 0.000000e+00  0.000000e+00  0.000000e+00  8.000000e+00
 0.000000e+00  0.000000e+00  0.000000e+00  8.000000e+00
 0.000000e+00  0.000000e+00  0.000000e+00  8.000000e+00
 0.000000e+00  0.000000e+00  0.000000e+00  8.000000e+00
 0.000000e+00  0.000000e+00  0.000000e+00  8.000000e+00
 0.000000e+00  0.000000e+00  0.000000e+00  8.000000e+00
 0.000000e+00  0.000000e+00  0.000000e+00  8.000000e+00
 0.000000e+00  0.000000e+00  0.000000e+00  8.000000e+00
 0.000000e+00  0.000000e+00  0.000000e+00  8.000000e+00
 0.000000e+00  0.000000e+00  0.000000e+00  8.000000e+00
 0.000000e+00  0.000000e+00  0.000000e+00  8.000000e+00
 0.000000e+00  0.000000e+00  0.000000e+00  8.000000e+00
 0.000000e+00  0.000000e+00  0.000000e+00  8.000000e+00
 0.000000e+00  0.000000e+00  0.000000e+00  8.000000e+00
 0.000000e+00  0.000000e+00  0.000000e+00  8.000000e+00
 0.000000e+00  0.000000e+00  0.000000e+00  8.000000e+00
 0.000000e+00  0.000000e+00  0.000000e+00  8.000000e+00
 0.000000e+00  0.000000e+00  0.000000e+00  8.000000e+00
 0.000000e+00  0.000000e+00  0.000000e+00  8.000000e+00
 0.000000e+00  0.000000e+00  0.000000e+00  8.000000e+00
 0.000000e+00  0.000000e+00  0.000000e+00  8.000000e+00
 0.000000e+00  0.000000e+00  0.000000e+00  8.000000e+00
 0.000000e+00  0.000000e+00  0.000000e+00  8.000000e+00
 0.000000e+00  0.000000e+00  0.000000e+00  8.000000e+00
 0.000000e+00  0.000000e+00  0.000000e+00  8.000000e+00
 0.000000e+00  0.000000e+00  0.000000e+00  8.000000e+00
 0.000000e+00  0.000000e+00  0.000000e+00  8.000000e+00
 0.000000e+00  0.000000e+00  0.000000e+00  9.000000e+00
 0.000000e+00  0.000000e+00  0.000000e+00  9.000000e+00
 0.000000e+00  0.000000e+00  0.000000e+00  9.000000e+00
 0.000000e+00  0.000000e+00  0.000000e+00  9.000000e+00
 0.000000e+00  0.000000e+00  0.000000e+00  9.000000e+00
 0.000000e+00  0.000000e+00  0.000000e+00  9.000000e+00
 0.000000e+00  0.000000e+00  0.000000e+00  9.000000e+00
 0.000000e+00  0.000000e+00  0.000000e+00  9.000000e+00
 0.000000e+00  0.000000e+00  0.000000e+00  9.000000e+00
 0.000000e+00  0.000000e+00  0.000000e+00  9.000000e+00
 0.000000e+00  0.000000e+00  0.000000e+00  9.000000e+00
 0.000000e+00  0.000000e+00  0.000000e+00  9.000000e+00
 0.000000e+00  0.000000e+00  0.000000e+00  9.000000e+00
 0.000000e+00  0.000000e+00  0.000000e+00  9.000000e+00
 0.000000e+00  0.000000e+00  0.000000e+00  9.000000e+00
 0.000000e+00  0.000000e+00  0.000000e+00  9.000000e+00
 0.000000e+00  0.000000e+00  0.000000e+00  9.000000e+00
 0.000000e+00  0.000000e+00  0.000000e+00  9.000000e+00
 0.000000e+00  0.000000e+00  0.000000e+00  9.000000e+00
 0.000000e+00  0.000000e+00  0.000000e+00  9.000000e+00
 0.000000e+00  0.000000e+00  0.000000e+00  9.000000e+00
 0.000000e+00  0.000000e+00  0.000000e+00  9.000000e+00
 0.000000e+00  0.000000e+00  0.000000e+00  9.000000e+00
 0.000000e+00  0.000000e+00  0.000000e+00  9.000000e+00
 0.000000e+00  0.000000e+00  0.000000e+00  9.000000e+00
 0.000000e+00  0.000000e+00  0.000000e+00  9.000000e+00
 0.000000e+00  0.000000e+00  0.000000e+00  9.000000e+00
 0.000000e+00  0.000000e+00  0.000000e+00  9.000000e+00
 0.000000e+00  0.000000e+00  0.000000e+00  9.000000e+00
 0.000000e+00  0.000000e+00  0.000000e+00  9.000000e+00
 0.000000e+00  0.000000e+00  0.000000e+00  9.000000e+00
 0.000000e+00  0.000000e+00  0.000000e+00  9.000000e+00
 0.000000e+00  0.000000e+00  0.000000e+00  9.000000e+00
 0.000000e+00  0.000000e+00  0.000000e+00  9.000000e+00
 0.000000e+00  0.000000e+00  0.000000e+00  9.000000e+00
 0.000000e+00  0.000000e+00  0.000000e+00  9.000000e+00
 0.000000e+00  0.000000e+00  0.000000e+00  9.000000e+00
 0.000000e+00  0.000000e+00  0.000000e+00  9.000000e+00
 0.000000e+00  0.000000e+00  0.000000e+00  9.000000e+00
 0.000000e+00  0.000000e+00  0.000000e+00  9.000000e+00
 0.000000e+00  0.000000e+00  0.000000e+00  9.000000e+00
 0.000000e+00  0.000000e+00  0.000000e+00  9.000000e+00
 0.000000e+00  0.000000e+00  0.000000e+00  9.000000e+00
 0.000000e+00  0.000000e+00  0.000000e+00  9.000000e+00
 0.000000e+00  0.000000e+00  0.000000e+00  9.000000e+00
 0.000000e+00  0.000000e+00  0.000000e+00  9.000000e+00
 0.000000e+00  0.000000e+00  0.000000e+00  9.000000e+00
 0.000000e+00  0.000000e+00  0.000000e+00  9.000000e+00
 0.000000e+00  0.000000e+00  0.000000e+00  9.000000e+00
 0.000000e+00  0.000000e+00  0.000000e+00  9.000000e+00
 0.000000e+00  0.000000e+00  0.000000e+00  9.000000e+00
 0.000000e+00  0.000000e+00  0.000000e+00  9.000000e+00
 0.000000e+00  0.000000e+00  0.000000e+00  9.000000e+00
 0.000000e+00  0.000000e+00  0.000000e+00  9.000000e+00
 0.000000e+00  0.000000e+00  0.000000e+00  9.000000e+00
 0.000000e+00  0.000000e+00  0.000000e+00  9.000000e+00
 0.000000e+00  0.000000e+00  0.000000e+00  9.000000e+00
 0.000000e+00  0.000000e+00  0.000000e+00  9.000000e+00
 0.000000e+00  0.000000e+00  0.000000e+00  9.000000e+00
 0.000000e+00  0.000000e+00  0.000000e+00  9.000000e+00
 0.000000e+00  0.000000e+00  0.000000e+00  9.000000e+00
 0.000000e+00  0.000000e+00  0.000000e+00  9.000000e+00
 0.000000e+00  0.000000e+00  0.000000e+00  9.000000e+00
 0.000000e+00  0.000000e+00  0.000000e+00  9.000000e+00
 0.000000e+00  0.000000e+00  0.000000e+00  9.000000e+00
 0.000000e+00  0.000000e+00  0.000000e+00  9.000000e+00
 0.000000e+00  0.000000e+00  0.000000e+00  9.000000e+00
 0.000000e+00  0.000000e+00  0.000000e+00  9.000000e+00
 0.000000e+00  0.000000e+00  0.000000e+00  9.000000e+00
 0.000000e+00  0.000000e+00  0.000000e+00  9.000000e+00
 0.000000e+00  0.000000e+00  0.000000e+00  9.000000e+00
 0.000000e+00  0.000000e+00  0.000000e+00  9.000000e+00
 0.000000e+00  0.000000e+00  0.000000e+00  9.000000e+00
 0.000000e+00  0.000000e+00  0.000000e+00  9.000000e+00
 0.000000e+00  0.000000e+00  0.000000e+00  9.000000e+00
 0.000000e+00  0.000000e+00  0.000000e+00  9.000000e+00
 0.000000e+00  0.000000e+00  0.000000e+00  9.000000e+00
 0.000000e+00  0.000000e+00  0.000000e+00  9.000000e+00
 0.000000e+00  0.000000e+00  0.000000e+00  9.000000e+00
 0.000000e+00  0.000000e+00  0.000000e+00  9.000000e+00
 0.000000e+00  0.000000e+00  0.000000e+00  9.000000e+00
 0.000000e+00  0.000000e+00  0.000000e+00  9.000000e+00
 0.000000e+00  0.000000e+00  0.000000e+00  9.000000e+00
 0.000000e+00  0.000000e+00  0.000000e+00  9.000000e+00
 0.000000e+00  0.000000e+00  0.000000e+00  9.000000e+00
 0.000000e+00  0.000000e+00  0.000000e+00  9.000000e+00
 0.000000e+00  0.000000e+00  0.000000e+00  9.000000e+00
 0.000000e+00  0.000000e+00  0.000000e+00  9.000000e+00
 0.000000e+00  0.000000e+00  0.000000e+00  9.000000e+00
 0.000000e+00  0.000000e+00  0.000000e+00  9.000000e+00
 0.000000e+00  0.000000e+00  0.000000e+00  9.000000e+00
 0.000000e+00  0.000000e+00  0.000000e+00  9.000000e+00
 0.000000e+00  0.000000e+00  0.000000e+00  9.000000e+00
 0.000000e+00  0.000000e+00  0.000000e+00  9.000000e+00
 0.000000e+00  0.000000e+00  0.000000e+00  9.000000e+00
 0.000000e+00  0.000000e+00  0.000000e+00  9.000000e+00
 0.000000e+00  0.000000e+00  0.000000e+00  9.000000e+00
 0.000000e+00  0.000000e+00  0.000000e+00  9.000000e+00
 0.000000e+00  0.000000e+00  0.000000e+00  9.000000e+00
 0.000000e+00  0.000000e+00  0.000000e+00  9.000000e+00
