 0.1842422472 -0.0183150268  0.0248963064  0.0552863575  1.0000000000
-0.5170955134 -0.0281640719 -0.4110191537  0.0066150314  1.0000000000
-0.5418378684  0.1776950656 -0.0588092612  0.0878752735  1.0000000000
-0.5860795306  0.0450303124  0.0464445458 -0.0003118208  1.0000000000
 0.2309940155  0.0922502241  0.0066275571 -0.1158766579  1.0000000000
 0.8129102374 -0.0482432037 -0.0505321390  0.1617757976  1.0000000000
-0.4249751505  0.0685558804  0.2182540432  0.0375769053  1.0000000000
 0.0530526729 -0.0553734398  0.0644664237  0.0113349334  1.0000000000
-0.8581835487  0.1871463783  0.1706789720  0.0594696159  1.0000000000
-0.6705810013 -0.2160924007 -0.2352796929 -0.1355654031  1.0000000000
 0.5619467867 -0.0018595527 -0.0531982559  0.1548321853  1.0000000000
-0.1740790307 -0.0731516540  0.1279910116 -0.0344843850  1.0000000000
-0.6561939774  0.0148500785 -0.3630749491  0.0060426388  1.0000000000
-1.0678762297  0.3535786032  0.3012442823  0.1433194120  1.0000000000
 1.3029993183  0.1622269576 -0.1700113773  0.1012106163  1.0000000000
 1.4744595836  0.2506944476 -0.1806516171 -0.1327231757  1.0000000000
 0.8464505405  0.1142540918 -0.0660453076 -0.0137159226  1.0000000000
 0.1947086161 -0.0096823261  0.0551437918  0.0028914826  1.0000000000
 0.8836720844 -0.1291765836 -0.0553203552  0.3905570683  1.0000000000
 0.5112425953  0.1301794786 -0.0041635188 -0.1923553614  1.0000000000
 0.4603651601 -0.2116802627  0.0463856256  0.4063634539  1.0000000000
 0.4312797420  0.0642201248  0.0692331725 -0.2462237281  1.0000000000
-0.3059665265  0.5177342760  0.2542377335  0.0882526732  1.0000000000
 0.0731651631 -0.4071123581  0.4095953106 -0.1677328592  1.0000000000
-0.3441966649 -0.3678393823  0.1939398055 -0.1802643153  1.0000000000
-0.6916068494 -0.3360580151 -0.2050224609 -0.1603212642  1.0000000000
 0.0143987519 -0.2498701022  0.2524067389 -0.0703478281  1.0000000000
 0.2825663512 -0.0262940931  0.0009275772  0.1270646300  1.0000000000
 0.2324945838 -0.1032738097  0.0672491480  0.1419227052  1.0000000000
-0.4125741485 -0.0445249279  0.0537763189 -0.0391736788  1.0000000000
-0.5377470622 -0.1312509834 -0.0695057341 -0.0807247325  1.0000000000
 0.3839915078 -0.3290178010  0.1524559490  0.4246924659  1.0000000000
 0.8508446540  0.1662176349 -0.0323839934 -0.2243170844  1.0000000000
 1.2152627444  0.2592447820 -0.1337142650 -0.1950270503  1.0000000000
-0.6705810013 -0.2160924007 -0.2352796929 -0.1355654031  1.0000000000
-0.2223935337  0.0601224786 -0.2249727104  0.0696601610  1.0000000000
 0.5042908063 -0.1706738660  0.0451887651  0.3032688921  1.0000000000
-0.6705810013 -0.2160924007 -0.2352796929 -0.1355654031  1.0000000000
-0.8595222798  0.2195342972  0.1959680063  0.0719056607  1.0000000000
 0.1378005538 -0.0675573673  0.0091676213  0.0950233733  1.0000000000
 0.1032500267  0.0778469188 -0.0879852160 -0.0440453828  1.0000000000
-1.4231198469  0.2619815324 -0.2218638816  0.0519254842  1.0000000000
-0.8299269485  0.2420766579  0.1834821977  0.0864800866  1.0000000000
 0.2011844516 -0.1476061767  0.3476254742 -0.4026337219  1.0000000000
 0.7602802178  0.0096899536  0.1291983222 -0.3472166278  1.0000000000
-0.6752139384 -0.0266326520 -0.2699129950 -0.0368186798  1.0000000000
 0.5270583792  0.1215579462 -0.0037384484 -0.1795462793  1.0000000000
-0.6122650037  0.0940455879  0.1118433085  0.0342380223  1.0000000000
 0.5154033465  0.0209356005 -0.0414963812  0.0805648676  1.0000000000
 0.0022815174 -0.0800344505 -0.1291669092  0.0704069710  1.0000000000
 0.0514472746 -0.5724127359 -0.1862418687 -0.7973473719  2.0000000000
 0.3279096957 -0.1600941640 -0.5612192989 -0.2955437301  2.0000000000
-0.1416147604 -0.5586619756 -0.2047286388 -0.5760049205  2.0000000000
 2.0161163679 -0.4543015468  0.3624862812  0.1616275548  2.0000000000
 0.3699873947 -0.4204795853 -0.0051736212 -0.2895504164  2.0000000000
 1.7958247510 -0.4501240417 -0.6112913257  0.2038460993  2.0000000000
 0.4259091722 -0.1200261917 -0.7335071565 -0.0872227554  2.0000000000
 2.7280800021 -0.3023836235  1.0411205555 -0.1637741226  2.0000000000
 0.3389821892 -0.5715297027 -0.0441059849 -0.3558410316  2.0000000000
 2.4171590983 -0.2682103946  0.2221188132  0.3503472936  2.0000000000
 2.5885911171 -0.2367861550  1.0102187099 -0.0355725658  2.0000000000
 1.4268440127 -0.3367240709 -0.5874276193  0.0978434927  2.0000000000
 1.3415581974  0.1206151901  0.7211798481  0.2742719426  2.0000000000
 0.9749780603 -0.1208323833 -0.7754379117  0.0166627061  2.0000000000
 1.9741548264 -0.7277517864  0.0437939885  0.0199513455  2.0000000000
 0.3224645601 -0.4442352251 -0.2157724235 -0.4162079990  2.0000000000
 1.4780705394 -0.3509149307 -0.7474126085  0.1283986105  2.0000000000
 1.8103922219 -0.2422290653  0.3132590941  0.1104454433  2.0000000000
 0.5695496767  0.4641966237  0.6106213750 -0.0925220533  2.0000000000
 1.8409750082 -0.2088638011  0.4980086915  0.0638856687  2.0000000000
 0.3638955334  0.8713371392 -0.7295244341  0.1320410678  2.0000000000
 1.2543022701 -0.5961439572 -0.1909491068 -0.2047830091  2.0000000000
 0.0757491820  0.7001739885  0.7507504848  0.4088633954  2.0000000000
 1.0884418851 -0.1357417797 -0.7954440326 -0.1312299909  2.0000000000
 0.7152632374 -0.5770851712 -0.1394042999 -0.2785777791  2.0000000000
 0.4739303537 -0.4071424862 -0.2160142970 -0.3460113176  2.0000000000
 0.1851127894 -0.5742711536 -0.0594727751 -0.6225078306  2.0000000000
-0.3601518897 -0.5904020271 -0.0434415147 -0.2922987871  2.0000000000
 1.0800737108 -0.1931464993 -0.6993608614  0.0639744956  2.0000000000
 2.2340011185 -0.3033618279  0.6542404096  0.0004705767  2.0000000000
 1.9447545245 -0.1263534501  0.6398380394  0.0925210999  2.0000000000
 2.0728025748 -0.1784183404  0.6697502952 -0.0087379716  2.0000000000
 1.6049292695 -0.5856778574  0.0960536559  0.0764261573  2.0000000000
 0.0901171184  1.2312721662  0.2763538041  0.2537613178  2.0000000000
 1.6506367064 -0.4073306978 -0.8239221309  0.1345213639  2.0000000000
 0.6666629260  0.3839971886 -0.8142749694  0.0240231993  2.0000000000
 0.0340667480 -0.4640169395 -0.2120887339 -0.3500335212  2.0000000000
 0.7084654402  0.3354343976  0.6288427274 -0.0305797221  2.0000000000
 1.9026391914 -0.4107993418 -0.3894164492  0.3120047300  2.0000000000
 2.0821537640 -0.2494237560  0.3362097629  0.2155016840  2.0000000000
 2.1280718050 -0.4870476036 -0.3811259766  0.3797791493  2.0000000000
 0.8815156173 -0.1106583647 -0.6811710211  0.0810491262  2.0000000000
 1.6200905161 -0.4224177397  0.2239899252  0.1347956144  2.0000000000
 2.6622210707 -0.2902338544  1.0058471025 -0.1486951243  2.0000000000
 1.9689576344 -0.4004737479 -0.2236563781  0.3120700594  2.0000000000
 1.7896381243 -0.4157617579 -0.4865380297  0.2408880999  2.0000000000
 1.7472196508 -0.3985893399 -0.4321890177  0.2657757845  2.0000000000
 0.9278717556 -0.4199094553 -0.2956257796 -0.1845722150  2.0000000000
 2.9734190271 -0.4823628224  1.0986381943 -0.1816261996  2.0000000000
 1.8062298092 -0.3378250222 -0.2072902799  0.2702110386  2.0000000000
-1.7752508849  0.1224042243  0.2679035895 -0.2416596320  3.0000000000
 0.2311251566  1.5725765564 -0.3242716433  0.0317808961  3.0000000000
-2.2629662308 -0.3455453159 -0.0288973941  0.1749384691  3.0000000000
-0.9722339850  0.6777374297  0.3837188510 -0.4201328288  3.0000000000
-1.4537564612  0.4076226847  0.7195045238  0.0853134243  3.0000000000
-3.3199781170 -0.6596764304 -0.0031992324  0.4251139316  3.0000000000
 2.3579934868 -0.5718121407 -0.6877332036  0.3013781518  3.0000000000
-2.7922427981 -0.4955285016 -0.0155687859  0.2947453116  3.0000000000
-1.2354429212  0.7466296684  0.2448483934 -0.9352112102  3.0000000000
-2.4609891413 -0.3436287177 -0.0244879904 -0.1672624855  3.0000000000
-0.7636338026 -0.2728556464 -0.1199546577 -0.2062137213  3.0000000000
-0.7247715369  0.4205024494  0.5012843630 -0.1526330835  3.0000000000
-1.6459394691 -0.4122260618 -0.0708216417  0.0041971079  3.0000000000
 0.2728782753  1.9257949167 -0.4536607905 -0.1121058339  3.0000000000
 0.3117217192  2.2593011205 -0.5767501251 -0.2504557197  3.0000000000
-1.0614300816 -0.4024002647 -0.1444307698 -0.3642072117  3.0000000000
-0.8258417677  0.4346312878  0.0693109425 -0.6058504290  3.0000000000
-3.3355519804 -0.6331726103 -0.0046090098  0.1193929628  3.0000000000
-3.6923278346 -0.7545748377  0.0069374756  0.5101336095  3.0000000000
 0.0759069311  0.8426670876  0.7227111561  0.0783991074  3.0000000000
-1.8820968764 -0.2454735221 -0.0402703943  0.0991803722  3.0000000000
 0.3172539848  1.8501846796 -0.7300109287 -0.2118378295  3.0000000000
-3.3688471003 -0.6663154781 -0.0013284221  0.4365543771  3.0000000000
-0.1580178675  0.7729083951  0.3629245777  0.4364997066  3.0000000000
-1.8145214104  0.2305474031  0.5757196946  0.0651594303  3.0000000000
-2.6074168936 -0.4149734183 -0.0191082373  0.1771688291  3.0000000000
-0.1011639699  0.8904228899 -0.0203030664  0.4563375452  3.0000000000
 0.0431395813  0.9719425773 -0.5167397290  0.3350078655  3.0000000000
-1.1123620588  0.4577590737  0.6249029473 -0.0256945428  3.0000000000
-2.7185100744 -0.4302750946 -0.0158074623  0.1518679230  3.0000000000
-2.7000440916 -0.4639586015 -0.0176975753  0.2609383826  3.0000000000
-3.4070434975 -0.6540278734 -0.0033059606  0.1282905209  3.0000000000
-1.1625042016  0.4531973130  0.6476815954 -0.0233057333  3.0000000000
 0.0405873053  1.0992182693  0.5151861956  0.2611764272  3.0000000000
-0.5942563839  1.1401117983  0.4822595882 -0.0727642429  3.0000000000
-2.9036234355 -0.5281368372 -0.0122774752  0.2992663692  3.0000000000
-1.4707495598 -0.4411553333 -0.1086141281 -0.2269323236  3.0000000000
-0.9173565872  0.4208891312 -0.0644783903 -0.5968454544  3.0000000000
 0.0963421053  0.9530045737 -0.6676349506  0.3127006074  3.0000000000
-1.4961226281 -0.3969972310 -0.1098241635  0.1190353690  3.0000000000
-1.7998583655  0.2180909160  0.5663060799  0.0702293820  3.0000000000
-1.2477328890 -0.3768927098 -0.1512632789 -0.0575666709  3.0000000000
 0.2311251566  1.5725765564 -0.3242716433  0.0317808961  3.0000000000
-2.0316454448 -0.0991461768  0.1712511868  0.0591454629  3.0000000000
-1.9010272324 -0.0577152160  0.1416430272 -0.0858703213  3.0000000000
-1.1336753974 -0.2555190570 -0.1398392615 -0.0035186769  3.0000000000
-0.3467082734  0.6245617735  0.5802350825  0.3894756577  3.0000000000
-0.7763762010 -0.0930446136 -0.1197093501 -0.1003326387  3.0000000000
-1.2358933402 -0.2814972481 -0.1470950100 -0.3260258484  3.0000000000
 0.2013762204  1.2353958419 -0.6304578112  0.1345006601  3.0000000000
