 0.1182185345  0.0647042013  0.0336075620  0.0119366398  1.0000000000
-0.3902559239 -0.0448112894  0.1864917273 -0.0900725481  1.0000000000
-0.4269845749  0.1545979588  0.0556457591  0.0714399214  1.0000000000
-0.5641082886 -0.0601473122 -0.1155897813 -0.0604733049  1.0000000000
 0.1361829764  0.1333756416 -0.1240778379 -0.0361412736  1.0000000000
 0.7065024512 -0.1112486701 -0.0676937122 -0.0037939934  1.0000000000
-0.3196296264  0.1740307251 -0.2653696972 -0.0090419419  1.0000000000
-0.0091600022 -0.0437418912 -0.0034658897  0.0117189222  1.0000000000
-0.8614802271  0.0069555621 -0.0606897240 -0.0242516892  1.0000000000
-0.3165563453 -0.0768268262  0.1246077926 -0.1002627163  1.0000000000
 0.4759132052  0.0385224035  0.1233191495 -0.0179592095  1.0000000000
-0.1828222145 -0.0357433862 -0.1665787728  0.0251060562  1.0000000000
-0.4667658708 -0.0005472523  0.1689190971 -0.0567306963  1.0000000000
-0.9075473561  0.3142271829  0.0025315271  0.0984397340  1.0000000000
 0.9670706468  0.1526725786  0.3832446539 -0.0064608214  1.0000000000
 1.2412496644  0.0455273284 -0.0170625584 -0.1775483866  1.0000000000
 0.6477533060  0.1830551350  0.0761547363 -0.0257754438  1.0000000000
 0.1307658708  0.0309341824 -0.0065411353  0.0646296439  1.0000000000
 0.7912384903 -0.0970066913  0.1792822533  0.0792144444  1.0000000000
 0.3901482827  0.0783255757 -0.1546723774 -0.1044209606  1.0000000000
 0.3231114714 -0.1818668984  0.1503683624  0.2304279564  1.0000000000
 0.3431499259 -0.0215947482 -0.1233057715  0.0054777883  1.0000000000
-0.2835750858  0.5641455930 -0.3231701242  0.1924462864  1.0000000000
 0.0286619651 -0.4008644299 -0.0716936028  0.2007375595  1.0000000000
-0.1865724425 -0.3857174828 -0.3317923808  0.0235399463  1.0000000000
-0.3163843913 -0.2981332319  0.1469796953 -0.0996378452  1.0000000000
 0.0241476331 -0.1899068982 -0.1670367638  0.0584407349  1.0000000000
 0.1973966581 -0.0259434380  0.0687283620  0.0121140494  1.0000000000
 0.1115827453  0.0043710984  0.1353455647  0.0990086491  1.0000000000
-0.3794688660 -0.0996533075 -0.1045716970 -0.0375781499  1.0000000000
-0.3801871824 -0.1811398570 -0.0182777831 -0.0682209263  1.0000000000
 0.3061999197 -0.0821522413  0.1908075001  0.3291507168  1.0000000000
 0.6722595066  0.2036140279 -0.1849407174 -0.2148666046  1.0000000000
 0.9090812045  0.2084747584 -0.0058330543 -0.2074330996  1.0000000000
-0.3165563439 -0.0768268325  0.1246078030 -0.1002627155  1.0000000000
-0.1950391661  0.1355512007  0.1593493823  0.0669261227  1.0000000000
 0.4043904909  0.0797978873  0.2915873403  0.1888681606  1.0000000000
-0.3165563407 -0.0768268435  0.1246078113 -0.1002627118  1.0000000000
-0.7825271580  0.1468623392 -0.0306273619  0.0298610683  1.0000000000
 0.0573470508 -0.0690009475  0.0584998576  0.0106352618  1.0000000000
 0.0589935117  0.1259838990 -0.0715352313  0.0956423558  1.0000000000
-1.1811886032 -0.1666056176  0.3518851656 -0.2559925787  1.0000000000
-0.6459562749  0.2573505594 -0.1827481766 -0.0369562897  1.0000000000
 0.1620636612 -0.2453322091 -0.2889126731  0.1419548431  1.0000000000
 0.4786618162 -0.3422770067 -0.3983744113 -0.0762219409  1.0000000000
-0.4663785854  0.0012070873  0.1674285120 -0.0581817859  1.0000000000
 0.3952008981  0.0408054143 -0.1335267381 -0.1540012740  1.0000000000
-0.5013122613  0.0980578758 -0.0250976907  0.0856868934  1.0000000000
 0.4155550653  0.0523711685  0.0612280427 -0.0456065500  1.0000000000
-0.0958338206  0.0183939241  0.0779580066  0.0347517030  1.0000000000
 0.0897264602 -0.6848998534  0.1355406888  0.4730042068  2.0000000000
-0.3132777092 -0.3240220825  0.2863496524  0.2421841992  2.0000000000
 0.2685073758 -0.5664372488  0.0596109645  0.3517248929  2.0000000000
-1.6364698529  0.0314498808 -0.0140286130 -0.1280404738  2.0000000000
-0.1791210806 -0.3695047912 -0.1635230922  0.1199591467  2.0000000000
-0.8620958965  0.1230798928 -0.0201480463 -0.1418844597  2.0000000000
-0.0984401256 -0.1584359966  0.4230217656  0.1426950834  2.0000000000
-2.3330142422 -0.0324894013  0.1467162961 -0.2778978733  2.0000000000
-0.2099816504 -0.5557631513 -0.0447552577  0.1809828017  2.0000000000
-1.6351598807  0.1892317343  0.1534786554 -0.2732945493  2.0000000000
-2.3860495461 -0.0733843256 -0.0820252562 -0.1148655330  2.0000000000
-0.8571965086 -0.0757674576  0.1406021115 -0.0261837729  2.0000000000
-1.3051903478 -0.2959362002 -0.6172132913  0.1941474607  2.0000000000
-0.3844759132 -0.0124884638 -0.0731760267 -0.0055819967  2.0000000000
-1.5687764787 -0.1878207896  0.1624565434 -0.0514516496  2.0000000000
-0.2493807643 -0.6629021624  0.0847945306  0.2423857340  2.0000000000
-0.7466064505  0.2295662160  0.2288955431 -0.2635573124  2.0000000000
-1.2738941608 -0.3539559905 -0.0911660116 -0.0725255852  2.0000000000
-0.5464840749 -0.0252578853 -0.5596129856  0.4283784512  2.0000000000
-1.5304169595 -0.1333543853  0.0353080961 -0.0726284780  2.0000000000
-0.2342023413  0.3074639421  0.2393963380 -0.1214017087  2.0000000000
-1.0043965415 -0.3961207492 -0.0296752393  0.0578232963  2.0000000000
-0.0919529846  0.0654888421 -0.5177976326  0.2911192500  2.0000000000
-0.4408691829 -0.0615249902 -0.2443854313 -0.0328374895  2.0000000000
-0.5666091828 -0.5316118139 -0.0245709697  0.1044106670  2.0000000000
-0.3056564610 -0.6050898045  0.0325799973  0.1508456548  2.0000000000
 0.0384577855 -0.4878777948 -0.1270239588  0.3576333144  2.0000000000
 0.3870562908 -0.3639884801 -0.0310826306  0.2164291334  2.0000000000
-0.5515175099  0.0067745417  0.0773690765 -0.0604537568  2.0000000000
-1.7438234295 -0.4680646081  0.0443581677 -0.0093522894  2.0000000000
-1.6820773928 -0.1109707353  0.0301345169 -0.1116266860  2.0000000000
-1.7748753663 -0.1912505707  0.0233150493 -0.0655639615  2.0000000000
-1.3421865122 -0.2771462846  0.0409866334  0.0101444204  2.0000000000
 0.0024438027  0.3457339739 -0.3741133503  0.0790929767  2.0000000000
-0.9093698428  0.3696659327  0.2609829581 -0.2885354696  2.0000000000
-0.4532557943 -0.0020340113  0.4375826063  0.0564076956  2.0000000000
 0.0245270764 -0.5047945064  0.0413399332  0.2000625584  2.0000000000
-0.6753153416 -0.3076632515 -0.6168569185  0.3822223303  2.0000000000
-1.1730510822  0.0599215173  0.1560787246 -0.1342899010  2.0000000000
-1.4712433939  0.0307517598  0.0247454471 -0.1550965540  2.0000000000
-1.1660930497  0.1556658012 -0.0356854643 -0.2085296821  2.0000000000
-0.4654369542 -0.0339451360  0.0236513952  0.0880087215  2.0000000000
-1.3505674342 -0.1890876092 -0.0565178706  0.0544542410  2.0000000000
-2.3125865524 -0.0925429810  0.1206435145 -0.2330246748  2.0000000000
-1.2020039191  0.0856638895  0.0199421240 -0.1772121310  2.0000000000
-1.0555026256 -0.0117156004  0.1313830680 -0.0876897137  2.0000000000
-1.0221952307  0.0035976170  0.1297278054 -0.1518278878  2.0000000000
-0.6770275978 -0.3756302579 -0.0360280873  0.0337032335  2.0000000000
-2.3927834759 -0.1783092681  0.2189984175 -0.2078350868  2.0000000000
-1.1093300031 -0.0559265744  0.1189540374 -0.1482237835  2.0000000000
 1.4389865629  0.5770533572  0.1536316819  0.6143529428  3.0000000000
 0.0013827712  0.6829323495 -0.2589386736  0.0290963562  3.0000000000
 1.4359303875 -0.1307879161 -0.0095361045 -0.2394796050  3.0000000000
 0.6491930800  0.3101985396 -0.1855092559  0.0115443122  3.0000000000
 1.1258646063  0.3167893099 -0.1369537389  0.1386818950  3.0000000000
 2.2624967188 -0.3246027614 -0.1096271344 -0.5037458011  3.0000000000
-1.1909406953  1.0389385413  0.0749367474 -0.4568942373  3.0000000000
 1.8688722466 -0.3160943972 -0.2690432795 -0.2145054094  3.0000000000
 1.0318722352  0.2562369602 -0.5561067718 -0.3354070828  3.0000000000
 1.9049689097 -0.1102567702  0.3470624966  0.1570348128  3.0000000000
 0.4881528040  0.0085005567  0.3338923686  0.0282361716  3.0000000000
 0.4518035279  0.2433830879 -0.2596159040 -0.0036002262  3.0000000000
 0.9533454662  0.0374143745  0.0429033036 -0.0925142553  3.0000000000
-0.0841737533  0.8491835532 -0.2587300790  0.1114522561  3.0000000000
 0.1696924761  0.9526605213  0.2995910038  0.1410108039  3.0000000000
 0.7899648610  0.2839940938  0.3958976550  0.2834052453  3.0000000000
 0.7030940095  0.0417595161 -0.1235816483 -0.0185396529  3.0000000000
 2.6101472951 -0.2150295563  0.4486580057 -0.4405295582  3.0000000000
 2.6148597113 -0.0724181959 -0.5064334373 -0.4797427199  3.0000000000
-0.2242199661  0.3645650267 -0.7017901470  0.1888141001  3.0000000000
 1.2865403972 -0.0627547696  0.1996096521  0.0874631773  3.0000000000
-0.3009502779  0.7708170863  0.1264484489 -0.0744921369  3.0000000000
 2.3826847349 -0.3692764171 -0.3636098454 -0.4832888230  3.0000000000
 0.0564152717  0.1245781689 -0.1513012610  0.1115799612  3.0000000000
 1.1384171304  0.1063265672  0.2682252902 -0.0621307584  3.0000000000
 1.5690713046 -0.2286233318 -0.0836724633 -0.2904601685  3.0000000000
-0.0660087321  0.1030971257 -0.0060375037 -0.0291936415  3.0000000000
-0.0269486660  0.2241182316  0.1559199773 -0.2000327834  3.0000000000
 0.7961776876  0.3706382799 -0.1446435244  0.1666097404  3.0000000000
 1.3243354327 -0.5662982446 -0.2027338243 -0.1584920798  3.0000000000
 1.7836759644 -0.3037881470 -0.2112769690 -0.2980462960  3.0000000000
 2.4708061945 -0.5379895655  0.3080234126 -0.2952137048  3.0000000000
 0.8491851623  0.3961722425 -0.1180597870  0.2150055307  3.0000000000
 0.0982110952  0.0181196624 -0.2701148936 -0.0121643331  3.0000000000
 0.4551705076  0.4127693973 -0.7759442137  0.1386238796  3.0000000000
 1.9901165196 -0.3557498784  0.0339641494 -0.3131305373  3.0000000000
 1.0647802009  0.4099228702  0.4755903569  0.3833991579  3.0000000000
 0.6795639554  0.1710546006 -0.0306626987  0.0487349833  3.0000000000
-0.1497869574  0.2434007414  0.1731236137 -0.1785484493  3.0000000000
 0.9580840175 -0.2152247250  0.1447828285  0.0254804873  3.0000000000
 1.0975457508  0.1201865746  0.2927128922  0.0100790581  3.0000000000
 0.8860015158 -0.1084821627  0.2758197474  0.3680972017  3.0000000000
 0.0013827712  0.6829323495 -0.2589386736  0.0290963562  3.0000000000
 1.4033471790  0.0620798936  0.1545871688  0.0727058352  3.0000000000
 1.3032774823  0.1856263003  0.4417949853  0.2086659437  3.0000000000
 0.8053828362  0.0399095721  0.2518433726  0.2199879165  3.0000000000
 0.1614925729  0.2786795040 -0.3594243627  0.2095721270  3.0000000000
 0.5181771314  0.0302619589  0.1197249247 -0.0354823140  3.0000000000
 0.8862646107  0.4836881815  0.4937648950  0.4722058019  3.0000000000
 0.0555360055  0.4730474144  0.0702186923 -0.0917084897  3.0000000000
