 0.1479747638  0.0815626194 -0.0179366895  0.0058294815  1.0000000000
-0.3951704476  0.2199284523  0.0430514916 -0.0814841380  1.0000000000
-0.5469339307  0.0644814354 -0.1544182313  0.1243738170  1.0000000000
-0.6001045618 -0.1281670728  0.0208681092 -0.0842146971  1.0000000000
 0.1661972120 -0.1141561603 -0.1240997954  0.0137104732  1.0000000000
 0.7558282492 -0.1455915064  0.0345949567 -0.0573315974  1.0000000000
-0.3611566816 -0.1654096874 -0.1816802383  0.1476673267  1.0000000000
 0.0064474910  0.0124487141  0.0706962360  0.0188717830  1.0000000000
-0.9075016814 -0.1212769499 -0.0407576795 -0.1158899305  1.0000000000
-0.3427337880  0.1532470117  0.0800929859 -0.0731067233  1.0000000000
 0.5131327442  0.1023914235 -0.0135420200 -0.0177794164  1.0000000000
-0.1743601936 -0.1704742805  0.0641223136  0.0185357995  1.0000000000
-0.5278931859  0.1789565568  0.0025120275 -0.0670821310  1.0000000000
-0.9956928233 -0.0984171394 -0.2313196106  0.0594246144  1.0000000000
 1.0361145698  0.3345156900 -0.1353148935 -0.0696260865  1.0000000000
 1.2362470138 -0.0113804512 -0.1667495086 -0.2892724861  1.0000000000
 0.7598234111  0.0115183686 -0.1075212210  0.0025993547  1.0000000000
 0.1509802152  0.0369064169 -0.0069901818  0.0619288178  1.0000000000
 0.8656938856  0.1760883420  0.1067536193  0.1217109786  1.0000000000
 0.4050819855 -0.1514286688 -0.1347159805 -0.0850305658  1.0000000000
 0.3488625210  0.2043837751  0.2015980501  0.2600346192  1.0000000000
 0.3429341791 -0.1469166255 -0.0374165464  0.0001591933  1.0000000000
-0.2640524729 -0.1918959237 -0.5994382747  0.2935433874  1.0000000000
 0.0758500277 -0.1605771800  0.4506000784  0.3471216800  1.0000000000
-0.1943337412 -0.3074993796  0.4045940110 -0.0838762166  1.0000000000
-0.3566249800  0.1811828411  0.1675337463 -0.1203953095  1.0000000000
 0.0450229305 -0.1946982369  0.2052013009  0.0512921239  1.0000000000
 0.2231059225  0.0892766039  0.0186507765  0.0318784082  1.0000000000
 0.1327013234  0.1863683151  0.0093089056  0.0490843872  1.0000000000
-0.4109296315 -0.1513871148  0.0965999410 -0.0962242343  1.0000000000
-0.4722999010 -0.0520538140  0.1644221274 -0.1498362372  1.0000000000
 0.3416807599  0.2113551646  0.1527507637  0.3201453533  1.0000000000
 0.7037609537 -0.2471543734 -0.2188489792 -0.1713097412  1.0000000000
 0.9649592544  0.0593243430 -0.1868831855 -0.1830543852  1.0000000000
-0.3427337802  0.1532470301  0.0800930061 -0.0731067383  1.0000000000
-0.2083019329  0.1840814910 -0.1315739502  0.1150760922  1.0000000000
 0.4181108868  0.3249852256  0.0458344923  0.1466127981  1.0000000000
-0.3427337802  0.1532470301  0.0800930061 -0.0731067383  1.0000000000
-0.8495153297 -0.1324408945 -0.1293250238 -0.0088161407  1.0000000000
 0.0813802725  0.0888496214  0.0806444713  0.0299814174  1.0000000000
 0.0583715029 -0.0461579853 -0.1548099659  0.1126778654  1.0000000000
-1.1657899251  0.4120641788  0.0790018378 -0.3017387890  1.0000000000
-0.6993491089 -0.1535732175 -0.2247346413  0.0913319189  1.0000000000
 0.1895202149 -0.3349846634  0.2073496412  0.1441740160  1.0000000000
 0.4689372962 -0.4903655468  0.2848888090 -0.1842911489  1.0000000000
-0.5438830827  0.1731038365  0.0086933254 -0.0746131493  1.0000000000
 0.4350695674 -0.1421498102 -0.0858188482 -0.1216578435  1.0000000000
-0.5507544508 -0.1363231155 -0.0801277197  0.0208814495  1.0000000000
 0.4508713154  0.0776474885 -0.0355057263 -0.0277138795  1.0000000000
-0.0718110586  0.1233178223  0.0389788812  0.0219111671  1.0000000000
 0.0308130541  0.5349820788 -0.8475059919  0.2226872327  2.0000000000
 0.4078569880  0.2125676691 -0.4987408163  0.2833812244  2.0000000000
-0.1469637122  0.4630310454 -0.7256093294  0.1185413925  2.0000000000
 1.6869626154  0.0633107038  0.2272055911 -0.1053170213  2.0000000000
 0.2466632188  0.1899451362 -0.3868041043 -0.0532546652  2.0000000000
 0.8988104800 -0.0526918816  0.2713986558  0.0164433181  2.0000000000
 0.3062933231 -0.0844501627 -0.4461385142  0.4147760590  2.0000000000
 2.5116560215  0.1374237426  0.3204588464 -0.1410425121  2.0000000000
 0.3566208193  0.3126613834 -0.5339796249  0.0522960716  2.0000000000
 1.7017383853 -0.1373862918  0.4974082105  0.1183569640  2.0000000000
 2.4411533020  0.2509452334  0.2809064478 -0.1627237987  2.0000000000
 0.8699174719  0.0564350379  0.1315051122  0.1497427226  2.0000000000
 1.2777068798  0.3955887697  0.0480253680 -0.6034881762  2.0000000000
 0.4336062354 -0.0616250926 -0.0058448078 -0.0425004986  2.0000000000
 1.6620457461  0.2397125323  0.2379092052  0.2228643331  2.0000000000
 0.3321482312  0.4696166588 -0.5658549686  0.2133979219  2.0000000000
 0.9188397770 -0.0733785040  0.2430044260  0.2054604508  2.0000000000
 1.3933020652  0.2314695528  0.0854575736  0.1212659036  2.0000000000
 0.4723986453  0.1089970546 -0.2221137954 -0.5727704026  2.0000000000
 1.5981621924  0.2472066449  0.1697456010  0.0009664661  2.0000000000
 0.2055755900 -0.3222445421  0.0059771808  0.3391848692  2.0000000000
 1.1074963877  0.3459524197 -0.2500361405  0.0182005276  2.0000000000
 0.1208141481 -0.0844579858 -0.2620345650 -0.4035254590  2.0000000000
 0.5348130168 -0.0238485918 -0.1238208304 -0.2391608309  2.0000000000
 0.6465309056  0.3784183959 -0.3653063049  0.0564886727  2.0000000000
 0.4082282522  0.3943094045 -0.4829159479  0.1427262169  2.0000000000
 0.0255668228  0.3593071475 -0.6284191294 -0.0449850796  2.0000000000
-0.3280436895  0.2778828795 -0.4479681750 -0.0015984294  2.0000000000
 0.5550746241 -0.0439575989  0.1589180143  0.0919172484  2.0000000000
 1.8466061335  0.4074466997  0.0296702913  0.1725046456  2.0000000000
 1.7696974548  0.2455986958  0.1454522550 -0.0848557404  2.0000000000
 1.8603474590  0.3110393276  0.0940715684 -0.0947306429  2.0000000000
 1.4025653527  0.2964610610 -0.0219882852  0.1222272238  2.0000000000
-0.0871662363 -0.5509925595 -0.2284872529 -0.4285843983  2.0000000000
 1.0718019780 -0.1211230919  0.2664438019  0.2522819540  2.0000000000
 0.5265416475 -0.1197986474 -0.1232588117  0.4943685865  2.0000000000
 0.0290054903  0.4528389526 -0.5114823555  0.1810441975  2.0000000000
 0.6999452628  0.2584500691 -0.4398738734 -0.5468996157  2.0000000000
 1.1781731281  0.0580179074  0.3395441972  0.1890758469  2.0000000000
 1.5342700345  0.0838833107  0.3371161390 -0.0094806758  2.0000000000
 1.1931696157 -0.0563554495  0.3967502935  0.0233704595  2.0000000000
 0.5255726282 -0.1009370526 -0.1913259460  0.0490594768  2.0000000000
 1.4070090215  0.2770383124  0.0279532524  0.1125843512  2.0000000000
 2.4668682959  0.2158562216  0.2634765606 -0.1618482333  2.0000000000
 1.2320834978  0.0243173720  0.4035394113  0.0391367801  2.0000000000
 1.1345961261  0.0373174071  0.3089584747  0.1715671213  2.0000000000
 1.0274931022  0.0249168626  0.3858480116  0.1306119810  2.0000000000
 0.7509214886  0.2325996671 -0.3040285071  0.0362090491  2.0000000000
 2.5887671826  0.2685440114  0.2692055855 -0.0241460405  2.0000000000
 1.1721994505  0.0966334308  0.3386491345  0.1567098351  2.0000000000
-1.4724073386 -0.5436531646 -0.1996761393  0.1435252986  3.0000000000
 0.0666621422 -0.8708470488 -0.2861233305 -0.1369868712  3.0000000000
-1.5530613929  0.2636966383  0.2386858753  0.0615346424  3.0000000000
-0.6286572423 -0.0130454946  0.1080067136 -0.3165187675  3.0000000000
-1.1086681729 -0.0748893943  0.0045010688 -0.1701300474  3.0000000000
-2.3674680730  0.4338694343  0.4095482630 -0.1348486322  3.0000000000
 1.2647017025 -1.1234770550  0.6098891903  0.1774763006  3.0000000000
-1.9814522527  0.1914193904  0.3924596135 -0.4468900713  3.0000000000
-1.0680147193  0.0169210096  0.2557285844 -0.5856590965  3.0000000000
-2.0340935480  0.0050800094  0.1411118852  0.3211042123  3.0000000000
-0.5453804462 -0.0131605383  0.0307719951  0.3187928189  3.0000000000
-0.4712696486 -0.1654820574  0.0716180213 -0.3163868199  3.0000000000
-1.0600760075  0.1390289094  0.1074449884  0.0707601487  3.0000000000
 0.1544218620 -1.0979259230 -0.2560265408 -0.3060494194  3.0000000000
-0.2359708438 -1.0033563532  0.0197800713  0.3720748530  3.0000000000
-0.8394341666 -0.3017181170 -0.0875142113  0.3695733948  3.0000000000
-0.8250266463  0.0638846954 -0.2294713270 -0.1487911319  3.0000000000
-2.7916530237  0.3553607026  0.4449012075  0.2865008637  3.0000000000
-2.7152638027  0.4951230924  0.4436560643 -0.2202117668  3.0000000000
 0.1649517514 -0.4637996847 -0.4758682715 -0.8872264366  3.0000000000
-1.3899259246  0.0632817363  0.0813329751  0.2114296221  3.0000000000
 0.2150613251 -1.0302576662 -0.1359400338  0.1510189718  3.0000000000
-2.5186930250  0.4054931728  0.3991620225 -0.3189264022  3.0000000000
-0.1020163877 -0.0628867896  0.0643308713 -0.1218113438  3.0000000000
-1.3442182827 -0.0511533483 -0.2042255383  0.0968789367  3.0000000000
-1.7640490913  0.2828925453  0.2407627797  0.1353202889  3.0000000000
 0.0716916298 -0.1253362590  0.1265706695 -0.0537824772  3.0000000000
 0.0050197409 -0.2399802204  0.1401579234  0.1748221625  3.0000000000
-0.8274667604 -0.1589394464  0.0256177703 -0.1987677706  3.0000000000
-1.6092047624  0.3093250840 -0.0821549736 -0.2177780172  3.0000000000
-1.9297691176  0.1851094981  0.3192400291 -0.3848603453  3.0000000000
-2.7322728540  0.4721066370  0.4259983833  0.1646096353  3.0000000000
-0.8732543317 -0.1848949909 -0.0266446540 -0.1557159986  3.0000000000
-0.0093217818 -0.1283119325 -0.0585423198 -0.3673179857  3.0000000000
-0.4453737958 -0.3941629157  0.0173864663 -0.7519668112  3.0000000000
-2.1758985230  0.3944109289  0.3481710007  0.1011125543  3.0000000000
-1.1645112972 -0.4208611060 -0.1477253018  0.4407171805  3.0000000000
-0.8324514987 -0.0451284502 -0.2017226102 -0.1237880399  3.0000000000
 0.1449595878 -0.2613798773  0.1701207534  0.2016716701  3.0000000000
-1.0627052491  0.1229612880  0.0944048720  0.1087889955  3.0000000000
-1.3178476365 -0.2634774735 -0.0140296153  0.1753789245  3.0000000000
-0.9235046316  0.1450077234 -0.3302719730  0.3318079111  3.0000000000
 0.0666621422 -0.8708470488 -0.2861233305 -0.1369868712  3.0000000000
-1.4968546924 -0.0387840905  0.0658866409  0.0913502985  3.0000000000
-1.4058898164 -0.3105149998  0.0626371819  0.3714499652  3.0000000000
-0.9023017166 -0.0319318261 -0.0973862446  0.2273308890  3.0000000000
-0.1498670823 -0.3259769999 -0.0768077231 -0.3942335297  3.0000000000
-0.6205252001  0.1042842055 -0.0148759748  0.0386876867  3.0000000000
-0.9427945006 -0.3444271657 -0.2265460031  0.4628232987  3.0000000000
 0.0782274896 -0.6161246103 -0.0932688971  0.0905562457  3.0000000000
