 4.432416e-01  5.159639e-02 -2.694861e-01 -1.447190e-01  1.000000e+00
-4.260194e-01 -5.750541e-01 -1.537848e-01  2.476415e-01  1.000000e+00
-8.594862e-01  2.852602e-01  3.886895e-02  3.017426e-02  1.000000e+00
-6.636700e-01  2.208748e-01  3.060391e-02  5.614451e-02  1.000000e+00
 5.122823e-01  2.322504e-02 -3.674000e-01 -2.332759e-01  1.000000e+00
 7.029341e-01 -8.942620e-02  2.465172e-01 -2.889972e-01  1.000000e+00
-9.532315e-01  3.105791e-01  4.174626e-02  1.835935e-02  1.000000e+00
-2.278694e-02  4.015226e-03  4.775000e-02 -4.402478e-02  1.000000e+00
-9.170187e-01  3.598257e-01  5.462337e-02 -2.147052e-03  1.000000e+00
-7.094638e-01 -3.194958e-01 -1.219877e-01  2.812814e-01  1.000000e+00
 4.540984e-01 -5.116950e-02  3.997154e-01 -2.699571e-02  1.000000e+00
-2.549394e-01  1.039497e-01  4.748337e-02 -1.397084e-02  1.000000e+00
-6.220701e-01 -4.764952e-01 -1.559217e-01  3.124573e-01  1.000000e+00
-1.254311e+00  5.609969e-01  8.782602e-02 -5.595757e-02  1.000000e+00
 1.158377e+00  1.051679e-01  6.329081e-01  5.512356e-01  1.000000e+00
 1.774141e+00  3.173988e-01  2.627076e-01  6.381364e-01  1.000000e+00
 6.957800e-01 -3.856351e-02  6.551651e-01  2.314472e-01  1.000000e+00
 5.337942e-01  8.495783e-02 -3.737951e-01 -1.366407e-01  1.000000e+00
 6.611218e-01 -1.969084e-01  4.424096e-01 -3.587494e-01  1.000000e+00
 9.286530e-01  2.014041e-01 -5.334486e-01 -4.443517e-02  1.000000e+00
 2.924157e-01 -1.922263e-01  1.177071e-01 -3.474397e-01  1.000000e+00
 7.800883e-01  1.718225e-01 -5.139607e-01 -5.111885e-02  1.000000e+00
-1.250189e+00  3.669433e-01  4.574499e-02 -1.756805e-02  1.000000e+00
-6.097166e-02 -3.363158e-01  5.910830e-02 -4.457725e-01  1.000000e+00
-4.243008e-01  4.819339e-04  2.579728e-02 -5.042615e-02  1.000000e+00
-8.374695e-01 -5.150853e-01 -1.842318e-01  3.662931e-01  1.000000e+00
-4.298001e-02 -1.770717e-01  5.405049e-02 -2.589316e-01  1.000000e+00
 2.359717e-01  1.285226e-02  6.437135e-02 -4.714314e-02  1.000000e+00
 3.188847e-01  9.461534e-03 -1.132983e-01 -1.380698e-01  1.000000e+00
-4.986008e-01  9.948969e-02  9.921922e-03  8.911263e-02  1.000000e+00
-5.932352e-01 -8.024933e-02 -4.773350e-02  1.740862e-01  1.000000e+00
 2.947247e-01 -1.996404e-01  1.397074e-01 -3.616765e-01  1.000000e+00
 1.427675e+00  3.384866e-01 -4.434231e-01  2.393658e-01  1.000000e+00
 1.709874e+00  3.442105e-01  2.612398e-03  4.266364e-01  1.000000e+00
-7.094638e-01 -3.194959e-01 -1.219877e-01  2.812814e-01  1.000000e+00
-7.853757e-02 -6.138063e-01 -1.090630e-01  9.052442e-02  1.000000e+00
 5.609385e-01 -2.572179e-01  6.040588e-01 -3.284606e-01  1.000000e+00
-7.094638e-01 -3.194959e-01 -1.219877e-01  2.812814e-01  1.000000e+00
-1.045354e+00  4.424985e-01  6.840233e-02 -2.277261e-02  1.000000e+00
 8.289152e-02 -5.289665e-03  5.021820e-02 -3.671473e-02  1.000000e+00
 5.432510e-01  3.666418e-02 -4.060105e-01 -2.295189e-01  1.000000e+00
-1.420164e+00  5.752034e-01  9.013194e-02 -1.145261e-01  1.000000e+00
-9.807324e-01  4.019471e-01  6.075021e-02 -2.696226e-03  1.000000e+00
-6.310585e-02 -3.555813e-01  5.977995e-02 -4.687241e-01  1.000000e+00
 1.140581e+00  7.570126e-02 -1.346171e-01 -3.122557e-01  1.000000e+00
-5.284374e-01 -6.695794e-01 -1.873339e-01  2.944587e-01  1.000000e+00
 1.057486e+00  2.250696e-01 -4.834563e-01 -2.699512e-02  1.000000e+00
-7.816201e-01  2.734490e-01  3.843721e-02  3.961101e-02  1.000000e+00
 4.063585e-01 -3.878453e-02  3.545610e-01 -6.299236e-03  1.000000e+00
-7.941525e-03 -1.765808e-01  9.242041e-03 -3.250553e-02  1.000000e+00
-2.100956e+00  5.905291e-02 -1.923323e+00  1.301319e-02  2.000000e+00
-1.285800e+00 -6.689394e-02 -3.018051e-01  2.118395e-02  2.000000e+00
-2.074772e+00  4.713730e-02 -1.854618e+00  1.329802e-02  2.000000e+00
-4.234249e+00 -8.479281e-01  6.022786e-01  9.106528e-01  2.000000e+00
-1.783621e+00 -8.230523e-02 -8.514044e-01  1.327484e-02  2.000000e+00
-3.711159e+00 -6.959079e-01  3.424287e-01 -3.380196e-01  2.000000e+00
-1.012380e+00  1.056471e-02 -2.483267e-01  2.672508e-02  2.000000e+00
 3.622811e-02  1.327184e-01 -4.190952e-09  0.000000e+00  2.000000e+00
-1.746885e+00 -9.952786e-02 -8.017691e-01  1.425850e-02  2.000000e+00
-3.673174e+00 -7.130821e-01  4.440999e-01  3.070330e-01  2.000000e+00
-3.819237e-01 -5.481564e-02 -4.190952e-09  0.000000e+00  2.000000e+00
-3.420821e+00 -6.319946e-01  2.416600e-01 -6.163630e-01  2.000000e+00
-3.323188e+00 -5.861492e-01  1.798332e-01  6.173712e-01  2.000000e+00
-3.932292e+00 -7.200195e-01  2.190029e-01 -1.169459e+00  2.000000e+00
-3.134003e+00 -5.474276e-01  1.319747e-01  3.623623e-01  2.000000e+00
-1.688078e+00 -1.250044e-01 -5.518472e-01  1.359210e-02  2.000000e+00
-3.980880e+00 -7.464404e-01  3.718141e-01 -4.229536e-01  2.000000e+00
-2.999871e+00 -5.158341e-01  8.893068e-02  3.000425e-02  2.000000e+00
 6.474732e-01  1.542599e+00 -1.397558e-01  1.002424e-01  2.000000e+00
-3.831320e+00 -7.194302e-01  3.833160e-01  1.022257e+00  2.000000e+00
-1.872590e-01  2.443179e-01 -8.694031e-02  4.344700e-02  2.000000e+00
-2.418583e+00 -3.933075e-01 -2.998547e-03 -8.725887e-03  2.000000e+00
 6.015897e-01  1.030742e+00  3.252397e-02  7.108232e-02  2.000000e+00
-4.130654e+00 -7.541727e-01  2.102522e-01 -1.384223e+00  2.000000e+00
-1.880413e+00 -2.371731e-01 -2.451971e-01  6.823218e-03  2.000000e+00
-1.612599e+00 -1.594747e-01 -3.657242e-01  1.456103e-02  2.000000e+00
-1.918898e+00 -2.219445e-02 -1.322808e+00  1.333951e-02  2.000000e+00
-2.124172e+00  6.947204e-02 -1.997079e+00  1.292267e-02  2.000000e+00
-3.715039e+00 -6.826517e-01  2.286800e-01 -9.349044e-01  2.000000e+00
-3.536706e+00 -6.237398e-01  1.954434e-01  9.095428e-01  2.000000e+00
-3.959888e+00 -7.418505e-01  3.913698e-01  1.213617e+00  2.000000e+00
-3.866412e+00 -7.028008e-01  3.119979e-01  1.312223e+00  2.000000e+00
-2.769234e+00 -4.950385e-01  1.548084e-01 -1.885707e-02  2.000000e+00
 6.933637e-01  2.142490e+00  3.119520e-02  6.125076e-02  2.000000e+00
-4.082813e+00 -7.664761e-01  3.876858e-01 -4.466116e-01  2.000000e+00
-6.257060e-01  1.201078e-01 -1.726967e-01  3.456142e-02  2.000000e+00
-1.919646e+00 -2.206023e-02 -1.349975e+00  1.361546e-02  2.000000e+00
 6.532856e-01  1.607463e+00 -1.616304e-01  1.039728e-01  2.000000e+00
-3.302753e+00 -6.065296e-01  2.345971e-01 -3.944904e-01  2.000000e+00
-4.044686e+00 -8.036202e-01  5.523385e-01  7.229031e-01  2.000000e+00
-3.426353e+00 -6.420588e-01  3.087948e-01 -2.502576e-01  2.000000e+00
-3.892374e+00 -7.131064e-01  2.206768e-01 -1.125400e+00  2.000000e+00
-2.889602e+00 -5.111977e-01  1.438598e-01  7.948927e-02  2.000000e+00
-2.006868e-02 -7.128812e-03 -4.190952e-09  0.000000e+00  2.000000e+00
-3.191604e+00 -6.012079e-01  3.006301e-01 -1.584199e-01  2.000000e+00
-3.275573e+00 -6.027825e-01  2.380210e-01 -3.822486e-01  2.000000e+00
-3.154692e+00 -5.861736e-01  2.534010e-01 -3.282314e-01  2.000000e+00
-2.082861e+00 -2.959075e-01 -1.540872e-01  9.739790e-04  2.000000e+00
 3.657643e-01 -7.077399e-02 -4.190952e-09  0.000000e+00  2.000000e+00
-3.024460e+00 -5.591139e-01  2.382409e-01 -2.175898e-01  2.000000e+00
 2.873809e+00 -4.696960e-01  1.058925e-01 -1.434064e-02  3.000000e+00
 7.341485e-01  2.649486e+00 -5.912175e-02  9.641100e-02  3.000000e+00
 3.977887e+00 -1.020405e+00  3.016468e-02  7.271244e-03  3.000000e+00
 1.634263e+00  2.697304e+00  5.346282e-01 -1.355679e-01  3.000000e+00
 1.362028e+00  9.615806e-01  3.739661e-01 -1.977534e-01  3.000000e+00
 5.182992e+00 -1.580952e+00 -7.427572e-02  3.408699e-02  3.000000e+00
-4.387809e+00 -8.750928e-01  6.383421e-01  3.865420e-01  3.000000e+00
 4.673088e+00 -1.342967e+00 -2.968049e-02  2.244693e-02  3.000000e+00
 1.447283e+00  1.582623e+00  4.624159e-01 -1.819815e-01  3.000000e+00
 4.106505e+00 -8.975950e-01  9.263777e-02 -4.042496e-02  3.000000e+00
 1.738063e+00  5.140122e-02  2.005526e-01 -3.241748e-02  3.000000e+00
 1.179350e+00  3.198535e-01  2.402384e-01 -4.128066e-02  3.000000e+00
 2.988513e+00 -5.478295e-01  9.890342e-02 -9.238144e-03  3.000000e+00
 7.636733e-01  3.011537e+00 -1.220738e-01  1.180728e-01  3.000000e+00
 7.914926e-01  3.358593e+00 -1.847117e-01  1.430391e-01  3.000000e+00
 2.104809e+00 -1.248139e-01  1.745025e-01 -2.659958e-02  3.000000e+00
 1.704414e+00  3.019571e+00  5.907858e-01 -1.703313e-01  3.000000e+00
 5.959496e+00 -1.926471e+00 -1.354801e-01  4.743445e-02  3.000000e+00
 5.695423e+00 -1.798002e+00 -1.077937e-01  3.924108e-02  3.000000e+00
 6.535478e-01  1.657689e+00 -1.768701e-02  7.980706e-02  3.000000e+00
 3.591247e+00 -8.386480e-01  6.361056e-02 -1.470709e-03  3.000000e+00
 7.696743e-01  3.088230e+00 -1.365464e-01  1.248664e-01  3.000000e+00
 5.430357e+00 -1.685487e+00 -9.033472e-02  3.650914e-02  3.000000e+00
 5.548786e-01  4.536749e-01  6.014105e-02  5.748487e-02  3.000000e+00
 3.820591e+00 -8.636281e-01  7.555851e-02 -1.803086e-02  3.000000e+00
 4.342600e+00 -1.178950e+00  2.897498e-03  1.231597e-02  3.000000e+00
 3.758928e-01  4.033136e-01  2.438120e-02  5.424489e-02  3.000000e+00
 1.227686e-01  3.320918e-01 -2.619085e-02  4.966286e-02  3.000000e+00
 1.281987e+00  7.093515e-01  3.577951e-01 -1.458395e-01  3.000000e+00
 4.644509e+00 -1.273995e+00 -3.300168e-04  5.463427e-03  3.000000e+00
 4.419094e+00 -1.225802e+00 -8.183159e-03  1.704336e-02  3.000000e+00
 6.020870e+00 -1.953862e+00 -1.403741e-01  4.851686e-02  3.000000e+00
 1.307274e+00  7.890053e-01  3.626526e-01 -1.620357e-01  3.000000e+00
 6.483544e-01  1.601330e+00  2.166362e-02  7.072876e-02  3.000000e+00
 8.753140e-01  2.862080e+00  1.963159e-01 -5.148080e-02  3.000000e+00
 4.925020e+00 -1.444150e+00 -4.567062e-02  2.393880e-02  3.000000e+00
 2.457299e+00 -2.660093e-01  1.419249e-01 -2.316284e-02  3.000000e+00
 1.704414e+00  3.019571e+00  5.907858e-01 -1.703313e-01  3.000000e+00
 7.756687e-03  3.220396e-01 -6.716738e-02  4.824086e-02  3.000000e+00
 2.818724e+00 -4.658807e-01  1.117371e-01 -1.224613e-02  3.000000e+00
 3.330585e+00 -7.132013e-01  7.906798e-02 -4.781822e-03  3.000000e+00
 2.655549e+00 -3.253600e-01  1.347345e-01 -2.643019e-02  3.000000e+00
 7.341485e-01  2.649486e+00 -5.912175e-02  9.641100e-02  3.000000e+00
 3.763024e+00 -8.583527e-01  7.325076e-02 -1.430775e-02  3.000000e+00
 3.375208e+00 -7.186663e-01  8.254060e-02 -8.286594e-03  3.000000e+00
 2.467276e+00 -2.972571e-01  1.412569e-01 -1.906870e-02  3.000000e+00
 8.017907e-01  3.978405e-01  1.299619e-01  1.898640e-02  3.000000e+00
 1.518891e+00  1.567099e-01  2.161206e-01 -3.589434e-02  3.000000e+00
 2.335280e+00 -1.613398e-01  1.603208e-01 -3.382913e-02  3.000000e+00
 8.736205e-02  5.066880e-01 -1.728742e-01  5.552693e-02  3.000000e+00
