 0.1581176426  0.0544743596  0.0033291931 -0.0173668321  1.0000000000
-0.4882568653  0.1854839680 -0.1314462267 -0.0733375454  1.0000000000
-0.5480953126  0.1223669699  0.1560035742  0.1188116129  1.0000000000
-0.6139659490 -0.1252959487  0.0140775997 -0.0491171816  1.0000000000
 0.2061426240 -0.0316006567  0.1699987446 -0.0049854490  1.0000000000
 0.7905391362 -0.1040124118  0.0317569330 -0.1655091670  1.0000000000
-0.3804926129 -0.0807403896  0.2399039001  0.1396468356  1.0000000000
 0.0188692715 -0.0482298260 -0.0300948225  0.0504120579  1.0000000000
-0.9203411839 -0.0751295590  0.0434961374 -0.0521117583  1.0000000000
-0.3262356766  0.1164555115 -0.1991792235 -0.0870887632  1.0000000000
 0.5176604602  0.0918707024  0.0079508543  0.0365510838  1.0000000000
-0.1821540945 -0.1749276135 -0.0194251543  0.0439225271  1.0000000000
-0.5114159482  0.1678683796 -0.0743837602 -0.0765611464  1.0000000000
-1.0188450125  0.1119522862  0.2257775624  0.0749555488  1.0000000000
 1.0209400058  0.3494586924 -0.0309549213  0.1025175456  1.0000000000
 1.2557991698  0.1360714878  0.0027829517 -0.2295006584  1.0000000000
 0.7946940644  0.1100108490  0.0781076841 -0.0375329749  1.0000000000
 0.1704727713  0.0068426082  0.0075427293  0.0093842090  1.0000000000
 0.8644425090  0.0695946550 -0.0990346196  0.2149877951  1.0000000000
 0.4461063910 -0.0512826135  0.1367499327 -0.1533257105  1.0000000000
 0.3602471320  0.0212515810 -0.2043543685  0.3238785886  1.0000000000
 0.3818516247 -0.0620294271  0.0953995817 -0.1168403146  1.0000000000
-0.2645511304  0.0602989615  0.7251317618  0.0926025605  1.0000000000
 0.1283620645 -0.4410702542 -0.2120672409  0.3674762648  1.0000000000
-0.1991635422 -0.4486059289 -0.2204587568 -0.0986559365  1.0000000000
-0.4604886053  0.0842987277 -0.2798621604 -0.1063846791  1.0000000000
 0.0239621477 -0.3295991024 -0.0946978174  0.0708047964  1.0000000000
 0.2338937487  0.0472700310 -0.0210969428  0.0568984921  1.0000000000
 0.1306723200  0.1229404468 -0.0580219330  0.1138365473  1.0000000000
-0.4264090178 -0.1595292102 -0.0568185536 -0.0434985361  1.0000000000
-0.4739978459 -0.1201286321 -0.1518866435 -0.0720260359  1.0000000000
 0.3482947200  0.0439831247 -0.1364907923  0.3615382922  1.0000000000
 0.8178011146  0.0243903954  0.1606466717 -0.2352908366  1.0000000000
 0.9786326131  0.1848554478  0.0447394012 -0.1403623235  1.0000000000
-0.3262356794  0.1164555653 -0.1991792137 -0.0870887224  1.0000000000
-0.2196221378  0.2134382889  0.0500653804  0.1109370385  1.0000000000
 0.4202932005  0.2227323991 -0.1355542569  0.2505442948  1.0000000000
-0.3262356794  0.1164555653 -0.1991792137 -0.0870887224  1.0000000000
-0.9104628952 -0.0339417326  0.1141106462  0.0516143018  1.0000000000
 0.0939166295  0.0119068469 -0.0715009916  0.0565625991  1.0000000000
 0.0886551956  0.0182791052  0.1081389097  0.0143524089  1.0000000000
-1.2588624153  0.3482568876 -0.2330311738 -0.2648038066  1.0000000000
-0.7133632368 -0.0281546432  0.2933486431  0.0799345969  1.0000000000
 0.2083462799 -0.4495366122  0.0201454154  0.0116574032  1.0000000000
 0.4560900687 -0.5082927210 -0.0019017351 -0.2919600887  1.0000000000
-0.5917512425  0.1329197670 -0.0767870188 -0.1124987074  1.0000000000
 0.4685678821 -0.0583707695  0.1170383684 -0.1736179510  1.0000000000
-0.6276578336 -0.1028482624  0.1313632766  0.0473849742  1.0000000000
 0.4585070319  0.0643405406  0.0311367585 -0.0226997154  1.0000000000
-0.0532739022  0.0768021630 -0.0713350701 -0.0019588119  1.0000000000
 0.0199961659 -0.6002277665  0.2460151964 -0.5599308434  2.0000000000
 0.3659610744 -0.2514381014  0.1882793697 -0.1891040036  2.0000000000
-0.1474158194 -0.5293870378  0.1676065740 -0.5011228303  2.0000000000
 1.8261541582 -0.0656957489 -0.0587802414  0.1090851723  2.0000000000
 0.2230580628 -0.4034477569  0.1114083183 -0.1718388120  2.0000000000
 1.0645316603  0.1735392788 -0.2876534577  0.1363639610  2.0000000000
 0.3446699693  0.1312095508  0.0742187767 -0.3400513260  2.0000000000
 2.6240544838 -0.3163459649  0.2086829262  0.2477369434  2.0000000000
 0.3237892766 -0.5618745544  0.1717872645 -0.3299570909  2.0000000000
 1.9059189019  0.2231857549 -0.0473178264  0.3066030689  2.0000000000
 2.5349455230 -0.3471639788  0.0016271864  0.1098057187  2.0000000000
 1.0193333761  0.0880219407 -0.2422883915 -0.0033039397  2.0000000000
 1.3323756420 -0.3973934325 -0.0832664857 -0.1491010482  2.0000000000
 0.4344090722  0.1382775958 -0.2369570010 -0.0326555050  2.0000000000
 1.7847635920 -0.2894392638  0.0017383059  0.1560905212  2.0000000000
 0.3061501165 -0.5980999169  0.2311026698 -0.2835148301  2.0000000000
 1.0745634619  0.2450338821 -0.3079651380  0.1972798117  2.0000000000
 1.4883416356 -0.4105880941  0.0653232530  0.1591338411  2.0000000000
 0.4795437611 -0.0412105330 -0.2046092731 -0.4434531752  2.0000000000
 1.6978252881 -0.3597241862  0.0624421584  0.1671293600  2.0000000000
 0.4097687179  0.5500559637 -0.1385504382 -0.1642491642  2.0000000000
 1.0513582741 -0.3924376031  0.0772509016  0.0271703849  2.0000000000
 0.1980578967  0.1684200437 -0.2460057675 -0.4073988644  2.0000000000
 0.6156526539  0.0786353815 -0.2030516613 -0.1814090766  2.0000000000
 0.6121748148 -0.4645030833  0.1709677146 -0.0750091727  2.0000000000
 0.3799166000 -0.5728366775  0.1975050675 -0.2080371863  2.0000000000
 0.0165856860 -0.6292051822  0.1262129983 -0.3650961988  2.0000000000
-0.3303902110 -0.3519735162  0.1257187531 -0.2313028550  2.0000000000
 0.6857611183  0.1973052862 -0.2372700124  0.0460921980  2.0000000000
 1.8472004808 -0.6026224762  0.1346762822  0.2120150220  2.0000000000
 1.8545717223 -0.3798071649  0.0842457707  0.1253916198  2.0000000000
 1.9137422797 -0.4455126062  0.0814856758  0.0787810870  2.0000000000
 1.4061932685 -0.4451967974  0.0848231381  0.1800549849  2.0000000000
 0.0226967631  0.6622562514 -0.1261313008 -0.5223109274  2.0000000000
 1.2379297416  0.3067789089 -0.3659009160  0.2014153219  2.0000000000
 0.7277851310  0.2551801636 -0.0241415084 -0.2196445893  2.0000000000
 0.0215837123 -0.5028163721  0.1777271147 -0.2302950339  2.0000000000
 0.7033957707 -0.2696349667 -0.0124731284 -0.5423921911  2.0000000000
 1.3965003714  0.0722622317 -0.3095411127  0.1162121357  2.0000000000
 1.6997646517 -0.0277221160 -0.1569180134  0.1940645550  2.0000000000
 1.3669646288  0.1947066149 -0.3292370213  0.2545803523  2.0000000000
 0.5606549623  0.1499772587 -0.2247901142 -0.0824781714  2.0000000000
 1.4345750842 -0.4206759271  0.0838474274  0.1971313953  2.0000000000
 2.5543166398 -0.3898575701  0.1987471956  0.2105174150  2.0000000000
 1.4146681187  0.1003740587 -0.3015054033  0.2268557919  2.0000000000
 1.3699311612  0.0968032692 -0.3355231851  0.0511281608  2.0000000000
 1.3282385966  0.0759622003 -0.3065032147  0.0874998244  2.0000000000
 0.7742940720 -0.1968590726  0.0160064724 -0.1424804341  2.0000000000
 2.6568654825 -0.4592762834  0.2306228672  0.2739990743  2.0000000000
 1.3864710309 -0.0065568593 -0.1946327264  0.1003362438  2.0000000000
-1.5942987232  0.5380420295  0.3104187014 -0.0786794664  3.0000000000
 0.1106995982  0.9342859268  0.0594267596 -0.1366594280  3.0000000000
-1.6799914964 -0.3590733056  0.0428792179  0.1964736649  3.0000000000
-0.8458274268  0.2886102219 -0.1843613483 -0.2723774178  3.0000000000
-1.2045420985  0.2393018968 -0.1374685940 -0.0084306780  3.0000000000
-2.4691797627 -0.4521145930 -0.3990730154  0.2952412734  3.0000000000
 1.2922584493  0.9397890819  0.5984069215  1.1111101305  3.0000000000
-2.1594144887 -0.3031578671 -0.3375610964  0.2141618963  3.0000000000
-1.1251190984  0.2446443754 -0.7296156223  0.1936713305  3.0000000000
-2.1252264557 -0.1072096641  0.3281807167  0.1871336377  3.0000000000
-0.7071002068 -0.2572454676  0.3784839939 -0.1786359482  3.0000000000
-0.5434469174  0.2521810198 -0.2666971172  0.0086499848  3.0000000000
-1.1929499157 -0.2400530115  0.1451574488  0.1200431075  3.0000000000
 0.0433164636  1.1331286246  0.1944824810 -0.1944604281  3.0000000000
-0.2401329382  0.8891267517  0.4903680861  0.6089141313  3.0000000000
-1.0094821916  0.2179320177  0.6746231586  0.0243076768  3.0000000000
-0.9066160464  0.1193711805 -0.1618279917 -0.1504931367  3.0000000000
-2.9926542473 -0.4144512915  0.0895841033  0.4565330844  3.0000000000
-2.7999700054 -0.4327967398 -0.6298123062  0.2507844919  3.0000000000
 0.1601638310  0.4943052677 -0.0847758677 -0.6068631585  3.0000000000
-1.5235395343 -0.1555472065  0.3676516962  0.1855551264  3.0000000000
 0.2478814850  0.9601660985  0.5000746645  0.2232535508  3.0000000000
-2.5751742435 -0.2999746982 -0.7205707554  0.2348067386  3.0000000000
-0.1374076659  0.2666512791 -0.2154556741 -0.1512839783  3.0000000000
-1.4294244954  0.1055609025 -0.0470729442 -0.0377125076  3.0000000000
-1.9032039506 -0.4228100154  0.0623202069  0.2213100047  3.0000000000
 0.0367086266  0.3452935580 -0.2367933966 -0.0209890336  3.0000000000
 0.1894183607  0.4637454709 -0.1821641152  0.0001371443  3.0000000000
-0.8976742844  0.2092225053 -0.1517545261 -0.0476960897  3.0000000000
-1.7933179873 -0.2007399062 -0.2194647247  0.0680062495  3.0000000000
-1.9661898286 -0.0566576081 -0.6792349584  0.1423684443  3.0000000000
-2.8884293687 -0.6677452019  0.0152602445  0.3664803071  3.0000000000
-0.9446531831  0.2272073034 -0.0799822816 -0.0817005279  3.0000000000
-0.0556386628  0.1983371381 -0.2663497728 -0.0936691942  3.0000000000
-0.3986679492  0.4937719286 -0.1835282024 -0.3115847848  3.0000000000
-2.3058895577 -0.5400342692 -0.0821092707  0.2867743803  3.0000000000
-1.3574596771  0.2944306684  0.8548056305 -0.0182421256  3.0000000000
-0.9442753771  0.1468166062 -0.0597128462 -0.2656918693  3.0000000000
 0.2950648018  0.4356379309 -0.1520477117  0.1141170265  3.0000000000
-1.1879147381 -0.2527331764  0.1702628186 -0.0643738893  3.0000000000
-1.3881732251  0.2795826264  0.2570957470  0.1184940106  3.0000000000
-1.1445463302 -0.1014378054  0.4764463101 -0.1308151387  3.0000000000
 0.1106995982  0.9342859268  0.0594267596 -0.1366594280  3.0000000000
-1.5813623121  0.0778144416  0.0814233221  0.1477903338  3.0000000000
-1.5967305389  0.2563624940  0.3970485888  0.1009392319  3.0000000000
-1.0374639386 -0.1100105745  0.3899781839 -0.0335126420  3.0000000000
-0.2328618924  0.3651907240 -0.1295633925 -0.1211842102  3.0000000000
-0.7521105226 -0.2112401988  0.1523391928 -0.0964873183  3.0000000000
-1.1459603133  0.1972866615  0.8642874511 -0.1607658556  3.0000000000
 0.2776117583  0.8584949175  0.0375090867 -0.2744253999  3.0000000000
