 0.1468879411 -0.0350789556  0.0736648259 -0.0331758978  1.0000000000
-0.3958730151 -0.1616341292  0.1390653209  0.0986419346  1.0000000000
-0.5465746041  0.0761440456  0.1495105812 -0.0985856315  1.0000000000
-0.6061920307  0.0464211160 -0.1281809617  0.0483864360  1.0000000000
 0.1287746381  0.1674800860  0.0304418721 -0.0165042205  1.0000000000
 0.7301574855  0.0193764427 -0.1247132103  0.0899159913  1.0000000000
-0.3205108150  0.2789711655  0.0242022682 -0.0701777552  1.0000000000
 0.0072480412 -0.0553715655 -0.0183565477 -0.0429909707  1.0000000000
-0.8886663862  0.1073006014 -0.0406643086  0.1003528145  1.0000000000
-0.3289221136 -0.1503868038  0.0582344256  0.0783810589  1.0000000000
 0.5075954546 -0.0527138937  0.0991249045  0.0046258016  1.0000000000
-0.1797945681  0.0671178129 -0.1577370804 -0.0561731174  1.0000000000
-0.5135522476 -0.1287467597  0.1165813755  0.0572897971  1.0000000000
-0.9556432192  0.3278115730  0.1217259327 -0.0145644173  1.0000000000
 1.0408696978 -0.1004331895  0.3332171143  0.0219866512  1.0000000000
 1.2273438968  0.2058622276  0.0004129128  0.2799366021  1.0000000000
 0.6829927328  0.0179413086  0.1590095704  0.1351212635  1.0000000000
 0.1548048211 -0.0274785180  0.0351734919 -0.0698085130  1.0000000000
 0.8251794326 -0.2105762257  0.0852421869 -0.0388205957  1.0000000000
 0.3945986291  0.2243952184 -0.0281567678  0.0384173067  1.0000000000
 0.3597825970 -0.2825990281 -0.0659970918 -0.2126849422  1.0000000000
 0.3504397112  0.1095183541 -0.0890791922 -0.0074002999  1.0000000000
-0.2814797408  0.5292874004  0.1976778310 -0.3710594720  1.0000000000
 0.0440854134 -0.3463817139 -0.3143054696 -0.2160491613  1.0000000000
-0.1964373767 -0.0695233972 -0.5024541919  0.0394076199  1.0000000000
-0.3096859903 -0.3066889405 -0.0490108510  0.1482627810  1.0000000000
 0.0593315900 -0.0219589053 -0.2598924728 -0.1157370266  1.0000000000
 0.2311703212 -0.0857450806  0.0090200391 -0.0216439635  1.0000000000
 0.1386190280 -0.1368050856  0.0896723804 -0.0599147973  1.0000000000
-0.4146155309  0.0167763197 -0.1857440135  0.0739406914  1.0000000000
-0.4712665272 -0.1006310564 -0.1521607225  0.0845631626  1.0000000000
 0.3546214874 -0.2624140245  0.0503137273 -0.3314331787  1.0000000000
 0.6509865007  0.3304123532  0.0205936141  0.1724409670  1.0000000000
 0.9550607812  0.1505608201  0.1610479144  0.1700002063  1.0000000000
-0.3289221136 -0.1503868038  0.0582344256  0.0783810589  1.0000000000
-0.2022607454 -0.0286370107  0.2397592474 -0.1131848736  1.0000000000
 0.4244117233 -0.2132439690  0.2536765154 -0.1531494743  1.0000000000
-0.3289221069 -0.1503868311  0.0582344285  0.0783810711  1.0000000000
-0.8198587896  0.2131181348 -0.0016155122  0.0788540338  1.0000000000
 0.0895637829 -0.1138676835 -0.0037682688 -0.0145467097  1.0000000000
 0.0599756518  0.1193073323  0.0626289692 -0.1334520170  1.0000000000
-1.1691536444 -0.3612348583  0.2287101194  0.2686081626  1.0000000000
-0.6490885201  0.3089392906  0.0416930494 -0.0110112527  1.0000000000
 0.1696817241  0.0680709081 -0.3834109522 -0.1253094647  1.0000000000
 0.4842240483  0.0418045146 -0.5726321106  0.1036380460  1.0000000000
-0.5398064296 -0.1246572943  0.1130959769  0.0513178832  1.0000000000
 0.4123925003  0.2055737741 -0.0290402590  0.0724899848  1.0000000000
-0.5511397634  0.1351612460 -0.0625521436 -0.0466430629  1.0000000000
 0.4358180049  0.0097794295  0.0824058682  0.0194501980  1.0000000000
-0.0682513580 -0.0995497519  0.0771012391 -0.0187707086  1.0000000000
 0.0472264777  0.6110362942 -0.7457946287  0.3307370936  2.0000000000
 0.4244649152  0.2850275743 -0.4441737520  0.3084497828  2.0000000000
-0.1264766823  0.4966632424 -0.6327567183  0.1878692845  2.0000000000
 1.6674193716 -0.0017605029  0.2855681987 -0.1034642095  2.0000000000
 0.2575804245  0.2748575301 -0.3403804261 -0.0646206224  2.0000000000
 0.8729351483 -0.0535895028  0.2519426903  0.0328258228  2.0000000000
 0.3079920773 -0.0379801856 -0.5111678205  0.3511305546  2.0000000000
 2.4739007664  0.2012304511  0.3100442196 -0.0610482274  2.0000000000
 0.2971553689  0.4407857214 -0.3561091514  0.1175151447  2.0000000000
 1.6222769480 -0.0796528684  0.4938523099  0.1796137293  2.0000000000
 2.4048851423  0.1472815792  0.4159908162 -0.1294302345  2.0000000000
 0.8607465979  0.0469153273  0.1200566003  0.1285335429  2.0000000000
 1.2841768230  0.4440138071  0.1303804176 -0.5724035836  2.0000000000
 0.3995847774  0.0092727369  0.0133326385 -0.0525921901  2.0000000000
 1.6065586217  0.0825267088  0.3187377358  0.2099433732  2.0000000000
 0.3489944990  0.5392797087 -0.4563218257  0.2685132070  2.0000000000
 0.8441655809 -0.2889020266  0.1435699524  0.1965939679  2.0000000000
 1.3726221407  0.1688985913  0.1211374153  0.0426111602  2.0000000000
 0.4763425966  0.2212678397 -0.2254156976 -0.6082666453  2.0000000000
 1.5860227110  0.1308185897  0.1953254416 -0.0233257782  2.0000000000
 0.2612017308 -0.3355967354  0.0533708319  0.2872608333  2.0000000000
 1.0760267321  0.3108174719 -0.1584205204  0.0249301466  2.0000000000
 0.1151463113  0.0219660245 -0.3052855620 -0.4370843991  2.0000000000
 0.4769336753  0.0468209078 -0.0379766399 -0.1839684426  2.0000000000
 0.6578901748  0.4424434881 -0.2849635148  0.0791101871  2.0000000000
 0.4221478474  0.4705514567 -0.3973519297  0.1699874624  2.0000000000
 0.0466116261  0.4899105540 -0.5521807603  0.0061935595  2.0000000000
-0.3145482488  0.3384314045 -0.3989554036  0.0261946187  2.0000000000
 0.5526540817 -0.0148904183  0.1085964793  0.0379541274  2.0000000000
 1.8256502416  0.3849809255 -0.0529823429  0.0409896268  2.0000000000
 1.7344011832  0.1337814389  0.2151390718 -0.0900439420  2.0000000000
 1.8499161478  0.2114613402  0.1343871702 -0.1149494329  2.0000000000
 1.4064368693  0.2381174678  0.0282277972  0.1300551187  2.0000000000
 0.0257240530 -0.3226347947 -0.0982610898 -0.4388233635  2.0000000000
 0.9423801023 -0.4541107200  0.1699591233  0.3165310688  2.0000000000
 0.5316714918 -0.1225069797 -0.1991161742  0.4922089574  2.0000000000
 0.0632193062  0.5103324326 -0.3484229586  0.2709815677  2.0000000000
 0.6998803554  0.3875586173 -0.3843509594 -0.5298526409  2.0000000000
 1.1720795000 -0.0631346052  0.2416289770  0.1872782630  2.0000000000
 1.5002566009 -0.0294547071  0.3821378677  0.0007139378  2.0000000000
 1.1699078354 -0.1264710282  0.3528812772  0.0603900398  2.0000000000
 0.4764667074  0.0052283577 -0.1178252869  0.1068080827  2.0000000000
 1.4040739123  0.2073806893  0.0566430423  0.1146587369  2.0000000000
 2.4369773728  0.2214646260  0.2771707988 -0.0952466927  2.0000000000
 1.2128672085 -0.0781728483  0.3244672656  0.0675427007  2.0000000000
 1.1306046293 -0.0622307468  0.1958289744  0.1790994128  2.0000000000
 1.0259589004  0.0047342674  0.2663747861  0.1431521169  2.0000000000
 0.7598285010  0.2770562493 -0.2269948374  0.0686760680  2.0000000000
 2.5228715504  0.3277533747  0.2594002733  0.0901915278  2.0000000000
 1.1654127102  0.0055137648  0.3029825326  0.1447365091  2.0000000000
-1.4770162418 -0.4827307539 -0.2105231677  0.0883720061  3.0000000000
 0.1111745485 -0.8190201464 -0.4131381263 -0.2424766057  3.0000000000
-1.5535240234  0.1839544865  0.2110063667  0.0525182840  3.0000000000
-0.6497631973  0.0394534093  0.1086126966 -0.2887208081  3.0000000000
-1.1391341071 -0.0086852509  0.0630053634 -0.1661455007  3.0000000000
-2.3835077952  0.3225774567  0.3906750275 -0.0458529923  3.0000000000
 1.2615223065 -1.1842173847  0.3469157157  0.1016050695  3.0000000000
-1.9632691692  0.1865307844  0.4211541774 -0.3809646892  3.0000000000
-1.0481698647  0.0572815064  0.2629381996 -0.5537076031  3.0000000000
-1.9740259773 -0.0184990257  0.2282135347  0.2239742810  3.0000000000
-0.5429307966 -0.0437457664 -0.0385144904  0.3359568984  3.0000000000
-0.4592678015 -0.0692540027  0.0054009619 -0.2836105029  3.0000000000
-1.0587774262  0.0919233633  0.0737616821  0.0584589949  3.0000000000
 0.1801339369 -0.9591014205 -0.3169028852 -0.2833072980  3.0000000000
-0.1746299263 -1.0132196295  0.0052382239  0.2522403128  3.0000000000
-0.8437118877 -0.3078014087 -0.2024006878  0.2993725656  3.0000000000
-0.7851833281  0.1316102306 -0.1460668212 -0.1272509848  3.0000000000
-2.8004377502  0.1259213149  0.4104955132  0.2536738346  3.0000000000
-2.7370805915  0.3667623452  0.4178625287 -0.0947493410  3.0000000000
 0.1655966134 -0.2900437589 -0.5895526745 -0.9850859026  3.0000000000
-1.3885508235 -0.0251269128  0.0452807601  0.1998674955  3.0000000000
 0.3369624202 -0.9345038934 -0.0262197222  0.1244062593  3.0000000000
-2.5331513840  0.3290845233  0.3870096605 -0.2136788078  3.0000000000
-0.0973746375 -0.0653973879  0.0214149724 -0.1562071935  3.0000000000
-1.1955918793  0.0685447624  0.1318985556  0.0369546151  3.0000000000
-1.7627992809  0.1921212834  0.2207852627  0.1246689136  3.0000000000
 0.0705027492 -0.1176235208  0.0753824025 -0.1099795930  3.0000000000
 0.0089893374 -0.2677410528  0.0569799614  0.1391863289  3.0000000000
-0.8219911525 -0.1013376121  0.0333896355 -0.2023738786  3.0000000000
-1.5298582639  0.3860473006  0.1637567354 -0.1708006015  3.0000000000
-1.9037494954  0.2094451044  0.2352589598 -0.2302104376  3.0000000000
-2.7502120421  0.3124137016  0.4138850554  0.1668315720  3.0000000000
-0.8788215318 -0.1046305177  0.0072258412 -0.1634036845  3.0000000000
-0.0616488755 -0.0099479613 -0.0489771220 -0.2586640326  3.0000000000
-0.4492471597 -0.3039461236 -0.1415846956 -0.7616374043  3.0000000000
-2.1822519912  0.2509118411  0.3180641537  0.1139878099  3.0000000000
-1.1775437467 -0.4874073173 -0.2688884825  0.2910708222  3.0000000000
-0.6827698670  0.0911574043  0.0869476724 -0.1444453766  3.0000000000
 0.1488584238 -0.2825916148  0.0931868149  0.1467259772  3.0000000000
-1.0646607087  0.0542945214  0.0433197823  0.1404777597  3.0000000000
-1.3200831536 -0.2685791362 -0.1150428927  0.1578175999  3.0000000000
-0.9187091290  0.1576975768 -0.3587200657  0.3441567379  3.0000000000
 0.1111745485 -0.8190201464 -0.4131381263 -0.2424766057  3.0000000000
-1.5009082175 -0.0052890875  0.1330860289  0.0693273922  3.0000000000
-1.4141647003 -0.3153456595 -0.0523492818  0.3292818572  3.0000000000
-0.9042548878 -0.0590732933 -0.1708786344  0.1821185124  3.0000000000
-0.1806346754 -0.2406582526 -0.1175787053 -0.3804064217  3.0000000000
-0.6181672552  0.0823472454 -0.0492297655  0.0241834241  3.0000000000
-0.9392153865 -0.5255773381 -0.3725335502  0.3642528439  3.0000000000
 0.0926518284 -0.5750566765 -0.2538390536 -0.0301928307  3.0000000000
