 0.0000000000  0.0000000000 -0.9480740220  0.0000000000  1.0000000000
 0.0000000000  0.0000000000 -0.4957733777  0.0000000000  1.0000000000
 0.0000000000  0.0000000000 -0.4097207083  0.0000000000  1.0000000000
 0.0000000000  0.0000000000 -0.4765269187  0.0000000000  1.0000000000
 0.0000000000  0.0000000000 -0.9319311693  0.0000000000  1.0000000000
 0.0000000000  0.0000000000  2.8692853492  0.0000000000  1.0000000000
 0.0000000000  0.0000000000 -0.3134896155  0.0000000000  1.0000000000
 0.0000000000  0.0000000000 -0.6835433183  0.0000000000  1.0000000000
 0.0000000000  0.0000000000 -0.6148764067  0.0000000000  1.0000000000
 0.0000000000  0.0000000000 -0.4380580602  0.0000000000  1.0000000000
 0.0000000000  0.0000000000 -1.3135039378  0.0000000000  1.0000000000
 0.0000000000  0.0000000000 -0.2695591173  0.0000000000  1.0000000000
 0.0000000000  0.0000000000 -0.4908669235  0.0000000000  1.0000000000
 0.0000000000  0.0000000000 -0.5829234964  0.0000000000  1.0000000000
 0.0000000000  0.0000000000  4.5772063438  0.0000000000  1.0000000000
 0.0000000000  0.0000000000  6.7265954898  0.0000000000  1.0000000000
 0.0000000000  0.0000000000  2.3199381365  0.0000000000  1.0000000000
 0.0000000000  0.0000000000 -0.9420788879  0.0000000000  1.0000000000
 0.0000000000  0.0000000000  3.0718587552  0.0000000000  1.0000000000
 0.0000000000  0.0000000000 -1.0669398302  0.0000000000  1.0000000000
 0.0000000000  0.0000000000 -0.9830267813  0.0000000000  1.0000000000
 0.0000000000  0.0000000000 -0.9911045834  0.0000000000  1.0000000000
 0.0000000000  0.0000000000 -1.2269597345  0.0000000000  1.0000000000
 0.0000000000  0.0000000000 -0.5388517264  0.0000000000  1.0000000000
 0.0000000000  0.0000000000  0.2270664674  0.0000000000  1.0000000000
 0.0000000000  0.0000000000 -0.4548282123  0.0000000000  1.0000000000
 0.0000000000  0.0000000000 -0.5670493259  0.0000000000  1.0000000000
 0.0000000000  0.0000000000 -0.9575159336  0.0000000000  1.0000000000
 0.0000000000  0.0000000000 -0.9649312214  0.0000000000  1.0000000000
 0.0000000000  0.0000000000 -0.3965006410  0.0000000000  1.0000000000
 0.0000000000  0.0000000000 -0.4311516203  0.0000000000  1.0000000000
 0.0000000000  0.0000000000 -1.1189660270  0.0000000000  1.0000000000
 0.0000000000  0.0000000000  3.0005798381  0.0000000000  1.0000000000
 0.0000000000  0.0000000000  4.7182189096  0.0000000000  1.0000000000
 0.0000000000  0.0000000000 -0.4380580602  0.0000000000  1.0000000000
 0.0000000000  0.0000000000 -0.7861649514  0.0000000000  1.0000000000
 0.0000000000  0.0000000000 -1.3787334259  0.0000000000  1.0000000000
 0.0000000000  0.0000000000 -0.4380580602  0.0000000000  1.0000000000
 0.0000000000  0.0000000000 -0.5651004666  0.0000000000  1.0000000000
 0.0000000000  0.0000000000 -0.7825825746  0.0000000000  1.0000000000
 0.0000000000  0.0000000000 -0.9335011894  0.0000000000  1.0000000000
 0.0000000000  0.0000000000 -0.7215173557  0.0000000000  1.0000000000
 0.0000000000  0.0000000000 -0.4610126219  0.0000000000  1.0000000000
 0.0000000000  0.0000000000 -0.6511691474  0.0000000000  1.0000000000
 0.0000000000  0.0000000000  2.1179702870  0.0000000000  1.0000000000
 0.0000000000  0.0000000000 -0.5280362332  0.0000000000  1.0000000000
 0.0000000000  0.0000000000 -1.0084857260  0.0000000000  1.0000000000
 0.0000000000  0.0000000000 -0.4231827352  0.0000000000  1.0000000000
 0.0000000000  0.0000000000 -1.2100671790  0.0000000000  1.0000000000
 0.0000000000  0.0000000000 -0.6942995606  0.0000000000  1.0000000000
 2.9005118972  1.4891377799  0.0000000000 -1.2247448657  2.0000000000
 1.8113544386  1.6483154865  0.0000000000 -1.2247448652  2.0000000000
 1.3987965905  0.1865194071  0.0000000000 -1.2247448706  2.0000000000
-2.1311745708  1.1383071540  0.0000000000 -1.2247448674  2.0000000000
-0.0007645061  0.0078802904  0.0000000000 -1.2247448713  2.0000000000
-1.2978547735  0.5371949854  0.0000000000 -1.2247448695  2.0000000000
 1.1243537608  0.9927777239  0.0000000000 -1.2247448677  2.0000000000
-0.3251158018  0.6469991705  0.0000000000 -1.2247448689  2.0000000000
 0.5343588453  0.3763685137  0.0000000000 -1.2247448700  2.0000000000
-2.0114817551  0.6744214226  0.0000000000 -1.2247448690  2.0000000000
-0.9779923058  0.8141009641  0.0000000000 -1.2247448684  2.0000000000
-0.4572992891  0.9851228139  0.0000000000 -1.2247448678  2.0000000000
-1.7860427967  1.1511625443  0.0000000000 -1.2247448673  2.0000000000
-0.2079121206  0.4700587514  0.0000000000 -1.2247448697  2.0000000000
-0.8285660930  0.9317260511  0.0000000000 -1.2247448680  2.0000000000
 2.9752178720  2.2894152335  0.0000000000 -1.2247448628  2.0000000000
-1.0747864434  0.4904649657  0.0000000000 -1.2247448697  2.0000000000
-1.6502221272  1.0640159174  0.0000000000 -1.2247448677  2.0000000000
-1.0709111248  0.1017590649  0.0000000000 -1.2247448711  2.0000000000
-1.7756220687  0.9948767658  0.0000000000 -1.2247448679  2.0000000000
 0.4950712651  1.0323509224  0.0000000000 -1.2247448676  2.0000000000
 0.1408806792  1.3961609111  0.0000000000 -1.2247448663  2.0000000000
-0.3438776730  0.1700755881  0.0000000000 -1.2247448708  2.0000000000
-0.2265224049  0.6004732118  0.0000000000 -1.2247448692  2.0000000000
 1.2459536805  1.5271026119  0.0000000000 -1.2247448657  2.0000000000
 2.1253006448  1.7764900025  0.0000000000 -1.2247448647  2.0000000000
-0.1329033649 -0.6564698372  0.0000000000 -1.2247448738  2.0000000000
 0.2965402836 -0.6370727090  0.0000000000 -1.2247448737  2.0000000000
-0.4221107097  0.6140964211  0.0000000000 -1.2247448692  2.0000000000
-1.1132812398  1.0382871492  0.0000000000 -1.2247448676  2.0000000000
-1.9816369342  0.9780054904  0.0000000000 -1.2247448679  2.0000000000
-1.9510037179  0.9420984721  0.0000000000 -1.2247448680  2.0000000000
-0.9703953245  1.1609646198  0.0000000000 -1.2247448672  2.0000000000
 1.8292124269  1.9360654082  0.0000000000 -1.2247448642  2.0000000000
-1.4330392123  0.4231909163  0.0000000000 -1.2247448700  2.0000000000
 0.5137369135  1.1017019696  0.0000000000 -1.2247448673  2.0000000000
 1.7464946363  0.9475335426  0.0000000000 -1.2247448678  2.0000000000
-1.0630580879  0.4014324835  0.0000000000 -1.2247448700  2.0000000000
-1.5977236825  0.8541177210  0.0000000000 -1.2247448684  2.0000000000
-1.9384743028  0.9698916127  0.0000000000 -1.2247448680  2.0000000000
-1.9162873883  0.5968839393  0.0000000000 -1.2247448694  2.0000000000
-0.0323001106  0.6492208051  0.0000000000 -1.2247448690  2.0000000000
-1.2502539114  1.1898643676  0.0000000000 -1.2247448671  2.0000000000
-0.3500472636  0.7346444014  0.0000000000 -1.2247448686  2.0000000000
-1.5924036678  0.7993468506  0.0000000000 -1.2247448686  2.0000000000
-1.4447275783  0.7841588165  0.0000000000 -1.2247448687  2.0000000000
-1.3084711707  0.8272000009  0.0000000000 -1.2247448685  2.0000000000
 0.4425469599  1.1861889309  0.0000000000 -1.2247448670  2.0000000000
 0.7281958894  0.7662482997  0.0000000000 -1.2247448684  2.0000000000
-1.3069463462  0.9454905414  0.0000000000 -1.2247448680  2.0000000000
-0.0650970278 -1.7004465658  0.0000000000 -1.2247448776  3.0000000000
 1.9471543643  1.9230780740  0.0000000000 -1.2247448643  3.0000000000
 0.7377805582 -1.4711876239  0.0000000000 -1.2247448767  3.0000000000
-0.6114998613 -1.4031309423  0.0000000000 -1.2247448766  3.0000000000
-0.3502619052 -1.7271130513  0.0000000000 -1.2247448777  3.0000000000
 1.5208246653 -1.6639159406  0.0000000000 -1.2247448774  3.0000000000
-2.3920110209  0.3408709162  0.0000000000 -1.2247448703  3.0000000000
 0.9966603393 -1.5386445432  0.0000000000 -1.2247448769  3.0000000000
-0.6064213450 -1.6136507202  0.0000000000 -1.2247448773  3.0000000000
 1.1693182004 -1.4784732326  0.0000000000 -1.2247448767  3.0000000000
 0.1796986554 -0.8735502260  0.0000000000 -1.2247448746  3.0000000000
-0.9365843683 -1.5011090124  0.0000000000 -1.2247448769  3.0000000000
 0.2312113307 -1.3278494083  0.0000000000 -1.2247448762  3.0000000000
 1.5582054056  1.4479961283  0.0000000000 -1.2247448660  3.0000000000
 1.3405463969  1.2496715605  0.0000000000 -1.2247448668  3.0000000000
-0.1114506132 -1.3255084860  0.0000000000 -1.2247448763  3.0000000000
-0.0997663062 -1.1701281675  0.0000000000 -1.2247448757  3.0000000000
 1.5619615846 -1.6440279595  0.0000000000 -1.2247448773  3.0000000000
 1.8797190180 -1.7915076891  0.0000000000 -1.2247448778  3.0000000000
 1.7044900233  2.0274016456  0.0000000000 -1.2247448639  3.0000000000
 0.6112569292 -1.4371389229  0.0000000000 -1.2247448766  3.0000000000
 0.9491868637  0.8209788175  0.0000000000 -1.2247448683  3.0000000000
 1.5324514242 -1.7035305875  0.0000000000 -1.2247448775  3.0000000000
-1.4915199407 -1.2228130513  0.0000000000 -1.2247448760  3.0000000000
 0.4757162318 -1.3327143380  0.0000000000 -1.2247448762  3.0000000000
 0.8276497409 -1.4285213876  0.0000000000 -1.2247448766  3.0000000000
-1.3015901933 -0.8404731861  0.0000000000 -1.2247448746  3.0000000000
-0.2686677238  0.0526937847  0.0000000000 -1.2247448712  3.0000000000
-0.8288386454 -1.7422685118  0.0000000000 -1.2247448778  3.0000000000
 0.6582477343 -1.3507996880  0.0000000000 -1.2247448763  3.0000000000
 1.0011781298 -1.5096480012  0.0000000000 -1.2247448768  3.0000000000
 1.4178041725 -1.5844937547  0.0000000000 -1.2247448771  3.0000000000
-0.8680936505 -1.8126930835  0.0000000000 -1.2247448781  3.0000000000
 0.4800736081  0.6901440049  0.0000000000 -1.2247448689  3.0000000000
-0.3407088953 -0.0580247026  0.0000000000 -1.2247448716  3.0000000000
 1.3816027242 -1.5720651133  0.0000000000 -1.2247448770  3.0000000000
 0.0861366121 -1.3761961876  0.0000000000 -1.2247448764  3.0000000000
-0.0575831713 -1.0895610749  0.0000000000 -1.2247448754  3.0000000000
-0.1171147334  0.3978243291  0.0000000000 -1.2247448700  3.0000000000
 0.3882905041 -1.3215598644  0.0000000000 -1.2247448762  3.0000000000
 0.2476076034 -1.4541150717  0.0000000000 -1.2247448767  3.0000000000
 0.2590578608 -1.3665118960  0.0000000000 -1.2247448764  3.0000000000
 1.9471543643  1.9230780740  0.0000000000 -1.2247448643  3.0000000000
 0.5478583447 -1.5048944510  0.0000000000 -1.2247448769  3.0000000000
 0.5894318391 -1.3892788933  0.0000000000 -1.2247448764  3.0000000000
 0.0118284492 -1.3345972556  0.0000000000 -1.2247448763  3.0000000000
-1.5316344576 -1.5779100176  0.0000000000 -1.2247448773  3.0000000000
-0.2085546761 -1.1575853823  0.0000000000 -1.2247448756  3.0000000000
-0.0720389531 -1.2625796622  0.0000000000 -1.2247448760  3.0000000000
 1.6820169023  1.7401122996  0.0000000000 -1.2247448649  3.0000000000
