 0.000000000  0.000000000 -0.672340959  0.000000000  1.000000000
 0.000000000  0.000000000 -1.319194767  0.000000000  1.000000000
 0.000000000  0.000000000 -1.266590833  0.000000000  1.000000000
 0.000000000  0.000000000 -1.169841614  0.000000000  1.000000000
 0.000000000  0.000000000 -0.670033696  0.000000000  1.000000000
 0.000000000  0.000000000  5.392764642  0.000000000  1.000000000
 0.000000000  0.000000000 -1.054143731  0.000000000  1.000000000
 0.000000000  0.000000000 -0.731212509  0.000000000  1.000000000
 0.000000000  0.000000000 -1.284951171  0.000000000  1.000000000
 0.000000000  0.000000000 -1.357312097  0.000000000  1.000000000
 0.000000000  0.000000000  1.706472955  0.000000000  1.000000000
 0.000000000  0.000000000 -0.868171686  0.000000000  1.000000000
 0.000000000  0.000000000 -1.331905366  0.000000000  1.000000000
 0.000000000  0.000000000 -1.418691461  0.000000000  1.000000000
 0.000000000  0.000000000  3.171201908  0.000000000  1.000000000
 0.000000000  0.000000000  3.437275363  0.000000000  1.000000000
 0.000000000  0.000000000  2.510449938  0.000000000  1.000000000
 0.000000000  0.000000000 -0.668337456  0.000000000  1.000000000
 0.000000000  0.000000000  5.681938621  0.000000000  1.000000000
 0.000000000  0.000000000  0.350429962  0.000000000  1.000000000
 0.000000000  0.000000000 -0.628846619  0.000000000  1.000000000
 0.000000000  0.000000000  0.175327358  0.000000000  1.000000000
 0.000000000  0.000000000 -0.071418342  0.000000000  1.000000000
 0.000000000  0.000000000  0.232890194  0.000000000  1.000000000
 0.000000000  0.000000000 -0.868172811  0.000000000  1.000000000
 0.000000000  0.000000000 -1.344608063  0.000000000  1.000000000
 0.000000000  0.000000000 -0.097466818  0.000000000  1.000000000
 0.000000000  0.000000000 -0.680808234  0.000000000  1.000000000
 0.000000000  0.000000000 -0.678715467  0.000000000  1.000000000
 0.000000000  0.000000000 -1.139619870  0.000000000  1.000000000
 0.000000000  0.000000000 -1.232931837  0.000000000  1.000000000
 0.000000000  0.000000000  0.032124705  0.000000000  1.000000000
 0.000000000  0.000000000  1.440329523  0.000000000  1.000000000
 0.000000000  0.000000000  2.475858258  0.000000000  1.000000000
 0.000000000  0.000000000 -1.357312097  0.000000000  1.000000000
 0.000000000  0.000000000 -1.078964273  0.000000000  1.000000000
 0.000000000  0.000000000  1.544217708  0.000000000  1.000000000
 0.000000000  0.000000000 -1.357312097  0.000000000  1.000000000
 0.000000000  0.000000000 -1.313996900  0.000000000  1.000000000
 0.000000000  0.000000000 -0.686663745  0.000000000  1.000000000
 0.000000000  0.000000000 -0.665312005  0.000000000  1.000000000
 0.000000000  0.000000000 -1.416398658  0.000000000  1.000000000
 0.000000000  0.000000000 -1.302691155  0.000000000  1.000000000
 0.000000000  0.000000000  0.530976375  0.000000000  1.000000000
 0.000000000  0.000000000  2.754895774  0.000000000  1.000000000
 0.000000000  0.000000000 -1.289416445  0.000000000  1.000000000
 0.000000000  0.000000000  0.510491188  0.000000000  1.000000000
 0.000000000  0.000000000 -1.197671028  0.000000000  1.000000000
 0.000000000  0.000000000  1.094785031  0.000000000  1.000000000
 0.000000000  0.000000000 -0.821375680  0.000000000  1.000000000
 0.212126353  1.074998289  0.000000000 -1.224744874  2.000000000
 0.240298960  0.457361960  0.000000000 -1.224744872  2.000000000
 0.208814083  1.092069393  0.000000000 -1.224744874  2.000000000
 0.096689634 -0.269898173  0.000000000 -1.224744870  2.000000000
 0.180833470  0.443935896  0.000000000 -1.224744872  2.000000000
 0.063616089 -0.267301779  0.000000000 -1.224744870  2.000000000
 0.352119755  0.003327209  0.000000000 -1.224744872  2.000000000
-6.646923963 -0.815945856  0.000000000 -1.224744871  2.000000000
 0.178082762  0.374852627  0.000000000 -1.224744872  2.000000000
 0.088203022 -0.268820661  0.000000000 -1.224744870  2.000000000
-5.547662942 -0.721840380  0.000000000 -1.224744871  2.000000000
 0.156507433 -0.277746334  0.000000000 -1.224744870  2.000000000
 0.113733717 -0.271017596  0.000000000 -1.224744870  2.000000000
 0.215474615 -0.245157753  0.000000000 -1.224744871  2.000000000
 0.167053070 -0.274282601  0.000000000 -1.224744871  2.000000000
 0.208634873  0.573179412  0.000000000 -1.224744873  2.000000000
 0.127729345 -0.280199525  0.000000000 -1.224744870  2.000000000
 0.112339901 -0.270489996  0.000000000 -1.224744870  2.000000000
-0.626940635  4.404500686  0.000000000 -1.224744879  2.000000000
 0.116437129 -0.271777515  0.000000000 -1.224744870  2.000000000
 0.406340714 -0.655528807  0.000000000 -1.224744870  2.000000000
 0.152006657 -0.159068770  0.000000000 -1.224744871  2.000000000
 0.537209510 -1.641890776  0.000000000 -1.224744868  2.000000000
 0.221802669 -0.170216715  0.000000000 -1.224744871  2.000000000
 0.190410864  0.094891408  0.000000000 -1.224744871  2.000000000
 0.199856644  0.412393205  0.000000000 -1.224744872  2.000000000
 0.168558991  0.699294454  0.000000000 -1.224744873  2.000000000
 0.214565913  1.009723451  0.000000000 -1.224744874  2.000000000
 0.189323421 -0.285420359  0.000000000 -1.224744871  2.000000000
 0.162422754 -0.275600264  0.000000000 -1.224744871  2.000000000
 0.118078527 -0.272359201  0.000000000 -1.224744870  2.000000000
 0.129139538 -0.273569147  0.000000000 -1.224744870  2.000000000
 0.112358852 -0.270654675  0.000000000 -1.224744870  2.000000000
 0.511934499 -1.464008441  0.000000000 -1.224744869  2.000000000
 0.087771768 -0.276188902  0.000000000 -1.224744870  2.000000000
 0.323449021 -0.018127756  0.000000000 -1.224744872  2.000000000
 0.213722666  0.807934358  0.000000000 -1.224744873  2.000000000
-0.173778122  1.852381477  0.000000000 -1.224744874  2.000000000
 0.130655014 -0.269730270  0.000000000 -1.224744870  2.000000000
 0.096274125 -0.269538476  0.000000000 -1.224744870  2.000000000
 0.016278576 -0.261628591  0.000000000 -1.224744869  2.000000000
 0.206638298 -0.227478783  0.000000000 -1.224744871  2.000000000
 0.112655018 -0.270729747  0.000000000 -1.224744870  2.000000000
-5.861261395 -0.752013901  0.000000000 -1.224744871  2.000000000
 0.089653823 -0.268074073  0.000000000 -1.224744870  2.000000000
 0.137482721 -0.270093613  0.000000000 -1.224744870  2.000000000
 0.122850475 -0.269519978  0.000000000 -1.224744870  2.000000000
 0.183704911 -0.101516209  0.000000000 -1.224744871  2.000000000
-5.572682568 -0.733389250  0.000000000 -1.224744871  2.000000000
 0.109742834 -0.268896743  0.000000000 -1.224744870  2.000000000
 0.101127948  2.049049197  0.000000000 -1.224744876  3.000000000
 0.486689230 -1.280559977  0.000000000 -1.224744869  3.000000000
 0.310908534  0.323212919  0.000000000 -1.224744872  3.000000000
 0.498669986 -1.305650477  0.000000000 -1.224744869  3.000000000
 0.580717343 -2.022930007  0.000000000 -1.224744866  3.000000000
 0.314099667  0.325312575  0.000000000 -1.224744872  3.000000000
-0.005765579 -0.259434751  0.000000000 -1.224744869  3.000000000
 0.312801796  0.324458776  0.000000000 -1.224744872  3.000000000
 0.464058450 -1.045470549  0.000000000 -1.224744868  3.000000000
 0.309770081  0.322246094  0.000000000 -1.224744872  3.000000000
 0.062294863  2.304722691  0.000000000 -1.224744877  3.000000000
 0.494697067 -1.286348535  0.000000000 -1.224744869  3.000000000
 0.308924159  0.321696703  0.000000000 -1.224744872  3.000000000
 0.465851011 -1.099889538  0.000000000 -1.224744869  3.000000000
 0.444606203 -0.916140684  0.000000000 -1.224744870  3.000000000
 0.022382492  2.669141461  0.000000000 -1.224744877  3.000000000
 0.619706959 -2.288499910  0.000000000 -1.224744868  3.000000000
 0.312396533  0.324041561  0.000000000 -1.224744872  3.000000000
 0.315419234  0.326180721  0.000000000 -1.224744872  3.000000000
-0.146178219  1.937652078  0.000000000 -1.224744875  3.000000000
 0.309546320  0.322381353  0.000000000 -1.224744872  3.000000000
 0.416451173 -0.672458948  0.000000000 -1.224744870  3.000000000
 0.314609288  0.325647882  0.000000000 -1.224744872  3.000000000
 0.511738881 -1.443628890  0.000000000 -1.224744869  3.000000000
 0.309595376  0.321459449  0.000000000 -1.224744872  3.000000000
 0.311657392  0.323705754  0.000000000 -1.224744872  3.000000000
 0.483577520 -1.232336131  0.000000000 -1.224744869  3.000000000
 0.462270375 -1.077417408  0.000000000 -1.224744869  3.000000000
 0.556400590 -1.812558946  0.000000000 -1.224744867  3.000000000
 0.311750085  0.323766801  0.000000000 -1.224744872  3.000000000
 0.312400129  0.324194483  0.000000000 -1.224744872  3.000000000
 0.312491836  0.324149734  0.000000000 -1.224744872  3.000000000
 0.574894832 -1.973779217  0.000000000 -1.224744866  3.000000000
 0.527895503 -1.576336526  0.000000000 -1.224744868  3.000000000
 0.513567135 -1.452468457  0.000000000 -1.224744869  3.000000000
 0.312713757  0.324400620  0.000000000 -1.224744872  3.000000000
 0.103041303  2.021203436  0.000000000 -1.224744876  3.000000000
 0.514432719 -1.416536180  0.000000000 -1.224744870  3.000000000
 0.444784395 -0.944639180  0.000000000 -1.224744870  3.000000000
 0.134040312  1.754869251  0.000000000 -1.224744875  3.000000000
 0.308773114  0.323236953  0.000000000 -1.224744872  3.000000000
-0.228718370  4.725408958  0.000000000 -1.224744882  3.000000000
 0.486689230 -1.280559977  0.000000000 -1.224744869  3.000000000
 0.309767628  0.322244477  0.000000000 -1.224744872  3.000000000
 0.309079413  0.323391010  0.000000000 -1.224744872  3.000000000
-0.007030948  2.902807930  0.000000000 -1.224744878  3.000000000
 0.545226488 -1.695753961  0.000000000 -1.224744868  3.000000000
 0.220784672  0.993904433  0.000000000 -1.224744874  3.000000000
 0.012778736  2.757292779  0.000000000 -1.224744878  3.000000000
 0.477279988 -1.199504295  0.000000000 -1.224744869  3.000000000
