 0.00000000 -0.38440895  0.00000000  0.00000000  1.00000000
 0.00000000  0.84416282  0.00000000  0.00000000  1.00000000
 0.00000000  1.14117656  0.00000000  0.00000000  1.00000000
 0.00000000  1.89970041  0.00000000  0.00000000  1.00000000
 0.00000000 -0.26442117  0.00000000  0.00000000  1.00000000
 0.00000000 -1.77870021  0.00000000  0.00000000  1.00000000
 0.00000000  1.67930467  0.00000000  0.00000000  1.00000000
 0.00000000  0.52025946  0.00000000  0.00000000  1.00000000
 0.00000000  2.24538437  0.00000000  0.00000000  1.00000000
 0.00000000  0.98018985  0.00000000  0.00000000  1.00000000
 0.00000000 -1.67708319  0.00000000  0.00000000  1.00000000
 0.00000000  1.60418836  0.00000000  0.00000000  1.00000000
 0.00000000  1.05636469  0.00000000  0.00000000  1.00000000
 0.00000000  1.78882204  0.00000000  0.00000000  1.00000000
 0.00000000 -4.79822090  0.00000000  0.00000000  1.00000000
 0.00000000 -4.88240943  0.00000000  0.00000000  1.00000000
 0.00000000 -2.77693914  0.00000000  0.00000000  1.00000000
 0.00000000 -0.35404522  0.00000000  0.00000000  1.00000000
 0.00000000 -2.69029370  0.00000000  0.00000000  1.00000000
 0.00000000 -0.87472851  0.00000000  0.00000000  1.00000000
 0.00000000 -0.53961843  0.00000000  0.00000000  1.00000000
 0.00000000 -0.62531620  0.00000000  0.00000000  1.00000000
 0.00000000 -0.20618075  0.00000000  0.00000000  1.00000000
 0.00000000  0.74153442  0.00000000  0.00000000  1.00000000
 0.00000000  2.54898659  0.00000000  0.00000000  1.00000000
 0.00000000  0.99784687  0.00000000  0.00000000  1.00000000
 0.00000000  0.69372195  0.00000000  0.00000000  1.00000000
 0.00000000 -0.47194886  0.00000000  0.00000000  1.00000000
 0.00000000 -0.50799746  0.00000000  0.00000000  1.00000000
 0.00000000  1.85572082  0.00000000  0.00000000  1.00000000
 0.00000000  1.56062744  0.00000000  0.00000000  1.00000000
 0.00000000 -0.96591729  0.00000000  0.00000000  1.00000000
 0.00000000 -2.17397544  0.00000000  0.00000000  1.00000000
 0.00000000 -3.80093816  0.00000000  0.00000000  1.00000000
 0.00000000  0.98018985  0.00000000  0.00000000  1.00000000
 0.00000000  0.12711660  0.00000000  0.00000000  1.00000000
 0.00000000 -1.96678271  0.00000000  0.00000000  1.00000000
 0.00000000  0.98018985  0.00000000  0.00000000  1.00000000
 0.00000000  2.01078902  0.00000000  0.00000000  1.00000000
 0.00000000  0.12201659  0.00000000  0.00000000  1.00000000
 0.00000000 -0.26715205  0.00000000  0.00000000  1.00000000
 0.00000000  1.79182240  0.00000000  0.00000000  1.00000000
 0.00000000  1.97753142  0.00000000  0.00000000  1.00000000
 0.00000000  0.35929032  0.00000000  0.00000000  1.00000000
 0.00000000  0.19239590  0.00000000  0.00000000  1.00000000
 0.00000000  1.19561641  0.00000000  0.00000000  1.00000000
 0.00000000 -0.67256629  0.00000000  0.00000000  1.00000000
 0.00000000  1.65277354  0.00000000  0.00000000  1.00000000
 0.00000000 -1.32030933  0.00000000  0.00000000  1.00000000
 0.00000000  0.45222999  0.00000000  0.00000000  1.00000000
-1.21432047  0.00000000  0.13833346  1.22474487  2.00000000
-1.11416047  0.00000000  0.38918595  1.22474487  2.00000000
-1.12609417  0.00000000 -0.02587623  1.22474487  2.00000000
 2.38609830  0.00000000  1.79796584  1.22474487  2.00000000
-0.45276669  0.00000000  0.37849217  1.22474487  2.00000000
 0.53089825  0.00000000  0.96632042  1.22474487  2.00000000
-1.37460956  0.00000000  0.19206833  1.22474487  2.00000000
 1.60264695  0.00000000  2.27194022  1.22474487  2.00000000
-0.58790440  0.00000000  0.44266403  1.22474487  2.00000000
 1.10727848  0.00000000  1.62100538  1.22474487  2.00000000
 3.11465607  0.00000000  2.49669171  1.22474487  2.00000000
-0.77557678  0.00000000  0.75225962  1.22474487  2.00000000
 0.18142267  0.00000000  1.29697084  1.22474487  2.00000000
-0.43726778  0.00000000  0.41297223  1.22474487  2.00000000
-0.60877874  0.00000000  1.42516708  1.22474487  2.00000000
-0.93407212  0.00000000  0.46214079  1.22474487  2.00000000
-0.32653424  0.00000000  0.71185725  1.22474487  2.00000000
 0.80791488  0.00000000  1.48547300  1.22474487  2.00000000
-0.19958188  0.00000000  0.43493051  1.22474487  2.00000000
 1.33626657  0.00000000  1.73837493  1.22474487  2.00000000
-1.33873568  0.00000000  0.04546276  1.22474487  2.00000000
-0.21037126  0.00000000  1.06965069  1.22474487  2.00000000
-0.23890265  0.00000000  0.09373022  1.22474487  2.00000000
-0.06260290  0.00000000  0.57109514  1.22474487  2.00000000
-0.48646709  0.00000000  0.72328759  1.22474487  2.00000000
-0.74826013  0.00000000  0.51132453  1.22474487  2.00000000
-0.53519030  0.00000000  0.20984990  1.22474487  2.00000000
-1.02831177  0.00000000 -0.15482266  1.22474487  2.00000000
-0.45264887  0.00000000  0.55168687  1.22474487  2.00000000
 0.17369135  0.00000000  1.80878585  1.22474487  2.00000000
 1.64227143  0.00000000  1.90227683  1.22474487  2.00000000
 1.47073922  0.00000000  1.99866702  1.22474487  2.00000000
 0.37604171  0.00000000  1.41586038  1.22474487  2.00000000
-0.59664308  0.00000000 -0.13083569  1.22474487  2.00000000
-0.08883414  0.00000000  0.82210611  1.22474487  2.00000000
-1.42304216  0.00000000  0.42534417  1.22474487  2.00000000
-1.04574867  0.00000000  0.17738935  1.22474487  2.00000000
-0.14940053  0.00000000  0.67147519  1.22474487  2.00000000
-0.31593990  0.00000000  1.14264675  1.22474487  2.00000000
 1.61245212  0.00000000  1.62911388  1.22474487  2.00000000
 1.55339117  0.00000000  1.36999964  1.22474487  2.00000000
-0.62105388  0.00000000  0.47994573  1.22474487  2.00000000
 0.92092405  0.00000000  1.45572786  1.22474487  2.00000000
 1.78529244  0.00000000  2.31017353  1.22474487  2.00000000
 0.84191299  0.00000000  1.29387310  1.22474487  2.00000000
-0.23660676  0.00000000  1.11089081  1.22474487  2.00000000
-0.00237126  0.00000000  1.09460023  1.22474487  2.00000000
-0.42706312  0.00000000  0.76962756  1.22474487  2.00000000
 0.42688486  0.00000000  2.12512061  1.22474487  2.00000000
 0.26609558  0.00000000  1.22344577  1.22474487  2.00000000
-1.63061171  0.00000000 -1.43558399  1.22474487  3.00000000
-0.63513380  0.00000000 -0.30734758  1.22474487  3.00000000
 0.89109789  0.00000000 -1.57565561  1.22474487  3.00000000
-1.16043821  0.00000000 -0.67929687  1.22474487  3.00000000
-0.60096404  0.00000000 -1.23712072  1.22474487  3.00000000
 2.79368333  0.00000000 -2.44335248  1.22474487  3.00000000
 1.45367732  0.00000000  0.99621587  1.22474487  3.00000000
 2.36982679  0.00000000 -1.80765435  1.22474487  3.00000000
 0.86027306  0.00000000 -1.20720994  1.22474487  3.00000000
 0.04524317  0.00000000 -1.95020173  1.22474487  3.00000000
-1.70086319  0.00000000 -0.32331573  1.22474487  3.00000000
-0.43352249  0.00000000 -0.55182337  1.22474487  3.00000000
-0.01305337  0.00000000 -0.99262631  1.22474487  3.00000000
-0.27723180  0.00000000 -0.29575375  1.22474487  3.00000000
-0.83639627  0.00000000 -0.59040593  1.22474487  3.00000000
-1.54746940  0.00000000 -0.68015629  1.22474487  3.00000000
-0.97217066  0.00000000 -0.64500537  1.22474487  3.00000000
 1.60042813  0.00000000 -2.55472552  1.22474487  3.00000000
 4.02911234  0.00000000 -2.89666025  1.22474487  3.00000000
-0.02473223  0.00000000  0.01297553  1.22474487  3.00000000
-0.10083295  0.00000000 -1.33084338  1.22474487  3.00000000
-0.74002874  0.00000000 -0.18637391  1.22474487  3.00000000
 3.52074731  0.00000000 -2.55390134  1.22474487  3.00000000
-0.50272971  0.00000000 -0.09079729  1.22474487  3.00000000
-1.00380849  0.00000000 -1.07114725  1.22474487  3.00000000
 1.07398133  0.00000000 -1.48442291  1.22474487  3.00000000
-0.62262890  0.00000000  0.02153952  1.22474487  3.00000000
-1.02353432  0.00000000 -0.06184936  1.22474487  3.00000000
-0.45018102  0.00000000 -0.96811343  1.22474487  3.00000000
 1.54914382  0.00000000 -1.21614387  1.22474487  3.00000000
 2.10419936  0.00000000 -1.87410692  1.22474487  3.00000000
 1.31566511  0.00000000 -2.42150695  1.22474487  3.00000000
-0.39047836  0.00000000 -1.03733729  1.22474487  3.00000000
-0.59392400  0.00000000 -0.08230443  1.22474487  3.00000000
-1.10721788  0.00000000 -0.37330008  1.22474487  3.00000000
 1.69045593  0.00000000 -2.35551759  1.22474487  3.00000000
-2.13394566  0.00000000 -0.94161328  1.22474487  3.00000000
-1.51819400  0.00000000 -0.57224556  1.22474487  3.00000000
-0.98962500  0.00000000  0.04478358  1.22474487  3.00000000
-0.04805693  0.00000000 -0.91008179  1.22474487  3.00000000
-0.31479678  0.00000000 -1.22623249  1.22474487  3.00000000
-0.01880160  0.00000000 -0.74120736  1.22474487  3.00000000
-0.63513380  0.00000000 -0.30734758  1.22474487  3.00000000
-0.28342294  0.00000000 -1.49671133  1.22474487  3.00000000
-0.75523297  0.00000000 -1.33313034  1.22474487  3.00000000
-0.23484530  0.00000000 -0.77594980  1.22474487  3.00000000
-0.25240750  0.00000000 -0.26222639  1.22474487  3.00000000
-1.05037464  0.00000000 -0.47905661  1.22474487  3.00000000
-2.54133775  0.00000000 -0.62797648  1.22474487  3.00000000
-1.13042612  0.00000000 -0.22661102  1.22474487  3.00000000
