 0.000000000  0.517595573  0.000000000  0.000000000  1.000000000
 0.000000000 -1.177493897  0.000000000  0.000000000  1.000000000
 0.000000000 -1.196590490  0.000000000  0.000000000  1.000000000
 0.000000000 -2.020651251  0.000000000  0.000000000  1.000000000
 0.000000000  0.456702842  0.000000000  0.000000000  1.000000000
 0.000000000  2.012133871  0.000000000  0.000000000  1.000000000
 0.000000000 -1.165558681  0.000000000  0.000000000  1.000000000
 0.000000000 -0.153658377  0.000000000  0.000000000  1.000000000
 0.000000000 -2.952681833  0.000000000  0.000000000  1.000000000
 0.000000000 -1.038656958  0.000000000  0.000000000  1.000000000
 0.000000000  1.655660512  0.000000000  0.000000000  1.000000000
 0.000000000 -0.947846179  0.000000000  0.000000000  1.000000000
 0.000000000 -1.440586802  0.000000000  0.000000000  1.000000000
 0.000000000 -2.606345569  0.000000000  0.000000000  1.000000000
 0.000000000  3.919940908  0.000000000  0.000000000  1.000000000
 0.000000000  4.331723374  0.000000000  0.000000000  1.000000000
 0.000000000  2.604851443  0.000000000  0.000000000  1.000000000
 0.000000000  0.613563701  0.000000000  0.000000000  1.000000000
 0.000000000  2.588069046  0.000000000  0.000000000  1.000000000
 0.000000000  1.146032659  0.000000000  0.000000000  1.000000000
 0.000000000  0.760969162  0.000000000  0.000000000  1.000000000
 0.000000000  1.011007372  0.000000000  0.000000000  1.000000000
 0.000000000 -0.315753914  0.000000000  0.000000000  1.000000000
 0.000000000 -0.034695826  0.000000000  0.000000000  1.000000000
 0.000000000 -1.421070080  0.000000000  0.000000000  1.000000000
 0.000000000 -1.125865586  0.000000000  0.000000000  1.000000000
 0.000000000 -0.087788542  0.000000000  0.000000000  1.000000000
 0.000000000  0.656871667  0.000000000  0.000000000  1.000000000
 0.000000000  0.580172198  0.000000000  0.000000000  1.000000000
 0.000000000 -1.629818740  0.000000000  0.000000000  1.000000000
 0.000000000 -1.524209099  0.000000000  0.000000000  1.000000000
 0.000000000  1.184604237  0.000000000  0.000000000  1.000000000
 0.000000000  1.963343488  0.000000000  0.000000000  1.000000000
 0.000000000  3.276200496  0.000000000  0.000000000  1.000000000
 0.000000000 -1.038656958  0.000000000  0.000000000  1.000000000
 0.000000000 -0.156449709  0.000000000  0.000000000  1.000000000
 0.000000000  1.753333372  0.000000000  0.000000000  1.000000000
 0.000000000 -1.038656958  0.000000000  0.000000000  1.000000000
 0.000000000 -2.598861831  0.000000000  0.000000000  1.000000000
 0.000000000  0.143085632  0.000000000  0.000000000  1.000000000
 0.000000000  0.470686152  0.000000000  0.000000000  1.000000000
 0.000000000 -3.718826595  0.000000000  0.000000000  1.000000000
 0.000000000 -2.127907190  0.000000000  0.000000000  1.000000000
 0.000000000  0.358069812  0.000000000  0.000000000  1.000000000
 0.000000000  0.589546374  0.000000000  0.000000000  1.000000000
 0.000000000 -1.521912087  0.000000000  0.000000000  1.000000000
 0.000000000  0.902361240  0.000000000  0.000000000  1.000000000
 0.000000000 -1.653986084  0.000000000  0.000000000  1.000000000
 0.000000000  1.366398275  0.000000000  0.000000000  1.000000000
 0.000000000 -0.168394167  0.000000000  0.000000000  1.000000000
-0.754534362  0.000000000 -0.211727841 -1.224744871  2.000000000
-0.706033700  0.000000000 -0.474668944 -1.224744871  2.000000000
-0.270622103  0.000000000 -0.015479688 -1.224744871  2.000000000
-0.487320560  0.000000000 -1.682881739 -1.224744870  2.000000000
-0.403230491  0.000000000 -0.250251147 -1.224744871  2.000000000
 0.410857368  0.000000000 -1.053949026 -1.224744870  2.000000000
-0.122755275  0.000000000 -0.389771798 -1.224744871  2.000000000
-2.027880500  0.000000000 -1.973598444 -1.224744870  2.000000000
-0.127071263  0.000000000 -0.532772096 -1.224744871  2.000000000
-1.255059784  0.000000000 -1.332160824 -1.224744870  2.000000000
-1.198754116  0.000000000 -2.279792302 -1.224744870  2.000000000
-1.053573331  0.000000000 -0.644691708 -1.224744871  2.000000000
 0.071277493  0.000000000 -1.074439816 -1.224744871  2.000000000
 0.834820113  0.000000000 -0.737437243 -1.224744871  2.000000000
-1.897132802  0.000000000 -1.152891200 -1.224744870  2.000000000
-1.088833034  0.000000000 -0.470262471 -1.224744871  2.000000000
-0.206086845  0.000000000 -0.753001804 -1.224744871  2.000000000
-0.002404876  0.000000000 -1.303500103 -1.224744870  2.000000000
 0.166307841  0.000000000 -0.120385127 -1.224744871  2.000000000
-0.467039977  0.000000000 -1.566536838 -1.224744870  2.000000000
 0.766998721  0.000000000 -0.361847687 -1.224744871  2.000000000
-1.084995391  0.000000000 -1.004215691 -1.224744871  2.000000000
 1.357580589  0.000000000 -0.280917280 -1.224744871  2.000000000
 1.189580525  0.000000000 -1.014647209 -1.224744871  2.000000000
-0.668794513  0.000000000 -0.765636819 -1.224744871  2.000000000
-0.938485823  0.000000000 -0.485586052 -1.224744871  2.000000000
-0.027464032  0.000000000 -0.138314706 -1.224744871  2.000000000
-0.201057305  0.000000000  0.233588335 -1.224744872  2.000000000
-0.145751395  0.000000000 -0.577630181 -1.224744871  2.000000000
-1.271110945  0.000000000 -1.587243077 -1.224744870  2.000000000
-0.599480914  0.000000000 -1.717672015 -1.224744870  2.000000000
-0.605908175  0.000000000 -1.787932514 -1.224744870  2.000000000
-0.911357302  0.000000000 -1.262583193 -1.224744870  2.000000000
 2.927029726  0.000000000 -0.569959901 -1.224744871  2.000000000
-0.178091494  0.000000000 -0.870819622 -1.224744871  2.000000000
-0.625792271  0.000000000 -0.565636653 -1.224744871  2.000000000
-0.516463482  0.000000000 -0.208169921 -1.224744871  2.000000000
 0.161259761  0.000000000 -0.426666566 -1.224744871  2.000000000
-0.861113009  0.000000000 -0.892621736 -1.224744871  2.000000000
-0.657186284  0.000000000 -1.479305452 -1.224744870  2.000000000
 0.520116647  0.000000000 -1.367253224 -1.224744870  2.000000000
 0.374965440  0.000000000 -0.753868381 -1.224744871  2.000000000
-0.604031222  0.000000000 -1.339181914 -1.224744870  2.000000000
-1.881279576  0.000000000 -2.039847419 -1.224744870  2.000000000
-0.313895849  0.000000000 -1.212359287 -1.224744870  2.000000000
-0.404644389  0.000000000 -0.893692635 -1.224744871  2.000000000
-0.514955228  0.000000000 -0.957657365 -1.224744871  2.000000000
-0.406083383  0.000000000 -0.887361254 -1.224744871  2.000000000
-2.886816728  0.000000000 -1.834584936 -1.224744870  2.000000000
-0.688390241  0.000000000 -1.077805071 -1.224744870  2.000000000
 1.294347319  0.000000000  1.174848267 -1.224744872  3.000000000
 2.423642161  0.000000000 -0.211875128 -1.224744871  3.000000000
-0.507586810  0.000000000  1.713438278 -1.224744873  3.000000000
 2.466996824  0.000000000  0.197298284 -1.224744872  3.000000000
 0.888385306  0.000000000  1.087176075 -1.224744872  3.000000000
-0.781591714  0.000000000  2.664605028 -1.224744874  3.000000000
 0.644195803  0.000000000 -0.910389121 -1.224744871  3.000000000
 0.429541403  0.000000000  1.814524571 -1.224744873  3.000000000
 1.015113295  0.000000000  1.114381285 -1.224744872  3.000000000
-1.168544949  0.000000000  2.154477449 -1.224744873  3.000000000
-0.188546366  0.000000000  0.432831823 -1.224744872  3.000000000
 0.559861687  0.000000000  0.567856618 -1.224744872  3.000000000
-0.500097307  0.000000000  1.185321992 -1.224744872  3.000000000
 1.906975066  0.000000000  0.007879808 -1.224744871  3.000000000
 0.544378997  0.000000000  0.636111021 -1.224744872  3.000000000
-0.289112991  0.000000000  0.821049455 -1.224744872  3.000000000
 1.560974674  0.000000000  0.361726335 -1.224744872  3.000000000
-0.527328521  0.000000000  2.537597677 -1.224744874  3.000000000
-1.674509833  0.000000000  3.437996649 -1.224744874  3.000000000
 2.839545996  0.000000000 -0.468513075 -1.224744871  3.000000000
-0.822437673  0.000000000  1.550934394 -1.224744873  3.000000000
 1.614138851  0.000000000 -0.160859809 -1.224744871  3.000000000
-0.756152248  0.000000000  2.804893274 -1.224744874  3.000000000
-0.031071159  0.000000000  0.234544057 -1.224744872  3.000000000
 0.589252523  0.000000000  0.952988320 -1.224744872  3.000000000
 0.671321095  0.000000000  1.321709623 -1.224744873  3.000000000
-0.135279936  0.000000000  0.098940424 -1.224744871  3.000000000
 0.719470075  0.000000000 -0.128131785 -1.224744871  3.000000000
 0.836399549  0.000000000  0.882367435 -1.224744872  3.000000000
 0.665969724  0.000000000  1.082212707 -1.224744872  3.000000000
-0.418612378  0.000000000  1.985810332 -1.224744873  3.000000000
-0.594751392  0.000000000  2.268974611 -1.224744873  3.000000000
 0.470283645  0.000000000  1.037941791 -1.224744872  3.000000000
 2.064006107  0.000000000 -0.439999036 -1.224744871  3.000000000
 4.602683464  0.000000000 -0.534026409 -1.224744871  3.000000000
-2.071170219  0.000000000  2.698087078 -1.224744874  3.000000000
 0.680247733  0.000000000  0.830802016 -1.224744872  3.000000000
 1.966773311  0.000000000  0.177578490 -1.224744872  3.000000000
 0.452097053  0.000000000 -0.180382106 -1.224744871  3.000000000
-1.025313013  0.000000000  1.213623382 -1.224744872  3.000000000
-0.829671499  0.000000000  1.478536534 -1.224744873  3.000000000
-2.385759786  0.000000000  1.375469103 -1.224744873  3.000000000
 2.423642161  0.000000000 -0.211875128 -1.224744871  3.000000000
 0.005310193  0.000000000  1.508637196 -1.224744873  3.000000000
-0.731753158  0.000000000  1.538145822 -1.224744873  3.000000000
-1.573274573  0.000000000  1.236417420 -1.224744872  3.000000000
-0.150090338  0.000000000  0.549570875 -1.224744872  3.000000000
-0.036579251  0.000000000  0.570895629 -1.224744872  3.000000000
 0.775515145  0.000000000  0.503092349 -1.224744872  3.000000000
 2.368853699  0.000000000 -0.417612397 -1.224744871  3.000000000
