 0.00000000  0.46135214  0.00000000  0.00000000  1.00000000
 0.00000000 -1.10025887  0.00000000  0.00000000  1.00000000
 0.00000000 -1.52315362  0.00000000  0.00000000  1.00000000
 0.00000000 -1.81937710  0.00000000  0.00000000  1.00000000
 0.00000000  0.32345740  0.00000000  0.00000000  1.00000000
 0.00000000  2.18290126  0.00000000  0.00000000  1.00000000
 0.00000000 -1.54804806  0.00000000  0.00000000  1.00000000
 0.00000000  0.07325405  0.00000000  0.00000000  1.00000000
 0.00000000 -2.99348121  0.00000000  0.00000000  1.00000000
 0.00000000 -0.57478808  0.00000000  0.00000000  1.00000000
 0.00000000  1.87925088  0.00000000  0.00000000  1.00000000
 0.00000000 -0.49513683  0.00000000  0.00000000  1.00000000
 0.00000000 -1.20547695  0.00000000  0.00000000  1.00000000
 0.00000000 -3.30756432  0.00000000  0.00000000  1.00000000
 0.00000000  3.42170704  0.00000000  0.00000000  1.00000000
 0.00000000  3.88659779  0.00000000  0.00000000  1.00000000
 0.00000000  1.80009837  0.00000000  0.00000000  1.00000000
 0.00000000  0.31373704  0.00000000  0.00000000  1.00000000
 0.00000000  3.06301314  0.00000000  0.00000000  1.00000000
 0.00000000  0.97317766  0.00000000  0.00000000  1.00000000
 0.00000000  1.51318573  0.00000000  0.00000000  1.00000000
 0.00000000  0.64116630  0.00000000  0.00000000  1.00000000
 0.00000000 -1.52084200  0.00000000  0.00000000  1.00000000
 0.00000000 -0.02828134  0.00000000  0.00000000  1.00000000
 0.00000000 -0.14806722  0.00000000  0.00000000  1.00000000
 0.00000000 -0.54297714  0.00000000  0.00000000  1.00000000
 0.00000000 -0.12531429  0.00000000  0.00000000  1.00000000
 0.00000000  0.87798823  0.00000000  0.00000000  1.00000000
 0.00000000  0.59744695  0.00000000  0.00000000  1.00000000
 0.00000000 -1.17592588  0.00000000  0.00000000  1.00000000
 0.00000000 -1.02327414  0.00000000  0.00000000  1.00000000
 0.00000000  1.04336298  0.00000000  0.00000000  1.00000000
 0.00000000  2.13556122  0.00000000  0.00000000  1.00000000
 0.00000000  3.05262999  0.00000000  0.00000000  1.00000000
 0.00000000 -0.57478808  0.00000000  0.00000000  1.00000000
 0.00000000 -0.63779211  0.00000000  0.00000000  1.00000000
 0.00000000  1.62794866  0.00000000  0.00000000  1.00000000
 0.00000000 -0.57478808  0.00000000  0.00000000  1.00000000
 0.00000000 -2.92261580  0.00000000  0.00000000  1.00000000
 0.00000000  0.38251946  0.00000000  0.00000000  1.00000000
 0.00000000 -0.11587515  0.00000000  0.00000000  1.00000000
 0.00000000 -3.94839701  0.00000000  0.00000000  1.00000000
 0.00000000 -2.54793270  0.00000000  0.00000000  1.00000000
 0.00000000 -0.22156619  0.00000000  0.00000000  1.00000000
 0.00000000  1.25159070  0.00000000  0.00000000  1.00000000
 0.00000000 -1.65645491  0.00000000  0.00000000  1.00000000
 0.00000000  1.21713916  0.00000000  0.00000000  1.00000000
 0.00000000 -1.74390609  0.00000000  0.00000000  1.00000000
 0.00000000  1.56049556  0.00000000  0.00000000  1.00000000
 0.00000000 -0.20349854  0.00000000  0.00000000  1.00000000
-3.15307391  0.00000000  0.41615530  1.22474487  2.00000000
-1.73238519  0.00000000 -0.22717536  1.22474487  2.00000000
-2.29534112  0.00000000  0.49283564  1.22474487  2.00000000
 0.66499559  0.00000000 -1.39495077  1.22474487  2.00000000
-1.27274727  0.00000000 -0.02820418  1.22474487  2.00000000
 0.22359159  0.00000000 -0.98669954  1.22474487  2.00000000
-1.15090662  0.00000000 -0.17402921  1.22474487  2.00000000
 0.31045958  0.00000000 -2.53364947  1.22474487  2.00000000
-2.06682378  0.00000000 -0.04981885  1.22474487  2.00000000
 0.81615415  0.00000000 -1.70796824  1.22474487  2.00000000
 0.93064104  0.00000000 -2.30773275  1.22474487  2.00000000
-0.65004867  0.00000000 -0.86007185  1.22474487  2.00000000
-0.82942961  0.00000000 -1.10279088  1.22474487  2.00000000
-0.48482745  0.00000000 -0.43484515  1.22474487  2.00000000
-1.05937069  0.00000000 -1.58084192  1.22474487  2.00000000
-2.69756432  0.00000000 -0.02794333  1.22474487  2.00000000
 0.56494430  0.00000000 -0.99593345  1.22474487  2.00000000
-0.93122017  0.00000000 -1.28855045  1.22474487  2.00000000
 0.30229091  0.00000000 -0.33077736  1.22474487  2.00000000
-0.33814853  0.00000000 -1.50209104  1.22474487  2.00000000
 0.50860436  0.00000000 -0.39045360  1.22474487  2.00000000
-1.56118695  0.00000000 -0.86031330  1.22474487  2.00000000
 0.08951750  0.00000000 -0.02492597  1.22474487  2.00000000
-0.74326625  0.00000000 -0.53120270  1.22474487  2.00000000
-2.00572669  0.00000000 -0.41005312  1.22474487  2.00000000
-2.30402280  0.00000000 -0.11544340  1.22474487  2.00000000
-1.94195739  0.00000000  0.31970903  1.22474487  2.00000000
-1.12103975  0.00000000  0.47258368  1.22474487  2.00000000
-0.30568117  0.00000000 -0.58826540  1.22474487  2.00000000
-1.51288746  0.00000000 -1.69722971  1.22474487  2.00000000
-0.12107424  0.00000000 -1.63905732  1.22474487  2.00000000
-0.44805466  0.00000000 -1.75940643  1.22474487  2.00000000
-0.96648122  0.00000000 -1.26442887  1.22474487  2.00000000
 0.95609297  0.00000000 -0.17395716  1.22474487  2.00000000
 1.09169345  0.00000000 -1.19459734  1.22474487  2.00000000
-0.78167677  0.00000000 -0.59261552  1.22474487  2.00000000
-2.07644322  0.00000000  0.18909065  1.22474487  2.00000000
-0.63878006  0.00000000 -0.40776838  1.22474487  2.00000000
-0.36408655  0.00000000 -1.33084600  1.22474487  2.00000000
 0.37610611  0.00000000 -1.41150388  1.22474487  2.00000000
 0.71520837  0.00000000 -1.27457348  1.22474487  2.00000000
-0.75197728  0.00000000 -0.50165410  1.22474487  2.00000000
-0.66909745  0.00000000 -1.19834141  1.22474487  2.00000000
 0.20804826  0.00000000 -2.44227660  1.22474487  2.00000000
 0.17509801  0.00000000 -1.23408244  1.22474487  2.00000000
-0.59947762  0.00000000 -1.24418820  1.22474487  2.00000000
-0.33010453  0.00000000 -1.16542128  1.22474487  2.00000000
-1.49571573  0.00000000 -0.60874758  1.22474487  2.00000000
-0.62942390  0.00000000 -2.48907353  1.22474487  2.00000000
-0.35948858  0.00000000 -1.20319653  1.22474487  2.00000000
 2.36473228  0.00000000  1.05026327  1.22474487  3.00000000
 2.03296768  0.00000000 -0.20606041  1.22474487  3.00000000
 0.01002085  0.00000000  1.59653169  1.22474487  3.00000000
 1.06014654  0.00000000  0.51326002  1.22474487  3.00000000
 1.47041862  0.00000000  1.00114260  1.22474487  3.00000000
-0.26139773  0.00000000  2.54154885  1.22474487  3.00000000
 3.22657319  0.00000000 -1.46379278  1.22474487  3.00000000
-0.39704065  0.00000000  1.95156103  1.22474487  3.00000000
 0.91476686  0.00000000  1.06077170  1.22474487  3.00000000
 0.23038227  0.00000000  1.95795598  1.22474487  3.00000000
-0.18460222  0.00000000  0.46530568  1.22474487  3.00000000
 0.85588766  0.00000000  0.48971910  1.22474487  3.00000000
 0.14182363  0.00000000  1.05237986  1.22474487  3.00000000
 2.65967340  0.00000000 -0.27480245  1.22474487  3.00000000
 2.86381131  0.00000000  0.05134207  1.22474487  3.00000000
 0.87277059  0.00000000  0.63050301  1.22474487  3.00000000
 0.31444019  0.00000000  0.63737280  1.22474487  3.00000000
-0.84664446  0.00000000  2.71743707  1.22474487  3.00000000
 0.53963545  0.00000000  2.91679279  1.22474487  3.00000000
 1.43086780  0.00000000 -0.21139024  1.22474487  3.00000000
 0.30971044  0.00000000  1.34905913  1.22474487  3.00000000
 2.33171934  0.00000000 -0.47222149  1.22474487  3.00000000
-0.37343762  0.00000000  2.67052129  1.22474487  3.00000000
 0.39149882  0.00000000  0.11573415  1.22474487  3.00000000
 0.30624805  0.00000000  1.06962252  1.22474487  3.00000000
-0.81630127  0.00000000  1.64310830  1.22474487  3.00000000
 0.36321837  0.00000000 -0.04928169  1.22474487  3.00000000
 0.43046153  0.00000000 -0.11600193  1.22474487  3.00000000
 1.48201614  0.00000000  0.75582232  1.22474487  3.00000000
-1.25116785  0.00000000  1.43842370  1.22474487  3.00000000
-0.54383268  0.00000000  1.94367878  1.22474487  3.00000000
-1.92382604  0.00000000  2.61848261  1.22474487  3.00000000
 1.65903308  0.00000000  0.79680730  1.22474487  3.00000000
-0.12386485  0.00000000  0.04966124  1.22474487  3.00000000
 1.20585481  0.00000000  0.16475429  1.22474487  3.00000000
-0.65969144  0.00000000  2.35240554  1.22474487  3.00000000
 1.47525845  0.00000000  0.75434269  1.22474487  3.00000000
 0.42760077  0.00000000  0.53750759  1.22474487  3.00000000
 0.54439786  0.00000000 -0.26839352  1.22474487  3.00000000
-0.36732916  0.00000000  1.08166772  1.22474487  3.00000000
 0.93339067  0.00000000  1.14463531  1.22474487  3.00000000
-0.46192613  0.00000000  0.97874158  1.22474487  3.00000000
 2.03296768  0.00000000 -0.20606041  1.22474487  3.00000000
 0.86015525  0.00000000  1.38280314  1.22474487  3.00000000
 1.00750933  0.00000000  1.23826790  1.22474487  3.00000000
 0.28452433  0.00000000  0.85924549  1.22474487  3.00000000
 1.03131969  0.00000000  0.25000549  1.22474487  3.00000000
 0.22073387  0.00000000  0.54261862  1.22474487  3.00000000
 1.22630351  0.00000000  0.49544989  1.22474487  3.00000000
 1.15431318  0.00000000 -0.20192640  1.22474487  3.00000000
