-1.642728653 -0.418991377  1.135022284  1.000000000
-1.782557390 -0.432139181  1.135022126  1.000000000
-1.580405684 -0.415406593  1.135022323  1.000000000
-1.989776399 -0.450820203  1.135021904  1.000000000
-1.922553859 -0.445275121  1.135021969  1.000000000
-1.720800400 -0.428641210  1.135022164  1.000000000
-1.653592974 -0.423085041  1.135022229  1.000000000
-1.586239694 -0.417514067  1.135022294  1.000000000
-1.382105331 -0.400519713  1.135022494  1.000000000
-2.062008336 -0.458341327  1.135021812  1.000000000
-1.995208530 -0.452855656  1.135021876  1.000000000
-1.793630058 -0.436252973  1.135022071  1.000000000
-1.726357491 -0.430704239  1.135022136  1.000000000
-1.658990081 -0.425135349  1.135022201  1.000000000
-1.591640111 -0.419566193  1.135022267  1.000000000
-1.387454771 -0.402572782  1.135022466  1.000000000
-1.251092189 -0.391198628  1.135022600  1.000000000
-2.000617943 -0.454895404  1.135021849  1.000000000
-1.933551291 -0.449379173  1.135021914  1.000000000
-1.866447407 -0.443856976  1.135021978  1.000000000
-1.597156348 -0.421635707  1.135022239  1.000000000
-1.529176766 -0.415986743  1.135022305  1.000000000
-1.393074586 -0.404663740  1.135022438  1.000000000
-2.206197290 -0.473366757  1.135021629  1.000000000
-2.139744750 -0.467909538  1.135021693  1.000000000
-2.072966272 -0.462432223  1.135021757  1.000000000
-2.006035815 -0.456943256  1.135021821  1.000000000
-1.939181625 -0.451449934  1.135021886  1.000000000
-1.872047341 -0.445931572  1.135021950  1.000000000
-1.737761910 -0.434871609  1.135022080  1.000000000
-1.670367788 -0.429309988  1.135022145  1.000000000
-1.602782036 -0.423719379  1.135022211  1.000000000
-1.534840129 -0.418080463  1.135022277  1.000000000
-1.398750656 -0.406762198  1.135022410  1.000000000
-1.261742234 -0.395312132  1.135022544  1.000000000
-2.211884765 -0.475412375  1.135021602  1.000000000
-2.145277761 -0.469955772  1.135021665  1.000000000
-2.078485750 -0.464487765  1.135021729  1.000000000
-2.011506751 -0.458996297  1.135021794  1.000000000
-1.743714989 -0.436992211  1.135022051  1.000000000
-1.472647554 -0.414544371  1.135022315  1.000000000
-1.404471471 -0.408865886  1.135022381  1.000000000
-1.336215547 -0.403179188  1.135022448  1.000000000
-2.217561386 -0.477470677  1.135021574  1.000000000
-2.017469090 -0.461096036  1.135021765  1.000000000
-1.950520512 -0.455605627  1.135021830  1.000000000
-1.816728625 -0.444622494  1.135021958  1.000000000
-1.546716633 -0.422333276  1.135022220  1.000000000
-1.478736375 -0.416694972  1.135022286  1.000000000
-1.410584387 -0.411028173  1.135022352  1.000000000
-1.341641654 -0.405251677  1.135022420  1.000000000
-1.203630044 -0.393678090  1.135022556  1.000000000
-2.223301578 -0.479536812  1.135021546  1.000000000
-2.023210627 -0.463178343  1.135021737  1.000000000
-1.822605224 -0.446727970  1.135021930  1.000000000
-1.755606957 -0.441221549  1.135021995  1.000000000
-1.688322210 -0.435674827  1.135022060  1.000000000
-1.620731301 -0.430105281  1.135022125  1.000000000
-1.485003781 -0.418873578  1.135022257  1.000000000
-1.208326498 -0.395667558  1.135022529  1.000000000
-2.295085942 -0.486992309  1.135021455  1.000000000
-2.029119576 -0.465273549  1.135021709  1.000000000
-1.895533256 -0.454333527  1.135021837  1.000000000
-1.761748806 -0.443359995  1.135021966  1.000000000
-1.694935751 -0.437885098  1.135022030  1.000000000
-1.491561147 -0.421088665  1.135022227  1.000000000
-1.423580854 -0.415458464  1.135022293  1.000000000
-1.354246459 -0.409636644  1.135022361  1.000000000
-1.144136683 -0.391878725  1.135022570  1.000000000
-2.035062421 -0.467372835  1.135021681  1.000000000
-1.901702214 -0.456468459  1.135021809  1.000000000
-1.834923183 -0.451000548  1.135021873  1.000000000
-1.498327550 -0.423326882  1.135022197  1.000000000
-1.430278610 -0.417691372  1.135022263  1.000000000
-1.220890262 -0.400073534  1.135022470  1.000000000
-2.306802213 -0.491144478  1.135021399  1.000000000
-2.240908754 -0.485780509  1.135021462  1.000000000
-2.174326715 -0.480353009  1.135021526  1.000000000
-2.107664273 -0.474914340  1.135021589  1.000000000
-1.907880170 -0.458603794  1.135021780  1.000000000
-1.774383324 -0.447684357  1.135021908  1.000000000
-1.572776855 -0.431148171  1.135022101  1.000000000
-1.436989136 -0.419944671  1.135022233  1.000000000
-2.312866062 -0.493241941  1.135021371  1.000000000
-2.180409265 -0.482456817  1.135021497  1.000000000
-2.047366416 -0.471616342  1.135021624  1.000000000
-1.914153612 -0.460742818  1.135021751  1.000000000
-1.780870579 -0.449863061  1.135021879  1.000000000
-1.713986379 -0.444393092  1.135021943  1.000000000
-1.646945045 -0.438915439  1.135022007  1.000000000
-1.579437665 -0.433358122  1.135022072  1.000000000
-1.375720922 -0.416584516  1.135022268  1.000000000
-1.306874206 -0.410897475  1.135022335  1.000000000
-1.156135563 -0.397603430  1.135022493  1.000000000
-2.053728236 -0.473754283  1.135021595  1.000000000
-1.920649581 -0.462907474  1.135021722  1.000000000
-1.854007479 -0.457472615  1.135021786  1.000000000
-1.519380211 -0.430154972  1.135022105  1.000000000
-2.259328668 -0.492105221  1.135021377  1.000000000
-2.126666365 -0.481309738  1.135021503  1.000000000
-1.993588746 -0.470476170  1.135021630  1.000000000
-1.927176784 -0.465072846  1.135021693  1.000000000
-1.860671765 -0.459660531  1.135021756  1.000000000
-1.727572433 -0.448831857  1.135021883  1.000000000
-1.594039290 -0.437971947  1.135022010  1.000000000
-1.526774780 -0.432496915  1.135022074  1.000000000
-1.322935045 -0.415788652  1.135022270  1.000000000
-2.133081545 -0.483446407  1.135021475  1.000000000
-2.000163802 -0.472637927  1.135021601  1.000000000
-1.867322004 -0.461841589  1.135021727  1.000000000
-1.667651053 -0.445616503  1.135021917  1.000000000
-1.467953598 -0.429506366  1.135022105  1.000000000
-1.274265122 -0.414492928  1.135022279  1.000000000
-2.139514841 -0.485587063  1.135021446  1.000000000
-2.006769818 -0.474794639  1.135021572  1.000000000
-1.874026958 -0.464024379  1.135021698  1.000000000
-1.807659843 -0.458644736  1.135021761  1.000000000
-2.145929063 -0.487721335  1.135021417  1.000000000
-1.814366118 -0.460821086  1.135021732  1.000000000
-1.682067045 -0.450171708  1.135021856  1.000000000
-1.483894242 -0.434311933  1.135022041  1.000000000
-2.086162744 -0.484490289  1.135021451  1.000000000
-2.019994686 -0.479123284  1.135021514  1.000000000
-1.887443004 -0.468380486  1.135021640  1.000000000
-1.821259111 -0.463035718  1.135021702  1.000000000
-1.623137232 -0.447107628  1.135021888  1.000000000
-1.900614163 -0.472692993  1.135021582  1.000000000
 3.022329088 -1.306357360  1.135008972  2.000000000
 2.903448563 -1.256224309  1.135009703  2.000000000
 3.001571746 -1.301058117  1.135009044  2.000000000
 2.882005941 -1.250628763  1.135009780  2.000000000
 2.980970867 -1.295836362  1.135009115  2.000000000
 2.910729017 -1.267942575  1.135009519  2.000000000
 2.840324783 -1.239981816  1.135009925  2.000000000
 2.769864367 -1.211998626  1.135010330  2.000000000
 2.819526806 -1.234682002  1.135009997  2.000000000
 2.628343646 -1.155780702  1.135011145  2.000000000
 2.658925044 -1.173912972  1.135010873  2.000000000
 2.709540895 -1.197012006  1.135010533  2.000000000
 2.344327043 -1.042924804  1.135012781  2.000000000
 2.550414889 -1.136892807  1.135011399  2.000000000
 2.376727685 -1.061849208  1.135012497  2.000000000
 2.202426759 -0.986533332  1.135013598  2.000000000
 2.131346846 -0.958282455  1.135014007  2.000000000
 2.165105537 -0.977812248  1.135013715  2.000000000
 2.199836954 -0.997765748  1.135013416  2.000000000
 1.917231379 -0.873128142  1.135015242  2.000000000
 1.970261277 -0.897311164  1.135014886  2.000000000
 2.129527574 -0.969849567  1.135013820  2.000000000
 2.043774019 -0.938990031  1.135014262  2.000000000
 1.756583159 -0.812353063  1.135016118  2.000000000
 1.864898883 -0.861694173  1.135015393  2.000000000
-0.568323183  2.608530588  1.135065042  2.000000000
 1.614499317 -0.755985835  1.135016935  2.000000000
 1.779062011 -0.830759219  1.135015836  2.000000000
-0.774654385  2.403331253  1.135062169  2.000000000
 1.487317112 -0.701951306  1.135017723  2.000000000
 1.542167500 -0.727056551  1.135017354  2.000000000
 1.598367670 -0.752790194  1.135016976  2.000000000
-0.700285211  2.178618148  1.135058966  2.000000000
 1.639258185 -0.775599170  1.135016635  2.000000000
 1.694127632 -0.800150866  1.135016274  2.000000000
-0.694363629  2.003328295  1.135056478  2.000000000
 1.624266058 -0.772623970  1.135016673  2.000000000
 1.678603104 -0.796728942  1.135016318  2.000000000
-0.913557143  1.974117379  1.135056104  2.000000000
-0.612762310  1.779332721  1.135053284  2.000000000
 1.388915734 -0.671012995  1.135018162  2.000000000
 1.555610367 -0.746144630  1.135017057  2.000000000
 1.608015660 -0.768525341  1.135016727  2.000000000
-0.836817923  1.750463275  1.135052916  2.000000000
-0.683119238  1.653713041  1.135051515  2.000000000
 1.197171240 -0.585058174  1.135019417  2.000000000
 1.321179806 -0.645667639  1.135018530  2.000000000
 1.128448952 -0.558931526  1.135019796  2.000000000
 1.366411844 -0.671453977  1.135018146  2.000000000
 1.473300152 -0.717392874  1.135017469  2.000000000
-0.906985393  1.450170604  1.135048668  2.000000000
-0.673588172  1.304368913  1.135046556  2.000000000
 1.454411165 -0.710883319  1.135017557  2.000000000
-0.751592319  1.172271733  1.135044696  2.000000000
-0.504381568  1.032249379  1.135042664  2.000000000
 0.849802506 -0.430744157  1.135021661  2.000000000
 0.920577518 -0.468826288  1.135021106  2.000000000
 1.179090592 -0.598626237  1.135019209  2.000000000
 1.427029664 -0.341458488  1.135022532  2.000000000
 1.440305672 -0.337311663  1.135022583  2.000000000
 0.556168725 -0.274674406  1.135023928  2.000000000
 0.638227259 -0.327399133  1.135023165  2.000000000
 0.715089328 -0.371257620  1.135022527  2.000000000
 0.791861612 -0.415802019  1.135021880  2.000000000
 1.056851733 -0.550135240  1.135019918  2.000000000
 1.221648350 -0.621227399  1.135018870  2.000000000
 1.271483322 -0.641020056  1.135018577  2.000000000
 1.319162178 -0.659112103  1.135018308  2.000000000
-0.906311381  0.911576606  1.135041026  2.000000000
-0.736722382  0.846871825  1.135040076  2.000000000
-0.487024046  0.701754807  1.135037971  2.000000000
-0.059044718  0.136705190  1.135029877  2.000000000
 0.183618634 -0.058847137  1.135027058  2.000000000
 0.345883909 -0.174590164  1.135025386  2.000000000
 0.506298394 -0.271464036  1.135023981  2.000000000
 1.207604550 -0.618185670  1.135018909  2.000000000
 1.380283100 -0.334229034  1.135022643  2.000000000
-0.340561879  0.333804840  1.135032724  2.000000000
 0.296969947 -0.173048037  1.135025415  2.000000000
 0.880057218 -0.488311726  1.135020824  2.000000000
 1.050837401 -0.562570918  1.135019730  2.000000000
 1.101879049 -0.581757146  1.135019445  2.000000000
 1.233396957 -0.627122333  1.135018766  2.000000000
 1.272879346 -0.639114059  1.135018585  2.000000000
 1.356710554 -0.330554492  1.135022700  2.000000000
 1.369821615 -0.326298642  1.135022753  2.000000000
-0.912625230  0.535805971  1.135035695  2.000000000
-0.634144448  0.488092553  1.135034966  2.000000000
 0.005908181 -0.025465977  1.135027562  2.000000000
 0.695741306 -0.413525581  1.135021920  2.000000000
 1.136834114 -0.597449596  1.135019206  2.000000000
 1.333104535 -0.326869228  1.135022757  2.000000000
-0.908360837  0.361854550  1.135033226  2.000000000
-0.122175049  0.017292002  1.135028191  2.000000000
 0.120838437 -0.133113257  1.135026011  2.000000000
 1.112041770 -0.585739035  1.135019368  2.000000000
 1.283026775 -0.331800695  1.135022706  2.000000000
 1.309478126 -0.323169568  1.135022813  2.000000000
-0.601532354  0.217202928  1.135031115  2.000000000
-0.423653303  0.143839897  1.135030041  2.000000000
-0.171055040 -0.010801225  1.135027800  2.000000000
 1.117047815 -0.579053879  1.135019449  2.000000000
 1.259489814 -0.328155361  1.135022762  2.000000000
-0.779533749  0.134524187  1.135029975  2.000000000
 0.184828529 -0.222917427  1.135024719  2.000000000
 0.259487340 -0.256322260  1.135024230  2.000000000
 0.403857387 -0.327122965  1.135023196  2.000000000
 0.664535932 -0.439543905  1.135021544  2.000000000
 0.725496232 -0.464348433  1.135021178  2.000000000
 0.885482201 -0.521903033  1.135020322  2.000000000
 0.933012559 -0.537295952  1.135020091  2.000000000
 1.087744905 -0.564200471  1.135019657  2.000000000
 1.106923854 -0.562932624  1.135019666  2.000000000
 1.222659361 -0.328779244  1.135022766  2.000000000
 1.235775217 -0.324421179  1.135022820  2.000000000
 1.248891751 -0.320035633  1.135022874  2.000000000
 1.262110036 -0.315735613  1.135022928  2.000000000
-0.552227964  0.019446924  1.135028299  2.000000000
-0.262070479 -0.042410496  1.135027366  2.000000000
 0.210557280 -0.254817713  1.135024258  2.000000000
 0.616897949 -0.430781851  1.135021674  2.000000000
 0.915836731 -0.530639762  1.135020181  2.000000000
 1.014265968 -0.548808827  1.135019891  2.000000000
 1.186719362 -0.329807397  1.135022763  2.000000000
 1.198810171 -0.324974458  1.135022824  2.000000000
 1.224991326 -0.316202584  1.135022933  2.000000000
-0.304773701 -0.054746185  1.135027198  2.000000000
-0.139396309 -0.127520249  1.135026133  2.000000000
 0.380951793 -0.351321987  1.135022851  2.000000000
 0.444686396 -0.376786848  1.135022475  2.000000000
 0.729837289 -0.477887203  1.135020973  2.000000000
 0.829122850 -0.509280761  1.135020502  2.000000000
 1.022817388 -0.530766205  1.135020126  2.000000000
 1.188150810 -0.316810193  1.135022936  2.000000000
-0.348008943 -0.074411776  1.135026926  2.000000000
-0.104230658 -0.172699418  1.135025483  2.000000000
 0.638230584 -0.457294453  1.135021283  2.000000000
 0.781748774 -0.497699661  1.135020672  2.000000000
 0.821173602 -0.505947404  1.135020544  2.000000000
 1.005128039 -0.510566027  1.135020401  2.000000000
-0.472940126 -0.050607642  1.135027287  2.000000000
 0.009738136 -0.242463041  1.135024468  2.000000000
 0.225641134 -0.324152445  1.135023263  2.000000000
 0.744969487 -0.491481662  1.135020765  2.000000000
 0.869818829 -0.508851461  1.135020476  2.000000000
 0.939272936 -0.509611100  1.135020436  2.000000000
 0.981351330 -0.487526800  1.135020717  2.000000000
 1.092999480 -0.328989367  1.135022803  2.000000000
 1.101592196 -0.322547279  1.135022887  2.000000000
 1.113152372 -0.317487382  1.135022951  2.000000000
 0.444120566 -0.413141543  1.135021948  2.000000000
 0.943522650 -0.478503780  1.135020850  2.000000000
 1.033661165 -0.350287808  1.135022537  2.000000000
 1.076957476 -0.318410344  1.135022950  2.000000000
-0.461295098 -0.115360876  1.135026364  2.000000000
-0.302475577 -0.174831215  1.135025488  2.000000000
 0.075164818 -0.308212564  1.135023517  2.000000000
 0.403507479 -0.407934068  1.135022027  2.000000000
 0.696467353 -0.480073803  1.135020927  2.000000000
 0.789768894 -0.490157144  1.135020752  2.000000000
 0.851118799 -0.486487890  1.135020776  2.000000000
 0.894184937 -0.474687835  1.135020917  2.000000000
 0.914430268 -0.463205346  1.135021064  2.000000000
 1.030353403 -0.324954103  1.135022877  2.000000000
-0.261472069 -0.218206042  1.135024863  2.000000000
-0.111306272 -0.265401774  1.135024162  2.000000000
 0.106400462 -0.333608707  1.135023147  2.000000000
 0.472904228 -0.435611955  1.135021613  2.000000000
 0.749582351 -0.481152400  1.135020884  2.000000000
 0.893930982 -0.441472369  1.135021361  2.000000000
 0.933283052 -0.380228449  1.135022168  2.000000000
 0.940734746 -0.373393267  1.135022257  2.000000000
 0.962809559 -0.352750302  1.135022526  2.000000000
 0.970415006 -0.345950210  1.135022615  2.000000000
 0.978106830 -0.339199615  1.135022703  2.000000000
 1.021879841 -0.307543724  1.135023112  2.000000000
-0.457520523 -0.175280994  1.135025511  2.000000000
-0.076786995 -0.297477509  1.135023697  2.000000000
 0.203044975 -0.372450635  1.135022571  2.000000000
 0.586005861 -0.461078775  1.135021217  2.000000000
 0.796028640 -0.467474856  1.135021046  2.000000000
 0.809270964 -0.462948758  1.135021101  2.000000000
 0.934150444 -0.346824127  1.135022614  2.000000000
 0.949838839 -0.333433805  1.135022789  2.000000000
 0.958456055 -0.327051962  1.135022871  2.000000000
-0.412641522 -0.223321844  1.135024819  2.000000000
-0.336909280 -0.241772510  1.135024541  2.000000000
 0.455122690 -0.437210277  1.135021586  2.000000000
 0.585181876 -0.459407600  1.135021234  2.000000000
 0.652553878 -0.465531764  1.135021125  2.000000000
 0.724153270 -0.464684853  1.135021108  2.000000000
 0.743411951 -0.462534030  1.135021129  2.000000000
 0.814304101 -0.431519512  1.135021519  2.000000000
 0.835853536 -0.410863188  1.135021789  2.000000000
 0.843017736 -0.403948441  1.135021879  2.000000000
 0.854298193 -0.389083849  1.135022074  2.000000000
 0.861571180 -0.382194790  1.135022164  2.000000000
 0.882965460 -0.361365273  1.135022436  2.000000000
 0.905713956 -0.340995630  1.135022701  2.000000000
-0.074329346 -0.331456669  1.135023210  2.000000000
-0.003979301 -0.347147488  1.135022972  2.000000000
 0.257000457 -0.406285284  1.135022072  2.000000000
 0.811168739 -0.396941956  1.135021983  2.000000000
-0.488875182 -0.264848022  1.135024244  2.000000000
-0.332706776 -0.291699133  1.135023829  2.000000000
 0.287824798 -0.416196771  1.135021920  2.000000000
 0.621511282 -0.456591468  1.135021249  2.000000000
 0.714733370 -0.433624487  1.135021523  2.000000000
 0.745584465 -0.416085107  1.135021747  2.000000000
 0.793732050 -0.376108662  1.135022267  2.000000000
 0.816696017 -0.355816914  1.135022531  2.000000000
 0.882203112 -0.303368988  1.135023212  2.000000000
 0.062609531 -0.387550352  1.135022378  2.000000000
 0.194846134 -0.406205237  1.135022081  2.000000000
 0.422078245 -0.440558578  1.135021536  2.000000000
 0.464006281 -0.445048493  1.135021460  2.000000000
 0.564204910 -0.450977175  1.135021343  2.000000000
 0.592447745 -0.451668426  1.135021323  2.000000000
 0.631049880 -0.446652089  1.135021376  2.000000000
 0.659061417 -0.437650625  1.135021486  2.000000000
 0.803185188 -0.336299760  1.135022796  2.000000000
 0.819427479 -0.323133348  1.135022967  2.000000000
 0.827919625 -0.316692774  1.135023051  2.000000000
-0.106123942 -0.369946456  1.135022665  2.000000000
 0.032716505 -0.392712229  1.135022309  2.000000000
 0.539532098 -0.447837787  1.135021391  2.000000000
 0.677748207 -0.400828578  1.135021972  2.000000000
 0.706540005 -0.382300723  1.135022211  2.000000000
 0.774021488 -0.330203369  1.135022887  2.000000000
 0.807866903 -0.304409752  1.135023221  2.000000000
-0.434745280 -0.329420782  1.135023312  2.000000000
-0.212271612 -0.368201195  1.135022712  2.000000000
 0.372446007 -0.437836819  1.135021581  2.000000000
 0.486081841 -0.444606869  1.135021450  2.000000000
 0.553509425 -0.438874938  1.135021503  2.000000000
 0.595520729 -0.424654768  1.135021679  2.000000000
 0.612032462 -0.411123552  1.135021855  2.000000000
 0.645222518 -0.393737617  1.135022077  2.000000000
 0.693629252 -0.362864482  1.135022475  2.000000000
 0.710368082 -0.349822884  1.135022644  2.000000000
 0.736822955 -0.330696519  1.135022892  2.000000000
-0.630426266 -0.341253273  1.135023185  2.000000000
-0.393862041 -0.356152703  1.135022922  2.000000000
-0.171595470 -0.385716567  1.135022452  2.000000000
 0.049285639 -0.407360796  1.135022092  2.000000000
 0.432876426 -0.442269799  1.135021497  2.000000000
 0.504984430 -0.445747255  1.135021425  2.000000000
 0.534008078 -0.445512662  1.135021418  2.000000000
 0.643284931 -0.368428595  1.135022417  2.000000000
 0.662764219 -0.356165083  1.135022574  2.000000000
 0.689955250 -0.337274409  1.135022819  2.000000000
-0.843494023 -0.370737175  1.135022810  2.000000000
-0.275367384 -0.384416464  1.135022493  2.000000000
 0.227750376 -0.425792966  1.135021785  2.000000000
 0.286326052 -0.433014993  1.135021667  2.000000000
 0.695985327 -0.305757604  1.135023238  2.000000000
-0.456201998 -0.376616976  1.135022643  2.000000000
-0.381414485 -0.384901310  1.135022508  2.000000000
-0.306027058 -0.392707551  1.135022380  2.000000000
 0.137759118 -0.423411899  1.135021838  2.000000000
 0.269144901 -0.432479744  1.135021677  2.000000000
 0.317724345 -0.436193495  1.135021611  2.000000000
-0.893120230 -0.388472089  1.135022569  2.000000000
-0.565545942 -0.382371336  1.135022585  2.000000000
-0.187836852 -0.415189682  1.135022031  2.000000000
-0.106781907 -0.416018208  1.135022000  2.000000000
 0.218686834 -0.429427759  1.135021732  2.000000000
 0.266730984 -0.433773950  1.135021658  2.000000000
 0.310020265 -0.436953967  1.135021601  2.000000000
 0.359034038 -0.440662506  1.135021535  2.000000000
-0.756942635 -0.390042376  1.135022517  2.000000000
-0.519894924 -0.399075014  1.135022337  2.000000000
-0.784221987 -0.397942168  1.135022411  2.000000000
-0.398577144 -0.420288218  1.135022005  2.000000000
-1.123715288 -0.409900734  1.135022315  2.000000000
-0.890194095 -0.404335684  1.135022343  2.000000000
-0.657122150 -0.412419135  1.135022176  2.000000000
-0.580317428 -0.417097709  1.135022092  2.000000000
-0.761557581 -0.411975481  1.135022207  2.000000000
-1.099788656 -0.415164695  1.135022236  2.000000000
-0.946338757 -0.414394015  1.135022213  2.000000000
-1.346687830 -0.427550663  1.135022113  2.000000000
-1.128059432 -0.419132743  1.135022186  2.000000000
-1.157581631 -0.422503765  1.135022145  2.000000000
-1.263015589 -0.426782030  1.135022108  2.000000000
-1.112002446 -0.424115735  1.135022113  2.000000000
-1.609624308 -0.440506320  1.135021988  2.000000000
-1.468161236 -0.436179211  1.135022020  2.000000000
-1.500870462 -0.438687750  1.135021992  2.000000000
-1.282742443 -0.432584318  1.135022032  2.000000000
-1.698891523 -0.447287719  1.135021914  2.000000000
-1.634326312 -0.445425591  1.135021926  2.000000000
-1.496659821 -0.441637871  1.135021951  2.000000000
-1.669093748 -0.447931642  1.135021899  2.000000000
-1.765763650 -0.452142413  1.135021861  2.000000000
-1.892663314 -0.458628611  1.135021797  2.000000000
-1.711529536 -0.453631673  1.135021830  2.000000000
-1.809203074 -0.457841149  1.135021791  2.000000000
-2.020610793 -0.465170433  1.135021733  2.000000000
-1.961871814 -0.463552775  1.135021744  2.000000000
-1.996591196 -0.466015478  1.135021717  2.000000000
-1.879057554 -0.462791377  1.135021738  2.000000000
-1.761954653 -0.459580852  1.135021758  2.000000000
-1.949275829 -0.467733259  1.135021684  2.000000000
-1.831686169 -0.464508717  1.135021705  2.000000000
-1.866657224 -0.466970095  1.135021678  2.000000000
-1.808098895 -0.465363620  1.135021689  2.000000000
-1.901414693 -0.469417998  1.135021652  2.000000000
 0.418147402 -0.447375181  1.135021419  3.000000000
 0.530070524 -0.454494027  1.135021285  3.000000000
 0.563802839 -0.456872123  1.135021242  3.000000000
 0.594516951 -0.459287299  1.135021199  3.000000000
 0.342459342 -0.445343615  1.135021467  3.000000000
 0.447621809 -0.452380773  1.135021337  3.000000000
 0.584828371 -0.461877507  1.135021162  3.000000000
 0.649882713 -0.466650745  1.135021076  3.000000000
 0.746529079 -0.473805262  1.135020946  3.000000000
 0.192737245 -0.436055363  1.135021640  3.000000000
 0.267451094 -0.441503031  1.135021542  3.000000000
 0.407802965 -0.451314472  1.135021362  3.000000000
 0.512301183 -0.458429910  1.135021231  3.000000000
 0.709646666 -0.472717236  1.135020971  3.000000000
 0.742012129 -0.475083605  1.135020928  3.000000000
 0.195638137 -0.437987652  1.135021611  3.000000000
 0.334709799 -0.447811654  1.135021432  3.000000000
 0.369441708 -0.450247405  1.135021387  3.000000000
 0.404120138 -0.452612576  1.135021344  3.000000000
 0.672510757 -0.471626602  1.135020996  3.000000000
 0.705056768 -0.473997148  1.135020953  3.000000000
 0.126542952 -0.434724162  1.135021675  3.000000000
 0.159983994 -0.437067841  1.135021633  3.000000000
 0.261979868 -0.444245063  1.135021502  3.000000000
 0.296862831 -0.446729747  1.135021457  3.000000000
 0.331447680 -0.449153594  1.135021412  3.000000000
 0.399997627 -0.453921639  1.135021325  3.000000000
 0.434276724 -0.456297840  1.135021281  3.000000000
 0.468551831 -0.458668437  1.135021238  3.000000000
 0.536189513 -0.463412421  1.135021151  3.000000000
 0.569395984 -0.465783003  1.135021108  3.000000000
 0.602544656 -0.468155146  1.135021064  3.000000000
 0.732986858 -0.477654922  1.135020892  3.000000000
 0.191691611 -0.440879694  1.135021568  3.000000000
 0.327925266 -0.450466649  1.135021393  3.000000000
 0.396236109 -0.455240273  1.135021306  3.000000000
 0.564860767 -0.467080819  1.135021089  3.000000000
 0.597680117 -0.469453957  1.135021046  3.000000000
 0.630753172 -0.471822121  1.135021003  3.000000000
 0.793113104 -0.483650096  1.135020788  3.000000000
 0.089640958 -0.435318664  1.135021675  3.000000000
 0.290731559 -0.449430902  1.135021418  3.000000000
 0.324698756 -0.451817439  1.135021374  3.000000000
 0.358589746 -0.454189492  1.135021331  3.000000000
 0.426265469 -0.458925284  1.135021244  3.000000000
 0.459855149 -0.461284744  1.135021201  3.000000000
 0.493608629 -0.463653633  1.135021157  3.000000000
 0.593322459 -0.470747492  1.135021028  3.000000000
 0.658891814 -0.475478933  1.135020942  3.000000000
 0.724048630 -0.480219190  1.135020856  3.000000000
 0.054391614 -0.434428286  1.135021697  3.000000000
 0.087233439 -0.436722504  1.135021655  3.000000000
 0.153212151 -0.441339717  1.135021570  3.000000000
 0.355119018 -0.455525226  1.135021311  3.000000000
 0.388809762 -0.457888523  1.135021268  3.000000000
 0.422247986 -0.460241455  1.135021225  3.000000000
 0.455796865 -0.462601970  1.135021182  3.000000000
 0.489152406 -0.464955331  1.135021139  3.000000000
 0.654414672 -0.476771200  1.135020924  3.000000000
 0.752109790 -0.483873008  1.135020795  3.000000000
 0.284887036 -0.452172646  1.135021378  3.000000000
 0.318203268 -0.454511187  1.135021335  3.000000000
 0.351649133 -0.456862861  1.135021292  3.000000000
 0.385096112 -0.459214160  1.135021249  3.000000000
 0.418547904 -0.461569692  1.135021206  3.000000000
 0.485157543 -0.466272174  1.135021120  3.000000000
 0.518517178 -0.468633094  1.135021077  3.000000000
 0.617513892 -0.475712877  1.135020948  3.000000000
 0.780185575 -0.487524151  1.135020734  3.000000000
 0.148374638 -0.444158104  1.135021529  3.000000000
 0.248535659 -0.451196631  1.135021401  3.000000000
 0.281753088 -0.453529696  1.135021358  3.000000000
 0.314945316 -0.455862911  1.135021316  3.000000000
 0.348222674 -0.458204078  1.135021273  3.000000000
 0.448012110 -0.465244100  1.135021144  3.000000000
 0.481180368 -0.467593106  1.135021101  3.000000000
 0.613202131 -0.477015240  1.135020930  3.000000000
 0.645839712 -0.479371226  1.135020887  3.000000000
 0.678431057 -0.481725605  1.135020844  3.000000000
 0.743508667 -0.486460142  1.135020758  3.000000000
 0.047083559 -0.438636452  1.135021636  3.000000000
 0.112759614 -0.443238905  1.135021551  3.000000000
 0.178768982 -0.447865895  1.135021467  3.000000000
 0.212119474 -0.450212295  1.135021424  3.000000000
 0.245300478 -0.452545011  1.135021381  3.000000000
 0.311566972 -0.457207708  1.135021296  3.000000000
 0.377906742 -0.461883199  1.135021211  3.000000000
 0.411035297 -0.464223608  1.135021168  3.000000000
 0.444196160 -0.466568943  1.135021125  3.000000000
 0.477231533 -0.468912985  1.135021083  3.000000000
 0.510242658 -0.471260425  1.135021040  3.000000000
 0.543148702 -0.473610009  1.135020997  3.000000000
 0.576148593 -0.475968764  1.135020954  3.000000000
 0.608928615 -0.478316440  1.135020911  3.000000000
 0.641633907 -0.480667786  1.135020868  3.000000000
 0.044413936 -0.440019465  1.135021616  3.000000000
 0.209129032 -0.451583150  1.135021404  3.000000000
 0.242071976 -0.453898711  1.135021362  3.000000000
 0.275187638 -0.456229042  1.135021319  3.000000000
 0.308252446 -0.458557794  1.135021277  3.000000000
 0.341283921 -0.460884953  1.135021234  3.000000000
 0.374353981 -0.463219122  1.135021192  3.000000000
 0.440424761 -0.467896683  1.135021106  3.000000000
 0.473457516 -0.470241421  1.135021064  3.000000000
 0.506330027 -0.472582259  1.135021021  3.000000000
 0.539194368 -0.474927365  1.135020978  3.000000000
 0.572080454 -0.477276731  1.135020935  3.000000000
 0.735177989 -0.489061281  1.135020721  3.000000000
 0.799411994 -0.493718420  1.135020637  3.000000000
 0.140216574 -0.448321881  1.135021469  3.000000000
 0.239013769 -0.455269756  1.135021342  3.000000000
 0.304909171 -0.459908860  1.135021258  3.000000000
 0.337895362 -0.462234260  1.135021215  3.000000000
 0.403731704 -0.466887866  1.135021130  3.000000000
 0.535397615 -0.476252278  1.135020959  3.000000000
 0.568124932 -0.478591838  1.135020917  3.000000000
 0.600798000 -0.480936806  1.135020874  3.000000000
 0.666020189 -0.485643874  1.135020788  3.000000000
 0.071842067 -0.445086225  1.135021533  3.000000000
 0.268726189 -0.458949229  1.135021280  3.000000000
 0.433140557 -0.470569589  1.135021068  3.000000000
 0.465950948 -0.472901224  1.135021026  3.000000000
 0.531538613 -0.477576631  1.135020940  3.000000000
 0.596867903 -0.482255424  1.135020855  3.000000000
 0.727077881 -0.491673003  1.135020684  3.000000000
 0.134330603 -0.451069476  1.135021429  3.000000000
 0.199853363 -0.455686890  1.135021345  3.000000000
 0.232661089 -0.457997012  1.135021303  3.000000000
 0.462425000 -0.474249218  1.135021006  3.000000000
 0.495044299 -0.476570526  1.135020964  3.000000000
 0.527755176 -0.478905020  1.135020922  3.000000000
 0.560425027 -0.481241094  1.135020879  3.000000000
 0.690600877 -0.490631179  1.135020708  3.000000000
 0.723000657 -0.492974033  1.135020666  3.000000000
 0.294892623 -0.463975730  1.135021199  3.000000000
 0.491424398 -0.477917290  1.135020945  3.000000000
 0.556679431 -0.482574613  1.135020860  3.000000000
 0.654265412 -0.489605518  1.135020732  3.000000000
 0.226268686 -0.460715396  1.135021264  3.000000000
 0.258920586 -0.463022493  1.135021222  3.000000000
 0.357027137 -0.469963185  1.135021095  3.000000000
 0.422468378 -0.474606018  1.135021010  3.000000000
 0.585410008 -0.486241674  1.135020798  3.000000000
 0.320899236 -0.468994747  1.135021118  3.000000000
 0.418907506 -0.475945799  1.135020991  3.000000000
 0.549249169 -0.485246132  1.135020822  3.000000000
 0.678859600 -0.494548709  1.135020652  3.000000000
 0.382599907 -0.474952855  1.135021015  3.000000000
 0.480442301 -0.481924091  1.135020888  3.000000000
 0.545522206 -0.486569010  1.135020803  3.000000000
 0.276929011  2.891610595  1.135068902  4.000000000
 0.278386652  2.891777409  1.135068904  4.000000000
 0.277599943  2.891687380  1.135068903  4.000000000
 0.277843389  2.891715240  1.135068903  4.000000000
 0.278087155  2.891743137  1.135068904  4.000000000
 0.278818877  2.891826876  1.135068905  4.000000000
 0.279307308  2.891882773  1.135068906  4.000000000
 0.279550451  2.891910598  1.135068906  4.000000000
 0.277056436  2.891625184  1.135068902  4.000000000
 0.277543462  2.891680920  1.135068903  4.000000000
 0.278030365  2.891736641  1.135068904  4.000000000
 0.278517483  2.891792388  1.135068904  4.000000000
 0.278760959  2.891820251  1.135068905  4.000000000
 0.279005315  2.891848216  1.135068905  4.000000000
 0.279735630  2.891931794  1.135068906  4.000000000
 0.276756774  2.891590894  1.135068902  4.000000000
 0.277000553  2.891618792  1.135068902  4.000000000
 0.278216832  2.891757984  1.135068904  4.000000000
 0.278460228  2.891785839  1.135068904  4.000000000
 0.278946486  2.891841486  1.135068905  4.000000000
 0.276700855  2.891584498  1.135068902  4.000000000
 0.277917292  2.891723708  1.135068904  4.000000000
 0.278160047  2.891751489  1.135068904  4.000000000
 0.278887980  2.891834794  1.135068905  4.000000000
 0.279376269  2.891890674  1.135068906  4.000000000
 0.279620331  2.891918605  1.135068906  4.000000000
 0.276402836  2.891550395  1.135068901  4.000000000
 0.276644560  2.891578058  1.135068902  4.000000000
 0.277375082  2.891661660  1.135068903  4.000000000
 0.277860508  2.891717213  1.135068903  4.000000000
 0.278829569  2.891828113  1.135068905  4.000000000
 0.279073313  2.891856007  1.135068905  4.000000000
 0.276346112  2.891543907  1.135068901  4.000000000
 0.276588540  2.891571651  1.135068902  4.000000000
 0.276834261  2.891599771  1.135068902  4.000000000
 0.277561297  2.891682974  1.135068903  4.000000000
 0.277803577  2.891710701  1.135068903  4.000000000
 0.278287699  2.891766104  1.135068904  4.000000000
 0.279014805  2.891849315  1.135068905  4.000000000
 0.279746970  2.891933105  1.135068906  4.000000000
 0.276531907  2.891565173  1.135068901  4.000000000
 0.277261887  2.891648713  1.135068903  4.000000000
 0.278472473  2.891787253  1.135068904  4.000000000
 0.278714615  2.891814964  1.135068905  4.000000000
 0.279201983  2.891870739  1.135068906  4.000000000
 0.275996853  2.891503944  1.135068901  4.000000000
 0.276474567  2.891558614  1.135068901  4.000000000
 0.277446666  2.891669862  1.135068903  4.000000000
 0.278657264  2.891808404  1.135068905  4.000000000
 0.278900148  2.891836200  1.135068905  4.000000000
 0.279388545  2.891892093  1.135068906  4.000000000
 0.279872060  2.891947427  1.135068907  4.000000000
 0.276418355  2.891552185  1.135068901  4.000000000
 0.276603433  2.891573369  1.135068902  4.000000000
 0.277089655  2.891629012  1.135068902  4.000000000
 0.277331268  2.891656663  1.135068903  4.000000000
 0.277815396  2.891712067  1.135068903  4.000000000
 0.278057297  2.891739750  1.135068904  4.000000000
 0.278300111  2.891767538  1.135068904  4.000000000
 0.279030114  2.891851080  1.135068905  4.000000000
 0.279273989  2.891878990  1.135068906  4.000000000
 0.276302431  2.891538925  1.135068901  4.000000000
 0.276545083  2.891566694  1.135068902  4.000000000
 0.277031148  2.891622320  1.135068902  4.000000000
 0.278000275  2.891733228  1.135068904  4.000000000
 0.278729723  2.891816707  1.135068905  4.000000000
 0.279216480  2.891872411  1.135068906  4.000000000
 0.279459166  2.891900185  1.135068906  4.000000000
 0.276972436  2.891615604  1.135068902  4.000000000
 0.277215171  2.891643383  1.135068903  4.000000000
 0.277457449  2.891671110  1.135068903  4.000000000
 0.278185665  2.891754447  1.135068904  4.000000000
 0.276429195  2.891553439  1.135068901  4.000000000
 0.277156625  2.891636686  1.135068903  4.000000000
 0.277642158  2.891692251  1.135068903  4.000000000
 0.277885050  2.891720048  1.135068904  4.000000000
 0.278371840  2.891775757  1.135068904  4.000000000
 0.276371953  2.891546891  1.135068901  4.000000000
 0.276613211  2.891574501  1.135068902  4.000000000
 0.278070110  2.891741230  1.135068904  4.000000000
 0.277040173  2.891623366  1.135068902  4.000000000
 0.000000000  0.000000000  0.000000000  5.000000000
 0.000000000  0.000000000  0.000000000  5.000000000
 0.000000000  0.000000000  0.000000000  5.000000000
 0.000000000  0.000000000  0.000000000  5.000000000
 0.000000000  0.000000000  0.000000000  5.000000000
 0.000000000  0.000000000  0.000000000  5.000000000
 0.000000000  0.000000000  0.000000000  5.000000000
 0.000000000  0.000000000  0.000000000  5.000000000
 0.000000000  0.000000000  0.000000000  5.000000000
 0.000000000  0.000000000  0.000000000  5.000000000
 0.000000000  0.000000000  0.000000000  5.000000000
 0.000000000  0.000000000  0.000000000  5.000000000
 0.000000000  0.000000000  0.000000000  5.000000000
 0.000000000  0.000000000  0.000000000  5.000000000
 0.000000000  0.000000000  0.000000000  5.000000000
 0.000000000  0.000000000  0.000000000  5.000000000
 0.000000000  0.000000000  0.000000000  5.000000000
 0.000000000  0.000000000  0.000000000  5.000000000
 0.000000000  0.000000000  0.000000000  5.000000000
 0.000000000  0.000000000  0.000000000  5.000000000
 0.000000000  0.000000000  0.000000000  5.000000000
 0.000000000  0.000000000  0.000000000  5.000000000
 0.000000000  0.000000000  0.000000000  5.000000000
 0.000000000  0.000000000  0.000000000  5.000000000
 0.000000000  0.000000000  0.000000000  5.000000000
 0.000000000  0.000000000  0.000000000  5.000000000
 0.000000000  0.000000000  0.000000000  5.000000000
 0.000000000  0.000000000  0.000000000  5.000000000
 0.000000000  0.000000000  0.000000000  5.000000000
 0.000000000  0.000000000  0.000000000  5.000000000
 0.000000000  0.000000000  0.000000000  5.000000000
 0.000000000  0.000000000  0.000000000  5.000000000
 0.000000000  0.000000000  0.000000000  5.000000000
 0.000000000  0.000000000  0.000000000  5.000000000
 0.000000000  0.000000000  0.000000000  5.000000000
 0.000000000  0.000000000  0.000000000  5.000000000
 0.000000000  0.000000000  0.000000000  5.000000000
 0.000000000  0.000000000  0.000000000  5.000000000
 0.000000000  0.000000000  0.000000000  5.000000000
 0.000000000  0.000000000  0.000000000  5.000000000
 0.000000000  0.000000000  0.000000000  5.000000000
 0.000000000  0.000000000  0.000000000  5.000000000
 0.000000000  0.000000000  0.000000000  5.000000000
 0.000000000  0.000000000  0.000000000  5.000000000
 0.000000000  0.000000000  0.000000000  5.000000000
 0.000000000  0.000000000  0.000000000  5.000000000
 0.000000000  0.000000000  0.000000000  5.000000000
 0.000000000  0.000000000  0.000000000  5.000000000
 0.000000000  0.000000000  0.000000000  5.000000000
 0.000000000  0.000000000  0.000000000  5.000000000
 0.000000000  0.000000000  0.000000000  5.000000000
 0.000000000  0.000000000  0.000000000  5.000000000
 0.000000000  0.000000000  0.000000000  5.000000000
 0.000000000  0.000000000  0.000000000  5.000000000
 0.000000000  0.000000000  0.000000000  5.000000000
 0.000000000  0.000000000  0.000000000  5.000000000
 0.000000000  0.000000000  0.000000000  5.000000000
 0.000000000  0.000000000  0.000000000  5.000000000
 0.000000000  0.000000000  0.000000000  5.000000000
 0.000000000  0.000000000  0.000000000  5.000000000
 0.000000000  0.000000000  0.000000000  5.000000000
 0.000000000  0.000000000  0.000000000  5.000000000
 0.000000000  0.000000000  0.000000000  5.000000000
 0.000000000  0.000000000  0.000000000  5.000000000
 0.000000000  0.000000000  0.000000000  5.000000000
 0.000000000  0.000000000  0.000000000  5.000000000
 0.000000000  0.000000000  0.000000000  5.000000000
 0.000000000  0.000000000  0.000000000  5.000000000
 0.000000000  0.000000000  0.000000000  5.000000000
 0.000000000  0.000000000  0.000000000  5.000000000
 0.000000000  0.000000000  0.000000000  5.000000000
 0.000000000  0.000000000  0.000000000  5.000000000
 0.000000000  0.000000000  0.000000000  5.000000000
 0.000000000  0.000000000  0.000000000  5.000000000
 0.000000000  0.000000000  0.000000000  5.000000000
 0.000000000  0.000000000  0.000000000  5.000000000
 0.000000000  0.000000000  0.000000000  5.000000000
 0.000000000  0.000000000  0.000000000  5.000000000
 0.000000000  0.000000000  0.000000000  5.000000000
 0.000000000  0.000000000  0.000000000  5.000000000
 0.000000000  0.000000000  0.000000000  5.000000000
 0.000000000  0.000000000  0.000000000  5.000000000
 0.000000000  0.000000000  0.000000000  5.000000000
 0.000000000  0.000000000  0.000000000  5.000000000
 0.000000000  0.000000000  0.000000000  5.000000000
 0.000000000  0.000000000  0.000000000  5.000000000
 0.000000000  0.000000000  0.000000000  5.000000000
 0.000000000  0.000000000  0.000000000  5.000000000
 0.000000000  0.000000000  0.000000000  5.000000000
 0.000000000  0.000000000  0.000000000  5.000000000
 0.000000000  0.000000000  0.000000000  5.000000000
 0.000000000  0.000000000  0.000000000  5.000000000
 0.000000000  0.000000000  0.000000000  5.000000000
 0.000000000  0.000000000  0.000000000  5.000000000
 0.000000000  0.000000000  0.000000000  5.000000000
 0.000000000  0.000000000  0.000000000  5.000000000
 0.000000000  0.000000000  0.000000000  5.000000000
 0.000000000  0.000000000  0.000000000  5.000000000
 0.000000000  0.000000000  0.000000000  5.000000000
 0.000000000  0.000000000  0.000000000  5.000000000
 0.000000000  0.000000000  0.000000000  5.000000000
 0.000000000  0.000000000  0.000000000  5.000000000
 0.000000000  0.000000000  0.000000000  5.000000000
 0.000000000  0.000000000  0.000000000  5.000000000
 0.000000000  0.000000000  0.000000000  5.000000000
 0.000000000  0.000000000  0.000000000  5.000000000
 0.000000000  0.000000000  0.000000000  5.000000000
 0.000000000  0.000000000  0.000000000  5.000000000
 0.000000000  0.000000000  0.000000000  5.000000000
 0.000000000  0.000000000  0.000000000  5.000000000
 0.000000000  0.000000000  0.000000000  5.000000000
 0.000000000  0.000000000  0.000000000  5.000000000
 0.000000000  0.000000000  0.000000000  5.000000000
 0.000000000  0.000000000  0.000000000  5.000000000
 0.000000000  0.000000000  0.000000000  5.000000000
 0.000000000  0.000000000  0.000000000  5.000000000
 0.000000000  0.000000000  0.000000000  5.000000000
 0.000000000  0.000000000  0.000000000  5.000000000
 0.000000000  0.000000000  0.000000000  5.000000000
 0.000000000  0.000000000  0.000000000  5.000000000
 0.000000000  0.000000000  0.000000000  5.000000000
 0.000000000  0.000000000  0.000000000  5.000000000
 0.000000000  0.000000000  0.000000000  5.000000000
 0.000000000  0.000000000  0.000000000  5.000000000
 0.000000000  0.000000000  0.000000000  5.000000000
 0.000000000  0.000000000  0.000000000  5.000000000
 0.000000000  0.000000000  0.000000000  5.000000000
 0.000000000  0.000000000  0.000000000  5.000000000
 0.000000000  0.000000000  0.000000000  5.000000000
 0.000000000  0.000000000  0.000000000  5.000000000
 0.000000000  0.000000000  0.000000000  5.000000000
 0.000000000  0.000000000  0.000000000  5.000000000
 0.000000000  0.000000000  0.000000000  5.000000000
 0.000000000  0.000000000  0.000000000  5.000000000
 0.000000000  0.000000000  0.000000000  5.000000000
 0.000000000  0.000000000  0.000000000  5.000000000
 0.000000000  0.000000000  0.000000000  5.000000000
 0.000000000  0.000000000  0.000000000  5.000000000
 0.000000000  0.000000000  0.000000000  5.000000000
 0.000000000  0.000000000  0.000000000  5.000000000
 0.000000000  0.000000000  0.000000000  5.000000000
 0.000000000  0.000000000  0.000000000  5.000000000
 0.000000000  0.000000000  0.000000000  5.000000000
 0.000000000  0.000000000  0.000000000  5.000000000
 0.000000000  0.000000000  0.000000000  5.000000000
 0.000000000  0.000000000  0.000000000  5.000000000
 0.000000000  0.000000000  0.000000000  5.000000000
 0.000000000  0.000000000  0.000000000  5.000000000
 0.000000000  0.000000000  0.000000000  5.000000000
 0.000000000  0.000000000  0.000000000  5.000000000
 0.000000000  0.000000000  0.000000000  5.000000000
 0.000000000  0.000000000  0.000000000  5.000000000
 0.000000000  0.000000000  0.000000000  5.000000000
 0.000000000  0.000000000  0.000000000  5.000000000
 0.000000000  0.000000000  0.000000000  5.000000000
 0.000000000  0.000000000  0.000000000  5.000000000
 0.000000000  0.000000000  0.000000000  5.000000000
 0.000000000  0.000000000  0.000000000  5.000000000
 0.000000000  0.000000000  0.000000000  5.000000000
 0.000000000  0.000000000  0.000000000  5.000000000
 0.000000000  0.000000000  0.000000000  5.000000000
 0.000000000  0.000000000  0.000000000  5.000000000
 0.000000000  0.000000000  0.000000000  5.000000000
 0.000000000  0.000000000  0.000000000  5.000000000
 0.000000000  0.000000000  0.000000000  5.000000000
 0.000000000  0.000000000  0.000000000  5.000000000
 0.000000000  0.000000000  0.000000000  5.000000000
 0.000000000  0.000000000  0.000000000  5.000000000
 0.000000000  0.000000000  0.000000000  5.000000000
 0.000000000  0.000000000  0.000000000  5.000000000
 0.000000000  0.000000000  0.000000000  5.000000000
 0.000000000  0.000000000  0.000000000  5.000000000
 0.000000000  0.000000000  0.000000000  5.000000000
 0.000000000  0.000000000  0.000000000  5.000000000
 0.000000000  0.000000000  0.000000000  5.000000000
 0.000000000  0.000000000  0.000000000  5.000000000
 0.000000000  0.000000000  0.000000000  5.000000000
 0.000000000  0.000000000  0.000000000  5.000000000
 0.000000000  0.000000000  0.000000000  5.000000000
 0.000000000  0.000000000  0.000000000  5.000000000
 0.000000000  0.000000000  0.000000000  5.000000000
 0.000000000  0.000000000  0.000000000  5.000000000
 0.000000000  0.000000000  0.000000000  5.000000000
 0.000000000  0.000000000  0.000000000  5.000000000
 0.000000000  0.000000000  0.000000000  5.000000000
 0.000000000  0.000000000  0.000000000  5.000000000
 0.000000000  0.000000000  0.000000000  5.000000000
 0.000000000  0.000000000  0.000000000  5.000000000
 0.000000000  0.000000000  0.000000000  5.000000000
 0.000000000  0.000000000  0.000000000  5.000000000
 0.000000000  0.000000000  0.000000000  5.000000000
 0.000000000  0.000000000  0.000000000  5.000000000
