 1.289187637  0.823836645 -1.213675504  1.000000000
 1.468383603  0.943486942 -1.213709355  1.000000000
 1.210635627  0.813921923 -1.204013599  1.000000000
 1.733296670  1.105643011 -1.217124266  1.000000000
 1.647661224  1.063015722 -1.213796990  1.000000000
 1.390287063  0.934391205 -1.203921938  1.000000000
 1.304556740  0.891603867 -1.200604265  1.000000000
 1.218466922  0.848123222 -1.197413416  1.000000000
 0.959545567  0.716653531 -1.188031175  1.000000000
 1.826647008  1.181623029 -1.214075140  1.000000000
 1.741067412  1.139209372 -1.210708282  1.000000000
 1.483786014  1.011106346 -1.200714718  1.000000000
 1.397943431  0.968258900 -1.197406156  1.000000000
 1.312294151  0.925626667 -1.194050401  1.000000000
 1.226463179  0.882642250 -1.190753922  1.000000000
 0.967731097  0.751572234 -1.181252867  1.000000000
 0.791841853  0.659013961 -1.176094961  1.000000000
 1.748593075  1.172627693 -1.204301760  1.000000000
 1.662933340  1.130129851 -1.200939459  1.000000000
 1.577166195  1.087518748 -1.197583784  1.000000000
 1.234467146  0.917174219 -1.184099696  1.000000000
 1.148472430  0.874003477 -1.180815201  1.000000000
 0.976105309  0.786875640 -1.174403225  1.000000000
 2.012730189  1.332896215 -1.208066597  1.000000000
 1.927413463  1.290755090 -1.204676113  1.000000000
 1.841807540  1.248454329 -1.201280474  1.000000000
 1.756076574  1.206075606 -1.197882738  1.000000000
 1.670447883  1.163690770 -1.194495247  1.000000000
 1.584759009  1.121252161 -1.191102591  1.000000000
 1.413481103  1.036279775 -1.184343873  1.000000000
 1.327860050  0.993823753 -1.180944015  1.000000000
 1.242338328  0.951502254 -1.177491396  1.000000000
 1.156560233  0.908750941 -1.174112439  1.000000000
 0.984710588  0.822473775 -1.167500870  1.000000000
 0.815104065  0.739550628 -1.159948182  1.000000000
 2.020462792  1.366341115 -1.201687066  1.000000000
 1.934964877  1.324150937 -1.198282759  1.000000000
 1.849256315  1.281888904 -1.194862697  1.000000000
 1.763557305  1.239534355 -1.191464750  1.000000000
 1.421362777  1.070476895 -1.177786869  1.000000000
 1.079010902  0.900933262 -1.163991696  1.000000000
 0.993690861  0.858719017 -1.160457248  1.000000000
 0.908281456  0.816397327 -1.156881290  1.000000000
 2.028165428  1.399819613 -1.195298743  1.000000000
 1.771173687  1.273160106 -1.185026765  1.000000000
 1.685715617  1.231032609 -1.181598862  1.000000000
 1.514680907  1.146693994 -1.174718897  1.000000000
 1.172736513  0.978118552 -1.160781023  1.000000000
 1.087227113  0.935912436 -1.157267975  1.000000000
 1.002018376  0.893949802 -1.153672703  1.000000000
 0.917520055  0.853040802 -1.149727593  1.000000000
 0.748450642  0.771140568 -1.141779055  1.000000000
 2.035851042  1.433290313 -1.188912721  1.000000000
 1.778915846  1.306822387 -1.178600888  1.000000000
 1.522445634  1.180590473 -1.168232087  1.000000000
 1.437046986  1.138465012 -1.164792965  1.000000000
 1.351624350  1.096524836 -1.161267981  1.000000000
 1.266183448  1.054691200 -1.157695200  1.000000000
 1.095444528  0.970908167 -1.150555596  1.000000000
 0.758123403  0.808629877 -1.134378444  1.000000000
 2.128780984  1.508657796 -1.185961150  1.000000000
 1.786570797  1.340429070 -1.172183288  1.000000000
 1.615719641  1.256508659 -1.165238873  1.000000000
 1.444967921  1.172647454 -1.158267839  1.000000000
 1.359595790  1.130897628 -1.154702377  1.000000000
 1.103606545  1.005729450 -1.143895321  1.000000000
 1.018547634  0.964424251 -1.140170510  1.000000000
 0.934036710  0.923887779 -1.136140611  1.000000000
 0.682876223  0.804312928 -1.123304965  1.000000000
 1.794387254  1.374097882 -1.165768186  1.000000000
 1.623568138  1.290337957 -1.158798832  1.000000000
 1.538123123  1.248409337 -1.155307709  1.000000000
 1.111755457  1.040649696 -1.137233529  1.000000000
 1.026827881  0.999678165 -1.133397225  1.000000000
 0.773313231  0.878606026 -1.121225450  1.000000000
 2.144092068  1.575443869 -1.173220065  1.000000000
 2.059022506  1.533788954 -1.169756276  1.000000000
 1.973506302  1.491822953 -1.166298898  1.000000000
 1.887893669  1.449845215 -1.162824569  1.000000000
 1.631459061  1.324215153 -1.152353817  1.000000000
 1.460822734  1.240825724 -1.145290886  1.000000000
 1.204963096  1.116462380 -1.134395907  1.000000000
 1.034747930  1.034402810 -1.126854403  1.000000000
 2.151934196  1.609008817 -1.166841518  1.000000000
 1.981401127  1.525460498 -1.159909311  1.000000000
 1.810180500  1.441566634 -1.152946356  1.000000000
 1.639399960  1.358068182 -1.145926182  1.000000000
 1.468835595  1.274903362 -1.138820859  1.000000000
 1.383536633  1.233520361 -1.135203192  1.000000000
 1.298210916  1.192169233 -1.131553853  1.000000000
 1.212975403  1.150948340 -1.127848818  1.000000000
 0.957868233  1.029188893 -1.116129027  1.000000000
 0.873361464  0.988844745 -1.112089505  1.000000000
 0.710244840  0.914925224 -1.100672505  1.000000000
 1.818233448  1.475363469 -1.146545256  1.000000000
 1.647341842  1.391874213 -1.139513463  1.000000000
 1.562102864  1.350399980 -1.135953705  1.000000000
 1.135892097  1.144623727 -1.117508842  1.000000000
 2.082388917  1.634185351 -1.150668941  1.000000000
 1.911804159  1.550883272 -1.143668760  1.000000000
 1.740781128  1.467385673 -1.136634738  1.000000000
 1.655379733  1.425833179 -1.133080305  1.000000000
 1.570126134  1.384319405 -1.129532627  1.000000000
 1.399563085  1.301749936 -1.122284225  1.000000000
 1.228946310  1.219492604 -1.114946722  1.000000000
 1.143761074  1.178626755 -1.111174423  1.000000000
 0.888690972  1.057866770 -1.099198612  1.000000000
 1.919809579  1.584531414 -1.137303733  1.000000000
 1.748894878  1.501182770 -1.130252299  1.000000000
 1.578175694  1.418271939 -1.123115534  1.000000000
 1.322321401  1.294662693 -1.112213727  1.000000000
 1.065691265  1.172085735 -1.101086797  1.000000000
 0.803997876  1.049057686 -1.090817423  1.000000000
 1.927762398  1.618123454 -1.130941335  1.000000000
 1.757045961  1.535029998 -1.123863635  1.000000000
 1.586362122  1.452134369 -1.116739750  1.000000000
 1.501086923  1.410946888 -1.113119641  1.000000000
 1.935668735  1.651695019 -1.124579073  1.000000000
 1.509183240  1.444855050 -1.106733364  1.000000000
 1.338400452  1.362710436 -1.099430959  1.000000000
 1.081237531  1.240189703 -1.088395359  1.000000000
 1.858291695  1.643718466 -1.114702280  1.000000000
 1.773196738  1.602470585 -1.111136256  1.000000000
 1.602640752  1.519808698 -1.103985907  1.000000000
 1.517308733  1.478653845 -1.100368464  1.000000000
 1.261199633  1.355626531 -1.089438918  1.000000000
 1.618668952  1.587121578 -1.091290139  1.000000000
-0.465919698 -2.141477278 -1.855243156  2.000000000
-0.422911853 -2.097759602 -1.864615776  2.000000000
-0.488167668 -2.086512670 -1.809267843  2.000000000
-0.442426606 -2.045474118 -1.822374903  2.000000000
-0.509467175 -2.030599405 -1.763530831  2.000000000
-0.498120592 -1.983631319 -1.747353724  2.000000000
-0.486738135 -1.936624245 -1.731183328  2.000000000
-0.475331502 -1.889590497 -1.715017075  2.000000000
-0.508417055 -1.882930154 -1.686377359  2.000000000
-0.452493618 -1.795491223 -1.682686502  2.000000000
-0.507426831 -1.733933513 -1.608444227  2.000000000
-0.540570060 -1.727525416 -1.579895166  2.000000000
-0.405928687 -1.592065720 -1.610261938  2.000000000
-0.540569901 -1.588227732 -1.506574155  2.000000000
-0.461698740 -1.539727112 -1.540489332  2.000000000
-0.382618927 -1.488865256 -1.573265332  2.000000000
-0.373020460 -1.500918163 -1.588484409  2.000000000
-0.426753255 -1.384923986 -1.484955495  2.000000000
-0.483575302 -1.343604328 -1.420509556  2.000000000
-0.334579917 -1.265514838 -1.490869322  2.000000000
-0.369024744 -1.273606399 -1.469382131  2.000000000
-0.472111673 -1.292390597 -1.402037683  2.000000000
-0.484146674 -1.206474284 -1.347854816  2.000000000
-0.333519708 -1.106988211 -1.407890190  2.000000000
-0.402794604 -1.124734208 -1.365361822  2.000000000
 1.227307594  0.880017316 -1.180572650  2.000000000
-0.308780290 -0.983131466 -1.360336575  2.000000000
-0.414438466 -1.031380965 -1.307333623  2.000000000
 1.466610913  1.377121055 -1.039622561  2.000000000
-0.260759732 -0.905957187 -1.354679320  2.000000000
-0.296784507 -0.925254808 -1.338637790  2.000000000
-0.332023832 -0.940900198 -1.320803230  2.000000000
 1.254842499  0.971842935 -1.148227676  2.000000000
-0.391772932 -0.922910584 -1.267481718  2.000000000
-0.426353212 -0.941483401 -1.250848344  2.000000000
 1.189279180  0.864724096 -1.173469643  2.000000000
-0.414842253 -0.887991014 -1.231207870  2.000000000
-0.449928665 -0.906214454 -1.214512972  2.000000000
 1.513863175  1.496280631 -1.001744609  2.000000000
 0.991418184  0.500775355 -1.268442500  2.000000000
-0.298870469 -0.772330725 -1.258503253  2.000000000
-0.404173996 -0.833200181 -1.211086134  2.000000000
-0.438358598 -0.853327824 -1.195108938  2.000000000
 1.320164032  1.150758768 -1.089792855  2.000000000
 1.056158438  0.643411593 -1.226515038  2.000000000
-0.210570519 -0.668576969 -1.264990978  2.000000000
-0.287223824 -0.714758065 -1.237053233  2.000000000
-0.199031819 -0.611040480 -1.243576246  2.000000000
-0.350139309 -0.703148684 -1.187047329  2.000000000
-0.418601173 -0.744931945 -1.155658457  2.000000000
 1.275248841  1.063355394 -1.113572051  2.000000000
 0.939023106  0.476267592 -1.260766633  2.000000000
-0.434337330 -0.708729833 -1.117248708  2.000000000
 1.006252169  0.625112606 -1.216987455  2.000000000
 0.662872600  0.020604071 -1.369980242  2.000000000
-0.090786163 -0.442015318 -1.223418677  2.000000000
-0.137194039 -0.471915697 -1.214201644  2.000000000
-0.297647663 -0.572884442 -1.163362142  2.000000000
 0.500019150 -0.723489001  0.201831578  2.000000000
 0.521089375 -0.729263267  0.231226644  2.000000000
 0.060175681 -0.294726402 -1.229271785  2.000000000
 0.006255702 -0.331139846 -1.225081830  2.000000000
-0.041563551 -0.361975876 -1.216656466  2.000000000
-0.086514428 -0.390276094 -1.206304615  2.000000000
-0.251768106 -0.494762959 -1.157903630  2.000000000
-0.358144141 -0.562391304 -1.113219323  2.000000000
-0.388112443 -0.582048489 -1.096110769  2.000000000
-0.417041801 -0.601431730 -1.078679638  2.000000000
 1.055357361  0.645686585 -1.222669689  2.000000000
 0.896381389  0.477761905 -1.244662843  2.000000000
 0.647136473  0.122349357 -1.316458613  2.000000000
 0.396512121 -0.021641477 -1.261596016  2.000000000
 0.258039299 -0.115717164 -1.242548194  2.000000000
 0.157842476 -0.183368982 -1.230212856  2.000000000
 0.058689572 -0.248297625 -1.216299890  2.000000000
-0.384025006 -0.529961553 -1.078413752  2.000000000
 0.437517242 -0.650876298  0.206470484  2.000000000
 0.548089212  0.140478314 -1.262078635  2.000000000
 0.156318506 -0.137415651 -1.217797030  2.000000000
-0.215991086 -0.372141917 -1.141310008  2.000000000
-0.322991340 -0.439793983 -1.096576343  2.000000000
-0.353903620 -0.459630148 -1.079190630  2.000000000
-0.422414181 -0.510887559 -1.020223769  2.000000000
-0.437454361 -0.525359427 -0.998074083  2.000000000
 0.406969367 -0.615310769  0.208840495  2.000000000
 0.429649762 -0.622819117  0.238296572  2.000000000
 0.954012770  0.548515414 -1.233083611  2.000000000
 0.740722856  0.350031965 -1.248033233  2.000000000
 0.307199765  0.008983231 -1.224977893  2.000000000
-0.132153084 -0.270684949 -1.150506438  2.000000000
-0.404447043 -0.445099150 -1.025275332  2.000000000
 0.376387829 -0.579686255  0.211247532  2.000000000
 0.897095165  0.489021356 -1.241957400  2.000000000
 0.360694188  0.087384124 -1.220583435  2.000000000
 0.206078142 -0.014429022 -1.201349393  2.000000000
-0.420436004 -0.409120549 -0.986848864  2.000000000
 0.300355634 -0.529093170  0.154488069  2.000000000
 0.345789144 -0.544035772  0.213664328  2.000000000
 0.650828587  0.333118072 -1.230055737  2.000000000
 0.520412508  0.240458109 -1.225674852  2.000000000
 0.363480776  0.132686387 -1.209550878  2.000000000
-0.446329555 -0.385802543 -0.924386258  2.000000000
 0.269604752 -0.493309464  0.156849894  2.000000000
 0.722546617  0.418889553 -1.223947522  2.000000000
 0.099632544  0.012405921 -1.161852162  2.000000000
 0.050374989 -0.017716255 -1.152886038  2.000000000
-0.049331733 -0.077208077 -1.134243953  2.000000000
-0.223136569 -0.177659190 -1.082906717  2.000000000
-0.260457118 -0.199264655 -1.067196621  2.000000000
-0.360765930 -0.260718408 -1.017199211  2.000000000
-0.391430224 -0.280123331 -0.999594910  2.000000000
-0.453530753 -0.347187352 -0.883221934  2.000000000
-0.456192901 -0.357828601 -0.857235169  2.000000000
 0.216184605 -0.450252078  0.129394571  2.000000000
 0.239100082 -0.457728319  0.159320596  2.000000000
 0.261936885 -0.465293919  0.188969495  2.000000000
 0.284591769 -0.472753809  0.218460807  2.000000000
 0.543076544  0.335282747 -1.203810651  2.000000000
 0.364573672  0.217444252 -1.189903062  2.000000000
 0.044091882  0.025952166 -1.141976619  2.000000000
-0.230579355 -0.130779933 -1.069816559  2.000000000
-0.416910125 -0.246993573 -0.963833423  2.000000000
-0.455724496 -0.287443381 -0.894313489  2.000000000
 0.162759918 -0.407339326  0.101707915  2.000000000
 0.185702193 -0.414613298  0.131992100  2.000000000
 0.231451640 -0.429754714  0.191403736  2.000000000
 0.364811253  0.260392481 -1.179934551  2.000000000
 0.256319866  0.193439588 -1.165618981  2.000000000
-0.104475217 -0.010878955 -1.096815035  2.000000000
-0.152199347 -0.037692220 -1.085318536  2.000000000
-0.344754606 -0.146548927 -1.007828669  2.000000000
-0.401171718 -0.182241808 -0.969975785  2.000000000
-0.463465240 -0.269308169 -0.799797552  2.000000000
 0.178044728 -0.385900652  0.165216266  2.000000000
 0.363998108  0.301862854 -1.170557262  2.000000000
 0.200852577  0.203264439 -1.148081332  2.000000000
-0.317957604 -0.079293230 -1.011393498  2.000000000
-0.410183274 -0.134991077 -0.956681958  2.000000000
-0.435112758 -0.151457615 -0.936593492  2.000000000
-0.461364417 -0.238867896 -0.729468580  2.000000000
 0.434413110  0.382229220 -1.166692652  2.000000000
 0.089744525  0.184238819 -1.120344089  2.000000000
-0.070929797  0.102572862 -1.087103604  2.000000000
-0.427939410 -0.090216049 -0.945806756  2.000000000
-0.494587463 -0.146462942 -0.856017307  2.000000000
-0.499852852 -0.177810338 -0.776935099  2.000000000
-0.449923639 -0.206638386 -0.656679240  2.000000000
 0.025503633 -0.286489725  0.048105057  2.000000000
 0.048449016 -0.292923534  0.079703690  2.000000000
 0.071311325 -0.299728537  0.110581549  2.000000000
-0.272484979  0.049777861 -1.023046701  2.000000000
-0.472275128 -0.161873774 -0.646314711  2.000000000
-0.096016592 -0.227424944 -0.078000555  2.000000000
 0.017777696 -0.255780851  0.084318500  2.000000000
 0.362980669  0.423342613 -1.144273176  2.000000000
 0.248101440  0.358592406 -1.128387569  2.000000000
-0.032886433  0.213044946 -1.079337013  2.000000000
-0.289663488  0.092655869 -1.013241451  2.000000000
-0.481466009 -0.014228792 -0.901444895  2.000000000
-0.528578336 -0.054720380 -0.832756218  2.000000000
-0.541408906 -0.087484195 -0.755417826  2.000000000
-0.514696645 -0.111697463 -0.668069979  2.000000000
-0.478888356 -0.123517062 -0.604923245  2.000000000
-0.058469216 -0.206753651  0.024746345  2.000000000
 0.188402274  0.369177357 -1.110253630  2.000000000
 0.074254266  0.309740458 -1.091346834  2.000000000
-0.097606397  0.229569334 -1.057536557  2.000000000
-0.379421725  0.097099255 -0.968760777  2.000000000
-0.552876256 -0.010388567 -0.822905876  2.000000000
-0.467558740 -0.091424144 -0.532027079  2.000000000
-0.292580547 -0.121093396 -0.264387868  2.000000000
-0.270364304 -0.125829573 -0.231304796  2.000000000
-0.202738846 -0.141639840 -0.133226175  2.000000000
-0.180098589 -0.147079809 -0.100605149  2.000000000
-0.157432100 -0.152525200 -0.067939596  2.000000000
-0.043267310 -0.182250762  0.092880832  2.000000000
 0.304760311  0.466556793 -1.121522340  2.000000000
 0.009479973  0.324097793 -1.070966839  2.000000000
-0.215616282  0.223869356 -1.021508938  2.000000000
-0.504010134  0.087701793 -0.903430593  2.000000000
-0.594738721 -0.009296532 -0.709939177  2.000000000
-0.583893682 -0.017497774 -0.680510420  2.000000000
-0.233555917 -0.103918067 -0.127953675  2.000000000
-0.188285323 -0.114726263 -0.062616621  2.000000000
-0.165505748 -0.120468388 -0.030225485  2.000000000
 0.243446042  0.475760741 -1.104197023  2.000000000
 0.183812300  0.445392055 -1.095160255  2.000000000
-0.463057970  0.164782341 -0.932187763  2.000000000
-0.557113869  0.116037395 -0.873515704  2.000000000
-0.600273217  0.087654754 -0.830079541  2.000000000
-0.629147404  0.052524545 -0.756401614  2.000000000
-0.629863058  0.042670118 -0.729708022  2.000000000
-0.552062801 -0.002324456 -0.549441539  2.000000000
-0.487249797 -0.017638543 -0.451581211  2.000000000
-0.465429953 -0.021003413 -0.417942898  2.000000000
-0.421453558 -0.030729477 -0.352236766  2.000000000
-0.399273704 -0.035017738 -0.319074302  2.000000000
-0.332243491 -0.049960261 -0.220547785  2.000000000
-0.264462064 -0.066036094 -0.122577731  2.000000000
-0.067841158  0.377815391 -1.042667194  2.000000000
-0.129761926  0.353175500 -1.030307457  2.000000000
-0.352427988  0.264469966 -0.973665072  2.000000000
-0.497178030  0.018211183 -0.411906647  2.000000000
 0.244843198  0.552469196 -1.088938224  2.000000000
 0.112753418  0.496049387 -1.068476640  2.000000000
-0.426224448  0.285242933 -0.949696259  2.000000000
-0.679840715  0.160006212 -0.791045251  2.000000000
-0.670515428  0.101987263 -0.628105954  2.000000000
-0.617125748  0.081214209 -0.534827250  2.000000000
-0.485004338  0.048324500 -0.339782425  2.000000000
-0.417110841  0.032031403 -0.241973223  2.000000000
-0.234875565 -0.013830015  0.017259694  2.000000000
-0.278958972  0.387220596 -0.987122653  2.000000000
-0.399990485  0.346430689 -0.957315034  2.000000000
-0.586925683  0.272825414 -0.889434062  2.000000000
-0.619093822  0.257306667 -0.869667303  2.000000000
-0.700126434  0.214246091 -0.807288670  2.000000000
-0.713928229  0.202002043 -0.783623941  2.000000000
-0.730808532  0.179789123 -0.733866690  2.000000000
-0.736899533  0.159432908 -0.681752265  2.000000000
-0.402755064  0.058965991 -0.171477852  2.000000000
-0.357114120  0.047434691 -0.106658647  2.000000000
-0.334359701  0.041716314 -0.074279368  2.000000000
-0.159872300  0.472770767 -1.005466260  2.000000000
-0.297800118  0.427004620 -0.979324072  2.000000000
-0.735795773  0.255742842 -0.800296111  2.000000000
-0.683518653  0.164097054 -0.520767679  2.000000000
-0.615668564  0.143774764 -0.424988824  2.000000000
-0.433763285  0.097032121 -0.165994907  2.000000000
-0.342388259  0.073589456 -0.036786602  2.000000000
 0.101302575  0.608784202 -1.046877128  2.000000000
-0.104432334  0.534419018 -1.011003475  2.000000000
-0.663424212  0.352971297 -0.876637975  2.000000000
-0.756050784  0.308802480 -0.816482701  2.000000000
-0.830591328  0.270064817 -0.752869256  2.000000000
-0.831233390  0.240890983 -0.672931740  2.000000000
-0.813980192  0.223933502 -0.615358337  2.000000000
-0.716800227  0.204785055 -0.514114795  2.000000000
-0.602486645  0.171867076 -0.353928412  2.000000000
-0.556715734  0.159139965 -0.289696044  2.000000000
-0.487775280  0.141325923 -0.192692974  2.000000000
 0.249301067  0.699439117 -1.061543003  2.000000000
 0.028774594  0.620724223 -1.028230253  2.000000000
-0.191933343  0.548720014 -0.991584865  2.000000000
-0.407790124  0.485932217 -0.949716155  2.000000000
-0.768691636  0.363141044 -0.831078065  2.000000000
-0.834817097  0.334869757 -0.792050309  2.000000000
-0.853122886  0.323143996 -0.769437154  2.000000000
-0.683799155  0.223979480 -0.412631665  2.000000000
-0.634282357  0.211293234 -0.347719769  2.000000000
-0.565280577  0.192048880 -0.251460094  2.000000000
 0.401009599  0.806468801 -1.068566370  2.000000000
-0.125398094  0.609997663 -0.996828821  2.000000000
-0.636091476  0.467014818 -0.897820286  2.000000000
-0.692485098  0.449423481 -0.881375571  2.000000000
-0.503451605  0.204609983 -0.117666910  2.000000000
 0.019676666  0.694353535 -1.014685916  2.000000000
-0.058277695  0.669431122 -1.003072022  2.000000000
-0.136537158  0.646231059 -0.990634694  2.000000000
-0.624323210  0.522317081 -0.908779999  2.000000000
-0.744018838  0.486933075 -0.877012065  2.000000000
-0.787943708  0.471228673 -0.859344692  2.000000000
 0.403866007  0.873621973 -1.057604246  2.000000000
 0.092613669  0.755319238 -1.019957463  2.000000000
-0.309318885  0.640483783 -0.957406212  2.000000000
-0.440640653  0.618869343 -0.946224453  2.000000000
-0.738820004  0.541388200 -0.888275766  2.000000000
-0.797738191  0.524234426 -0.872571373  2.000000000
-0.840752063  0.508857608 -0.854959240  2.000000000
-0.878772725  0.495071524 -0.836860965  2.000000000
 0.246776171  0.841578806 -1.036532962  2.000000000
 0.010673929  0.765178036 -1.002529086  2.000000000
 0.245536234  0.876045620 -1.030780111  2.000000000
-0.167403371  0.754945464 -0.971824616  2.000000000
 0.560456120  1.029955192 -1.061743952  2.000000000
 0.322689620  0.933669778 -1.037532845  2.000000000
 0.084253083  0.857617384 -1.003477248  2.000000000
 0.003230593  0.835500679 -0.990608375  2.000000000
 0.162344658  0.911893159 -1.011827426  2.000000000
 0.479039459  1.051359570 -1.049384979  2.000000000
 0.321691990  0.993865829 -1.030482974  2.000000000
 0.721291396  1.183236947 -1.066127788  2.000000000
 0.478177331  1.080806728 -1.045971339  2.000000000
 0.477908670  1.108031316 -1.044103122  2.000000000
 0.554117854  1.166070624 -1.049842312  2.000000000
 0.398323020  1.106392642 -1.032791605  2.000000000
 0.853994996  1.343389249 -1.074508508  2.000000000
 0.706170997  1.281940336 -1.061184077  2.000000000
 0.706182604  1.309350830 -1.059244433  2.000000000
 0.479704576  1.216615472 -1.037957289  2.000000000
 0.848628054  1.421178070 -1.070007424  2.000000000
 0.779786519  1.392853264 -1.063351117  2.000000000
 0.634897079  1.333585686 -1.049662539  2.000000000
 0.779367431  1.419326461 -1.062018001  2.000000000
 0.850532464  1.475256354 -1.067331439  2.000000000
 0.921083686  1.557603532 -1.071181271  2.000000000
 0.718668070  1.474340923 -1.051991435  2.000000000
 0.787888355  1.529474015 -1.057151091  2.000000000
 0.988418863  1.638418265 -1.074778631  2.000000000
 0.922649548  1.611473939 -1.068532598  2.000000000
 0.924348876  1.638747592 -1.067289366  2.000000000
 0.792230116  1.584479827 -1.054750236  2.000000000
 0.658487395  1.529439580 -1.042062548  2.000000000
 0.795662036  1.639040764 -1.052266787  2.000000000
 0.663188981  1.584520996 -1.039702342  2.000000000
 0.665544439  1.612023578 -1.038524836  2.000000000
 0.598985202  1.584605201 -1.032212765  2.000000000
 0.667881110  1.639463878 -1.037348604  2.000000000
-1.066090597  0.543029991 -0.793302792  3.000000000
-1.167990836  0.505256557 -0.737357572  3.000000000
-1.200746679  0.493749630 -0.718910862  3.000000000
-1.219290880  0.483426499 -0.696924228  3.000000000
-1.103362234  0.644671037 -0.822131496  3.000000000
-1.210632032  0.606547324 -0.767696227  3.000000000
-1.347475879  0.560673361 -0.695570778  3.000000000
-1.416981476  0.539637390 -0.660172687  3.000000000
-1.523717401  0.509460079 -0.608123333  3.000000000
-1.009763335  0.733220241 -0.887509538  3.000000000
-1.085751316  0.707385213 -0.853300928  3.000000000
-1.232305406  0.656650901 -0.782769318  3.000000000
-1.335184414  0.620638170 -0.728438947  3.000000000
-1.546939318  0.557202453 -0.623298858  3.000000000
-1.582562909  0.546957541 -0.605946283  3.000000000
-1.074962588  0.768378932 -0.883649696  3.000000000
-1.217154861  0.718865840 -0.814786013  3.000000000
-1.253341521  0.706263243 -0.797163017  3.000000000
-1.289220892  0.693955263 -0.779736009  3.000000000
-1.568654837  0.604834105 -0.638144241  3.000000000
-1.604299126  0.594499141 -0.620785149  3.000000000
-1.063303443  0.829143999 -0.914226567  3.000000000
-1.097884969  0.816985322 -0.897261140  3.000000000
-1.202804979  0.780442829 -0.846043309  3.000000000
-1.238959059  0.768018760 -0.828797477  3.000000000
-1.274426604  0.755716274 -0.811493807  3.000000000
-1.345675655  0.731330284 -0.776382609  3.000000000
-1.380729714  0.719365128 -0.758711099  3.000000000
-1.415626641  0.707868118 -0.741048117  3.000000000
-1.485212793  0.685155479 -0.705579714  3.000000000
-1.520147143  0.674142927 -0.687973916  3.000000000
-1.555329744  0.663267323 -0.670501514  3.000000000
-1.697364456  0.621239304 -0.601026140  3.000000000
-1.190594111  0.841324100 -0.876966438  3.000000000
-1.332046940  0.792535859 -0.808146334  3.000000000
-1.402712083  0.768540989 -0.773304267  3.000000000
-1.577540297  0.711470766 -0.685415105  3.000000000
-1.612562801  0.700480658 -0.667861907  3.000000000
-1.647951490  0.689885307 -0.650493284  3.000000000
-1.826220231  0.637727857 -0.564137854  3.000000000
-1.145521744  0.913594345 -0.924492620  3.000000000
-1.354335014  0.841323175 -0.822212535  3.000000000
-1.389572758  0.829322997 -0.804972694  3.000000000
-1.424704513  0.817461508 -0.787613776  3.000000000
-1.494928623  0.793980143 -0.752778179  3.000000000
-1.529890699  0.782500912 -0.735352453  3.000000000
-1.564761419  0.771090735 -0.717677883  3.000000000
-1.670077560  0.737944065 -0.665312947  3.000000000
-1.740837959  0.716518388 -0.630595267  3.000000000
-1.812255074  0.695572916 -0.596051107  3.000000000
-1.169753254  0.961661512 -0.938040618  3.000000000
-1.203668875  0.949875455 -0.921226894  3.000000000
-1.272434212  0.926208667 -0.887381992  3.000000000
-1.482040984  0.854427702 -0.784441596  3.000000000
-1.517085749  0.842680778 -0.767121077  3.000000000
-1.552065577  0.831127300 -0.749755985  3.000000000
-1.587104451  0.819602039 -0.732377312  3.000000000
-1.622049220  0.808237802 -0.714886619  3.000000000
-1.798053885  0.753614693 -0.627992539  3.000000000
-1.905450635  0.722248881 -0.576341382  3.000000000
-1.469826445  0.914708410 -0.815740638  3.000000000
-1.504517296  0.902983218 -0.798588160  3.000000000
-1.539463408  0.891317753 -0.781346573  3.000000000
-1.574400870  0.879675440 -0.764093518  3.000000000
-1.609355955  0.868193002 -0.746774119  3.000000000
-1.679398749  0.845498718 -0.712155120  3.000000000
-1.714430307  0.834280472 -0.694718056  3.000000000
-1.820039702  0.801439123 -0.642668295  3.000000000
-1.998652931  0.748956293 -0.556666670  3.000000000
-1.388561036  0.999001506 -0.880818407  3.000000000
-1.492617540  0.963372017 -0.829671177  3.000000000
-1.527280879  0.951522924 -0.812621811  3.000000000
-1.562055630  0.939826892 -0.795471654  3.000000000
-1.596850690  0.928200537 -0.778286436  3.000000000
-1.701671667  0.893795234 -0.726562186  3.000000000
-1.736699623  0.882525677 -0.709285082  3.000000000
-1.877387364  0.838522954 -0.639991538  3.000000000
-1.912892133  0.827901441 -0.622784955  3.000000000
-1.948647706  0.817374151 -0.605588844  3.000000000
-2.020302684  0.796371942 -0.571217592  3.000000000
-1.343649740  1.070637849 -0.928345987  3.000000000
-1.412167322  1.047213767 -0.894569707  3.000000000
-1.480988793  1.023677106 -0.860637660  3.000000000
-1.515415569  1.011867883 -0.843629122  3.000000000
-1.550246201  1.000038062 -0.826550069  3.000000000
-1.619508850  0.976668410 -0.792403827  3.000000000
-1.689140560  0.953565663 -0.758082132  3.000000000
-1.724101603  0.942136752 -0.740899976  3.000000000
-1.759097921  0.930814323 -0.723669813  3.000000000
-1.794148856  0.919568423 -0.706422282  3.000000000
-1.829181452  0.908489933 -0.689189540  3.000000000
-1.864298576  0.897491822 -0.671911108  3.000000000
-1.899517138  0.886536704 -0.654615223  3.000000000
-1.934843864  0.875695050 -0.637362939  3.000000000
-1.970309471  0.864981323 -0.620172584  3.000000000
-1.401350631  1.106827136 -0.925157838  3.000000000
-1.573356474  1.048459168 -0.840494818  3.000000000
-1.607818154  1.036737274 -0.823495495  3.000000000
-1.642358202  1.025068390 -0.806445286  3.000000000
-1.677021655  1.013433330 -0.789352738  3.000000000
-1.711741763  1.001888689 -0.772246781  3.000000000
-1.746610997  0.990465449 -0.755111920  3.000000000
-1.816577884  0.967810241 -0.720785904  3.000000000
-1.851598952  0.956618098 -0.703576129  3.000000000
-1.886634221  0.945502985 -0.686362444  3.000000000
-1.921773043  0.934493917 -0.669145883  3.000000000
-1.956939321  0.923528661 -0.651887991  3.000000000
-2.135155365  0.870425024 -0.566081594  3.000000000
-2.206239865  0.849504956 -0.531898199  3.000000000
-1.562293063  1.108430488 -0.871303452  3.000000000
-1.665603063  1.073519181 -0.820450593  3.000000000
-1.734715532  1.050247805 -0.786347432  3.000000000
-1.769340389  1.038728041 -0.769255618  3.000000000
-1.839032079  1.016047295 -0.735045779  3.000000000
-1.979302573  0.971512788 -0.666370226  3.000000000
-2.014296945  0.960485247 -0.649174377  3.000000000
-2.049674137  0.949693384 -0.632006996  3.000000000
-2.121032293  0.928440076 -0.597746963  3.000000000
-1.551044413  1.167833746 -0.901932046  3.000000000
-1.757918517  1.098670505 -0.800404140  3.000000000
-1.931842598  1.041752523 -0.715042877  3.000000000
-1.966771752  1.030589173 -0.697888467  3.000000000
-2.036855226  1.008496827 -0.663600411  3.000000000
-2.107424512  0.986772678 -0.629336672  3.000000000
-2.249954356  0.944312654 -0.560865766  3.000000000
-1.677635828  1.181516138 -0.865140615  3.000000000
-1.746724984  1.158591391 -0.831336438  3.000000000
-1.781197804  1.147017454 -0.814369384  3.000000000
-2.024488741  1.067593578 -0.695040151  3.000000000
-2.059525557  1.056523189 -0.677938180  3.000000000
-2.094553365  1.045513186 -0.660853196  3.000000000
-2.129713236  1.034579245 -0.643747285  3.000000000
-2.271846783  0.991879341 -0.575333063  3.000000000
-2.307301906  0.981244026 -0.558257665  3.000000000
-1.908065417  1.160903180 -0.777440866  3.000000000
-2.117314803  1.093573218 -0.675149414  3.000000000
-2.187557779  1.071669626 -0.640997693  3.000000000
-2.293896411  1.039478917 -0.589749834  3.000000000
-1.896590972  1.220553563 -0.808369123  3.000000000
-1.931233166  1.209192183 -0.791455001  3.000000000
-2.035385407  1.175191324 -0.740460476  3.000000000
-2.105039968  1.152746458 -0.706406847  3.000000000
-2.280628570  1.097886475 -0.621207368  3.000000000
-2.058222198  1.223327620 -0.754561556  3.000000000
-2.162804046  1.189746251 -0.703600049  3.000000000
-2.302869490  1.145583637 -0.635541002  3.000000000
-2.443613727  1.102280898 -0.567380669  3.000000000
-2.185366894  1.237692661 -0.717746193  3.000000000
-2.290199110  1.204409793 -0.666770905  3.000000000
-2.360397657  1.182529150 -0.632798499  3.000000000
-0.078841389 -1.702124054 -1.893308240  4.000000000
-0.104092869 -1.715383557 -1.893308243  4.000000000
-0.094115431 -1.711524637 -1.893308242  4.000000000
-0.098336442 -1.713743797 -1.893308243  4.000000000
-0.102574157 -1.715975159 -1.893308243  4.000000000
-0.115291426 -1.722679075 -1.893308244  4.000000000
-0.123772844 -1.727154688 -1.893308245  4.000000000
-0.128017064 -1.729399192 -1.893308246  4.000000000
-0.088405029 -1.709922344 -1.893308242  4.000000000
-0.096851513 -1.714365016 -1.893308243  4.000000000
-0.105318124 -1.718823678 -1.893308244  4.000000000
-0.113771309 -1.723275609 -1.893308244  4.000000000
-0.118006805 -1.725508330 -1.893308245  4.000000000
-0.122251029 -1.727745987 -1.893308245  4.000000000
-0.134964849 -1.734461459 -1.893308247  4.000000000
-0.086903337 -1.710528995 -1.893308242  4.000000000
-0.091128230 -1.712753066 -1.893308242  4.000000000
-0.112275450 -1.723889422 -1.893308245  4.000000000
-0.116502668 -1.726118364 -1.893308245  4.000000000
-0.124963234 -1.730576466 -1.893308246  4.000000000
-0.089635401 -1.713367000 -1.893308242  4.000000000
-0.110792353 -1.724513261 -1.893308245  4.000000000
-0.115013242 -1.726736014 -1.893308245  4.000000000
-0.127681711 -1.733410847 -1.893308246  4.000000000
-0.136166312 -1.737884771 -1.893308247  4.000000000
-0.140403614 -1.740120626 -1.893308248  4.000000000
-0.088140131 -1.713976455 -1.893308242  4.000000000
-0.092373197 -1.716210189 -1.893308243  4.000000000
-0.105098803 -1.722921926 -1.893308244  4.000000000
-0.113533871 -1.727361877 -1.893308245  4.000000000
-0.130403806 -1.736249044 -1.893308247  4.000000000
-0.134640391 -1.738480968 -1.893308247  4.000000000
-0.090867210 -1.716811660 -1.893308243  4.000000000
-0.095107444 -1.719051566 -1.893308243  4.000000000
-0.099355678 -1.721294522 -1.893308244  4.000000000
-0.112044954 -1.727978129 -1.893308245  4.000000000
-0.116264729 -1.730200230 -1.893308246  4.000000000
-0.124682436 -1.734631083 -1.893308246  4.000000000
-0.137359284 -1.741315531 -1.893308248  4.000000000
-0.150087488 -1.748029144 -1.893308249  4.000000000
-0.097849091 -1.721899515 -1.893308244  4.000000000
-0.110566746 -1.728603696 -1.893308245  4.000000000
-0.131633779 -1.739696071 -1.893308247  4.000000000
-0.135844226 -1.741915516 -1.893308248  4.000000000
-0.144333933 -1.746394081 -1.893308249  4.000000000
-0.092151339 -1.720284873 -1.893308243  4.000000000
-0.100572561 -1.724731787 -1.893308244  4.000000000
-0.117502204 -1.733656249 -1.893308246  4.000000000
-0.138572779 -1.744750551 -1.893308248  4.000000000
-0.142817262 -1.746990906 -1.893308249  4.000000000
-0.151304407 -1.751467988 -1.893308250  4.000000000
-0.159739843 -1.755916360 -1.893308251  4.000000000
-0.103309045 -1.727576555 -1.893308245  4.000000000
-0.110280792 -1.732657005 -1.893308246  4.000000000
-0.118726738 -1.737098981 -1.893308247  4.000000000
-0.122945478 -1.739317742 -1.893308247  4.000000000
-0.131379183 -1.743762787 -1.893308248  4.000000000
-0.135600315 -1.745987846 -1.893308248  4.000000000
-0.139820248 -1.748212233 -1.893308249  4.000000000
-0.152525571 -1.754911239 -1.893308250  4.000000000
-0.156756712 -1.757140700 -1.893308251  4.000000000
-0.108789564 -1.733270728 -1.893308246  4.000000000
-0.113012863 -1.735499965 -1.893308246  4.000000000
-0.121459602 -1.739945131 -1.893308247  4.000000000
-0.138334718 -1.748831678 -1.893308249  4.000000000
-0.151022605 -1.755519180 -1.893308250  4.000000000
-0.159477828 -1.759972558 -1.893308251  4.000000000
-0.163679406 -1.762180580 -1.893308252  4.000000000
-0.124189379 -1.742788860 -1.893308248  4.000000000
-0.128407325 -1.745007716 -1.893308248  4.000000000
-0.132625985 -1.747226658 -1.893308249  4.000000000
-0.145290512 -1.753897069 -1.893308250  4.000000000
-0.118478638 -1.741183813 -1.893308247  4.000000000
-0.131134349 -1.747848553 -1.893308249  4.000000000
-0.139574281 -1.752289051 -1.893308249  4.000000000
-0.143793499 -1.754511364 -1.893308250  4.000000000
-0.152244216 -1.758956865 -1.893308251  4.000000000
-0.121202470 -1.744013005 -1.893308248  4.000000000
-0.125420506 -1.746240100 -1.893308248  4.000000000
-0.150723281 -1.759551832 -1.893308251  4.000000000
-0.136566511 -1.753503341 -1.893308250  4.000000000
 0.512535218 -0.794024545 -0.007464016  5.000000000
 0.537962750 -0.804381610 -0.007464015  5.000000000
 0.520842285 -0.797392485 -0.007464015  5.000000000
 0.554815896 -0.811237959 -0.007464013  5.000000000
 0.529144120 -0.800758095 -0.007464015  5.000000000
 0.520578353 -0.797261242 -0.007464015  5.000000000
 0.494887409 -0.786773317 -0.007464017  5.000000000
 0.469181070 -0.776278950 -0.007464018  5.000000000
 0.563176029 -0.814627322 -0.007464013  5.000000000
 0.554603039 -0.811127617 -0.007464013  5.000000000
 0.546011474 -0.807620330 -0.007464014  5.000000000
 0.520315495 -0.797130356 -0.007464015  5.000000000
 0.511764474 -0.793639586 -0.007464015  5.000000000
 0.520054464 -0.797000210 -0.007464015  5.000000000
 0.511501145 -0.793508488 -0.007464015  5.000000000
 0.502944965 -0.790015641 -0.007464016  5.000000000
 0.477232356 -0.779518946 -0.007464017  5.000000000
 0.468674062 -0.776025187 -0.007464017  5.000000000
 0.460099367 -0.772524639 -0.007464018  5.000000000
 0.554070542 -0.810863094 -0.007464013  5.000000000
 0.545485379 -0.807358347 -0.007464013  5.000000000
 0.494137983 -0.786396782 -0.007464016  5.000000000
 0.459853346 -0.772400780 -0.007464018  5.000000000
 0.451303887 -0.768910607 -0.007464018  5.000000000
 0.605657227 -0.831897508 -0.007464010  5.000000000
 0.579682642 -0.821294796 -0.007464011  5.000000000
 0.570979964 -0.817742352 -0.007464012  5.000000000
 0.562387889 -0.814234892 -0.007464012  5.000000000
 0.545216187 -0.807224834 -0.007464013  5.000000000
 0.536643104 -0.803724992 -0.007464014  5.000000000
 0.519518298 -0.796734148 -0.007464014  5.000000000
 0.502440419 -0.789762493 -0.007464015  5.000000000
 0.468192902 -0.775781755 -0.007464017  5.000000000
 0.425471701 -0.758341385 -0.007464019  5.000000000
 0.622555522 -0.838771978 -0.007464009  5.000000000
 0.613958527 -0.835262724 -0.007464009  5.000000000
 0.605335915 -0.831742979 -0.007464010  5.000000000
 0.562110897 -0.814098199 -0.007464012  5.000000000
 0.553501373 -0.810583594 -0.007464013  5.000000000
 0.536375191 -0.803592096 -0.007464013  5.000000000
 0.527810875 -0.800095930 -0.007464014  5.000000000
 0.510707614 -0.793113926 -0.007464015  5.000000000
 0.493637599 -0.786145430 -0.007464016  5.000000000
 0.485072887 -0.782649075 -0.007464016  5.000000000
 0.433702152 -0.761678009 -0.007464019  5.000000000
 0.604980464 -0.831574468 -0.007464010  5.000000000
 0.596341972 -0.828048184 -0.007464010  5.000000000
 0.579036510 -0.820983988 -0.007464011  5.000000000
 0.544646677 -0.806945299 -0.007464013  5.000000000
 0.518981901 -0.796468181 -0.007464014  5.000000000
 0.510440533 -0.792981358 -0.007464015  5.000000000
 0.501902812 -0.789496047 -0.007464015  5.000000000
 0.493366792 -0.786011398 -0.007464015  5.000000000
 0.476270788 -0.779032334 -0.007464016  5.000000000
 0.467707757 -0.775536696 -0.007464017  5.000000000
 0.459141581 -0.772039748 -0.007464017  5.000000000
 0.442014913 -0.765048130 -0.007464018  5.000000000
 0.433429849 -0.761543403 -0.007464018  5.000000000
 0.621872678 -0.838446574 -0.007464009  5.000000000
 0.604625024 -0.831405929 -0.007464009  5.000000000
 0.587346621 -0.824352746 -0.007464010  5.000000000
 0.578718905 -0.820830821 -0.007464011  5.000000000
 0.561511100 -0.813806302 -0.007464012  5.000000000
 0.552925689 -0.810301549 -0.007464012  5.000000000
 0.544357964 -0.806803951 -0.007464013  5.000000000
 0.518693325 -0.796326911 -0.007464014  5.000000000
 0.510161677 -0.792844062 -0.007464014  5.000000000
 0.493097736 -0.785878099 -0.007464015  5.000000000
 0.476015479 -0.778904649 -0.007464016  5.000000000
 0.467465723 -0.775414407 -0.007464017  5.000000000
 0.612904381 -0.834762214 -0.007464009  5.000000000
 0.587006515 -0.824190378 -0.007464010  5.000000000
 0.578391953 -0.820673850 -0.007464011  5.000000000
 0.569795164 -0.817164519 -0.007464011  5.000000000
 0.561202355 -0.813656764 -0.007464012  5.000000000
 0.544073776 -0.806664457 -0.007464012  5.000000000
 0.526965536 -0.799680408 -0.007464013  5.000000000
 0.518419688 -0.796191765 -0.007464014  5.000000000
 0.509890547 -0.792709928 -0.007464014  5.000000000
 0.475746073 -0.778771233 -0.007464016  5.000000000
 0.467215551 -0.775288855 -0.007464016  5.000000000
 0.595270195 -0.827540267 -0.007464010  5.000000000
 0.560903016 -0.813511095 -0.007464011  5.000000000
 0.552331438 -0.810011975 -0.007464012  5.000000000
 0.543773735 -0.806518512 -0.007464012  5.000000000
 0.535223186 -0.803027935 -0.007464013  5.000000000
 0.526674739 -0.799538238 -0.007464013  5.000000000
 0.518135608 -0.796052343 -0.007464014  5.000000000
 0.501078126 -0.789089010 -0.007464014  5.000000000
 0.492546511 -0.785606165 -0.007464015  5.000000000
 0.484013030 -0.782122572 -0.007464015  5.000000000
 0.466937556 -0.775151898 -0.007464016  5.000000000
 0.629367931 -0.841435996 -0.007464008  5.000000000
 0.603578878 -0.830908529 -0.007464009  5.000000000
 0.569168520 -0.816861719 -0.007464011  5.000000000
 0.552028805 -0.809864972 -0.007464012  5.000000000
 0.543477187 -0.806374007 -0.007464012  5.000000000
 0.526385717 -0.799396816 -0.007464013  5.000000000
 0.517851213 -0.795912815 -0.007464013  5.000000000
 0.509320623 -0.792430390 -0.007464014  5.000000000
 0.500792652 -0.788949021 -0.007464014  5.000000000
 0.492265178 -0.785467853 -0.007464015  5.000000000
 0.483730078 -0.781983594 -0.007464015  5.000000000
 0.466646892 -0.775009787 -0.007464016  5.000000000
 0.458084099 -0.771514204 -0.007464016  5.000000000
 0.620479762 -0.837784284 -0.007464008  5.000000000
 0.594640492 -0.827236298 -0.007464009  5.000000000
 0.560287025 -0.813212658 -0.007464011  5.000000000
 0.551724816 -0.809717392 -0.007464011  5.000000000
 0.534629652 -0.802738765 -0.007464012  5.000000000
 0.509025832 -0.792286606 -0.007464014  5.000000000
 0.491975410 -0.785326123 -0.007464014  5.000000000
 0.440639222 -0.764369271 -0.007464017  5.000000000
 0.414950827 -0.753882590 -0.007464018  5.000000000
 0.611539222 -0.834111189 -0.007464008  5.000000000
 0.585725338 -0.823573490 -0.007464009  5.000000000
 0.577135476 -0.820066978 -0.007464010  5.000000000
 0.542875671 -0.806081509 -0.007464012  5.000000000
 0.534325753 -0.802591243 -0.007464012  5.000000000
 0.525786624 -0.799105361 -0.007464013  5.000000000
 0.517256004 -0.795622965 -0.007464013  5.000000000
 0.508724275 -0.792140062 -0.007464013  5.000000000
 0.500200147 -0.788660262 -0.007464014  5.000000000
 0.491671707 -0.785178680 -0.007464014  5.000000000
 0.483136590 -0.781694354 -0.007464015  5.000000000
 0.431775884 -0.760727530 -0.007464017  5.000000000
 0.628321194 -0.840938547 -0.007464007  5.000000000
 0.602623344 -0.830448037 -0.007464008  5.000000000
 0.576832004 -0.819919573 -0.007464010  5.000000000
 0.559686323 -0.812920455 -0.007464011  5.000000000
 0.525488436 -0.798960173 -0.007464012  5.000000000
 0.516953659 -0.795476083 -0.007464013  5.000000000
 0.508419773 -0.791992321 -0.007464013  5.000000000
 0.499893247 -0.788511532 -0.007464014  5.000000000
 0.491361349 -0.785028496 -0.007464014  5.000000000
 0.482832637 -0.781546724 -0.007464015  5.000000000
 0.474289082 -0.778058954 -0.007464015  5.000000000
 0.440049141 -0.764081380 -0.007464017  5.000000000
 0.414377066 -0.753601489 -0.007464018  5.000000000
 0.559376343 -0.812770386 -0.007464010  5.000000000
 0.542269161 -0.805786941 -0.007464011  5.000000000
 0.516648532 -0.795328077 -0.007464013  5.000000000
 0.508112156 -0.791843310 -0.007464013  5.000000000
 0.499575141 -0.788358192 -0.007464013  5.000000000
 0.448291100 -0.767422372 -0.007464016  5.000000000
 0.422605848 -0.756937150 -0.007464017  5.000000000
 0.414079735 -0.753456696 -0.007464018  5.000000000
 0.619129874 -0.837139571 -0.007464007  5.000000000
 0.601985162 -0.830140586 -0.007464008  5.000000000
 0.567647344 -0.816123251 -0.007464010  5.000000000
 0.533427244 -0.802153961 -0.007464012  5.000000000
 0.524873334 -0.798662111 -0.007464012  5.000000000
 0.499250229 -0.788202112 -0.007464013  5.000000000
 0.490712117 -0.784716462 -0.007464014  5.000000000
 0.482168736 -0.781228637 -0.007464014  5.000000000
 0.473628398 -0.777742115 -0.007464015  5.000000000
 0.456530718 -0.770762356 -0.007464015  5.000000000
 0.584493743 -0.822976692 -0.007464009  5.000000000
 0.567341313 -0.815974793 -0.007464010  5.000000000
 0.550209940 -0.808981472 -0.007464010  5.000000000
 0.524578726 -0.798518324 -0.007464012  5.000000000
 0.507477693 -0.791537317 -0.007464013  5.000000000
 0.490365151 -0.784551120 -0.007464014  5.000000000
 0.481820109 -0.781062668 -0.007464014  5.000000000
 0.464746042 -0.774092451 -0.007464015  5.000000000
 0.456188741 -0.770599172 -0.007464015  5.000000000
 0.439073958 -0.763612682 -0.007464016  5.000000000
 0.592770779 -0.826332102 -0.007464008  5.000000000
 0.584183460 -0.822826539 -0.007464009  5.000000000
 0.567036506 -0.815826788 -0.007464009  5.000000000
 0.549908582 -0.808834868 -0.007464010  5.000000000
 0.481470598 -0.780896235 -0.007464014  5.000000000
 0.464385488 -0.773921518 -0.007464015  5.000000000
 0.413243597 -0.753045500 -0.007464017  5.000000000
 0.549606055 -0.808687787 -0.007464010  5.000000000
 0.532479908 -0.801696421 -0.007464011  5.000000000
 0.481122126 -0.780730264 -0.007464014  5.000000000
 0.472580032 -0.777243018 -0.007464014  5.000000000
 0.464030599 -0.773752919 -0.007464014  5.000000000
 0.429940172 -0.759837479 -0.007464016  5.000000000
 0.574977035 -0.819021232 -0.007464009  5.000000000
 0.549294079 -0.808536882 -0.007464010  5.000000000
 0.540733362 -0.805042128 -0.007464010  5.000000000
 0.472230284 -0.777076556 -0.007464014  5.000000000
 0.566097117 -0.815372746 -0.007464009  5.000000000
 0.514720189 -0.794399035 -0.007464011  5.000000000
 0.488997667 -0.783898020 -0.007464013  5.000000000
 0.471913923 -0.776923845 -0.007464014  5.000000000
 0.557220787 -0.811725803 -0.007464009  5.000000000
 0.548663749 -0.808232490 -0.007464010  5.000000000
 0.505785829 -0.790728149 -0.007464012  5.000000000
 0.548005482 -0.807917054 -0.007464009  5.000000000
