-1.852485760  0.000000000  1.211069539  1.000000000
-1.852857785  0.000000000  1.211069541  1.000000000
-1.852220286  0.000000000  1.211069537  1.000000000
-1.853443287  0.000000000  1.211069545  1.000000000
-1.853233123  0.000000000  1.211069544  1.000000000
-1.852590118  0.000000000  1.211069539  1.000000000
-1.852377397  0.000000000  1.211069537  1.000000000
-1.852165563  0.000000000  1.211069536  1.000000000
-1.851501820  0.000000000  1.211069531  1.000000000
-1.853596925  0.000000000  1.211069546  1.000000000
-1.853387172  0.000000000  1.211069545  1.000000000
-1.852748045  0.000000000  1.211069540  1.000000000
-1.852535051  0.000000000  1.211069538  1.000000000
-1.852323466  0.000000000  1.211069537  1.000000000
-1.852111222  0.000000000  1.211069535  1.000000000
-1.851454732  0.000000000  1.211069531  1.000000000
-1.851022520  0.000000000  1.211069528  1.000000000
-1.853330560  0.000000000  1.211069544  1.000000000
-1.853118997  0.000000000  1.211069542  1.000000000
-1.852907072  0.000000000  1.211069541  1.000000000
-1.852056892  0.000000000  1.211069535  1.000000000
-1.851844905  0.000000000  1.211069533  1.000000000
-1.851405204  0.000000000  1.211069530  1.000000000
-1.853904043  0.000000000  1.211069548  1.000000000
-1.853697107  0.000000000  1.211069546  1.000000000
-1.853486248  0.000000000  1.211069545  1.000000000
-1.853274213  0.000000000  1.211069543  1.000000000
-1.853063288  0.000000000  1.211069542  1.000000000
-1.852850969  0.000000000  1.211069540  1.000000000
-1.852424114  0.000000000  1.211069537  1.000000000
-1.852213656  0.000000000  1.211069536  1.000000000
-1.852002498  0.000000000  1.211069534  1.000000000
-1.851790635  0.000000000  1.211069533  1.000000000
-1.851357118  0.000000000  1.211069530  1.000000000
-1.850920433  0.000000000  1.211069527  1.000000000
-1.853847130  0.000000000  1.211069547  1.000000000
-1.853637760  0.000000000  1.211069546  1.000000000
-1.853427900  0.000000000  1.211069544  1.000000000
-1.853220175  0.000000000  1.211069543  1.000000000
-1.852369145  0.000000000  1.211069537  1.000000000
-1.851522490  0.000000000  1.211069531  1.000000000
-1.851307308  0.000000000  1.211069529  1.000000000
-1.851091005  0.000000000  1.211069528  1.000000000
-1.853787151  0.000000000  1.211069547  1.000000000
-1.853163488  0.000000000  1.211069542  1.000000000
-1.852961134  0.000000000  1.211069541  1.000000000
-1.852521556  0.000000000  1.211069538  1.000000000
-1.851684167  0.000000000  1.211069532  1.000000000
-1.851470997  0.000000000  1.211069530  1.000000000
-1.851257447  0.000000000  1.211069529  1.000000000
-1.851043294  0.000000000  1.211069527  1.000000000
-1.850600115  0.000000000  1.211069524  1.000000000
-1.853730010  0.000000000  1.211069546  1.000000000
-1.853107165  0.000000000  1.211069542  1.000000000
-1.852473172  0.000000000  1.211069537  1.000000000
-1.852263531  0.000000000  1.211069536  1.000000000
-1.852054607  0.000000000  1.211069534  1.000000000
-1.851843400  0.000000000  1.211069533  1.000000000
-1.851420837  0.000000000  1.211069530  1.000000000
-1.850550310  0.000000000  1.211069523  1.000000000
-1.853873063  0.000000000  1.211069547  1.000000000
-1.853050337  0.000000000  1.211069541  1.000000000
-1.852634120  0.000000000  1.211069538  1.000000000
-1.852211860  0.000000000  1.211069535  1.000000000
-1.852002649  0.000000000  1.211069534  1.000000000
-1.851368119  0.000000000  1.211069529  1.000000000
-1.851159062  0.000000000  1.211069528  1.000000000
-1.850947538  0.000000000  1.211069526  1.000000000
-1.850280440  0.000000000  1.211069521  1.000000000
-1.852994082  0.000000000  1.211069540  1.000000000
-1.852577860  0.000000000  1.211069537  1.000000000
-1.852369326  0.000000000  1.211069536  1.000000000
-1.851317404  0.000000000  1.211069529  1.000000000
-1.851106311  0.000000000  1.211069527  1.000000000
-1.850450532  0.000000000  1.211069522  1.000000000
-1.853763520  0.000000000  1.211069546  1.000000000
-1.853557366  0.000000000  1.211069544  1.000000000
-1.853350472  0.000000000  1.211069543  1.000000000
-1.853145044  0.000000000  1.211069541  1.000000000
-1.852524861  0.000000000  1.211069537  1.000000000
-1.852107536  0.000000000  1.211069534  1.000000000
-1.851475621  0.000000000  1.211069529  1.000000000
-1.851053086  0.000000000  1.211069526  1.000000000
-1.853709497  0.000000000  1.211069545  1.000000000
-1.853297202  0.000000000  1.211069542  1.000000000
-1.852885682  0.000000000  1.211069539  1.000000000
-1.852471870  0.000000000  1.211069536  1.000000000
-1.852055538  0.000000000  1.211069533  1.000000000
-1.851845055  0.000000000  1.211069532  1.000000000
-1.851634921  0.000000000  1.211069530  1.000000000
-1.851423988  0.000000000  1.211069529  1.000000000
-1.850786750  0.000000000  1.211069524  1.000000000
-1.850568247  0.000000000  1.211069523  1.000000000
-1.850132153  0.000000000  1.211069520  1.000000000
-1.852832835  0.000000000  1.211069539  1.000000000
-1.852419111  0.000000000  1.211069536  1.000000000
-1.852211949  0.000000000  1.211069534  1.000000000
-1.851160586  0.000000000  1.211069527  1.000000000
-1.853395771  0.000000000  1.211069543  1.000000000
-1.852985659  0.000000000  1.211069540  1.000000000
-1.852573113  0.000000000  1.211069537  1.000000000
-1.852366440  0.000000000  1.211069535  1.000000000
-1.852160690  0.000000000  1.211069534  1.000000000
-1.851741936  0.000000000  1.211069531  1.000000000
-1.851320908  0.000000000  1.211069528  1.000000000
-1.851108519  0.000000000  1.211069526  1.000000000
-1.850463756  0.000000000  1.211069522  1.000000000
-1.852932465  0.000000000  1.211069539  1.000000000
-1.852520829  0.000000000  1.211069536  1.000000000
-1.852107025  0.000000000  1.211069533  1.000000000
-1.851479260  0.000000000  1.211069529  1.000000000
-1.850841944  0.000000000  1.211069524  1.000000000
-1.850197646  0.000000000  1.211069520  1.000000000
-1.852879113  0.000000000  1.211069539  1.000000000
-1.852468479  0.000000000  1.211069536  1.000000000
-1.852054884  0.000000000  1.211069533  1.000000000
-1.851847844  0.000000000  1.211069531  1.000000000
-1.852825697  0.000000000  1.211069538  1.000000000
-1.851794897  0.000000000  1.211069531  1.000000000
-1.851374825  0.000000000  1.211069528  1.000000000
-1.850737731  0.000000000  1.211069523  1.000000000
-1.852569590  0.000000000  1.211069536  1.000000000
-1.852364168  0.000000000  1.211069535  1.000000000
-1.851952540  0.000000000  1.211069532  1.000000000
-1.851744432  0.000000000  1.211069530  1.000000000
-1.851110460  0.000000000  1.211069526  1.000000000
-1.851853911  0.000000000  1.211069531  1.000000000
 3.535784835  0.000000000  1.211042326  2.000000000
 3.459744037  0.000000000  1.211042710  2.000000000
 3.471145843  0.000000000  1.211042651  2.000000000
 3.393853333  0.000000000  1.211043041  2.000000000
 3.408191090  0.000000000  1.211042966  2.000000000
 3.335603782  0.000000000  1.211043332  2.000000000
 3.260190849  0.000000000  1.211043711  2.000000000
 3.184057834  0.000000000  1.211044095  2.000000000
 3.205304933  0.000000000  1.211043986  2.000000000
 3.032260951  0.000000000  1.211044859  2.000000000
 3.002005618  0.000000000  1.211045009  2.000000000
 3.024320287  0.000000000  1.211044895  2.000000000
 2.727704190  0.000000000  1.211046392  2.000000000
 2.823477140  0.000000000  1.211045905  2.000000000
 2.699804346  0.000000000  1.211046530  2.000000000
 2.575068110  0.000000000  1.211047160  2.000000000
 2.499268498  0.000000000  1.211047542  2.000000000
 2.474104881  0.000000000  1.211047666  2.000000000
 2.450643264  0.000000000  1.211047781  2.000000000
 2.270486721  0.000000000  1.211048694  2.000000000
 2.296072149  0.000000000  1.211048564  2.000000000
 2.375236563  0.000000000  1.211048161  2.000000000
 2.252604070  0.000000000  1.211048777  2.000000000
 2.065198163  0.000000000  1.211049726  2.000000000
 2.120602597  0.000000000  1.211049444  2.000000000
 0.193635511  0.000000000  1.211059160  2.000000000
 1.910983881  0.000000000  1.211050503  2.000000000
 2.000192361  0.000000000  1.211050049  2.000000000
 0.216013181  0.000000000  1.211059047  2.000000000
 1.802831966  0.000000000  1.211051049  2.000000000
 1.835910657  0.000000000  1.211050881  2.000000000
 1.865364482  0.000000000  1.211050731  2.000000000
 0.187283750  0.000000000  1.211059194  2.000000000
 1.852257994  0.000000000  1.211050794  2.000000000
 1.879631353  0.000000000  1.211050655  2.000000000
 0.174253701  0.000000000  1.211059260  2.000000000
 1.808196261  0.000000000  1.211051014  2.000000000
 1.831804877  0.000000000  1.211050894  2.000000000
 0.209840475  0.000000000  1.211059079  2.000000000
 0.145103820  0.000000000  1.211059409  2.000000000
 1.641526379  0.000000000  1.211051858  2.000000000
 1.739801933  0.000000000  1.211051358  2.000000000
 1.762417068  0.000000000  1.211051243  2.000000000
 0.181773101  0.000000000  1.211059223  2.000000000
 0.149248906  0.000000000  1.211059389  2.000000000
 1.496726091  0.000000000  1.211052590  2.000000000
 1.566384791  0.000000000  1.211052236  2.000000000
 1.419758275  0.000000000  1.211052977  2.000000000
 1.562925867  0.000000000  1.211052250  2.000000000
 1.622101400  0.000000000  1.211051949  2.000000000
 0.173730607  0.000000000  1.211059265  2.000000000
 0.122802490  0.000000000  1.211059524  2.000000000
 1.578763347  0.000000000  1.211052166  2.000000000
 0.130611058  0.000000000  1.211059485  2.000000000
 0.233137569  0.000000000  1.211058968  2.000000000
 1.191209127  0.000000000  1.211054131  2.000000000
 1.242101575  0.000000000  1.211053874  2.000000000
 1.392968751  0.000000000  1.211053108  2.000000000
 0.372423922  0.000000000  1.211058170  2.000000000
 0.371840315  0.000000000  1.211058173  2.000000000
 0.966935698  0.000000000  1.211055264  2.000000000
 1.022233951  0.000000000  1.211054984  2.000000000
 1.075540249  0.000000000  1.211054715  2.000000000
 1.124788916  0.000000000  1.211054466  2.000000000
 1.293725957  0.000000000  1.211053609  2.000000000
 1.382046105  0.000000000  1.211053159  2.000000000
 1.412038450  0.000000000  1.211053007  2.000000000
 1.437728896  0.000000000  1.211052876  2.000000000
 0.025273021  0.000000000  1.211060019  2.000000000
 0.110522751  0.000000000  1.211059589  2.000000000
 0.242302760  0.000000000  1.211058923  2.000000000
 0.550050139  0.000000000  1.211057369  2.000000000
 0.702593411  0.000000000  1.211056599  2.000000000
 0.805585757  0.000000000  1.211056079  2.000000000
 0.911309712  0.000000000  1.211055545  2.000000000
 1.342723611  0.000000000  1.211053356  2.000000000
 0.376752454  0.000000000  1.211058150  2.000000000
 0.342713707  0.000000000  1.211058417  2.000000000
 0.746438368  0.000000000  1.211056378  2.000000000
 1.125030343  0.000000000  1.211054461  2.000000000
 1.220026794  0.000000000  1.211053977  2.000000000
 1.247804720  0.000000000  1.211053835  2.000000000
 1.321549288  0.000000000  1.211053459  2.000000000
 1.336905548  0.000000000  1.211053380  2.000000000
 0.378945298  0.000000000  1.211058140  2.000000000
 0.378371032  0.000000000  1.211058143  2.000000000
 0.017762009  0.000000000  1.211060059  2.000000000
 0.147360616  0.000000000  1.211059405  2.000000000
 0.534051596  0.000000000  1.211057451  2.000000000
 0.977937608  0.000000000  1.211055205  2.000000000
 1.234004882  0.000000000  1.211053901  2.000000000
 0.381282303  0.000000000  1.211058129  2.000000000
 0.008379846  0.000000000  1.211060107  2.000000000
 0.424591988  0.000000000  1.211058005  2.000000000
 0.573608233  0.000000000  1.211057251  2.000000000
 1.197517030  0.000000000  1.211054083  2.000000000
 0.387544028  0.000000000  1.211058100  2.000000000
 0.383287518  0.000000000  1.211058120  2.000000000
 0.129466687  0.000000000  1.211059497  2.000000000
 0.224775389  0.000000000  1.211059016  2.000000000
 0.366690893  0.000000000  1.211058299  2.000000000
 1.153035345  0.000000000  1.211054303  2.000000000
 0.389349928  0.000000000  1.211058092  2.000000000
 0.031750246  0.000000000  1.211059991  2.000000000
 0.550805402  0.000000000  1.211057366  2.000000000
 0.599047561  0.000000000  1.211057121  2.000000000
 0.690147273  0.000000000  1.211056658  2.000000000
 0.884211918  0.000000000  1.211055675  2.000000000
 0.922401715  0.000000000  1.211055480  2.000000000
 1.013198363  0.000000000  1.211055017  2.000000000
 1.045530764  0.000000000  1.211054852  2.000000000
 1.095115110  0.000000000  1.211054593  2.000000000
 1.094769596  0.000000000  1.211054593  2.000000000
 0.393359779  0.000000000  1.211058073  2.000000000
 0.391133738  0.000000000  1.211058083  2.000000000
 0.388927768  0.000000000  1.211058094  2.000000000
 0.386746277  0.000000000  1.211058104  2.000000000
 0.108810838  0.000000000  1.211059603  2.000000000
 0.248328678  0.000000000  1.211058899  2.000000000
 0.542007840  0.000000000  1.211057410  2.000000000
 0.823003911  0.000000000  1.211055983  2.000000000
 1.022495380  0.000000000  1.211054966  2.000000000
 1.043327915  0.000000000  1.211054856  2.000000000
 0.397408255  0.000000000  1.211058054  2.000000000
 0.395118674  0.000000000  1.211058065  2.000000000
 0.390676239  0.000000000  1.211058085  2.000000000
 0.189535485  0.000000000  1.211059196  2.000000000
 0.286071493  0.000000000  1.211058707  2.000000000
 0.631487135  0.000000000  1.211056955  2.000000000
 0.679096237  0.000000000  1.211056713  2.000000000
 0.879642029  0.000000000  1.211055692  2.000000000
 0.942236438  0.000000000  1.211055372  2.000000000
 0.988829207  0.000000000  1.211055124  2.000000000
 0.394601457  0.000000000  1.211058067  2.000000000
 0.129937194  0.000000000  1.211059499  2.000000000
 0.277485330  0.000000000  1.211058751  2.000000000
 0.794587228  0.000000000  1.211056123  2.000000000
 0.891035519  0.000000000  1.211055630  2.000000000
 0.921083725  0.000000000  1.211055477  2.000000000
 0.923601735  0.000000000  1.211055449  2.000000000
 0.023527236  0.000000000  1.211060037  2.000000000
 0.324834290  0.000000000  1.211058510  2.000000000
 0.477428222  0.000000000  1.211057735  2.000000000
 0.840614280  0.000000000  1.211055884  2.000000000
 0.895690079  0.000000000  1.211055599  2.000000000
 0.898868346  0.000000000  1.211055577  2.000000000
 0.859188323  0.000000000  1.211055770  2.000000000
 0.407360538  0.000000000  1.211058008  2.000000000
 0.404984525  0.000000000  1.211058019  2.000000000
 0.402629596  0.000000000  1.211058030  2.000000000
 0.615804843  0.000000000  1.211057029  2.000000000
 0.818844570  0.000000000  1.211055973  2.000000000
 0.429270853  0.000000000  1.211057905  2.000000000
 0.406706111  0.000000000  1.211058011  2.000000000
-0.050704972  0.000000000  1.211060415  2.000000000
 0.047701309  0.000000000  1.211059916  2.000000000
 0.321330757  0.000000000  1.211058527  2.000000000
 0.568720784  0.000000000  1.211057267  2.000000000
 0.769857984  0.000000000  1.211056238  2.000000000
 0.800635866  0.000000000  1.211056077  2.000000000
 0.813360579  0.000000000  1.211056007  2.000000000
 0.788896993  0.000000000  1.211056125  2.000000000
 0.768579076  0.000000000  1.211056224  2.000000000
 0.413215982  0.000000000  1.211057981  2.000000000
 0.041258925  0.000000000  1.211059949  2.000000000
 0.153367264  0.000000000  1.211059379  2.000000000
 0.323969316  0.000000000  1.211058512  2.000000000
 0.601626104  0.000000000  1.211057096  2.000000000
 0.761724946  0.000000000  1.211056273  2.000000000
 0.702312230  0.000000000  1.211056554  2.000000000
 0.507354519  0.000000000  1.211057522  2.000000000
 0.490194006  0.000000000  1.211057607  2.000000000
 0.440038416  0.000000000  1.211057854  2.000000000
 0.434115694  0.000000000  1.211057882  2.000000000
 0.428121030  0.000000000  1.211057911  2.000000000
 0.410136962  0.000000000  1.211057995  2.000000000
-0.127520244  0.000000000  1.211060805  2.000000000
 0.156024035  0.000000000  1.211059365  2.000000000
 0.378355803  0.000000000  1.211058233  2.000000000
 0.662585736  0.000000000  1.211056780  2.000000000
 0.724545449  0.000000000  1.211056452  2.000000000
 0.720333565  0.000000000  1.211056472  2.000000000
 0.439522798  0.000000000  1.211057857  2.000000000
 0.427550877  0.000000000  1.211057913  2.000000000
 0.421476868  0.000000000  1.211057942  2.000000000
-0.137232890  0.000000000  1.211060855  2.000000000
-0.076946992  0.000000000  1.211060549  2.000000000
 0.549722411  0.000000000  1.211057355  2.000000000
 0.639893031  0.000000000  1.211056892  2.000000000
 0.670622657  0.000000000  1.211056733  2.000000000
 0.687845858  0.000000000  1.211056640  2.000000000
 0.689755442  0.000000000  1.211056629  2.000000000
 0.649351488  0.000000000  1.211056822  2.000000000
 0.606270297  0.000000000  1.211057034  2.000000000
 0.585558753  0.000000000  1.211057136  2.000000000
 0.548690227  0.000000000  1.211057318  2.000000000
 0.530003993  0.000000000  1.211057411  2.000000000
 0.483292507  0.000000000  1.211057641  2.000000000
 0.439032708  0.000000000  1.211057859  2.000000000
 0.121853903  0.000000000  1.211059537  2.000000000
 0.179832383  0.000000000  1.211059242  2.000000000
 0.390139295  0.000000000  1.211058168  2.000000000
 0.564824881  0.000000000  1.211057240  2.000000000
-0.271336468  0.000000000  1.211061536  2.000000000
-0.132285213  0.000000000  1.211060829  2.000000000
 0.387639648  0.000000000  1.211058178  2.000000000
 0.602941761  0.000000000  1.211057071  2.000000000
 0.604920855  0.000000000  1.211057050  2.000000000
 0.588498204  0.000000000  1.211057128  2.000000000
 0.519895968  0.000000000  1.211057463  2.000000000
 0.486522731  0.000000000  1.211057626  2.000000000
 0.412055812  0.000000000  1.211057987  2.000000000
 0.205441700  0.000000000  1.211059107  2.000000000
 0.310428823  0.000000000  1.211058571  2.000000000
 0.478295633  0.000000000  1.211057710  2.000000000
 0.512841409  0.000000000  1.211057533  2.000000000
 0.564574222  0.000000000  1.211057265  2.000000000
 0.567656060  0.000000000  1.211057248  2.000000000
 0.573988910  0.000000000  1.211057212  2.000000000
 0.574824399  0.000000000  1.211057205  2.000000000
 0.457336063  0.000000000  1.211057769  2.000000000
 0.437827129  0.000000000  1.211057864  2.000000000
 0.430928040  0.000000000  1.211057897  2.000000000
 0.041023794  0.000000000  1.211059945  2.000000000
 0.163206309  0.000000000  1.211059321  2.000000000
 0.529295236  0.000000000  1.211057442  2.000000000
 0.526896027  0.000000000  1.211057437  2.000000000
 0.514192769  0.000000000  1.211057496  2.000000000
 0.451869436  0.000000000  1.211057797  2.000000000
 0.419470630  0.000000000  1.211057953  2.000000000
-0.302216884  0.000000000  1.211061692  2.000000000
-0.074867544  0.000000000  1.211060535  2.000000000
 0.427398911  0.000000000  1.211057965  2.000000000
 0.490449834  0.000000000  1.211057639  2.000000000
 0.501513831  0.000000000  1.211057578  2.000000000
 0.500657777  0.000000000  1.211057578  2.000000000
 0.502162328  0.000000000  1.211057567  2.000000000
 0.499773434  0.000000000  1.211057574  2.000000000
 0.481297580  0.000000000  1.211057658  2.000000000
 0.468504332  0.000000000  1.211057719  2.000000000
 0.450785595  0.000000000  1.211057804  2.000000000
-0.557728284  0.000000000  1.211062990  2.000000000
-0.264973540  0.000000000  1.211061503  2.000000000
-0.039510624  0.000000000  1.211060354  2.000000000
 0.167877314  0.000000000  1.211059292  2.000000000
 0.451480896  0.000000000  1.211057837  2.000000000
 0.459560139  0.000000000  1.211057792  2.000000000
 0.463479975  0.000000000  1.211057771  2.000000000
 0.472610524  0.000000000  1.211057705  2.000000000
 0.465779439  0.000000000  1.211057736  2.000000000
 0.450850312  0.000000000  1.211057807  2.000000000
-0.992863471  0.000000000  1.211065192  2.000000000
-0.149389691  0.000000000  1.211060914  2.000000000
 0.289053542  0.000000000  1.211058668  2.000000000
 0.328162717  0.000000000  1.211058467  2.000000000
 0.426073344  0.000000000  1.211057924  2.000000000
-0.338560994  0.000000000  1.211061878  2.000000000
-0.259825446  0.000000000  1.211061477  2.000000000
-0.184672263  0.000000000  1.211061093  2.000000000
 0.251739173  0.000000000  1.211058857  2.000000000
 0.330381760  0.000000000  1.211058453  2.000000000
 0.369504541  0.000000000  1.211058253  2.000000000
-0.871741870  0.000000000  1.211064590  2.000000000
-0.463445170  0.000000000  1.211062515  2.000000000
-0.067231828  0.000000000  1.211060491  2.000000000
 0.003489196  0.000000000  1.211060128  2.000000000
 0.293424131  0.000000000  1.211058640  2.000000000
 0.332590675  0.000000000  1.211058439  2.000000000
 0.371738684  0.000000000  1.211058238  2.000000000
 0.411117518  0.000000000  1.211058036  2.000000000
-0.676767965  0.000000000  1.211063601  2.000000000
-0.394143133  0.000000000  1.211062163  2.000000000
-0.688625020  0.000000000  1.211063664  2.000000000
-0.269100802  0.000000000  1.211061524  2.000000000
-1.017033928  0.000000000  1.211065342  2.000000000
-0.773354279  0.000000000  1.211064100  2.000000000
-0.516170715  0.000000000  1.211062788  2.000000000
-0.439321738  0.000000000  1.211062396  2.000000000
-0.606731511  0.000000000  1.211063253  2.000000000
-0.937235999  0.000000000  1.211064942  2.000000000
-0.774675264  0.000000000  1.211064113  2.000000000
-1.165370336  0.000000000  1.211066109  2.000000000
-0.938116294  0.000000000  1.211064950  2.000000000
-0.939216922  0.000000000  1.211064959  2.000000000
-1.017405680  0.000000000  1.211065362  2.000000000
-0.863375520  0.000000000  1.211064576  2.000000000
-1.304099686  0.000000000  1.211066831  2.000000000
-1.166972939  0.000000000  1.211066132  2.000000000
-1.169096935  0.000000000  1.211066146  2.000000000
-0.950094436  0.000000000  1.211065029  2.000000000
-1.311721244  0.000000000  1.211066881  2.000000000
-1.243593153  0.000000000  1.211066533  2.000000000
-1.104004497  0.000000000  1.211065821  2.000000000
-1.257246728  0.000000000  1.211066607  2.000000000
-1.310890708  0.000000000  1.211066884  2.000000000
-1.359796055  0.000000000  1.211067140  2.000000000
-1.257756151  0.000000000  1.211066620  2.000000000
-1.302342579  0.000000000  1.211066851  2.000000000
-1.408307705  0.000000000  1.211067394  2.000000000
-1.376286114  0.000000000  1.211067231  2.000000000
-1.384960416  0.000000000  1.211067279  2.000000000
-1.320044394  0.000000000  1.211066948  2.000000000
-1.255128843  0.000000000  1.211066618  2.000000000
-1.338614951  0.000000000  1.211067050  2.000000000
-1.274292290  0.000000000  1.211066723  2.000000000
-1.283592087  0.000000000  1.211066774  2.000000000
-1.251719635  0.000000000  1.211066612  2.000000000
-1.292796071  0.000000000  1.211066824  2.000000000
 0.414611412  0.000000000  1.211058018  3.000000000
 0.414675089  0.000000000  1.211058017  3.000000000
 0.414695126  0.000000000  1.211058016  3.000000000
 0.414659973  0.000000000  1.211058016  3.000000000
 0.418798222  0.000000000  1.211057997  3.000000000
 0.417596077  0.000000000  1.211058002  3.000000000
 0.417429183  0.000000000  1.211058002  3.000000000
 0.417348942  0.000000000  1.211058002  3.000000000
 0.417418825  0.000000000  1.211058001  3.000000000
 0.421485617  0.000000000  1.211057984  3.000000000
 0.420795987  0.000000000  1.211057987  3.000000000
 0.419328556  0.000000000  1.211057993  3.000000000
 0.418913445  0.000000000  1.211057995  3.000000000
 0.418677862  0.000000000  1.211057994  3.000000000
 0.418673643  0.000000000  1.211057994  3.000000000
 0.422733309  0.000000000  1.211057977  3.000000000
 0.421421450  0.000000000  1.211057983  3.000000000
 0.421069041  0.000000000  1.211057985  3.000000000
 0.420758262  0.000000000  1.211057986  3.000000000
 0.420018245  0.000000000  1.211057988  3.000000000
 0.419967003  0.000000000  1.211057988  3.000000000
 0.424628515  0.000000000  1.211057968  3.000000000
 0.424308440  0.000000000  1.211057970  3.000000000
 0.423368319  0.000000000  1.211057974  3.000000000
 0.423052290  0.000000000  1.211057975  3.000000000
 0.422736998  0.000000000  1.211057976  3.000000000
 0.422174912  0.000000000  1.211057979  3.000000000
 0.421991120  0.000000000  1.211057979  3.000000000
 0.421828081  0.000000000  1.211057980  3.000000000
 0.421615415  0.000000000  1.211057981  3.000000000
 0.421566530  0.000000000  1.211057981  3.000000000
 0.421506384  0.000000000  1.211057981  3.000000000
 0.421178067  0.000000000  1.211057981  3.000000000
 0.425242825  0.000000000  1.211057965  3.000000000
 0.424076429  0.000000000  1.211057969  3.000000000
 0.423544032  0.000000000  1.211057972  3.000000000
 0.422828252  0.000000000  1.211057974  3.000000000
 0.422768351  0.000000000  1.211057974  3.000000000
 0.422688019  0.000000000  1.211057974  3.000000000
 0.422323556  0.000000000  1.211057975  3.000000000
 0.427429874  0.000000000  1.211057954  3.000000000
 0.425652035  0.000000000  1.211057962  3.000000000
 0.425393386  0.000000000  1.211057963  3.000000000
 0.425149185  0.000000000  1.211057964  3.000000000
 0.424724957  0.000000000  1.211057965  3.000000000
 0.424549222  0.000000000  1.211057966  3.000000000
 0.424409994  0.000000000  1.211057966  3.000000000
 0.424060799  0.000000000  1.211057967  3.000000000
 0.423894927  0.000000000  1.211057968  3.000000000
 0.423726083  0.000000000  1.211057968  3.000000000
 0.428984748  0.000000000  1.211057946  3.000000000
 0.428671395  0.000000000  1.211057948  3.000000000
 0.428073379  0.000000000  1.211057950  3.000000000
 0.426480698  0.000000000  1.211057957  3.000000000
 0.426266845  0.000000000  1.211057958  3.000000000
 0.426064536  0.000000000  1.211057958  3.000000000
 0.425888743  0.000000000  1.211057959  3.000000000
 0.425730754  0.000000000  1.211057960  3.000000000
 0.425165411  0.000000000  1.211057961  3.000000000
 0.424898144  0.000000000  1.211057962  3.000000000
 0.428258823  0.000000000  1.211057948  3.000000000
 0.428022599  0.000000000  1.211057949  3.000000000
 0.427790285  0.000000000  1.211057950  3.000000000
 0.427576484  0.000000000  1.211057951  3.000000000
 0.427382950  0.000000000  1.211057952  3.000000000
 0.427046960  0.000000000  1.211057953  3.000000000
 0.426902402  0.000000000  1.211057953  3.000000000
 0.426588904  0.000000000  1.211057954  3.000000000
 0.426063133  0.000000000  1.211057956  3.000000000
 0.430610959  0.000000000  1.211057937  3.000000000
 0.429811528  0.000000000  1.211057940  3.000000000
 0.429554237  0.000000000  1.211057941  3.000000000
 0.429310999  0.000000000  1.211057942  3.000000000
 0.429086356  0.000000000  1.211057943  3.000000000
 0.428512280  0.000000000  1.211057946  3.000000000
 0.428351654  0.000000000  1.211057946  3.000000000
 0.427855439  0.000000000  1.211057948  3.000000000
 0.427723075  0.000000000  1.211057948  3.000000000
 0.427612704  0.000000000  1.211057948  3.000000000
 0.427401484  0.000000000  1.211057949  3.000000000
 0.432666265  0.000000000  1.211057927  3.000000000
 0.432132380  0.000000000  1.211057929  3.000000000
 0.431606581  0.000000000  1.211057932  3.000000000
 0.431342941  0.000000000  1.211057933  3.000000000
 0.431083280  0.000000000  1.211057934  3.000000000
 0.430595349  0.000000000  1.211057936  3.000000000
 0.430161197  0.000000000  1.211057938  3.000000000
 0.429978673  0.000000000  1.211057938  3.000000000
 0.429798499  0.000000000  1.211057939  3.000000000
 0.429639524  0.000000000  1.211057939  3.000000000
 0.429504708  0.000000000  1.211057940  3.000000000
 0.429385078  0.000000000  1.211057940  3.000000000
 0.429249619  0.000000000  1.211057941  3.000000000
 0.429112065  0.000000000  1.211057941  3.000000000
 0.428986169  0.000000000  1.211057942  3.000000000
 0.433889529  0.000000000  1.211057921  3.000000000
 0.432604819  0.000000000  1.211057926  3.000000000
 0.432351359  0.000000000  1.211057927  3.000000000
 0.432108629  0.000000000  1.211057928  3.000000000
 0.431867591  0.000000000  1.211057929  3.000000000
 0.431646699  0.000000000  1.211057930  3.000000000
 0.431435821  0.000000000  1.211057931  3.000000000
 0.431067494  0.000000000  1.211057932  3.000000000
 0.430902067  0.000000000  1.211057933  3.000000000
 0.430762408  0.000000000  1.211057933  3.000000000
 0.430632854  0.000000000  1.211057934  3.000000000
 0.430502872  0.000000000  1.211057934  3.000000000
 0.429910551  0.000000000  1.211057936  3.000000000
 0.429701720  0.000000000  1.211057937  3.000000000
 0.434349806  0.000000000  1.211057918  3.000000000
 0.433617774  0.000000000  1.211057921  3.000000000
 0.433140077  0.000000000  1.211057923  3.000000000
 0.432903210  0.000000000  1.211057924  3.000000000
 0.432507232  0.000000000  1.211057925  3.000000000
 0.431890354  0.000000000  1.211057927  3.000000000
 0.431761633  0.000000000  1.211057928  3.000000000
 0.431629051  0.000000000  1.211057928  3.000000000
 0.431384493  0.000000000  1.211057929  3.000000000
 0.436103964  0.000000000  1.211057909  3.000000000
 0.434654758  0.000000000  1.211057915  3.000000000
 0.433604508  0.000000000  1.211057919  3.000000000
 0.433444526  0.000000000  1.211057920  3.000000000
 0.433156284  0.000000000  1.211057921  3.000000000
 0.432889946  0.000000000  1.211057922  3.000000000
 0.432393060  0.000000000  1.211057923  3.000000000
 0.436841428  0.000000000  1.211057905  3.000000000
 0.436370808  0.000000000  1.211057907  3.000000000
 0.436143198  0.000000000  1.211057908  3.000000000
 0.434724384  0.000000000  1.211057913  3.000000000
 0.434556603  0.000000000  1.211057914  3.000000000
 0.434416625  0.000000000  1.211057914  3.000000000
 0.434282903  0.000000000  1.211057915  3.000000000
 0.433742370  0.000000000  1.211057916  3.000000000
 0.433614505  0.000000000  1.211057917  3.000000000
 0.437002551  0.000000000  1.211057903  3.000000000
 0.435806628  0.000000000  1.211057907  3.000000000
 0.435553041  0.000000000  1.211057908  3.000000000
 0.435128193  0.000000000  1.211057910  3.000000000
 0.438649310  0.000000000  1.211057895  3.000000000
 0.438448528  0.000000000  1.211057895  3.000000000
 0.437883651  0.000000000  1.211057898  3.000000000
 0.437471223  0.000000000  1.211057899  3.000000000
 0.436683954  0.000000000  1.211057902  3.000000000
 0.439305388  0.000000000  1.211057891  3.000000000
 0.438760204  0.000000000  1.211057893  3.000000000
 0.438099917  0.000000000  1.211057895  3.000000000
 0.437429030  0.000000000  1.211057897  3.000000000
 0.440213796  0.000000000  1.211057885  3.000000000
 0.439688677  0.000000000  1.211057887  3.000000000
 0.439369752  0.000000000  1.211057888  3.000000000
 0.000000000 -3.254626338  0.000000000  4.000000000
 0.000000000 -3.254626336  0.000000000  4.000000000
 0.000000000 -3.254626337  0.000000000  4.000000000
 0.000000000 -3.254626337  0.000000000  4.000000000
 0.000000000 -3.254626337  0.000000000  4.000000000
 0.000000000 -3.254626336  0.000000000  4.000000000
 0.000000000 -3.254626335  0.000000000  4.000000000
 0.000000000 -3.254626335  0.000000000  4.000000000
 0.000000000 -3.254626338  0.000000000  4.000000000
 0.000000000 -3.254626337  0.000000000  4.000000000
 0.000000000 -3.254626337  0.000000000  4.000000000
 0.000000000 -3.254626336  0.000000000  4.000000000
 0.000000000 -3.254626336  0.000000000  4.000000000
 0.000000000 -3.254626336  0.000000000  4.000000000
 0.000000000 -3.254626335  0.000000000  4.000000000
 0.000000000 -3.254626338  0.000000000  4.000000000
 0.000000000 -3.254626338  0.000000000  4.000000000
 0.000000000 -3.254626337  0.000000000  4.000000000
 0.000000000 -3.254626336  0.000000000  4.000000000
 0.000000000 -3.254626336  0.000000000  4.000000000
 0.000000000 -3.254626338  0.000000000  4.000000000
 0.000000000 -3.254626337  0.000000000  4.000000000
 0.000000000 -3.254626337  0.000000000  4.000000000
 0.000000000 -3.254626336  0.000000000  4.000000000
 0.000000000 -3.254626335  0.000000000  4.000000000
 0.000000000 -3.254626335  0.000000000  4.000000000
 0.000000000 -3.254626339  0.000000000  4.000000000
 0.000000000 -3.254626338  0.000000000  4.000000000
 0.000000000 -3.254626338  0.000000000  4.000000000
 0.000000000 -3.254626337  0.000000000  4.000000000
 0.000000000 -3.254626336  0.000000000  4.000000000
 0.000000000 -3.254626336  0.000000000  4.000000000
 0.000000000 -3.254626339  0.000000000  4.000000000
 0.000000000 -3.254626338  0.000000000  4.000000000
 0.000000000 -3.254626338  0.000000000  4.000000000
 0.000000000 -3.254626337  0.000000000  4.000000000
 0.000000000 -3.254626337  0.000000000  4.000000000
 0.000000000 -3.254626336  0.000000000  4.000000000
 0.000000000 -3.254626336  0.000000000  4.000000000
 0.000000000 -3.254626335  0.000000000  4.000000000
 0.000000000 -3.254626338  0.000000000  4.000000000
 0.000000000 -3.254626338  0.000000000  4.000000000
 0.000000000 -3.254626336  0.000000000  4.000000000
 0.000000000 -3.254626336  0.000000000  4.000000000
 0.000000000 -3.254626335  0.000000000  4.000000000
 0.000000000 -3.254626339  0.000000000  4.000000000
 0.000000000 -3.254626339  0.000000000  4.000000000
 0.000000000 -3.254626337  0.000000000  4.000000000
 0.000000000 -3.254626336  0.000000000  4.000000000
 0.000000000 -3.254626336  0.000000000  4.000000000
 0.000000000 -3.254626335  0.000000000  4.000000000
 0.000000000 -3.254626335  0.000000000  4.000000000
 0.000000000 -3.254626339  0.000000000  4.000000000
 0.000000000 -3.254626338  0.000000000  4.000000000
 0.000000000 -3.254626338  0.000000000  4.000000000
 0.000000000 -3.254626337  0.000000000  4.000000000
 0.000000000 -3.254626337  0.000000000  4.000000000
 0.000000000 -3.254626337  0.000000000  4.000000000
 0.000000000 -3.254626336  0.000000000  4.000000000
 0.000000000 -3.254626336  0.000000000  4.000000000
 0.000000000 -3.254626335  0.000000000  4.000000000
 0.000000000 -3.254626339  0.000000000  4.000000000
 0.000000000 -3.254626338  0.000000000  4.000000000
 0.000000000 -3.254626338  0.000000000  4.000000000
 0.000000000 -3.254626337  0.000000000  4.000000000
 0.000000000 -3.254626336  0.000000000  4.000000000
 0.000000000 -3.254626335  0.000000000  4.000000000
 0.000000000 -3.254626335  0.000000000  4.000000000
 0.000000000 -3.254626338  0.000000000  4.000000000
 0.000000000 -3.254626338  0.000000000  4.000000000
 0.000000000 -3.254626337  0.000000000  4.000000000
 0.000000000 -3.254626336  0.000000000  4.000000000
 0.000000000 -3.254626338  0.000000000  4.000000000
 0.000000000 -3.254626338  0.000000000  4.000000000
 0.000000000 -3.254626337  0.000000000  4.000000000
 0.000000000 -3.254626337  0.000000000  4.000000000
 0.000000000 -3.254626336  0.000000000  4.000000000
 0.000000000 -3.254626338  0.000000000  4.000000000
 0.000000000 -3.254626338  0.000000000  4.000000000
 0.000000000 -3.254626337  0.000000000  4.000000000
 0.000000000 -3.254626338  0.000000000  4.000000000
 0.000000000  0.000000000  0.000000000  5.000000000
 0.000000000  0.000000000  0.000000000  5.000000000
 0.000000000  0.000000000  0.000000000  5.000000000
 0.000000000  0.000000000  0.000000000  5.000000000
 0.000000000  0.000000000  0.000000000  5.000000000
 0.000000000  0.000000000  0.000000000  5.000000000
 0.000000000  0.000000000  0.000000000  5.000000000
 0.000000000  0.000000000  0.000000000  5.000000000
 0.000000000  0.000000000  0.000000000  5.000000000
 0.000000000  0.000000000  0.000000000  5.000000000
 0.000000000  0.000000000  0.000000000  5.000000000
 0.000000000  0.000000000  0.000000000  5.000000000
 0.000000000  0.000000000  0.000000000  5.000000000
 0.000000000  0.000000000  0.000000000  5.000000000
 0.000000000  0.000000000  0.000000000  5.000000000
 0.000000000  0.000000000  0.000000000  5.000000000
 0.000000000  0.000000000  0.000000000  5.000000000
 0.000000000  0.000000000  0.000000000  5.000000000
 0.000000000  0.000000000  0.000000000  5.000000000
 0.000000000  0.000000000  0.000000000  5.000000000
 0.000000000  0.000000000  0.000000000  5.000000000
 0.000000000  0.000000000  0.000000000  5.000000000
 0.000000000  0.000000000  0.000000000  5.000000000
 0.000000000  0.000000000  0.000000000  5.000000000
 0.000000000  0.000000000  0.000000000  5.000000000
 0.000000000  0.000000000  0.000000000  5.000000000
 0.000000000  0.000000000  0.000000000  5.000000000
 0.000000000  0.000000000  0.000000000  5.000000000
 0.000000000  0.000000000  0.000000000  5.000000000
 0.000000000  0.000000000  0.000000000  5.000000000
 0.000000000  0.000000000  0.000000000  5.000000000
 0.000000000  0.000000000  0.000000000  5.000000000
 0.000000000  0.000000000  0.000000000  5.000000000
 0.000000000  0.000000000  0.000000000  5.000000000
 0.000000000  0.000000000  0.000000000  5.000000000
 0.000000000  0.000000000  0.000000000  5.000000000
 0.000000000  0.000000000  0.000000000  5.000000000
 0.000000000  0.000000000  0.000000000  5.000000000
 0.000000000  0.000000000  0.000000000  5.000000000
 0.000000000  0.000000000  0.000000000  5.000000000
 0.000000000  0.000000000  0.000000000  5.000000000
 0.000000000  0.000000000  0.000000000  5.000000000
 0.000000000  0.000000000  0.000000000  5.000000000
 0.000000000  0.000000000  0.000000000  5.000000000
 0.000000000  0.000000000  0.000000000  5.000000000
 0.000000000  0.000000000  0.000000000  5.000000000
 0.000000000  0.000000000  0.000000000  5.000000000
 0.000000000  0.000000000  0.000000000  5.000000000
 0.000000000  0.000000000  0.000000000  5.000000000
 0.000000000  0.000000000  0.000000000  5.000000000
 0.000000000  0.000000000  0.000000000  5.000000000
 0.000000000  0.000000000  0.000000000  5.000000000
 0.000000000  0.000000000  0.000000000  5.000000000
 0.000000000  0.000000000  0.000000000  5.000000000
 0.000000000  0.000000000  0.000000000  5.000000000
 0.000000000  0.000000000  0.000000000  5.000000000
 0.000000000  0.000000000  0.000000000  5.000000000
 0.000000000  0.000000000  0.000000000  5.000000000
 0.000000000  0.000000000  0.000000000  5.000000000
 0.000000000  0.000000000  0.000000000  5.000000000
 0.000000000  0.000000000  0.000000000  5.000000000
 0.000000000  0.000000000  0.000000000  5.000000000
 0.000000000  0.000000000  0.000000000  5.000000000
 0.000000000  0.000000000  0.000000000  5.000000000
 0.000000000  0.000000000  0.000000000  5.000000000
 0.000000000  0.000000000  0.000000000  5.000000000
 0.000000000  0.000000000  0.000000000  5.000000000
 0.000000000  0.000000000  0.000000000  5.000000000
 0.000000000  0.000000000  0.000000000  5.000000000
 0.000000000  0.000000000  0.000000000  5.000000000
 0.000000000  0.000000000  0.000000000  5.000000000
 0.000000000  0.000000000  0.000000000  5.000000000
 0.000000000  0.000000000  0.000000000  5.000000000
 0.000000000  0.000000000  0.000000000  5.000000000
 0.000000000  0.000000000  0.000000000  5.000000000
 0.000000000  0.000000000  0.000000000  5.000000000
 0.000000000  0.000000000  0.000000000  5.000000000
 0.000000000  0.000000000  0.000000000  5.000000000
 0.000000000  0.000000000  0.000000000  5.000000000
 0.000000000  0.000000000  0.000000000  5.000000000
 0.000000000  0.000000000  0.000000000  5.000000000
 0.000000000  0.000000000  0.000000000  5.000000000
 0.000000000  0.000000000  0.000000000  5.000000000
 0.000000000  0.000000000  0.000000000  5.000000000
 0.000000000  0.000000000  0.000000000  5.000000000
 0.000000000  0.000000000  0.000000000  5.000000000
 0.000000000  0.000000000  0.000000000  5.000000000
 0.000000000  0.000000000  0.000000000  5.000000000
 0.000000000  0.000000000  0.000000000  5.000000000
 0.000000000  0.000000000  0.000000000  5.000000000
 0.000000000  0.000000000  0.000000000  5.000000000
 0.000000000  0.000000000  0.000000000  5.000000000
 0.000000000  0.000000000  0.000000000  5.000000000
 0.000000000  0.000000000  0.000000000  5.000000000
 0.000000000  0.000000000  0.000000000  5.000000000
 0.000000000  0.000000000  0.000000000  5.000000000
 0.000000000  0.000000000  0.000000000  5.000000000
 0.000000000  0.000000000  0.000000000  5.000000000
 0.000000000  0.000000000  0.000000000  5.000000000
 0.000000000  0.000000000  0.000000000  5.000000000
 0.000000000  0.000000000  0.000000000  5.000000000
 0.000000000  0.000000000  0.000000000  5.000000000
 0.000000000  0.000000000  0.000000000  5.000000000
 0.000000000  0.000000000  0.000000000  5.000000000
 0.000000000  0.000000000  0.000000000  5.000000000
 0.000000000  0.000000000  0.000000000  5.000000000
 0.000000000  0.000000000  0.000000000  5.000000000
 0.000000000  0.000000000  0.000000000  5.000000000
 0.000000000  0.000000000  0.000000000  5.000000000
 0.000000000  0.000000000  0.000000000  5.000000000
 0.000000000  0.000000000  0.000000000  5.000000000
 0.000000000  0.000000000  0.000000000  5.000000000
 0.000000000  0.000000000  0.000000000  5.000000000
 0.000000000  0.000000000  0.000000000  5.000000000
 0.000000000  0.000000000  0.000000000  5.000000000
 0.000000000  0.000000000  0.000000000  5.000000000
 0.000000000  0.000000000  0.000000000  5.000000000
 0.000000000  0.000000000  0.000000000  5.000000000
 0.000000000  0.000000000  0.000000000  5.000000000
 0.000000000  0.000000000  0.000000000  5.000000000
 0.000000000  0.000000000  0.000000000  5.000000000
 0.000000000  0.000000000  0.000000000  5.000000000
 0.000000000  0.000000000  0.000000000  5.000000000
 0.000000000  0.000000000  0.000000000  5.000000000
 0.000000000  0.000000000  0.000000000  5.000000000
 0.000000000  0.000000000  0.000000000  5.000000000
 0.000000000  0.000000000  0.000000000  5.000000000
 0.000000000  0.000000000  0.000000000  5.000000000
 0.000000000  0.000000000  0.000000000  5.000000000
 0.000000000  0.000000000  0.000000000  5.000000000
 0.000000000  0.000000000  0.000000000  5.000000000
 0.000000000  0.000000000  0.000000000  5.000000000
 0.000000000  0.000000000  0.000000000  5.000000000
 0.000000000  0.000000000  0.000000000  5.000000000
 0.000000000  0.000000000  0.000000000  5.000000000
 0.000000000  0.000000000  0.000000000  5.000000000
 0.000000000  0.000000000  0.000000000  5.000000000
 0.000000000  0.000000000  0.000000000  5.000000000
 0.000000000  0.000000000  0.000000000  5.000000000
 0.000000000  0.000000000  0.000000000  5.000000000
 0.000000000  0.000000000  0.000000000  5.000000000
 0.000000000  0.000000000  0.000000000  5.000000000
 0.000000000  0.000000000  0.000000000  5.000000000
 0.000000000  0.000000000  0.000000000  5.000000000
 0.000000000  0.000000000  0.000000000  5.000000000
 0.000000000  0.000000000  0.000000000  5.000000000
 0.000000000  0.000000000  0.000000000  5.000000000
 0.000000000  0.000000000  0.000000000  5.000000000
 0.000000000  0.000000000  0.000000000  5.000000000
 0.000000000  0.000000000  0.000000000  5.000000000
 0.000000000  0.000000000  0.000000000  5.000000000
 0.000000000  0.000000000  0.000000000  5.000000000
 0.000000000  0.000000000  0.000000000  5.000000000
 0.000000000  0.000000000  0.000000000  5.000000000
 0.000000000  0.000000000  0.000000000  5.000000000
 0.000000000  0.000000000  0.000000000  5.000000000
 0.000000000  0.000000000  0.000000000  5.000000000
 0.000000000  0.000000000  0.000000000  5.000000000
 0.000000000  0.000000000  0.000000000  5.000000000
 0.000000000  0.000000000  0.000000000  5.000000000
 0.000000000  0.000000000  0.000000000  5.000000000
 0.000000000  0.000000000  0.000000000  5.000000000
 0.000000000  0.000000000  0.000000000  5.000000000
 0.000000000  0.000000000  0.000000000  5.000000000
 0.000000000  0.000000000  0.000000000  5.000000000
 0.000000000  0.000000000  0.000000000  5.000000000
 0.000000000  0.000000000  0.000000000  5.000000000
 0.000000000  0.000000000  0.000000000  5.000000000
 0.000000000  0.000000000  0.000000000  5.000000000
 0.000000000  0.000000000  0.000000000  5.000000000
 0.000000000  0.000000000  0.000000000  5.000000000
 0.000000000  0.000000000  0.000000000  5.000000000
 0.000000000  0.000000000  0.000000000  5.000000000
 0.000000000  0.000000000  0.000000000  5.000000000
 0.000000000  0.000000000  0.000000000  5.000000000
 0.000000000  0.000000000  0.000000000  5.000000000
 0.000000000  0.000000000  0.000000000  5.000000000
 0.000000000  0.000000000  0.000000000  5.000000000
 0.000000000  0.000000000  0.000000000  5.000000000
 0.000000000  0.000000000  0.000000000  5.000000000
 0.000000000  0.000000000  0.000000000  5.000000000
 0.000000000  0.000000000  0.000000000  5.000000000
 0.000000000  0.000000000  0.000000000  5.000000000
 0.000000000  0.000000000  0.000000000  5.000000000
 0.000000000  0.000000000  0.000000000  5.000000000
 0.000000000  0.000000000  0.000000000  5.000000000
 0.000000000  0.000000000  0.000000000  5.000000000
 0.000000000  0.000000000  0.000000000  5.000000000
 0.000000000  0.000000000  0.000000000  5.000000000
 0.000000000  0.000000000  0.000000000  5.000000000
 0.000000000  0.000000000  0.000000000  5.000000000
 0.000000000  0.000000000  0.000000000  5.000000000
