 1.4967192626 -0.5188486212  0.0000000000  1.0000000000
 1.5311780484 -0.5230433910  0.0000000000  1.0000000000
 1.4656692863 -0.5149952866  0.0000000000  1.0000000000
 1.5877734518 -0.5299575211  0.0000000000  1.0000000000
 1.5659398450 -0.5272756126  0.0000000000  1.0000000000
 1.5001177899 -0.5191890383  0.0000000000  1.0000000000
 1.4782645524 -0.5165042244  0.0000000000  1.0000000000
 1.4563589107 -0.5138127732  0.0000000000  1.0000000000
 1.3896177509 -0.5056079149  0.0000000000  1.0000000000
 1.6007077382 -0.5315090641  0.0000000000  1.0000000000
 1.5788053380 -0.5288182421  0.0000000000  1.0000000000
 1.5129010609 -0.5207211040  0.0000000000  1.0000000000
 1.4908707680 -0.5180140507  0.0000000000  1.0000000000
 1.4689573156 -0.5153218179  0.0000000000  1.0000000000
 1.4470021389 -0.5126241326  0.0000000000  1.0000000000
 1.3803356495 -0.5044291453  0.0000000000  1.0000000000
 1.3361253651 -0.4989948762  0.0000000000  1.0000000000
 1.5697828115 -0.5276721256  0.0000000000  1.0000000000
 1.5477595516 -0.5249660768  0.0000000000  1.0000000000
 1.5257560373 -0.5222624390  0.0000000000  1.0000000000
 1.4376574993 -0.5114369561  0.0000000000  1.0000000000
 1.4155197388 -0.5087163189  0.0000000000  1.0000000000
 1.3711261409 -0.5032593794  0.0000000000  1.0000000000
 1.6266224236 -0.5346177857  0.0000000000  1.0000000000
 1.6048170522 -0.5319389693  0.0000000000  1.0000000000
 1.5827736575 -0.5292306627  0.0000000000  1.0000000000
 1.5606920450 -0.5265175189  0.0000000000  1.0000000000
 1.5387182998 -0.5238175342  0.0000000000  1.0000000000
 1.5166901407 -0.5211107680  0.0000000000  1.0000000000
 1.4726077430 -0.5156938894  0.0000000000  1.0000000000
 1.4505304675 -0.5129809073  0.0000000000  1.0000000000
 1.4284090483 -0.5102621994  0.0000000000  1.0000000000
 1.4062566550 -0.5075395293  0.0000000000  1.0000000000
 1.3618572663 -0.5020820820  0.0000000000  1.0000000000
 1.3174982014 -0.4966298814  0.0000000000  1.0000000000
 1.6178874095 -0.5335075631  0.0000000000  1.0000000000
 1.5958765369 -0.5308031753  0.0000000000  1.0000000000
 1.5737591527 -0.5280856609  0.0000000000  1.0000000000
 1.5517111057 -0.5253765898  0.0000000000  1.0000000000
 1.4635125139 -0.5145384226  0.0000000000  1.0000000000
 1.3748374333 -0.5036397708  0.0000000000  1.0000000000
 1.3526265907 -0.5009095383  0.0000000000  1.0000000000
 1.3304195837 -0.4981801349  0.0000000000  1.0000000000
 1.6090707061 -0.5323871184  0.0000000000  1.0000000000
 1.5427740355 -0.5242411376  0.0000000000  1.0000000000
 1.5206894504 -0.5215272450  0.0000000000  1.0000000000
 1.4765168079 -0.5160988431  0.0000000000  1.0000000000
 1.3878620332 -0.5052028788  0.0000000000  1.0000000000
 1.3656109826 -0.5024678658  0.0000000000  1.0000000000
 1.3433987680 -0.4997374668  0.0000000000  1.0000000000
 1.3211852153 -0.4970072642  0.0000000000  1.0000000000
 1.2766563618 -0.4915341289  0.0000000000  1.0000000000
 1.6002505702 -0.5312662866  0.0000000000  1.0000000000
 1.5337921286 -0.5231001662  0.0000000000  1.0000000000
 1.4675009100 -0.5149533804  0.0000000000  1.0000000000
 1.4453769919 -0.5122343587  0.0000000000  1.0000000000
 1.4232441446 -0.5095142055  0.0000000000  1.0000000000
 1.4009768751 -0.5067772661  0.0000000000  1.0000000000
 1.3564378761 -0.5013026567  0.0000000000  1.0000000000
 1.2672252515 -0.4903368448  0.0000000000  1.0000000000
 1.6133590706 -0.5328399191  0.0000000000  1.0000000000
 1.5249521222 -0.5219766432  0.0000000000  1.0000000000
 1.4806740701 -0.5165350550  0.0000000000  1.0000000000
 1.4363910080 -0.5110926358  0.0000000000  1.0000000000
 1.4142792991 -0.5083750159  0.0000000000  1.0000000000
 1.3472521248 -0.5001360546  0.0000000000  1.0000000000
 1.3249871843 -0.4973992154  0.0000000000  1.0000000000
 1.3026253661 -0.4946503948  0.0000000000  1.0000000000
 1.2356554004 -0.4864183337  0.0000000000  1.0000000000
 1.5160875695 -0.5208500813  0.0000000000  1.0000000000
 1.4717544202 -0.5154016407  0.0000000000  1.0000000000
 1.4495921444 -0.5126778930  0.0000000000  1.0000000000
 1.3381320315 -0.4989776526  0.0000000000  1.0000000000
 1.3157502397 -0.4962262884  0.0000000000  1.0000000000
 1.2485254762 -0.4879627094  0.0000000000  1.0000000000
 1.5959258308 -0.5306237751  0.0000000000  1.0000000000
 1.5738735679 -0.5279139174  0.0000000000  1.0000000000
 1.5516406136 -0.5251818911  0.0000000000  1.0000000000
 1.5294402161 -0.5224539768  0.0000000000  1.0000000000
 1.4628570166 -0.5142710063  0.0000000000  1.0000000000
 1.4184296629 -0.5088105545  0.0000000000  1.0000000000
 1.3513873794 -0.5005697017  0.0000000000  1.0000000000
 1.3064812469 -0.4950493590  0.0000000000  1.0000000000
 1.5871597001 -0.5295096992  0.0000000000  1.0000000000
 1.5428800237 -0.5240682948  0.0000000000  1.0000000000
 1.4984682284 -0.5186105857  0.0000000000  1.0000000000
 1.4540519371 -0.5131519008  0.0000000000  1.0000000000
 1.4094862917 -0.5076741777  0.0000000000  1.0000000000
 1.3871943997 -0.5049342333  0.0000000000  1.0000000000
 1.3647596311 -0.5021763520  0.0000000000  1.0000000000
 1.3423718482 -0.4994244089  0.0000000000  1.0000000000
 1.2747818509 -0.4911151501  0.0000000000  1.0000000000
 1.2519375538 -0.4883062656  0.0000000000  1.0000000000
 1.2070787267 -0.4827916344  0.0000000000  1.0000000000
 1.4897522129 -0.5175024999  0.0000000000  1.0000000000
 1.4452709349 -0.5120357270  0.0000000000  1.0000000000
 1.4229851321 -0.5092966194  0.0000000000  1.0000000000
 1.3106884013 -0.4954922331  0.0000000000  1.0000000000
 1.5477688670 -0.5245952698  0.0000000000  1.0000000000
 1.5033804091 -0.5191404879  0.0000000000  1.0000000000
 1.4588381291 -0.5136664440  0.0000000000  1.0000000000
 1.4365646127 -0.5109288633  0.0000000000  1.0000000000
 1.4142348122 -0.5081842760  0.0000000000  1.0000000000
 1.3694395554 -0.5026779637  0.0000000000  1.0000000000
 1.3243028782 -0.4971290689  0.0000000000  1.0000000000
 1.3016417687 -0.4943430744  0.0000000000  1.0000000000
 1.2334097155 -0.4859538248  0.0000000000  1.0000000000
 1.4947909177 -0.5180479734  0.0000000000  1.0000000000
 1.4502039672 -0.5125683886  0.0000000000  1.0000000000
 1.4055320848 -0.5070779050  0.0000000000  1.0000000000
 1.3380980813 -0.4987884403  0.0000000000  1.0000000000
 1.2695822285 -0.4903640730  0.0000000000  1.0000000000
 1.1997933415 -0.4817806536  0.0000000000  1.0000000000
 1.4862147333 -0.5169572182  0.0000000000  1.0000000000
 1.4416530054 -0.5114807284  0.0000000000  1.0000000000
 1.3969336397 -0.5059843604  0.0000000000  1.0000000000
 1.3744651965 -0.5032224671  0.0000000000  1.0000000000
 1.4776565918 -0.5158688370  0.0000000000  1.0000000000
 1.3659097701 -0.5021343869  0.0000000000  1.0000000000
 1.3204270753 -0.4965425764  0.0000000000  1.0000000000
 1.2517132684 -0.4880937071  0.0000000000  1.0000000000
 1.4468571418 -0.5120471354  0.0000000000  1.0000000000
 1.4245555614 -0.5093061223  0.0000000000  1.0000000000
 1.3798721951 -0.5038142347  0.0000000000  1.0000000000
 1.3572094096 -0.5010282187  0.0000000000  1.0000000000
 1.2889563298 -0.4926370908  0.0000000000  1.0000000000
 1.3628677509 -0.5016518422  0.0000000000  1.0000000000
-4.5177081387 -1.4082652119  0.0000000000  2.0000000000
-4.3782099294 -1.3604288305  0.0000000000  2.0000000000
-4.4530180850 -1.3980371940  0.0000000000  2.0000000000
-4.3118165433 -1.3495849424  0.0000000000  2.0000000000
-4.3882817424 -1.3878393382  0.0000000000  2.0000000000
-4.2849695869 -1.3583827704  0.0000000000  2.0000000000
-4.1813488591 -1.3288314875  0.0000000000  2.0000000000
-4.0786394611 -1.2996244017  0.0000000000  2.0000000000
-4.1189540545 -1.3195159716  0.0000000000  2.0000000000
-3.8631106718 -1.2375908003  0.0000000000  2.0000000000
-3.8462447411 -1.2500683913  0.0000000000  2.0000000000
-3.8921492421 -1.2719612281  0.0000000000  2.0000000000
-3.4326824293 -1.1136754375  0.0000000000  2.0000000000
-3.6203076648 -1.2028972227  0.0000000000  2.0000000000
-3.4189524195 -1.1273316290  0.0000000000  2.0000000000
-3.2173632586 -1.0516566440  0.0000000000  2.0000000000
-3.1089772306 -1.0203854301  0.0000000000  2.0000000000
-3.0988637251 -1.0354007242  0.0000000000  2.0000000000
-3.0894720498 -1.0507335240  0.0000000000  2.0000000000
-2.7862677540 -0.9273778823  0.0000000000  2.0000000000
-2.8351255176 -0.9504438338  0.0000000000  2.0000000000
-2.9834242742 -1.0203617091  0.0000000000  2.0000000000
-2.8217595530 -0.9833146444  0.0000000000  2.0000000000
-2.5109412008 -0.8568239723  0.0000000000  2.0000000000
-2.6133473801 -0.9049556313  0.0000000000  2.0000000000
 0.5395642607  2.5983408174  0.0000000000  2.0000000000
-2.2958426105 -0.7948932405  0.0000000000  2.0000000000
-2.4526746814 -0.8683336646  0.0000000000  2.0000000000
 0.7442658771  2.3953122469  0.0000000000  2.0000000000
-2.1309155603 -0.7368968444  0.0000000000  2.0000000000
-2.1875344162 -0.7636351180  0.0000000000  2.0000000000
-2.2421960104 -0.7892621047  0.0000000000  2.0000000000
 0.6574851619  2.1596635892  0.0000000000  2.0000000000
-2.2413254299 -0.8079935704  0.0000000000  2.0000000000
-2.2933735918 -0.8320433916  0.0000000000  2.0000000000
 0.6462194586  1.9782984096  0.0000000000  2.0000000000
-2.1900299062 -0.8031473811  0.0000000000  2.0000000000
-2.2410586061 -0.8265366662  0.0000000000  2.0000000000
 0.8645119011  1.9598876155  0.0000000000  2.0000000000
 0.5557356103  1.7430964356  0.0000000000  2.0000000000
-1.9235877729 -0.6983436950  0.0000000000  2.0000000000
-2.0852712270 -0.7734448428  0.0000000000  2.0000000000
-2.1358900711 -0.7965331025  0.0000000000  2.0000000000
 0.7777087630  1.7233254410  0.0000000000  2.0000000000
 0.6180268524  1.6178306742  0.0000000000  2.0000000000
-1.7008482867 -0.6130779852  0.0000000000  2.0000000000
-1.8250736031 -0.6725875361  0.0000000000  2.0000000000
-1.5956467672 -0.5833521468  0.0000000000  2.0000000000
-1.8340683168 -0.6964210393  0.0000000000  2.0000000000
-1.9326474432 -0.7406574053  0.0000000000  2.0000000000
 0.8400494885  1.4101723957  0.0000000000  2.0000000000
 0.5970784547  1.2546725310  0.0000000000  2.0000000000
-1.8733057878 -0.7308141143  0.0000000000  2.0000000000
 0.6722864996  1.1201998556  0.0000000000  2.0000000000
 0.3975594667  0.9842547944  0.0000000000  2.0000000000
-1.2469344146 -0.4557456594  0.0000000000  2.0000000000
-1.3250318604 -0.4958461856  0.0000000000  2.0000000000
-1.5875330387 -0.6225572790  0.0000000000  2.0000000000
-0.4157114705 -0.1112998055  0.0000000000  2.0000000000
-0.4082544826 -0.1027224783  0.0000000000  2.0000000000
-0.8901126071 -0.2901493508  0.0000000000  2.0000000000
-0.9872225860 -0.3476617840  0.0000000000  2.0000000000
-1.0736366713 -0.3927561257  0.0000000000  2.0000000000
-1.1553122503 -0.4349865045  0.0000000000  2.0000000000
-1.4294868779 -0.5685959996  0.0000000000  2.0000000000
-1.5885884851 -0.6407966353  0.0000000000  2.0000000000
-1.6333916653 -0.6600631941  0.0000000000  2.0000000000
-1.6688685214 -0.6741862051  0.0000000000  2.0000000000
 0.8273687975  0.8469970309  0.0000000000  2.0000000000
 0.6518784769  0.7780569451  0.0000000000  2.0000000000
 0.3680260556  0.6377575654  0.0000000000  2.0000000000
-0.1623288025  0.1187310159  0.0000000000  2.0000000000
-0.4494886034 -0.0768841726  0.0000000000  2.0000000000
-0.6383560437 -0.1907921544  0.0000000000  2.0000000000
-0.8225258389 -0.2935574139  0.0000000000  2.0000000000
-1.5378982742 -0.6356044199  0.0000000000  2.0000000000
-0.3616547393 -0.1056520583  0.0000000000  2.0000000000
 0.1762266619  0.3137192041  0.0000000000  2.0000000000
-0.5685288555 -0.1897645493  0.0000000000  2.0000000000
-1.1985915656 -0.5066975779  0.0000000000  2.0000000000
-1.3584506564 -0.5765059227  0.0000000000  2.0000000000
-1.4116002288 -0.5998903916  0.0000000000  2.0000000000
-1.5028415739 -0.6332132669  0.0000000000  2.0000000000
-1.5251800056 -0.6401971712  0.0000000000  2.0000000000
-0.3344053191 -0.1027812603  0.0000000000  2.0000000000
-0.3267214253 -0.0940982382  0.0000000000  2.0000000000
 0.8159610673  0.4560209195  0.0000000000  2.0000000000
 0.5279158009  0.4250224833  0.0000000000  2.0000000000
-0.2256695958 -0.0424018071  0.0000000000  2.0000000000
-0.9874661105 -0.4333026805  0.0000000000  2.0000000000
-1.3935694682 -0.6064259279  0.0000000000  2.0000000000
-0.3071162029 -0.0998989073  0.0000000000  2.0000000000
 0.8027376896  0.3000303941  0.0000000000  2.0000000000
-0.0656206116 -0.0098062533  0.0000000000  2.0000000000
-0.3419854169 -0.1491002712  0.0000000000  2.0000000000
-1.3242249392 -0.5904459303  0.0000000000  2.0000000000
-0.2953812813 -0.1145857817  0.0000000000  2.0000000000
-0.2797259482 -0.0969955871  0.0000000000  2.0000000000
 0.4907242701  0.1670718769  0.0000000000  2.0000000000
 0.2968624252  0.0898417571  0.0000000000  2.0000000000
-0.0028720742 -0.0252624119  0.0000000000  2.0000000000
-1.2575482593 -0.5709832791  0.0000000000  2.0000000000
-0.2680241627 -0.1117000812  0.0000000000  2.0000000000
 0.7082842436  0.0684337687  0.0000000000  2.0000000000
-0.3869132366 -0.2437023318  0.0000000000  2.0000000000
-0.4639083658 -0.2745413783  0.0000000000  2.0000000000
-0.6119861309 -0.3425419573  0.0000000000  2.0000000000
-0.8788688044 -0.4528139195  0.0000000000  2.0000000000
-0.9369783015 -0.4772867354  0.0000000000  2.0000000000
-1.0754497988 -0.5294383759  0.0000000000  2.0000000000
-1.1149873648 -0.5428238871  0.0000000000  2.0000000000
-1.1822943282 -0.5513759507  0.0000000000  2.0000000000
-1.1731765498 -0.5438375538  0.0000000000  2.0000000000
-0.2489381924 -0.1176916827  0.0000000000  2.0000000000
-0.2409128548 -0.1088396179  0.0000000000  2.0000000000
-0.2324262006 -0.0998785182  0.0000000000  2.0000000000
-0.2245403305 -0.0910809520  0.0000000000  2.0000000000
 0.4200282911  0.0348724362  0.0000000000  2.0000000000
 0.1181282973 -0.0583045260  0.0000000000  2.0000000000
-0.3927839061 -0.2726942994  0.0000000000  2.0000000000
-0.8106901715 -0.4464686121  0.0000000000  2.0000000000
-1.0559353265 -0.5315892251  0.0000000000  2.0000000000
-1.0915388931 -0.5336959852  0.0000000000  2.0000000000
-0.2328508897 -0.1244443089  0.0000000000  2.0000000000
-0.2211331606 -0.1146705809  0.0000000000  2.0000000000
-0.2048919591 -0.0969109044  0.0000000000  2.0000000000
 0.1733144409 -0.0728826523  0.0000000000  2.0000000000
-0.0070530541 -0.1460575145  0.0000000000  2.0000000000
-0.5470599549 -0.3642711833  0.0000000000  2.0000000000
-0.6179399254 -0.3923739844  0.0000000000  2.0000000000
-0.8751150782 -0.4833525698  0.0000000000  2.0000000000
-0.9580715474 -0.5117530923  0.0000000000  2.0000000000
-1.0122578325 -0.5037755357  0.0000000000  2.0000000000
-0.1840847532 -0.1024868107  0.0000000000  2.0000000000
 0.2290559070 -0.0873862622  0.0000000000  2.0000000000
-0.0331987440 -0.1898679991  0.0000000000  2.0000000000
-0.7706147675 -0.4661716089  0.0000000000  2.0000000000
-0.8896119966 -0.5002203959  0.0000000000  2.0000000000
-0.9036850582 -0.5010632045  0.0000000000  2.0000000000
-0.9085159025 -0.4691328636  0.0000000000  2.0000000000
 0.3732617031 -0.0689567028  0.0000000000  2.0000000000
-0.1440344168 -0.2640314237  0.0000000000  2.0000000000
-0.3603329762 -0.3418216401  0.0000000000  2.0000000000
-0.8212435816 -0.4890771163  0.0000000000  2.0000000000
-0.8709957854 -0.4900225318  0.0000000000  2.0000000000
-0.8723049963 -0.4763529183  0.0000000000  2.0000000000
-0.7995505065 -0.4325071750  0.0000000000  2.0000000000
-0.1767150551 -0.1359320498  0.0000000000  2.0000000000
-0.1560347809 -0.1238896904  0.0000000000  2.0000000000
-0.1409067866 -0.1132760783  0.0000000000  2.0000000000
-0.5441671267 -0.4240559697  0.0000000000  2.0000000000
-0.7379336895 -0.4213228082  0.0000000000  2.0000000000
-0.2346214077 -0.1817868126  0.0000000000  2.0000000000
-0.1241939936 -0.1198785085  0.0000000000  2.0000000000
 0.3805920972 -0.1280275252  0.0000000000  2.0000000000
 0.2089376032 -0.1920653658  0.0000000000  2.0000000000
-0.1743755306 -0.3248109757  0.0000000000  2.0000000000
-0.4804430453 -0.4189480427  0.0000000000  2.0000000000
-0.7128592371 -0.4721620426  0.0000000000  2.0000000000
-0.7357677896 -0.4651289588  0.0000000000  2.0000000000
-0.7362421652 -0.4503280104  0.0000000000  2.0000000000
-0.6966515321 -0.4218638271  0.0000000000  2.0000000000
-0.6583433070 -0.3991085717  0.0000000000  2.0000000000
-0.1264710635 -0.1380923985  0.0000000000  2.0000000000
 0.1783647920 -0.2353232926  0.0000000000  2.0000000000
 0.0281611658 -0.2842984567  0.0000000000  2.0000000000
-0.1817773428 -0.3499368086  0.0000000000  2.0000000000
-0.5128837725 -0.4405441461  0.0000000000  2.0000000000
-0.6762679201 -0.4557784196  0.0000000000  2.0000000000
-0.5485552094 -0.3623740301  0.0000000000  2.0000000000
-0.3078477096 -0.2488746998  0.0000000000  2.0000000000
-0.2824510673 -0.2357032805  0.0000000000  2.0000000000
-0.2047763521 -0.1958259595  0.0000000000  2.0000000000
-0.1799103153 -0.1827895349  0.0000000000  2.0000000000
-0.1556374215 -0.1698773782  0.0000000000  2.0000000000
-0.0498635767 -0.1091708199  0.0000000000  2.0000000000
 0.3891154552 -0.1922377258  0.0000000000  2.0000000000
 0.0065227459 -0.3173958420  0.0000000000  2.0000000000
-0.2514445938 -0.3865734927  0.0000000000  2.0000000000
-0.5684886917 -0.4546533195  0.0000000000  2.0000000000
-0.6100263467 -0.4221164440  0.0000000000  2.0000000000
-0.5923758377 -0.4110933858  0.0000000000  2.0000000000
-0.1630086098 -0.1892979295  0.0000000000  2.0000000000
-0.1147228113 -0.1635603910  0.0000000000  2.0000000000
-0.0913763827 -0.1508953432  0.0000000000  2.0000000000
 0.3554792509 -0.2345826469  0.0000000000  2.0000000000
 0.2782621569 -0.2603357669  0.0000000000  2.0000000000
-0.4327619551 -0.4361150756  0.0000000000  2.0000000000
-0.5263689215 -0.4461290774  0.0000000000  2.0000000000
-0.5635567483 -0.4442217008  0.0000000000  2.0000000000
-0.5671643368 -0.4280897181  0.0000000000  2.0000000000
-0.5579090740 -0.4195802040  0.0000000000  2.0000000000
-0.4596588459 -0.3555828631  0.0000000000  2.0000000000
-0.3830400006 -0.3161006834  0.0000000000  2.0000000000
-0.3571101348 -0.3028377743  0.0000000000  2.0000000000
-0.3005630116 -0.2752462962  0.0000000000  2.0000000000
-0.2734187469 -0.2616992441  0.0000000000  2.0000000000
-0.1953430471 -0.2217832738  0.0000000000  2.0000000000
-0.1204035988 -0.1825785395  0.0000000000  2.0000000000
 0.0423000383 -0.3506270729  0.0000000000  2.0000000000
-0.0236483896 -0.3656564158  0.0000000000  2.0000000000
-0.2531665158 -0.4167505699  0.0000000000  2.0000000000
-0.3082089446 -0.2946896339  0.0000000000  2.0000000000
 0.4431645040 -0.2760108567  0.0000000000  2.0000000000
 0.2958202271 -0.3164259311  0.0000000000  2.0000000000
-0.2432735014 -0.4195178233  0.0000000000  2.0000000000
-0.4755699749 -0.4287400309  0.0000000000  2.0000000000
-0.4064300923 -0.3714784921  0.0000000000  2.0000000000
-0.3482776795 -0.3364773404  0.0000000000  2.0000000000
-0.2066025458 -0.2598209641  0.0000000000  2.0000000000
-0.1313575658 -0.2205402440  0.0000000000  2.0000000000
 0.0529480186 -0.1197149015  0.0000000000  2.0000000000
-0.0391367607 -0.4001253075  0.0000000000  2.0000000000
-0.1481833181 -0.4127179667  0.0000000000  2.0000000000
-0.3243621867 -0.4312083392  0.0000000000  2.0000000000
-0.3570035231 -0.4321996840  0.0000000000  2.0000000000
-0.4155922383 -0.4262050014  0.0000000000  2.0000000000
-0.4283508233 -0.4227912119  0.0000000000  2.0000000000
-0.4156594913 -0.4059894361  0.0000000000  2.0000000000
-0.3871578133 -0.3852139125  0.0000000000  2.0000000000
-0.0392240213 -0.1877631132  0.0000000000  2.0000000000
 0.0068917419 -0.1625394699  0.0000000000  2.0000000000
 0.0292706633 -0.1500943633  0.0000000000  2.0000000000
 0.1269243055 -0.3880181643  0.0000000000  2.0000000000
 0.0121651733 -0.4047904762  0.0000000000  2.0000000000
-0.3799550481 -0.4235986232  0.0000000000  2.0000000000
-0.2403516209 -0.3180286837  0.0000000000  2.0000000000
-0.1780055058 -0.2815363617  0.0000000000  2.0000000000
 0.0036242801 -0.1809786244  0.0000000000  2.0000000000
 0.0935940865 -0.1311027389  0.0000000000  2.0000000000
 0.4345418644 -0.3557570294  0.0000000000  2.0000000000
 0.2362818052 -0.3885363280  0.0000000000  2.0000000000
-0.2346625140 -0.4264387468  0.0000000000  2.0000000000
-0.3151449483 -0.4212149017  0.0000000000  2.0000000000
-0.3318754816 -0.4029862497  0.0000000000  2.0000000000
-0.2898478036 -0.3707163469  0.0000000000  2.0000000000
-0.2444686099 -0.3447241153  0.0000000000  2.0000000000
-0.1882050326 -0.3094051903  0.0000000000  2.0000000000
-0.0859871699 -0.2486958587  0.0000000000  2.0000000000
-0.0416505642 -0.2237745581  0.0000000000  2.0000000000
 0.0242027618 -0.1866232288  0.0000000000  2.0000000000
 0.6162000388 -0.3705847556  0.0000000000  2.0000000000
 0.4138673663 -0.3834849592  0.0000000000  2.0000000000
 0.2219450587 -0.4040052874  0.0000000000  2.0000000000
 0.0459954728 -0.4156187753  0.0000000000  2.0000000000
-0.2649295117 -0.4227581930  0.0000000000  2.0000000000
-0.3012220698 -0.4161609919  0.0000000000  2.0000000000
-0.3465304330 -0.4178711349  0.0000000000  2.0000000000
-0.0776239267 -0.2646861907  0.0000000000  2.0000000000
-0.0374103408 -0.2406118384  0.0000000000  2.0000000000
 0.0254365328 -0.2040754340  0.0000000000  2.0000000000
 0.8300395043 -0.4088283668  0.0000000000  2.0000000000
 0.3249103872 -0.4076815618  0.0000000000  2.0000000000
-0.0699838404 -0.4210257091  0.0000000000  2.0000000000
-0.1153371845 -0.4225816724  0.0000000000  2.0000000000
 0.1544841661 -0.1481537473  0.0000000000  2.0000000000
 0.4930534046 -0.4062799292  0.0000000000  2.0000000000
 0.4304025753 -0.4124290212  0.0000000000  2.0000000000
 0.3686870736 -0.4168435211  0.0000000000  2.0000000000
 0.0193908997 -0.4215336476  0.0000000000  2.0000000000
-0.0882144709 -0.4217312862  0.0000000000  2.0000000000
-0.1357445544 -0.4220915040  0.0000000000  2.0000000000
 0.8719281734 -0.4231937929  0.0000000000  2.0000000000
 0.5991329025 -0.4170065031  0.0000000000  2.0000000000
 0.2919433692 -0.4313040889  0.0000000000  2.0000000000
 0.2324303172 -0.4264294245  0.0000000000  2.0000000000
-0.0094634437 -0.4193863752  0.0000000000  2.0000000000
-0.0694238505 -0.4215483139  0.0000000000  2.0000000000
-0.1086407957 -0.4212421930  0.0000000000  2.0000000000
-0.1648454218 -0.4226979347  0.0000000000  2.0000000000
 0.7736974544 -0.4300838547  0.0000000000  2.0000000000
 0.5749088771 -0.4328988940  0.0000000000  2.0000000000
 0.8100441700 -0.4425072578  0.0000000000  2.0000000000
 0.4925975314 -0.4471635559  0.0000000000  2.0000000000
 1.0992836276 -0.4693029524  0.0000000000  2.0000000000
 0.9057023929 -0.4531147703  0.0000000000  2.0000000000
 0.7137914449 -0.4534874634  0.0000000000  2.0000000000
 0.6516427603 -0.4556045242  0.0000000000  2.0000000000
 0.8112141734 -0.4631668853  0.0000000000  2.0000000000
 1.0984325935 -0.4724781099  0.0000000000  2.0000000000
 0.9710059608 -0.4681199157  0.0000000000  2.0000000000
 1.3205547745 -0.4948717698  0.0000000000  2.0000000000
 1.1313964942 -0.4794196595  0.0000000000  2.0000000000
 1.1636597341 -0.4840993879  0.0000000000  2.0000000000
 1.2586942814 -0.4930712841  0.0000000000  2.0000000000
 1.1333276960 -0.4865234177  0.0000000000  2.0000000000
 1.5667313479 -0.5175848325  0.0000000000  2.0000000000
 1.4465779299 -0.5097817205  0.0000000000  2.0000000000
 1.4793046736 -0.5139846896  0.0000000000  2.0000000000
 1.2973758017 -0.5031428032  0.0000000000  2.0000000000
 1.6611385370 -0.5293350306  0.0000000000  2.0000000000
 1.6053672367 -0.5258351902  0.0000000000  2.0000000000
 1.4880862130 -0.5184924850  0.0000000000  2.0000000000
 1.6393101073 -0.5299432942  0.0000000000  2.0000000000
 1.7259855261 -0.5373343554  0.0000000000  2.0000000000
 1.8476997708 -0.5488902783  0.0000000000  2.0000000000
 1.6909157660 -0.5391840616  0.0000000000  2.0000000000
 1.7794809548 -0.5466892215  0.0000000000  2.0000000000
 1.9679593241 -0.5603433413  0.0000000000  2.0000000000
 1.9166890644 -0.5571690591  0.0000000000  2.0000000000
 1.9516566873 -0.5613407879  0.0000000000  2.0000000000
 1.8498347147 -0.5550794215  0.0000000000  2.0000000000
 1.7479969577 -0.5488179885  0.0000000000  2.0000000000
 1.9198461417 -0.5634210921  0.0000000000  2.0000000000
 1.8185248104 -0.5572028517  0.0000000000  2.0000000000
 1.8537145233 -0.5613842866  0.0000000000  2.0000000000
 1.8031017501 -0.5582703120  0.0000000000  2.0000000000
 1.8887121158 -0.5655435998  0.0000000000  2.0000000000
-0.1999852685 -0.4225499619  0.0000000000  3.0000000000
-0.3032596963 -0.4221920164  0.0000000000  3.0000000000
-0.3312760740 -0.4227686535  0.0000000000  3.0000000000
-0.3635458312 -0.4228957049  0.0000000000  3.0000000000
-0.1100036833 -0.4232452428  0.0000000000  3.0000000000
-0.2104793919 -0.4233161322  0.0000000000  3.0000000000
-0.3401453763 -0.4239280481  0.0000000000  3.0000000000
-0.4025230618 -0.4244493928  0.0000000000  3.0000000000
-0.4955742594 -0.4252421425  0.0000000000  3.0000000000
 0.0522578411 -0.4219611745  0.0000000000  3.0000000000
-0.0241057710 -0.4227945540  0.0000000000  3.0000000000
-0.1648078813 -0.4237436748  0.0000000000  3.0000000000
-0.2641266491 -0.4240584018  0.0000000000  3.0000000000
-0.4533460330 -0.4254730920  0.0000000000  3.0000000000
-0.4845560164 -0.4257268995  0.0000000000  3.0000000000
 0.0558691020 -0.4225945899  0.0000000000  3.0000000000
-0.0845741310 -0.4237503952  0.0000000000  3.0000000000
-0.1193914590 -0.4239996601  0.0000000000  3.0000000000
-0.1529787229 -0.4241099259  0.0000000000  3.0000000000
-0.4108614029 -0.4257082461  0.0000000000  3.0000000000
-0.4422197043 -0.4259584306  0.0000000000  3.0000000000
 0.1317104770 -0.4225324387  0.0000000000  3.0000000000
 0.0982340198 -0.4227965424  0.0000000000  3.0000000000
-0.0036045155 -0.4235901709  0.0000000000  3.0000000000
-0.0391083358 -0.4239122066  0.0000000000  3.0000000000
-0.0735743139 -0.4241430069  0.0000000000  3.0000000000
-0.1416402715 -0.4245643858  0.0000000000  3.0000000000
-0.1751954622 -0.4247366870  0.0000000000  3.0000000000
-0.2077825494 -0.4248919064  0.0000000000  3.0000000000
-0.2728943471 -0.4252626224  0.0000000000  3.0000000000
-0.3049462883 -0.4254775003  0.0000000000  3.0000000000
-0.3367890522 -0.4257027779  0.0000000000  3.0000000000
-0.4624492899 -0.4266979597  0.0000000000  3.0000000000
 0.0727448351 -0.4235369467  0.0000000000  3.0000000000
-0.0632286972 -0.4245819583  0.0000000000  3.0000000000
-0.1306878786 -0.4250065449  0.0000000000  3.0000000000
-0.2935868145 -0.4259674916  0.0000000000  3.0000000000
-0.3254454349 -0.4262008625  0.0000000000  3.0000000000
-0.3570456244 -0.4264354784  0.0000000000  3.0000000000
-0.5138028858 -0.4276846139  0.0000000000  3.0000000000
 0.1810920127 -0.4232557545  0.0000000000  3.0000000000
-0.0189725353 -0.4247692091  0.0000000000  3.0000000000
-0.0527894603 -0.4250149589  0.0000000000  3.0000000000
-0.0864412376 -0.4252367009  0.0000000000  3.0000000000
-0.1528056779 -0.4256439168  0.0000000000  3.0000000000
-0.1854108199 -0.4258443527  0.0000000000  3.0000000000
-0.2178151625 -0.4260380778  0.0000000000  3.0000000000
-0.3145694774 -0.4266806224  0.0000000000  3.0000000000
-0.3775216252 -0.4271603877  0.0000000000  3.0000000000
-0.4404946277 -0.4276617519  0.0000000000  3.0000000000
 0.2225959730 -0.4234830968  0.0000000000  3.0000000000
 0.1900062456 -0.4237229436  0.0000000000  3.0000000000
 0.1247567750 -0.4242032891  0.0000000000  3.0000000000
-0.0759866973 -0.4256800271  0.0000000000  3.0000000000
-0.1090237278 -0.4258931470  0.0000000000  3.0000000000
-0.1417384650 -0.4261043340  0.0000000000  3.0000000000
-0.1743389601 -0.4263102492  0.0000000000  3.0000000000
-0.2066138912 -0.4265223186  0.0000000000  3.0000000000
-0.3665751962 -0.4276459558  0.0000000000  3.0000000000
-0.4609073959 -0.4283999971  0.0000000000  3.0000000000
 0.0004665697 -0.4256673545  0.0000000000  3.0000000000
-0.0325462687 -0.4258999265  0.0000000000  3.0000000000
-0.0655547319 -0.4261275293  0.0000000000  3.0000000000
-0.0984447608 -0.4263467026  0.0000000000  3.0000000000
-0.1312092255 -0.4265613980  0.0000000000  3.0000000000
-0.1959122808 -0.4269922417  0.0000000000  3.0000000000
-0.2278742908 -0.4272145625  0.0000000000  3.0000000000
-0.3241996037 -0.4278844303  0.0000000000  3.0000000000
-0.4813351674 -0.4291329253  0.0000000000  3.0000000000
 0.1426010328 -0.4251389732  0.0000000000  3.0000000000
 0.0433328372 -0.4258769123  0.0000000000  3.0000000000
 0.0104141744 -0.4261158382  0.0000000000  3.0000000000
-0.0224753254 -0.4263502733  0.0000000000  3.0000000000
-0.0552517670 -0.4265779820  0.0000000000  3.0000000000
-0.1529624173 -0.4272433870  0.0000000000  3.0000000000
-0.1852015005 -0.4274630819  0.0000000000  3.0000000000
-0.3131361670 -0.4283710862  0.0000000000  3.0000000000
-0.3448850800 -0.4286081492  0.0000000000  3.0000000000
-0.3763782664 -0.4288556694  0.0000000000  3.0000000000
-0.4392960225 -0.4293629529  0.0000000000  3.0000000000
 0.2491366442 -0.4248902081  0.0000000000  3.0000000000
 0.1842699829 -0.4253665964  0.0000000000  3.0000000000
 0.1190992077 -0.4258445419  0.0000000000  3.0000000000
 0.0861915848 -0.4260880261  0.0000000000  3.0000000000
 0.0532393698 -0.4263315523  0.0000000000  3.0000000000
-0.0122898087 -0.4268037018  0.0000000000  3.0000000000
-0.0775538208 -0.4272584265  0.0000000000  3.0000000000
-0.1100293418 -0.4274843205  0.0000000000  3.0000000000
-0.1423755584 -0.4277072981  0.0000000000  3.0000000000
-0.1745711614 -0.4279334457  0.0000000000  3.0000000000
-0.2066212278 -0.4281614222  0.0000000000  3.0000000000
-0.2385427502 -0.4283891719  0.0000000000  3.0000000000
-0.2706340623 -0.4286157800  0.0000000000  3.0000000000
-0.3024071264 -0.4288492099  0.0000000000  3.0000000000
-0.3340838874 -0.4290905017  0.0000000000  3.0000000000
 0.2581400525 -0.4253567514  0.0000000000  3.0000000000
 0.0956927303 -0.4265539384  0.0000000000  3.0000000000
 0.0631572486 -0.4267895913  0.0000000000  3.0000000000
 0.0304032890 -0.4270277087  0.0000000000  3.0000000000
-0.0022250224 -0.4272596294  0.0000000000  3.0000000000
-0.0347146654 -0.4274852149  0.0000000000  3.0000000000
-0.0671647432 -0.4277152908  0.0000000000  3.0000000000
-0.1319251390 -0.4281766877  0.0000000000  3.0000000000
-0.1641015306 -0.4284058426  0.0000000000  3.0000000000
-0.1961066554 -0.4286353314  0.0000000000  3.0000000000
-0.2280140184 -0.4288639874  0.0000000000  3.0000000000
-0.2599439315 -0.4290953356  0.0000000000  3.0000000000
-0.4180187404 -0.4303267978  0.0000000000  3.0000000000
-0.4803363126 -0.4308213843  0.0000000000  3.0000000000
 0.1702388803 -0.4265403723  0.0000000000  3.0000000000
 0.0728695404 -0.4272555430  0.0000000000  3.0000000000
 0.0078438090 -0.4277144731  0.0000000000  3.0000000000
-0.0245259336 -0.4279449215  0.0000000000  3.0000000000
-0.0892020199 -0.4284135491  0.0000000000  3.0000000000
-0.2175610098 -0.4293404930  0.0000000000  3.0000000000
-0.2494008978 -0.4295744142  0.0000000000  3.0000000000
-0.2811103839 -0.4298131772  0.0000000000  3.0000000000
-0.3444257906 -0.4303030572  0.0000000000  3.0000000000
 0.2440397106 -0.4265276422  0.0000000000  3.0000000000
 0.0502677142 -0.4279564512  0.0000000000  3.0000000000
-0.1113041538 -0.4291225637  0.0000000000  3.0000000000
-0.1433448344 -0.4293540881  0.0000000000  3.0000000000
-0.2071473959 -0.4298191397  0.0000000000  3.0000000000
-0.2705531102 -0.4302936516  0.0000000000  3.0000000000
-0.3968559029 -0.4312892425  0.0000000000  3.0000000000
 0.1891697224 -0.4274737328  0.0000000000  3.0000000000
 0.1247621335 -0.4279540435  0.0000000000  3.0000000000
 0.0924792303 -0.4281933177  0.0000000000  3.0000000000
-0.1330338574 -0.4298284861  0.0000000000  3.0000000000
-0.1648621401 -0.4300624116  0.0000000000  3.0000000000
-0.1966963094 -0.4302975313  0.0000000000  3.0000000000
-0.2284942084 -0.4305372307  0.0000000000  3.0000000000
-0.3549655491 -0.4315210350  0.0000000000  3.0000000000
-0.3863884447 -0.4317690224  0.0000000000  3.0000000000
 0.0379263783 -0.4291328952  0.0000000000  3.0000000000
-0.1545941950 -0.4305420491  0.0000000000  3.0000000000
-0.2181964066 -0.4310197730  0.0000000000  3.0000000000
-0.3130150531 -0.4317560532  0.0000000000  3.0000000000
 0.1121169108 -0.4291280743  0.0000000000  3.0000000000
 0.0800371400 -0.4293683207  0.0000000000  3.0000000000
-0.0163456834 -0.4300769168  0.0000000000  3.0000000000
-0.0804572529 -0.4305479812  0.0000000000  3.0000000000
-0.2395665054 -0.4317468564  0.0000000000  3.0000000000
 0.0258073921 -0.4303132378  0.0000000000  3.0000000000
-0.0702123792 -0.4310249749  0.0000000000  3.0000000000
-0.1976403576 -0.4319839968  0.0000000000  3.0000000000
-0.3237104939 -0.4329543205  0.0000000000  3.0000000000
-0.0280580713 -0.4312623261  0.0000000000  3.0000000000
-0.1237898963 -0.4319829348  0.0000000000  3.0000000000
-0.1874252437 -0.4324638076  0.0000000000  3.0000000000
-0.3198068018  2.8831698695  0.0000000000  4.0000000000
-0.3207556606  2.8832443323  0.0000000000  4.0000000000
-0.3202384218  2.8832037422  0.0000000000  4.0000000000
-0.3203970496  2.8832161907  0.0000000000  4.0000000000
-0.3205552265  2.8832286038  0.0000000000  4.0000000000
-0.3210319057  2.8832660117  0.0000000000  4.0000000000
-0.3213495914  2.8832909425  0.0000000000  4.0000000000
-0.3215071368  2.8833033060  0.0000000000  4.0000000000
-0.3198794987  2.8831755760  0.0000000000  4.0000000000
-0.3201968783  2.8832004828  0.0000000000  4.0000000000
-0.3205135124  2.8832253310  0.0000000000  4.0000000000
-0.3208304935  2.8832502065  0.0000000000  4.0000000000
-0.3209894268  2.8832626789  0.0000000000  4.0000000000
-0.3211475752  2.8832750898  0.0000000000  4.0000000000
-0.3216219090  2.8833123137  0.0000000000  4.0000000000
-0.3196798296  2.8831599075  0.0000000000  4.0000000000
-0.3198385163  2.8831723607  0.0000000000  4.0000000000
-0.3206299538  2.8832344697  0.0000000000  4.0000000000
-0.3207879273  2.8832468668  0.0000000000  4.0000000000
-0.3211036278  2.8832716418  0.0000000000  4.0000000000
-0.3196384976  2.8831566647  0.0000000000  4.0000000000
-0.3204298660  2.8832187683  0.0000000000  4.0000000000
-0.3205874087  2.8832311317  0.0000000000  4.0000000000
-0.3210599264  2.8832682131  0.0000000000  4.0000000000
-0.3213768231  2.8832930819  0.0000000000  4.0000000000
-0.3215357738  2.8833055558  0.0000000000  4.0000000000
-0.3194404325  2.8831411221  0.0000000000  4.0000000000
-0.3195978744  2.8831534776  0.0000000000  4.0000000000
-0.3200724249  2.8831907185  0.0000000000  4.0000000000
-0.3203878592  2.8832154726  0.0000000000  4.0000000000
-0.3210176407  2.8832648954  0.0000000000  4.0000000000
-0.3211746667  2.8832772182  0.0000000000  4.0000000000
-0.3193991983  2.8831378870  0.0000000000  4.0000000000
-0.3195568480  2.8831502588  0.0000000000  4.0000000000
-0.3197157411  2.8831627281  0.0000000000  4.0000000000
-0.3201883644  2.8831998178  0.0000000000  4.0000000000
-0.3203457301  2.8832121673  0.0000000000  4.0000000000
-0.3206603703  2.8832368590  0.0000000000  4.0000000000
-0.3211317791  2.8832738534  0.0000000000  4.0000000000
-0.3216070255  2.8833111489  0.0000000000  4.0000000000
-0.3195150192  2.8831469770  0.0000000000  4.0000000000
-0.3199888980  2.8831841652  0.0000000000  4.0000000000
-0.3207753903  2.8832458862  0.0000000000  4.0000000000
-0.3209320346  2.8832581790  0.0000000000  4.0000000000
-0.3212475114  2.8832829364  0.0000000000  4.0000000000
-0.3191621466  2.8831192857  0.0000000000  4.0000000000
-0.3194731187  2.8831436896  0.0000000000  4.0000000000
-0.3201040731  2.8831932045  0.0000000000  4.0000000000
-0.3208900857  2.8832548878  0.0000000000  4.0000000000
-0.3210468776  2.8832671922  0.0000000000  4.0000000000
-0.3213633921  2.8832920311  0.0000000000  4.0000000000
-0.3216772292  2.8833166598  0.0000000000  4.0000000000
-0.3194310889  2.8831403921  0.0000000000  4.0000000000
-0.3195465305  2.8831494523  0.0000000000  4.0000000000
-0.3198619907  2.8831742084  0.0000000000  4.0000000000
-0.3200192781  2.8831865517  0.0000000000  4.0000000000
-0.3203335938  2.8832112180  0.0000000000  4.0000000000
-0.3204909184  2.8832235643  0.0000000000  4.0000000000
-0.3206481004  2.8832358993  0.0000000000  4.0000000000
-0.3211211443  2.8832730220  0.0000000000  4.0000000000
-0.3212793176  2.8832854348  0.0000000000  4.0000000000
-0.3193463017  2.8831337399  0.0000000000  4.0000000000
-0.3195035577  2.8831460808  0.0000000000  4.0000000000
-0.3198199708  2.8831709116  0.0000000000  4.0000000000
-0.3204485610  2.8832202410  0.0000000000  4.0000000000
-0.3209213707  2.8832573453  0.0000000000  4.0000000000
-0.3212369451  2.8832821104  0.0000000000  4.0000000000
-0.3213937158  2.8832944131  0.0000000000  4.0000000000
-0.3197766224  2.8831675106  0.0000000000  4.0000000000
-0.3199343666  2.8831798898  0.0000000000  4.0000000000
-0.3200914745  2.8831922190  0.0000000000  4.0000000000
-0.3205636931  2.8832292769  0.0000000000  4.0000000000
-0.3194181929  2.8831393833  0.0000000000  4.0000000000
-0.3198910286  2.8831764896  0.0000000000  4.0000000000
-0.3202061147  2.8832012164  0.0000000000  4.0000000000
-0.3203638922  2.8832135981  0.0000000000  4.0000000000
-0.3206794670  2.8832383632  0.0000000000  4.0000000000
-0.3193760211  2.8831360746  0.0000000000  4.0000000000
-0.3195327870  2.8831483770  0.0000000000  4.0000000000
-0.3204796432  2.8832226826  0.0000000000  4.0000000000
-0.3198054517  2.8831697754  0.0000000000  4.0000000000
 0.0000000000  0.0000000000 -2.1139418180  5.0000000000
 0.0000000000  0.0000000000 -2.1139418187  5.0000000000
 0.0000000000  0.0000000000 -2.1139418181  5.0000000000
 0.0000000000  0.0000000000 -2.1139418190  5.0000000000
 0.0000000000  0.0000000000 -2.1139418181  5.0000000000
 0.0000000000  0.0000000000 -2.1139418178  5.0000000000
 0.0000000000  0.0000000000 -2.1139418169  5.0000000000
 0.0000000000  0.0000000000 -2.1139418160  5.0000000000
 0.0000000000  0.0000000000 -2.1139418191  5.0000000000
 0.0000000000  0.0000000000 -2.1139418188  5.0000000000
 0.0000000000  0.0000000000 -2.1139418185  5.0000000000
 0.0000000000  0.0000000000 -2.1139418176  5.0000000000
 0.0000000000  0.0000000000 -2.1139418173  5.0000000000
 0.0000000000  0.0000000000 -2.1139418174  5.0000000000
 0.0000000000  0.0000000000 -2.1139418171  5.0000000000
 0.0000000000  0.0000000000 -2.1139418168  5.0000000000
 0.0000000000  0.0000000000 -2.1139418159  5.0000000000
 0.0000000000  0.0000000000 -2.1139418156  5.0000000000
 0.0000000000  0.0000000000 -2.1139418153  5.0000000000
 0.0000000000  0.0000000000 -2.1139418184  5.0000000000
 0.0000000000  0.0000000000 -2.1139418180  5.0000000000
 0.0000000000  0.0000000000 -2.1139418162  5.0000000000
 0.0000000000  0.0000000000 -2.1139418150  5.0000000000
 0.0000000000  0.0000000000 -2.1139418147  5.0000000000
 0.0000000000  0.0000000000 -2.1139418200  5.0000000000
 0.0000000000  0.0000000000 -2.1139418190  5.0000000000
 0.0000000000  0.0000000000 -2.1139418187  5.0000000000
 0.0000000000  0.0000000000 -2.1139418184  5.0000000000
 0.0000000000  0.0000000000 -2.1139418178  5.0000000000
 0.0000000000  0.0000000000 -2.1139418175  5.0000000000
 0.0000000000  0.0000000000 -2.1139418169  5.0000000000
 0.0000000000  0.0000000000 -2.1139418163  5.0000000000
 0.0000000000  0.0000000000 -2.1139418151  5.0000000000
 0.0000000000  0.0000000000 -2.1139418136  5.0000000000
 0.0000000000  0.0000000000 -2.1139418203  5.0000000000
 0.0000000000  0.0000000000 -2.1139418200  5.0000000000
 0.0000000000  0.0000000000 -2.1139418197  5.0000000000
 0.0000000000  0.0000000000 -2.1139418182  5.0000000000
 0.0000000000  0.0000000000 -2.1139418179  5.0000000000
 0.0000000000  0.0000000000 -2.1139418173  5.0000000000
 0.0000000000  0.0000000000 -2.1139418170  5.0000000000
 0.0000000000  0.0000000000 -2.1139418164  5.0000000000
 0.0000000000  0.0000000000 -2.1139418158  5.0000000000
 0.0000000000  0.0000000000 -2.1139418155  5.0000000000
 0.0000000000  0.0000000000 -2.1139418137  5.0000000000
 0.0000000000  0.0000000000 -2.1139418195  5.0000000000
 0.0000000000  0.0000000000 -2.1139418192  5.0000000000
 0.0000000000  0.0000000000 -2.1139418186  5.0000000000
 0.0000000000  0.0000000000 -2.1139418174  5.0000000000
 0.0000000000  0.0000000000 -2.1139418164  5.0000000000
 0.0000000000  0.0000000000 -2.1139418161  5.0000000000
 0.0000000000  0.0000000000 -2.1139418158  5.0000000000
 0.0000000000  0.0000000000 -2.1139418155  5.0000000000
 0.0000000000  0.0000000000 -2.1139418149  5.0000000000
 0.0000000000  0.0000000000 -2.1139418146  5.0000000000
 0.0000000000  0.0000000000 -2.1139418143  5.0000000000
 0.0000000000  0.0000000000 -2.1139418137  5.0000000000
 0.0000000000  0.0000000000 -2.1139418134  5.0000000000
 0.0000000000  0.0000000000 -2.1139418199  5.0000000000
 0.0000000000  0.0000000000 -2.1139418193  5.0000000000
 0.0000000000  0.0000000000 -2.1139418186  5.0000000000
 0.0000000000  0.0000000000 -2.1139418183  5.0000000000
 0.0000000000  0.0000000000 -2.1139418177  5.0000000000
 0.0000000000  0.0000000000 -2.1139418174  5.0000000000
 0.0000000000  0.0000000000 -2.1139418171  5.0000000000
 0.0000000000  0.0000000000 -2.1139418162  5.0000000000
 0.0000000000  0.0000000000 -2.1139418159  5.0000000000
 0.0000000000  0.0000000000 -2.1139418153  5.0000000000
 0.0000000000  0.0000000000 -2.1139418147  5.0000000000
 0.0000000000  0.0000000000 -2.1139418144  5.0000000000
 0.0000000000  0.0000000000 -2.1139418193  5.0000000000
 0.0000000000  0.0000000000 -2.1139418184  5.0000000000
 0.0000000000  0.0000000000 -2.1139418181  5.0000000000
 0.0000000000  0.0000000000 -2.1139418178  5.0000000000
 0.0000000000  0.0000000000 -2.1139418175  5.0000000000
 0.0000000000  0.0000000000 -2.1139418169  5.0000000000
 0.0000000000  0.0000000000 -2.1139418163  5.0000000000
 0.0000000000  0.0000000000 -2.1139418160  5.0000000000
 0.0000000000  0.0000000000 -2.1139418157  5.0000000000
 0.0000000000  0.0000000000 -2.1139418145  5.0000000000
 0.0000000000  0.0000000000 -2.1139418142  5.0000000000
 0.0000000000  0.0000000000 -2.1139418185  5.0000000000
 0.0000000000  0.0000000000 -2.1139418173  5.0000000000
 0.0000000000  0.0000000000 -2.1139418170  5.0000000000
 0.0000000000  0.0000000000 -2.1139418167  5.0000000000
 0.0000000000  0.0000000000 -2.1139418163  5.0000000000
 0.0000000000  0.0000000000 -2.1139418160  5.0000000000
 0.0000000000  0.0000000000 -2.1139418157  5.0000000000
 0.0000000000  0.0000000000 -2.1139418151  5.0000000000
 0.0000000000  0.0000000000 -2.1139418148  5.0000000000
 0.0000000000  0.0000000000 -2.1139418145  5.0000000000
 0.0000000000  0.0000000000 -2.1139418139  5.0000000000
 0.0000000000  0.0000000000 -2.1139418195  5.0000000000
 0.0000000000  0.0000000000 -2.1139418185  5.0000000000
 0.0000000000  0.0000000000 -2.1139418173  5.0000000000
 0.0000000000  0.0000000000 -2.1139418167  5.0000000000
 0.0000000000  0.0000000000 -2.1139418164  5.0000000000
 0.0000000000  0.0000000000 -2.1139418158  5.0000000000
 0.0000000000  0.0000000000 -2.1139418155  5.0000000000
 0.0000000000  0.0000000000 -2.1139418152  5.0000000000
 0.0000000000  0.0000000000 -2.1139418149  5.0000000000
 0.0000000000  0.0000000000 -2.1139418146  5.0000000000
 0.0000000000  0.0000000000 -2.1139418143  5.0000000000
 0.0000000000  0.0000000000 -2.1139418137  5.0000000000
 0.0000000000  0.0000000000 -2.1139418134  5.0000000000
 0.0000000000  0.0000000000 -2.1139418189  5.0000000000
 0.0000000000  0.0000000000 -2.1139418180  5.0000000000
 0.0000000000  0.0000000000 -2.1139418168  5.0000000000
 0.0000000000  0.0000000000 -2.1139418165  5.0000000000
 0.0000000000  0.0000000000 -2.1139418159  5.0000000000
 0.0000000000  0.0000000000 -2.1139418150  5.0000000000
 0.0000000000  0.0000000000 -2.1139418144  5.0000000000
 0.0000000000  0.0000000000 -2.1139418126  5.0000000000
 0.0000000000  0.0000000000 -2.1139418117  5.0000000000
 0.0000000000  0.0000000000 -2.1139418184  5.0000000000
 0.0000000000  0.0000000000 -2.1139418175  5.0000000000
 0.0000000000  0.0000000000 -2.1139418172  5.0000000000
 0.0000000000  0.0000000000 -2.1139418159  5.0000000000
 0.0000000000  0.0000000000 -2.1139418156  5.0000000000
 0.0000000000  0.0000000000 -2.1139418153  5.0000000000
 0.0000000000  0.0000000000 -2.1139418150  5.0000000000
 0.0000000000  0.0000000000 -2.1139418147  5.0000000000
 0.0000000000  0.0000000000 -2.1139418144  5.0000000000
 0.0000000000  0.0000000000 -2.1139418141  5.0000000000
 0.0000000000  0.0000000000 -2.1139418138  5.0000000000
 0.0000000000  0.0000000000 -2.1139418120  5.0000000000
 0.0000000000  0.0000000000 -2.1139418188  5.0000000000
 0.0000000000  0.0000000000 -2.1139418178  5.0000000000
 0.0000000000  0.0000000000 -2.1139418169  5.0000000000
 0.0000000000  0.0000000000 -2.1139418163  5.0000000000
 0.0000000000  0.0000000000 -2.1139418151  5.0000000000
 0.0000000000  0.0000000000 -2.1139418148  5.0000000000
 0.0000000000  0.0000000000 -2.1139418145  5.0000000000
 0.0000000000  0.0000000000 -2.1139418142  5.0000000000
 0.0000000000  0.0000000000 -2.1139418139  5.0000000000
 0.0000000000  0.0000000000 -2.1139418136  5.0000000000
 0.0000000000  0.0000000000 -2.1139418133  5.0000000000
 0.0000000000  0.0000000000 -2.1139418121  5.0000000000
 0.0000000000  0.0000000000 -2.1139418112  5.0000000000
 0.0000000000  0.0000000000 -2.1139418161  5.0000000000
 0.0000000000  0.0000000000 -2.1139418155  5.0000000000
 0.0000000000  0.0000000000 -2.1139418146  5.0000000000
 0.0000000000  0.0000000000 -2.1139418143  5.0000000000
 0.0000000000  0.0000000000 -2.1139418140  5.0000000000
 0.0000000000  0.0000000000 -2.1139418121  5.0000000000
 0.0000000000  0.0000000000 -2.1139418112  5.0000000000
 0.0000000000  0.0000000000 -2.1139418109  5.0000000000
 0.0000000000  0.0000000000 -2.1139418180  5.0000000000
 0.0000000000  0.0000000000 -2.1139418174  5.0000000000
 0.0000000000  0.0000000000 -2.1139418162  5.0000000000
 0.0000000000  0.0000000000 -2.1139418149  5.0000000000
 0.0000000000  0.0000000000 -2.1139418146  5.0000000000
 0.0000000000  0.0000000000 -2.1139418137  5.0000000000
 0.0000000000  0.0000000000 -2.1139418134  5.0000000000
 0.0000000000  0.0000000000 -2.1139418131  5.0000000000
 0.0000000000  0.0000000000 -2.1139418128  5.0000000000
 0.0000000000  0.0000000000 -2.1139418122  5.0000000000
 0.0000000000  0.0000000000 -2.1139418165  5.0000000000
 0.0000000000  0.0000000000 -2.1139418159  5.0000000000
 0.0000000000  0.0000000000 -2.1139418153  5.0000000000
 0.0000000000  0.0000000000 -2.1139418144  5.0000000000
 0.0000000000  0.0000000000 -2.1139418138  5.0000000000
 0.0000000000  0.0000000000 -2.1139418132  5.0000000000
 0.0000000000  0.0000000000 -2.1139418129  5.0000000000
 0.0000000000  0.0000000000 -2.1139418123  5.0000000000
 0.0000000000  0.0000000000 -2.1139418120  5.0000000000
 0.0000000000  0.0000000000 -2.1139418114  5.0000000000
 0.0000000000  0.0000000000 -2.1139418166  5.0000000000
 0.0000000000  0.0000000000 -2.1139418163  5.0000000000
 0.0000000000  0.0000000000 -2.1139418157  5.0000000000
 0.0000000000  0.0000000000 -2.1139418151  5.0000000000
 0.0000000000  0.0000000000 -2.1139418126  5.0000000000
 0.0000000000  0.0000000000 -2.1139418120  5.0000000000
 0.0000000000  0.0000000000 -2.1139418103  5.0000000000
 0.0000000000  0.0000000000 -2.1139418148  5.0000000000
 0.0000000000  0.0000000000 -2.1139418142  5.0000000000
 0.0000000000  0.0000000000 -2.1139418124  5.0000000000
 0.0000000000  0.0000000000 -2.1139418121  5.0000000000
 0.0000000000  0.0000000000 -2.1139418118  5.0000000000
 0.0000000000  0.0000000000 -2.1139418106  5.0000000000
 0.0000000000  0.0000000000 -2.1139418155  5.0000000000
 0.0000000000  0.0000000000 -2.1139418146  5.0000000000
 0.0000000000  0.0000000000 -2.1139418143  5.0000000000
 0.0000000000  0.0000000000 -2.1139418118  5.0000000000
 0.0000000000  0.0000000000 -2.1139418150  5.0000000000
 0.0000000000  0.0000000000 -2.1139418131  5.0000000000
 0.0000000000  0.0000000000 -2.1139418122  5.0000000000
 0.0000000000  0.0000000000 -2.1139418116  5.0000000000
 0.0000000000  0.0000000000 -2.1139418144  5.0000000000
 0.0000000000  0.0000000000 -2.1139418141  5.0000000000
 0.0000000000  0.0000000000 -2.1139418126  5.0000000000
 0.0000000000  0.0000000000 -2.1139418137  5.0000000000
